-100.0000 -100.0000
0.8360 0.0000
0.7306 0.0000
0.8383 0.0000
0.7985 0.0000
0.5063 0.0000
0.5856 0.0000
0.7976 0.0000
0.7410 0.0000
0.6784 0.0000
0.7492 0.0000
1.0850 0.0000
0.9947 0.0000
1.1133 0.0000
0.7969 0.0000
0.9812 0.0000
0.8080 0.0000
1.0127 0.0000
0.8243 0.0000
0.9067 0.0000
0.9752 0.0000
0.4805 0.0000
0.5260 0.0000
0.7846 0.0000
0.7445 0.0000
0.5938 0.0000
0.3422 0.0000
0.4137 0.0000
0.7667 0.0000
0.7386 0.0000
0.9212 0.0000
0.4846 0.0000
0.7258 0.0000
0.3087 0.0000
0.6651 0.0000
0.5290 0.0000
0.4388 0.0000
0.6492 0.0000
0.7707 0.0000
0.5674 0.0000
0.5751 0.0000
0.9135 0.0000
0.7360 0.0000
0.7579 0.0000
0.7320 0.0000
0.8970 0.0000
0.8718 0.0000
1.0319 0.0000
0.8513 0.0000
0.8900 0.0000
0.8077 0.0000
0.4223 0.0000
0.5433 0.0000
0.4941 0.0000
0.7150 0.0000
0.7186 0.0000
0.2760 0.0000
0.7109 0.0000
0.6110 0.0000
0.6037 0.0000
0.4804 0.0000
0.3011 0.0000
