0.28880 0.00000
0.10440 0.00000
0.49290 0.00000
0.50730 0.00000
0.45890 0.00000
-1.15070 0.00000
0.43930 0.00000
0.53020 0.00000
0.28960 0.00000
0.16840 0.00000
0.21210 0.00000
0.00970 0.00000
0.16490 0.00000
0.04060 0.00000
-0.05540 0.00000
-0.76850 0.00000
0.53810 0.00000
0.46520 0.00000
0.34280 0.00000
-1.50980 0.00000
0.56440 0.00000
0.56410 0.00000
0.67580 0.00000
0.44620 0.00000
-1.47510 0.00000
0.42160 0.00000
0.22280 0.00000
0.54100 0.00000
0.35360 0.00000
0.35570 0.00000
0.57880 0.00000
0.35020 0.00000
0.26170 0.00000
0.14700 0.00000
0.35410 0.00000
0.08300 0.00000
0.08570 0.00000
0.34600 0.00000
0.51760 0.00000
0.60700 0.00000
0.34080 0.00000
0.54100 0.00000
-1.18970 0.00000
0.00120 0.00000
0.27690 0.00000
0.12840 0.00000
0.20900 0.00000
0.13550 0.00000
-0.17800 0.00000
-0.13990 0.00000
0.29900 0.00000
0.36390 0.00000
-0.10670 0.00000
0.24360 0.00000
0.18890 0.00000
0.23960 0.00000
0.06980 0.00000
-1.35750 0.00000
0.31930 0.00000
-1.03930 0.00000
0.23100 0.00000
0.49860 0.00000
0.34010 0.00000
0.24400 0.00000
-1.22460 0.00000
0.29990 0.00000
0.32310 0.00000
0.38710 0.00000
0.28720 0.00000
0.36080 0.00000
0.16160 0.00000
0.08720 0.00000
-1.40080 0.00000
-0.44380 0.00000
0.43340 0.00000
-1.95520 0.00000
0.19320 0.00000
-0.23930 0.00000
0.17570 0.00000
0.15000 0.00000
0.25130 0.00000
-1.08210 0.00000
0.33110 0.00000
0.39110 0.00000
0.34600 0.00000
0.36300 0.00000
-0.03360 0.00000
0.28730 0.00000
0.31630 0.00000
0.01560 0.00000
0.73770 0.00000
0.65130 0.00000
0.84940 0.00000
0.78910 0.00000
0.57170 0.00000
0.70840 0.00000
0.59460 0.00000
0.36270 0.00000
0.74410 0.00000
0.72150 0.00000
1.08690 0.00000
0.79860 0.00000
0.94420 0.00000
0.74680 0.00000
0.73540 0.00000
1.00780 0.00000
0.86360 0.00000
0.95600 0.00000
0.83790 0.00000
0.63220 0.00000
1.24460 0.00000
1.07280 0.00000
0.19930 0.00000
0.77430 0.00000
0.73290 0.00000
0.59200 0.00000
0.87180 0.00000
0.78690 0.00000
0.79410 0.00000
-0.27610 0.00000
0.34300 0.00000
0.58860 0.00000
0.51600 0.00000
0.48520 0.00000
0.62630 0.00000
0.32700 0.00000
-0.10230 0.00000
-0.40620 0.00000
0.50420 0.00000
0.49130 0.00000
0.66000 0.00000
0.66080 0.00000
-0.88940 0.00000
0.45040 0.00000
0.40900 0.00000
0.41270 0.00000
0.59490 0.00000
0.82390 0.00000
0.38680 0.00000
0.42510 0.00000
0.75590 0.00000
0.71820 0.00000
0.65930 0.00000
0.51090 0.00000
0.38980 0.00000
0.47480 0.00000
0.23340 0.00000
0.38500 0.00000
0.58250 0.00000
0.54350 0.00000
0.72300 0.00000
0.21260 0.00000
0.70170 0.00000
-0.23040 0.00000
0.43690 0.00000
0.40060 0.00000
0.44270 0.00000
0.53780 0.00000
-0.38130 0.00000
0.57360 0.00000
0.59110 0.00000
0.63070 0.00000
0.60900 0.00000
0.35430 0.00000
0.68920 0.00000
0.33140 0.00000
0.44220 0.00000
0.55990 0.00000
0.60510 0.00000
0.57530 0.00000
0.69780 0.00000
0.53580 0.00000
0.38130 0.00000
0.54610 0.00000
0.80980 0.00000
0.43190 0.00000
0.64730 0.00000
0.54540 0.00000
0.59780 0.00000
0.74810 0.00000
0.82920 0.00000
0.49110 0.00000
0.56050 0.00000
0.44910 0.00000
0.47920 0.00000
0.39100 0.00000
0.63390 0.00000
-0.13860 0.00000
0.27270 0.00000
0.67010 0.00000
0.43200 0.00000
0.60130 0.00000
0.48390 0.00000
0.68920 0.00000
-0.48180 0.00000
0.58830 0.00000
0.50930 0.00000
0.23340 0.00000
-0.82800 0.00000
-1.15700 0.00000
-0.49830 0.00000
-0.48050 0.00000
-0.74640 0.00000
0.32400 0.00000
0.41690 0.00000
0.48560 0.00000
0.25120 0.00000
0.69300 0.00000
0.23050 0.00000
0.39890 0.00000
0.42720 0.00000
0.29330 0.00000
0.32250 0.00000
0.73810 0.00000
0.52760 0.00000
0.33580 0.00000
0.34680 0.00000
0.46020 0.00000
0.55230 0.00000
0.41960 0.00000
0.40270 0.00000
0.46000 0.00000
0.29970 0.00000
0.47890 0.00000
0.52920 0.00000
0.04920 0.00000
0.07520 0.00000
0.36890 0.00000
0.36310 0.00000
0.40370 0.00000
-0.98760 0.00000
0.30540 0.00000
0.44180 0.00000
0.19850 0.00000
0.21450 0.00000
0.48140 0.00000
-2.01080 0.00000
0.18960 0.00000
0.16170 0.00000
0.21200 0.00000
0.35270 0.00000
0.33920 0.00000
0.13790 0.00000
0.29330 0.00000
0.08130 0.00000
-0.03730 0.00000
0.54260 0.00000
0.53390 0.00000
0.43680 0.00000
0.29080 0.00000
0.12420 0.00000
0.46650 0.00000
0.47430 0.00000
0.43240 0.00000
-0.89610 0.00000
0.48010 0.00000
0.56280 0.00000
0.35470 0.00000
0.24940 0.00000
0.28430 0.00000
0.11240 0.00000
0.24350 0.00000
0.13800 0.00000
0.06030 0.00000
-0.39140 0.00000
0.56890 0.00000
0.50430 0.00000
0.40000 0.00000
-0.95320 0.00000
0.33950 0.00000
0.33540 0.00000
0.44690 0.00000
0.22000 0.00000
-1.67920 0.00000
-0.01190 0.00000
-0.23440 0.00000
0.11960 0.00000
-0.08810 0.00000
-0.09380 0.00000
0.15710 0.00000
-0.10380 0.00000
-0.19390 0.00000
-0.33130 0.00000
-0.09360 0.00000
-0.40590 0.00000
-0.40910 0.00000
-0.09910 0.00000
0.09510 0.00000
0.19360 0.00000
-0.11550 0.00000
0.11300 0.00000
-2.23610 0.00000
-0.42710 0.00000
-0.13050 0.00000
-0.29480 0.00000
-0.19990 0.00000
-0.27490 0.00000
-0.63010 0.00000
-0.57930 0.00000
-0.11170 0.00000
-0.04150 0.00000
-0.54810 0.00000
-0.16430 0.00000
-0.21770 0.00000
-0.16730 0.00000
-0.35380 0.00000
-2.45250 0.00000
-0.24580 0.00000
-2.23620 0.00000
-0.26970 0.00000
0.02660 0.00000
-0.14050 0.00000
-0.25230 0.00000
-2.48380 0.00000
-0.20840 0.00000
-0.18330 0.00000
-0.11630 0.00000
-0.22730 0.00000
-0.14220 0.00000
-0.35590 0.00000
-0.45370 0.00000
-3.06810 0.00000
-1.20320 0.00000
-0.11030 0.00000
-3.89750 0.00000
-0.68710 0.00000
-1.33130 0.00000
-0.70990 0.00000
-0.75020 0.00000
-0.60290 0.00000
-3.31020 0.00000
-0.52560 0.00000
-0.45370 0.00000
-0.49310 0.00000
-0.50370 0.00000
-1.08470 0.00000
-0.58950 0.00000
-0.55600 0.00000
-1.39860 0.00000
0.02810 0.00000
-0.07810 0.00000
0.16780 0.00000
0.08750 0.00000
-0.18690 0.00000
0.00060 0.00000
-0.14860 0.00000
-0.83980 0.00000
0.06270 0.00000
0.03730 0.00000
0.45460 0.00000
0.12470 0.00000
0.29930 0.00000
0.05690 0.00000
0.04570 0.00000
0.36280 0.00000
0.20050 0.00000
0.31110 0.00000
0.17050 0.00000
-0.07340 0.00000
0.62510 0.00000
0.44170 0.00000
-1.10780 0.00000
0.09400 0.00000
0.04590 0.00000
-0.13740 0.00000
0.20960 0.00000
0.09810 0.00000
0.11210 0.00000
-1.87150 0.00000
-0.16780 0.00000
0.12900 0.00000
0.03310 0.00000
-0.00070 0.00000
0.16510 0.00000
-0.17760 0.00000
-0.89080 0.00000
-1.27780 0.00000
0.19590 0.00000
0.17510 0.00000
0.35190 0.00000
0.35490 0.00000
-1.43650 0.00000
0.13890 0.00000
0.09580 0.00000
0.10530 0.00000
0.28750 0.00000
0.51530 0.00000
0.07630 0.00000
0.11040 0.00000
0.45200 0.00000
0.40990 0.00000
0.35190 0.00000
0.20010 0.00000
0.07650 0.00000
0.16640 0.00000
-0.08180 0.00000
0.07580 0.00000
0.27120 0.00000
0.23460 0.00000
0.45880 0.00000
-0.12730 0.00000
0.43650 0.00000
-0.76800 0.00000
0.12980 0.00000
0.08680 0.00000
0.13790 0.00000
0.24830 0.00000
-0.93760 0.00000
0.25370 0.00000
0.26920 0.00000
0.31680 0.00000
0.28950 0.00000
-0.02580 0.00000
0.37880 0.00000
-0.05240 0.00000
0.09200 0.00000
0.22690 0.00000
0.28170 0.00000
0.25070 0.00000
0.38760 0.00000
0.20000 0.00000
0.00780 0.00000
0.21770 0.00000
0.52200 0.00000
0.07680 0.00000
0.33770 0.00000
0.21560 0.00000
0.27700 0.00000
0.44740 0.00000
0.54930 0.00000
0.14520 0.00000
0.22820 0.00000
0.09690 0.00000
0.12880 0.00000
0.02400 0.00000
0.32130 0.00000
-0.62280 0.00000
-0.05810 0.00000
0.39750 0.00000
0.11800 0.00000
0.30800 0.00000
0.19180 0.00000
0.41970 0.00000
-1.03950 0.00000
0.44550 0.00000
0.36630 0.00000
0.05440 0.00000
-0.97540 0.00000
-1.78020 0.00000
-0.98150 0.00000
-0.93740 0.00000
-1.24370 0.00000
-0.07150 0.00000
0.04500 0.00000
0.12520 0.00000
-0.15730 0.00000
0.38600 0.00000
-0.19010 0.00000
0.02490 0.00000
0.04980 0.00000
-0.12810 0.00000
-0.08780 0.00000
0.44390 0.00000
0.18070 0.00000
-0.05940 0.00000
-0.03060 0.00000
0.10290 0.00000
0.21310 0.00000
0.03740 0.00000
0.02360 0.00000
0.10320 0.00000
-0.12420 0.00000
0.12090 0.00000
0.19570 0.00000
-0.41960 0.00000
-0.38800 0.00000
-0.01440 0.00000
-0.02060 0.00000
0.02990 0.00000
-1.56090 0.00000
-0.05290 0.00000
0.11030 0.00000
-0.18560 0.00000
-0.16780 0.00000
0.15380 0.00000
-2.76690 0.00000
-0.19660 0.00000
-0.24430 0.00000
-0.17960 0.00000
-0.00400 0.00000
-0.02370 0.00000
-0.28200 0.00000
-0.06610 0.00000
-0.33330 0.00000
-0.49010 0.00000
0.23520 0.00000
0.21360 0.00000
0.10770 0.00000
0.28680 0.00000
0.13260 0.00000
0.45170 0.00000
0.45960 0.00000
0.41800 0.00000
-1.29830 0.00000
0.46260 0.00000
0.53730 0.00000
0.34990 0.00000
0.25240 0.00000
0.28480 0.00000
0.12600 0.00000
0.24400 0.00000
0.15130 0.00000
0.07870 0.00000
-0.68980 0.00000
0.54900 0.00000
0.49310 0.00000
0.39380 0.00000
-1.35440 0.00000
0.56810 0.00000
0.56800 0.00000
0.65950 0.00000
0.47720 0.00000
-1.33470 0.00000
0.25070 0.00000
0.07790 0.00000
0.36050 0.00000
0.20290 0.00000
0.19590 0.00000
0.39530 0.00000
0.19260 0.00000
0.11520 0.00000
0.00870 0.00000
0.19900 0.00000
-0.04410 0.00000
-0.04360 0.00000
0.18670 0.00000
0.34270 0.00000
0.41740 0.00000
0.19030 0.00000
0.35920 0.00000
-1.82390 0.00000
0.09750 0.00000
0.30340 0.00000
0.17340 0.00000
0.24570 0.00000
0.19870 0.00000
-0.04020 0.00000
-0.01940 0.00000
0.31690 0.00000
0.36670 0.00000
0.00150 0.00000
0.27800 0.00000
0.23420 0.00000
0.27830 0.00000
0.14010 0.00000
-1.50020 0.00000
0.24540 0.00000
-1.34650 0.00000
0.19760 0.00000
0.41540 0.00000
0.29190 0.00000
0.20700 0.00000
-1.53560 0.00000
0.13310 0.00000
0.14550 0.00000
0.20170 0.00000
0.11680 0.00000
0.17220 0.00000
0.01200 0.00000
-0.07050 0.00000
-1.95610 0.00000
-0.45280 0.00000
0.34520 0.00000
-2.09810 0.00000
0.12540 0.00000
-0.26190 0.00000
0.11600 0.00000
0.09500 0.00000
0.17050 0.00000
-1.21650 0.00000
0.31400 0.00000
0.36170 0.00000
0.32780 0.00000
0.34040 0.00000
0.01950 0.00000
0.27670 0.00000
0.30610 0.00000
-0.14250 0.00000
0.57360 0.00000
0.49480 0.00000
0.67650 0.00000
0.62290 0.00000
0.41790 0.00000
0.54470 0.00000
0.43700 0.00000
0.19160 0.00000
0.66810 0.00000
0.64850 0.00000
0.94030 0.00000
0.71340 0.00000
0.82530 0.00000
0.67240 0.00000
0.66110 0.00000
0.87560 0.00000
0.76480 0.00000
0.83230 0.00000
0.74270 0.00000
0.57910 0.00000
1.06770 0.00000
0.92820 0.00000
0.03660 0.00000
0.68390 0.00000
0.65140 0.00000
0.54140 0.00000
0.76230 0.00000
0.69620 0.00000
0.70010 0.00000
-0.41630 0.00000
0.31970 0.00000
0.52670 0.00000
0.46440 0.00000
0.44270 0.00000
0.55670 0.00000
0.30860 0.00000
-0.24310 0.00000
-0.52690 0.00000
0.46700 0.00000
0.45390 0.00000
0.59000 0.00000
0.59070 0.00000
-0.98980 0.00000
0.42430 0.00000
0.38910 0.00000
0.39810 0.00000
0.53850 0.00000
0.72160 0.00000
0.37320 0.00000
0.40560 0.00000
0.67010 0.00000
0.63820 0.00000
0.59000 0.00000
0.47260 0.00000
0.37010 0.00000
0.43970 0.00000
0.25380 0.00000
0.37220 0.00000
0.53120 0.00000
0.49640 0.00000
0.78180 0.00000
0.28630 0.00000
0.76070 0.00000
-0.43140 0.00000
0.46190 0.00000
0.43060 0.00000
0.47240 0.00000
0.57100 0.00000
-0.59880 0.00000
0.68360 0.00000
0.69270 0.00000
0.73290 0.00000
0.71130 0.00000
0.45490 0.00000
0.78990 0.00000
0.42900 0.00000
0.53780 0.00000
0.65310 0.00000
0.70350 0.00000
0.67060 0.00000
0.79350 0.00000
0.63720 0.00000
0.48170 0.00000
0.64790 0.00000
0.90910 0.00000
0.53590 0.00000
0.75030 0.00000
0.64600 0.00000
0.70220 0.00000
0.84300 0.00000
0.92490 0.00000
0.59180 0.00000
0.66040 0.00000
0.54960 0.00000
0.58500 0.00000
0.49570 0.00000
0.73260 0.00000
-0.16100 0.00000
0.43960 0.00000
0.81020 0.00000
0.58660 0.00000
0.74430 0.00000
0.63460 0.00000
0.82600 0.00000
-0.53870 0.00000
0.70090 0.00000
0.61660 0.00000
0.35070 0.00000
-0.92520 0.00000
-1.78290 0.00000
-0.93420 0.00000
-0.89800 0.00000
-1.23200 0.00000
0.30980 0.00000
0.39930 0.00000
0.46910 0.00000
0.22710 0.00000
0.67920 0.00000
0.20810 0.00000
0.38180 0.00000
0.41150 0.00000
0.27420 0.00000
0.30460 0.00000
0.72710 0.00000
0.51200 0.00000
0.31960 0.00000
0.33320 0.00000
0.44640 0.00000
0.53830 0.00000
0.40450 0.00000
0.38810 0.00000
0.44620 0.00000
0.27540 0.00000
0.46400 0.00000
0.51820 0.00000
0.02710 0.00000
0.05260 0.00000
0.35360 0.00000
0.34970 0.00000
0.38420 0.00000
-1.55000 0.00000
0.27110 0.00000
0.41840 0.00000
0.16010 0.00000
0.17630 0.00000
0.45830 0.00000
-2.87690 0.00000
0.14720 0.00000
0.12180 0.00000
0.16770 0.00000
0.32070 0.00000
0.31000 0.00000
0.09700 0.00000
0.25620 0.00000
0.04230 0.00000
-0.08710 0.00000
0.51800 0.00000
0.50710 0.00000
0.41310 0.00000
0.25050 0.00000
0.11850 0.00000
0.39520 0.00000
0.40220 0.00000
0.36940 0.00000
-1.04040 0.00000
0.34780 0.00000
0.41920 0.00000
0.24690 0.00000
0.15910 0.00000
0.18750 0.00000
0.03930 0.00000
0.15330 0.00000
0.06100 0.00000
-0.00620 0.00000
-0.72990 0.00000
0.43330 0.00000
0.37950 0.00000
0.28880 0.00000
-1.34540 0.00000
0.22720 0.00000
0.23060 0.00000
0.32330 0.00000
0.12340 0.00000
-2.13140 0.00000
-0.10500 0.00000
-0.30250 0.00000
0.01420 0.00000
-0.16500 0.00000
-0.16550 0.00000
0.04890 0.00000
-0.17310 0.00000
-0.26750 0.00000
-0.38710 0.00000
-0.17200 0.00000
-0.45040 0.00000
-0.45150 0.00000
-0.17510 0.00000
-0.00550 0.00000
0.07290 0.00000
-0.17830 0.00000
0.01780 0.00000
-2.74000 0.00000
-0.28740 0.00000
-0.05780 0.00000
-0.19760 0.00000
-0.10780 0.00000
-0.16340 0.00000
-0.44690 0.00000
-0.41800 0.00000
-0.03570 0.00000
0.01900 0.00000
-0.39390 0.00000
-0.07900 0.00000
-0.12670 0.00000
-0.08170 0.00000
-0.23430 0.00000
-2.31690 0.00000
-0.01140 0.00000
-1.94740 0.00000
-0.05310 0.00000
0.16400 0.00000
0.03180 0.00000
-0.05010 0.00000
-2.16370 0.00000
0.00470 0.00000
0.01900 0.00000
0.06800 0.00000
-0.00920 0.00000
0.04330 0.00000
-0.09850 0.00000
-0.17650 0.00000
-2.44630 0.00000
-0.70890 0.00000
0.07190 0.00000
-3.11370 0.00000
-0.14290 0.00000
-0.54970 0.00000
-0.14880 0.00000
-0.18210 0.00000
-0.08940 0.00000
-2.07290 0.00000
-0.02050 0.00000
0.03290 0.00000
-0.00420 0.00000
0.00710 0.00000
-0.34440 0.00000
-0.06160 0.00000
-0.02800 0.00000
-0.73480 0.00000
0.32320 0.00000
0.24910 0.00000
0.41710 0.00000
0.36990 0.00000
0.18350 0.00000
0.29840 0.00000
0.20150 0.00000
-0.33550 0.00000
0.33350 0.00000
0.31270 0.00000
0.61380 0.00000
0.37960 0.00000
0.49890 0.00000
0.33840 0.00000
0.33070 0.00000
0.54890 0.00000
0.43430 0.00000
0.50440 0.00000
0.41490 0.00000
0.24490 0.00000
0.73950 0.00000
0.60350 0.00000
-0.52840 0.00000
0.32960 0.00000
0.29010 0.00000
0.17160 0.00000
0.41880 0.00000
0.34310 0.00000
0.34960 0.00000
-1.07680 0.00000
-0.02310 0.00000
0.20170 0.00000
0.13670 0.00000
0.10600 0.00000
0.22960 0.00000
-0.03350 0.00000
-0.85940 0.00000
-1.20640 0.00000
0.11070 0.00000
0.09730 0.00000
0.24840 0.00000
0.24640 0.00000
-1.78240 0.00000
0.06520 0.00000
0.02300 0.00000
0.02990 0.00000
0.18920 0.00000
0.38690 0.00000
0.00400 0.00000
0.04310 0.00000
0.33060 0.00000
0.29820 0.00000
0.24460 0.00000
0.11900 0.00000
0.00590 0.00000
0.08420 0.00000
-0.12890 0.00000
0.00340 0.00000
0.18110 0.00000
0.14620 0.00000
0.40130 0.00000
-0.20530 0.00000
0.38400 0.00000
-1.33340 0.00000
0.08180 0.00000
0.03440 0.00000
0.08910 0.00000
0.20050 0.00000
-1.56430 0.00000
0.22010 0.00000
0.23000 0.00000
0.27460 0.00000
0.25250 0.00000
-0.06620 0.00000
0.34890 0.00000
-0.09620 0.00000
0.04330 0.00000
0.19000 0.00000
0.24770 0.00000
0.20000 0.00000
0.35420 0.00000
0.16170 0.00000
-0.03350 0.00000
0.17910 0.00000
0.49190 0.00000
0.03930 0.00000
0.30060 0.00000
0.17490 0.00000
0.24210 0.00000
0.41200 0.00000
0.50860 0.00000
0.10680 0.00000
0.19450 0.00000
0.05060 0.00000
0.09970 0.00000
-0.01490 0.00000
0.27910 0.00000
-1.17270 0.00000
-0.07120 0.00000
0.38080 0.00000
0.10770 0.00000
0.30130 0.00000
0.16930 0.00000
0.39900 0.00000
-1.72240 0.00000
0.43280 0.00000
0.34560 0.00000
0.04470 0.00000
-1.65470 0.00000
-2.07960 0.00000
-2.11330 0.00000
-2.05510 0.00000
-2.52490 0.00000
-0.19930 0.00000
-0.07520 0.00000
0.00510 0.00000
-0.30060 0.00000
0.26990 0.00000
-0.32540 0.00000
-0.10440 0.00000
-0.06240 0.00000
-0.23970 0.00000
-0.20380 0.00000
0.32230 0.00000
0.06250 0.00000
-0.17990 0.00000
-0.16480 0.00000
-0.03150 0.00000
0.09050 0.00000
-0.08150 0.00000
-0.09520 0.00000
-0.02450 0.00000
-0.23650 0.00000
0.00250 0.00000
0.06390 0.00000
-0.55610 0.00000
-0.54190 0.00000
-0.13780 0.00000
-0.14830 0.00000
-0.10040 0.00000
-2.99140 0.00000
-0.18620 0.00000
-0.01700 0.00000
-0.32110 0.00000
-0.30020 0.00000
0.02960 0.00000
-4.88720 0.00000
-0.34380 0.00000
-0.37710 0.00000
-0.31950 0.00000
-0.13460 0.00000
-0.14240 0.00000
-0.40660 0.00000
-0.20240 0.00000
-0.46750 0.00000
-0.63550 0.00000
0.10500 0.00000
0.09240 0.00000
-0.02240 0.00000
0.22490 0.00000
0.10080 0.00000
0.36080 0.00000
0.36850 0.00000
0.33580 0.00000
-0.89760 0.00000
0.24500 0.00000
0.31570 0.00000
0.12420 0.00000
0.02830 0.00000
0.06530 0.00000
-0.09310 0.00000
0.03010 0.00000
-0.07330 0.00000
-0.15250 0.00000
-0.61510 0.00000
0.39460 0.00000
0.34610 0.00000
0.26200 0.00000
-1.15960 0.00000
0.23050 0.00000
0.22940 0.00000
0.31380 0.00000
0.13770 0.00000
-1.85170 0.00000
-0.06700 0.00000
-0.24120 0.00000
0.03860 0.00000
-0.12340 0.00000
-0.11930 0.00000
0.07260 0.00000
-0.12670 0.00000
-0.20780 0.00000
-0.31580 0.00000
-0.12360 0.00000
-0.36990 0.00000
-0.36590 0.00000
-0.13330 0.00000
0.02110 0.00000
0.09500 0.00000
-0.13490 0.00000
0.04050 0.00000
-2.37480 0.00000
-0.23010 0.00000
-0.02240 0.00000
-0.14280 0.00000
-0.07130 0.00000
-0.12300 0.00000
-0.37110 0.00000
-0.34510 0.00000
-0.00420 0.00000
0.04550 0.00000
-0.32100 0.00000
-0.04500 0.00000
-0.08660 0.00000
-0.04680 0.00000
-0.18300 0.00000
-2.02480 0.00000
-0.04860 0.00000
-1.84710 0.00000
-0.11180 0.00000
0.10050 0.00000
-0.01740 0.00000
-0.10410 0.00000
-2.06600 0.00000
-0.05250 0.00000
-0.04130 0.00000
0.01310 0.00000
-0.06970 0.00000
-0.00680 0.00000
-0.14980 0.00000
-0.22890 0.00000
-2.28350 0.00000
-0.66990 0.00000
0.05050 0.00000
-2.92430 0.00000
-0.13140 0.00000
-0.49550 0.00000
-0.15330 0.00000
-0.16780 0.00000
-0.09350 0.00000
-1.90850 0.00000
-0.03870 0.00000
0.01240 0.00000
-0.03490 0.00000
-0.00750 0.00000
-0.34980 0.00000
-0.08060 0.00000
-0.05490 0.00000
-0.67890 0.00000
0.26940 0.00000
0.19970 0.00000
0.35590 0.00000
0.31090 0.00000
0.13770 0.00000
0.24290 0.00000
0.14700 0.00000
-0.31530 0.00000
0.31060 0.00000
0.29130 0.00000
0.55520 0.00000
0.35060 0.00000
0.45540 0.00000
0.31320 0.00000
0.30640 0.00000
0.49900 0.00000
0.39890 0.00000
0.46170 0.00000
0.37930 0.00000
0.22860 0.00000
0.66710 0.00000
0.54550 0.00000
-0.48580 0.00000
0.30610 0.00000
0.27300 0.00000
0.16570 0.00000
0.37900 0.00000
0.31960 0.00000
0.32160 0.00000
-0.98590 0.00000
-0.04370 0.00000
0.14830 0.00000
0.09350 0.00000
0.06970 0.00000
0.17960 0.00000
-0.06670 0.00000
-0.79820 0.00000
-1.11360 0.00000
0.03510 0.00000
0.01180 0.00000
0.16570 0.00000
0.16100 0.00000
-1.64730 0.00000
-0.08580 0.00000
-0.12790 0.00000
-0.11630 0.00000
0.03670 0.00000
0.22390 0.00000
-0.14020 0.00000
-0.10950 0.00000
0.17100 0.00000
0.14090 0.00000
0.09090 0.00000
-0.03620 0.00000
-0.14140 0.00000
-0.06280 0.00000
-0.27270 0.00000
-0.13670 0.00000
0.01980 0.00000
-0.00600 0.00000
0.21260 0.00000
-0.45000 0.00000
0.18430 0.00000
-2.09030 0.00000
-0.15090 0.00000
-0.19640 0.00000
-0.13900 0.00000
-0.01780 0.00000
-2.37140 0.00000
-0.03850 0.00000
-0.01620 0.00000
0.03740 0.00000
0.00720 0.00000
-0.34480 0.00000
0.11730 0.00000
-0.38770 0.00000
-0.22320 0.00000
-0.06370 0.00000
0.00160 0.00000
-0.04270 0.00000
0.12220 0.00000
-0.08750 0.00000
-0.31850 0.00000
-0.07530 0.00000
0.26850 0.00000
-0.22910 0.00000
0.06650 0.00000
-0.08630 0.00000
-0.00020 0.00000
0.17990 0.00000
0.29190 0.00000
-0.14940 0.00000
-0.06790 0.00000
-0.21720 0.00000
-0.17080 0.00000
-0.30030 0.00000
0.04150 0.00000
-1.87370 0.00000
-0.48460 0.00000
0.06740 0.00000
-0.27130 0.00000
-0.02340 0.00000
-0.18830 0.00000
0.09120 0.00000
-2.56700 0.00000
0.13580 0.00000
0.02600 0.00000
-0.33570 0.00000
-2.45020 0.00000
-3.02200 0.00000
-1.89200 0.00000
-1.85170 0.00000
-2.28150 0.00000
0.01530 0.00000
0.11460 0.00000
0.20030 0.00000
-0.06240 0.00000
0.43640 0.00000
-0.08850 0.00000
0.10250 0.00000
0.13140 0.00000
-0.03120 0.00000
0.00350 0.00000
0.48850 0.00000
0.25280 0.00000
0.02710 0.00000
0.05220 0.00000
0.17310 0.00000
0.27440 0.00000
0.11900 0.00000
0.10150 0.00000
0.17690 0.00000
-0.02160 0.00000
0.19050 0.00000
0.25670 0.00000
-0.29290 0.00000
-0.27320 0.00000
0.06850 0.00000
0.06090 0.00000
0.10770 0.00000
-2.24920 0.00000
-0.11500 0.00000
0.05730 0.00000
-0.25020 0.00000
-0.24020 0.00000
0.09800 0.00000
-3.83130 0.00000
-0.27650 0.00000
-0.32050 0.00000
-0.25820 0.00000
-0.07060 0.00000
-0.08190 0.00000
-0.36510 0.00000
-0.12670 0.00000
-0.41790 0.00000
-0.58730 0.00000
0.18510 0.00000
0.16040 0.00000
0.05200 0.00000
0.17380 0.00000
0.06350 0.00000
0.30070 0.00000
0.30710 0.00000
0.27470 0.00000
-0.92530 0.00000
0.25780 0.00000
0.31570 0.00000
0.16540 0.00000
0.09380 0.00000
0.11960 0.00000
-0.00350 0.00000
0.08840 0.00000
0.01180 0.00000
-0.04450 0.00000
-0.64950 0.00000
0.33450 0.00000
0.29120 0.00000
0.21820 0.00000
-1.17080 0.00000
0.18720 0.00000
0.18840 0.00000
0.26440 0.00000
0.11190 0.00000
-1.84340 0.00000
-0.11490 0.00000
-0.28540 0.00000
-0.01560 0.00000
-0.17310 0.00000
-0.16540 0.00000
0.01330 0.00000
-0.17090 0.00000
-0.24010 0.00000
-0.34380 0.00000
-0.16790 0.00000
-0.39900 0.00000
-0.39990 0.00000
-0.17770 0.00000
-0.03780 0.00000
0.03720 0.00000
-0.18020 0.00000
-0.01750 0.00000
-2.36080 0.00000
-0.47410 0.00000
-0.24500 0.00000
-0.36450 0.00000
-0.29560 0.00000
-0.35310 0.00000
-0.63740 0.00000
-0.61000 0.00000
-0.22110 0.00000
-0.16170 0.00000
-0.57710 0.00000
-0.26640 0.00000
-0.31160 0.00000
-0.27330 0.00000
-0.42030 0.00000
-2.56640 0.00000
-0.17660 0.00000
-2.39590 0.00000
-0.26060 0.00000
-0.05180 0.00000
-0.17210 0.00000
-0.25510 0.00000
-2.65760 0.00000
-0.24750 0.00000
-0.23460 0.00000
-0.19040 0.00000
-0.26200 0.00000
-0.21500 0.00000
-0.35680 0.00000
-0.43180 0.00000
-3.18400 0.00000
-0.78920 0.00000
-0.06420 0.00000
-3.38660 0.00000
-0.25530 0.00000
-0.61340 0.00000
-0.26520 0.00000
-0.28160 0.00000
-0.21400 0.00000
-2.25680 0.00000
-0.13360 0.00000
-0.08530 0.00000
-0.11890 0.00000
-0.10880 0.00000
-0.42720 0.00000
-0.16980 0.00000
-0.13910 0.00000
-0.91860 0.00000
0.13850 0.00000
0.07750 0.00000
0.22530 0.00000
0.18290 0.00000
0.01450 0.00000
0.11830 0.00000
0.02690 0.00000
-0.52720 0.00000
0.03480 0.00000
0.00980 0.00000
0.33150 0.00000
0.08350 0.00000
0.21150 0.00000
0.03620 0.00000
0.03010 0.00000
0.26340 0.00000
0.14430 0.00000
0.22260 0.00000
0.12250 0.00000
-0.07260 0.00000
0.45880 0.00000
0.32210 0.00000
-0.70340 0.00000
0.13790 0.00000
0.09750 0.00000
-0.01960 0.00000
0.22080 0.00000
0.14730 0.00000
0.15990 0.00000
-1.01930 0.00000
-0.07120 0.00000
0.11800 0.00000
0.06020 0.00000
0.04010 0.00000
0.14020 0.00000
-0.08180 0.00000
-0.82620 0.00000
-1.14330 0.00000
0.04490 0.00000
0.03130 0.00000
0.16020 0.00000
0.15950 0.00000
-1.64420 0.00000
-0.18640 0.00000
-0.22500 0.00000
-0.21230 0.00000
-0.06200 0.00000
0.13000 0.00000
-0.24270 0.00000
-0.21670 0.00000
0.07800 0.00000
0.04600 0.00000
-0.00770 0.00000
-0.13480 0.00000
-0.23600 0.00000
-0.16060 0.00000
-0.39120 0.00000
-0.24780 0.00000
-0.06930 0.00000
-0.10700 0.00000
0.07930 0.00000
-0.66490 0.00000
0.05700 0.00000
-2.31580 0.00000
-0.25580 0.00000
-0.30840 0.00000
-0.23970 0.00000
-0.11350 0.00000
-2.63440 0.00000
-0.11620 0.00000
-0.09370 0.00000
-0.03990 0.00000
-0.07050 0.00000
-0.43650 0.00000
0.04010 0.00000
-0.47670 0.00000
-0.31210 0.00000
-0.14400 0.00000
-0.07220 0.00000
-0.11560 0.00000
0.04870 0.00000
-0.17740 0.00000
-0.39800 0.00000
-0.15740 0.00000
0.20270 0.00000
-0.32030 0.00000
-0.01340 0.00000
-0.15670 0.00000
-0.08170 0.00000
0.11940 0.00000
0.22620 0.00000
-0.23750 0.00000
-0.14000 0.00000
-0.30090 0.00000
-0.25010 0.00000
-0.38050 0.00000
-0.03460 0.00000
-2.10870 0.00000
-0.54160 0.00000
0.02180 0.00000
-0.31010 0.00000
-0.07530 0.00000
-0.23490 0.00000
0.05080 0.00000
-2.86250 0.00000
0.08720 0.00000
-0.01460 0.00000
-0.38860 0.00000
-2.76830 0.00000
-4.22490 0.00000
-4.21090 0.00000
-4.12740 0.00000
-4.86640 0.00000
-0.80000 0.00000
-0.64540 0.00000
-0.53500 0.00000
-0.92910 0.00000
-0.21470 0.00000
-0.96260 0.00000
-0.66030 0.00000
-0.62390 0.00000
-0.84870 0.00000
-0.79990 0.00000
-0.13980 0.00000
-0.46080 0.00000
-0.78510 0.00000
-0.75610 0.00000
-0.57210 0.00000
-0.43160 0.00000
-0.64270 0.00000
-0.65870 0.00000
-0.56170 0.00000
-0.85150 0.00000
-0.53870 0.00000
-0.46280 0.00000
-1.27840 0.00000
-1.24740 0.00000
-0.72130 0.00000
-0.74340 0.00000
-0.66240 0.00000
-5.58580 0.00000
-1.34790 0.00000
-1.02100 0.00000
-1.59950 0.00000
-1.55720 0.00000
-0.93100 0.00000
-8.66830 0.00000
-1.62170 0.00000
-1.68670 0.00000
-1.57000 0.00000
-1.22430 0.00000
-1.25120 0.00000
-1.75540 0.00000
-1.36070 0.00000
-1.88970 0.00000
-2.20900 0.00000
-0.80860 0.00000
-0.82270 0.00000
-1.03660 0.00000
0.16630 0.00000
0.06530 0.00000
0.27930 0.00000
0.28480 0.00000
0.25900 0.00000
-0.72740 0.00000
0.24730 0.00000
0.29780 0.00000
0.16680 0.00000
0.10140 0.00000
0.12210 0.00000
0.01390 0.00000
0.09770 0.00000
0.02960 0.00000
-0.02140 0.00000
-0.50260 0.00000
0.28950 0.00000
0.24260 0.00000
0.17550 0.00000
-0.94350 0.00000
0.30240 0.00000
0.30300 0.00000
0.36430 0.00000
0.23610 0.00000
-0.92970 0.00000
0.09520 0.00000
-0.02670 0.00000
0.16930 0.00000
0.05620 0.00000
0.05240 0.00000
0.19280 0.00000
0.05190 0.00000
-0.00320 0.00000
-0.07630 0.00000
0.05500 0.00000
-0.11870 0.00000
-0.11470 0.00000
0.05130 0.00000
0.15680 0.00000
0.20760 0.00000
0.04260 0.00000
0.16850 0.00000
-1.24810 0.00000
-0.14600 0.00000
0.01700 0.00000
-0.07890 0.00000
-0.02600 0.00000
-0.06420 0.00000
-0.25730 0.00000
-0.23900 0.00000
0.03010 0.00000
0.07110 0.00000
-0.21960 0.00000
-0.00060 0.00000
-0.03230 0.00000
-0.00350 0.00000
-0.11120 0.00000
-1.37450 0.00000
0.01940 0.00000
-1.25760 0.00000
-0.01430 0.00000
0.14440 0.00000
0.05570 0.00000
-0.00660 0.00000
-1.39570 0.00000
0.03290 0.00000
0.04470 0.00000
0.08070 0.00000
0.02100 0.00000
0.06600 0.00000
-0.04340 0.00000
-0.09250 0.00000
-1.56660 0.00000
-0.47200 0.00000
0.08160 0.00000
-2.00230 0.00000
-0.16880 0.00000
-0.46380 0.00000
-0.17710 0.00000
-0.19370 0.00000
-0.13440 0.00000
-1.69220 0.00000
-0.09960 0.00000
-0.05690 0.00000
-0.08830 0.00000
-0.07400 0.00000
-0.35760 0.00000
-0.13320 0.00000
-0.10440 0.00000
-0.63780 0.00000
0.15990 0.00000
0.10540 0.00000
0.23390 0.00000
0.19640 0.00000
0.05010 0.00000
0.14200 0.00000
0.06150 0.00000
-0.33480 0.00000
0.17230 0.00000
0.15430 0.00000
0.38860 0.00000
0.20620 0.00000
0.30160 0.00000
0.17430 0.00000
0.16840 0.00000
0.33830 0.00000
0.24950 0.00000
0.30660 0.00000
0.23450 0.00000
0.09860 0.00000
0.48700 0.00000
0.38270 0.00000
-0.48100 0.00000
0.18720 0.00000
0.15730 0.00000
0.06640 0.00000
0.25190 0.00000
0.19400 0.00000
0.20040 0.00000
-0.90480 0.00000
0.04750 0.00000
0.20770 0.00000
0.15770 0.00000
0.13920 0.00000
0.22490 0.00000
0.03940 0.00000
-0.35390 0.00000
-0.56990 0.00000
0.24600 0.00000
0.23690 0.00000
0.33680 0.00000
0.33470 0.00000
-0.64410 0.00000
0.06060 0.00000
0.03280 0.00000
0.04160 0.00000
0.15330 0.00000
0.30550 0.00000
0.02090 0.00000
0.03840 0.00000
0.26360 0.00000
0.23920 0.00000
0.19510 0.00000
0.10060 0.00000
0.02280 0.00000
0.08060 0.00000
-0.09410 0.00000
0.01570 0.00000
0.14920 0.00000
0.11880 0.00000
0.44160 0.00000
-0.18250 0.00000
0.41720 0.00000
-0.93530 0.00000
0.16620 0.00000
0.11650 0.00000
0.16460 0.00000
0.27450 0.00000
-1.14110 0.00000
0.39270 0.00000
0.41120 0.00000
0.44740 0.00000
0.42700 0.00000
0.15220 0.00000
0.50790 0.00000
0.11640 0.00000
0.24590 0.00000
0.37130 0.00000
0.42500 0.00000
0.38130 0.00000
0.52040 0.00000
0.34500 0.00000
0.17360 0.00000
0.34870 0.00000
0.64020 0.00000
0.23360 0.00000
0.46740 0.00000
0.36000 0.00000
0.41710 0.00000
0.57090 0.00000
0.66290 0.00000
0.29750 0.00000
0.37450 0.00000
0.25410 0.00000
0.28510 0.00000
0.18460 0.00000
0.44950 0.00000
-0.61910 0.00000
0.05490 0.00000
0.49640 0.00000
0.23010 0.00000
0.41190 0.00000
0.29790 0.00000
0.51410 0.00000
-1.06810 0.00000
0.53920 0.00000
0.46080 0.00000
0.17490 0.00000
-0.99220 0.00000
-1.83110 0.00000
-1.84120 0.00000
-1.79770 0.00000
-2.22920 0.00000
-0.10340 0.00000
0.01210 0.00000
0.09040 0.00000
-0.20740 0.00000
0.34180 0.00000
-0.23090 0.00000
-0.02230 0.00000
0.01460 0.00000
-0.14530 0.00000
-0.11700 0.00000
0.39140 0.00000
0.14600 0.00000
-0.08960 0.00000
-0.07570 0.00000
0.05800 0.00000
0.17100 0.00000
0.01180 0.00000
-0.00340 0.00000
0.05290 0.00000
-0.15020 0.00000
0.07690 0.00000
0.14380 0.00000
-0.46070 0.00000
-0.47250 0.00000
-0.04910 0.00000
-0.05700 0.00000
-0.00830 0.00000
-2.14010 0.00000
-0.00680 0.00000
0.16330 0.00000
-0.13950 0.00000
-0.11190 0.00000
0.20580 0.00000
-3.12880 0.00000
-0.16530 0.00000
-0.18020 0.00000
-0.14140 0.00000
0.04290 0.00000
0.04470 0.00000
-0.20250 0.00000
-0.01740 0.00000
-0.27490 0.00000
-0.43180 0.00000
0.26870 0.00000
0.25800 0.00000
0.14460 0.00000
0.13610 0.00000
0.03420 0.00000
0.24040 0.00000
0.24840 0.00000
0.21840 0.00000
-0.64700 0.00000
0.22100 0.00000
0.26740 0.00000
0.14830 0.00000
0.08680 0.00000
0.10780 0.00000
0.00600 0.00000
0.08240 0.00000
0.01900 0.00000
-0.02810 0.00000
-0.44170 0.00000
0.23390 0.00000
0.19260 0.00000
0.12020 0.00000
-0.83010 0.00000
0.15440 0.00000
0.15690 0.00000
0.21930 0.00000
0.08860 0.00000
-1.33710 0.00000
-0.10050 0.00000
-0.23910 0.00000
-0.01740 0.00000
-0.14610 0.00000
-0.14640 0.00000
0.00930 0.00000
-0.15240 0.00000
-0.21440 0.00000
-0.30170 0.00000
-0.15060 0.00000
-0.35020 0.00000
-0.34610 0.00000
-0.15630 0.00000
-0.03630 0.00000
0.02640 0.00000
-0.15020 0.00000
-0.02120 0.00000
-1.72030 0.00000
-0.34150 0.00000
-0.15810 0.00000
-0.27420 0.00000
-0.20710 0.00000
-0.24830 0.00000
-0.46440 0.00000
-0.44970 0.00000
-0.14460 0.00000
-0.09940 0.00000
-0.43190 0.00000
-0.17560 0.00000
-0.21450 0.00000
-0.18380 0.00000
-0.30080 0.00000
-1.85520 0.00000
-0.13200 0.00000
-1.59290 0.00000
-0.24270 0.00000
-0.05190 0.00000
-0.16330 0.00000
-0.23690 0.00000
-1.76010 0.00000
-0.15330 0.00000
-0.14170 0.00000
-0.10250 0.00000
-0.16570 0.00000
-0.11910 0.00000
-0.23900 0.00000
-0.29940 0.00000
-2.14850 0.00000
-0.79630 0.00000
-0.11530 0.00000
-2.72780 0.00000
-0.37600 0.00000
-0.73840 0.00000
-0.39330 0.00000
-0.41100 0.00000
-0.33510 0.00000
-2.34810 0.00000
-0.46180 0.00000
-0.40410 0.00000
-0.44830 0.00000
-0.42560 0.00000
-0.85650 0.00000
-0.50750 0.00000
-0.47470 0.00000
-1.06110 0.00000
0.01140 0.00000
-0.04560 0.00000
0.08740 0.00000
0.04930 0.00000
-0.10310 0.00000
-0.01140 0.00000
-0.09420 0.00000
-0.68140 0.00000
0.01860 0.00000
0.00240 0.00000
0.24070 0.00000
0.05770 0.00000
0.15010 0.00000
0.02080 0.00000
0.01550 0.00000
0.18870 0.00000
0.10070 0.00000
0.15660 0.00000
0.08100 0.00000
-0.05900 0.00000
0.33450 0.00000
0.23110 0.00000
-0.85830 0.00000
0.04060 0.00000
0.01270 0.00000
-0.08590 0.00000
0.10230 0.00000
0.04920 0.00000
0.05200 0.00000
-1.37160 0.00000
-0.10070 0.00000
0.05780 0.00000
0.00910 0.00000
-0.01030 0.00000
0.07830 0.00000
-0.11190 0.00000
-0.70200 0.00000
-0.95140 0.00000
0.00550 0.00000
-0.00540 0.00000
0.10090 0.00000
0.10020 0.00000
-1.36560 0.00000
-0.15990 0.00000
-0.19490 0.00000
-0.18870 0.00000
-0.06000 0.00000
0.09490 0.00000
-0.20830 0.00000
-0.17950 0.00000
0.05190 0.00000
0.02280 0.00000
-0.01630 0.00000
-0.11700 0.00000
-0.20480 0.00000
-0.14540 0.00000
-0.31920 0.00000
-0.20860 0.00000
-0.06580 0.00000
-0.09880 0.00000
0.05640 0.00000
-0.68680 0.00000
0.02590 0.00000
-2.34460 0.00000
-0.33970 0.00000
-0.38690 0.00000
-0.33460 0.00000
-0.19200 0.00000
-2.64380 0.00000
-0.16930 0.00000
-0.14390 0.00000
-0.09000 0.00000
-0.11800 0.00000
-0.49140 0.00000
-0.00760 0.00000
-0.53510 0.00000
-0.37810 0.00000
-0.19170 0.00000
-0.12600 0.00000
-0.17080 0.00000
0.00420 0.00000
-0.22680 0.00000
-0.44830 0.00000
-0.21720 0.00000
0.16060 0.00000
-0.37380 0.00000
-0.06830 0.00000
-0.21110 0.00000
-0.13480 0.00000
0.07130 0.00000
0.17450 0.00000
-0.30290 0.00000
-0.18690 0.00000
-0.35790 0.00000
-0.30160 0.00000
-0.43740 0.00000
-0.08840 0.00000
-2.12700 0.00000
-0.53090 0.00000
0.01760 0.00000
-0.31170 0.00000
-0.08240 0.00000
-0.23470 0.00000
0.03720 0.00000
-2.86650 0.00000
0.07320 0.00000
-0.02860 0.00000
-0.38610 0.00000
-2.77990 0.00000
-3.35180 0.00000
-2.13020 0.00000
-2.07200 0.00000
-2.51960 0.00000
-0.32640 0.00000
-0.20860 0.00000
-0.12180 0.00000
-0.44040 0.00000
0.15730 0.00000
-0.47270 0.00000
-0.21970 0.00000
-0.18210 0.00000
-0.37300 0.00000
-0.31980 0.00000
0.22700 0.00000
-0.06000 0.00000
-0.32700 0.00000
-0.28930 0.00000
-0.14370 0.00000
-0.02260 0.00000
-0.19750 0.00000
-0.21220 0.00000
-0.13200 0.00000
-0.37220 0.00000
-0.11730 0.00000
-0.04590 0.00000
-0.73480 0.00000
-0.69400 0.00000
-0.26050 0.00000
-0.28500 0.00000
-0.22350 0.00000
-2.97960 0.00000
-0.22500 0.00000
-0.04890 0.00000
-0.35400 0.00000
-0.33720 0.00000
0.00680 0.00000
-4.17380 0.00000
-0.89250 0.00000
-0.94950 0.00000
-0.86910 0.00000
-0.62210 0.00000
-0.64450 0.00000
-0.99480 0.00000
-0.71930 0.00000
-1.06340 0.00000
-1.30990 0.00000
-0.33220 0.00000
-0.33430 0.00000
-0.49000 0.00000
