0.0665 0.0542 0.1100 0.4216 0.4705 0.2809 0.1381 0.1269 0.0936 0.0509
0.0710 0.1417 0.3524 0.4855 0.1682 0.0766 0.0834 0.1078 0.1544 0.2060
0.3127 0.4532 0.3511 0.2045 0.0714 0.0336 0.1120 0.3405 0.5560 0.4085
0.6317 0.3127 0.0803 0.0379 0.0707 0.0972 0.3680 0.7531 0.6490 0.1306
0.4862 0.0844 0.0457 0.0352 0.0668 0.1843 0.5642 0.8069 0.3888 0.0392
0.1951 0.0513 0.0488 0.0592 0.0913 0.4228 0.6910 0.4989 0.1105 0.0187
0.0791 0.0231 0.0357 0.1118 0.3288 0.6480 0.4842 0.2235 0.0404 0.0107
0.0690 0.0477 0.0877 0.3649 0.4941 0.3486 0.1626 0.1325 0.0824 0.0385
0.0550 0.1016 0.3033 0.5184 0.2352 0.1081 0.0806 0.0872 0.1113 0.1527
0.2138 0.4008 0.4257 0.2701 0.0734 0.0334 0.0849 0.2267 0.4328 0.4211
0.6095 0.4051 0.1194 0.0573 0.0706 0.0650 0.2854 0.7047 0.7040 0.2077
0.5548 0.1054 0.0440 0.0295 0.0671 0.1626 0.5141 0.8205 0.4581 0.0477
0.2500 0.0632 0.0515 0.0514 0.0727 0.3532 0.6963 0.5832 0.1541 0.0231
0.0819 0.0222 0.0358 0.1008 0.2668 0.6431 0.5544 0.2534 0.0398 0.0100
0.0692 0.0372 0.0640 0.2805 0.4992 0.4578 0.2140 0.1422 0.0641 0.0252
0.0493 0.0696 0.2213 0.5355 0.3349 0.1579 0.0918 0.0896 0.0918 0.0997
0.1382 0.3082 0.4575 0.3580 0.0823 0.0375 0.0772 0.1607 0.3095 0.3799
0.5442 0.4872 0.1883 0.0901 0.0707 0.0461 0.2050 0.6035 0.7117 0.3071
0.6133 0.1458 0.0450 0.0252 0.0680 0.1496 0.4709 0.8155 0.5212 0.0598
0.3177 0.0666 0.0519 0.0477 0.0636 0.2665 0.6664 0.6926 0.2254 0.0287
0.0954 0.0251 0.0394 0.0912 0.1907 0.5933 0.6218 0.3092 0.0472 0.0110
0.0708 0.0296 0.0469 0.1934 0.4720 0.5682 0.2919 0.1593 0.0501 0.0168
0.0532 0.0568 0.1558 0.5056 0.4300 0.2159 0.1058 0.1019 0.0890 0.0698
0.0779 0.2156 0.4862 0.4564 0.1033 0.0479 0.0636 0.0940 0.1804 0.3243
0.4325 0.5104 0.2831 0.1345 0.0697 0.0364 0.1350 0.4500 0.6527 0.3939
0.6534 0.2164 0.0529 0.0258 0.0674 0.1223 0.4070 0.7909 0.5912 0.0867
0.3873 0.0624 0.0495 0.0466 0.0623 0.1962 0.6093 0.7823 0.3094 0.0338
0.1276 0.0329 0.0437 0.0768 0.1317 0.5218 0.6714 0.3895 0.0654 0.0133
0.0675 0.0224 0.0369 0.1426 0.4248 0.6522 0.3894 0.1778 0.0381 0.0115
0.0578 0.0496 0.1144 0.4562 0.4993 0.2833 0.1222 0.1110 0.0841 0.0510
0.0538 0.1314 0.4154 0.5316 0.1566 0.0707 0.0675 0.0790 0.1211 0.2248
0.2825 0.4792 0.4062 0.2042 0.0683 0.0322 0.0857 0.2671 0.5128 0.4522
0.6558 0.3326 0.0787 0.0356 0.0681 0.0877 0.3341 0.7458 0.6675 0.1448
0.4876 0.0760 0.0453 0.0375 0.0648 0.1614 0.5391 0.8218 0.4048 0.0414
0.1868 0.0485 0.0494 0.0616 0.0883 0.4221 0.7000 0.4981 0.1057 0.0182
0.0693 0.0196 0.0337 0.1153 0.3473 0.6789 0.4904 0.2076 0.0339 0.0094
0.0639 0.0425 0.0816 0.3652 0.5247 0.3786 0.1603 0.1248 0.0738 0.0347
0.0429 0.0790 0.3021 0.5693 0.2598 0.1180 0.0770 0.0747 0.0875 0.1348
0.1485 0.3916 0.5222 0.3079 0.0705 0.0334 0.0583 0.1304 0.3170 0.4583
0.6062 0.4664 0.1430 0.0633 0.0698 0.0547 0.2355 0.6595 0.7212 0.2598
0.5891 0.1127 0.0431 0.0284 0.0648 0.1354 0.4564 0.8239 0.4993 0.0567
0.2673 0.0625 0.0534 0.0520 0.0645 0.3071 0.6934 0.6337 0.1787 0.0256
0.0784 0.0205 0.0357 0.1001 0.2469 0.6502 0.5874 0.2581 0.0367 0.0093
0.0666 0.0325 0.0543 0.2415 0.5114 0.5215 0.2358 0.1414 0.0550 0.0207
0.0411 0.0556 0.2025 0.5580 0.3965 0.1894 0.0855 0.0760 0.0729 0.0830
0.0869 0.2609 0.5330 0.4290 0.0851 0.0392 0.0566 0.0943 0.2044 0.3846
0.4655 0.5348 0.2703 0.1140 0.0687 0.0378 0.1333 0.4571 0.6660 0.3960
0.6631 0.1968 0.0478 0.0242 0.0637 0.1156 0.3839 0.7890 0.5805 0.0851
0.3630 0.0580 0.0508 0.0496 0.0601 0.1939 0.6169 0.7799 0.2977 0.0339
0.1064 0.0275 0.0424 0.0860 0.1494 0.5557 0.6640 0.3507 0.0533 0.0118
0.0664 0.0229 0.0369 0.1490 0.4583 0.6546 0.3587 0.1664 0.0384 0.0119
0.0513 0.0492 0.1289 0.4889 0.5016 0.2677 0.1056 0.0959 0.0783 0.0561
0.0524 0.1431 0.4649 0.5379 0.1340 0.0598 0.0607 0.0739 0.1225 0.2592
0.2754 0.5117 0.4398 0.1909 0.0664 0.0318 0.0705 0.2258 0.4928 0.4854
0.6745 0.3397 0.0744 0.0331 0.0642 0.0811 0.3046 0.7299 0.6690 0.1536
0.4851 0.0702 0.0452 0.0397 0.0628 0.1454 0.5177 0.8279 0.4123 0.0435
0.1727 0.0446 0.0496 0.0656 0.0895 0.4312 0.7046 0.4844 0.0968 0.0173
0.0640 0.0179 0.0323 0.1178 0.3702 0.7004 0.4846 0.1946 0.0304 0.0086
0.0610 0.0428 0.0842 0.3815 0.5435 0.3752 0.1468 0.1162 0.0728 0.0361
0.0332 0.0734 0.3473 0.6018 0.2564 0.1163 0.0622 0.0541 0.0675 0.1430
0.1410 0.4000 0.5531 0.3106 0.0678 0.0313 0.0501 0.1163 0.3052 0.4848
0.5948 0.5086 0.1658 0.0689 0.0666 0.0466 0.1898 0.5974 0.7187 0.3099
0.6231 0.1273 0.0422 0.0269 0.0604 0.1130 0.3924 0.8070 0.5258 0.0689
0.2806 0.0607 0.0538 0.0526 0.0614 0.2781 0.6849 0.6682 0.1977 0.0272
0.0740 0.0195 0.0365 0.1040 0.2352 0.6486 0.6029 0.2575 0.0349 0.0091
0.0672 0.0315 0.0500 0.2195 0.5197 0.5524 0.2438 0.1412 0.0523 0.0191
0.0379 0.0507 0.1958 0.5656 0.4267 0.2044 0.0806 0.0696 0.0657 0.0774
0.0714 0.2345 0.5598 0.4681 0.0855 0.0389 0.0513 0.0792 0.1725 0.3818
0.4105 0.5513 0.3264 0.1258 0.0670 0.0355 0.1013 0.3588 0.6153 0.4403
0.6888 0.2438 0.0510 0.0243 0.0596 0.0955 0.3242 0.7526 0.6095 0.1099
0.3863 0.0533 0.0496 0.0509 0.0594 0.1621 0.5806 0.8140 0.3378 0.0371
0.1125 0.0287 0.0442 0.0846 0.1316 0.5326 0.6823 0.3737 0.0570 0.0123
0.0616 0.0194 0.0333 0.1368 0.4505 0.6934 0.3965 0.1667 0.0323 0.0098
0.0521 0.0464 0.1139 0.4699 0.5368 0.3001 0.1085 0.0963 0.0751 0.0495
0.0366 0.1069 0.4678 0.5936 0.1612 0.0720 0.0534 0.0532 0.0830 0.2233
0.1923 0.4975 0.5436 0.2301 0.0646 0.0305 0.0458 0.1288 0.3731 0.5307
0.6656 0.4535 0.1082 0.0465 0.0604 0.0520 0.2104 0.6432 0.7130 0.2523
0.5653 0.0914 0.0429 0.0340 0.0581 0.1083 0.4078 0.8128 0.4788 0.0609
0.2193 0.0550 0.0532 0.0583 0.0705 0.3604 0.7117 0.5644 0.1341 0.0214
0.0622 0.0164 0.0324 0.1128 0.3190 0.7025 0.5448 0.2096 0.0282 0.0079
0.0635 0.0380 0.0660 0.3052 0.5514 0.4585 0.1777 0.1228 0.0632 0.0275
0.0295 0.0521 0.2716 0.6190 0.3503 0.1606 0.0671 0.0537 0.0559 0.0998
0.0828 0.3179 0.6205 0.4061 0.0706 0.0332 0.0399 0.0683 0.1913 0.4674
0.4666 0.5683 0.2848 0.1012 0.0653 0.0373 0.1073 0.3870 0.6407 0.4268
0.6944 0.2061 0.0448 0.0239 0.0539 0.0816 0.2807 0.7426 0.5907 0.1111
0.3413 0.0495 0.0522 0.0559 0.0570 0.1739 0.6102 0.7948 0.2994 0.0351
0.0904 0.0232 0.0413 0.0949 0.1624 0.5851 0.6648 0.3201 0.0438 0.0104
0.0637 0.0220 0.0352 0.1487 0.4907 0.6750 0.3434 0.1558 0.0361 0.0113
0.0445 0.0454 0.1356 0.5153 0.5224 0.2713 0.0929 0.0822 0.0688 0.0563
0.0421 0.1328 0.5189 0.5788 0.1240 0.0550 0.0521 0.0588 0.1011 0.2747
0.2250 0.5372 0.5234 0.1945 0.0642 0.0314 0.0468 0.1404 0.4083 0.5377
0.6936 0.4165 0.0856 0.0373 0.0564 0.0553 0.2134 0.6492 0.6947 0.2240
0.5194 0.0740 0.0442 0.0398 0.0579 0.1114 0.4366 0.8203 0.4468 0.0544
0.1816 0.0454 0.0515 0.0659 0.0804 0.4045 0.7141 0.5118 0.1043 0.0181
0.0535 0.0139 0.0305 0.1233 0.3695 0.7322 0.5189 0.1837 0.0236 0.0070
0.0586 0.0390 0.0739 0.3517 0.5674 0.4251 0.1544 0.1128 0.0650 0.0313
0.0253 0.0492 0.3054 0.6506 0.3272 0.1475 0.0620 0.0473 0.0496 0.1066
0.0884 0.3436 0.6331 0.3872 0.0672 0.0313 0.0372 0.0680 0.2020 0.4918
0.4912 0.5742 0.2671 0.0935 0.0632 0.0366 0.1062 0.3910 0.6495 0.4270
0.6974 0.1996 0.0434 0.0242 0.0510 0.0742 0.2571 0.7286 0.5847 0.1163
0.3215 0.0447 0.0529 0.0605 0.0564 0.1707 0.6123 0.7955 0.2887 0.0345
0.0743 0.0186 0.0397 0.1073 0.1830 0.6193 0.6605 0.2871 0.0347 0.0089
0.0595 0.0207 0.0348 0.1557 0.5108 0.6844 0.3332 0.1471 0.0338 0.0110
0.0399 0.0419 0.1393 0.5366 0.5359 0.2754 0.0869 0.0744 0.0621 0.0553
0.0392 0.1230 0.5289 0.6026 0.1213 0.0529 0.0519 0.0580 0.0961 0.2719
0.1880 0.5494 0.5845 0.2015 0.0629 0.0316 0.0349 0.0948 0.3415 0.5698
0.6988 0.4723 0.0969 0.0415 0.0515 0.0424 0.1617 0.5774 0.7053 0.2859
0.5492 0.0815 0.0437 0.0400 0.0523 0.0860 0.3564 0.7946 0.4678 0.0686
0.1915 0.0474 0.0530 0.0651 0.0741 0.3817 0.7180 0.5345 0.1134 0.0192
0.0514 0.0132 0.0301 0.1231 0.3629 0.7396 0.5336 0.1827 0.0222 0.0066
0.0598 0.0378 0.0675 0.3222 0.5749 0.4551 0.1616 0.1146 0.0627 0.0288
0.0209 0.0417 0.3048 0.6748 0.3566 0.1627 0.0574 0.0394 0.0399 0.0969
0.0740 0.3190 0.6590 0.4205 0.0677 0.0316 0.0336 0.0556 0.1694 0.4874
0.4032 0.6017 0.3585 0.1114 0.0603 0.0324 0.0657 0.2440 0.5642 0.5039
0.7278 0.2667 0.0475 0.0248 0.0450 0.0548 0.1880 0.6505 0.6139 0.1654
0.3596 0.0432 0.0513 0.0600 0.0550 0.1348 0.5602 0.8296 0.3432 0.0400
0.0872 0.0216 0.0426 0.0999 0.1490 0.5759 0.6849 0.3285 0.0420 0.0100
0.0554 0.0166 0.0301 0.1366 0.4954 0.7328 0.3880 0.1506 0.0270 0.0084
0.0453 0.0416 0.1152 0.4978 0.5713 0.3107 0.0959 0.0837 0.0662 0.0481
0.0298 0.0810 0.4742 0.6588 0.1619 0.0687 0.0555 0.0532 0.0715 0.2037
0.1387 0.5150 0.6466 0.2451 0.0623 0.0308 0.0277 0.0648 0.2659 0.5832
0.6406 0.5715 0.1578 0.0608 0.0509 0.0314 0.1076 0.4415 0.7012 0.4059
0.6475 0.1300 0.0415 0.0316 0.0458 0.0605 0.2352 0.7301 0.5333 0.1082
0.2457 0.0478 0.0552 0.0637 0.0607 0.2688 0.6885 0.6681 0.1774 0.0252
0.0485 0.0120 0.0330 0.1307 0.2910 0.7193 0.6015 0.2005 0.0208 0.0064
0.0603 0.0291 0.0476 0.2251 0.5633 0.5804 0.2254 0.1263 0.0473 0.0183
0.0225 0.0354 0.2227 0.6444 0.4732 0.2274 0.0608 0.0416 0.0382 0.0698
0.0539 0.1986 0.6148 0.5387 0.0820 0.0360 0.0431 0.0603 0.1314 0.3802
0.2279 0.5984 0.5572 0.1613 0.0604 0.0315 0.0323 0.0943 0.3693 0.5873
0.7398 0.4585 0.0754 0.0342 0.0411 0.0338 0.1189 0.5039 0.6814 0.3066
0.4939 0.0645 0.0462 0.0497 0.0488 0.0791 0.3620 0.7913 0.4331 0.0669
0.1459 0.0357 0.0502 0.0774 0.0905 0.4452 0.7178 0.4620 0.0792 0.0150
0.0442 0.0111 0.0276 0.1319 0.4260 0.7729 0.5026 0.1575 0.0183 0.0058
0.0557 0.0402 0.0776 0.3762 0.5956 0.4117 0.1326 0.1035 0.0666 0.0346
0.0178 0.0358 0.3355 0.7224 0.3253 0.1424 0.0579 0.0389 0.0365 0.0994
0.0780 0.3605 0.6870 0.3921 0.0645 0.0302 0.0280 0.0484 0.1698 0.5236
0.3513 0.6375 0.4272 0.1188 0.0534 0.0276 0.0382 0.1328 0.4768 0.5827
0.7520 0.3193 0.0493 0.0254 0.0389 0.0400 0.1327 0.5666 0.6288 0.2205
0.3618 0.0391 0.0515 0.0661 0.0519 0.1093 0.5146 0.8353 0.3589 0.0447
0.0812 0.0196 0.0430 0.1065 0.1465 0.5781 0.6938 0.3248 0.0388 0.0095
0.0492 0.0133 0.0268 0.1308 0.5065 0.7727 0.4170 0.1440 0.0214 0.0066
0.0458 0.0406 0.1058 0.4833 0.6009 0.3341 0.0944 0.0828 0.0652 0.0452
0.0235 0.0512 0.4274 0.7233 0.2008 0.0810 0.0613 0.0535 0.0559 0.1504
0.1029 0.4921 0.7097 0.2839 0.0627 0.0309 0.0202 0.0397 0.1928 0.5956
0.4585 0.6725 0.3411 0.1011 0.0425 0.0195 0.0312 0.1283 0.5373 0.6288
0.7490 0.2537 0.0427 0.0259 0.0352 0.0337 0.1124 0.5647 0.6033 0.2148
0.3067 0.0324 0.0538 0.0761 0.0538 0.1297 0.5726 0.8294 0.3062 0.0365
0.0541 0.0130 0.0383 0.1312 0.2032 0.6620 0.6705 0.2466 0.0240 0.0070
0.0539 0.0163 0.0288 0.1401 0.5473 0.7493 0.3536 0.1368 0.0259 0.0081
0.0357 0.0367 0.1303 0.5479 0.5901 0.3047 0.0779 0.0656 0.0541 0.0501
0.0307 0.0697 0.4835 0.7068 0.1460 0.0573 0.0623 0.0652 0.0758 0.1928
0.0947 0.5441 0.7543 0.2581 0.0634 0.0336 0.0139 0.0235 0.1519 0.6254
0.4765 0.7073 0.3456 0.1034 0.0343 0.0134 0.0182 0.0798 0.5155 0.7090
0.7576 0.2545 0.0422 0.0281 0.0306 0.0245 0.0807 0.5081 0.6033 0.2573
0.2936 0.0298 0.0546 0.0821 0.0530 0.1258 0.5726 0.8291 0.2970 0.0359
0.0467 0.0111 0.0369 0.1417 0.2243 0.6898 0.6661 0.2227 0.0200 0.0062
0.0545 0.0160 0.0275 0.1357 0.5628 0.7609 0.3495 0.1345 0.0252 0.0077
0.0330 0.0345 0.1337 0.5652 0.5965 0.3040 0.0743 0.0617 0.0508 0.0499
0.0303 0.0636 0.4843 0.7288 0.1448 0.0555 0.0650 0.0678 0.0736 0.1812
0.0931 0.5508 0.7634 0.2574 0.0649 0.0346 0.0125 0.0201 0.1391 0.6239
0.3121 0.7388 0.5330 0.1420 0.0309 0.0111 0.0070 0.0216 0.3279 0.8020
0.7863 0.3667 0.0484 0.0275 0.0284 0.0202 0.0621 0.4185 0.6396 0.3390
0.3486 0.0361 0.0541 0.0831 0.0430 0.0752 0.4210 0.7913 0.3412 0.0564
0.0638 0.0150 0.0410 0.1230 0.1673 0.6210 0.6938 0.2843 0.0289 0.0078
0.0459 0.0112 0.0232 0.1211 0.5388 0.8114 0.4277 0.1360 0.0177 0.0053
0.0450 0.0407 0.1037 0.4816 0.6269 0.3409 0.0854 0.0788 0.0651 0.0461
0.0220 0.0275 0.3505 0.8016 0.2463 0.0871 0.0822 0.0754 0.0510 0.0928
0.0747 0.4743 0.7771 0.3281 0.0688 0.0349 0.0128 0.0182 0.1110 0.5783
0.1421 0.7360 0.7553 0.2159 0.0325 0.0120 0.0025 0.0040 0.1258 0.8431
0.6000 0.7385 0.2559 0.0859 0.0247 0.0082 0.0124 0.0661 0.5639 0.7629
0.7083 0.1737 0.0425 0.0423 0.0242 0.0151 0.0562 0.4492 0.5443 0.2829
0.2247 0.0274 0.0560 0.0917 0.0593 0.1890 0.6425 0.7548 0.1975 0.0258
0.0242 0.0057 0.0300 0.1893 0.3627 0.7948 0.6110 0.1372 0.0096 0.0039
0.0648 0.0254 0.0353 0.1718 0.6215 0.6823 0.2375 0.1207 0.0385 0.0127
0.0182 0.0190 0.1679 0.7239 0.5729 0.2696 0.0728 0.0488 0.0311 0.0431
0.0461 0.0823 0.5539 0.7443 0.1137 0.0419 0.0635 0.0704 0.0806 0.1751
0.0845 0.6211 0.8129 0.2687 0.0563 0.0272 0.0046 0.0054 0.0807 0.7050
0.1150 0.7745 0.8189 0.2750 0.0250 0.0071 0.0007 0.0009 0.0699 0.9037
0.1235 0.7861 0.8125 0.2735 0.0226 0.0060 0.0006 0.0008 0.0712 0.9153
0.2956 0.7905 0.5935 0.1688 0.0201 0.0052 0.0018 0.0050 0.2300 0.8967
0.8047 0.3579 0.0444 0.0283 0.0235 0.0132 0.0383 0.3566 0.6412 0.4051
0.4921 0.1182 0.0497 0.0335 0.0548 0.1869 0.5604 0.7142 0.3469 0.0447
0.3309 0.1177 0.0480 0.0379 0.1095 0.4228 0.6284 0.4945 0.1785 0.0252
0.1905 0.0769 0.0448 0.0875 0.3637 0.5036 0.3229 0.2615 0.1165 0.0240
0.1082 0.1132 0.1715 0.3889 0.2909 0.1393 0.1300 0.1848 0.1932 0.1119
0.2239 0.2490 0.2821 0.3410 0.0875 0.0390 0.1784 0.4079 0.4758 0.2696
0.5486 0.2822 0.0939 0.0541 0.0729 0.1021 0.3955 0.7144 0.5901 0.1220
0.5119 0.1588 0.0511 0.0285 0.0732 0.2477 0.5932 0.7129 0.3710 0.0423
0.3423 0.1095 0.0503 0.0426 0.1036 0.3675 0.6111 0.5410 0.2011 0.0273
0.2173 0.0865 0.0568 0.0896 0.2136 0.3895 0.4273 0.3564 0.1484 0.0293
0.1775 0.1367 0.1180 0.2285 0.2493 0.1860 0.2171 0.2750 0.2340 0.0834
0.2306 0.2662 0.2216 0.2602 0.1338 0.0727 0.1720 0.3223 0.4036 0.2085
0.4318 0.3908 0.1901 0.1381 0.0823 0.0547 0.2374 0.5490 0.6222 0.2498
0.5476 0.2550 0.0784 0.0432 0.0751 0.1374 0.4485 0.7091 0.5330 0.0921
0.4653 0.1458 0.0524 0.0326 0.0777 0.2697 0.6019 0.6734 0.3231 0.0384
0.3068 0.0970 0.0503 0.0493 0.1176 0.3807 0.5906 0.5072 0.1798 0.0259
0.2007 0.0857 0.0627 0.1087 0.2218 0.3608 0.3975 0.3392 0.1502 0.0325
0.1812 0.1471 0.1279 0.2375 0.2328 0.1667 0.2137 0.2810 0.2509 0.0931
0.2567 0.2846 0.2154 0.2388 0.1260 0.0703 0.1821 0.3532 0.4367 0.2134
0.4445 0.3838 0.1779 0.1275 0.0817 0.0584 0.2535 0.5664 0.6218 0.2344
0.5405 0.2349 0.0728 0.0406 0.0755 0.1529 0.4715 0.7096 0.5047 0.0807
0.4441 0.1354 0.0517 0.0340 0.0797 0.2833 0.6091 0.6595 0.2993 0.0357
0.2788 0.0864 0.0499 0.0543 0.1260 0.3952 0.5855 0.4837 0.1611 0.0241
0.1855 0.0804 0.0637 0.1201 0.2358 0.3625 0.3824 0.3215 0.1418 0.0321
0.1731 0.1431 0.1315 0.2519 0.2356 0.1630 0.2082 0.2739 0.2460 0.0944
0.2542 0.2906 0.2238 0.2426 0.1230 0.0678 0.1772 0.3464 0.4373 0.2216
0.4529 0.3908 0.1770 0.1232 0.0811 0.0583 0.2530 0.5706 0.6280 0.2366
0.5441 0.2216 0.0689 0.0384 0.0753 0.1578 0.4804 0.7213 0.4992 0.0758
0.4270 0.1245 0.0514 0.0354 0.0788 0.2886 0.6190 0.6566 0.2827 0.0337
0.2599 0.0775 0.0482 0.0556 0.1306 0.4161 0.5923 0.4703 0.1452 0.0221
0.1673 0.0711 0.0618 0.1284 0.2559 0.3839 0.3752 0.3004 0.1256 0.0294
0.1556 0.1332 0.1353 0.2773 0.2510 0.1647 0.1954 0.2517 0.2281 0.0934
0.2427 0.2889 0.2345 0.2535 0.1233 0.0657 0.1668 0.3297 0.4275 0.2290
0.4549 0.3946 0.1815 0.1259 0.0797 0.0550 0.2469 0.5755 0.6377 0.2458
0.5489 0.2143 0.0666 0.0369 0.0743 0.1596 0.4866 0.7312 0.4987 0.0732
0.4262 0.1222 0.0507 0.0348 0.0779 0.2926 0.6253 0.6586 0.2788 0.0328
0.2530 0.0760 0.0481 0.0567 0.1339 0.4222 0.5900 0.4611 0.1407 0.0217
0.1640 0.0716 0.0625 0.1334 0.2669 0.3828 0.3609 0.2909 0.1254 0.0301
0.1538 0.1342 0.1387 0.2845 0.2522 0.1600 0.1890 0.2486 0.2302 0.0965
0.2416 0.2929 0.2433 0.2588 0.1181 0.0622 0.1651 0.3306 0.4324 0.2377
0.4669 0.3960 0.1754 0.1182 0.0787 0.0565 0.2542 0.5868 0.6417 0.2403
0.5526 0.2073 0.0634 0.0347 0.0743 0.1672 0.4967 0.7363 0.4910 0.0690
0.4116 0.1147 0.0504 0.0360 0.0783 0.2992 0.6315 0.6529 0.2648 0.0313
0.2376 0.0707 0.0476 0.0596 0.1396 0.4336 0.5879 0.4467 0.1309 0.0208
0.1541 0.0678 0.0626 0.1417 0.2806 0.3888 0.3508 0.2778 0.1188 0.0295
0.1470 0.1343 0.1449 0.2991 0.2567 0.1557 0.1783 0.2362 0.2264 0.1004
0.2324 0.3038 0.2636 0.2642 0.1146 0.0591 0.1506 0.3060 0.4235 0.2552
0.4784 0.4136 0.1804 0.1161 0.0775 0.0533 0.2433 0.5900 0.6582 0.2553
0.5634 0.2113 0.0634 0.0340 0.0733 0.1613 0.4909 0.7450 0.5059 0.0714
0.4209 0.1150 0.0498 0.0347 0.0762 0.2949 0.6342 0.6651 0.2721 0.0315
0.2361 0.0694 0.0470 0.0582 0.1372 0.4391 0.5960 0.4488 0.1285 0.0203
0.1476 0.0627 0.0597 0.1401 0.2896 0.4100 0.3562 0.2710 0.1096 0.0271
0.1391 0.1223 0.1385 0.3058 0.2720 0.1663 0.1791 0.2303 0.2114 0.0925
0.2170 0.2841 0.2639 0.2819 0.1176 0.0601 0.1516 0.2978 0.4044 0.2461
0.4723 0.4095 0.1811 0.1183 0.0778 0.0537 0.2440 0.5856 0.6527 0.2533
0.5612 0.2017 0.0616 0.0335 0.0736 0.1643 0.4952 0.7496 0.4995 0.0685
0.4019 0.1052 0.0499 0.0370 0.0759 0.2967 0.6395 0.6621 0.2579 0.0301
0.2158 0.0614 0.0457 0.0605 0.1406 0.4565 0.6031 0.4367 0.1153 0.0188
0.1332 0.0569 0.0594 0.1519 0.3081 0.4232 0.3473 0.2526 0.0993 0.0257
0.1266 0.1147 0.1404 0.3246 0.2894 0.1715 0.1680 0.2108 0.1949 0.0905
0.2054 0.2809 0.2767 0.2930 0.1181 0.0584 0.1407 0.2800 0.3917 0.2541
0.4643 0.4219 0.1959 0.1269 0.0762 0.0489 0.2278 0.5730 0.6591 0.2747
0.5778 0.2086 0.0605 0.0316 0.0731 0.1613 0.4899 0.7583 0.5159 0.0704
0.4158 0.1088 0.0497 0.0355 0.0743 0.2899 0.6382 0.6737 0.2702 0.0310
0.2214 0.0635 0.0461 0.0591 0.1363 0.4523 0.6078 0.4428 0.1184 0.0191
0.1369 0.0573 0.0575 0.1437 0.3088 0.4331 0.3520 0.2556 0.0992 0.0250
0.1245 0.1144 0.1417 0.3284 0.2929 0.1717 0.1644 0.2059 0.1925 0.0911
0.2028 0.2798 0.2796 0.2956 0.1181 0.0580 0.1384 0.2763 0.3887 0.2558
0.4656 0.4229 0.1969 0.1274 0.0759 0.0481 0.2260 0.5755 0.6625 0.2775
0.5769 0.2039 0.0598 0.0315 0.0728 0.1621 0.4925 0.7609 0.5131 0.0691
0.4091 0.1028 0.0492 0.0361 0.0739 0.2895 0.6407 0.6782 0.2656 0.0302
0.2000 0.0556 0.0451 0.0618 0.1378 0.4677 0.6168 0.4323 0.1060 0.0178
0.1205 0.0484 0.0545 0.1503 0.3271 0.4643 0.3565 0.2394 0.0842 0.0220
0.1102 0.0980 0.1351 0.3483 0.3208 0.1886 0.1620 0.1907 0.1683 0.0809
0.1758 0.2589 0.2925 0.3215 0.1240 0.0601 0.1279 0.2415 0.3470 0.2509
0.4504 0.4302 0.2120 0.1373 0.0757 0.0451 0.2099 0.5537 0.6591 0.2951
0.5871 0.2155 0.0617 0.0319 0.0727 0.1517 0.4764 0.7642 0.5350 0.0751
0.4180 0.1012 0.0491 0.0359 0.0720 0.2757 0.6365 0.6960 0.2783 0.0311
0.2039 0.0563 0.0452 0.0595 0.1300 0.4632 0.6286 0.4439 0.1083 0.0180
0.1169 0.0444 0.0509 0.1416 0.3279 0.4919 0.3742 0.2393 0.0771 0.0197
0.1036 0.0918 0.1313 0.3545 0.3412 0.2015 0.1576 0.1789 0.1556 0.0761
0.1537 0.2453 0.3077 0.3397 0.1304 0.0626 0.1144 0.2056 0.3078 0.2499
0.4360 0.4371 0.2295 0.1485 0.0753 0.0413 0.1909 0.5340 0.6591 0.3174
0.5926 0.2254 0.0645 0.0334 0.0720 0.1393 0.4587 0.7663 0.5553 0.0823
0.4376 0.1042 0.0486 0.0343 0.0705 0.2635 0.6302 0.7144 0.2984 0.0325
0.2112 0.0582 0.0454 0.0569 0.1224 0.4567 0.6388 0.4575 0.1125 0.0183
0.1157 0.0427 0.0491 0.1358 0.3257 0.5068 0.3861 0.2402 0.0738 0.0186
0.1007 0.0864 0.1249 0.3521 0.3573 0.2153 0.1584 0.1749 0.1472 0.0708
0.1402 0.2301 0.3108 0.3556 0.1370 0.0651 0.1096 0.1893 0.2837 0.2426
0.4037 0.4499 0.2598 0.1624 0.0747 0.0393 0.1670 0.4778 0.6356 0.3434
0.6071 0.2524 0.0688 0.0342 0.0722 0.1265 0.4328 0.7643 0.5872 0.0946
0.4578 0.1038 0.0481 0.0336 0.0694 0.2423 0.6151 0.7403 0.3261 0.0347
0.2220 0.0611 0.0466 0.0546 0.1100 0.4392 0.6539 0.4797 0.1200 0.0191
0.1182 0.0414 0.0460 0.1214 0.3148 0.5293 0.4118 0.2486 0.0710 0.0172
0.0980 0.0795 0.1150 0.3434 0.3787 0.2385 0.1623 0.1711 0.1361 0.0630
0.1242 0.2060 0.3062 0.3765 0.1506 0.0710 0.1056 0.1716 0.2524 0.2257
0.3634 0.4470 0.2909 0.1820 0.0745 0.0376 0.1469 0.4224 0.6023 0.3627
0.6133 0.2786 0.0749 0.0367 0.0723 0.1134 0.4068 0.7586 0.6141 0.1092
0.4752 0.1025 0.0475 0.0331 0.0687 0.2241 0.5993 0.7624 0.3517 0.0366
0.2287 0.0625 0.0476 0.0531 0.1003 0.4246 0.6668 0.4990 0.1258 0.0198
0.1146 0.0373 0.0423 0.1095 0.3042 0.5600 0.4444 0.2551 0.0644 0.0152
0.0917 0.0693 0.1042 0.3397 0.4051 0.2703 0.1688 0.1647 0.1199 0.0536
0.1054 0.1743 0.2943 0.4045 0.1733 0.0815 0.1024 0.1513 0.2130 0.1996
0.3331 0.4274 0.3059 0.2030 0.0757 0.0366 0.1387 0.3967 0.5780 0.3655
0.6061 0.3013 0.0844 0.0423 0.0721 0.0999 0.3819 0.7474 0.6334 0.1264
0.4925 0.1052 0.0469 0.0319 0.0688 0.2146 0.5876 0.7744 0.3722 0.0384
0.2377 0.0642 0.0480 0.0513 0.0939 0.4119 0.6740 0.5175 0.1327 0.0204
0.1089 0.0335 0.0403 0.1038 0.2900 0.5791 0.4749 0.2611 0.0588 0.0138
0.0870 0.0602 0.0936 0.3294 0.4238 0.3059 0.1810 0.1619 0.1054 0.0450
0.0910 0.1463 0.2758 0.4282 0.2017 0.0954 0.1015 0.1360 0.1804 0.1724
0.2779 0.4152 0.3474 0.2302 0.0773 0.0368 0.1160 0.3159 0.5129 0.3800
0.5991 0.3591 0.1062 0.0536 0.0722 0.0777 0.3286 0.7222 0.6747 0.1700
0.5280 0.1118 0.0461 0.0300 0.0689 0.1928 0.5576 0.7964 0.4181 0.0430
0.2679 0.0718 0.0498 0.0478 0.0819 0.3778 0.6832 0.5587 0.1548 0.0225
0.1171 0.0350 0.0399 0.0920 0.2562 0.5761 0.5122 0.2840 0.0615 0.0137
0.0900 0.0566 0.0818 0.2907 0.4343 0.3493 0.1974 0.1649 0.0973 0.0381
0.0822 0.1266 0.2548 0.4403 0.2353 0.1111 0.0990 0.1252 0.1583 0.1506
0.2239 0.3881 0.3897 0.2664 0.0786 0.0367 0.0982 0.2493 0.4425 0.3884
0.5875 0.4123 0.1312 0.0658 0.0718 0.0626 0.2814 0.6905 0.7015 0.2177
0.5643 0.1251 0.0456 0.0276 0.0690 0.1773 0.5286 0.8073 0.4608 0.0485
0.2956 0.0763 0.0507 0.0452 0.0736 0.3442 0.6853 0.6017 0.1789 0.0245
0.1181 0.0340 0.0396 0.0851 0.2241 0.5755 0.5542 0.3047 0.0608 0.0133
0.0876 0.0479 0.0687 0.2546 0.4454 0.4137 0.2256 0.1657 0.0816 0.0294
0.0725 0.1018 0.2213 0.4556 0.2894 0.1383 0.0996 0.1157 0.1333 0.1209
0.1687 0.3422 0.4267 0.3153 0.0833 0.0386 0.0840 0.1878 0.3566 0.3806
0.5523 0.4644 0.1732 0.0870 0.0714 0.0487 0.2250 0.6321 0.7130 0.2836
0.6028 0.1497 0.0463 0.0255 0.0689 0.1608 0.4922 0.8089 0.5079 0.0574
0.3399 0.0815 0.0509 0.0423 0.0678 0.3012 0.6743 0.6580 0.2185 0.0273
0.1306 0.0365 0.0408 0.0761 0.1825 0.5531 0.5989 0.3435 0.0669 0.0138
0.0886 0.0403 0.0556 0.2027 0.4359 0.4892 0.2747 0.1765 0.0683 0.0219
0.0699 0.0835 0.1803 0.4551 0.3481 0.1725 0.1085 0.1188 0.1209 0.0939
0.1305 0.2864 0.4309 0.3626 0.0952 0.0441 0.0792 0.1516 0.2850 0.3455
0.4963 0.4863 0.2211 0.1140 0.0711 0.0407 0.1818 0.5598 0.6970 0.3374
0.6247 0.1843 0.0502 0.0256 0.0692 0.1470 0.4629 0.7995 0.5464 0.0690
0.3829 0.0809 0.0498 0.0406 0.0658 0.2573 0.6480 0.7163 0.2657 0.0303
0.1460 0.0404 0.0433 0.0707 0.1472 0.5170 0.6337 0.3852 0.0765 0.0150
0.0897 0.0351 0.0468 0.1620 0.4130 0.5497 0.3297 0.1901 0.0591 0.0172
0.0737 0.0725 0.1426 0.4321 0.3997 0.2104 0.1227 0.1315 0.1179 0.0737
0.1020 0.2237 0.4114 0.4158 0.1135 0.0525 0.0815 0.1322 0.2272 0.2928
0.4129 0.5000 0.2879 0.1453 0.0706 0.0372 0.1388 0.4363 0.6371 0.3865
0.6424 0.2371 0.0583 0.0276 0.0703 0.1281 0.4246 0.7857 0.5960 0.0889
0.4245 0.0768 0.0482 0.0401 0.0656 0.2125 0.6085 0.7713 0.3214 0.0339
0.1669 0.0455 0.0462 0.0648 0.1147 0.4723 0.6680 0.4380 0.0905 0.0167
0.0891 0.0303 0.0402 0.1287 0.3780 0.6026 0.3966 0.2073 0.0512 0.0138
0.0727 0.0629 0.1175 0.4078 0.4495 0.2599 0.1322 0.1301 0.1047 0.0581
0.0731 0.1704 0.3991 0.4634 0.1477 0.0681 0.0716 0.0954 0.1582 0.2451
0.3039 0.4812 0.3808 0.1950 0.0696 0.0332 0.0952 0.2967 0.5373 0.4373
0.6472 0.3133 0.0768 0.0356 0.0694 0.0934 0.3533 0.7565 0.6577 0.1337
0.4916 0.0863 0.0458 0.0349 0.0658 0.1803 0.5597 0.8067 0.3937 0.0401
0.2098 0.0569 0.0492 0.0555 0.0890 0.4165 0.6907 0.5071 0.1191 0.0197
0.0909 0.0279 0.0371 0.1071 0.3270 0.6264 0.4664 0.2312 0.0477 0.0121
0.0746 0.0536 0.0923 0.3588 0.4801 0.3271 0.1570 0.1369 0.0915 0.0428
0.0622 0.1201 0.3227 0.4961 0.2084 0.0951 0.0794 0.0934 0.1283 0.1751
0.2117 0.4252 0.4474 0.2581 0.0709 0.0333 0.0772 0.2040 0.4216 0.4412
0.6237 0.4121 0.1141 0.0521 0.0704 0.0676 0.2862 0.7052 0.7049 0.2042
0.5561 0.1051 0.0440 0.0296 0.0668 0.1596 0.5095 0.8211 0.4608 0.0483
0.2565 0.0665 0.0518 0.0501 0.0722 0.3536 0.6973 0.5822 0.1572 0.0234
0.0920 0.0259 0.0366 0.0948 0.2624 0.6273 0.5444 0.2632 0.0456 0.0111
0.0749 0.0437 0.0703 0.2901 0.4924 0.4215 0.1981 0.1429 0.0736 0.0295
0.0524 0.0840 0.2495 0.5143 0.3030 0.1412 0.0826 0.0849 0.0985 0.1192
0.1372 0.3432 0.4974 0.3400 0.0770 0.0354 0.0643 0.1377 0.3028 0.4205
0.5586 0.4875 0.1811 0.0839 0.0700 0.0462 0.2034 0.6124 0.7169 0.3052
0.6223 0.1466 0.0442 0.0249 0.0659 0.1400 0.4493 0.8118 0.5269 0.0630
0.3209 0.0714 0.0522 0.0461 0.0632 0.2775 0.6746 0.6795 0.2209 0.0284
0.1056 0.0287 0.0394 0.0848 0.1930 0.5867 0.6101 0.3148 0.0526 0.0119
0.0766 0.0343 0.0511 0.2046 0.4730 0.5334 0.2700 0.1595 0.0573 0.0193
0.0544 0.0663 0.1787 0.4973 0.3970 0.1943 0.0955 0.0949 0.0929 0.0830
0.0882 0.2522 0.5072 0.4249 0.0930 0.0430 0.0595 0.0969 0.2030 0.3621
0.4380 0.5268 0.2883 0.1270 0.0689 0.0365 0.1275 0.4351 0.6512 0.4046
0.6629 0.2195 0.0516 0.0249 0.0655 0.1174 0.3903 0.7844 0.5931 0.0898
0.3972 0.0662 0.0493 0.0447 0.0624 0.1994 0.6103 0.7797 0.3131 0.0340
0.1356 0.0363 0.0445 0.0735 0.1289 0.5116 0.6678 0.3962 0.0709 0.0143
0.0761 0.0262 0.0383 0.1390 0.4235 0.6318 0.3734 0.1833 0.0440 0.0128
0.0609 0.0557 0.1230 0.4497 0.4799 0.2636 0.1163 0.1111 0.0908 0.0573
0.0603 0.1548 0.4389 0.5072 0.1385 0.0627 0.0650 0.0824 0.1371 0.2548
0.2847 0.5009 0.4184 0.1926 0.0675 0.0325 0.0793 0.2489 0.5072 0.4669
0.6645 0.3314 0.0755 0.0337 0.0670 0.0876 0.3285 0.7438 0.6660 0.1440
0.4879 0.0754 0.0453 0.0378 0.0643 0.1586 0.5353 0.8224 0.4063 0.0419
0.1886 0.0502 0.0498 0.0608 0.0879 0.4220 0.6997 0.4959 0.1072 0.0186
0.0763 0.0224 0.0343 0.1104 0.3493 0.6669 0.4752 0.2123 0.0382 0.0102
0.0669 0.0485 0.0894 0.3746 0.5176 0.3491 0.1468 0.1228 0.0815 0.0401
0.0426 0.0958 0.3554 0.5541 0.2270 0.1032 0.0642 0.0634 0.0873 0.1662
0.1722 0.4198 0.5116 0.2818 0.0685 0.0314 0.0584 0.1492 0.3599 0.4755
0.6178 0.4636 0.1362 0.0600 0.0678 0.0539 0.2309 0.6586 0.7209 0.2589
0.5929 0.1134 0.0427 0.0282 0.0633 0.1314 0.4453 0.8186 0.4981 0.0582
0.2670 0.0655 0.0531 0.0505 0.0658 0.3220 0.6980 0.6175 0.1728 0.0250
0.0813 0.0220 0.0359 0.0984 0.2534 0.6455 0.5728 0.2570 0.0390 0.0098
0.0704 0.0369 0.0594 0.2576 0.5138 0.4873 0.2159 0.1398 0.0617 0.0237
0.0406 0.0629 0.2319 0.5544 0.3628 0.1709 0.0772 0.0693 0.0734 0.0969
0.0974 0.2951 0.5454 0.3997 0.0793 0.0364 0.0535 0.0973 0.2258 0.4151
0.4854 0.5372 0.2563 0.1059 0.0682 0.0385 0.1375 0.4743 0.6762 0.3892
0.6652 0.1886 0.0460 0.0238 0.0619 0.1121 0.3727 0.7858 0.5741 0.0849
0.3557 0.0603 0.0513 0.0490 0.0598 0.2051 0.6287 0.7660 0.2849 0.0331
0.1052 0.0278 0.0419 0.0860 0.1569 0.5627 0.6544 0.3410 0.0528 0.0119
0.0706 0.0258 0.0391 0.1550 0.4664 0.6319 0.3344 0.1654 0.0429 0.0133
0.0512 0.0523 0.1400 0.4941 0.4822 0.2496 0.1004 0.0937 0.0804 0.0617
0.0540 0.1674 0.5080 0.5209 0.1171 0.0534 0.0544 0.0676 0.1263 0.2972
0.3020 0.5285 0.4208 0.1728 0.0666 0.0324 0.0736 0.2448 0.5189 0.4831
0.6815 0.3248 0.0691 0.0310 0.0626 0.0815 0.3010 0.7305 0.6610 0.1479
0.4681 0.0666 0.0460 0.0417 0.0622 0.1479 0.5288 0.8257 0.3982 0.0420
0.1665 0.0435 0.0489 0.0665 0.0940 0.4450 0.7016 0.4692 0.0919 0.0168
0.0663 0.0193 0.0328 0.1186 0.3817 0.6923 0.4639 0.1925 0.0326 0.0092
0.0615 0.0465 0.0920 0.3985 0.5391 0.3487 0.1346 0.1127 0.0774 0.0407
0.0359 0.0853 0.3772 0.5892 0.2251 0.1009 0.0598 0.0557 0.0753 0.1657
0.1529 0.4287 0.5563 0.2882 0.0662 0.0306 0.0479 0.1179 0.3226 0.5029
0.6218 0.4873 0.1422 0.0601 0.0652 0.0492 0.2034 0.6253 0.7211 0.2846
0.6120 0.1201 0.0422 0.0279 0.0599 0.1138 0.3984 0.8064 0.5136 0.0666
0.2669 0.0621 0.0538 0.0524 0.0634 0.3041 0.6957 0.6363 0.1790 0.0256
0.0737 0.0195 0.0355 0.1037 0.2550 0.6593 0.5847 0.2478 0.0344 0.0090
0.0670 0.0348 0.0566 0.2511 0.5250 0.5098 0.2184 0.1353 0.0575 0.0224
0.0363 0.0556 0.2245 0.5685 0.3956 0.1868 0.0726 0.0622 0.0640 0.0889
0.0806 0.2668 0.5717 0.4384 0.0795 0.0360 0.0488 0.0823 0.1923 0.4122
0.4056 0.5631 0.3365 0.1222 0.0660 0.0356 0.0934 0.3316 0.6020 0.4520
0.6977 0.2375 0.0484 0.0237 0.0566 0.0875 0.2970 0.7414 0.6065 0.1147
0.3821 0.0545 0.0501 0.0508 0.0590 0.1669 0.5884 0.8072 0.3298 0.0366
0.1139 0.0300 0.0443 0.0829 0.1332 0.5332 0.6776 0.3706 0.0584 0.0127
0.0684 0.0228 0.0348 0.1359 0.4573 0.6728 0.3711 0.1690 0.0375 0.0112
0.0521 0.0494 0.1235 0.4755 0.5205 0.2811 0.1023 0.0937 0.0773 0.0545
0.0420 0.1284 0.4936 0.5698 0.1391 0.0621 0.0524 0.0573 0.0972 0.2562
0.2241 0.5131 0.5094 0.2083 0.0647 0.0307 0.0517 0.1567 0.4187 0.5224
0.6801 0.4283 0.0939 0.0404 0.0592 0.0569 0.2241 0.6564 0.7012 0.2266
0.5374 0.0816 0.0436 0.0363 0.0596 0.1183 0.4435 0.8217 0.4578 0.0542
0.2028 0.0518 0.0521 0.0604 0.0761 0.3866 0.7119 0.5343 0.1193 0.0198
0.0622 0.0169 0.0324 0.1149 0.3385 0.7023 0.5215 0.2026 0.0289 0.0082
0.0637 0.0411 0.0729 0.3330 0.5534 0.4242 0.1612 0.1192 0.0681 0.0311
0.0273 0.0593 0.3255 0.6220 0.3093 0.1417 0.0571 0.0443 0.0523 0.1205
0.0991 0.3564 0.6134 0.3677 0.0683 0.0315 0.0395 0.0770 0.2236 0.4894
0.5031 0.5667 0.2560 0.0932 0.0639 0.0365 0.1137 0.4210 0.6650 0.4174
0.6877 0.1880 0.0433 0.0245 0.0522 0.0789 0.2743 0.7408 0.5767 0.1082
0.3306 0.0534 0.0528 0.0542 0.0571 0.1948 0.6315 0.7703 0.2765 0.0334
0.0850 0.0222 0.0402 0.0974 0.1786 0.6027 0.6504 0.3014 0.0411 0.0101
0.0670 0.0257 0.0390 0.1635 0.5020 0.6386 0.3069 0.1521 0.0419 0.0136
0.0411 0.0478 0.1573 0.5309 0.4969 0.2498 0.0829 0.0725 0.0654 0.0640
0.0472 0.1656 0.5611 0.5485 0.1053 0.0473 0.0467 0.0571 0.1129 0.3229
0.2476 0.5536 0.5058 0.1771 0.0640 0.0316 0.0479 0.1519 0.4328 0.5385
0.7084 0.4098 0.0781 0.0346 0.0522 0.0514 0.1935 0.6259 0.6852 0.2288
0.5028 0.0694 0.0449 0.0420 0.0573 0.1120 0.4455 0.8202 0.4346 0.0528
0.1739 0.0448 0.0508 0.0665 0.0846 0.4224 0.7130 0.4914 0.0977 0.0174
0.0585 0.0161 0.0310 0.1192 0.3811 0.7205 0.4914 0.1850 0.0270 0.0079
0.0607 0.0432 0.0814 0.3722 0.5665 0.3911 0.1389 0.1104 0.0712 0.0357
0.0262 0.0596 0.3581 0.6438 0.2737 0.1218 0.0566 0.0450 0.0534 0.1331
0.0994 0.3941 0.6455 0.3453 0.0648 0.0306 0.0332 0.0650 0.2168 0.5251
0.5295 0.5767 0.2384 0.0845 0.0607 0.0355 0.1080 0.4094 0.6675 0.4224
0.6917 0.1837 0.0424 0.0252 0.0490 0.0690 0.2436 0.7235 0.5743 0.1170
0.3114 0.0490 0.0537 0.0583 0.0566 0.1939 0.6359 0.7675 0.2639 0.0326
0.0741 0.0192 0.0390 0.1058 0.1965 0.6282 0.6443 0.2762 0.0349 0.0091
0.0649 0.0250 0.0385 0.1669 0.5189 0.6454 0.2971 0.1464 0.0407 0.0134
0.0368 0.0447 0.1645 0.5517 0.5034 0.2501 0.0773 0.0653 0.0591 0.0640
0.0436 0.1610 0.5839 0.5671 0.1004 0.0451 0.0446 0.0526 0.1051 0.3294
0.2263 0.5680 0.5428 0.1766 0.0632 0.0318 0.0393 0.1183 0.3919 0.5614
0.7149 0.4470 0.0840 0.0374 0.0482 0.0413 0.1554 0.5730 0.6940 0.2747
0.5208 0.0732 0.0446 0.0425 0.0535 0.0941 0.3919 0.8041 0.4476 0.0615
0.1776 0.0453 0.0517 0.0666 0.0807 0.4109 0.7170 0.5026 0.1009 0.0178
0.0549 0.0148 0.0304 0.1210 0.3810 0.7318 0.5035 0.1811 0.0246 0.0073
0.0603 0.0422 0.0776 0.3599 0.5758 0.4091 0.1408 0.1092 0.0689 0.0341
0.0233 0.0512 0.3457 0.6632 0.2998 0.1331 0.0554 0.0417 0.0466 0.1198
0.0841 0.3715 0.6724 0.3755 0.0648 0.0306 0.0298 0.0533 0.1843 0.5242
0.4612 0.6043 0.3066 0.0984 0.0578 0.0312 0.0722 0.2821 0.6048 0.4912
0.7242 0.2378 0.0444 0.0247 0.0436 0.0532 0.1828 0.6543 0.5989 0.1581
0.3356 0.0429 0.0525 0.0614 0.0553 0.1512 0.5902 0.8150 0.3135 0.0369
0.0787 0.0200 0.0411 0.1045 0.1691 0.6030 0.6697 0.2999 0.0374 0.0094
0.0607 0.0207 0.0336 0.1467 0.5099 0.6947 0.3401 0.1487 0.0335 0.0106
0.0405 0.0438 0.1392 0.5216 0.5478 0.2825 0.0809 0.0703 0.0615 0.0564
0.0372 0.1127 0.5294 0.6231 0.1249 0.0532 0.0513 0.0566 0.0901 0.2594
0.1515 0.5497 0.6470 0.2181 0.0621 0.0312 0.0254 0.0620 0.2747 0.5986
0.6864 0.5657 0.1290 0.0533 0.0441 0.0266 0.0927 0.4224 0.7060 0.4186
0.6239 0.1152 0.0424 0.0360 0.0434 0.0554 0.2261 0.7178 0.5112 0.1088
0.2252 0.0517 0.0551 0.0619 0.0641 0.3222 0.7115 0.6031 0.1461 0.0226
0.0505 0.0129 0.0316 0.1250 0.3241 0.7289 0.5681 0.1920 0.0218 0.0066
0.0621 0.0352 0.0572 0.2679 0.5732 0.5137 0.1857 0.1199 0.0569 0.0239
0.0209 0.0376 0.2657 0.6646 0.4169 0.1933 0.0568 0.0387 0.0375 0.0825
0.0572 0.2557 0.6691 0.4930 0.0722 0.0332 0.0335 0.0475 0.1312 0.4439
0.2700 0.6156 0.5116 0.1428 0.0580 0.0301 0.0338 0.1065 0.4082 0.5875
0.7527 0.4092 0.0625 0.0301 0.0384 0.0333 0.1138 0.5097 0.6626 0.2841
0.4411 0.0532 0.0483 0.0553 0.0501 0.0912 0.4258 0.8119 0.4041 0.0566
0.1247 0.0312 0.0480 0.0831 0.1049 0.4885 0.7112 0.4156 0.0648 0.0133
0.0496 0.0132 0.0278 0.1264 0.4541 0.7634 0.4594 0.1568 0.0216 0.0066
0.0536 0.0432 0.0916 0.4244 0.5958 0.3649 0.1113 0.0947 0.0699 0.0408
0.0198 0.0481 0.4124 0.7126 0.2477 0.1062 0.0522 0.0382 0.0422 0.1350
0.0894 0.4347 0.7096 0.3334 0.0645 0.0308 0.0218 0.0397 0.1731 0.5635
0.4383 0.6573 0.3558 0.1074 0.0456 0.0206 0.0339 0.1422 0.5402 0.6157
0.7523 0.2763 0.0445 0.0260 0.0348 0.0331 0.1096 0.5450 0.6079 0.2265
0.3326 0.0376 0.0528 0.0679 0.0535 0.1293 0.5632 0.8289 0.3259 0.0390
0.0693 0.0173 0.0408 0.1139 0.1744 0.6191 0.6761 0.2834 0.0322 0.0086
0.0573 0.0177 0.0297 0.1358 0.5274 0.7352 0.3577 0.1442 0.0283 0.0088
0.0383 0.0409 0.1338 0.5271 0.5764 0.2990 0.0770 0.0660 0.0573 0.0532
0.0320 0.0831 0.5071 0.6801 0.1403 0.0573 0.0558 0.0571 0.0757 0.2126
0.1108 0.5440 0.7230 0.2470 0.0634 0.0324 0.0165 0.0322 0.1859 0.6172
0.5672 0.6791 0.2553 0.0869 0.0362 0.0149 0.0302 0.1527 0.6100 0.6424
0.7320 0.2087 0.0412 0.0299 0.0321 0.0277 0.0967 0.5511 0.5795 0.2192
0.2770 0.0362 0.0552 0.0734 0.0554 0.1723 0.6278 0.7830 0.2505 0.0312
0.0471 0.0117 0.0356 0.1371 0.2495 0.7015 0.6396 0.2115 0.0204 0.0064
0.0608 0.0230 0.0356 0.1668 0.5670 0.6787 0.2790 0.1322 0.0364 0.0122
0.0263 0.0340 0.1748 0.6101 0.5442 0.2672 0.0643 0.0484 0.0422 0.0586
0.0388 0.1199 0.5860 0.6498 0.1018 0.0426 0.0491 0.0555 0.0905 0.2785
0.1268 0.5883 0.7130 0.2118 0.0611 0.0323 0.0151 0.0303 0.1965 0.6380
0.6033 0.6945 0.2332 0.0816 0.0323 0.0127 0.0259 0.1369 0.6183 0.6673
0.7154 0.1832 0.0413 0.0334 0.0308 0.0253 0.0921 0.5490 0.5639 0.2181
0.2539 0.0343 0.0557 0.0779 0.0571 0.1899 0.6437 0.7591 0.2203 0.0283
0.0370 0.0090 0.0333 0.1547 0.2919 0.7391 0.6254 0.1802 0.0155 0.0054
0.0612 0.0242 0.0368 0.1765 0.5870 0.6695 0.2571 0.1266 0.0379 0.0130
0.0213 0.0287 0.1879 0.6549 0.5428 0.2635 0.0616 0.0424 0.0351 0.0566
0.0426 0.1200 0.5845 0.6570 0.0972 0.0395 0.0521 0.0628 0.0982 0.2745
0.1086 0.5993 0.7518 0.2223 0.0603 0.0323 0.0110 0.0186 0.1514 0.6573
0.4794 0.7362 0.3596 0.1070 0.0287 0.0100 0.0115 0.0501 0.4850 0.7677
0.7599 0.2410 0.0410 0.0298 0.0279 0.0198 0.0653 0.4811 0.5994 0.2806
0.2766 0.0275 0.0554 0.0878 0.0535 0.1298 0.5836 0.8248 0.2796 0.0338
0.0386 0.0094 0.0355 0.1553 0.2528 0.7180 0.6548 0.1957 0.0164 0.0056
0.0596 0.0187 0.0286 0.1368 0.5829 0.7459 0.3153 0.1324 0.0290 0.0088
0.0280 0.0323 0.1507 0.5944 0.5930 0.2947 0.0645 0.0513 0.0435 0.0524
0.0382 0.0637 0.4858 0.7483 0.1401 0.0510 0.0708 0.0776 0.0780 0.1571
0.0870 0.5601 0.7855 0.2660 0.0667 0.0352 0.0092 0.0130 0.1086 0.6253
0.2118 0.7700 0.6791 0.1897 0.0254 0.0078 0.0022 0.0049 0.1829 0.8757
0.7874 0.5590 0.0761 0.0377 0.0255 0.0130 0.0384 0.2707 0.6825 0.5173
0.4886 0.0758 0.0530 0.0810 0.0237 0.0211 0.1193 0.5186 0.3952 0.1781
0.1061 0.0245 0.0475 0.0970 0.1097 0.5046 0.7182 0.3966 0.0531 0.0114
0.0333 0.0077 0.0236 0.1385 0.4906 0.8254 0.5005 0.1310 0.0125 0.0043
0.0568 0.0445 0.0786 0.3782 0.6349 0.4084 0.1098 0.0951 0.0713 0.0386
0.0142 0.0125 0.2485 0.8496 0.4229 0.1611 0.0857 0.0570 0.0267 0.0433
0.0572 0.3000 0.7555 0.4973 0.0798 0.0371 0.0182 0.0205 0.0785 0.4224
0.1053 0.7219 0.8122 0.2665 0.0347 0.0122 0.0016 0.0020 0.0790 0.8447
0.1288 0.7810 0.8015 0.2620 0.0236 0.0065 0.0008 0.0010 0.0791 0.9075
0.4120 0.7810 0.4585 0.1319 0.0207 0.0056 0.0035 0.0131 0.3553 0.8690
0.7600 0.2224 0.0406 0.0362 0.0224 0.0119 0.0393 0.4029 0.5891 0.3499
0.2523 0.0247 0.0568 0.0973 0.0535 0.1350 0.5990 0.8152 0.2532 0.0312
0.0258 0.0062 0.0317 0.1845 0.3239 0.7787 0.6342 0.1487 0.0104 0.0042
0.0680 0.0206 0.0268 0.1268 0.6223 0.7578 0.2895 0.1298 0.0308 0.0086
0.0218 0.0216 0.1492 0.6836 0.5968 0.2858 0.0738 0.0542 0.0364 0.0432
0.0466 0.0631 0.4780 0.7594 0.1239 0.0413 0.0820 0.1087 0.0997 0.1581
0.0950 0.6133 0.7871 0.2451 0.0573 0.0289 0.0067 0.0096 0.1094 0.6892
0.2767 0.7758 0.5999 0.1618 0.0240 0.0073 0.0029 0.0077 0.2446 0.8698
0.7965 0.4655 0.0575 0.0304 0.0260 0.0158 0.0471 0.3324 0.6610 0.4285
0.4516 0.0587 0.0503 0.0643 0.0385 0.0557 0.2967 0.7315 0.3993 0.0847
0.1212 0.0313 0.0484 0.0838 0.1043 0.4944 0.7152 0.4064 0.0628 0.0132
0.0529 0.0134 0.0254 0.1140 0.4803 0.7825 0.4504 0.1555 0.0215 0.0062
0.0520 0.0433 0.0950 0.4384 0.6054 0.3562 0.1026 0.0905 0.0698 0.0428
0.0212 0.0430 0.3948 0.7343 0.2357 0.0956 0.0620 0.0503 0.0486 0.1285
0.1030 0.4573 0.6913 0.3066 0.0627 0.0297 0.0235 0.0481 0.2044 0.5755
0.5686 0.6324 0.2333 0.0818 0.0453 0.0219 0.0560 0.2625 0.6481 0.5389
0.7156 0.1972 0.0415 0.0279 0.0378 0.0401 0.1426 0.6220 0.5744 0.1714
0.2999 0.0511 0.0549 0.0584 0.0556 0.2083 0.6539 0.7463 0.2449 0.0314
0.0699 0.0185 0.0377 0.1073 0.2160 0.6482 0.6304 0.2578 0.0325 0.0088
0.0679 0.0289 0.0419 0.1808 0.5387 0.6158 0.2609 0.1404 0.0462 0.0158
0.0302 0.0444 0.1999 0.5802 0.4824 0.2337 0.0632 0.0499 0.0492 0.0726
0.0496 0.1846 0.6094 0.5520 0.0884 0.0390 0.0425 0.0554 0.1182 0.3606
0.2469 0.5828 0.5267 0.1627 0.0619 0.0310 0.0381 0.1219 0.4097 0.5685
0.7415 0.4134 0.0674 0.0322 0.0411 0.0355 0.1261 0.5337 0.6714 0.2779
0.4802 0.0635 0.0463 0.0473 0.0533 0.1006 0.4280 0.8089 0.4191 0.0555
0.1560 0.0408 0.0498 0.0705 0.0917 0.4493 0.7122 0.4596 0.0851 0.0161
0.0601 0.0170 0.0302 0.1179 0.4148 0.7264 0.4594 0.1767 0.0279 0.0081
0.0581 0.0463 0.0926 0.4068 0.5724 0.3579 0.1180 0.1005 0.0738 0.0416
0.0260 0.0671 0.4145 0.6519 0.2293 0.0999 0.0513 0.0426 0.0550 0.1596
0.0990 0.4391 0.6837 0.3196 0.0633 0.0302 0.0254 0.0501 0.2019 0.5630
0.5358 0.6102 0.2489 0.0854 0.0522 0.0273 0.0720 0.3093 0.6467 0.4941
0.7134 0.2005 0.0420 0.0267 0.0407 0.0467 0.1651 0.6489 0.5791 0.1574
0.3087 0.0486 0.0542 0.0593 0.0555 0.1917 0.6381 0.7673 0.2626 0.0327
0.0726 0.0191 0.0387 0.1063 0.2019 0.6351 0.6411 0.2692 0.0341 0.0090
0.0668 0.0270 0.0397 0.1706 0.5298 0.6343 0.2794 0.1435 0.0433 0.0145
0.0329 0.0451 0.1840 0.5626 0.4982 0.2445 0.0665 0.0541 0.0526 0.0691
0.0472 0.1677 0.5921 0.5666 0.0947 0.0415 0.0446 0.0564 0.1130 0.3380
0.2013 0.5796 0.5865 0.1801 0.0617 0.0313 0.0305 0.0864 0.3436 0.5892
0.7319 0.4846 0.0851 0.0386 0.0413 0.0305 0.1099 0.4875 0.6941 0.3378
0.5397 0.0794 0.0445 0.0431 0.0489 0.0771 0.3324 0.7755 0.4565 0.0736
0.1812 0.0464 0.0523 0.0660 0.0781 0.4040 0.7197 0.5092 0.1038 0.0182
0.0548 0.0146 0.0300 0.1196 0.3827 0.7361 0.5056 0.1803 0.0243 0.0072
0.0599 0.0437 0.0798 0.3640 0.5807 0.4056 0.1345 0.1048 0.0691 0.0354
0.0206 0.0512 0.3747 0.6700 0.3027 0.1352 0.0466 0.0327 0.0394 0.1245
0.0837 0.3636 0.6811 0.3884 0.0671 0.0305 0.0275 0.0495 0.1733 0.5131
0.3783 0.6393 0.4057 0.1200 0.0503 0.0236 0.0354 0.1381 0.5051 0.6020
0.7586 0.3062 0.0465 0.0258 0.0348 0.0328 0.1071 0.5274 0.6177 0.2403
0.3637 0.0434 0.0515 0.0607 0.0535 0.1270 0.5467 0.8280 0.3481 0.0418
0.0884 0.0226 0.0431 0.0983 0.1470 0.5739 0.6855 0.3279 0.0430 0.0103
0.0598 0.0184 0.0302 0.1313 0.5038 0.7276 0.3726 0.1521 0.0295 0.0089
0.0429 0.0437 0.1269 0.5032 0.5685 0.3015 0.0840 0.0734 0.0630 0.0526
0.0325 0.0891 0.4979 0.6556 0.1474 0.0615 0.0535 0.0544 0.0766 0.2181
0.1205 0.5301 0.6948 0.2482 0.0626 0.0312 0.0203 0.0435 0.2177 0.6068
0.6172 0.6362 0.1986 0.0732 0.0411 0.0196 0.0533 0.2651 0.6660 0.5448
0.6986 0.1714 0.0413 0.0311 0.0364 0.0367 0.1362 0.6217 0.5586 0.1697
0.2643 0.0448 0.0556 0.0657 0.0572 0.2246 0.6678 0.7210 0.2098 0.0281
0.0505 0.0129 0.0347 0.1293 0.2672 0.7028 0.6147 0.2098 0.0223 0.0068
0.0633 0.0289 0.0438 0.2004 0.5654 0.6075 0.2360 0.1290 0.0459 0.0168
0.0240 0.0366 0.2118 0.6263 0.4938 0.2363 0.0584 0.0423 0.0397 0.0690
0.0492 0.1722 0.6162 0.5800 0.0848 0.0364 0.0441 0.0585 0.1172 0.3505
0.1619 0.6073 0.6598 0.1843 0.0585 0.0309 0.0189 0.0440 0.2550 0.6368
0.7343 0.5755 0.1047 0.0461 0.0348 0.0196 0.0642 0.3469 0.6976 0.4656
0.5899 0.0989 0.0443 0.0453 0.0380 0.0435 0.1937 0.6787 0.4795 0.1199
0.1897 0.0460 0.0543 0.0677 0.0709 0.3714 0.7232 0.5419 0.1133 0.0192
0.0445 0.0112 0.0289 0.1302 0.3810 0.7624 0.5391 0.1682 0.0185 0.0058
0.0600 0.0390 0.0657 0.3118 0.5939 0.4684 0.1533 0.1098 0.0626 0.0292
0.0158 0.0324 0.3148 0.7176 0.3882 0.1761 0.0504 0.0307 0.0292 0.0864
0.0612 0.2819 0.6967 0.4813 0.0720 0.0328 0.0279 0.0395 0.1224 0.4510
0.2083 0.6542 0.6162 0.1643 0.0492 0.0232 0.0145 0.0380 0.2862 0.6893
0.7681 0.5187 0.0764 0.0369 0.0308 0.0189 0.0609 0.3572 0.6831 0.4313
0.5099 0.0722 0.0477 0.0570 0.0376 0.0475 0.2389 0.7036 0.4317 0.1011
0.1416 0.0352 0.0506 0.0790 0.0901 0.4498 0.7219 0.4543 0.0763 0.0148
0.0439 0.0111 0.0268 0.1287 0.4434 0.7812 0.4915 0.1531 0.0181 0.0058
0.0563 0.0435 0.0819 0.3837 0.6091 0.4002 0.1177 0.0968 0.0690 0.0377
0.0175 0.0320 0.3406 0.7490 0.3208 0.1340 0.0591 0.0409 0.0355 0.0936
0.0636 0.3553 0.7473 0.4277 0.0711 0.0339 0.0187 0.0251 0.1064 0.4995
0.2092 0.6965 0.6387 0.1712 0.0397 0.0163 0.0077 0.0190 0.2464 0.7655
0.7778 0.5436 0.0774 0.0381 0.0278 0.0152 0.0471 0.3080 0.6852 0.4823
0.5059 0.0741 0.0493 0.0640 0.0320 0.0355 0.1874 0.6437 0.4221 0.1252
0.1343 0.0330 0.0502 0.0824 0.0928 0.4599 0.7231 0.4427 0.0711 0.0140
0.0408 0.0101 0.0258 0.1307 0.4574 0.7946 0.4930 0.1466 0.0164 0.0053
0.0563 0.0440 0.0812 0.3821 0.6176 0.4022 0.1141 0.0955 0.0697 0.0383
