0.0370 0.0678 0.2278 0.5566 0.6333 0.2948 0.0799 0.0615 0.0871 0.1608
0.1168 0.2013 0.4542 0.4963 0.2342 0.0889 0.0714 0.1874 0.3158 0.4432
0.4331 0.5743 0.5240 0.2117 0.0513 0.0387 0.0878 0.3591 0.6801 0.7131
0.6571 0.4538 0.2233 0.0820 0.0424 0.0554 0.1734 0.5639 0.7173 0.4627
0.5612 0.1346 0.1191 0.1006 0.0996 0.2319 0.5104 0.6889 0.3814 0.1507
0.3535 0.0858 0.0671 0.0859 0.2785 0.6394 0.6829 0.3977 0.1182 0.0692
0.0541 0.0775 0.1019 0.2272 0.5974 0.6620 0.2917 0.0697 0.0546 0.0883
0.0338 0.0647 0.1948 0.5158 0.6735 0.3748 0.0932 0.0492 0.0684 0.1357
0.0805 0.1385 0.3970 0.5521 0.3300 0.1087 0.0646 0.1507 0.2429 0.3515
0.3458 0.5270 0.5687 0.2646 0.0596 0.0413 0.0768 0.2657 0.5901 0.6927
0.6333 0.5613 0.3040 0.0964 0.0403 0.0448 0.1353 0.5204 0.7571 0.5966
0.6281 0.1731 0.1134 0.0798 0.0703 0.1504 0.4039 0.6749 0.4829 0.1723
0.4029 0.0908 0.0820 0.0932 0.2158 0.5431 0.6825 0.5197 0.1622 0.0873
0.0800 0.0737 0.0798 0.1629 0.5176 0.6872 0.3958 0.1068 0.0609 0.0722
0.0317 0.0628 0.1624 0.4562 0.6942 0.4656 0.1158 0.0430 0.0557 0.1141
0.0550 0.0923 0.3348 0.5997 0.4543 0.1449 0.0633 0.1208 0.1755 0.2635
0.2613 0.4355 0.5727 0.3334 0.0827 0.0502 0.0755 0.2275 0.4968 0.6428
0.5830 0.6290 0.3978 0.1213 0.0416 0.0402 0.1104 0.4580 0.7617 0.6913
0.6801 0.2320 0.1152 0.0657 0.0505 0.0938 0.2971 0.6486 0.5878 0.2113
0.4438 0.0942 0.1087 0.1159 0.1640 0.4102 0.6487 0.6481 0.2323 0.1141
0.1487 0.0673 0.0599 0.1118 0.4272 0.7029 0.5365 0.1812 0.0695 0.0552
0.0319 0.0646 0.1286 0.3610 0.6888 0.5721 0.1600 0.0418 0.0480 0.0960
0.0421 0.0721 0.2772 0.6023 0.5538 0.1933 0.0635 0.0865 0.1258 0.2008
0.1607 0.3150 0.5666 0.4344 0.1354 0.0695 0.0712 0.1566 0.3461 0.5540
0.5247 0.6398 0.4721 0.1499 0.0405 0.0346 0.0872 0.3738 0.7364 0.7220
0.6926 0.3305 0.1425 0.0634 0.0430 0.0693 0.2255 0.6024 0.6621 0.2998
0.4913 0.1053 0.1219 0.1187 0.1285 0.3143 0.6015 0.7013 0.3011 0.1347
0.2529 0.0703 0.0518 0.0798 0.3349 0.6978 0.6541 0.2859 0.0855 0.0515
0.0349 0.0663 0.1013 0.2654 0.6467 0.6491 0.2256 0.0498 0.0469 0.0821
0.0343 0.0625 0.2238 0.5716 0.6412 0.2812 0.0723 0.0581 0.0849 0.1529
0.1020 0.1994 0.4958 0.5196 0.2259 0.0886 0.0646 0.1346 0.2622 0.4373
0.4195 0.6019 0.5545 0.2067 0.0453 0.0354 0.0738 0.2673 0.6465 0.7192
0.6730 0.4943 0.2221 0.0739 0.0396 0.0519 0.1605 0.5377 0.7329 0.4837
0.5754 0.1383 0.1175 0.0958 0.0904 0.2094 0.4942 0.6972 0.4041 0.1541
0.3518 0.0837 0.0608 0.0747 0.2601 0.6376 0.6982 0.4029 0.1174 0.0666
0.0478 0.0695 0.0829 0.1857 0.5595 0.6848 0.3217 0.0767 0.0541 0.0740
0.0310 0.0601 0.1790 0.5059 0.6887 0.3944 0.0923 0.0439 0.0619 0.1219
0.0664 0.1166 0.3940 0.5886 0.3675 0.1170 0.0618 0.1311 0.2062 0.3191
0.2930 0.5159 0.6120 0.2927 0.0607 0.0426 0.0669 0.1764 0.5019 0.6812
0.6255 0.6365 0.3450 0.0959 0.0385 0.0407 0.1135 0.4542 0.7697 0.6624
0.6688 0.1987 0.1098 0.0691 0.0552 0.1098 0.3400 0.6722 0.5514 0.1863
0.4106 0.0895 0.0912 0.0979 0.1762 0.4579 0.6693 0.5922 0.1962 0.1010
0.0924 0.0654 0.0593 0.1137 0.4392 0.7089 0.4830 0.1460 0.0651 0.0565
0.0293 0.0597 0.1335 0.3953 0.6959 0.5314 0.1355 0.0398 0.0487 0.0956
0.0443 0.0747 0.3069 0.6220 0.5125 0.1602 0.0585 0.0981 0.1435 0.2216
0.1811 0.3830 0.6192 0.3976 0.0962 0.0567 0.0617 0.1164 0.3445 0.5953
0.5407 0.6696 0.4622 0.1324 0.0392 0.0364 0.0871 0.3383 0.7317 0.7255
0.7113 0.3042 0.1214 0.0561 0.0409 0.0695 0.2334 0.6107 0.6560 0.2596
0.4681 0.0994 0.1178 0.1162 0.1322 0.3303 0.6204 0.6958 0.2819 0.1309
0.2127 0.0639 0.0468 0.0761 0.3377 0.7055 0.6421 0.2653 0.0798 0.0466
0.0311 0.0621 0.0944 0.2569 0.6444 0.6519 0.2200 0.0478 0.0455 0.0762
0.0340 0.0607 0.2317 0.5890 0.6314 0.2555 0.0666 0.0608 0.0898 0.1562
0.1008 0.2261 0.5513 0.5129 0.1877 0.0804 0.0571 0.0928 0.2313 0.4573
0.4069 0.6284 0.5763 0.1987 0.0423 0.0355 0.0668 0.1969 0.6062 0.7224
0.6885 0.5034 0.2081 0.0663 0.0377 0.0509 0.1573 0.5251 0.7371 0.4735
0.5755 0.1378 0.1156 0.0932 0.0878 0.2050 0.4947 0.6994 0.4067 0.1542
0.3361 0.0801 0.0554 0.0668 0.2478 0.6328 0.7030 0.3965 0.1144 0.0638
0.0418 0.0642 0.0702 0.1549 0.5208 0.6996 0.3450 0.0839 0.0548 0.0651
0.0295 0.0577 0.1703 0.4994 0.6952 0.4016 0.0906 0.0411 0.0590 0.1150
0.0585 0.1121 0.4135 0.6055 0.3643 0.1139 0.0546 0.0992 0.1764 0.3070
0.2640 0.5273 0.6514 0.2991 0.0541 0.0398 0.0546 0.1069 0.4287 0.6743
0.6150 0.6727 0.3703 0.0955 0.0382 0.0411 0.1057 0.3995 0.7617 0.6897
0.6995 0.2227 0.1023 0.0584 0.0467 0.0901 0.2991 0.6556 0.5930 0.1925
0.4048 0.0886 0.0921 0.0947 0.1579 0.4188 0.6640 0.6127 0.2091 0.1073
0.0983 0.0603 0.0496 0.0919 0.3935 0.7171 0.5302 0.1730 0.0676 0.0489
0.0280 0.0584 0.1142 0.3425 0.6837 0.5734 0.1537 0.0395 0.0461 0.0846
0.0406 0.0681 0.2925 0.6276 0.5335 0.1644 0.0554 0.0879 0.1315 0.2031
0.1418 0.3541 0.6519 0.4367 0.1030 0.0615 0.0545 0.0700 0.2541 0.5630
0.5081 0.6800 0.4960 0.1389 0.0383 0.0361 0.0771 0.2592 0.6915 0.7292
0.7168 0.3623 0.1319 0.0532 0.0389 0.0640 0.2082 0.5743 0.6807 0.3032
0.4868 0.1048 0.1196 0.1121 0.1151 0.2833 0.5920 0.7104 0.3156 0.1397
0.2433 0.0635 0.0428 0.0634 0.2918 0.6901 0.6794 0.3103 0.0870 0.0459
0.0305 0.0589 0.0758 0.1949 0.5855 0.6842 0.2708 0.0596 0.0476 0.0652
0.0309 0.0567 0.2044 0.5661 0.6669 0.3028 0.0709 0.0497 0.0742 0.1346
0.0680 0.1720 0.5452 0.5740 0.2390 0.0934 0.0490 0.0576 0.1559 0.3844
0.3136 0.6075 0.6474 0.2395 0.0427 0.0362 0.0514 0.0924 0.4608 0.7021
0.6627 0.6288 0.2866 0.0746 0.0370 0.0449 0.1240 0.4457 0.7627 0.6127
0.6556 0.1803 0.1052 0.0694 0.0582 0.1228 0.3739 0.6823 0.5230 0.1731
0.3538 0.0839 0.0632 0.0655 0.1860 0.5247 0.6961 0.4820 0.1484 0.0821
0.0537 0.0594 0.0513 0.0986 0.4127 0.7205 0.4573 0.1324 0.0633 0.0520
0.0274 0.0562 0.1322 0.4096 0.6978 0.5014 0.1184 0.0373 0.0491 0.0929
0.0454 0.0795 0.3489 0.6359 0.4563 0.1312 0.0514 0.0921 0.1486 0.2404
0.1650 0.4387 0.6969 0.3894 0.0719 0.0505 0.0475 0.0510 0.2594 0.6113
0.5396 0.7064 0.4618 0.1152 0.0378 0.0390 0.0805 0.2482 0.6988 0.7257
0.7315 0.3062 0.1075 0.0482 0.0380 0.0671 0.2286 0.6004 0.6619 0.2424
0.4385 0.0928 0.1143 0.1103 0.1188 0.2973 0.6174 0.7050 0.2854 0.1351
0.1792 0.0559 0.0368 0.0574 0.2869 0.7045 0.6643 0.2854 0.0808 0.0399
0.0275 0.0565 0.0767 0.2091 0.6035 0.6728 0.2441 0.0531 0.0459 0.0644
0.0323 0.0553 0.2262 0.6003 0.6359 0.2461 0.0625 0.0593 0.0874 0.1466
0.0740 0.2166 0.6179 0.5523 0.1826 0.0855 0.0469 0.0406 0.1413 0.4284
0.3511 0.6438 0.6245 0.2052 0.0401 0.0365 0.0535 0.0971 0.4935 0.7120
0.6843 0.5878 0.2393 0.0650 0.0369 0.0486 0.1378 0.4666 0.7525 0.5493
0.6177 0.1572 0.1101 0.0793 0.0676 0.1487 0.4256 0.6985 0.4761 0.1659
0.3172 0.0766 0.0520 0.0552 0.1889 0.5457 0.7001 0.4347 0.1299 0.0715
0.0404 0.0538 0.0453 0.0892 0.3969 0.7288 0.4495 0.1279 0.0614 0.0468
0.0265 0.0537 0.1375 0.4351 0.7004 0.4735 0.1077 0.0374 0.0503 0.0939
0.0432 0.0804 0.3766 0.6461 0.4352 0.1260 0.0484 0.0771 0.1343 0.2419
0.1675 0.4634 0.7134 0.3763 0.0633 0.0468 0.0432 0.0408 0.2479 0.6191
0.5513 0.7140 0.4475 0.1072 0.0378 0.0406 0.0826 0.2450 0.6999 0.7223
0.7349 0.2931 0.1014 0.0467 0.0380 0.0688 0.2356 0.6049 0.6549 0.2276
0.4098 0.0868 0.1099 0.1051 0.1103 0.2743 0.6135 0.7059 0.2839 0.1365
0.1509 0.0473 0.0297 0.0478 0.2615 0.7073 0.6733 0.2925 0.0782 0.0332
0.0255 0.0527 0.0675 0.1840 0.5748 0.6829 0.2603 0.0579 0.0465 0.0578
0.0314 0.0492 0.2167 0.6070 0.6393 0.2423 0.0616 0.0600 0.0841 0.1336
0.0607 0.2050 0.6476 0.5770 0.1847 0.0898 0.0420 0.0251 0.1031 0.4040
0.3095 0.6462 0.6552 0.2143 0.0402 0.0386 0.0473 0.0588 0.4101 0.7010
0.6762 0.6392 0.2649 0.0653 0.0369 0.0476 0.1258 0.4210 0.7569 0.5978
0.6480 0.1730 0.1064 0.0709 0.0562 0.1170 0.3762 0.6968 0.5268 0.1743
0.2958 0.0737 0.0506 0.0496 0.1545 0.4716 0.6888 0.4570 0.1421 0.0790
0.0400 0.0500 0.0358 0.0631 0.3225 0.7389 0.5125 0.1640 0.0674 0.0404
0.0257 0.0528 0.1200 0.3862 0.6880 0.5090 0.1208 0.0374 0.0482 0.0846
0.0372 0.0657 0.3561 0.6625 0.4701 0.1376 0.0477 0.0664 0.1107 0.2049
0.1294 0.4265 0.7336 0.4127 0.0678 0.0483 0.0355 0.0229 0.1776 0.5790
0.4825 0.7234 0.5049 0.1190 0.0387 0.0437 0.0700 0.1380 0.6030 0.7210
0.7410 0.3569 0.1125 0.0444 0.0357 0.0615 0.2051 0.5668 0.6856 0.2743
0.4315 0.0931 0.1119 0.1006 0.0947 0.2296 0.5816 0.7196 0.3213 0.1472
0.1837 0.0479 0.0276 0.0379 0.2044 0.6527 0.7064 0.3481 0.0895 0.0360
0.0252 0.0498 0.0494 0.1159 0.4680 0.7206 0.3493 0.0852 0.0525 0.0475
0.0291 0.0461 0.1801 0.5646 0.6783 0.3076 0.0701 0.0480 0.0667 0.1095
0.0419 0.1434 0.6093 0.6363 0.2573 0.1088 0.0395 0.0204 0.0745 0.3248
0.2422 0.6054 0.7031 0.2623 0.0420 0.0386 0.0396 0.0358 0.3135 0.6777
0.6247 0.7173 0.3527 0.0771 0.0382 0.0467 0.1022 0.3078 0.7376 0.6891
0.7175 0.2257 0.0955 0.0524 0.0408 0.0774 0.2810 0.6611 0.6185 0.1896
0.3043 0.0713 0.0730 0.0671 0.1035 0.2830 0.6312 0.6091 0.2183 0.1155
0.0608 0.0400 0.0236 0.0388 0.2380 0.7358 0.6290 0.2488 0.0733 0.0284
0.0239 0.0502 0.0797 0.2423 0.6143 0.6199 0.1948 0.0485 0.0466 0.0632
0.0358 0.0349 0.2098 0.6243 0.5613 0.1792 0.0578 0.0784 0.0896 0.1058
0.0649 0.2775 0.7279 0.5335 0.1147 0.0672 0.0299 0.0107 0.0833 0.4453
0.3381 0.6945 0.6236 0.1681 0.0395 0.0450 0.0495 0.0459 0.3963 0.6985
0.7027 0.5918 0.2089 0.0539 0.0367 0.0530 0.1431 0.4386 0.7416 0.5173
0.5915 0.1463 0.1085 0.0772 0.0603 0.1287 0.4204 0.7129 0.4841 0.1710
0.2255 0.0596 0.0351 0.0339 0.1319 0.4509 0.6889 0.4107 0.1246 0.0655
0.0283 0.0434 0.0282 0.0486 0.2786 0.7501 0.5269 0.1736 0.0678 0.0339
0.0249 0.0490 0.1202 0.4024 0.6870 0.4841 0.1122 0.0380 0.0489 0.0821
0.0301 0.0595 0.3999 0.6824 0.4459 0.1425 0.0426 0.0351 0.0695 0.1777
0.1223 0.4440 0.7503 0.4041 0.0608 0.0448 0.0297 0.0149 0.1530 0.5741
0.4404 0.7367 0.5269 0.1172 0.0406 0.0508 0.0648 0.0806 0.5124 0.7099
0.7447 0.4020 0.1174 0.0418 0.0350 0.0600 0.1911 0.5327 0.6972 0.3027
0.4167 0.0911 0.1093 0.0924 0.0746 0.1694 0.5407 0.7338 0.3586 0.1599
0.1449 0.0385 0.0194 0.0223 0.1220 0.5366 0.7173 0.3953 0.1006 0.0350
0.0226 0.0435 0.0316 0.0613 0.3292 0.7520 0.4620 0.1353 0.0616 0.0354
0.0310 0.0255 0.0961 0.4646 0.6927 0.3922 0.0967 0.0482 0.0458 0.0483
0.0234 0.0934 0.6080 0.7034 0.3281 0.1338 0.0315 0.0083 0.0342 0.2280
0.1639 0.5542 0.7467 0.3162 0.0460 0.0405 0.0291 0.0138 0.1866 0.6259
0.4935 0.7540 0.4709 0.0951 0.0413 0.0553 0.0744 0.1014 0.5611 0.7078
0.7586 0.3151 0.0914 0.0387 0.0337 0.0617 0.2162 0.5826 0.6757 0.2247
0.3024 0.0686 0.0934 0.0788 0.0636 0.1414 0.5544 0.7237 0.3197 0.1593
0.0819 0.0257 0.0112 0.0136 0.0916 0.5657 0.7366 0.4133 0.0934 0.0217
0.0212 0.0433 0.0339 0.0712 0.3620 0.7440 0.4208 0.1165 0.0585 0.0364
0.0516 0.0041 0.0217 0.3355 0.6494 0.4030 0.1556 0.0926 0.0275 0.0057
0.0186 0.0988 0.6705 0.7155 0.2926 0.1265 0.0238 0.0034 0.0213 0.2192
0.1531 0.5774 0.7382 0.2874 0.0477 0.0460 0.0264 0.0081 0.1488 0.6050
0.4742 0.7619 0.4746 0.0910 0.0422 0.0607 0.0714 0.0730 0.5084 0.6968
0.7634 0.3045 0.0885 0.0382 0.0324 0.0590 0.2157 0.5954 0.6804 0.2169
0.2354 0.0578 0.0807 0.0634 0.0461 0.0945 0.5237 0.7212 0.3279 0.1695
0.0431 0.0177 0.0065 0.0065 0.0434 0.4262 0.7365 0.4558 0.1038 0.0191
0.0204 0.0417 0.0300 0.0602 0.3279 0.7496 0.4448 0.1294 0.0611 0.0335
0.0713 0.0010 0.0058 0.2227 0.6374 0.4798 0.2462 0.1319 0.0157 0.0010
0.0121 0.0693 0.6499 0.7530 0.3458 0.1344 0.0179 0.0017 0.0126 0.1578
0.1392 0.5704 0.7351 0.2860 0.0503 0.0490 0.0244 0.0058 0.1252 0.5825
0.3565 0.7573 0.5564 0.1086 0.0457 0.0734 0.0567 0.0231 0.3140 0.6694
0.7586 0.4139 0.1088 0.0370 0.0331 0.0582 0.1851 0.5165 0.7030 0.2953
0.2866 0.0687 0.0869 0.0635 0.0389 0.0727 0.4660 0.7407 0.3974 0.1861
0.0411 0.0168 0.0057 0.0039 0.0195 0.2015 0.7189 0.5084 0.1347 0.0295
0.0181 0.0366 0.0206 0.0339 0.2219 0.7571 0.5416 0.1872 0.0699 0.0275
0.0772 0.0006 0.0021 0.1129 0.6525 0.6609 0.3801 0.1198 0.0093 0.0003
0.0089 0.0308 0.5213 0.7702 0.4554 0.1921 0.0219 0.0016 0.0069 0.0729
0.0736 0.3965 0.7325 0.4061 0.0712 0.0456 0.0153 0.0030 0.0710 0.4556
0.2090 0.7201 0.6480 0.1447 0.0530 0.0913 0.0387 0.0044 0.1244 0.5997
0.5205 0.7740 0.4212 0.0743 0.0432 0.0665 0.0811 0.0874 0.5448 0.6892
0.7554 0.2505 0.0893 0.0427 0.0265 0.0426 0.2075 0.6768 0.7106 0.2085
0.1344 0.0414 0.0508 0.0351 0.0292 0.0594 0.5030 0.6660 0.2937 0.1623
0.0043 0.0077 0.0031 0.0029 0.0163 0.1504 0.5224 0.3014 0.0955 0.0200
0.0195 0.0386 0.0260 0.0522 0.2915 0.7214 0.4266 0.1343 0.0656 0.0304
0.0648 0.0003 0.0041 0.2458 0.5840 0.4332 0.2416 0.1121 0.0081 0.0003
0.0047 0.0305 0.5664 0.8065 0.4361 0.1073 0.0059 0.0003 0.0043 0.0645
0.0958 0.5386 0.6766 0.2518 0.0726 0.0763 0.0195 0.0016 0.0574 0.4594
0.1259 0.6513 0.6396 0.1653 0.0728 0.1176 0.0278 0.0012 0.0538 0.4831
0.1288 0.6609 0.6395 0.1596 0.0717 0.1203 0.0284 0.0012 0.0533 0.4861
0.2730 0.7576 0.5973 0.1107 0.0497 0.0960 0.0480 0.0069 0.1682 0.6206
0.7748 0.3787 0.0899 0.0321 0.0312 0.0582 0.1931 0.5268 0.6958 0.2501
0.4497 0.1184 0.0893 0.0730 0.1411 0.4176 0.6649 0.5809 0.2275 0.1243
0.2267 0.1945 0.1197 0.0874 0.2688 0.6428 0.6129 0.2899 0.1473 0.1782
0.0575 0.1248 0.1456 0.2725 0.5975 0.5267 0.1656 0.0458 0.0737 0.1486
0.0760 0.1283 0.3345 0.5224 0.4031 0.1522 0.0769 0.1407 0.2113 0.3076
0.3440 0.3669 0.4561 0.2946 0.0930 0.0629 0.1328 0.4917 0.5998 0.5919
0.5740 0.3616 0.2528 0.1223 0.0606 0.0789 0.2242 0.6059 0.6420 0.4340
0.5026 0.1625 0.1446 0.1170 0.1284 0.2791 0.5007 0.6141 0.3451 0.1846
0.3158 0.1564 0.1398 0.1383 0.2926 0.5514 0.5593 0.3524 0.1632 0.1607
0.1147 0.1692 0.2304 0.3012 0.4789 0.4778 0.2660 0.1316 0.1244 0.2420
0.0916 0.1571 0.3107 0.4390 0.4298 0.2503 0.1297 0.1427 0.1835 0.3093
0.2082 0.3029 0.4327 0.3685 0.1867 0.1052 0.1210 0.3256 0.4426 0.5327
0.4392 0.4765 0.4222 0.2067 0.0774 0.0662 0.1480 0.5023 0.6606 0.6351
0.5396 0.3172 0.2381 0.1290 0.0766 0.1104 0.2718 0.5938 0.5706 0.3862
0.4585 0.1489 0.1544 0.1366 0.1488 0.3057 0.5117 0.6052 0.3139 0.1828
0.2775 0.1510 0.1580 0.1683 0.3059 0.5099 0.5026 0.3376 0.1668 0.1740
0.1082 0.1586 0.2544 0.3457 0.4662 0.4163 0.2340 0.1459 0.1375 0.2563
0.0998 0.1668 0.3273 0.4392 0.4001 0.2294 0.1302 0.1624 0.2053 0.3325
0.2308 0.3265 0.4350 0.3466 0.1698 0.1010 0.1255 0.3459 0.4699 0.5508
0.4424 0.4662 0.4121 0.2032 0.0794 0.0713 0.1592 0.5108 0.6510 0.6222
0.5352 0.2873 0.2226 0.1286 0.0809 0.1217 0.2933 0.6014 0.5444 0.3512
0.4429 0.1395 0.1521 0.1415 0.1594 0.3258 0.5247 0.5999 0.2944 0.1736
0.2577 0.1422 0.1591 0.1803 0.3197 0.5045 0.4829 0.3234 0.1604 0.1697
0.0992 0.1485 0.2555 0.3655 0.4795 0.4053 0.2176 0.1390 0.1334 0.2499
0.0984 0.1629 0.3303 0.4483 0.3978 0.2205 0.1260 0.1650 0.2081 0.3324
0.2338 0.3320 0.4408 0.3464 0.1665 0.0996 0.1260 0.3508 0.4757 0.5582
0.4535 0.4772 0.4093 0.1957 0.0757 0.0679 0.1544 0.5093 0.6620 0.6267
0.5454 0.2739 0.2095 0.1233 0.0790 0.1214 0.2992 0.6104 0.5423 0.3307
0.4426 0.1290 0.1466 0.1422 0.1616 0.3354 0.5410 0.6125 0.2853 0.1620
0.2505 0.1328 0.1445 0.1725 0.3366 0.5332 0.4929 0.3026 0.1451 0.1513
0.0881 0.1363 0.2447 0.3760 0.5094 0.4195 0.2076 0.1222 0.1197 0.2312
0.0894 0.1499 0.3246 0.4658 0.4170 0.2197 0.1178 0.1535 0.1962 0.3163
0.2334 0.3337 0.4435 0.3482 0.1619 0.0931 0.1184 0.3457 0.4832 0.5614
0.4648 0.4852 0.4106 0.1916 0.0713 0.0636 0.1503 0.5157 0.6750 0.6325
0.5593 0.2660 0.1983 0.1172 0.0757 0.1191 0.3026 0.6197 0.5456 0.3153
0.4450 0.1262 0.1404 0.1373 0.1649 0.3522 0.5560 0.6093 0.2752 0.1544
0.2397 0.1367 0.1428 0.1700 0.3539 0.5559 0.4923 0.2761 0.1362 0.1512
0.0826 0.1337 0.2407 0.3802 0.5245 0.4237 0.1981 0.1112 0.1141 0.2258
0.0899 0.1505 0.3265 0.4677 0.4101 0.2095 0.1131 0.1545 0.2018 0.3193
0.2425 0.3424 0.4520 0.3457 0.1538 0.0900 0.1204 0.3610 0.4970 0.5729
0.4782 0.4883 0.4016 0.1829 0.0685 0.0625 0.1513 0.5207 0.6811 0.6284
0.5609 0.2567 0.1904 0.1146 0.0771 0.1250 0.3136 0.6207 0.5344 0.3008
0.4418 0.1200 0.1371 0.1382 0.1680 0.3599 0.5642 0.6126 0.2677 0.1475
0.2270 0.1338 0.1403 0.1723 0.3695 0.5671 0.4853 0.2576 0.1286 0.1471
0.0769 0.1266 0.2368 0.3905 0.5384 0.4225 0.1883 0.1041 0.1090 0.2172
0.0867 0.1467 0.3261 0.4753 0.4159 0.2067 0.1089 0.1500 0.1989 0.3156
0.2494 0.3567 0.4588 0.3399 0.1442 0.0827 0.1133 0.3565 0.5124 0.5854
0.4942 0.5148 0.4060 0.1741 0.0629 0.0566 0.1411 0.5141 0.7008 0.6456
0.5760 0.2658 0.1875 0.1088 0.0723 0.1173 0.3045 0.6223 0.5509 0.3046
0.4533 0.1198 0.1316 0.1311 0.1644 0.3641 0.5734 0.6162 0.2678 0.1431
0.2316 0.1321 0.1312 0.1610 0.3729 0.5894 0.5039 0.2528 0.1228 0.1383
0.0736 0.1219 0.2264 0.3859 0.5535 0.4397 0.1891 0.0965 0.1016 0.2052
0.0811 0.1373 0.3184 0.4843 0.4327 0.2115 0.1061 0.1416 0.1877 0.3006
0.2356 0.3368 0.4593 0.3566 0.1538 0.0869 0.1158 0.3561 0.4944 0.5734
0.4913 0.5089 0.4049 0.1760 0.0635 0.0568 0.1413 0.5157 0.6987 0.6421
0.5774 0.2562 0.1821 0.1081 0.0723 0.1180 0.3083 0.6270 0.5467 0.2934
0.4514 0.1128 0.1312 0.1352 0.1638 0.3607 0.5779 0.6310 0.2670 0.1386
0.2285 0.1189 0.1190 0.1563 0.3801 0.6011 0.5111 0.2493 0.1147 0.1214
0.0660 0.1130 0.2164 0.3924 0.5797 0.4575 0.1837 0.0857 0.0914 0.1902
0.0748 0.1280 0.3088 0.4940 0.4489 0.2096 0.0981 0.1293 0.1779 0.2846
0.2321 0.3378 0.4641 0.3602 0.1506 0.0820 0.1084 0.3437 0.4955 0.5755
0.4974 0.5232 0.4156 0.1756 0.0601 0.0529 0.1353 0.5156 0.7105 0.6561
0.5973 0.2717 0.1770 0.0993 0.0662 0.1077 0.2916 0.6214 0.5688 0.2990
0.4588 0.1156 0.1289 0.1299 0.1623 0.3662 0.5841 0.6290 0.2671 0.1385
0.2356 0.1210 0.1162 0.1492 0.3764 0.6108 0.5244 0.2517 0.1143 0.1201
0.0660 0.1148 0.2100 0.3804 0.5854 0.4737 0.1880 0.0815 0.0882 0.1865
0.0731 0.1260 0.3066 0.4963 0.4555 0.2123 0.0974 0.1259 0.1739 0.2807
0.2339 0.3400 0.4640 0.3581 0.1473 0.0790 0.1052 0.3413 0.5004 0.5767
0.4986 0.5251 0.4172 0.1755 0.0596 0.0526 0.1352 0.5162 0.7117 0.6580
0.6022 0.2662 0.1726 0.0976 0.0651 0.1066 0.2929 0.6264 0.5697 0.2914
0.4612 0.1120 0.1256 0.1284 0.1618 0.3690 0.5904 0.6342 0.2644 0.1336
0.2361 0.1070 0.1037 0.1433 0.3793 0.6209 0.5360 0.2542 0.1075 0.1032
0.0600 0.1044 0.1974 0.3830 0.6068 0.4917 0.1860 0.0744 0.0796 0.1691
0.0648 0.1120 0.2947 0.5132 0.4854 0.2204 0.0928 0.1137 0.1567 0.2572
0.2105 0.3154 0.4646 0.3819 0.1618 0.0828 0.1021 0.3196 0.4696 0.5588
0.4974 0.5362 0.4277 0.1776 0.0573 0.0486 0.1257 0.5066 0.7199 0.6698
0.6106 0.2884 0.1787 0.0953 0.0613 0.0973 0.2739 0.6195 0.5923 0.3124
0.4744 0.1129 0.1262 0.1267 0.1519 0.3493 0.5849 0.6502 0.2789 0.1357
0.2537 0.1044 0.0958 0.1306 0.3673 0.6336 0.5642 0.2692 0.1071 0.0959
0.0595 0.1026 0.1853 0.3659 0.6148 0.5182 0.1958 0.0708 0.0745 0.1588
0.0587 0.1036 0.2814 0.5186 0.5162 0.2385 0.0920 0.1006 0.1395 0.2376
0.1942 0.3002 0.4607 0.3946 0.1693 0.0809 0.0927 0.2899 0.4499 0.5431
0.4931 0.5494 0.4437 0.1813 0.0551 0.0450 0.1164 0.4907 0.7249 0.6839
0.6228 0.3072 0.1830 0.0926 0.0564 0.0867 0.2554 0.6196 0.6180 0.3301
0.4881 0.1173 0.1236 0.1199 0.1452 0.3418 0.5825 0.6510 0.2874 0.1370
0.2719 0.1031 0.0898 0.1200 0.3544 0.6430 0.5896 0.2851 0.1078 0.0908
0.0594 0.1028 0.1760 0.3488 0.6202 0.5430 0.2062 0.0680 0.0708 0.1521
0.0556 0.0990 0.2704 0.5177 0.5338 0.2492 0.0907 0.0923 0.1300 0.2246
0.1782 0.2812 0.4576 0.4117 0.1827 0.0843 0.0904 0.2731 0.4251 0.5260
0.4774 0.5607 0.4654 0.1899 0.0553 0.0438 0.1092 0.4638 0.7191 0.6980
0.6340 0.3546 0.1961 0.0891 0.0512 0.0739 0.2229 0.6002 0.6545 0.3739
0.5071 0.1225 0.1251 0.1168 0.1318 0.3091 0.5635 0.6648 0.3131 0.1431
0.3041 0.1006 0.0843 0.1091 0.3287 0.6423 0.6219 0.3229 0.1133 0.0859
0.0618 0.1056 0.1629 0.3166 0.6191 0.5799 0.2291 0.0668 0.0674 0.1445
0.0515 0.0933 0.2545 0.5135 0.5607 0.2714 0.0913 0.0813 0.1160 0.2066
0.1555 0.2508 0.4468 0.4366 0.2070 0.0901 0.0867 0.2490 0.3882 0.4951
0.4562 0.5583 0.4846 0.2028 0.0563 0.0429 0.1033 0.4390 0.7069 0.7030
0.6378 0.3973 0.2131 0.0890 0.0480 0.0653 0.1993 0.5851 0.6821 0.4182
0.5266 0.1284 0.1252 0.1123 0.1192 0.2771 0.5409 0.6741 0.3400 0.1485
0.3319 0.0974 0.0801 0.1016 0.3060 0.6372 0.6464 0.3598 0.1189 0.0818
0.0646 0.1036 0.1486 0.2883 0.6115 0.6068 0.2533 0.0691 0.0651 0.1332
0.0463 0.0852 0.2384 0.5145 0.5961 0.3041 0.0941 0.0712 0.0996 0.1858
0.1298 0.2124 0.4264 0.4675 0.2437 0.0979 0.0816 0.2212 0.3436 0.4505
0.4334 0.5426 0.4957 0.2180 0.0586 0.0427 0.0995 0.4238 0.6924 0.6989
0.6305 0.4239 0.2349 0.0945 0.0474 0.0613 0.1876 0.5805 0.6965 0.4565
0.5450 0.1362 0.1238 0.1062 0.1087 0.2498 0.5156 0.6744 0.3650 0.1535
0.3528 0.0956 0.0792 0.0987 0.2874 0.6248 0.6592 0.3931 0.1260 0.0809
0.0698 0.0993 0.1369 0.2669 0.5979 0.6206 0.2775 0.0755 0.0647 0.1225
0.0427 0.0795 0.2257 0.5124 0.6226 0.3363 0.0990 0.0649 0.0878 0.1704
0.1071 0.1766 0.4024 0.4982 0.2903 0.1097 0.0785 0.1963 0.2980 0.4032
0.3906 0.5278 0.5179 0.2424 0.0639 0.0442 0.0926 0.3750 0.6571 0.6959
0.6206 0.4983 0.2831 0.1021 0.0449 0.0519 0.1570 0.5527 0.7304 0.5451
0.5850 0.1564 0.1225 0.0949 0.0875 0.1912 0.4526 0.6758 0.4283 0.1681
0.3891 0.0977 0.0842 0.0984 0.2510 0.5864 0.6714 0.4611 0.1471 0.0874
0.0839 0.1038 0.1257 0.2264 0.5611 0.6427 0.3287 0.0906 0.0685 0.1178
0.0411 0.0788 0.2049 0.4833 0.6448 0.3838 0.1073 0.0562 0.0767 0.1552
0.0891 0.1494 0.3772 0.5211 0.3364 0.1206 0.0735 0.1675 0.2572 0.3585
0.3474 0.5032 0.5390 0.2701 0.0691 0.0456 0.0864 0.3254 0.6124 0.6848
0.6103 0.5578 0.3268 0.1087 0.0432 0.0460 0.1360 0.5237 0.7515 0.6130
0.6225 0.1828 0.1199 0.0826 0.0712 0.1476 0.3909 0.6656 0.4890 0.1838
0.4168 0.0975 0.0921 0.1031 0.2164 0.5292 0.6697 0.5340 0.1746 0.0959
0.1051 0.0988 0.1070 0.1854 0.5164 0.6621 0.3942 0.1154 0.0716 0.1020
0.0386 0.0758 0.1833 0.4537 0.6680 0.4429 0.1205 0.0496 0.0655 0.1377
0.0697 0.1181 0.3411 0.5487 0.4071 0.1411 0.0695 0.1354 0.2064 0.3000
0.2879 0.4565 0.5544 0.3121 0.0812 0.0496 0.0801 0.2676 0.5431 0.6580
0.5877 0.6056 0.3816 0.1213 0.0422 0.0410 0.1167 0.4864 0.7620 0.6730
0.6598 0.2239 0.1207 0.0716 0.0567 0.1078 0.3200 0.6481 0.5606 0.2112
0.4435 0.1001 0.1038 0.1104 0.1841 0.4608 0.6569 0.6027 0.2112 0.1091
0.1497 0.0929 0.0877 0.1431 0.4548 0.6780 0.4865 0.1619 0.0777 0.0851
0.0386 0.0765 0.1633 0.4082 0.6774 0.5099 0.1441 0.0468 0.0580 0.1250
0.0559 0.0959 0.3044 0.5642 0.4828 0.1743 0.0700 0.1087 0.1614 0.2486
0.2313 0.3890 0.5438 0.3604 0.1056 0.0574 0.0775 0.2374 0.4771 0.6140
0.5537 0.6180 0.4296 0.1404 0.0428 0.0383 0.1043 0.4533 0.7553 0.7028
0.6738 0.2728 0.1334 0.0690 0.0495 0.0856 0.2685 0.6285 0.6140 0.2553
0.4704 0.1041 0.1139 0.1159 0.1569 0.3914 0.6316 0.6526 0.2526 0.1219
0.2067 0.0899 0.0758 0.1149 0.3990 0.6853 0.5678 0.2186 0.0854 0.0750
0.0404 0.0793 0.1457 0.3575 0.6747 0.5685 0.1735 0.0465 0.0539 0.1157
0.0478 0.0840 0.2704 0.5600 0.5448 0.2153 0.0727 0.0862 0.1278 0.2101
0.1819 0.3103 0.5176 0.4155 0.1463 0.0710 0.0806 0.2300 0.4140 0.5569
0.5055 0.6192 0.4772 0.1650 0.0456 0.0381 0.0949 0.4029 0.7303 0.7208
0.6772 0.3560 0.1624 0.0698 0.0442 0.0673 0.2139 0.5928 0.6710 0.3381
0.5060 0.1126 0.1225 0.1174 0.1296 0.3137 0.5872 0.6892 0.3079 0.1364
0.2835 0.0855 0.0657 0.0924 0.3387 0.6815 0.6447 0.2982 0.0961 0.0661
0.0440 0.0821 0.1258 0.2933 0.6515 0.6262 0.2208 0.0516 0.0523 0.1055
0.0404 0.0743 0.2325 0.5433 0.6110 0.2777 0.0780 0.0640 0.0957 0.1717
0.1266 0.2312 0.4833 0.4776 0.2046 0.0828 0.0696 0.1733 0.3234 0.4742
0.4322 0.6011 0.5389 0.2025 0.0470 0.0365 0.0788 0.3021 0.6671 0.7210
0.6712 0.4668 0.2151 0.0756 0.0401 0.0527 0.1670 0.5550 0.7264 0.4617
0.5617 0.1359 0.1186 0.0992 0.0999 0.2360 0.5154 0.6872 0.3790 0.1510
0.3530 0.0904 0.0661 0.0811 0.2802 0.6533 0.6898 0.3842 0.1159 0.0706
0.0536 0.0861 0.1111 0.2332 0.5980 0.6578 0.2843 0.0677 0.0569 0.0996
0.0364 0.0695 0.2009 0.5116 0.6560 0.3505 0.0889 0.0511 0.0749 0.1449
0.0906 0.1592 0.4192 0.5337 0.2971 0.1035 0.0672 0.1583 0.2618 0.3831
0.3576 0.5477 0.5730 0.2528 0.0557 0.0399 0.0752 0.2556 0.5961 0.7013
0.6386 0.5799 0.3008 0.0912 0.0400 0.0453 0.1327 0.5016 0.7584 0.6032
0.6290 0.1735 0.1137 0.0799 0.0699 0.1493 0.4030 0.6762 0.4848 0.1730
0.4031 0.0931 0.0809 0.0909 0.2206 0.5568 0.6865 0.5073 0.1582 0.0870
0.0792 0.0831 0.0896 0.1713 0.5205 0.6808 0.3840 0.1036 0.0638 0.0838
0.0331 0.0663 0.1664 0.4553 0.6897 0.4553 0.1127 0.0427 0.0579 0.1195
0.0625 0.1069 0.3477 0.5765 0.4107 0.1293 0.0608 0.1238 0.1963 0.2878
0.2558 0.4662 0.6056 0.3273 0.0736 0.0477 0.0680 0.1735 0.4651 0.6555
0.5990 0.6381 0.3857 0.1119 0.0389 0.0382 0.1064 0.4478 0.7676 0.6871
0.6831 0.2322 0.1116 0.0633 0.0509 0.0974 0.3033 0.6436 0.5817 0.2066
0.4396 0.0958 0.1031 0.1082 0.1693 0.4332 0.6585 0.6265 0.2200 0.1108
0.1374 0.0782 0.0692 0.1189 0.4312 0.6976 0.5156 0.1704 0.0731 0.0669
0.0330 0.0673 0.1371 0.3777 0.6911 0.5513 0.1494 0.0410 0.0499 0.1027
0.0467 0.0802 0.2893 0.5908 0.5206 0.1769 0.0624 0.0927 0.1406 0.2188
0.1770 0.3602 0.5930 0.4067 0.1102 0.0606 0.0652 0.1373 0.3580 0.5835
0.5253 0.6569 0.4760 0.1437 0.0399 0.0356 0.0856 0.3422 0.7273 0.7262
0.7025 0.3338 0.1359 0.0593 0.0414 0.0677 0.2219 0.5970 0.6665 0.2934
0.4894 0.1065 0.1187 0.1146 0.1314 0.3277 0.6089 0.6906 0.2923 0.1326
0.2481 0.0758 0.0557 0.0828 0.3388 0.6970 0.6462 0.2787 0.0874 0.0565
0.0358 0.0702 0.1077 0.2761 0.6536 0.6415 0.2169 0.0478 0.0476 0.0881
0.0369 0.0670 0.2304 0.5656 0.6218 0.2644 0.0707 0.0612 0.0926 0.1627
0.1142 0.2303 0.5212 0.4960 0.1936 0.0811 0.0637 0.1305 0.2779 0.4698
0.4212 0.6188 0.5592 0.1990 0.0441 0.0358 0.0721 0.2430 0.6378 0.7236
0.6810 0.4956 0.2132 0.0698 0.0387 0.0515 0.1595 0.5325 0.7341 0.4750
0.5724 0.1373 0.1171 0.0959 0.0919 0.2149 0.5009 0.6964 0.3983 0.1531
0.3474 0.0853 0.0603 0.0735 0.2653 0.6477 0.6992 0.3908 0.1146 0.0665
0.0467 0.0740 0.0885 0.1931 0.5653 0.6804 0.3108 0.0735 0.0550 0.0802
0.0322 0.0628 0.1823 0.5046 0.6817 0.3805 0.0890 0.0440 0.0648 0.1268
0.0720 0.1360 0.4234 0.5701 0.3214 0.1044 0.0573 0.1161 0.2119 0.3452
0.3017 0.5452 0.6258 0.2758 0.0527 0.0388 0.0602 0.1462 0.4943 0.6892
0.6341 0.6331 0.3326 0.0913 0.0381 0.0419 0.1172 0.4558 0.7676 0.6512
0.6703 0.1987 0.1057 0.0662 0.0558 0.1141 0.3461 0.6647 0.5438 0.1816
0.4047 0.0916 0.0828 0.0880 0.1900 0.5041 0.6841 0.5492 0.1761 0.0941
0.0845 0.0709 0.0669 0.1264 0.4583 0.7024 0.4529 0.1319 0.0652 0.0642
0.0301 0.0616 0.1397 0.4079 0.6973 0.5136 0.1274 0.0390 0.0502 0.1004
0.0488 0.0832 0.3226 0.6113 0.4762 0.1455 0.0571 0.1026 0.1578 0.2409
0.1930 0.4196 0.6386 0.3773 0.0824 0.0516 0.0577 0.1026 0.3490 0.6157
0.5525 0.6762 0.4509 0.1247 0.0386 0.0369 0.0884 0.3371 0.7348 0.7230
0.7150 0.2913 0.1143 0.0542 0.0410 0.0719 0.2414 0.6140 0.6477 0.2435
0.4579 0.0978 0.1141 0.1132 0.1371 0.3474 0.6309 0.6843 0.2680 0.1273
0.1924 0.0666 0.0496 0.0805 0.3495 0.7071 0.6225 0.2468 0.0789 0.0497
0.0310 0.0634 0.1008 0.2774 0.6589 0.6374 0.2028 0.0445 0.0454 0.0803
0.0362 0.0638 0.2439 0.5930 0.6077 0.2317 0.0640 0.0665 0.0998 0.1681
0.1080 0.2563 0.5842 0.4972 0.1629 0.0765 0.0566 0.0831 0.2304 0.4857
0.4279 0.6463 0.5625 0.1821 0.0404 0.0349 0.0664 0.1977 0.6221 0.7256
0.6941 0.4829 0.1935 0.0634 0.0379 0.0531 0.1649 0.5313 0.7286 0.4455
0.5609 0.1314 0.1169 0.0969 0.0923 0.2184 0.5135 0.7029 0.3901 0.1518
0.3230 0.0791 0.0529 0.0651 0.2578 0.6508 0.7030 0.3754 0.1080 0.0608
0.0394 0.0656 0.0750 0.1691 0.5419 0.6937 0.3221 0.0760 0.0535 0.0686
0.0304 0.0592 0.1771 0.5093 0.6888 0.3792 0.0854 0.0419 0.0624 0.1204
0.0636 0.1300 0.4459 0.5897 0.3198 0.1038 0.0523 0.0895 0.1804 0.3331
0.2723 0.5500 0.6585 0.2858 0.0502 0.0388 0.0530 0.0973 0.4271 0.6827
0.6349 0.6576 0.3391 0.0875 0.0373 0.0415 0.1112 0.4221 0.7664 0.6647
0.6847 0.2092 0.1022 0.0611 0.0516 0.1044 0.3277 0.6579 0.5629 0.1842
0.3954 0.0885 0.0838 0.0866 0.1694 0.4573 0.6755 0.5745 0.1890 0.0994
0.0838 0.0640 0.0549 0.1017 0.4134 0.7138 0.4949 0.1530 0.0667 0.0544
0.0283 0.0587 0.1245 0.3748 0.6924 0.5434 0.1381 0.0385 0.0475 0.0903
0.0439 0.0743 0.3076 0.6212 0.5002 0.1491 0.0535 0.0910 0.1429 0.2187
0.1503 0.3889 0.6724 0.4174 0.0882 0.0560 0.0506 0.0600 0.2549 0.5832
0.5045 0.6905 0.4983 0.1345 0.0384 0.0376 0.0761 0.2324 0.6765 0.7291
0.7274 0.3502 0.1211 0.0494 0.0376 0.0631 0.2093 0.5769 0.6802 0.2828
0.4759 0.1024 0.1180 0.1117 0.1198 0.2993 0.6057 0.7050 0.3016 0.1371
0.2307 0.0652 0.0439 0.0644 0.2957 0.6937 0.6723 0.3008 0.0868 0.0474
0.0304 0.0612 0.0806 0.2077 0.5995 0.6764 0.2556 0.0556 0.0474 0.0692
0.0330 0.0596 0.2150 0.5716 0.6447 0.2717 0.0664 0.0537 0.0830 0.1448
0.0747 0.2007 0.5814 0.5558 0.2055 0.0885 0.0493 0.0526 0.1581 0.4172
0.3517 0.6262 0.6228 0.2157 0.0405 0.0349 0.0545 0.1139 0.5120 0.7107
0.6723 0.6033 0.2600 0.0700 0.0379 0.0483 0.1347 0.4612 0.7544 0.5770
0.6330 0.1664 0.1080 0.0754 0.0647 0.1407 0.4066 0.6896 0.4915 0.1677
0.3474 0.0833 0.0585 0.0629 0.2058 0.5713 0.7043 0.4446 0.1330 0.0744
0.0475 0.0615 0.0572 0.1144 0.4466 0.7147 0.4166 0.1132 0.0606 0.0567
0.0281 0.0572 0.1427 0.4373 0.7004 0.4690 0.1067 0.0370 0.0516 0.0992
0.0472 0.0887 0.3798 0.6310 0.4206 0.1240 0.0500 0.0829 0.1464 0.2579
0.1821 0.4776 0.7029 0.3602 0.0606 0.0441 0.0433 0.0469 0.2769 0.6297
0.5551 0.7085 0.4450 0.1086 0.0378 0.0402 0.0846 0.2625 0.7078 0.7218
0.7335 0.2825 0.1009 0.0477 0.0381 0.0689 0.2397 0.6151 0.6524 0.2221
0.4194 0.0901 0.1062 0.1028 0.1246 0.3209 0.6322 0.6817 0.2623 0.1284
0.1533 0.0568 0.0388 0.0626 0.3070 0.7128 0.6382 0.2581 0.0778 0.0413
0.0274 0.0576 0.0844 0.2376 0.6298 0.6537 0.2171 0.0473 0.0450 0.0688
0.0348 0.0578 0.2407 0.6072 0.6038 0.2131 0.0583 0.0661 0.0996 0.1586
0.0770 0.2537 0.6638 0.5350 0.1495 0.0781 0.0427 0.0293 0.1301 0.4571
0.3658 0.6616 0.6141 0.1882 0.0385 0.0368 0.0532 0.0912 0.4966 0.7126
0.6929 0.5690 0.2191 0.0607 0.0371 0.0512 0.1456 0.4713 0.7443 0.5182
0.6001 0.1492 0.1104 0.0816 0.0710 0.1592 0.4457 0.7008 0.4566 0.1631
0.3093 0.0763 0.0485 0.0528 0.2033 0.5847 0.7076 0.4062 0.1191 0.0658
0.0375 0.0579 0.0522 0.1046 0.4298 0.7216 0.4114 0.1108 0.0600 0.0530
0.0279 0.0559 0.1488 0.4601 0.6999 0.4362 0.0956 0.0369 0.0537 0.1018
0.0455 0.0963 0.4284 0.6379 0.3833 0.1180 0.0468 0.0633 0.1287 0.2705
0.1843 0.5049 0.7185 0.3465 0.0544 0.0423 0.0403 0.0374 0.2629 0.6385
0.5681 0.7195 0.4271 0.0988 0.0379 0.0421 0.0862 0.2528 0.7076 0.7176
0.7350 0.2737 0.0973 0.0469 0.0382 0.0703 0.2455 0.6187 0.6470 0.2131
0.3931 0.0846 0.1024 0.0980 0.1147 0.2934 0.6257 0.6841 0.2635 0.1303
0.1277 0.0522 0.0336 0.0532 0.2786 0.7156 0.6455 0.2655 0.0783 0.0376
0.0261 0.0550 0.0789 0.2255 0.6176 0.6546 0.2194 0.0485 0.0452 0.0647
0.0338 0.0525 0.2365 0.6169 0.6056 0.2098 0.0579 0.0673 0.0965 0.1487
0.0669 0.2469 0.6866 0.5502 0.1466 0.0787 0.0381 0.0196 0.1025 0.4393
0.3377 0.6693 0.6325 0.1892 0.0389 0.0393 0.0491 0.0621 0.4348 0.7050
0.6898 0.6010 0.2332 0.0607 0.0368 0.0500 0.1374 0.4472 0.7497 0.5487
0.6180 0.1581 0.1079 0.0758 0.0629 0.1365 0.4140 0.7000 0.4883 0.1685
0.2922 0.0734 0.0462 0.0471 0.1749 0.5336 0.7023 0.4191 0.1258 0.0695
0.0365 0.0542 0.0430 0.0799 0.3698 0.7327 0.4604 0.1350 0.0641 0.0466
0.0269 0.0546 0.1351 0.4289 0.6974 0.4641 0.1031 0.0359 0.0510 0.0936
0.0391 0.0824 0.4154 0.6551 0.4108 0.1245 0.0441 0.0524 0.1076 0.2383
0.1450 0.4701 0.7404 0.3825 0.0585 0.0444 0.0344 0.0221 0.1925 0.6041
0.5187 0.7295 0.4702 0.1063 0.0384 0.0442 0.0757 0.1666 0.6404 0.7192
0.7437 0.3184 0.1012 0.0434 0.0363 0.0653 0.2219 0.5854 0.6684 0.2394
0.3996 0.0861 0.1071 0.0982 0.0977 0.2406 0.5984 0.7104 0.2979 0.1426
0.1547 0.0479 0.0277 0.0398 0.2210 0.6861 0.6945 0.3251 0.0854 0.0344
0.0251 0.0519 0.0592 0.1520 0.5312 0.6982 0.2920 0.0667 0.0489 0.0534
0.0321 0.0437 0.1837 0.5745 0.6471 0.2624 0.0650 0.0555 0.0753 0.1092
0.0428 0.1791 0.6755 0.6175 0.1985 0.0954 0.0333 0.0118 0.0625 0.3551
0.2479 0.6344 0.6992 0.2372 0.0404 0.0406 0.0385 0.0279 0.2950 0.6772
0.6487 0.7023 0.3155 0.0691 0.0377 0.0481 0.1099 0.3346 0.7446 0.6607
0.6982 0.2079 0.0972 0.0562 0.0436 0.0851 0.3057 0.6736 0.5951 0.1845
0.2821 0.0710 0.0566 0.0508 0.1151 0.3478 0.6588 0.5240 0.1764 0.0981
0.0468 0.0466 0.0285 0.0447 0.2550 0.7380 0.5850 0.2165 0.0747 0.0351
0.0248 0.0520 0.0951 0.3002 0.6506 0.5693 0.1544 0.0415 0.0470 0.0719
0.0354 0.0459 0.2758 0.6470 0.5136 0.1539 0.0503 0.0673 0.0950 0.1423
0.0725 0.3175 0.7419 0.5025 0.0945 0.0580 0.0269 0.0093 0.0892 0.4718
0.3706 0.7140 0.5908 0.1454 0.0395 0.0475 0.0533 0.0510 0.4251 0.7002
0.7215 0.5194 0.1669 0.0484 0.0360 0.0558 0.1612 0.4770 0.7263 0.4296
0.5257 0.1220 0.1105 0.0853 0.0689 0.1533 0.4781 0.7220 0.4261 0.1649
0.2076 0.0547 0.0301 0.0311 0.1409 0.5093 0.7037 0.3942 0.1126 0.0533
0.0263 0.0466 0.0337 0.0623 0.3269 0.7475 0.4751 0.1426 0.0639 0.0382
0.0268 0.0472 0.1355 0.4623 0.6988 0.4222 0.0917 0.0375 0.0518 0.0875
0.0263 0.0800 0.5246 0.6929 0.3716 0.1345 0.0350 0.0151 0.0474 0.2110
0.1257 0.4849 0.7555 0.3719 0.0534 0.0411 0.0251 0.0104 0.1450 0.5811
0.4719 0.7438 0.4952 0.1043 0.0400 0.0518 0.0690 0.0920 0.5410 0.7061
0.7548 0.3327 0.0968 0.0396 0.0343 0.0623 0.2127 0.5719 0.6783 0.2401
0.3416 0.0766 0.0967 0.0822 0.0723 0.1685 0.5651 0.7156 0.3170 0.1543
0.1200 0.0372 0.0180 0.0223 0.1353 0.6200 0.7258 0.3854 0.0942 0.0291
0.0230 0.0468 0.0422 0.0957 0.4251 0.7274 0.3700 0.0946 0.0548 0.0424
0.0372 0.0173 0.0802 0.4719 0.6617 0.3340 0.0948 0.0630 0.0475 0.0343
0.0237 0.1208 0.6751 0.6859 0.2549 0.1108 0.0244 0.0045 0.0292 0.2560
0.1696 0.5955 0.7383 0.2772 0.0450 0.0448 0.0285 0.0100 0.1699 0.6253
0.5426 0.7530 0.4246 0.0834 0.0400 0.0538 0.0820 0.1388 0.6181 0.7015
0.7540 0.2713 0.0868 0.0408 0.0337 0.0624 0.2340 0.6213 0.6640 0.2005
0.2490 0.0606 0.0764 0.0630 0.0602 0.1401 0.5651 0.6832 0.2829 0.1489
0.0595 0.0295 0.0130 0.0164 0.1144 0.6542 0.7165 0.3701 0.0895 0.0223
0.0222 0.0467 0.0481 0.1221 0.4761 0.6981 0.3064 0.0756 0.0518 0.0455
0.0515 0.0051 0.0344 0.4071 0.5985 0.3017 0.1225 0.1049 0.0369 0.0091
0.0198 0.1155 0.6868 0.6889 0.2368 0.0969 0.0174 0.0023 0.0217 0.2283
0.2037 0.6519 0.7101 0.2213 0.0432 0.0506 0.0325 0.0103 0.1870 0.6401
0.5569 0.7600 0.4061 0.0773 0.0412 0.0573 0.0868 0.1450 0.6267 0.7003
0.7527 0.2573 0.0875 0.0424 0.0320 0.0571 0.2312 0.6446 0.6734 0.1986
0.2040 0.0535 0.0650 0.0511 0.0498 0.1137 0.5506 0.6645 0.2756 0.1487
0.0352 0.0224 0.0093 0.0116 0.0850 0.6047 0.7014 0.3652 0.0879 0.0189
0.0213 0.0448 0.0427 0.1040 0.4354 0.7007 0.3258 0.0852 0.0547 0.0420
0.0703 0.0011 0.0089 0.2814 0.5767 0.3657 0.1970 0.1432 0.0195 0.0014
0.0146 0.0892 0.6638 0.7134 0.2654 0.0947 0.0131 0.0014 0.0153 0.1776
0.1765 0.6435 0.7114 0.2227 0.0473 0.0575 0.0299 0.0064 0.1426 0.6110
0.4633 0.7680 0.4744 0.0876 0.0436 0.0664 0.0714 0.0598 0.4746 0.6900
0.7697 0.2914 0.0841 0.0371 0.0305 0.0549 0.2127 0.6096 0.6878 0.2066
0.1928 0.0506 0.0722 0.0545 0.0377 0.0734 0.5078 0.7165 0.3267 0.1742
0.0203 0.0124 0.0042 0.0038 0.0243 0.2985 0.7025 0.4489 0.1080 0.0180
0.0199 0.0412 0.0280 0.0544 0.3062 0.7471 0.4507 0.1357 0.0637 0.0323
0.0844 0.0005 0.0031 0.1856 0.6120 0.4815 0.2834 0.1574 0.0121 0.0004
0.0058 0.0377 0.6043 0.8052 0.4373 0.1331 0.0094 0.0005 0.0054 0.0858
0.1071 0.5316 0.7164 0.2895 0.0601 0.0563 0.0198 0.0029 0.0818 0.5121
0.2556 0.7462 0.6175 0.1237 0.0504 0.0915 0.0454 0.0068 0.1635 0.6237
0.7058 0.6453 0.2097 0.0469 0.0367 0.0565 0.1347 0.3638 0.7313 0.5395
0.4747 0.1200 0.0858 0.0491 0.0245 0.0372 0.2949 0.7322 0.5882 0.2131
0.0719 0.0288 0.0115 0.0067 0.0248 0.1563 0.6765 0.4820 0.1564 0.0604
0.0108 0.0251 0.0130 0.0180 0.1182 0.5948 0.5263 0.2065 0.0763 0.0268
0.0685 0.0006 0.0010 0.0332 0.4872 0.7928 0.5937 0.1655 0.0098 0.0002
0.0194 0.0007 0.0249 0.4294 0.5156 0.4291 0.1061 0.0049 0.0014 0.0006
0.0162 0.1110 0.6313 0.6390 0.1875 0.0492 0.0056 0.0006 0.0175 0.1699
0.1268 0.6346 0.6593 0.1858 0.0678 0.0986 0.0265 0.0016 0.0629 0.5003
0.1493 0.6872 0.6447 0.1512 0.0654 0.1155 0.0316 0.0016 0.0658 0.5210
0.3533 0.7673 0.5398 0.0961 0.0469 0.0843 0.0575 0.0169 0.2740 0.6493
0.7770 0.2775 0.0825 0.0363 0.0247 0.0403 0.1909 0.6475 0.7248 0.2088
0.1324 0.0407 0.0566 0.0382 0.0249 0.0449 0.4780 0.7042 0.3288 0.1829
0.0024 0.0044 0.0015 0.0011 0.0054 0.0512 0.5009 0.3481 0.1106 0.0194
0.0186 0.0386 0.0221 0.0388 0.2422 0.7394 0.4815 0.1612 0.0709 0.0284
0.0711 0.0003 0.0034 0.2282 0.6045 0.4541 0.2671 0.1438 0.0094 0.0003
0.0043 0.0262 0.5578 0.8176 0.4743 0.1310 0.0072 0.0003 0.0037 0.0578
0.1355 0.6079 0.7040 0.2323 0.0560 0.0668 0.0250 0.0032 0.0922 0.5487
0.3084 0.7601 0.5775 0.1087 0.0486 0.0872 0.0521 0.0117 0.2242 0.6437
0.7381 0.5319 0.1464 0.0399 0.0353 0.0592 0.1624 0.4416 0.7178 0.4061
0.4604 0.1083 0.0988 0.0714 0.0534 0.1126 0.4558 0.7204 0.4337 0.1740
0.1363 0.0423 0.0197 0.0163 0.0734 0.3710 0.7048 0.4322 0.1268 0.0525
0.0235 0.0437 0.0275 0.0462 0.2696 0.7554 0.5170 0.1693 0.0690 0.0339
0.0282 0.0357 0.1071 0.4355 0.6961 0.4330 0.0997 0.0402 0.0467 0.0629
0.0226 0.0784 0.5615 0.7079 0.3640 0.1403 0.0327 0.0099 0.0351 0.2016
0.1570 0.5304 0.7505 0.3361 0.0471 0.0397 0.0291 0.0148 0.1848 0.6187
0.5654 0.7393 0.4150 0.0866 0.0386 0.0481 0.0856 0.1926 0.6693 0.7067
0.7451 0.2689 0.0896 0.0429 0.0362 0.0680 0.2442 0.6187 0.6503 0.2017
0.3409 0.0777 0.0864 0.0783 0.1014 0.2691 0.6251 0.6535 0.2469 0.1280
0.0978 0.0524 0.0308 0.0439 0.2399 0.7159 0.6499 0.2760 0.0835 0.0381
0.0256 0.0546 0.0776 0.2238 0.6131 0.6437 0.2097 0.0474 0.0459 0.0641
0.0359 0.0466 0.2275 0.6135 0.5741 0.1872 0.0556 0.0714 0.0979 0.1337
0.0572 0.2540 0.7223 0.5556 0.1294 0.0721 0.0294 0.0098 0.0743 0.4234
0.3437 0.6848 0.6249 0.1738 0.0380 0.0413 0.0488 0.0528 0.4178 0.7002
0.7145 0.5335 0.1818 0.0519 0.0358 0.0533 0.1552 0.4785 0.7343 0.4562
0.5605 0.1346 0.1092 0.0832 0.0740 0.1706 0.4772 0.7046 0.4255 0.1603
0.2669 0.0688 0.0404 0.0432 0.1850 0.5751 0.7088 0.3896 0.1132 0.0599
0.0320 0.0561 0.0489 0.0968 0.4134 0.7265 0.4101 0.1108 0.0604 0.0510
0.0285 0.0554 0.1545 0.4790 0.6961 0.4012 0.0856 0.0369 0.0567 0.1048
0.0389 0.1074 0.5104 0.6493 0.3338 0.1141 0.0393 0.0307 0.0878 0.2755
0.1622 0.5220 0.7441 0.3434 0.0498 0.0408 0.0320 0.0193 0.2037 0.6259
0.5554 0.7332 0.4312 0.0934 0.0381 0.0454 0.0826 0.1970 0.6717 0.7123
0.7441 0.2765 0.0926 0.0437 0.0364 0.0677 0.2404 0.6150 0.6535 0.2086
0.3602 0.0799 0.0940 0.0864 0.1023 0.2645 0.6196 0.6748 0.2610 0.1321
0.1124 0.0521 0.0309 0.0444 0.2419 0.7116 0.6592 0.2845 0.0835 0.0376
0.0256 0.0544 0.0748 0.2120 0.6038 0.6560 0.2230 0.0497 0.0460 0.0625
0.0352 0.0464 0.2168 0.6043 0.5921 0.2024 0.0576 0.0680 0.0934 0.1290
0.0539 0.2380 0.7142 0.5686 0.1411 0.0762 0.0301 0.0101 0.0717 0.4102
0.3015 0.6729 0.6568 0.1929 0.0391 0.0424 0.0442 0.0373 0.3551 0.6912
0.6925 0.6197 0.2331 0.0578 0.0365 0.0505 0.1340 0.4238 0.7488 0.5567
0.6244 0.1628 0.1048 0.0711 0.0587 0.1263 0.3993 0.6954 0.5017 0.1708
0.2733 0.0708 0.0435 0.0421 0.1544 0.4939 0.6977 0.4228 0.1294 0.0719
0.0353 0.0531 0.0389 0.0680 0.3342 0.7374 0.4875 0.1508 0.0675 0.0443
0.0267 0.0541 0.1275 0.4098 0.6939 0.4765 0.1066 0.0355 0.0500 0.0894
0.0329 0.0711 0.4161 0.6610 0.4077 0.1275 0.0385 0.0317 0.0757 0.1972
0.0978 0.4145 0.7574 0.4277 0.0647 0.0446 0.0237 0.0087 0.1145 0.5350
0.4384 0.7307 0.5305 0.1187 0.0391 0.0488 0.0630 0.0784 0.5068 0.7045
0.7523 0.3644 0.1036 0.0396 0.0346 0.0619 0.2034 0.5502 0.6855 0.2644
0.3977 0.0879 0.1034 0.0892 0.0839 0.2030 0.5737 0.7123 0.3202 0.1501
0.1640 0.0467 0.0249 0.0310 0.1704 0.6302 0.7154 0.3685 0.0953 0.0364
0.0247 0.0499 0.0474 0.1084 0.4515 0.7221 0.3564 0.0885 0.0539 0.0467
0.0314 0.0382 0.1510 0.5380 0.6698 0.3076 0.0733 0.0500 0.0631 0.0862
0.0323 0.1430 0.6612 0.6551 0.2384 0.1054 0.0300 0.0086 0.0463 0.3026
0.1910 0.5982 0.7339 0.2772 0.0430 0.0416 0.0317 0.0155 0.2115 0.6469
0.5908 0.7397 0.3851 0.0787 0.0387 0.0495 0.0917 0.2171 0.6895 0.6988
0.7391 0.2494 0.0897 0.0451 0.0363 0.0679 0.2534 0.6400 0.6454 0.1945
0.2757 0.0663 0.0732 0.0632 0.0803 0.2091 0.6039 0.6398 0.2443 0.1298
0.0616 0.0404 0.0208 0.0288 0.1821 0.7151 0.6673 0.2974 0.0836 0.0290
0.0237 0.0503 0.0672 0.1934 0.5731 0.6466 0.2236 0.0536 0.0480 0.0570
0.0399 0.0194 0.1247 0.5548 0.5660 0.2080 0.0706 0.0801 0.0667 0.0499
0.0375 0.1965 0.7196 0.6029 0.1513 0.0749 0.0214 0.0045 0.0430 0.3380
0.2611 0.6846 0.6731 0.1877 0.0414 0.0508 0.0401 0.0185 0.2600 0.6691
0.6706 0.6921 0.2759 0.0593 0.0377 0.0518 0.1184 0.3402 0.7414 0.6264
0.6701 0.1875 0.1001 0.0604 0.0439 0.0850 0.3234 0.6947 0.5816 0.1848
0.2159 0.0610 0.0392 0.0327 0.0964 0.3243 0.6607 0.4573 0.1528 0.0869
0.0315 0.0417 0.0231 0.0342 0.2119 0.7394 0.5903 0.2251 0.0769 0.0315
0.0243 0.0499 0.0926 0.2999 0.6432 0.5514 0.1466 0.0416 0.0480 0.0698
0.0314 0.0238 0.2134 0.6190 0.4897 0.1781 0.0542 0.0385 0.0459 0.0634
0.0459 0.2505 0.7273 0.5407 0.1076 0.0521 0.0154 0.0034 0.0517 0.3700
0.2882 0.7166 0.6376 0.1531 0.0425 0.0593 0.0445 0.0174 0.2631 0.6664
0.7064 0.6167 0.2078 0.0501 0.0364 0.0541 0.1390 0.4056 0.7386 0.5265
0.5761 0.1448 0.1014 0.0672 0.0477 0.0950 0.3817 0.7142 0.5175 0.1811
0.1669 0.0498 0.0263 0.0220 0.0861 0.3464 0.6795 0.4171 0.1311 0.0663
0.0240 0.0408 0.0233 0.0362 0.2251 0.7484 0.5585 0.1996 0.0732 0.0312
0.0262 0.0402 0.0899 0.3431 0.6683 0.5053 0.1254 0.0399 0.0454 0.0598
0.0211 0.0332 0.3638 0.6791 0.4362 0.1725 0.0385 0.0112 0.0245 0.0838
0.0428 0.2534 0.7177 0.5249 0.1045 0.0476 0.0121 0.0023 0.0460 0.3501
0.2752 0.7280 0.6319 0.1416 0.0446 0.0685 0.0439 0.0120 0.2210 0.6503
0.7034 0.6364 0.2137 0.0493 0.0368 0.0555 0.1364 0.3829 0.7356 0.5413
0.5588 0.1408 0.0978 0.0618 0.0392 0.0720 0.3503 0.7215 0.5465 0.1910
0.1304 0.0427 0.0208 0.0155 0.0602 0.2742 0.6744 0.4302 0.1378 0.0660
0.0207 0.0367 0.0198 0.0296 0.1935 0.7364 0.5705 0.2123 0.0748 0.0285
0.0293 0.0235 0.0486 0.2537 0.6385 0.5587 0.1689 0.0492 0.0371 0.0285
