0.1201 0.0663 0.1662 0.5306 0.6065 0.2344 0.0459 0.0780 0.1219 0.2214
0.2710 0.2737 0.4316 0.5635 0.2082 0.0384 0.0178 0.1693 0.5344 0.6678
0.4598 0.5572 0.5626 0.2793 0.0922 0.0486 0.0261 0.1925 0.7505 0.7482
0.6890 0.4496 0.1878 0.0628 0.0697 0.1801 0.1806 0.5520 0.8353 0.3829
0.5689 0.1754 0.0483 0.0484 0.1206 0.3382 0.3732 0.6088 0.6035 0.1370
0.3249 0.0946 0.0306 0.0491 0.2902 0.6451 0.4663 0.3275 0.2113 0.0532
0.1227 0.0558 0.0780 0.1840 0.6099 0.6893 0.2185 0.0947 0.0860 0.0645
0.1119 0.0581 0.1465 0.4647 0.6510 0.3412 0.0621 0.0676 0.0940 0.1596
0.2078 0.1855 0.3456 0.6035 0.2893 0.0513 0.0205 0.1462 0.3869 0.5620
0.3979 0.5673 0.6040 0.3390 0.0939 0.0374 0.0194 0.1491 0.6974 0.7839
0.6557 0.4694 0.2708 0.0922 0.0776 0.1436 0.1196 0.4720 0.8368 0.4672
0.6290 0.2516 0.0689 0.0468 0.0897 0.2707 0.3235 0.6236 0.7047 0.1951
0.4015 0.1075 0.0260 0.0379 0.2041 0.5730 0.5066 0.4411 0.2857 0.0596
0.1371 0.0574 0.0554 0.1240 0.5525 0.7391 0.3103 0.1251 0.0921 0.0516
0.1088 0.0535 0.1209 0.3811 0.6678 0.4549 0.0888 0.0651 0.0773 0.1151
0.1668 0.1254 0.2498 0.6284 0.3818 0.0662 0.0234 0.1308 0.2744 0.4715
0.3604 0.4919 0.6073 0.4272 0.1195 0.0351 0.0166 0.1485 0.6747 0.7729
0.5912 0.5146 0.3791 0.1375 0.0807 0.0994 0.0699 0.3505 0.8125 0.5835
0.6854 0.3605 0.1004 0.0457 0.0707 0.2263 0.2751 0.6242 0.7883 0.2686
0.4575 0.1155 0.0285 0.0405 0.1525 0.4489 0.4698 0.5357 0.3878 0.0807
0.1632 0.0602 0.0425 0.0894 0.4881 0.7509 0.3855 0.1643 0.1048 0.0453
0.1090 0.0534 0.1051 0.2950 0.6624 0.5682 0.1268 0.0671 0.0723 0.0880
0.1373 0.0859 0.1860 0.6166 0.4911 0.1058 0.0300 0.1098 0.1852 0.3553
0.2886 0.3992 0.5894 0.5115 0.1523 0.0359 0.0158 0.1344 0.5778 0.7257
0.4984 0.6046 0.4870 0.1880 0.0698 0.0566 0.0384 0.2178 0.7492 0.7190
0.7070 0.4280 0.1390 0.0491 0.0644 0.1995 0.2309 0.6022 0.8261 0.3288
0.5004 0.1228 0.0339 0.0465 0.1234 0.3455 0.4184 0.6025 0.4901 0.1081
0.2128 0.0670 0.0314 0.0593 0.3802 0.7279 0.4671 0.2330 0.1291 0.0425
0.1135 0.0566 0.0815 0.2031 0.6169 0.6618 0.1950 0.0831 0.0767 0.0700
0.1147 0.0600 0.1410 0.5527 0.6046 0.2095 0.0457 0.0860 0.1145 0.2203
0.2353 0.2789 0.4847 0.5948 0.2011 0.0356 0.0165 0.1463 0.4816 0.6611
0.4148 0.6458 0.5794 0.2552 0.0687 0.0374 0.0232 0.1420 0.6839 0.7930
0.6920 0.4568 0.2027 0.0659 0.0700 0.1726 0.1689 0.5419 0.8395 0.3968
0.5651 0.1669 0.0478 0.0487 0.1002 0.2815 0.3628 0.6308 0.6097 0.1508
0.3217 0.0887 0.0237 0.0377 0.2482 0.6544 0.5347 0.3599 0.1965 0.0466
0.1243 0.0587 0.0589 0.1324 0.5607 0.7350 0.2933 0.1116 0.0848 0.0548
0.1077 0.0522 0.1181 0.4440 0.6571 0.3614 0.0720 0.0714 0.0823 0.1393
0.1840 0.1636 0.3163 0.6410 0.2995 0.0458 0.0199 0.1472 0.3418 0.5478
0.3436 0.6033 0.6356 0.3406 0.0854 0.0342 0.0179 0.1109 0.6174 0.7921
0.6224 0.5144 0.3199 0.1062 0.0730 0.1151 0.0923 0.3977 0.8173 0.5354
0.6627 0.3038 0.0824 0.0462 0.0696 0.2140 0.2910 0.6410 0.7568 0.2464
0.4127 0.1020 0.0241 0.0340 0.1457 0.4798 0.5159 0.5029 0.3097 0.0680
0.1431 0.0575 0.0385 0.0811 0.4854 0.7794 0.4213 0.1580 0.0916 0.0414
0.1076 0.0520 0.0997 0.3160 0.6621 0.5283 0.1174 0.0673 0.0688 0.0926
0.1374 0.0971 0.2114 0.6475 0.4339 0.0772 0.0261 0.1201 0.2035 0.3996
0.2723 0.4811 0.6221 0.4517 0.1203 0.0349 0.0164 0.1056 0.5269 0.7416
0.4968 0.6530 0.4527 0.1515 0.0553 0.0540 0.0433 0.2080 0.7221 0.7248
0.7120 0.4177 0.1293 0.0469 0.0617 0.1942 0.2394 0.6138 0.8216 0.3197
0.4681 0.1041 0.0297 0.0446 0.1133 0.3269 0.4355 0.6030 0.4420 0.1019
0.1855 0.0607 0.0282 0.0542 0.3837 0.7614 0.5062 0.2246 0.1111 0.0375
0.1110 0.0569 0.0812 0.2055 0.6161 0.6559 0.1918 0.0809 0.0742 0.0711
0.1125 0.0605 0.1410 0.5808 0.5862 0.1772 0.0421 0.0916 0.1172 0.2370
0.2075 0.2981 0.5311 0.5845 0.1875 0.0375 0.0170 0.1214 0.4200 0.6392
0.3893 0.7034 0.5771 0.2241 0.0543 0.0329 0.0233 0.1172 0.6298 0.8113
0.6983 0.4602 0.2047 0.0657 0.0692 0.1683 0.1664 0.5398 0.8395 0.3985
0.5498 0.1478 0.0442 0.0496 0.0904 0.2470 0.3619 0.6455 0.5925 0.1528
0.3037 0.0821 0.0202 0.0316 0.2217 0.6619 0.5801 0.3702 0.1765 0.0424
0.1240 0.0609 0.0511 0.1103 0.5301 0.7552 0.3371 0.1208 0.0841 0.0510
0.1055 0.0499 0.1064 0.4367 0.6579 0.3658 0.0763 0.0733 0.0772 0.1318
0.1451 0.1490 0.3600 0.6591 0.3118 0.0537 0.0216 0.1218 0.2580 0.4699
0.3000 0.6454 0.6431 0.3200 0.0727 0.0315 0.0178 0.0858 0.5303 0.7967
0.5857 0.5881 0.3449 0.1061 0.0591 0.0873 0.0764 0.3218 0.7776 0.6055
0.6750 0.3182 0.0896 0.0449 0.0586 0.1812 0.2758 0.6437 0.7676 0.2710
0.3946 0.0872 0.0227 0.0328 0.1134 0.4048 0.5183 0.5325 0.3003 0.0729
0.1448 0.0571 0.0315 0.0638 0.4419 0.7940 0.4842 0.1779 0.0903 0.0371
0.1072 0.0527 0.0931 0.2838 0.6545 0.5650 0.1340 0.0683 0.0667 0.0847
0.1196 0.0819 0.1945 0.6585 0.4661 0.0870 0.0286 0.1135 0.1638 0.3468
0.2189 0.4608 0.6235 0.4595 0.1234 0.0378 0.0176 0.0850 0.4121 0.6965
0.4504 0.7140 0.4805 0.1528 0.0451 0.0408 0.0357 0.1572 0.6637 0.7756
0.7195 0.4329 0.1454 0.0492 0.0614 0.1829 0.2200 0.5975 0.8271 0.3375
0.4775 0.0994 0.0297 0.0490 0.1025 0.2737 0.4133 0.6390 0.4739 0.1142
0.2011 0.0618 0.0213 0.0382 0.3049 0.7537 0.5828 0.2732 0.1147 0.0344
0.1135 0.0604 0.0659 0.1534 0.5717 0.7061 0.2539 0.0957 0.0776 0.0621
0.1037 0.0504 0.1142 0.5420 0.6281 0.2359 0.0539 0.0862 0.0913 0.1807
0.1395 0.2210 0.5170 0.6199 0.2321 0.0513 0.0209 0.0954 0.2551 0.4931
0.3171 0.7137 0.6271 0.2499 0.0547 0.0307 0.0202 0.0816 0.5256 0.8119
0.6542 0.5203 0.2767 0.0863 0.0663 0.1211 0.1102 0.4270 0.8146 0.5004
0.6147 0.2128 0.0618 0.0475 0.0623 0.1751 0.3073 0.6603 0.6870 0.2201
0.3264 0.0730 0.0175 0.0250 0.1203 0.5023 0.5997 0.4683 0.1986 0.0515
0.1333 0.0607 0.0348 0.0696 0.4554 0.7924 0.4577 0.1580 0.0857 0.0404
0.1060 0.0496 0.0895 0.3362 0.6590 0.4855 0.1114 0.0705 0.0655 0.0960
0.1141 0.0956 0.2567 0.6859 0.4012 0.0681 0.0258 0.1166 0.1725 0.3678
0.2094 0.5595 0.6685 0.3724 0.0952 0.0417 0.0195 0.0625 0.3614 0.7020
0.4704 0.7337 0.4214 0.1178 0.0377 0.0433 0.0449 0.1704 0.6522 0.7579
0.7201 0.4035 0.1237 0.0457 0.0556 0.1677 0.2348 0.6169 0.8104 0.3208
0.4418 0.0873 0.0260 0.0442 0.0947 0.2747 0.4415 0.6252 0.4132 0.1039
0.1596 0.0514 0.0206 0.0387 0.3186 0.7781 0.5997 0.2464 0.0918 0.0311
0.1102 0.0594 0.0725 0.1791 0.5911 0.6745 0.2184 0.0859 0.0733 0.0676
0.1007 0.0524 0.1244 0.6018 0.5933 0.1713 0.0443 0.0955 0.0993 0.2137
0.1364 0.2726 0.5599 0.5743 0.1957 0.0511 0.0214 0.0800 0.2384 0.5108
0.3379 0.7364 0.6022 0.2170 0.0481 0.0307 0.0222 0.0871 0.5416 0.8161
0.6885 0.4875 0.2366 0.0750 0.0681 0.1397 0.1346 0.4837 0.8258 0.4430
0.5756 0.1622 0.0481 0.0508 0.0704 0.1829 0.3295 0.6710 0.6337 0.1876
0.2902 0.0663 0.0139 0.0207 0.1205 0.5597 0.6574 0.4515 0.1576 0.0418
0.1352 0.0653 0.0299 0.0583 0.4265 0.8025 0.4987 0.1660 0.0830 0.0384
0.1058 0.0471 0.0769 0.3453 0.6501 0.4520 0.1119 0.0780 0.0640 0.0969
0.0988 0.0945 0.2925 0.7001 0.3881 0.0686 0.0266 0.1078 0.1463 0.3344
0.2024 0.5825 0.6757 0.3532 0.0886 0.0421 0.0200 0.0568 0.3387 0.7018
0.4794 0.7407 0.3994 0.1070 0.0353 0.0438 0.0485 0.1751 0.6469 0.7513
0.7179 0.3860 0.1162 0.0446 0.0523 0.1563 0.2381 0.6212 0.7984 0.3154
0.4205 0.0761 0.0220 0.0438 0.0890 0.2554 0.4550 0.6387 0.3821 0.0999
0.1509 0.0502 0.0161 0.0296 0.2724 0.7869 0.6618 0.2652 0.0828 0.0278
0.1122 0.0615 0.0614 0.1518 0.5618 0.6906 0.2529 0.0942 0.0722 0.0629
0.0912 0.0465 0.1133 0.6134 0.6002 0.1724 0.0473 0.0973 0.0849 0.1907
0.1086 0.2487 0.5557 0.5767 0.2044 0.0587 0.0242 0.0675 0.1691 0.4391
0.3004 0.7305 0.6262 0.2220 0.0501 0.0335 0.0226 0.0726 0.4763 0.7957
0.6718 0.5355 0.2499 0.0766 0.0600 0.1122 0.1154 0.4234 0.7961 0.4902
0.6005 0.1782 0.0509 0.0519 0.0605 0.1479 0.3056 0.6857 0.6628 0.2150
0.2726 0.0562 0.0124 0.0176 0.0795 0.4646 0.6754 0.4887 0.1464 0.0450
0.1346 0.0637 0.0252 0.0469 0.3791 0.8061 0.5516 0.1833 0.0801 0.0354
0.1073 0.0467 0.0662 0.3024 0.6415 0.4928 0.1340 0.0815 0.0601 0.0844
0.0728 0.0725 0.2895 0.7104 0.4416 0.0941 0.0323 0.0881 0.0902 0.2352
0.1504 0.5179 0.6873 0.3718 0.1056 0.0562 0.0236 0.0447 0.2260 0.5957
0.4277 0.7751 0.4497 0.1206 0.0324 0.0343 0.0377 0.1287 0.5860 0.7931
0.7376 0.4153 0.1351 0.0478 0.0541 0.1453 0.2098 0.5941 0.8052 0.3355
0.4402 0.0719 0.0226 0.0532 0.0864 0.2058 0.4153 0.6814 0.4322 0.1148
0.1538 0.0460 0.0132 0.0230 0.1981 0.7444 0.7026 0.3132 0.0838 0.0273
0.1169 0.0666 0.0477 0.1031 0.5039 0.7474 0.3450 0.1162 0.0776 0.0534
0.0902 0.0388 0.0809 0.5435 0.6430 0.2470 0.0661 0.0962 0.0685 0.1396
0.0833 0.1665 0.4962 0.6439 0.2605 0.0663 0.0270 0.0705 0.1194 0.3389
0.2387 0.6861 0.6717 0.2603 0.0622 0.0402 0.0223 0.0559 0.3770 0.7459
0.5787 0.6988 0.2842 0.0731 0.0354 0.0596 0.0790 0.2578 0.6788 0.6477
0.6730 0.2720 0.0762 0.0460 0.0466 0.1232 0.2626 0.6629 0.7336 0.2785
0.3237 0.0577 0.0144 0.0234 0.0603 0.2949 0.5932 0.5810 0.2156 0.0684
0.1343 0.0539 0.0155 0.0273 0.2614 0.7954 0.6734 0.2415 0.0714 0.0283
0.1141 0.0556 0.0559 0.1863 0.5859 0.6195 0.2123 0.0891 0.0614 0.0656
0.0571 0.0452 0.2004 0.6965 0.5601 0.1540 0.0444 0.0760 0.0524 0.1467
0.0901 0.3270 0.6331 0.4754 0.1652 0.0767 0.0293 0.0411 0.1131 0.3974
0.3235 0.7549 0.5837 0.1826 0.0424 0.0335 0.0262 0.0789 0.4836 0.7957
0.7250 0.4915 0.2042 0.0676 0.0612 0.1128 0.1322 0.4709 0.7912 0.4252
0.5473 0.1120 0.0328 0.0612 0.0702 0.1381 0.3268 0.7173 0.5843 0.1756
0.1988 0.0431 0.0090 0.0128 0.0650 0.5083 0.7529 0.4724 0.0992 0.0349
0.1354 0.0688 0.0221 0.0399 0.3517 0.8116 0.5845 0.1890 0.0771 0.0344
0.1078 0.0416 0.0473 0.2985 0.6259 0.4608 0.1484 0.0994 0.0561 0.0783
0.0560 0.0728 0.3495 0.7275 0.4106 0.0936 0.0343 0.0760 0.0650 0.1956
0.1318 0.5098 0.6985 0.3608 0.1078 0.0651 0.0261 0.0382 0.1822 0.5475
0.4114 0.7828 0.4594 0.1216 0.0317 0.0325 0.0360 0.1120 0.5403 0.7914
0.7539 0.4162 0.1381 0.0499 0.0535 0.1239 0.1893 0.5712 0.7888 0.3403
0.4385 0.0569 0.0171 0.0682 0.0876 0.1545 0.3928 0.7419 0.4427 0.1205
0.1326 0.0394 0.0098 0.0162 0.1131 0.6606 0.7521 0.3672 0.0778 0.0268
0.1256 0.0727 0.0322 0.0628 0.4262 0.7899 0.4691 0.1477 0.0783 0.0434
0.0836 0.0313 0.0526 0.4546 0.6582 0.3420 0.1058 0.1018 0.0479 0.0859
0.0486 0.1015 0.4428 0.6901 0.3270 0.0907 0.0359 0.0582 0.0519 0.1934
0.1484 0.5770 0.7086 0.3036 0.0896 0.0657 0.0275 0.0373 0.2021 0.5785
0.4779 0.7917 0.3729 0.0942 0.0274 0.0305 0.0431 0.1295 0.5310 0.7692
0.7522 0.3648 0.1056 0.0439 0.0435 0.1013 0.2096 0.6013 0.7510 0.3161
0.3776 0.0451 0.0133 0.0555 0.0714 0.1504 0.4465 0.7306 0.3477 0.1049
0.1071 0.0364 0.0095 0.0162 0.1013 0.6310 0.7484 0.3429 0.0671 0.0267
0.1217 0.0720 0.0352 0.0742 0.4480 0.7693 0.4248 0.1352 0.0751 0.0471
0.0558 0.0253 0.0754 0.5661 0.6829 0.3227 0.0928 0.0822 0.0311 0.0689
0.0416 0.1070 0.4513 0.6658 0.3097 0.0987 0.0399 0.0486 0.0387 0.1713
0.1144 0.5228 0.7211 0.2933 0.1040 0.0971 0.0356 0.0297 0.1306 0.4457
0.5094 0.7973 0.3493 0.0927 0.0267 0.0249 0.0397 0.1172 0.4769 0.7615
0.7672 0.3515 0.0962 0.0440 0.0410 0.0834 0.2003 0.5985 0.7253 0.3115
0.3472 0.0358 0.0110 0.0548 0.0590 0.1202 0.4577 0.7505 0.3115 0.1045
0.0865 0.0324 0.0088 0.0150 0.0575 0.4681 0.7358 0.3783 0.0724 0.0300
0.1237 0.0734 0.0312 0.0660 0.4292 0.7765 0.4550 0.1435 0.0743 0.0447
0.0434 0.0207 0.0742 0.5551 0.7015 0.3931 0.1176 0.0729 0.0199 0.0439
0.0339 0.0815 0.4001 0.6993 0.3422 0.1021 0.0435 0.0499 0.0285 0.1367
0.0975 0.4803 0.7228 0.3011 0.1162 0.1155 0.0399 0.0268 0.1013 0.3767
0.4413 0.7706 0.4297 0.1248 0.0348 0.0257 0.0319 0.0794 0.3700 0.7305
0.8002 0.3951 0.1184 0.0510 0.0470 0.0714 0.1541 0.5294 0.7117 0.3320
0.3982 0.0300 0.0090 0.0978 0.0813 0.0830 0.3732 0.8219 0.3925 0.1199
0.0811 0.0326 0.0081 0.0143 0.0302 0.2854 0.7130 0.4771 0.1162 0.0338
0.1330 0.0770 0.0209 0.0369 0.3347 0.8104 0.5936 0.1832 0.0732 0.0356
0.0612 0.0207 0.0289 0.3019 0.6718 0.5797 0.2566 0.1021 0.0190 0.0255
0.0267 0.0517 0.3298 0.7559 0.4064 0.1059 0.0474 0.0559 0.0206 0.1004
0.0637 0.3289 0.6890 0.3974 0.1678 0.1348 0.0433 0.0251 0.0576 0.2582
0.1863 0.5749 0.6083 0.1891 0.0830 0.0839 0.0451 0.0288 0.0941 0.3638
0.6574 0.7990 0.2238 0.0706 0.0220 0.0139 0.0391 0.1150 0.3542 0.7093
0.7603 0.2140 0.0430 0.0594 0.0432 0.0466 0.1979 0.6904 0.6342 0.2664
0.2400 0.0272 0.0049 0.0156 0.0181 0.1144 0.6972 0.7444 0.1457 0.0685
0.0658 0.0332 0.0080 0.0132 0.0250 0.2563 0.7090 0.4130 0.0815 0.0376
0.1361 0.0692 0.0194 0.0547 0.4001 0.7621 0.5125 0.1708 0.0640 0.0375
0.0152 0.0165 0.2122 0.7119 0.7067 0.4175 0.1085 0.0343 0.0058 0.0206
0.0217 0.0395 0.2603 0.7817 0.4252 0.0984 0.0514 0.0602 0.0148 0.0834
0.0589 0.3282 0.6979 0.3235 0.1690 0.1953 0.0601 0.0198 0.0379 0.1736
0.1353 0.3644 0.5671 0.2472 0.1551 0.1081 0.0519 0.0136 0.0160 0.1156
0.1693 0.3664 0.5187 0.2469 0.1490 0.0775 0.0450 0.0131 0.0137 0.1164
0.5566 0.7157 0.3470 0.1464 0.0411 0.0112 0.0209 0.0446 0.1402 0.6070
0.8565 0.3538 0.0842 0.0486 0.0380 0.0325 0.1247 0.4889 0.5716 0.3024
0.4098 0.0751 0.0474 0.0343 0.0467 0.1744 0.3967 0.5484 0.3679 0.1310
0.1183 0.0230 0.1078 0.2428 0.5988 0.6066 0.1878 0.1249 0.1054 0.0606
0.1064 0.0426 0.2164 0.4839 0.7811 0.5495 0.0666 0.0504 0.0937 0.1088
0.1905 0.1292 0.2687 0.5879 0.4077 0.0879 0.0256 0.1289 0.3131 0.4558
0.4681 0.3945 0.4147 0.3406 0.1266 0.0500 0.0307 0.2966 0.7654 0.6801
0.6627 0.4164 0.1533 0.0604 0.0744 0.1948 0.2002 0.5461 0.7996 0.3454
0.5520 0.1925 0.0625 0.0508 0.1693 0.4495 0.3604 0.5104 0.5704 0.1218
0.3147 0.0958 0.0855 0.1254 0.4139 0.5571 0.2384 0.2391 0.2804 0.0908
0.1608 0.0669 0.2085 0.3866 0.6519 0.4628 0.0766 0.0824 0.1631 0.1413
0.1784 0.1027 0.2895 0.4781 0.5444 0.2489 0.0421 0.0874 0.2362 0.2756
0.3515 0.2527 0.3291 0.3343 0.2360 0.1154 0.0437 0.2016 0.5567 0.4787
0.5718 0.4061 0.2613 0.1294 0.1015 0.1317 0.0968 0.3985 0.7693 0.4668
0.6302 0.3428 0.1170 0.0568 0.0947 0.2561 0.2426 0.5348 0.7396 0.2626
0.5133 0.1724 0.0587 0.0553 0.1939 0.4706 0.3570 0.4729 0.5104 0.1113
0.2865 0.0948 0.0995 0.1537 0.4385 0.5240 0.1976 0.2051 0.2610 0.1029
0.1643 0.0736 0.2177 0.3938 0.6274 0.4214 0.0705 0.0832 0.1723 0.1596
0.1925 0.1143 0.2962 0.4655 0.5085 0.2282 0.0416 0.0953 0.2644 0.2978
0.3731 0.2615 0.3134 0.3009 0.2210 0.1224 0.0496 0.2199 0.5765 0.4651
0.5781 0.3986 0.2384 0.1170 0.1006 0.1441 0.1094 0.4130 0.7642 0.4389
0.6193 0.3176 0.1048 0.0555 0.1024 0.2792 0.2599 0.5342 0.7166 0.2365
0.4959 0.1631 0.0564 0.0571 0.2052 0.4800 0.3574 0.4579 0.4823 0.1063
0.2687 0.0927 0.1056 0.1692 0.4554 0.5137 0.1814 0.1867 0.2445 0.1070
0.1596 0.0739 0.2193 0.4029 0.6282 0.4111 0.0678 0.0802 0.1669 0.1638
0.1951 0.1185 0.2948 0.4672 0.4934 0.2133 0.0405 0.0982 0.2714 0.3108
0.3793 0.2726 0.3263 0.3013 0.2135 0.1174 0.0479 0.2204 0.5906 0.4802
0.5834 0.4034 0.2409 0.1153 0.0989 0.1439 0.1099 0.4168 0.7700 0.4413
0.6236 0.3187 0.1016 0.0542 0.1001 0.2775 0.2648 0.5437 0.7200 0.2356
0.4960 0.1628 0.0538 0.0554 0.2022 0.4811 0.3652 0.4623 0.4775 0.1045
0.2560 0.0881 0.1033 0.1727 0.4715 0.5256 0.1820 0.1774 0.2267 0.1025
0.1506 0.0709 0.2146 0.4096 0.6404 0.4176 0.0675 0.0753 0.1526 0.1592
0.1888 0.1181 0.2959 0.4809 0.4949 0.2034 0.0385 0.0949 0.2632 0.3192
0.3819 0.2849 0.3422 0.3138 0.2045 0.1050 0.0439 0.2208 0.6055 0.5089
0.5892 0.4173 0.2562 0.1192 0.0953 0.1342 0.1031 0.4174 0.7828 0.4637
0.6335 0.3288 0.1023 0.0525 0.0951 0.2716 0.2664 0.5540 0.7321 0.2413
0.4947 0.1591 0.0523 0.0545 0.2050 0.4910 0.3730 0.4635 0.4719 0.1007
0.2414 0.0835 0.1101 0.1881 0.4983 0.5320 0.1710 0.1625 0.2142 0.1022
0.1459 0.0689 0.2175 0.4200 0.6514 0.4203 0.0657 0.0722 0.1471 0.1581
0.1913 0.1210 0.2956 0.4868 0.4834 0.1898 0.0373 0.0982 0.2715 0.3323
0.3979 0.3064 0.3517 0.3059 0.1867 0.0968 0.0431 0.2306 0.6319 0.5320
0.5979 0.4200 0.2490 0.1123 0.0928 0.1389 0.1092 0.4284 0.7871 0.4550
0.6302 0.3182 0.0980 0.0520 0.0984 0.2824 0.2744 0.5549 0.7242 0.2304
0.4901 0.1564 0.0502 0.0539 0.2062 0.4941 0.3782 0.4626 0.4615 0.0983
0.2281 0.0805 0.1146 0.2008 0.5167 0.5331 0.1622 0.1503 0.2015 0.1028
0.1422 0.0680 0.2153 0.4238 0.6549 0.4196 0.0652 0.0703 0.1415 0.1575
0.1898 0.1231 0.3023 0.4959 0.4802 0.1815 0.0356 0.0967 0.2730 0.3432
0.4053 0.3278 0.3840 0.3161 0.1768 0.0874 0.0389 0.2281 0.6552 0.5654
0.6006 0.4322 0.2734 0.1193 0.0920 0.1305 0.0998 0.4210 0.7987 0.4792
0.6446 0.3404 0.1050 0.0510 0.0905 0.2664 0.2667 0.5633 0.7464 0.2480
0.4991 0.1568 0.0489 0.0518 0.2016 0.4973 0.3883 0.4762 0.4713 0.0967
0.2259 0.0784 0.1110 0.1966 0.5216 0.5464 0.1682 0.1504 0.1964 0.0983
0.1383 0.0656 0.2083 0.4202 0.6629 0.4332 0.0674 0.0688 0.1339 0.1503
0.1830 0.1172 0.2891 0.5043 0.4891 0.1803 0.0356 0.0958 0.2591 0.3372
0.3973 0.3238 0.3808 0.3270 0.1786 0.0835 0.0375 0.2250 0.6472 0.5712
0.5995 0.4302 0.2695 0.1187 0.0921 0.1312 0.1008 0.4217 0.7966 0.4763
0.6423 0.3341 0.1010 0.0509 0.0915 0.2684 0.2707 0.5665 0.7417 0.2431
0.4990 0.1576 0.0466 0.0508 0.1967 0.4910 0.3929 0.4818 0.4680 0.0969
0.2215 0.0775 0.1033 0.1881 0.5184 0.5557 0.1773 0.1502 0.1863 0.0941
0.1323 0.0637 0.2008 0.4161 0.6697 0.4457 0.0695 0.0658 0.1233 0.1439
0.1765 0.1141 0.2853 0.5153 0.4961 0.1770 0.0347 0.0932 0.2482 0.3373
0.3940 0.3352 0.4068 0.3529 0.1740 0.0723 0.0327 0.2201 0.6589 0.6055
0.5953 0.4433 0.3083 0.1339 0.0932 0.1187 0.0860 0.4024 0.8065 0.5126
0.6547 0.3520 0.1073 0.0501 0.0858 0.2575 0.2649 0.5734 0.7600 0.2570
0.5051 0.1583 0.0473 0.0502 0.1947 0.4922 0.3949 0.4880 0.4777 0.0970
0.2240 0.0768 0.1014 0.1832 0.5184 0.5650 0.1831 0.1533 0.1877 0.0914
0.1306 0.0618 0.1995 0.4168 0.6778 0.4566 0.0705 0.0650 0.1207 0.1395
0.1744 0.1134 0.2875 0.5182 0.5000 0.1781 0.0344 0.0913 0.2446 0.3365
0.3954 0.3389 0.4092 0.3556 0.1710 0.0698 0.0321 0.2219 0.6631 0.6125
0.5946 0.4453 0.3147 0.1366 0.0934 0.1166 0.0838 0.3995 0.8081 0.5187
0.6575 0.3549 0.1071 0.0496 0.0844 0.2554 0.2657 0.5770 0.7631 0.2587
0.5049 0.1553 0.0447 0.0493 0.1930 0.4917 0.4028 0.4959 0.4737 0.0949
0.2228 0.0772 0.0912 0.1684 0.5057 0.5750 0.1990 0.1573 0.1795 0.0867
0.1265 0.0603 0.1827 0.3986 0.6773 0.4742 0.0768 0.0646 0.1108 0.1301
0.1644 0.1055 0.2678 0.5274 0.5137 0.1787 0.0348 0.0892 0.2230 0.3250
0.3748 0.3318 0.4262 0.3913 0.1796 0.0639 0.0282 0.2063 0.6478 0.6288
0.5829 0.4510 0.3482 0.1549 0.0964 0.1061 0.0718 0.3765 0.8094 0.5489
0.6667 0.3754 0.1163 0.0502 0.0791 0.2392 0.2531 0.5787 0.7795 0.2792
0.5196 0.1612 0.0448 0.0482 0.1815 0.4765 0.4034 0.5153 0.4974 0.0991
0.2320 0.0780 0.0824 0.1507 0.4885 0.5886 0.2206 0.1701 0.1827 0.0815
0.1247 0.0585 0.1720 0.3831 0.6806 0.4969 0.0833 0.0650 0.1058 0.1211
0.1546 0.0983 0.2614 0.5289 0.5387 0.1956 0.0359 0.0824 0.2006 0.3037
0.3556 0.3241 0.4406 0.4223 0.1876 0.0599 0.0254 0.1932 0.6311 0.6385
0.5642 0.4608 0.3960 0.1832 0.1001 0.0922 0.0577 0.3428 0.8085 0.5914
0.6784 0.4016 0.1285 0.0509 0.0729 0.2202 0.2386 0.5816 0.7992 0.3057
0.5299 0.1635 0.0460 0.0475 0.1747 0.4685 0.4031 0.5277 0.5159 0.1017
0.2429 0.0788 0.0745 0.1345 0.4705 0.6009 0.2438 0.1850 0.1875 0.0766
0.1232 0.0570 0.1653 0.3709 0.6843 0.5176 0.0888 0.0652 0.1024 0.1141
0.1480 0.0916 0.2504 0.5293 0.5578 0.2091 0.0374 0.0795 0.1850 0.2854
0.3393 0.3128 0.4427 0.4457 0.1965 0.0578 0.0239 0.1844 0.6125 0.6403
0.5420 0.4740 0.4468 0.2121 0.1034 0.0811 0.0466 0.3039 0.8027 0.6308
0.6836 0.4190 0.1432 0.0533 0.0706 0.2068 0.2220 0.5762 0.8121 0.3286
0.5485 0.1744 0.0485 0.0474 0.1601 0.4395 0.3930 0.5480 0.5513 0.1117
0.2708 0.0843 0.0627 0.1074 0.4244 0.6098 0.2868 0.2190 0.2044 0.0716
0.1220 0.0549 0.1558 0.3520 0.6890 0.5497 0.0982 0.0665 0.0993 0.1042
0.1389 0.0827 0.2358 0.5244 0.5876 0.2370 0.0403 0.0745 0.1626 0.2556
0.3135 0.2875 0.4307 0.4760 0.2149 0.0573 0.0228 0.1736 0.5752 0.6298
0.5173 0.4853 0.4909 0.2441 0.1062 0.0703 0.0378 0.2690 0.7936 0.6678
0.6848 0.4316 0.1588 0.0568 0.0699 0.1951 0.2051 0.5669 0.8210 0.3504
0.5648 0.1855 0.0511 0.0474 0.1467 0.4105 0.3823 0.5658 0.5831 0.1226
0.2997 0.0903 0.0518 0.0846 0.3767 0.6163 0.3354 0.2579 0.2206 0.0670
0.1226 0.0539 0.1387 0.3189 0.6814 0.5813 0.1144 0.0709 0.0968 0.0940
0.1297 0.0744 0.2157 0.5115 0.6151 0.2715 0.0449 0.0697 0.1392 0.2235
0.2811 0.2501 0.4012 0.5076 0.2444 0.0595 0.0226 0.1622 0.5177 0.6028
0.4974 0.4850 0.5126 0.2733 0.1095 0.0625 0.0326 0.2502 0.7850 0.6907
0.6816 0.4403 0.1751 0.0615 0.0704 0.1842 0.1879 0.5535 0.8260 0.3715
0.5774 0.1959 0.0539 0.0474 0.1379 0.3915 0.3732 0.5757 0.6070 0.1317
0.3263 0.0959 0.0443 0.0702 0.3376 0.6154 0.3746 0.2951 0.2370 0.0644
0.1263 0.0547 0.1220 0.2829 0.6632 0.6030 0.1333 0.0777 0.0970 0.0867
0.1236 0.0686 0.1969 0.4918 0.6341 0.3074 0.0505 0.0668 0.1221 0.1962
0.2497 0.2128 0.3682 0.5325 0.2828 0.0655 0.0231 0.1488 0.4525 0.5645
0.4654 0.4934 0.5470 0.3088 0.1120 0.0542 0.0269 0.2172 0.7650 0.7193
0.6683 0.4517 0.2178 0.0760 0.0745 0.1633 0.1509 0.5156 0.8320 0.4173
0.6115 0.2358 0.0640 0.0472 0.1141 0.3370 0.3440 0.5961 0.6699 0.1641
0.3786 0.1083 0.0382 0.0546 0.2775 0.5996 0.4218 0.3624 0.2834 0.0648
0.1299 0.0539 0.1138 0.2582 0.6567 0.6326 0.1511 0.0843 0.1004 0.0797
0.1175 0.0626 0.1882 0.4692 0.6633 0.3657 0.0575 0.0615 0.1069 0.1663
0.2195 0.1798 0.3418 0.5599 0.3254 0.0722 0.0234 0.1351 0.3880 0.5250
0.4298 0.5013 0.5790 0.3492 0.1137 0.0459 0.0220 0.1869 0.7398 0.7467
0.6486 0.4635 0.2714 0.0956 0.0796 0.1424 0.1170 0.4670 0.8333 0.4686
0.6430 0.2839 0.0774 0.0464 0.0940 0.2899 0.3156 0.6081 0.7237 0.2024
0.4243 0.1186 0.0341 0.0457 0.2273 0.5684 0.4534 0.4296 0.3323 0.0681
0.1388 0.0551 0.0939 0.2099 0.6251 0.6641 0.1897 0.0993 0.1044 0.0703
0.1126 0.0577 0.1691 0.4320 0.6815 0.4294 0.0691 0.0589 0.0927 0.1377
0.1868 0.1442 0.3019 0.5830 0.3835 0.0844 0.0246 0.1195 0.3099 0.4690
0.3889 0.4879 0.5947 0.3969 0.1204 0.0403 0.0188 0.1649 0.7035 0.7577
0.6085 0.4897 0.3531 0.1302 0.0841 0.1111 0.0792 0.3858 0.8233 0.5502
0.6771 0.3504 0.0981 0.0456 0.0760 0.2440 0.2820 0.6147 0.7773 0.2549
0.4637 0.1270 0.0349 0.0432 0.1879 0.5133 0.4518 0.4884 0.3950 0.0778
0.1560 0.0572 0.0797 0.1721 0.5860 0.6776 0.2271 0.1203 0.1149 0.0645
0.1108 0.0545 0.1513 0.3873 0.6903 0.4955 0.0848 0.0592 0.0846 0.1145
0.1628 0.1159 0.2611 0.5851 0.4489 0.1078 0.0276 0.1046 0.2436 0.4036
0.3587 0.4379 0.5813 0.4462 0.1382 0.0394 0.0177 0.1628 0.6737 0.7430
0.5620 0.5205 0.4265 0.1684 0.0852 0.0844 0.0547 0.3097 0.8033 0.6274
0.6952 0.3996 0.1194 0.0466 0.0684 0.2200 0.2548 0.6086 0.8077 0.2962
0.4947 0.1336 0.0367 0.0441 0.1608 0.4527 0.4354 0.5381 0.4564 0.0909
0.1830 0.0628 0.0668 0.1351 0.5267 0.6766 0.2696 0.1500 0.1312 0.0613
0.1099 0.0527 0.1401 0.3509 0.6933 0.5498 0.1005 0.0610 0.0820 0.0999
0.1433 0.0905 0.2195 0.5769 0.5213 0.1458 0.0325 0.0931 0.1879 0.3281
0.3354 0.3798 0.5432 0.4951 0.1598 0.0380 0.0171 0.1699 0.6480 0.7268
0.5159 0.5504 0.4908 0.2059 0.0851 0.0660 0.0396 0.2458 0.7776 0.6889
0.6995 0.4287 0.1441 0.0509 0.0668 0.2029 0.2255 0.5917 0.8245 0.3321
0.5317 0.1499 0.0407 0.0468 0.1400 0.3904 0.4055 0.5816 0.5310 0.1111
0.2370 0.0747 0.0486 0.0881 0.4225 0.6683 0.3493 0.2124 0.1616 0.0570
0.1119 0.0528 0.1185 0.2880 0.6753 0.6138 0.1330 0.0690 0.0824 0.0843
0.1241 0.0712 0.1900 0.5429 0.5991 0.2231 0.0418 0.0766 0.1343 0.2400
0.2695 0.3052 0.5024 0.5471 0.1969 0.0416 0.0176 0.1497 0.5359 0.6683
0.4365 0.6167 0.5653 0.2534 0.0751 0.0424 0.0254 0.1624 0.7108 0.7727
0.6925 0.4531 0.1928 0.0636 0.0693 0.1766 0.1767 0.5513 0.8385 0.3883
0.5705 0.1793 0.0515 0.0470 0.1109 0.3227 0.3683 0.6069 0.6095 0.1436
0.3130 0.0879 0.0344 0.0547 0.3102 0.6479 0.4444 0.3110 0.2086 0.0536
0.1176 0.0536 0.0961 0.2242 0.6440 0.6704 0.1803 0.0834 0.0870 0.0712
0.1136 0.0601 0.1648 0.4925 0.6510 0.3176 0.0548 0.0668 0.1025 0.1760
0.2233 0.2126 0.3886 0.5903 0.2646 0.0489 0.0196 0.1466 0.4272 0.5909
0.3967 0.5928 0.6089 0.3168 0.0866 0.0377 0.0200 0.1410 0.6875 0.7867
0.6591 0.4718 0.2640 0.0882 0.0761 0.1463 0.1241 0.4754 0.8355 0.4608
0.6318 0.2560 0.0700 0.0466 0.0873 0.2643 0.3204 0.6253 0.7095 0.1997
0.3987 0.1077 0.0283 0.0396 0.2116 0.5777 0.4939 0.4279 0.2877 0.0606
0.1310 0.0550 0.0691 0.1554 0.5897 0.7205 0.2593 0.1105 0.0932 0.0574
0.1082 0.0549 0.1421 0.4117 0.6778 0.4385 0.0772 0.0605 0.0816 0.1261
0.1693 0.1353 0.2895 0.6203 0.3709 0.0699 0.0235 0.1251 0.2846 0.4689
0.3334 0.5509 0.6257 0.3859 0.1000 0.0342 0.0171 0.1188 0.6171 0.7797
0.5863 0.5370 0.3787 0.1322 0.0745 0.0938 0.0690 0.3374 0.8041 0.5975
0.6859 0.3567 0.1008 0.0450 0.0675 0.2171 0.2740 0.6251 0.7863 0.2710
0.4480 0.1126 0.0300 0.0394 0.1512 0.4575 0.4720 0.5199 0.3760 0.0791
0.1516 0.0560 0.0527 0.1130 0.5308 0.7398 0.3322 0.1442 0.1031 0.0492
0.1069 0.0527 0.1237 0.3392 0.6823 0.5395 0.1053 0.0613 0.0742 0.0976
0.1419 0.0969 0.2222 0.6153 0.4697 0.1027 0.0283 0.1061 0.2013 0.3736
0.2824 0.4464 0.6116 0.4706 0.1337 0.0368 0.0165 0.1176 0.5527 0.7302
0.4879 0.6420 0.4780 0.1705 0.0600 0.0522 0.0389 0.2010 0.7258 0.7337
0.7110 0.4290 0.1396 0.0486 0.0633 0.1962 0.2302 0.6032 0.8268 0.3295
0.4940 0.1202 0.0352 0.0452 0.1200 0.3465 0.4205 0.5936 0.4815 0.1072
0.2028 0.0642 0.0383 0.0730 0.4163 0.7197 0.4173 0.2104 0.1297 0.0459
0.1095 0.0544 0.1007 0.2493 0.6511 0.6356 0.1571 0.0728 0.0773 0.0780
0.1183 0.0655 0.1624 0.5651 0.5922 0.1955 0.0415 0.0845 0.1260 0.2412
0.2420 0.3090 0.5239 0.5727 0.1871 0.0367 0.0165 0.1379 0.4940 0.6704
0.4094 0.6712 0.5725 0.2343 0.0616 0.0365 0.0242 0.1341 0.6651 0.7969
0.6955 0.4572 0.2004 0.0648 0.0694 0.1727 0.1708 0.5445 0.8395 0.3941
0.5606 0.1627 0.0474 0.0484 0.0976 0.2755 0.3635 0.6311 0.6039 0.1507
0.3090 0.0859 0.0267 0.0419 0.2664 0.6579 0.5107 0.3374 0.1927 0.0478
0.1182 0.0565 0.0731 0.1652 0.5959 0.7148 0.2438 0.0979 0.0852 0.0612
0.1079 0.0546 0.1362 0.4681 0.6592 0.3445 0.0638 0.0678 0.0875 0.1523
0.1731 0.1806 0.3964 0.6285 0.2861 0.0525 0.0206 0.1261 0.3226 0.5208
0.3338 0.6493 0.6280 0.3082 0.0713 0.0312 0.0182 0.0997 0.5856 0.8064
0.6270 0.5189 0.3171 0.1032 0.0715 0.1151 0.0938 0.3993 0.8174 0.5338
0.6514 0.2816 0.0793 0.0454 0.0668 0.2063 0.2958 0.6393 0.7391 0.2391
0.3936 0.0955 0.0245 0.0338 0.1523 0.5001 0.5211 0.4795 0.2853 0.0638
0.1365 0.0564 0.0470 0.1004 0.5207 0.7661 0.3673 0.1402 0.0920 0.0459
0.1062 0.0520 0.1132 0.3508 0.6743 0.5021 0.1013 0.0633 0.0709 0.1014
0.1374 0.1051 0.2468 0.6459 0.4178 0.0779 0.0257 0.1154 0.2095 0.4010
0.2672 0.5277 0.6336 0.4117 0.1049 0.0350 0.0171 0.0935 0.5016 0.7484
0.5021 0.6616 0.4368 0.1402 0.0522 0.0547 0.0461 0.2117 0.7188 0.7205
0.7115 0.4077 0.1236 0.0459 0.0603 0.1906 0.2442 0.6182 0.8160 0.3137
0.4562 0.1011 0.0296 0.0425 0.1121 0.3371 0.4454 0.5892 0.4204 0.0977
0.1723 0.0577 0.0322 0.0635 0.4175 0.7633 0.4725 0.2031 0.1069 0.0389
0.1081 0.0552 0.0941 0.2429 0.6420 0.6281 0.1605 0.0726 0.0731 0.0777
0.1162 0.0661 0.1573 0.5996 0.5619 0.1525 0.0376 0.0948 0.1310 0.2661
0.2021 0.3337 0.5761 0.5492 0.1737 0.0416 0.0178 0.1036 0.3986 0.6324
0.3974 0.7152 0.5573 0.2035 0.0502 0.0335 0.0253 0.1205 0.6282 0.8085
0.7046 0.4570 0.1936 0.0622 0.0679 0.1712 0.1751 0.5509 0.8386 0.3872
0.5382 0.1383 0.0419 0.0495 0.0919 0.2509 0.3694 0.6440 0.5745 0.1461
0.2773 0.0755 0.0219 0.0353 0.2459 0.6771 0.5634 0.3389 0.1615 0.0415
0.1188 0.0597 0.0607 0.1333 0.5584 0.7364 0.2908 0.1078 0.0835 0.0563
0.1052 0.0512 0.1177 0.4660 0.6572 0.3379 0.0676 0.0721 0.0816 0.1451
0.1475 0.1708 0.4146 0.6493 0.2837 0.0521 0.0211 0.1162 0.2698 0.4835
0.3002 0.6699 0.6434 0.2985 0.0664 0.0311 0.0183 0.0817 0.5206 0.8020
0.6105 0.5613 0.3227 0.1000 0.0625 0.0993 0.0868 0.3597 0.7945 0.5685
0.6581 0.2877 0.0824 0.0447 0.0591 0.1819 0.2857 0.6427 0.7442 0.2548
0.3815 0.0856 0.0221 0.0313 0.1213 0.4410 0.5338 0.5089 0.2759 0.0665
0.1405 0.0575 0.0349 0.0713 0.4621 0.7894 0.4550 0.1654 0.0895 0.0393
0.1059 0.0520 0.1009 0.3150 0.6653 0.5348 0.1176 0.0652 0.0671 0.0916
0.1157 0.0867 0.2288 0.6606 0.4533 0.0891 0.0284 0.1070 0.1613 0.3390
0.2136 0.5033 0.6383 0.4214 0.1095 0.0388 0.0184 0.0747 0.3866 0.6997
0.4443 0.7317 0.4740 0.1437 0.0413 0.0391 0.0362 0.1495 0.6462 0.7814
0.7234 0.4260 0.1392 0.0481 0.0593 0.1759 0.2226 0.6025 0.8224 0.3331
0.4699 0.0988 0.0304 0.0466 0.0992 0.2784 0.4193 0.6268 0.4604 0.1123
0.1860 0.0574 0.0249 0.0460 0.3386 0.7541 0.5447 0.2476 0.1107 0.0357
0.1093 0.0584 0.0805 0.1899 0.6055 0.6795 0.2079 0.0835 0.0769 0.0692
0.1048 0.0538 0.1310 0.5723 0.6144 0.2059 0.0468 0.0867 0.1005 0.2042
0.1440 0.2571 0.5520 0.5881 0.2092 0.0518 0.0210 0.0871 0.2606 0.5125
0.3419 0.7263 0.6079 0.2328 0.0509 0.0297 0.0209 0.0901 0.5592 0.8213
0.6778 0.4921 0.2495 0.0787 0.0690 0.1381 0.1283 0.4714 0.8262 0.4564
0.5911 0.1841 0.0544 0.0488 0.0693 0.1906 0.3241 0.6604 0.6557 0.1966
0.3141 0.0740 0.0176 0.0257 0.1451 0.5627 0.6059 0.4354 0.1838 0.0465
0.1289 0.0613 0.0411 0.0838 0.4865 0.7814 0.4089 0.1418 0.0859 0.0445
0.1048 0.0492 0.0972 0.3750 0.6646 0.4452 0.0961 0.0695 0.0683 0.1070
0.1020 0.1018 0.3274 0.6771 0.3928 0.0810 0.0275 0.0976 0.1500 0.3257
0.2147 0.5945 0.6698 0.3455 0.0852 0.0402 0.0198 0.0601 0.3629 0.7176
0.4846 0.7316 0.4006 0.1092 0.0369 0.0453 0.0489 0.1816 0.6581 0.7462
0.7144 0.3820 0.1141 0.0444 0.0522 0.1581 0.2418 0.6250 0.7981 0.3133
0.4166 0.0815 0.0253 0.0396 0.0905 0.2894 0.4640 0.6005 0.3693 0.0957
0.1519 0.0516 0.0233 0.0449 0.3548 0.7860 0.5691 0.2235 0.0899 0.0323
0.1079 0.0574 0.0833 0.2148 0.6188 0.6417 0.1814 0.0764 0.0709 0.0739
0.0975 0.0572 0.1535 0.6275 0.5698 0.1518 0.0396 0.0923 0.1032 0.2295
0.1210 0.3138 0.6090 0.5170 0.1762 0.0619 0.0243 0.0596 0.1886 0.4753
0.3455 0.7490 0.5881 0.2017 0.0445 0.0302 0.0233 0.0887 0.5435 0.8191
0.7034 0.4784 0.2201 0.0704 0.0673 0.1415 0.1429 0.4995 0.8243 0.4233
0.5587 0.1442 0.0440 0.0515 0.0726 0.1849 0.3387 0.6719 0.6076 0.1755
0.2640 0.0623 0.0154 0.0230 0.1431 0.5990 0.6451 0.4090 0.1436 0.0397
0.1247 0.0633 0.0422 0.0848 0.4836 0.7786 0.4024 0.1365 0.0842 0.0462
0.1031 0.0469 0.0907 0.4029 0.6619 0.4034 0.0900 0.0744 0.0682 0.1129
0.0972 0.1148 0.3772 0.6863 0.3490 0.0701 0.0262 0.0956 0.1485 0.3370
0.2047 0.6134 0.6843 0.3241 0.0809 0.0433 0.0209 0.0533 0.3332 0.7057
0.4965 0.7411 0.3699 0.0957 0.0337 0.0458 0.0544 0.1874 0.6475 0.7359
0.7115 0.3639 0.1073 0.0438 0.0493 0.1457 0.2433 0.6290 0.7854 0.3095
0.4010 0.0748 0.0225 0.0382 0.0835 0.2732 0.4769 0.6091 0.3461 0.0935
0.1434 0.0498 0.0194 0.0364 0.3113 0.7891 0.6184 0.2365 0.0821 0.0299
0.1079 0.0578 0.0778 0.2056 0.6091 0.6428 0.1898 0.0786 0.0694 0.0724
0.0868 0.0522 0.1510 0.6403 0.5745 0.1548 0.0418 0.0903 0.0872 0.2043
0.1005 0.2965 0.6151 0.5135 0.1826 0.0716 0.0271 0.0505 0.1407 0.4147
0.3231 0.7477 0.5992 0.2008 0.0450 0.0320 0.0239 0.0797 0.5024 0.8065
0.6976 0.5008 0.2305 0.0734 0.0642 0.1238 0.1282 0.4646 0.8091 0.4493
0.5736 0.1508 0.0450 0.0525 0.0657 0.1594 0.3229 0.6828 0.6242 0.1913
0.2485 0.0537 0.0131 0.0189 0.1005 0.5317 0.6758 0.4435 0.1309 0.0402
0.1283 0.0644 0.0342 0.0660 0.4392 0.7930 0.4655 0.1541 0.0829 0.0415
0.1033 0.0460 0.0806 0.3680 0.6586 0.4366 0.1039 0.0760 0.0636 0.1005
0.0752 0.0911 0.3665 0.6996 0.3910 0.0882 0.0306 0.0827 0.0998 0.2546
0.1578 0.5553 0.6976 0.3440 0.0959 0.0559 0.0238 0.0430 0.2350 0.6143
0.4549 0.7746 0.4089 0.1051 0.0306 0.0362 0.0435 0.1446 0.5966 0.7778
0.7328 0.3903 0.1200 0.0449 0.0495 0.1361 0.2220 0.6076 0.7897 0.3234
0.4182 0.0697 0.0220 0.0470 0.0821 0.2206 0.4396 0.6591 0.3922 0.1066
0.1419 0.0449 0.0148 0.0267 0.2308 0.7617 0.6793 0.2803 0.0786 0.0276
0.1093 0.0628 0.0651 0.1508 0.5605 0.7007 0.2542 0.0930 0.0747 0.0641
0.0767 0.0395 0.1166 0.6007 0.6420 0.2313 0.0567 0.0817 0.0614 0.1389
0.0705 0.1994 0.5584 0.5794 0.2340 0.0847 0.0318 0.0490 0.0850 0.2956
0.2383 0.6947 0.6648 0.2441 0.0593 0.0416 0.0237 0.0551 0.3663 0.7392
0.6217 0.6711 0.2548 0.0687 0.0377 0.0635 0.0877 0.2895 0.6885 0.6038
0.6543 0.2299 0.0641 0.0481 0.0474 0.1152 0.2699 0.6741 0.7008 0.2596
0.2804 0.0503 0.0130 0.0184 0.0545 0.3310 0.6452 0.5423 0.1638 0.0569
0.1312 0.0566 0.0194 0.0346 0.3034 0.7960 0.6214 0.2132 0.0736 0.0316
0.1095 0.0507 0.0649 0.2471 0.6260 0.5603 0.1625 0.0797 0.0591 0.0746
0.0536 0.0504 0.2592 0.7117 0.5270 0.1438 0.0418 0.0714 0.0521 0.1476
0.0895 0.3699 0.6747 0.4307 0.1519 0.0867 0.0310 0.0345 0.1068 0.3925
0.3524 0.7687 0.5433 0.1593 0.0378 0.0325 0.0288 0.0885 0.5056 0.7993
0.7471 0.4547 0.1760 0.0611 0.0607 0.1185 0.1517 0.5160 0.7945 0.3828
0.5060 0.0876 0.0269 0.0628 0.0775 0.1503 0.3520 0.7195 0.5309 0.1509
0.1648 0.0398 0.0104 0.0157 0.0939 0.5934 0.7390 0.4074 0.0883 0.0312
0.1257 0.0692 0.0331 0.0628 0.4260 0.7923 0.4718 0.1507 0.0802 0.0426
0.0972 0.0387 0.0604 0.3966 0.6524 0.3867 0.1078 0.0917 0.0572 0.0945
0.0473 0.0908 0.4590 0.6931 0.3659 0.1115 0.0380 0.0554 0.0498 0.1683
0.1157 0.5005 0.7129 0.3406 0.1109 0.0806 0.0301 0.0325 0.1443 0.4840
0.4482 0.7914 0.4163 0.1082 0.0290 0.0300 0.0382 0.1203 0.5406 0.7884
0.7570 0.3791 0.1136 0.0449 0.0449 0.1030 0.2017 0.5896 0.7571 0.3228
0.3938 0.0525 0.0177 0.0528 0.0714 0.1639 0.4314 0.7021 0.3713 0.1104
0.1183 0.0370 0.0111 0.0192 0.1393 0.6882 0.7301 0.3207 0.0684 0.0266
0.1125 0.0673 0.0507 0.1099 0.5084 0.7381 0.3274 0.1101 0.0763 0.0564
0.0592 0.0288 0.0949 0.5709 0.6862 0.3245 0.0817 0.0735 0.0358 0.0796
0.0443 0.1277 0.5045 0.6304 0.2922 0.1087 0.0403 0.0430 0.0414 0.1787
0.1375 0.5679 0.7100 0.2839 0.0910 0.0781 0.0317 0.0342 0.1726 0.5265
0.5333 0.7934 0.3157 0.0804 0.0253 0.0281 0.0476 0.1426 0.5200 0.7492
0.7435 0.3160 0.0844 0.0434 0.0393 0.0842 0.2182 0.6238 0.7152 0.3005
0.3275 0.0454 0.0141 0.0329 0.0488 0.1736 0.5234 0.6633 0.2584 0.0911
0.1028 0.0361 0.0107 0.0180 0.1208 0.6640 0.7339 0.3000 0.0571 0.0277
0.1143 0.0642 0.0490 0.1260 0.5251 0.6982 0.2933 0.1037 0.0684 0.0583
0.0399 0.0274 0.1518 0.6666 0.6638 0.2777 0.0705 0.0605 0.0247 0.0687
0.0421 0.1391 0.5172 0.6068 0.2757 0.1126 0.0421 0.0384 0.0369 0.1748
0.1648 0.6179 0.6899 0.2459 0.0764 0.0706 0.0323 0.0388 0.2104 0.5745
0.5774 0.7927 0.2711 0.0708 0.0239 0.0257 0.0510 0.1476 0.4894 0.7249
0.7355 0.2840 0.0720 0.0461 0.0397 0.0773 0.2213 0.6462 0.7010 0.2915
0.2925 0.0384 0.0103 0.0247 0.0363 0.1641 0.5911 0.6735 0.2028 0.0796
0.0949 0.0355 0.0096 0.0157 0.0933 0.6164 0.7463 0.3097 0.0537 0.0285
0.1206 0.0647 0.0376 0.1036 0.4936 0.7083 0.3422 0.1183 0.0656 0.0519
0.0287 0.0233 0.1766 0.6899 0.6754 0.3131 0.0795 0.0502 0.0154 0.0471
0.0379 0.1133 0.4595 0.6432 0.2959 0.1054 0.0430 0.0425 0.0319 0.1589
0.1241 0.5476 0.7055 0.2560 0.0945 0.1010 0.0396 0.0308 0.1339 0.4407
0.5560 0.7977 0.3176 0.0910 0.0264 0.0197 0.0364 0.1074 0.4183 0.7464
0.7804 0.3259 0.0812 0.0443 0.0389 0.0672 0.1949 0.6044 0.6903 0.2994
0.3156 0.0301 0.0088 0.0467 0.0458 0.1045 0.4968 0.7612 0.2642 0.0989
0.0781 0.0333 0.0086 0.0147 0.0409 0.3663 0.7183 0.4007 0.0829 0.0331
0.1218 0.0735 0.0325 0.0697 0.4345 0.7688 0.4393 0.1383 0.0731 0.0463
0.0223 0.0147 0.1201 0.5996 0.7577 0.5431 0.1462 0.0419 0.0075 0.0188
0.0238 0.0476 0.3011 0.7594 0.4065 0.1045 0.0504 0.0552 0.0168 0.0908
0.0712 0.3822 0.7074 0.3337 0.1470 0.1488 0.0478 0.0236 0.0617 0.2623
0.3553 0.6813 0.4848 0.1597 0.0553 0.0335 0.0316 0.0418 0.1570 0.5383
0.7844 0.5906 0.1338 0.0518 0.0313 0.0303 0.0888 0.3099 0.5303 0.4730
0.5421 0.0445 0.0103 0.1196 0.0733 0.0441 0.2710 0.8395 0.4843 0.1659
0.0974 0.0349 0.0066 0.0099 0.0139 0.1832 0.7478 0.6006 0.1540 0.0402
0.0918 0.0404 0.0110 0.0171 0.1159 0.6635 0.7277 0.2453 0.0410 0.0316
0.1172 0.0348 0.0130 0.1141 0.5260 0.6481 0.4194 0.1668 0.0330 0.0270
0.0210 0.0404 0.3352 0.7644 0.4605 0.1417 0.0557 0.0477 0.0139 0.0681
0.0343 0.1263 0.5091 0.5959 0.2853 0.1334 0.0494 0.0332 0.0255 0.1353
0.0894 0.3806 0.6588 0.2625 0.1485 0.1607 0.0588 0.0176 0.0319 0.1631
0.1788 0.4188 0.5407 0.2248 0.1310 0.0802 0.0456 0.0149 0.0200 0.1478
0.6350 0.7718 0.2926 0.1160 0.0299 0.0091 0.0219 0.0655 0.2280 0.7025
0.8376 0.2543 0.0444 0.0532 0.0393 0.0304 0.1580 0.6181 0.5608 0.2606
0.2522 0.0214 0.0050 0.0250 0.0192 0.0719 0.6199 0.7918 0.1751 0.0853
0.0623 0.0368 0.0082 0.0143 0.0164 0.1541 0.6629 0.4810 0.1327 0.0425
0.1365 0.0766 0.0192 0.0434 0.3685 0.7957 0.5637 0.1797 0.0694 0.0361
0.0150 0.0139 0.1564 0.6396 0.7307 0.5318 0.1557 0.0352 0.0045 0.0135
0.0224 0.0347 0.2194 0.8058 0.4349 0.0823 0.0483 0.0724 0.0161 0.0898
0.0857 0.4364 0.7053 0.2890 0.1271 0.1420 0.0486 0.0244 0.0723 0.2900
0.4810 0.7409 0.3983 0.1333 0.0405 0.0202 0.0279 0.0567 0.2229 0.6432
0.8159 0.4331 0.1254 0.0563 0.0448 0.0475 0.1154 0.4440 0.6418 0.3639
0.5035 0.0725 0.0233 0.0658 0.0632 0.1020 0.3325 0.7357 0.4926 0.1581
0.1081 0.0246 0.0092 0.0143 0.0535 0.4550 0.7501 0.4253 0.0700 0.0313
0.1193 0.0673 0.0339 0.0630 0.4103 0.7812 0.4671 0.1477 0.0775 0.0442
0.0918 0.0345 0.0504 0.3879 0.6524 0.3980 0.1227 0.0985 0.0495 0.0802
0.0466 0.0894 0.4259 0.7068 0.3498 0.0938 0.0366 0.0604 0.0493 0.1795
0.1540 0.5756 0.7004 0.3196 0.0896 0.0584 0.0253 0.0399 0.2189 0.6062
0.5122 0.7776 0.3327 0.0819 0.0273 0.0361 0.0534 0.1646 0.5815 0.7446
0.7234 0.3279 0.0931 0.0428 0.0415 0.1050 0.2317 0.6269 0.7420 0.3041
0.3556 0.0617 0.0212 0.0321 0.0639 0.2466 0.5054 0.5935 0.2869 0.0894
0.1260 0.0445 0.0196 0.0361 0.2814 0.7657 0.6163 0.2295 0.0735 0.0311
0.1065 0.0569 0.0832 0.2269 0.6231 0.6207 0.1702 0.0731 0.0671 0.0762
0.0630 0.0460 0.1974 0.6648 0.5901 0.1874 0.0466 0.0711 0.0565 0.1448
0.0785 0.2923 0.6350 0.4873 0.1828 0.0896 0.0321 0.0381 0.0918 0.3400
0.3305 0.7583 0.5876 0.1907 0.0422 0.0309 0.0243 0.0810 0.5056 0.8116
0.7328 0.4671 0.1936 0.0652 0.0632 0.1245 0.1456 0.5061 0.8056 0.4010
0.5327 0.1171 0.0378 0.0526 0.0707 0.1701 0.3473 0.6778 0.5619 0.1632
0.2047 0.0472 0.0147 0.0225 0.1363 0.6058 0.6643 0.3799 0.1104 0.0359
0.1179 0.0635 0.0491 0.0985 0.5022 0.7653 0.3620 0.1231 0.0835 0.0510
0.0985 0.0448 0.0939 0.4448 0.6663 0.3660 0.0804 0.0751 0.0677 0.1200
0.0706 0.1208 0.4755 0.6688 0.3311 0.0913 0.0312 0.0667 0.0924 0.2533
0.1610 0.5844 0.7042 0.3158 0.0883 0.0577 0.0249 0.0409 0.2334 0.6181
0.4893 0.7729 0.3612 0.0896 0.0289 0.0380 0.0510 0.1628 0.6002 0.7554
0.7220 0.3478 0.1011 0.0431 0.0440 0.1183 0.2331 0.6251 0.7626 0.3102
0.3778 0.0663 0.0220 0.0358 0.0705 0.2460 0.4851 0.6087 0.3202 0.0942
0.1304 0.0447 0.0186 0.0344 0.2767 0.7688 0.6284 0.2388 0.0751 0.0301
0.1062 0.0579 0.0822 0.2152 0.6155 0.6359 0.1801 0.0752 0.0689 0.0748
0.0658 0.0446 0.1795 0.6508 0.6059 0.2000 0.0484 0.0718 0.0576 0.1434
0.0761 0.2711 0.6216 0.5049 0.1928 0.0899 0.0324 0.0396 0.0888 0.3270
0.2929 0.7381 0.6193 0.2082 0.0476 0.0346 0.0241 0.0693 0.4500 0.7870
0.7048 0.5260 0.2228 0.0713 0.0580 0.1018 0.1179 0.4304 0.7790 0.4650
0.5844 0.1534 0.0459 0.0521 0.0598 0.1400 0.3115 0.6844 0.6252 0.2011
0.2289 0.0459 0.0122 0.0172 0.0789 0.4795 0.6888 0.4579 0.1188 0.0409
0.1276 0.0637 0.0320 0.0605 0.4189 0.7938 0.4862 0.1600 0.0815 0.0404
0.1021 0.0465 0.0824 0.3589 0.6606 0.4530 0.1068 0.0730 0.0616 0.0970
0.0458 0.0713 0.4341 0.6910 0.4470 0.1561 0.0428 0.0521 0.0448 0.1333
0.1006 0.4401 0.6972 0.3799 0.1280 0.0841 0.0308 0.0325 0.1212 0.4371
0.4122 0.7868 0.4723 0.1294 0.0319 0.0297 0.0327 0.1081 0.5436 0.8050
0.7627 0.3924 0.1217 0.0468 0.0473 0.1040 0.1916 0.5758 0.7614 0.3289
0.4232 0.0646 0.0227 0.0513 0.0742 0.1806 0.4148 0.6810 0.4105 0.1174
0.1334 0.0385 0.0132 0.0230 0.1743 0.7110 0.7009 0.3105 0.0754 0.0277
0.1116 0.0656 0.0565 0.1212 0.5272 0.7335 0.3050 0.1050 0.0779 0.0585
0.0742 0.0352 0.0986 0.5599 0.6686 0.2886 0.0695 0.0787 0.0519 0.1111
0.0548 0.1512 0.5302 0.6143 0.2738 0.0998 0.0362 0.0463 0.0583 0.2216
0.1723 0.6207 0.6983 0.2770 0.0778 0.0586 0.0268 0.0412 0.2427 0.6282
0.5492 0.7709 0.2924 0.0721 0.0266 0.0370 0.0604 0.1810 0.5773 0.7165
0.7113 0.2933 0.0803 0.0443 0.0410 0.0972 0.2377 0.6444 0.7232 0.2931
0.3193 0.0514 0.0152 0.0260 0.0507 0.2300 0.5631 0.6092 0.2293 0.0791
0.1191 0.0445 0.0139 0.0240 0.2009 0.7503 0.6928 0.2575 0.0636 0.0284
0.1104 0.0580 0.0640 0.1884 0.5886 0.6325 0.2062 0.0835 0.0639 0.0686
0.0417 0.0344 0.2105 0.6920 0.6226 0.2314 0.0572 0.0583 0.0303 0.0873
0.0604 0.2284 0.5923 0.5279 0.2107 0.0978 0.0360 0.0367 0.0619 0.2669
0.2400 0.7014 0.6411 0.2095 0.0552 0.0470 0.0284 0.0551 0.3397 0.7079
0.6843 0.6514 0.2051 0.0602 0.0365 0.0560 0.0941 0.3072 0.6551 0.5523
0.6306 0.1715 0.0458 0.0559 0.0509 0.0981 0.2738 0.7063 0.6550 0.2355
0.2168 0.0382 0.0092 0.0124 0.0385 0.3403 0.7299 0.5365 0.1102 0.0451
0.1241 0.0563 0.0178 0.0306 0.2656 0.7822 0.6405 0.2149 0.0672 0.0319
0.1108 0.0469 0.0507 0.2418 0.6164 0.5400 0.1750 0.0903 0.0551 0.0697
0.0326 0.0427 0.3430 0.7260 0.5408 0.1965 0.0526 0.0493 0.0252 0.0826
0.0598 0.2753 0.6521 0.4658 0.1904 0.1171 0.0392 0.0289 0.0569 0.2583
0.2868 0.7305 0.5879 0.1790 0.0467 0.0406 0.0298 0.0642 0.3753 0.7310
0.7533 0.5297 0.1781 0.0633 0.0486 0.0666 0.1086 0.3996 0.7019 0.4461
0.5577 0.0964 0.0272 0.0683 0.0629 0.0963 0.3038 0.7432 0.5632 0.1835
0.1448 0.0300 0.0079 0.0108 0.0387 0.4090 0.7759 0.4893 0.0793 0.0348
0.1259 0.0645 0.0217 0.0378 0.3165 0.7932 0.5905 0.1889 0.0716 0.0354
0.1029 0.0396 0.0449 0.2891 0.6307 0.4840 0.1607 0.0975 0.0499 0.0691
0.0325 0.0609 0.4122 0.7219 0.4297 0.1419 0.0469 0.0488 0.0271 0.1045
0.0524 0.2538 0.6522 0.4641 0.2019 0.1352 0.0437 0.0264 0.0453 0.2164
0.2882 0.7160 0.5711 0.1733 0.0492 0.0421 0.0316 0.0577 0.3106 0.6821
0.7665 0.5593 0.1588 0.0583 0.0403 0.0476 0.0989 0.3572 0.6315 0.4598
0.5618 0.0826 0.0218 0.0790 0.0635 0.0758 0.2896 0.7721 0.5516 0.1847
0.1217 0.0271 0.0072 0.0098 0.0277 0.3429 0.7840 0.5146 0.0809 0.0351
0.1201 0.0603 0.0186 0.0314 0.2645 0.7767 0.6273 0.2013 0.0647 0.0341
0.1048 0.0378 0.0337 0.2400 0.6104 0.5235 0.2061 0.1101 0.0446 0.0554
