0.0889 0.0273 0.1410 0.6019 0.5232 0.3602 0.2498 0.2058 0.0664 0.0685
0.0884 0.2438 0.6254 0.7405 0.1998 0.0500 0.0667 0.0945 0.1720 0.4781
0.2021 0.4513 0.5924 0.4409 0.0608 0.0183 0.0615 0.2073 0.4006 0.5571
0.6275 0.2397 0.1510 0.1322 0.0231 0.1048 0.6327 0.8486 0.6948 0.1776
0.4542 0.0945 0.1097 0.2412 0.0603 0.3486 0.8360 0.8104 0.4673 0.1070
0.1595 0.0296 0.0408 0.1287 0.1715 0.5932 0.7879 0.4775 0.1159 0.0513
0.0763 0.0095 0.0383 0.1908 0.4481 0.7419 0.4728 0.1755 0.0249 0.0142
0.0761 0.0174 0.0991 0.5652 0.6182 0.4397 0.2430 0.1878 0.0464 0.0444
0.0850 0.1766 0.5440 0.7357 0.2493 0.0730 0.0833 0.1033 0.1441 0.3836
0.1217 0.5004 0.7175 0.5607 0.0873 0.0114 0.0231 0.0893 0.2971 0.6632
0.5962 0.2776 0.1793 0.1352 0.0231 0.0757 0.5231 0.8103 0.6871 0.2116
0.5426 0.1212 0.0997 0.1606 0.0433 0.2426 0.7692 0.8396 0.5511 0.1062
0.2077 0.0450 0.0492 0.1396 0.1226 0.5176 0.8399 0.5993 0.1938 0.0803
0.0791 0.0104 0.0337 0.1392 0.3772 0.7499 0.5338 0.1852 0.0264 0.0149
0.0750 0.0128 0.0718 0.4924 0.6339 0.5345 0.2881 0.1945 0.0381 0.0302
0.0842 0.1088 0.4145 0.7117 0.3219 0.1195 0.1139 0.1229 0.1153 0.2603
0.1007 0.4625 0.7493 0.6659 0.1098 0.0151 0.0267 0.0747 0.2538 0.6696
0.5055 0.3242 0.2563 0.1807 0.0272 0.0530 0.3745 0.7077 0.6414 0.2814
0.6191 0.1610 0.1003 0.1184 0.0306 0.1680 0.7063 0.8591 0.6338 0.1181
0.2755 0.0606 0.0676 0.1917 0.0985 0.4646 0.8650 0.7016 0.2897 0.1035
0.0936 0.0144 0.0313 0.1093 0.2886 0.7092 0.6349 0.2502 0.0401 0.0221
0.0721 0.0107 0.0552 0.3630 0.5855 0.6286 0.3393 0.1772 0.0300 0.0213
0.0922 0.0597 0.2646 0.6608 0.3922 0.2137 0.1856 0.1716 0.0965 0.1467
0.0939 0.3587 0.7086 0.7142 0.1447 0.0265 0.0409 0.0811 0.2127 0.5916
0.3512 0.4166 0.4109 0.2544 0.0363 0.0250 0.1400 0.4462 0.5449 0.4241
0.6549 0.2025 0.1029 0.0942 0.0248 0.1173 0.6069 0.8483 0.6728 0.1370
0.3709 0.0836 0.0908 0.2327 0.0732 0.3927 0.8724 0.7864 0.4141 0.1247
0.1148 0.0230 0.0293 0.0812 0.1957 0.6303 0.7408 0.3550 0.0712 0.0398
0.0696 0.0095 0.0429 0.2343 0.5083 0.7139 0.4012 0.1572 0.0236 0.0153
0.0749 0.0257 0.1425 0.6081 0.5690 0.3434 0.1963 0.1642 0.0545 0.0674
0.0863 0.2385 0.6166 0.7294 0.2066 0.0481 0.0593 0.0897 0.1644 0.4656
0.1681 0.5264 0.6514 0.4180 0.0622 0.0097 0.0260 0.1341 0.3732 0.6292
0.6491 0.2614 0.1358 0.1013 0.0212 0.0830 0.5285 0.8255 0.6993 0.1828
0.4700 0.0980 0.0890 0.1770 0.0572 0.2963 0.8013 0.8170 0.4816 0.1034
0.1559 0.0359 0.0340 0.0889 0.1417 0.5454 0.8133 0.5009 0.1330 0.0672
0.0698 0.0093 0.0353 0.1520 0.4240 0.7570 0.4675 0.1510 0.0214 0.0132
0.0687 0.0150 0.0893 0.5518 0.6548 0.4596 0.2241 0.1687 0.0388 0.0386
0.0756 0.1402 0.4911 0.7285 0.3058 0.0840 0.0762 0.0940 0.1165 0.3265
0.1097 0.5342 0.7599 0.5945 0.0883 0.0096 0.0180 0.0720 0.2866 0.7027
0.5703 0.3221 0.2026 0.1279 0.0229 0.0521 0.3823 0.7514 0.6759 0.2495
0.5907 0.1314 0.0760 0.0973 0.0386 0.1763 0.6568 0.8377 0.5739 0.0957
0.2385 0.0613 0.0494 0.1246 0.0950 0.4413 0.8668 0.6773 0.2691 0.1148
0.0803 0.0129 0.0299 0.0966 0.3039 0.7279 0.5888 0.1986 0.0307 0.0189
0.0689 0.0114 0.0628 0.4262 0.6259 0.5784 0.2904 0.1707 0.0312 0.0250
0.0719 0.0811 0.3572 0.7033 0.4005 0.1395 0.1011 0.1072 0.0874 0.2085
0.0987 0.4300 0.7366 0.6710 0.1195 0.0172 0.0276 0.0739 0.2365 0.6379
0.3795 0.4230 0.3706 0.2019 0.0329 0.0221 0.1273 0.4702 0.5651 0.4034
0.6818 0.2088 0.0908 0.0798 0.0232 0.1137 0.5648 0.8342 0.6766 0.1376
0.3361 0.0819 0.0707 0.1757 0.0752 0.3752 0.8717 0.7741 0.3937 0.1328
0.1082 0.0235 0.0275 0.0704 0.1901 0.6238 0.7369 0.3382 0.0681 0.0412
0.0656 0.0095 0.0441 0.2364 0.5190 0.7061 0.3745 0.1441 0.0223 0.0155
0.0674 0.0301 0.1694 0.6257 0.5650 0.2942 0.1538 0.1337 0.0525 0.0811
0.0920 0.2661 0.6351 0.7122 0.1831 0.0411 0.0533 0.0901 0.1785 0.4847
0.1657 0.5549 0.6470 0.3641 0.0599 0.0071 0.0173 0.1194 0.3724 0.6385
0.6819 0.2880 0.1265 0.0868 0.0190 0.0739 0.4495 0.7931 0.7081 0.1993
0.4667 0.0971 0.0704 0.1296 0.0576 0.2620 0.7666 0.8131 0.4757 0.0997
0.1514 0.0397 0.0299 0.0695 0.1278 0.5168 0.8241 0.5088 0.1410 0.0778
0.0658 0.0094 0.0342 0.1337 0.4109 0.7630 0.4600 0.1367 0.0196 0.0128
0.0611 0.0148 0.0917 0.5504 0.6732 0.4453 0.1901 0.1422 0.0341 0.0389
0.0742 0.1342 0.4814 0.7237 0.3158 0.0853 0.0728 0.0913 0.1111 0.3129
0.1088 0.5515 0.7481 0.5291 0.0867 0.0071 0.0117 0.0638 0.2801 0.6958
0.5459 0.3693 0.2249 0.1227 0.0232 0.0364 0.2435 0.6576 0.6558 0.2962
0.6455 0.1608 0.0702 0.0736 0.0303 0.1420 0.5790 0.8230 0.6140 0.1092
0.2393 0.0664 0.0431 0.0979 0.0872 0.4044 0.8658 0.6892 0.2847 0.1254
0.0843 0.0156 0.0284 0.0809 0.2613 0.6963 0.6302 0.2237 0.0376 0.0242
0.0633 0.0111 0.0595 0.3743 0.6099 0.6007 0.2822 0.1467 0.0268 0.0227
0.0634 0.0684 0.3288 0.6987 0.4545 0.1487 0.0885 0.0936 0.0718 0.1836
0.1018 0.3953 0.7097 0.6539 0.1257 0.0195 0.0286 0.0775 0.2252 0.5903
0.3072 0.4876 0.4536 0.2203 0.0372 0.0129 0.0581 0.3210 0.5147 0.4884
0.7136 0.2500 0.0920 0.0719 0.0200 0.0945 0.4580 0.7858 0.6905 0.1671
0.3729 0.0923 0.0649 0.1451 0.0668 0.3134 0.8542 0.8024 0.4432 0.1380
0.1175 0.0306 0.0255 0.0562 0.1511 0.5689 0.7826 0.3962 0.0914 0.0581
0.0630 0.0092 0.0394 0.1819 0.4778 0.7406 0.3977 0.1305 0.0195 0.0135
0.0552 0.0207 0.1306 0.5961 0.6517 0.3446 0.1343 0.1104 0.0360 0.0575
0.0909 0.2017 0.5725 0.7116 0.2195 0.0591 0.0649 0.0969 0.1523 0.3920
0.1278 0.5917 0.7090 0.3945 0.0702 0.0048 0.0083 0.0711 0.3175 0.6866
0.6615 0.3636 0.1560 0.0891 0.0187 0.0469 0.2542 0.6625 0.6899 0.2743
0.5797 0.1276 0.0565 0.0695 0.0404 0.1642 0.6046 0.8123 0.5491 0.0966
0.1818 0.0544 0.0302 0.0609 0.0974 0.4363 0.8496 0.5988 0.2045 0.1082
0.0712 0.0118 0.0300 0.0930 0.3233 0.7418 0.5427 0.1625 0.0249 0.0166
0.0589 0.0125 0.0749 0.4754 0.6640 0.5119 0.2125 0.1355 0.0287 0.0301
0.0643 0.0893 0.3915 0.7140 0.4108 0.1158 0.0744 0.0862 0.0816 0.2311
0.1049 0.4750 0.7381 0.5888 0.1041 0.0113 0.0158 0.0650 0.2434 0.6335
0.3791 0.4818 0.3814 0.1706 0.0306 0.0146 0.0707 0.3828 0.5623 0.4516
0.7331 0.2378 0.0725 0.0591 0.0210 0.0990 0.3899 0.7421 0.6678 0.1573
0.3330 0.0937 0.0512 0.1088 0.0668 0.2999 0.8657 0.7940 0.4300 0.1584
0.1072 0.0295 0.0247 0.0506 0.1537 0.5763 0.7651 0.3564 0.0801 0.0552
0.0602 0.0095 0.0434 0.2099 0.5087 0.7147 0.3562 0.1237 0.0196 0.0148
0.0524 0.0286 0.1758 0.6304 0.6190 0.2693 0.1036 0.0923 0.0397 0.0811
0.1007 0.2428 0.6107 0.6910 0.1805 0.0467 0.0552 0.0970 0.1738 0.4225
0.1482 0.5992 0.6769 0.3381 0.0608 0.0046 0.0092 0.0873 0.3521 0.6716
0.7100 0.3616 0.1302 0.0782 0.0172 0.0537 0.2482 0.6440 0.6982 0.2695
0.5307 0.1135 0.0505 0.0689 0.0474 0.1764 0.6449 0.8156 0.5200 0.0962
0.1594 0.0500 0.0253 0.0478 0.1020 0.4472 0.8421 0.5573 0.1756 0.1023
0.0665 0.0108 0.0304 0.0952 0.3438 0.7568 0.5112 0.1430 0.0214 0.0146
0.0548 0.0131 0.0816 0.4993 0.6801 0.4796 0.1818 0.1214 0.0276 0.0329
0.0650 0.0896 0.3921 0.7106 0.4080 0.1146 0.0726 0.0858 0.0816 0.2282
0.1066 0.4956 0.7358 0.5438 0.0989 0.0090 0.0118 0.0604 0.2448 0.6323
0.4148 0.4883 0.3527 0.1533 0.0282 0.0150 0.0676 0.3768 0.5756 0.4506
0.7418 0.2395 0.0677 0.0558 0.0209 0.1000 0.3608 0.7162 0.6610 0.1600
0.3167 0.0945 0.0397 0.0763 0.0662 0.2685 0.8547 0.7911 0.4244 0.1638
0.1059 0.0316 0.0235 0.0446 0.1435 0.5605 0.7735 0.3606 0.0837 0.0607
0.0588 0.0095 0.0432 0.2045 0.5082 0.7169 0.3511 0.1191 0.0191 0.0147
0.0450 0.0276 0.1791 0.6313 0.6491 0.2564 0.0815 0.0735 0.0334 0.0807
0.1047 0.2184 0.5918 0.6814 0.1864 0.0533 0.0553 0.0984 0.1624 0.3677
0.1413 0.6101 0.6906 0.3344 0.0620 0.0041 0.0072 0.0757 0.3381 0.6767
0.7183 0.4168 0.1401 0.0778 0.0164 0.0430 0.1538 0.5179 0.6878 0.3308
0.5746 0.1236 0.0407 0.0478 0.0438 0.1407 0.5216 0.7896 0.5304 0.0950
0.1671 0.0550 0.0229 0.0389 0.0926 0.4061 0.8385 0.5806 0.1936 0.1104
0.0693 0.0131 0.0288 0.0781 0.2961 0.7309 0.5538 0.1595 0.0258 0.0185
0.0523 0.0125 0.0764 0.4534 0.6664 0.5056 0.1844 0.1108 0.0247 0.0297
0.0610 0.0724 0.3501 0.7039 0.4565 0.1331 0.0724 0.0831 0.0694 0.1907
0.1069 0.4488 0.7308 0.5558 0.1080 0.0111 0.0114 0.0568 0.2159 0.5645
0.3217 0.5664 0.4525 0.1773 0.0342 0.0080 0.0223 0.1958 0.4999 0.5626
0.7841 0.3084 0.0741 0.0541 0.0166 0.0814 0.2590 0.6284 0.6900 0.2162
0.3746 0.1094 0.0342 0.0537 0.0564 0.1941 0.8095 0.8255 0.4906 0.1611
0.1174 0.0401 0.0220 0.0371 0.1155 0.5087 0.8140 0.4257 0.1118 0.0818
0.0573 0.0092 0.0374 0.1456 0.4519 0.7597 0.3900 0.1094 0.0168 0.0124
0.0405 0.0185 0.1275 0.5633 0.6946 0.3380 0.0895 0.0686 0.0240 0.0521
0.0954 0.1459 0.5105 0.6929 0.2512 0.0843 0.0681 0.1002 0.1242 0.2697
0.1230 0.5944 0.7199 0.3779 0.0723 0.0042 0.0057 0.0587 0.2931 0.6681
0.6349 0.5000 0.2099 0.0987 0.0189 0.0244 0.0664 0.3344 0.6382 0.4442
0.6965 0.1805 0.0460 0.0441 0.0292 0.1138 0.3489 0.7012 0.5883 0.1238
0.2187 0.0701 0.0211 0.0315 0.0774 0.2938 0.8152 0.6793 0.2768 0.1266
0.0887 0.0248 0.0247 0.0488 0.1777 0.6115 0.7066 0.2714 0.0565 0.0435
0.0541 0.0109 0.0579 0.3157 0.5947 0.6153 0.2511 0.1107 0.0211 0.0209
0.0496 0.0466 0.2687 0.6838 0.5662 0.1747 0.0688 0.0719 0.0471 0.1343
0.1100 0.2702 0.6596 0.6214 0.1549 0.0312 0.0215 0.0671 0.1541 0.3520
0.1812 0.6241 0.6265 0.2494 0.0505 0.0038 0.0069 0.0879 0.3810 0.6578
0.7768 0.4334 0.1130 0.0651 0.0143 0.0482 0.1268 0.4494 0.6960 0.3458
0.5370 0.1292 0.0285 0.0309 0.0444 0.1141 0.5489 0.8117 0.5489 0.1161
0.1443 0.0505 0.0189 0.0279 0.0936 0.4190 0.8263 0.5256 0.1603 0.1014
0.0651 0.0120 0.0293 0.0802 0.3158 0.7508 0.5263 0.1415 0.0225 0.0161
0.0419 0.0133 0.0846 0.4264 0.6670 0.4741 0.1336 0.0740 0.0192 0.0313
0.0643 0.0670 0.3442 0.6982 0.4538 0.1463 0.0731 0.0845 0.0666 0.1649
0.1056 0.4500 0.7280 0.5042 0.1093 0.0090 0.0069 0.0467 0.1962 0.5252
0.3262 0.6397 0.4860 0.1832 0.0337 0.0059 0.0091 0.0954 0.4668 0.6609
0.8078 0.3562 0.0756 0.0512 0.0146 0.0715 0.1900 0.5418 0.6981 0.2595
0.4057 0.1146 0.0201 0.0236 0.0542 0.1188 0.6998 0.8412 0.5198 0.1456
0.1216 0.0463 0.0201 0.0296 0.0992 0.4716 0.8300 0.4556 0.1288 0.0970
0.0568 0.0094 0.0338 0.1120 0.4083 0.7824 0.4256 0.1066 0.0163 0.0117
0.0316 0.0158 0.1103 0.4499 0.6851 0.3854 0.0757 0.0439 0.0154 0.0400
0.0850 0.0792 0.4391 0.7092 0.3541 0.1484 0.0635 0.0826 0.0735 0.1385
0.1112 0.5217 0.7237 0.3978 0.0916 0.0050 0.0039 0.0425 0.2179 0.5618
0.4638 0.6668 0.3875 0.1457 0.0258 0.0076 0.0076 0.0724 0.5060 0.6867
0.8106 0.3145 0.0584 0.0432 0.0162 0.0824 0.1918 0.5402 0.6743 0.2227
0.3351 0.0984 0.0136 0.0137 0.0594 0.1223 0.6787 0.8038 0.4375 0.1308
0.1134 0.0456 0.0207 0.0296 0.1013 0.4795 0.8212 0.4231 0.1181 0.0959
0.0532 0.0096 0.0381 0.1351 0.4479 0.7628 0.3706 0.0965 0.0157 0.0124
0.0284 0.0192 0.1413 0.5156 0.7040 0.3059 0.0523 0.0359 0.0158 0.0534
0.0961 0.0788 0.4927 0.7076 0.3227 0.1510 0.0453 0.0703 0.0665 0.1037
0.1114 0.4891 0.7229 0.3856 0.0980 0.0053 0.0028 0.0355 0.1870 0.4889
0.4806 0.7029 0.3871 0.1376 0.0249 0.0065 0.0045 0.0466 0.4908 0.7288
0.8159 0.3096 0.0519 0.0391 0.0169 0.0813 0.1615 0.5003 0.6603 0.2197
0.3371 0.0976 0.0092 0.0069 0.0563 0.0932 0.5870 0.7979 0.4264 0.1139
0.1120 0.0483 0.0204 0.0272 0.0960 0.4656 0.8219 0.4210 0.1209 0.1023
0.0532 0.0097 0.0375 0.1297 0.4421 0.7695 0.3783 0.0966 0.0158 0.0122
0.0263 0.0186 0.1382 0.4915 0.7044 0.3123 0.0486 0.0314 0.0140 0.0507
0.0981 0.0655 0.5022 0.7222 0.3385 0.1847 0.0412 0.0628 0.0549 0.0744
0.1086 0.4539 0.7187 0.3845 0.1081 0.0058 0.0023 0.0303 0.1605 0.4299
0.3793 0.7501 0.4984 0.1733 0.0312 0.0039 0.0016 0.0199 0.4049 0.7942
0.8335 0.3943 0.0692 0.0434 0.0130 0.0634 0.1334 0.4597 0.7031 0.2905
0.4212 0.1177 0.0083 0.0062 0.0523 0.0597 0.4934 0.8378 0.5240 0.1269
0.1229 0.0509 0.0171 0.0205 0.0864 0.4278 0.8196 0.4596 0.1354 0.1024
0.0583 0.0110 0.0315 0.0889 0.3649 0.7949 0.4780 0.1152 0.0187 0.0126
0.0201 0.0150 0.1004 0.2476 0.6052 0.4435 0.0531 0.0171 0.0073 0.0296
0.0678 0.0290 0.3842 0.7413 0.5341 0.3127 0.0386 0.0446 0.0257 0.0361
0.0930 0.3434 0.7294 0.4548 0.1510 0.0091 0.0019 0.0218 0.1022 0.2948
0.2621 0.6776 0.6127 0.2656 0.0575 0.0043 0.0005 0.0064 0.2123 0.7071
0.5647 0.6923 0.3138 0.1075 0.0205 0.0082 0.0058 0.0562 0.5293 0.7000
0.7784 0.2432 0.0277 0.0251 0.0257 0.0793 0.1255 0.4532 0.5869 0.1911
0.2316 0.0599 0.0038 0.0017 0.0670 0.1036 0.3877 0.6272 0.2188 0.0537
0.1042 0.0533 0.0218 0.0272 0.0958 0.4457 0.8071 0.3937 0.1208 0.1145
0.0373 0.0109 0.0468 0.1196 0.4516 0.7218 0.2392 0.0499 0.0108 0.0140
0.0311 0.0177 0.1583 0.6085 0.7427 0.3071 0.0472 0.0392 0.0164 0.0486
0.1258 0.0773 0.5447 0.6276 0.2637 0.1320 0.0180 0.0517 0.0548 0.0519
0.1427 0.4204 0.6893 0.3905 0.1306 0.0080 0.0004 0.0060 0.0869 0.3576
0.2138 0.5126 0.6361 0.3342 0.1037 0.0078 0.0002 0.0022 0.0868 0.4671
0.2184 0.5189 0.6290 0.3197 0.1005 0.0075 0.0002 0.0022 0.0885 0.4699
0.3546 0.7595 0.5204 0.1671 0.0346 0.0032 0.0007 0.0105 0.3374 0.7936
0.8458 0.3965 0.0610 0.0369 0.0123 0.0630 0.1253 0.4525 0.7073 0.2857
0.4382 0.1452 0.0770 0.0928 0.0324 0.2590 0.8448 0.7914 0.5144 0.1711
0.1337 0.0441 0.0543 0.0905 0.1144 0.5372 0.7310 0.3433 0.1028 0.0677
0.0569 0.0128 0.0629 0.2714 0.5100 0.6157 0.2725 0.1064 0.0222 0.0224
0.1235 0.0784 0.2914 0.6507 0.2914 0.2039 0.2549 0.2372 0.1422 0.1741
0.2236 0.2831 0.5069 0.5743 0.0803 0.0678 0.2376 0.3309 0.3763 0.4185
0.5613 0.1991 0.2129 0.2952 0.0312 0.1956 0.7970 0.8449 0.6516 0.1954
0.4782 0.1256 0.2054 0.4196 0.0471 0.3910 0.8931 0.8218 0.5337 0.1553
0.2819 0.0542 0.1271 0.3580 0.1145 0.5337 0.8147 0.6180 0.2386 0.0762
0.1762 0.0306 0.1060 0.4380 0.2765 0.5310 0.6246 0.4383 0.1237 0.0532
0.2402 0.0858 0.2452 0.5903 0.1571 0.3127 0.6151 0.5182 0.2705 0.1544
0.3030 0.1906 0.4013 0.6157 0.0756 0.1858 0.6096 0.5578 0.4292 0.2995
0.4498 0.2245 0.3297 0.4599 0.0408 0.1774 0.7300 0.7407 0.5843 0.2752
0.5333 0.1776 0.2324 0.3780 0.0360 0.2560 0.8450 0.8390 0.6234 0.1955
0.4517 0.1120 0.2031 0.4485 0.0552 0.4202 0.8923 0.8065 0.4973 0.1460
0.2711 0.0482 0.1230 0.3880 0.1377 0.5383 0.7976 0.6098 0.2234 0.0707
0.1936 0.0356 0.1204 0.4764 0.2582 0.4986 0.6403 0.4776 0.1492 0.0632
0.2687 0.1050 0.2754 0.5962 0.1254 0.2924 0.6516 0.5578 0.3213 0.1811
0.3245 0.1918 0.3907 0.6033 0.0695 0.1944 0.6480 0.5945 0.4526 0.2936
0.4589 0.2166 0.3186 0.4576 0.0405 0.1901 0.7525 0.7554 0.5884 0.2647
0.5313 0.1712 0.2341 0.3972 0.0368 0.2777 0.8607 0.8422 0.6196 0.1930
0.4297 0.1000 0.1900 0.4457 0.0627 0.4399 0.8867 0.7915 0.4614 0.1332
0.2560 0.0428 0.1144 0.3900 0.1575 0.5506 0.7830 0.5913 0.2021 0.0641
0.1865 0.0337 0.1172 0.4830 0.2772 0.4996 0.6242 0.4660 0.1414 0.0611
0.2707 0.1071 0.2791 0.5982 0.1233 0.2890 0.6525 0.5601 0.3259 0.1844
0.3179 0.1983 0.4027 0.6074 0.0695 0.1842 0.6278 0.5790 0.4500 0.3043
0.4655 0.2231 0.3202 0.4494 0.0388 0.1839 0.7506 0.7592 0.5973 0.2687
0.5317 0.1639 0.2189 0.3772 0.0380 0.2778 0.8555 0.8431 0.6123 0.1814
0.4199 0.0937 0.1806 0.4400 0.0669 0.4510 0.8850 0.7859 0.4441 0.1261
0.2313 0.0357 0.0994 0.3662 0.1818 0.5774 0.7641 0.5530 0.1677 0.0540
0.1643 0.0276 0.1032 0.4743 0.3285 0.5209 0.5841 0.4229 0.1142 0.0515
0.2591 0.1058 0.2817 0.6034 0.1304 0.2822 0.6281 0.5383 0.3124 0.1851
0.2975 0.2059 0.4215 0.6151 0.0732 0.1657 0.5735 0.5367 0.4323 0.3201
0.4661 0.2253 0.3107 0.4243 0.0387 0.1709 0.7266 0.7549 0.5960 0.2649
0.5402 0.1650 0.2110 0.3575 0.0369 0.2708 0.8525 0.8475 0.6183 0.1778
0.4116 0.0904 0.1739 0.4277 0.0684 0.4584 0.8837 0.7791 0.4304 0.1217
0.2150 0.0326 0.0930 0.3511 0.1959 0.5891 0.7468 0.5215 0.1482 0.0495
0.1570 0.0267 0.1023 0.4765 0.3435 0.5185 0.5637 0.4052 0.1078 0.0507
0.2546 0.1057 0.2836 0.6057 0.1330 0.2781 0.6169 0.5292 0.3078 0.1862
0.2902 0.2118 0.4309 0.6156 0.0739 0.1555 0.5461 0.5186 0.4274 0.3291
0.4789 0.2292 0.3073 0.4138 0.0366 0.1703 0.7364 0.7669 0.6090 0.2646
0.5371 0.1600 0.2058 0.3545 0.0379 0.2766 0.8529 0.8465 0.6113 0.1726
0.4014 0.0853 0.1663 0.4224 0.0725 0.4683 0.8815 0.7722 0.4137 0.1160
0.1979 0.0287 0.0850 0.3397 0.2190 0.6046 0.7265 0.4899 0.1281 0.0440
0.1511 0.0253 0.0993 0.4786 0.3621 0.5215 0.5490 0.3934 0.1017 0.0487
0.2439 0.1073 0.2921 0.6123 0.1377 0.2661 0.5885 0.5053 0.2981 0.1917
0.2649 0.2380 0.4773 0.6314 0.0751 0.1255 0.4598 0.4545 0.4140 0.3720
0.4784 0.2393 0.3014 0.3803 0.0358 0.1475 0.6924 0.7564 0.6096 0.2668
0.5480 0.1651 0.1971 0.3232 0.0361 0.2563 0.8402 0.8496 0.6207 0.1706
0.4053 0.0875 0.1651 0.4104 0.0692 0.4655 0.8844 0.7757 0.4201 0.1179
0.1845 0.0262 0.0779 0.3148 0.2292 0.6206 0.7151 0.4610 0.1128 0.0398
0.1422 0.0226 0.0914 0.4666 0.3870 0.5390 0.5352 0.3746 0.0906 0.0437
0.2308 0.0947 0.2708 0.6084 0.1565 0.2804 0.5735 0.4892 0.2715 0.1733
0.2556 0.2304 0.4741 0.6362 0.0800 0.1270 0.4472 0.4403 0.3990 0.3662
0.4803 0.2401 0.3075 0.3923 0.0354 0.1527 0.7075 0.7604 0.6134 0.2704
0.5444 0.1583 0.1891 0.3175 0.0376 0.2607 0.8379 0.8486 0.6117 0.1632
0.3944 0.0812 0.1563 0.4085 0.0754 0.4749 0.8809 0.7695 0.4022 0.1114
0.1710 0.0229 0.0693 0.2969 0.2516 0.6403 0.7024 0.4363 0.0977 0.0350
0.1270 0.0197 0.0840 0.4588 0.4299 0.5511 0.4966 0.3373 0.0757 0.0389
0.2223 0.0952 0.2760 0.6132 0.1618 0.2723 0.5505 0.4697 0.2630 0.1763
0.2130 0.2424 0.5110 0.6527 0.0932 0.1002 0.3235 0.3440 0.3523 0.3972
0.4729 0.2541 0.3132 0.3739 0.0349 0.1313 0.6585 0.7422 0.6114 0.2811
0.5609 0.1679 0.1830 0.2850 0.0344 0.2378 0.8260 0.8541 0.6289 0.1642
0.3935 0.0817 0.1542 0.3978 0.0741 0.4729 0.8803 0.7679 0.4011 0.1113
0.1731 0.0238 0.0700 0.2887 0.2397 0.6376 0.7087 0.4386 0.1002 0.0361
0.1218 0.0187 0.0806 0.4469 0.4397 0.5604 0.4866 0.3224 0.0702 0.0367
0.2153 0.0940 0.2767 0.6156 0.1679 0.2688 0.5333 0.4549 0.2544 0.1759
0.2058 0.2505 0.5250 0.6571 0.0942 0.0933 0.2986 0.3249 0.3471 0.4107
0.4702 0.2529 0.3072 0.3626 0.0355 0.1268 0.6413 0.7373 0.6068 0.2774
0.5657 0.1692 0.1816 0.2802 0.0337 0.2361 0.8271 0.8568 0.6335 0.1640
0.3815 0.0766 0.1444 0.3847 0.0787 0.4813 0.8769 0.7594 0.3824 0.1054
0.1597 0.0207 0.0615 0.2686 0.2622 0.6570 0.6967 0.4141 0.0864 0.0317
0.1118 0.0160 0.0718 0.4301 0.4750 0.5840 0.4678 0.2989 0.0595 0.0316
0.1987 0.0812 0.2546 0.6129 0.1958 0.2829 0.5075 0.4297 0.2240 0.1569
0.1724 0.2560 0.5575 0.6809 0.1098 0.0794 0.2211 0.2534 0.3054 0.4357
0.4562 0.2683 0.3250 0.3645 0.0356 0.1117 0.5959 0.7123 0.6014 0.2956
0.5723 0.1734 0.1717 0.2491 0.0328 0.2131 0.8028 0.8559 0.6374 0.1606
0.3966 0.0818 0.1479 0.3841 0.0735 0.4675 0.8812 0.7741 0.4062 0.1114
0.1565 0.0207 0.0584 0.2463 0.2541 0.6616 0.7018 0.4068 0.0839 0.0313
0.1068 0.0146 0.0657 0.4044 0.4837 0.6070 0.4671 0.2849 0.0534 0.0282
0.1768 0.0705 0.2380 0.6133 0.2324 0.2900 0.4614 0.3883 0.1905 0.1420
0.1461 0.2742 0.6013 0.7042 0.1213 0.0645 0.1585 0.1944 0.2759 0.4754
0.4231 0.2834 0.3377 0.3492 0.0384 0.0872 0.4834 0.6545 0.5746 0.3121
0.5870 0.1836 0.1642 0.2175 0.0305 0.1873 0.7781 0.8588 0.6517 0.1608
0.4097 0.0881 0.1500 0.3710 0.0669 0.4525 0.8844 0.7841 0.4273 0.1174
0.1560 0.0213 0.0565 0.2270 0.2409 0.6614 0.7111 0.4067 0.0845 0.0320
0.1019 0.0138 0.0621 0.3813 0.4871 0.6220 0.4609 0.2680 0.0485 0.0261
0.1648 0.0614 0.2185 0.6087 0.2628 0.3055 0.4423 0.3692 0.1689 0.1267
0.1325 0.2661 0.6047 0.7125 0.1351 0.0621 0.1360 0.1704 0.2519 0.4742
0.3724 0.3183 0.3998 0.3855 0.0414 0.0668 0.3723 0.5630 0.5447 0.3674
0.5991 0.1985 0.1610 0.1904 0.0280 0.1601 0.7451 0.8582 0.6661 0.1652
0.4247 0.0911 0.1485 0.3614 0.0648 0.4327 0.8794 0.7944 0.4443 0.1179
0.1693 0.0247 0.0587 0.2192 0.2095 0.6433 0.7413 0.4430 0.1002 0.0372
0.0952 0.0127 0.0567 0.3370 0.4807 0.6482 0.4584 0.2431 0.0418 0.0229
0.1457 0.0480 0.1870 0.5997 0.3212 0.3343 0.4103 0.3374 0.1358 0.1031
0.1213 0.2467 0.5944 0.7188 0.1537 0.0641 0.1238 0.1544 0.2269 0.4573
0.3109 0.3538 0.4709 0.4298 0.0472 0.0492 0.2528 0.4437 0.4992 0.4298
0.6048 0.2114 0.1607 0.1739 0.0265 0.1402 0.7135 0.8551 0.6748 0.1705
0.4412 0.0946 0.1443 0.3412 0.0620 0.4079 0.8716 0.8043 0.4619 0.1174
0.1792 0.0277 0.0589 0.2079 0.1874 0.6268 0.7650 0.4735 0.1145 0.0423
0.0910 0.0117 0.0505 0.2914 0.4699 0.6797 0.4698 0.2273 0.0366 0.0198
0.1218 0.0342 0.1504 0.5877 0.4111 0.3741 0.3648 0.2938 0.0992 0.0776
0.1162 0.2248 0.5756 0.7229 0.1694 0.0706 0.1260 0.1512 0.2106 0.4325
0.2586 0.3717 0.5211 0.4664 0.0557 0.0391 0.1714 0.3427 0.4485 0.4715
0.6005 0.2191 0.1663 0.1738 0.0264 0.1308 0.6945 0.8495 0.6755 0.1771
0.4639 0.1029 0.1459 0.3246 0.0560 0.3818 0.8685 0.8170 0.4908 0.1219
0.1853 0.0295 0.0584 0.2015 0.1765 0.6167 0.7788 0.4936 0.1239 0.0456
0.0914 0.0111 0.0466 0.2650 0.4567 0.7003 0.4916 0.2282 0.0351 0.0182
0.1070 0.0255 0.1219 0.5719 0.4856 0.4170 0.3415 0.2682 0.0768 0.0595
0.1185 0.1990 0.5410 0.7195 0.1802 0.0839 0.1458 0.1642 0.2034 0.3945
0.1855 0.4164 0.6259 0.5507 0.0702 0.0266 0.0882 0.2041 0.3755 0.5621
0.5899 0.2417 0.1802 0.1697 0.0256 0.1076 0.6371 0.8322 0.6771 0.1954
0.5062 0.1149 0.1350 0.2654 0.0485 0.3181 0.8399 0.8344 0.5324 0.1199
0.2176 0.0384 0.0666 0.2095 0.1400 0.5766 0.8158 0.5652 0.1694 0.0599
0.0899 0.0112 0.0438 0.2237 0.4216 0.7156 0.5105 0.2182 0.0333 0.0174
0.0943 0.0197 0.1004 0.5469 0.5453 0.4594 0.3213 0.2412 0.0598 0.0465
0.1139 0.1686 0.4987 0.7138 0.2058 0.0975 0.1517 0.1649 0.1830 0.3493
0.1361 0.4521 0.7000 0.6094 0.0865 0.0187 0.0457 0.1213 0.3135 0.6299
0.5719 0.2677 0.1997 0.1695 0.0253 0.0868 0.5651 0.8056 0.6735 0.2190
0.5492 0.1308 0.1231 0.2032 0.0407 0.2551 0.8017 0.8476 0.5741 0.1192
0.2488 0.0480 0.0733 0.2163 0.1156 0.5381 0.8432 0.6285 0.2198 0.0758
0.0904 0.0114 0.0401 0.1852 0.3843 0.7280 0.5425 0.2190 0.0330 0.0171
0.0856 0.0154 0.0811 0.5051 0.5844 0.5136 0.3201 0.2226 0.0475 0.0355
0.1151 0.1317 0.4298 0.6986 0.2343 0.1265 0.1806 0.1832 0.1663 0.2842
0.1086 0.4516 0.7365 0.6621 0.1053 0.0171 0.0331 0.0864 0.2665 0.6562
0.5263 0.3016 0.2382 0.1824 0.0268 0.0647 0.4484 0.7458 0.6515 0.2590
0.5986 0.1557 0.1139 0.1493 0.0325 0.1919 0.7482 0.8588 0.6236 0.1231
0.2939 0.0612 0.0871 0.2399 0.0932 0.4975 0.8655 0.6938 0.2888 0.0948
0.0981 0.0131 0.0382 0.1575 0.3295 0.7202 0.5988 0.2474 0.0389 0.0195
0.0815 0.0128 0.0661 0.4354 0.5817 0.5766 0.3438 0.2101 0.0393 0.0274
0.1277 0.0952 0.3357 0.6676 0.2567 0.1832 0.2554 0.2357 0.1594 0.2077
0.0990 0.4077 0.7333 0.7051 0.1245 0.0217 0.0381 0.0822 0.2381 0.6352
0.4546 0.3333 0.2985 0.2190 0.0311 0.0491 0.3254 0.6465 0.6073 0.3124
0.6260 0.1806 0.1171 0.1313 0.0278 0.1563 0.7123 0.8630 0.6585 0.1342
0.3419 0.0734 0.1022 0.2697 0.0794 0.4620 0.8765 0.7453 0.3560 0.1092
0.1087 0.0158 0.0379 0.1413 0.2794 0.6978 0.6519 0.2882 0.0491 0.0240
0.0804 0.0115 0.0563 0.3621 0.5525 0.6320 0.3800 0.2025 0.0345 0.0222
0.1219 0.0586 0.2363 0.6345 0.3328 0.2597 0.2940 0.2547 0.1246 0.1329
0.0947 0.3419 0.7018 0.7296 0.1490 0.0307 0.0496 0.0872 0.2125 0.5829
0.3460 0.3905 0.4297 0.3159 0.0387 0.0342 0.1949 0.4657 0.5385 0.4224
0.6384 0.2077 0.1250 0.1208 0.0246 0.1263 0.6682 0.8600 0.6818 0.1492
0.3866 0.0785 0.1102 0.2890 0.0761 0.4265 0.8646 0.7771 0.3994 0.1071
0.1317 0.0217 0.0391 0.1316 0.2170 0.6500 0.7275 0.3759 0.0754 0.0350
0.0754 0.0103 0.0470 0.2671 0.5070 0.6909 0.4093 0.1770 0.0277 0.0174
0.0972 0.0338 0.1630 0.6087 0.4670 0.3325 0.2633 0.2188 0.0793 0.0823
0.0885 0.2708 0.6517 0.7388 0.1862 0.0427 0.0585 0.0892 0.1799 0.5100
0.1881 0.4949 0.6207 0.4195 0.0596 0.0129 0.0396 0.1703 0.3934 0.5952
0.6433 0.2471 0.1355 0.1074 0.0220 0.0916 0.5737 0.8407 0.6977 0.1734
0.4620 0.0981 0.1074 0.2266 0.0575 0.3343 0.8312 0.8134 0.4774 0.1088
0.1645 0.0328 0.0427 0.1226 0.1533 0.5822 0.7968 0.4844 0.1240 0.0557
0.0731 0.0098 0.0405 0.1945 0.4514 0.7316 0.4469 0.1626 0.0241 0.0148
0.0817 0.0200 0.1091 0.5721 0.5835 0.4212 0.2551 0.1994 0.0528 0.0501
0.0832 0.1867 0.5590 0.7354 0.2457 0.0662 0.0746 0.0970 0.1445 0.3998
0.1283 0.5220 0.7248 0.5509 0.0793 0.0107 0.0235 0.0939 0.3163 0.6759
0.6006 0.2847 0.1770 0.1281 0.0226 0.0714 0.4988 0.8035 0.6886 0.2147
0.5429 0.1193 0.0955 0.1527 0.0441 0.2373 0.7567 0.8375 0.5466 0.1029
0.2143 0.0467 0.0526 0.1457 0.1172 0.5176 0.8425 0.6039 0.2001 0.0815
0.0781 0.0105 0.0352 0.1453 0.3827 0.7462 0.5197 0.1797 0.0261 0.0151
0.0731 0.0140 0.0795 0.5100 0.6314 0.5042 0.2648 0.1838 0.0390 0.0339
0.0836 0.1304 0.4630 0.7217 0.2957 0.0999 0.1004 0.1135 0.1239 0.3030
0.1012 0.4838 0.7470 0.6279 0.1053 0.0122 0.0205 0.0697 0.2561 0.6744
0.5218 0.3370 0.2419 0.1535 0.0253 0.0462 0.3386 0.7094 0.6529 0.2790
0.6243 0.1601 0.0905 0.1027 0.0307 0.1594 0.6669 0.8476 0.6246 0.1142
0.2843 0.0674 0.0700 0.1817 0.0863 0.4512 0.8737 0.7116 0.3102 0.1139
0.0894 0.0138 0.0322 0.1107 0.2967 0.7159 0.6119 0.2290 0.0364 0.0207
0.0721 0.0115 0.0602 0.3957 0.5965 0.6003 0.3200 0.1780 0.0318 0.0238
0.0908 0.0772 0.3213 0.6799 0.3555 0.1723 0.1591 0.1543 0.1061 0.1872
0.0953 0.3996 0.7274 0.6934 0.1311 0.0206 0.0322 0.0754 0.2242 0.6213
0.3475 0.4307 0.4072 0.2319 0.0359 0.0211 0.1139 0.4250 0.5419 0.4294
0.6734 0.2156 0.1006 0.0874 0.0228 0.1112 0.5810 0.8401 0.6833 0.1443
0.3666 0.0839 0.0886 0.2193 0.0714 0.3925 0.8711 0.7806 0.4080 0.1240
0.1146 0.0224 0.0310 0.0875 0.2012 0.6371 0.7298 0.3448 0.0685 0.0379
0.0687 0.0098 0.0452 0.2474 0.5154 0.6997 0.3849 0.1544 0.0240 0.0162
0.0798 0.0312 0.1641 0.6169 0.5236 0.3147 0.1996 0.1693 0.0630 0.0802
0.0881 0.2694 0.6446 0.7252 0.1879 0.0405 0.0527 0.0863 0.1761 0.5006
0.1747 0.5336 0.6421 0.3933 0.0592 0.0091 0.0250 0.1388 0.3835 0.6261
0.6627 0.2698 0.1314 0.0949 0.0203 0.0801 0.5061 0.8181 0.7043 0.1868
0.4638 0.0954 0.0839 0.1665 0.0588 0.2934 0.7924 0.8122 0.4715 0.1004
0.1561 0.0360 0.0351 0.0905 0.1403 0.5487 0.8111 0.4950 0.1315 0.0663
0.0682 0.0094 0.0367 0.1578 0.4313 0.7513 0.4506 0.1453 0.0210 0.0134
0.0664 0.0167 0.0998 0.5639 0.6468 0.4281 0.2026 0.1558 0.0394 0.0436
0.0782 0.1665 0.5343 0.7317 0.2733 0.0709 0.0699 0.0911 0.1287 0.3682
0.1127 0.5502 0.7375 0.5156 0.0846 0.0072 0.0126 0.0686 0.2888 0.6930
0.5869 0.3294 0.1909 0.1154 0.0220 0.0495 0.3516 0.7403 0.6795 0.2504
0.5991 0.1397 0.0768 0.0946 0.0356 0.1744 0.6615 0.8347 0.5848 0.1031
0.2215 0.0570 0.0459 0.1108 0.0976 0.4583 0.8592 0.6444 0.2393 0.1054
0.0784 0.0120 0.0313 0.1076 0.3268 0.7357 0.5635 0.1874 0.0284 0.0173
0.0670 0.0121 0.0684 0.4527 0.6363 0.5491 0.2652 0.1634 0.0318 0.0276
0.0726 0.0968 0.4001 0.7134 0.3701 0.1197 0.0925 0.1019 0.0953 0.2430
0.0996 0.4580 0.7409 0.6391 0.1123 0.0138 0.0215 0.0691 0.2422 0.6505
0.4031 0.4200 0.3448 0.1804 0.0309 0.0224 0.1331 0.4971 0.5805 0.3871
0.6884 0.2085 0.0861 0.0760 0.0231 0.1149 0.5473 0.8241 0.6723 0.1374
0.3238 0.0818 0.0675 0.1632 0.0742 0.3787 0.8746 0.7657 0.3836 0.1354
0.1032 0.0216 0.0282 0.0742 0.2043 0.6404 0.7144 0.3111 0.0601 0.0366
0.0655 0.0099 0.0472 0.2630 0.5370 0.6852 0.3557 0.1456 0.0234 0.0169
0.0706 0.0376 0.2002 0.6406 0.5211 0.2586 0.1490 0.1336 0.0606 0.0998
0.0957 0.2983 0.6616 0.7066 0.1638 0.0352 0.0484 0.0886 0.1927 0.5152
0.1860 0.5515 0.6164 0.3268 0.0542 0.0074 0.0200 0.1420 0.3989 0.6178
0.6921 0.2838 0.1167 0.0812 0.0192 0.0755 0.4288 0.7814 0.7030 0.1949
0.4575 0.0993 0.0727 0.1377 0.0571 0.2700 0.7911 0.8167 0.4816 0.1087
0.1428 0.0373 0.0290 0.0657 0.1318 0.5315 0.8149 0.4795 0.1267 0.0720
0.0650 0.0093 0.0357 0.1462 0.4290 0.7579 0.4413 0.1341 0.0194 0.0129
0.0593 0.0162 0.1009 0.5624 0.6681 0.4174 0.1728 0.1323 0.0344 0.0432
0.0772 0.1543 0.5143 0.7234 0.2868 0.0745 0.0681 0.0902 0.1214 0.3431
0.1123 0.5631 0.7359 0.4838 0.0829 0.0061 0.0099 0.0637 0.2861 0.6916
0.5911 0.3629 0.1965 0.1085 0.0211 0.0407 0.2668 0.6819 0.6751 0.2808
0.6243 0.1491 0.0678 0.0756 0.0332 0.1533 0.5908 0.8164 0.5904 0.1048
0.2283 0.0648 0.0416 0.0919 0.0873 0.4151 0.8662 0.6723 0.2693 0.1232
0.0789 0.0137 0.0293 0.0879 0.2893 0.7182 0.5925 0.1961 0.0314 0.0203
0.0634 0.0117 0.0657 0.4232 0.6323 0.5638 0.2594 0.1494 0.0288 0.0259
0.0652 0.0815 0.3677 0.7080 0.4200 0.1298 0.0837 0.0916 0.0796 0.2134
0.1019 0.4218 0.7156 0.6217 0.1192 0.0155 0.0216 0.0710 0.2280 0.6015
0.3070 0.5012 0.4559 0.2111 0.0365 0.0117 0.0505 0.3046 0.5145 0.4988
0.7344 0.2604 0.0850 0.0653 0.0190 0.0924 0.4119 0.7582 0.6915 0.1742
0.3576 0.0890 0.0618 0.1384 0.0690 0.3211 0.8539 0.7920 0.4248 0.1358
0.1158 0.0299 0.0264 0.0585 0.1551 0.5753 0.7737 0.3836 0.0875 0.0557
0.0604 0.0095 0.0420 0.1933 0.4906 0.7247 0.3684 0.1222 0.0192 0.0143
0.0585 0.0252 0.1513 0.6089 0.6127 0.3133 0.1347 0.1135 0.0416 0.0690
0.0931 0.2239 0.5943 0.7022 0.2025 0.0506 0.0569 0.0935 0.1607 0.4145
0.1406 0.5958 0.6896 0.3632 0.0640 0.0048 0.0093 0.0825 0.3414 0.6793
0.6815 0.3513 0.1419 0.0853 0.0183 0.0529 0.2723 0.6705 0.6927 0.2621
0.5503 0.1212 0.0595 0.0798 0.0431 0.1819 0.6646 0.8228 0.5406 0.0996
0.1657 0.0483 0.0289 0.0596 0.1066 0.4663 0.8408 0.5585 0.1747 0.0962
0.0682 0.0106 0.0316 0.1072 0.3589 0.7545 0.5057 0.1481 0.0220 0.0146
0.0576 0.0133 0.0814 0.5032 0.6734 0.4826 0.1937 0.1307 0.0293 0.0332
0.0681 0.1032 0.4238 0.7173 0.3744 0.1047 0.0739 0.0880 0.0911 0.2560
0.1058 0.5070 0.7395 0.5411 0.0973 0.0085 0.0113 0.0596 0.2488 0.6457
0.4202 0.4709 0.3365 0.1484 0.0285 0.0161 0.0756 0.4036 0.5779 0.4282
0.7357 0.2335 0.0694 0.0579 0.0211 0.1031 0.3962 0.7412 0.6654 0.1552
0.3046 0.0891 0.0459 0.0917 0.0673 0.3133 0.8657 0.7693 0.3937 0.1543
0.1009 0.0258 0.0256 0.0558 0.1731 0.6029 0.7366 0.3207 0.0676 0.0464
0.0590 0.0100 0.0481 0.2462 0.5377 0.6820 0.3222 0.1222 0.0206 0.0168
0.0543 0.0399 0.2288 0.6570 0.5632 0.2140 0.0920 0.0873 0.0478 0.1125
0.1030 0.2664 0.6375 0.6754 0.1663 0.0388 0.0422 0.0874 0.1758 0.4290
0.1618 0.6031 0.6511 0.2967 0.0560 0.0044 0.0092 0.0965 0.3706 0.6584
0.7344 0.3709 0.1190 0.0728 0.0165 0.0551 0.2157 0.5984 0.6961 0.2796
0.5214 0.1183 0.0498 0.0674 0.0459 0.1744 0.6754 0.8233 0.5322 0.1070
0.1490 0.0465 0.0250 0.0467 0.1061 0.4702 0.8352 0.5228 0.1555 0.0940
0.0638 0.0100 0.0324 0.1097 0.3773 0.7624 0.4735 0.1311 0.0195 0.0134
0.0520 0.0140 0.0892 0.5132 0.6828 0.4509 0.1603 0.1099 0.0270 0.0360
0.0704 0.1066 0.4304 0.7115 0.3620 0.1011 0.0711 0.0883 0.0933 0.2552
0.1083 0.5284 0.7404 0.5019 0.0915 0.0070 0.0088 0.0561 0.2523 0.6460
0.4670 0.4915 0.3123 0.1350 0.0257 0.0164 0.0656 0.3674 0.5909 0.4469
0.7404 0.2301 0.0625 0.0530 0.0218 0.1031 0.3503 0.7057 0.6489 0.1541
0.2965 0.0914 0.0378 0.0693 0.0657 0.2836 0.8578 0.7713 0.3967 0.1608
0.0983 0.0274 0.0248 0.0499 0.1641 0.5898 0.7386 0.3160 0.0685 0.0500
0.0587 0.0100 0.0481 0.2473 0.5409 0.6820 0.3208 0.1220 0.0206 0.0168
0.0479 0.0381 0.2299 0.6615 0.5964 0.2054 0.0751 0.0730 0.0414 0.1109
0.1078 0.2542 0.6406 0.6743 0.1641 0.0421 0.0409 0.0863 0.1687 0.3896
0.1581 0.6116 0.6558 0.2870 0.0565 0.0039 0.0075 0.0873 0.3618 0.6611
0.7440 0.4064 0.1227 0.0714 0.0159 0.0482 0.1584 0.5177 0.6917 0.3180
0.5514 0.1268 0.0420 0.0503 0.0428 0.1453 0.5983 0.8122 0.5449 0.1070
0.1529 0.0503 0.0231 0.0395 0.0979 0.4410 0.8368 0.5404 0.1678 0.1015
0.0643 0.0110 0.0311 0.0952 0.3472 0.7547 0.4960 0.1352 0.0208 0.0147
0.0491 0.0135 0.0855 0.4807 0.6773 0.4666 0.1566 0.0994 0.0243 0.0335
0.0664 0.0881 0.3929 0.7066 0.4048 0.1163 0.0702 0.0850 0.0802 0.2168
0.1067 0.4832 0.7330 0.5082 0.1015 0.0082 0.0081 0.0516 0.2211 0.5827
0.3976 0.5621 0.3888 0.1533 0.0291 0.0100 0.0266 0.2127 0.5358 0.5472
0.7802 0.2853 0.0662 0.0509 0.0179 0.0882 0.2615 0.6254 0.6726 0.1981
0.3447 0.1064 0.0336 0.0532 0.0573 0.2128 0.8303 0.8120 0.4660 0.1686
0.1090 0.0360 0.0229 0.0398 0.1281 0.5322 0.7897 0.3821 0.0948 0.0712
0.0566 0.0096 0.0421 0.1819 0.4904 0.7282 0.3516 0.1100 0.0179 0.0141
0.0394 0.0246 0.1666 0.6015 0.6695 0.2703 0.0715 0.0601 0.0269 0.0715
0.1019 0.1614 0.5629 0.6853 0.2243 0.0729 0.0482 0.0858 0.1218 0.2537
0.1312 0.6022 0.6989 0.3263 0.0678 0.0036 0.0049 0.0602 0.3018 0.6539
0.6982 0.5049 0.1735 0.0844 0.0167 0.0280 0.0636 0.3149 0.6551 0.4433
0.6745 0.1693 0.0394 0.0388 0.0321 0.1132 0.3468 0.6952 0.5685 0.1220
0.1936 0.0639 0.0200 0.0286 0.0799 0.3280 0.8164 0.6317 0.2350 0.1171
0.0785 0.0193 0.0266 0.0585 0.2210 0.6611 0.6392 0.2128 0.0402 0.0309
0.0512 0.0118 0.0674 0.3753 0.6306 0.5581 0.2061 0.1034 0.0218 0.0250
0.0534 0.0552 0.3014 0.6951 0.5278 0.1558 0.0678 0.0748 0.0543 0.1536
0.1060 0.3127 0.6971 0.5957 0.1440 0.0215 0.0127 0.0527 0.1518 0.3779
0.2233 0.6362 0.5805 0.2182 0.0436 0.0041 0.0070 0.0884 0.4107 0.6628
0.7960 0.4047 0.0935 0.0575 0.0143 0.0564 0.1425 0.4752 0.6974 0.3114
0.4958 0.1320 0.0271 0.0300 0.0444 0.1133 0.6449 0.8422 0.5672 0.1370
0.1322 0.0477 0.0199 0.0299 0.0971 0.4536 0.8301 0.4876 0.1418 0.0978
0.0597 0.0101 0.0321 0.1001 0.3753 0.7734 0.4597 0.1171 0.0179 0.0128
0.0373 0.0145 0.0961 0.4410 0.6746 0.4313 0.1047 0.0596 0.0177 0.0354
0.0743 0.0751 0.4076 0.7140 0.3968 0.1464 0.0669 0.0814 0.0703 0.1540
0.1029 0.4515 0.7280 0.4529 0.1119 0.0071 0.0040 0.0369 0.1747 0.4842
0.4193 0.6640 0.4126 0.1507 0.0284 0.0066 0.0069 0.0719 0.4873 0.6840
0.8133 0.3298 0.0628 0.0454 0.0155 0.0791 0.1878 0.5345 0.6831 0.2363
0.3643 0.1137 0.0187 0.0196 0.0508 0.1312 0.7339 0.8227 0.4861 0.1527
0.1123 0.0430 0.0214 0.0322 0.1079 0.4915 0.8117 0.4115 0.1117 0.0890
0.0552 0.0095 0.0386 0.1467 0.4578 0.7560 0.3739 0.1034 0.0165 0.0127
0.0310 0.0201 0.1448 0.5384 0.6991 0.3004 0.0576 0.0417 0.0181 0.0565
0.0976 0.0950 0.5283 0.7143 0.2945 0.1289 0.0442 0.0706 0.0757 0.1285
0.1155 0.5178 0.7089 0.3549 0.0902 0.0046 0.0030 0.0400 0.2107 0.5283
0.5577 0.6533 0.3095 0.1173 0.0215 0.0099 0.0098 0.0864 0.5472 0.6570
0.7941 0.2712 0.0456 0.0370 0.0197 0.0893 0.1789 0.5191 0.6313 0.1929
0.2841 0.0868 0.0121 0.0108 0.0601 0.1484 0.6816 0.7481 0.3574 0.1160
0.1028 0.0408 0.0223 0.0332 0.1160 0.5021 0.7880 0.3675 0.0975 0.0833
0.0511 0.0102 0.0465 0.1942 0.5113 0.7023 0.3000 0.0937 0.0168 0.0155
0.0364 0.0277 0.1912 0.6255 0.6742 0.2332 0.0563 0.0510 0.0263 0.0826
0.1077 0.1137 0.5848 0.6872 0.2506 0.0994 0.0272 0.0595 0.0774 0.1224
0.1345 0.5667 0.6901 0.3074 0.0745 0.0039 0.0029 0.0430 0.2488 0.5753
0.5882 0.6492 0.2847 0.1088 0.0203 0.0110 0.0104 0.0878 0.5563 0.6485
0.7870 0.2587 0.0402 0.0335 0.0212 0.0883 0.1754 0.5207 0.6214 0.1870
0.2506 0.0719 0.0080 0.0058 0.0664 0.1410 0.5878 0.6927 0.2845 0.0866
0.1022 0.0429 0.0222 0.0319 0.1124 0.4920 0.7902 0.3691 0.1006 0.0884
0.0472 0.0105 0.0483 0.1872 0.5105 0.6939 0.2732 0.0812 0.0154 0.0158
0.0370 0.0268 0.1890 0.6318 0.6806 0.2370 0.0569 0.0524 0.0264 0.0801
0.1112 0.1084 0.5842 0.6674 0.2498 0.0982 0.0219 0.0548 0.0714 0.1028
0.1335 0.5279 0.6920 0.3252 0.0851 0.0046 0.0021 0.0303 0.2018 0.5157
0.4865 0.7188 0.3899 0.1347 0.0243 0.0060 0.0036 0.0385 0.4843 0.7467
0.8189 0.3041 0.0462 0.0351 0.0172 0.0812 0.1495 0.4833 0.6526 0.2162
0.3037 0.0826 0.0065 0.0041 0.0618 0.0900 0.5034 0.7568 0.3564 0.0885
0.1092 0.0500 0.0208 0.0270 0.0953 0.4560 0.8164 0.4108 0.1205 0.1069
0.0490 0.0103 0.0403 0.1304 0.4485 0.7565 0.3413 0.0841 0.0150 0.0131
0.0258 0.0188 0.1392 0.4699 0.6902 0.3173 0.0477 0.0292 0.0133 0.0495
0.1030 0.0533 0.5001 0.6972 0.3524 0.2017 0.0269 0.0508 0.0421 0.0449
0.1065 0.3910 0.7133 0.3893 0.1302 0.0070 0.0013 0.0194 0.1139 0.3267
0.3186 0.7408 0.5604 0.2049 0.0410 0.0035 0.0007 0.0091 0.2988 0.7812
0.7959 0.5084 0.1142 0.0553 0.0127 0.0353 0.0618 0.3027 0.6884 0.4216
0.6160 0.2049 0.0096 0.0079 0.0372 0.0455 0.2444 0.6803 0.6118 0.2368
0.1611 0.0524 0.0072 0.0045 0.0727 0.2360 0.6121 0.5103 0.1532 0.0663
0.0816 0.0281 0.0260 0.0471 0.1870 0.6384 0.6941 0.2500 0.0580 0.0442
0.0202 0.0132 0.0783 0.1510 0.5235 0.5494 0.0728 0.0158 0.0059 0.0210
0.0366 0.0108 0.2515 0.7443 0.7725 0.4677 0.0265 0.0236 0.0089 0.0157
0.0882 0.2123 0.7149 0.5351 0.2104 0.0200 0.0020 0.0182 0.0617 0.1519
0.2037 0.5208 0.6493 0.3484 0.1034 0.0072 0.0002 0.0028 0.0959 0.4894
0.2303 0.5589 0.6235 0.3050 0.0881 0.0066 0.0002 0.0027 0.1088 0.5293
0.4182 0.7621 0.4581 0.1410 0.0277 0.0038 0.0013 0.0181 0.4161 0.7952
0.8153 0.2901 0.0339 0.0270 0.0195 0.0750 0.1217 0.4487 0.6338 0.2171
0.2488 0.0636 0.0037 0.0016 0.0647 0.0897 0.3685 0.6543 0.2411 0.0552
0.1074 0.0554 0.0210 0.0252 0.0901 0.4336 0.8155 0.4097 0.1276 0.1198
0.0415 0.0110 0.0414 0.1036 0.4230 0.7614 0.3019 0.0609 0.0123 0.0128
0.0270 0.0168 0.1380 0.5127 0.7215 0.3316 0.0472 0.0315 0.0132 0.0441
0.1244 0.0638 0.5099 0.6450 0.2860 0.1736 0.0251 0.0577 0.0512 0.0451
0.1411 0.4803 0.6870 0.3501 0.1042 0.0059 0.0009 0.0129 0.1349 0.4411
0.3650 0.7608 0.5198 0.1763 0.0329 0.0035 0.0010 0.0132 0.3664 0.8023
0.8228 0.4479 0.0855 0.0471 0.0124 0.0496 0.0964 0.3871 0.7005 0.3469
0.5369 0.1635 0.0159 0.0125 0.0365 0.0677 0.5013 0.8232 0.6064 0.1657
0.1319 0.0509 0.0176 0.0223 0.0878 0.4214 0.8181 0.4835 0.1443 0.1002
0.0584 0.0107 0.0316 0.0903 0.3594 0.7754 0.4662 0.1140 0.0181 0.0132
0.0312 0.0146 0.0976 0.3844 0.6587 0.4328 0.0857 0.0420 0.0137 0.0338
0.0771 0.0686 0.4029 0.7092 0.3989 0.1606 0.0648 0.0800 0.0654 0.1300
0.1098 0.5158 0.7210 0.4053 0.0938 0.0052 0.0041 0.0432 0.2169 0.5635
0.5546 0.5972 0.2901 0.1170 0.0219 0.0127 0.0198 0.1519 0.5720 0.5822
0.7775 0.2587 0.0515 0.0424 0.0202 0.0949 0.2307 0.5827 0.6378 0.1814
0.2813 0.0922 0.0269 0.0374 0.0599 0.2457 0.8276 0.7526 0.3752 0.1518
0.0947 0.0285 0.0248 0.0469 0.1601 0.5795 0.7306 0.3028 0.0675 0.0525
0.0541 0.0106 0.0529 0.2638 0.5585 0.6527 0.2768 0.1071 0.0197 0.0185
0.0479 0.0450 0.2618 0.6734 0.5705 0.1797 0.0679 0.0686 0.0445 0.1298
0.1072 0.2342 0.6467 0.6470 0.1728 0.0399 0.0247 0.0674 0.1387 0.3116
0.1746 0.6210 0.6271 0.2467 0.0519 0.0036 0.0068 0.0894 0.3772 0.6544
0.7852 0.4030 0.0995 0.0607 0.0146 0.0547 0.1500 0.4938 0.6982 0.3104
0.5121 0.1303 0.0392 0.0473 0.0426 0.1459 0.6738 0.8291 0.5545 0.1278
0.1390 0.0468 0.0229 0.0383 0.1016 0.4686 0.8322 0.4972 0.1454 0.0947
0.0596 0.0098 0.0338 0.1134 0.3946 0.7651 0.4388 0.1158 0.0176 0.0128
0.0453 0.0151 0.0987 0.5047 0.6814 0.4203 0.1275 0.0851 0.0237 0.0390
0.0762 0.1086 0.4498 0.7079 0.3395 0.1023 0.0667 0.0874 0.0939 0.2356
0.1085 0.5151 0.7294 0.4451 0.0944 0.0060 0.0054 0.0468 0.2253 0.5881
0.5008 0.5690 0.3149 0.1267 0.0241 0.0125 0.0265 0.1991 0.5676 0.5469
0.7726 0.2566 0.0554 0.0457 0.0202 0.0953 0.2524 0.6118 0.6449 0.1775
0.2990 0.0970 0.0303 0.0453 0.0591 0.2428 0.8376 0.7732 0.4047 0.1612
0.0976 0.0298 0.0245 0.0457 0.1536 0.5711 0.7434 0.3182 0.0722 0.0555
0.0554 0.0103 0.0500 0.2461 0.5442 0.6715 0.2970 0.1105 0.0196 0.0174
0.0458 0.0403 0.2425 0.6616 0.5915 0.1936 0.0677 0.0662 0.0403 0.1170
0.1066 0.2164 0.6317 0.6590 0.1823 0.0463 0.0291 0.0714 0.1351 0.2974
0.1552 0.6206 0.6583 0.2716 0.0572 0.0034 0.0056 0.0751 0.3478 0.6602
0.7647 0.4472 0.1218 0.0677 0.0147 0.0431 0.1101 0.4230 0.6895 0.3630
0.5771 0.1384 0.0363 0.0392 0.0395 0.1259 0.5250 0.7885 0.5537 0.1143
0.1560 0.0530 0.0218 0.0345 0.0918 0.4198 0.8348 0.5496 0.1756 0.1055
0.0640 0.0116 0.0306 0.0879 0.3311 0.7473 0.5037 0.1358 0.0215 0.0158
0.0452 0.0137 0.0869 0.4565 0.6713 0.4644 0.1421 0.0848 0.0218 0.0332
0.0651 0.0768 0.3895 0.7136 0.4274 0.1323 0.0654 0.0780 0.0695 0.1813
0.1001 0.3842 0.7100 0.4884 0.1312 0.0102 0.0048 0.0373 0.1508 0.4159
0.3429 0.6578 0.4709 0.1697 0.0329 0.0054 0.0067 0.0768 0.4617 0.6798
0.8169 0.3513 0.0682 0.0472 0.0146 0.0743 0.1792 0.5223 0.6930 0.2551
0.3882 0.1197 0.0258 0.0308 0.0486 0.1498 0.7689 0.8310 0.5104 0.1613
0.1163 0.0421 0.0218 0.0347 0.1103 0.4973 0.8143 0.4233 0.1140 0.0863
0.0550 0.0094 0.0385 0.1441 0.4531 0.7550 0.3730 0.1019 0.0162 0.0127
0.0359 0.0199 0.1387 0.5487 0.6878 0.3161 0.0728 0.0538 0.0213 0.0556
0.0949 0.1167 0.5235 0.7036 0.2771 0.1030 0.0502 0.0795 0.0933 0.1837
0.1186 0.5544 0.7099 0.3538 0.0817 0.0042 0.0038 0.0470 0.2449 0.5913
0.6130 0.5921 0.2512 0.1045 0.0195 0.0152 0.0226 0.1604 0.5949 0.5693
0.7607 0.2329 0.0437 0.0380 0.0232 0.0978 0.2223 0.5747 0.6087 0.1648
0.2484 0.0793 0.0167 0.0191 0.0663 0.2190 0.7659 0.7125 0.3156 0.1242
0.0930 0.0314 0.0241 0.0415 0.1486 0.5587 0.7369 0.3040 0.0712 0.0591
0.0512 0.0108 0.0547 0.2650 0.5651 0.6424 0.2562 0.0981 0.0188 0.0191
0.0441 0.0384 0.2398 0.6669 0.6115 0.1927 0.0621 0.0627 0.0379 0.1127
0.1090 0.1871 0.6308 0.6343 0.1936 0.0488 0.0189 0.0576 0.1079 0.2126
0.1611 0.6247 0.6615 0.2688 0.0579 0.0034 0.0039 0.0564 0.3229 0.6534
0.7483 0.5176 0.1468 0.0718 0.0147 0.0304 0.0562 0.2826 0.6669 0.4510
0.6529 0.1650 0.0279 0.0273 0.0357 0.0975 0.3109 0.6799 0.5560 0.1311
0.1707 0.0575 0.0151 0.0180 0.0816 0.3243 0.7821 0.5785 0.1940 0.1004
0.0745 0.0190 0.0270 0.0577 0.2272 0.6693 0.6208 0.1957 0.0373 0.0296
0.0419 0.0124 0.0736 0.3475 0.6275 0.5323 0.1562 0.0712 0.0172 0.0260
0.0538 0.0471 0.2962 0.7001 0.5484 0.1794 0.0638 0.0701 0.0470 0.1220
0.0968 0.2537 0.7031 0.5737 0.1770 0.0220 0.0056 0.0321 0.0979 0.2462
0.2369 0.6927 0.5975 0.2215 0.0456 0.0033 0.0021 0.0303 0.3462 0.7318
0.7940 0.4783 0.1111 0.0590 0.0133 0.0408 0.0812 0.3512 0.6917 0.3925
0.5923 0.1692 0.0193 0.0166 0.0359 0.0742 0.4126 0.7750 0.5979 0.1584
0.1442 0.0518 0.0154 0.0184 0.0860 0.3798 0.7971 0.5156 0.1571 0.0958
0.0650 0.0138 0.0292 0.0728 0.2944 0.7345 0.5387 0.1456 0.0250 0.0188
0.0312 0.0134 0.0837 0.3039 0.6171 0.4961 0.1024 0.0402 0.0122 0.0274
0.0580 0.0400 0.3285 0.7212 0.5475 0.2180 0.0534 0.0600 0.0384 0.0824
0.0899 0.2672 0.7217 0.5348 0.1817 0.0160 0.0028 0.0228 0.0843 0.2316
0.2838 0.7306 0.5805 0.2150 0.0422 0.0032 0.0011 0.0152 0.3273 0.7754
0.7910 0.4909 0.1123 0.0573 0.0134 0.0376 0.0671 0.3154 0.6828 0.4065
0.6199 0.1947 0.0159 0.0128 0.0331 0.0589 0.3535 0.7578 0.6287 0.1929
0.1466 0.0520 0.0124 0.0123 0.0816 0.3391 0.7557 0.5094 0.1540 0.0871
0.0683 0.0162 0.0283 0.0652 0.2659 0.7158 0.5767 0.1647 0.0301 0.0226
0.0264 0.0133 0.0811 0.2347 0.5812 0.5185 0.0904 0.0282 0.0092 0.0246
