0.0798 0.0573 0.1321 0.5061 0.7291 0.5802 0.1588 0.0765 0.0635 0.0968
0.0973 0.1515 0.3140 0.5160 0.4327 0.2309 0.0689 0.0703 0.0940 0.2387
0.3262 0.4519 0.3225 0.1829 0.1385 0.1290 0.1200 0.1886 0.3624 0.4710
0.6251 0.3730 0.1238 0.0758 0.1158 0.1817 0.3231 0.5844 0.6360 0.2779
0.4237 0.0836 0.0364 0.0674 0.1342 0.3559 0.5720 0.6438 0.3238 0.0892
0.1554 0.0554 0.0277 0.0462 0.2617 0.6274 0.5874 0.2977 0.1353 0.0706
0.0742 0.0443 0.0523 0.1810 0.6199 0.7344 0.3714 0.1022 0.0630 0.0712
0.0743 0.0505 0.1106 0.4572 0.7338 0.6246 0.1850 0.0775 0.0593 0.0856
0.0850 0.1203 0.2893 0.5635 0.5193 0.2787 0.0707 0.0645 0.0789 0.1990
0.2415 0.4158 0.3765 0.2420 0.1524 0.1149 0.0858 0.1351 0.2761 0.4683
0.6352 0.4625 0.1517 0.0729 0.1074 0.1746 0.3057 0.5277 0.6550 0.3622
0.5108 0.1280 0.0492 0.0665 0.1120 0.2667 0.5035 0.6845 0.4361 0.1151
0.2138 0.0531 0.0240 0.0398 0.1810 0.5434 0.6256 0.4395 0.1738 0.0642
0.0784 0.0476 0.0409 0.0987 0.5082 0.7237 0.4369 0.1259 0.0744 0.0688
0.0698 0.0439 0.0899 0.4021 0.7353 0.6710 0.2211 0.0801 0.0555 0.0749
0.0822 0.0878 0.2274 0.5847 0.6275 0.3853 0.0918 0.0670 0.0696 0.1511
0.1698 0.3273 0.3877 0.3294 0.2037 0.1281 0.0705 0.0990 0.1890 0.4133
0.5629 0.5127 0.2070 0.0900 0.1097 0.1588 0.2388 0.3966 0.5948 0.4426
0.5887 0.2079 0.0726 0.0671 0.0989 0.1913 0.4079 0.6978 0.5606 0.1569
0.2892 0.0521 0.0232 0.0441 0.1419 0.4662 0.6421 0.5678 0.2144 0.0621
0.0881 0.0522 0.0324 0.0534 0.3893 0.7061 0.5070 0.1608 0.0909 0.0683
0.0659 0.0404 0.0759 0.3457 0.7241 0.7038 0.2574 0.0810 0.0524 0.0700
0.0856 0.0709 0.1769 0.5641 0.6934 0.4760 0.1171 0.0758 0.0704 0.1173
0.1088 0.2422 0.4028 0.4460 0.2776 0.1472 0.0565 0.0664 0.1155 0.3598
0.4555 0.5424 0.2936 0.1203 0.1044 0.1202 0.1542 0.2748 0.5090 0.5071
0.6391 0.3032 0.0982 0.0660 0.0938 0.1588 0.3481 0.6809 0.6428 0.2115
0.3613 0.0581 0.0256 0.0519 0.1260 0.4077 0.6342 0.6390 0.2590 0.0675
0.1044 0.0539 0.0254 0.0301 0.2695 0.6620 0.5684 0.2263 0.1138 0.0633
0.0655 0.0395 0.0622 0.2601 0.6840 0.7228 0.3059 0.0884 0.0541 0.0666
0.0797 0.0582 0.1397 0.5192 0.7254 0.5524 0.1443 0.0778 0.0652 0.0956
0.0845 0.1643 0.3641 0.5342 0.3866 0.1886 0.0552 0.0593 0.0844 0.2698
0.3219 0.5237 0.3826 0.1748 0.1094 0.0991 0.0988 0.1692 0.3765 0.5431
0.6617 0.4194 0.1302 0.0658 0.0971 0.1574 0.3163 0.6136 0.6833 0.3011
0.4513 0.0847 0.0347 0.0591 0.1119 0.3200 0.5761 0.6878 0.3516 0.0859
0.1557 0.0535 0.0223 0.0271 0.1888 0.5868 0.6166 0.3535 0.1502 0.0610
0.0697 0.0429 0.0466 0.1377 0.5724 0.7220 0.3833 0.1098 0.0646 0.0648
0.0730 0.0480 0.1060 0.4443 0.7331 0.6218 0.1842 0.0809 0.0599 0.0790
0.0773 0.1086 0.2864 0.5863 0.5341 0.2865 0.0698 0.0607 0.0697 0.1895
0.2015 0.4465 0.4440 0.2685 0.1409 0.0978 0.0668 0.0999 0.2385 0.5256
0.6346 0.5327 0.1845 0.0714 0.0957 0.1503 0.2678 0.4876 0.6710 0.4259
0.5762 0.1626 0.0568 0.0595 0.0877 0.1990 0.4589 0.7347 0.5273 0.1273
0.2559 0.0512 0.0203 0.0299 0.1249 0.4760 0.6558 0.5489 0.2063 0.0578
0.0761 0.0483 0.0312 0.0478 0.3845 0.6985 0.4879 0.1544 0.0854 0.0607
0.0655 0.0411 0.0831 0.3732 0.7290 0.6792 0.2299 0.0805 0.0534 0.0696
0.0781 0.0801 0.2192 0.5968 0.6532 0.4014 0.0914 0.0662 0.0661 0.1380
0.1304 0.3168 0.4426 0.3843 0.2045 0.1110 0.0528 0.0742 0.1491 0.4279
0.4925 0.5880 0.2987 0.1038 0.0895 0.1125 0.1618 0.2922 0.5514 0.5429
0.6590 0.3000 0.0931 0.0590 0.0798 0.1411 0.3503 0.7169 0.6635 0.2014
0.3500 0.0532 0.0223 0.0418 0.1096 0.3988 0.6483 0.6551 0.2537 0.0604
0.0936 0.0538 0.0235 0.0228 0.2493 0.6634 0.5742 0.2195 0.1123 0.0600
0.0627 0.0383 0.0647 0.2759 0.6921 0.7128 0.2866 0.0863 0.0525 0.0643
0.0784 0.0623 0.1583 0.5463 0.7153 0.5130 0.1253 0.0743 0.0652 0.1027
0.0862 0.1944 0.4068 0.5147 0.3231 0.1476 0.0472 0.0588 0.0916 0.3077
0.3325 0.5821 0.4190 0.1607 0.0900 0.0844 0.0917 0.1626 0.3990 0.5991
0.6851 0.4451 0.1327 0.0600 0.0861 0.1422 0.3103 0.6329 0.7103 0.3119
0.4593 0.0807 0.0322 0.0526 0.0981 0.2999 0.5817 0.7139 0.3595 0.0797
0.1489 0.0529 0.0192 0.0178 0.1506 0.5671 0.6352 0.3783 0.1577 0.0555
0.0656 0.0413 0.0436 0.1166 0.5434 0.7105 0.3841 0.1142 0.0649 0.0598
0.0715 0.0486 0.1100 0.4466 0.7278 0.6038 0.1730 0.0806 0.0603 0.0785
0.0682 0.1176 0.3325 0.6058 0.4971 0.2374 0.0549 0.0526 0.0646 0.2093
0.2116 0.4896 0.4736 0.2507 0.1167 0.0797 0.0604 0.1036 0.2614 0.5578
0.6273 0.5851 0.2137 0.0698 0.0835 0.1343 0.2461 0.4461 0.6702 0.4880
0.6249 0.1994 0.0637 0.0526 0.0712 0.1553 0.4191 0.7610 0.5965 0.1407
0.2776 0.0494 0.0179 0.0237 0.0961 0.4312 0.6698 0.6108 0.2258 0.0527
0.0754 0.0496 0.0268 0.0309 0.3175 0.6848 0.5198 0.1725 0.0929 0.0576
0.0632 0.0403 0.0804 0.3518 0.7182 0.6753 0.2310 0.0813 0.0530 0.0673
0.0787 0.0788 0.2178 0.5959 0.6549 0.3947 0.0892 0.0686 0.0679 0.1324
0.1180 0.3110 0.4622 0.4034 0.1997 0.1030 0.0475 0.0677 0.1360 0.4320
0.4535 0.6268 0.3558 0.1113 0.0791 0.0933 0.1311 0.2423 0.5249 0.5984
0.6853 0.3553 0.1050 0.0560 0.0747 0.1276 0.3235 0.7033 0.6968 0.2338
0.3804 0.0545 0.0227 0.0418 0.0975 0.3578 0.6366 0.6912 0.2767 0.0595
0.0985 0.0534 0.0192 0.0137 0.1792 0.6261 0.6101 0.2708 0.1281 0.0538
0.0608 0.0376 0.0570 0.2174 0.6522 0.7103 0.3086 0.0929 0.0542 0.0603
0.0760 0.0577 0.1437 0.5179 0.7191 0.5318 0.1337 0.0771 0.0646 0.0929
0.0704 0.1716 0.4212 0.5656 0.3534 0.1487 0.0411 0.0496 0.0743 0.2905
0.2816 0.6002 0.4863 0.1839 0.0832 0.0680 0.0682 0.1271 0.3556 0.6346
0.6982 0.5547 0.1653 0.0555 0.0767 0.1363 0.2938 0.5631 0.7274 0.4217
0.5625 0.1275 0.0438 0.0489 0.0733 0.1981 0.4980 0.7630 0.4941 0.1021
0.2078 0.0502 0.0155 0.0131 0.0888 0.4675 0.6768 0.5419 0.2048 0.0488
0.0658 0.0438 0.0307 0.0459 0.3842 0.6853 0.4606 0.1495 0.0794 0.0533
0.0657 0.0435 0.0937 0.3927 0.7205 0.6332 0.1956 0.0817 0.0566 0.0701
0.0708 0.0946 0.2798 0.6151 0.5745 0.2967 0.0657 0.0592 0.0641 0.1659
0.1515 0.4247 0.5030 0.3244 0.1394 0.0806 0.0479 0.0753 0.1860 0.5314
0.5084 0.6552 0.3379 0.0937 0.0724 0.0940 0.1478 0.2795 0.5818 0.6077
0.7005 0.3215 0.0913 0.0492 0.0603 0.1100 0.3272 0.7444 0.6997 0.2036
0.3557 0.0495 0.0191 0.0313 0.0853 0.3658 0.6579 0.6877 0.2601 0.0535
0.0838 0.0532 0.0185 0.0113 0.1792 0.6394 0.6052 0.2447 0.1207 0.0517
0.0588 0.0367 0.0635 0.2611 0.6800 0.6986 0.2759 0.0876 0.0518 0.0597
0.0785 0.0635 0.1665 0.5552 0.7070 0.4854 0.1153 0.0756 0.0669 0.1028
0.0778 0.2101 0.4518 0.5241 0.2852 0.1219 0.0395 0.0518 0.0854 0.3398
0.3200 0.6431 0.4834 0.1582 0.0737 0.0666 0.0750 0.1402 0.4025 0.6633
0.7151 0.5228 0.1478 0.0527 0.0734 0.1290 0.2947 0.6027 0.7362 0.3778
0.5162 0.0961 0.0352 0.0472 0.0768 0.2315 0.5422 0.7567 0.4277 0.0840
0.1703 0.0484 0.0136 0.0084 0.0776 0.4684 0.6765 0.5195 0.1955 0.0429
0.0597 0.0398 0.0311 0.0492 0.3971 0.6747 0.4331 0.1459 0.0742 0.0480
0.0659 0.0442 0.0990 0.4094 0.7216 0.6158 0.1823 0.0817 0.0574 0.0704
0.0653 0.1009 0.3121 0.6248 0.5342 0.2554 0.0563 0.0543 0.0606 0.1821
0.1680 0.4684 0.5159 0.2946 0.1194 0.0720 0.0480 0.0809 0.2113 0.5636
0.5327 0.6649 0.3277 0.0865 0.0692 0.0946 0.1570 0.2972 0.6039 0.6107
0.7065 0.3124 0.0868 0.0467 0.0556 0.1044 0.3247 0.7487 0.6964 0.1969
0.3450 0.0456 0.0169 0.0250 0.0720 0.3412 0.6549 0.7015 0.2574 0.0470
0.0762 0.0508 0.0162 0.0078 0.1500 0.6211 0.6126 0.2590 0.1230 0.0455
0.0562 0.0353 0.0624 0.2531 0.6743 0.6908 0.2697 0.0886 0.0510 0.0564
0.0782 0.0630 0.1686 0.5615 0.7056 0.4773 0.1124 0.0762 0.0666 0.1019
0.0742 0.2107 0.4654 0.5301 0.2724 0.1130 0.0369 0.0501 0.0822 0.3452
0.3060 0.6704 0.5203 0.1610 0.0679 0.0598 0.0667 0.1244 0.3943 0.6960
0.7262 0.5728 0.1615 0.0500 0.0667 0.1198 0.2718 0.5553 0.7388 0.4298
0.5584 0.1108 0.0382 0.0439 0.0640 0.1849 0.5012 0.7793 0.4792 0.0881
0.1900 0.0476 0.0116 0.0059 0.0546 0.4197 0.6983 0.5900 0.2194 0.0393
0.0573 0.0399 0.0257 0.0286 0.3146 0.6531 0.4656 0.1674 0.0812 0.0432
0.0649 0.0429 0.0935 0.3821 0.7119 0.6144 0.1866 0.0855 0.0584 0.0663
0.0596 0.0953 0.3163 0.6438 0.5475 0.2599 0.0542 0.0498 0.0545 0.1793
0.1501 0.4532 0.5387 0.3215 0.1221 0.0648 0.0402 0.0748 0.1952 0.5507
0.4693 0.7016 0.4067 0.0990 0.0610 0.0751 0.1168 0.2243 0.5554 0.6734
0.7413 0.3905 0.1015 0.0446 0.0510 0.0898 0.2697 0.6926 0.7187 0.2482
0.3825 0.0477 0.0183 0.0291 0.0696 0.3084 0.6325 0.7200 0.2749 0.0489
0.0840 0.0518 0.0134 0.0048 0.1040 0.5839 0.6513 0.3170 0.1423 0.0424
0.0535 0.0342 0.0510 0.1701 0.6071 0.6846 0.3027 0.1002 0.0538 0.0505
0.0774 0.0567 0.1429 0.5140 0.7131 0.5140 0.1290 0.0825 0.0675 0.0880
0.0611 0.1645 0.4453 0.5871 0.3287 0.1305 0.0360 0.0451 0.0644 0.2951
0.2644 0.6505 0.5472 0.1861 0.0711 0.0557 0.0561 0.1065 0.3489 0.6904
0.6710 0.6519 0.2284 0.0583 0.0634 0.1076 0.2147 0.4127 0.6956 0.5494
0.6695 0.1995 0.0576 0.0410 0.0478 0.1101 0.3794 0.7884 0.6233 0.1300
0.2708 0.0425 0.0110 0.0075 0.0403 0.3223 0.6906 0.7068 0.2549 0.0355
0.0597 0.0440 0.0169 0.0088 0.1733 0.6192 0.5626 0.2283 0.1053 0.0387
0.0571 0.0369 0.0744 0.3053 0.6910 0.6513 0.2227 0.0867 0.0528 0.0575
0.0675 0.0772 0.2458 0.6304 0.6385 0.3511 0.0730 0.0603 0.0591 0.1367
0.0899 0.2904 0.5321 0.4677 0.1855 0.0677 0.0283 0.0594 0.1162 0.4059
0.3601 0.7241 0.5197 0.1303 0.0562 0.0567 0.0745 0.1416 0.4602 0.7324
0.7662 0.5556 0.1392 0.0438 0.0524 0.0923 0.2133 0.5021 0.7178 0.4075
0.5074 0.0781 0.0287 0.0385 0.0608 0.2021 0.5300 0.7708 0.4018 0.0669
0.1441 0.0469 0.0092 0.0027 0.0413 0.4203 0.7077 0.5619 0.2111 0.0333
0.0496 0.0348 0.0256 0.0296 0.3201 0.6324 0.4297 0.1653 0.0748 0.0366
0.0665 0.0444 0.0994 0.3927 0.7060 0.5861 0.1712 0.0883 0.0614 0.0663
0.0527 0.1025 0.3617 0.6547 0.4845 0.2073 0.0442 0.0445 0.0496 0.2021
0.1583 0.4891 0.5640 0.3059 0.1062 0.0534 0.0358 0.0787 0.2169 0.5700
0.4414 0.7370 0.4607 0.1032 0.0543 0.0644 0.0957 0.1778 0.5291 0.7240
0.7732 0.4423 0.1067 0.0408 0.0426 0.0717 0.2045 0.6008 0.7088 0.2891
0.3992 0.0448 0.0172 0.0267 0.0570 0.2550 0.5906 0.7310 0.2764 0.0438
0.0852 0.0514 0.0102 0.0024 0.0643 0.5366 0.6863 0.3791 0.1620 0.0367
0.0469 0.0312 0.0386 0.0889 0.4931 0.6495 0.3288 0.1221 0.0579 0.0395
0.0757 0.0528 0.1288 0.4752 0.7062 0.5225 0.1371 0.0883 0.0682 0.0789
0.0492 0.1340 0.4499 0.6388 0.3540 0.1267 0.0311 0.0408 0.0512 0.2596
0.2144 0.6142 0.5876 0.2297 0.0762 0.0454 0.0395 0.0922 0.3030 0.6597
0.5267 0.7456 0.4030 0.0829 0.0472 0.0619 0.0938 0.1699 0.5497 0.7216
0.7863 0.3824 0.0868 0.0351 0.0318 0.0570 0.1948 0.6372 0.6928 0.2395
0.3561 0.0385 0.0124 0.0137 0.0388 0.2387 0.6003 0.7181 0.2500 0.0350
0.0689 0.0506 0.0105 0.0023 0.0735 0.5656 0.6717 0.3285 0.1462 0.0356
0.0454 0.0302 0.0449 0.1238 0.5449 0.6409 0.2875 0.1116 0.0539 0.0398
0.0808 0.0586 0.1533 0.5328 0.6985 0.4755 0.1180 0.0872 0.0708 0.0898
0.0407 0.1217 0.4987 0.6815 0.3339 0.0863 0.0199 0.0408 0.0477 0.2278
0.1887 0.6034 0.6262 0.2631 0.0813 0.0372 0.0285 0.0844 0.2897 0.6380
0.5753 0.7683 0.3931 0.0740 0.0361 0.0459 0.0602 0.1028 0.4985 0.7537
0.8109 0.3857 0.0804 0.0310 0.0246 0.0450 0.1613 0.5948 0.6769 0.2431
0.3537 0.0367 0.0102 0.0089 0.0272 0.2015 0.5731 0.7035 0.2401 0.0312
0.0660 0.0512 0.0096 0.0017 0.0642 0.5604 0.6832 0.3347 0.1496 0.0344
0.0425 0.0286 0.0403 0.0950 0.4974 0.6167 0.2890 0.1228 0.0558 0.0346
0.0812 0.0569 0.1512 0.5369 0.6960 0.4752 0.1201 0.0892 0.0698 0.0885
0.0318 0.0963 0.5167 0.7370 0.3626 0.0740 0.0147 0.0382 0.0392 0.1847
0.1556 0.5443 0.6449 0.3189 0.0943 0.0315 0.0205 0.0803 0.2577 0.5716
0.4926 0.8014 0.4963 0.0912 0.0305 0.0322 0.0327 0.0490 0.3916 0.8175
0.8359 0.5004 0.0999 0.0312 0.0246 0.0407 0.1120 0.4243 0.6700 0.3425
0.4203 0.0390 0.0129 0.0162 0.0314 0.1656 0.4754 0.6708 0.2361 0.0358
0.0833 0.0551 0.0078 0.0011 0.0395 0.5081 0.7198 0.4038 0.1780 0.0346
0.0350 0.0255 0.0235 0.0247 0.2911 0.5611 0.3583 0.1742 0.0653 0.0235
0.0785 0.0505 0.1170 0.4301 0.6820 0.5088 0.1436 0.1024 0.0738 0.0708
0.0314 0.0824 0.4643 0.7363 0.3912 0.1009 0.0202 0.0375 0.0337 0.1779
0.0673 0.2850 0.6792 0.5757 0.1730 0.0210 0.0071 0.0649 0.1369 0.3034
0.2978 0.7297 0.6150 0.1822 0.0432 0.0216 0.0130 0.0281 0.2525 0.7671
0.7020 0.7826 0.3114 0.0527 0.0251 0.0349 0.0403 0.0614 0.4673 0.7654
0.8040 0.2560 0.0538 0.0247 0.0151 0.0278 0.1254 0.6236 0.6033 0.1484
0.2894 0.0326 0.0038 0.0007 0.0047 0.1078 0.5664 0.7140 0.2438 0.0175
0.0517 0.0450 0.0095 0.0016 0.0656 0.5482 0.6528 0.3176 0.1350 0.0287
0.0360 0.0270 0.0290 0.0299 0.2894 0.4700 0.2739 0.1872 0.0744 0.0220
0.0755 0.0623 0.2039 0.6045 0.5995 0.3420 0.0882 0.0849 0.0619 0.1108
0.0218 0.0695 0.5990 0.8165 0.3620 0.0324 0.0054 0.0427 0.0360 0.1117
0.0704 0.3282 0.7134 0.5704 0.1646 0.0171 0.0055 0.0585 0.1506 0.3283
0.1267 0.4343 0.6763 0.4619 0.0789 0.0077 0.0014 0.0088 0.0820 0.4831
0.1324 0.4390 0.6718 0.4522 0.0748 0.0074 0.0013 0.0084 0.0815 0.4874
0.5253 0.8198 0.5067 0.0871 0.0207 0.0186 0.0142 0.0200 0.2992 0.8468
0.8714 0.5183 0.0898 0.0243 0.0158 0.0280 0.0904 0.4060 0.6767 0.3509
0.4526 0.0994 0.0258 0.0382 0.1123 0.4973 0.7234 0.5655 0.2917 0.1280
0.1370 0.0931 0.0401 0.0612 0.4019 0.7709 0.6000 0.1376 0.1125 0.1416
0.0947 0.0667 0.0953 0.2897 0.6326 0.5923 0.2213 0.1044 0.0882 0.0925
0.1232 0.0900 0.1711 0.4871 0.6162 0.4222 0.1309 0.1104 0.1056 0.1287
0.2666 0.2068 0.1817 0.2615 0.2963 0.2808 0.1921 0.2082 0.2367 0.2515
0.4965 0.2485 0.1051 0.1179 0.2018 0.2975 0.3572 0.4594 0.4555 0.2263
0.3361 0.1054 0.0547 0.1255 0.2910 0.5217 0.5187 0.3839 0.2391 0.1359
0.1636 0.0723 0.0534 0.1726 0.5222 0.7273 0.4993 0.1633 0.1084 0.1209
0.1067 0.0607 0.0755 0.3064 0.6805 0.7304 0.3443 0.0973 0.0741 0.1073
0.1185 0.0804 0.1243 0.4254 0.6744 0.5992 0.2152 0.0948 0.0890 0.1305
0.1752 0.1544 0.1899 0.3795 0.4840 0.3856 0.1604 0.1223 0.1505 0.2125
0.3742 0.2692 0.1583 0.1845 0.2752 0.3067 0.2492 0.2735 0.3489 0.2774
0.4302 0.1933 0.0942 0.1395 0.2544 0.3600 0.3709 0.4101 0.3721 0.1931
0.2811 0.0900 0.0543 0.1480 0.3562 0.5784 0.5091 0.3192 0.1912 0.1263
0.1488 0.0672 0.0566 0.1999 0.5618 0.7289 0.4654 0.1488 0.0988 0.1141
0.1062 0.0598 0.0786 0.3291 0.6906 0.7244 0.3301 0.0963 0.0731 0.1064
0.1227 0.0848 0.1291 0.4296 0.6667 0.5905 0.2132 0.0950 0.0915 0.1381
0.1932 0.1620 0.1827 0.3547 0.4672 0.3832 0.1710 0.1360 0.1672 0.2144
0.3811 0.2598 0.1476 0.1799 0.2811 0.3264 0.2693 0.2824 0.3484 0.2696
0.4118 0.1755 0.0892 0.1445 0.2679 0.3795 0.3801 0.4023 0.3480 0.1810
0.2624 0.0827 0.0522 0.1503 0.3704 0.5943 0.5113 0.3066 0.1763 0.1190
0.1406 0.0645 0.0570 0.2074 0.5769 0.7326 0.4549 0.1421 0.0939 0.1102
0.1032 0.0582 0.0796 0.3388 0.6972 0.7223 0.3212 0.0947 0.0713 0.1038
0.1225 0.0843 0.1308 0.4366 0.6679 0.5853 0.2089 0.0952 0.0914 0.1371
0.1903 0.1674 0.1896 0.3559 0.4577 0.3751 0.1668 0.1310 0.1651 0.2240
0.3911 0.2720 0.1512 0.1742 0.2701 0.3129 0.2642 0.2890 0.3635 0.2762
0.4199 0.1718 0.0865 0.1389 0.2539 0.3653 0.3828 0.4258 0.3571 0.1740
0.2609 0.0786 0.0492 0.1431 0.3599 0.5971 0.5257 0.3166 0.1737 0.1142
0.1349 0.0625 0.0556 0.2003 0.5760 0.7347 0.4551 0.1402 0.0915 0.1065
0.0981 0.0555 0.0786 0.3411 0.7030 0.7240 0.3164 0.0926 0.0683 0.0993
0.1160 0.0827 0.1358 0.4535 0.6744 0.5792 0.1974 0.0901 0.0868 0.1365
0.1876 0.1730 0.2012 0.3602 0.4438 0.3484 0.1530 0.1298 0.1671 0.2282
0.4052 0.2840 0.1534 0.1660 0.2521 0.2961 0.2628 0.3023 0.3812 0.2829
0.4344 0.1751 0.0850 0.1314 0.2383 0.3533 0.3889 0.4467 0.3718 0.1742
0.2617 0.0774 0.0473 0.1354 0.3488 0.5972 0.5362 0.3243 0.1743 0.1122
0.1317 0.0628 0.0554 0.1972 0.5796 0.7405 0.4568 0.1354 0.0898 0.1074
0.0966 0.0558 0.0807 0.3471 0.7053 0.7194 0.3073 0.0910 0.0679 0.0994
0.1181 0.0841 0.1393 0.4562 0.6687 0.5624 0.1895 0.0929 0.0899 0.1358
0.1901 0.1783 0.2039 0.3543 0.4289 0.3411 0.1538 0.1304 0.1690 0.2362
0.4191 0.2925 0.1520 0.1585 0.2437 0.2927 0.2684 0.3134 0.3962 0.2870
0.4328 0.1698 0.0824 0.1292 0.2355 0.3548 0.3952 0.4530 0.3687 0.1695
0.2562 0.0741 0.0457 0.1323 0.3462 0.5990 0.5403 0.3268 0.1704 0.1079
0.1274 0.0617 0.0551 0.1957 0.5834 0.7431 0.4543 0.1322 0.0876 0.1056
0.0944 0.0549 0.0815 0.3530 0.7092 0.7172 0.3005 0.0896 0.0668 0.0978
0.1143 0.0854 0.1466 0.4676 0.6662 0.5490 0.1786 0.0890 0.0878 0.1392
0.1850 0.1956 0.2280 0.3568 0.4014 0.3041 0.1353 0.1228 0.1708 0.2568
0.4384 0.3208 0.1611 0.1481 0.2190 0.2635 0.2570 0.3265 0.4263 0.3043
0.4568 0.1830 0.0838 0.1204 0.2159 0.3342 0.3954 0.4759 0.3967 0.1766
0.2673 0.0749 0.0442 0.1228 0.3230 0.5857 0.5500 0.3489 0.1792 0.1070
0.1275 0.0619 0.0533 0.1828 0.5707 0.7431 0.4633 0.1349 0.0887 0.1048
0.0922 0.0536 0.0802 0.3494 0.7104 0.7195 0.3010 0.0890 0.0656 0.0955
0.1135 0.0807 0.1405 0.4679 0.6755 0.5577 0.1819 0.0916 0.0870 0.1306
0.1765 0.1828 0.2219 0.3695 0.4182 0.3207 0.1390 0.1182 0.1585 0.2487
0.4322 0.3161 0.1611 0.1515 0.2247 0.2676 0.2558 0.3207 0.4191 0.3018
0.4549 0.1765 0.0821 0.1200 0.2129 0.3289 0.3947 0.4859 0.3951 0.1694
0.2662 0.0711 0.0421 0.1184 0.3125 0.5805 0.5564 0.3625 0.1781 0.1014
0.1235 0.0598 0.0516 0.1744 0.5638 0.7405 0.4631 0.1366 0.0877 0.1002
0.0881 0.0518 0.0794 0.3493 0.7138 0.7231 0.2998 0.0864 0.0629 0.0933
0.1088 0.0811 0.1482 0.4812 0.6768 0.5419 0.1679 0.0878 0.0851 0.1310
0.1732 0.1876 0.2350 0.3735 0.4015 0.2926 0.1261 0.1179 0.1602 0.2515
0.4368 0.3402 0.1720 0.1469 0.2065 0.2496 0.2470 0.3152 0.4283 0.3257
0.4814 0.1955 0.0858 0.1112 0.1929 0.2999 0.3844 0.5098 0.4319 0.1780
0.2771 0.0727 0.0413 0.1117 0.2957 0.5718 0.5657 0.3793 0.1862 0.1024
0.1256 0.0613 0.0510 0.1678 0.5564 0.7423 0.4713 0.1376 0.0892 0.1024
0.0879 0.0519 0.0789 0.3444 0.7114 0.7221 0.3001 0.0869 0.0632 0.0928
0.1065 0.0812 0.1508 0.4856 0.6769 0.5390 0.1644 0.0855 0.0834 0.1321
0.1744 0.1906 0.2389 0.3724 0.3953 0.2827 0.1223 0.1195 0.1635 0.2521
0.4408 0.3425 0.1717 0.1446 0.2021 0.2466 0.2484 0.3198 0.4325 0.3270
0.4857 0.1958 0.0851 0.1094 0.1889 0.2969 0.3869 0.5167 0.4360 0.1776
0.2788 0.0696 0.0393 0.1049 0.2785 0.5581 0.5701 0.4007 0.1890 0.0964
0.1224 0.0590 0.0487 0.1555 0.5415 0.7367 0.4735 0.1426 0.0891 0.0967
0.0840 0.0492 0.0763 0.3397 0.7144 0.7271 0.3020 0.0860 0.0607 0.0884
0.1022 0.0755 0.1458 0.4926 0.6911 0.5510 0.1653 0.0847 0.0796 0.1238
0.1553 0.1823 0.2510 0.4000 0.4067 0.2801 0.1123 0.1055 0.1447 0.2525
0.4315 0.3577 0.1866 0.1480 0.1943 0.2275 0.2274 0.3061 0.4315 0.3415
0.5062 0.2133 0.0893 0.1045 0.1762 0.2752 0.3760 0.5320 0.4652 0.1862
0.2974 0.0710 0.0386 0.0995 0.2559 0.5361 0.5760 0.4326 0.2029 0.0960
0.1256 0.0594 0.0463 0.1389 0.5147 0.7309 0.4876 0.1521 0.0929 0.0955
0.0828 0.0483 0.0736 0.3270 0.7109 0.7314 0.3092 0.0866 0.0602 0.0865
0.0958 0.0728 0.1460 0.4984 0.6983 0.5575 0.1628 0.0798 0.0746 0.1219
0.1423 0.1837 0.2728 0.4216 0.4055 0.2581 0.0967 0.0963 0.1368 0.2559
0.4247 0.3732 0.2022 0.1495 0.1807 0.2038 0.2072 0.2989 0.4336 0.3551
0.5322 0.2360 0.0935 0.0981 0.1617 0.2555 0.3703 0.5492 0.4988 0.1989
0.3166 0.0742 0.0383 0.0934 0.2353 0.5162 0.5815 0.4597 0.2186 0.0976
0.1294 0.0600 0.0442 0.1250 0.4885 0.7244 0.5009 0.1623 0.0969 0.0945
0.0822 0.0482 0.0717 0.3145 0.7057 0.7351 0.3167 0.0869 0.0601 0.0863
0.0946 0.0708 0.1426 0.4943 0.7023 0.5619 0.1638 0.0806 0.0742 0.1175
0.1332 0.1757 0.2765 0.4388 0.4167 0.2593 0.0928 0.0909 0.1274 0.2508
0.3891 0.3942 0.2343 0.1624 0.1744 0.1855 0.1778 0.2541 0.4049 0.3896
0.5581 0.2731 0.1038 0.0929 0.1487 0.2266 0.3452 0.5590 0.5424 0.2180
0.3466 0.0785 0.0386 0.0890 0.2105 0.4807 0.5807 0.5018 0.2436 0.0990
0.1391 0.0612 0.0416 0.1101 0.4504 0.7136 0.5222 0.1813 0.1045 0.0944
0.0825 0.0486 0.0681 0.2892 0.6930 0.7400 0.3321 0.0887 0.0610 0.0863
0.0921 0.0674 0.1359 0.4847 0.7081 0.5740 0.1685 0.0810 0.0727 0.1113
0.1230 0.1619 0.2754 0.4623 0.4405 0.2675 0.0896 0.0858 0.1165 0.2376
0.3519 0.4006 0.2630 0.1790 0.1721 0.1708 0.1533 0.2186 0.3720 0.4100
0.5770 0.3060 0.1124 0.0891 0.1402 0.2105 0.3308 0.5607 0.5725 0.2377
0.3749 0.0836 0.0395 0.0852 0.1892 0.4439 0.5746 0.5398 0.2702 0.1004
0.1492 0.0611 0.0386 0.0952 0.4061 0.6961 0.5416 0.2075 0.1131 0.0915
0.0825 0.0481 0.0635 0.2599 0.6771 0.7437 0.3490 0.0923 0.0621 0.0842
0.0870 0.0614 0.1251 0.4739 0.7191 0.6007 0.1798 0.0797 0.0679 0.1034
0.1118 0.1450 0.2708 0.4917 0.4773 0.2842 0.0872 0.0799 0.1043 0.2200
0.3272 0.3823 0.2710 0.1948 0.1787 0.1660 0.1410 0.2061 0.3477 0.3982
0.5828 0.3252 0.1170 0.0883 0.1395 0.2126 0.3314 0.5480 0.5785 0.2555
0.3959 0.0907 0.0417 0.0843 0.1786 0.4156 0.5604 0.5587 0.2935 0.1043
0.1592 0.0597 0.0361 0.0857 0.3676 0.6738 0.5538 0.2379 0.1213 0.0868
0.0831 0.0479 0.0595 0.2343 0.6603 0.7457 0.3651 0.0966 0.0636 0.0823
0.0829 0.0559 0.1132 0.4578 0.7283 0.6302 0.1958 0.0793 0.0638 0.0958
0.1018 0.1283 0.2610 0.5198 0.5217 0.3131 0.0883 0.0739 0.0922 0.2030
0.2725 0.3751 0.3104 0.2304 0.1864 0.1528 0.1128 0.1626 0.2960 0.4116
0.5982 0.3832 0.1336 0.0847 0.1316 0.2020 0.3167 0.5230 0.6041 0.3028
0.4491 0.1116 0.0478 0.0815 0.1542 0.3489 0.5251 0.6029 0.3565 0.1153
0.1888 0.0604 0.0332 0.0748 0.3078 0.6392 0.5836 0.2981 0.1406 0.0852
0.0872 0.0509 0.0545 0.1905 0.6219 0.7485 0.3984 0.1034 0.0684 0.0851
0.0803 0.0538 0.1059 0.4317 0.7251 0.6426 0.2061 0.0798 0.0626 0.0917
0.0969 0.1166 0.2519 0.5367 0.5541 0.3306 0.0881 0.0727 0.0872 0.1859
0.2305 0.3641 0.3434 0.2636 0.1906 0.1412 0.0936 0.1338 0.2540 0.4194
0.6013 0.4368 0.1532 0.0830 0.1235 0.1904 0.2983 0.4887 0.6157 0.3529
0.5015 0.1420 0.0562 0.0773 0.1335 0.2873 0.4830 0.6366 0.4284 0.1308
0.2233 0.0590 0.0300 0.0649 0.2466 0.5892 0.6076 0.3803 0.1639 0.0796
0.0906 0.0528 0.0481 0.1430 0.5677 0.7451 0.4346 0.1153 0.0745 0.0841
0.0760 0.0494 0.0948 0.4035 0.7268 0.6689 0.2258 0.0796 0.0590 0.0854
0.0913 0.1009 0.2325 0.5546 0.6036 0.3705 0.0928 0.0711 0.0802 0.1637
0.1851 0.3311 0.3699 0.3143 0.2101 0.1365 0.0768 0.1081 0.2055 0.4056
0.5718 0.4822 0.1871 0.0895 0.1174 0.1717 0.2572 0.4231 0.5968 0.4084
0.5603 0.1934 0.0701 0.0732 0.1152 0.2260 0.4268 0.6620 0.5177 0.1567
0.2694 0.0598 0.0285 0.0611 0.2020 0.5403 0.6275 0.4643 0.1921 0.0782
0.0973 0.0556 0.0424 0.1046 0.5033 0.7375 0.4750 0.1327 0.0833 0.0841
0.0732 0.0456 0.0833 0.3690 0.7251 0.6965 0.2527 0.0808 0.0564 0.0797
0.0882 0.0851 0.2012 0.5581 0.6570 0.4361 0.1076 0.0715 0.0743 0.1408
0.1482 0.2761 0.3715 0.3765 0.2565 0.1489 0.0684 0.0903 0.1614 0.3635
0.5119 0.4926 0.2249 0.1063 0.1185 0.1547 0.2098 0.3490 0.5452 0.4401
0.5927 0.2453 0.0852 0.0736 0.1116 0.1986 0.3836 0.6551 0.5725 0.1863
0.3133 0.0611 0.0285 0.0619 0.1742 0.4894 0.6290 0.5346 0.2206 0.0772
0.1072 0.0584 0.0378 0.0796 0.4397 0.7256 0.5133 0.1554 0.0938 0.0845
0.0721 0.0441 0.0753 0.3339 0.7162 0.7149 0.2780 0.0824 0.0556 0.0775
0.0907 0.0728 0.1655 0.5336 0.6923 0.4981 0.1300 0.0794 0.0747 0.1177
0.1204 0.2158 0.3495 0.4387 0.3235 0.1826 0.0691 0.0774 0.1229 0.3142
0.4157 0.5004 0.2872 0.1384 0.1241 0.1376 0.1543 0.2458 0.4565 0.4851
0.6152 0.3067 0.1051 0.0747 0.1105 0.1745 0.3349 0.6369 0.6200 0.2207
0.3643 0.0664 0.0303 0.0650 0.1528 0.4320 0.6169 0.5972 0.2592 0.0795
0.1238 0.0594 0.0332 0.0607 0.3628 0.6976 0.5517 0.1980 0.1092 0.0817
0.0725 0.0438 0.0654 0.2733 0.6881 0.7306 0.3163 0.0874 0.0570 0.0758
0.0835 0.0641 0.1457 0.5109 0.7125 0.5434 0.1443 0.0773 0.0686 0.1048
0.0963 0.1780 0.3542 0.5059 0.3845 0.1938 0.0595 0.0655 0.0979 0.2750
0.3280 0.5043 0.3616 0.1753 0.1187 0.1085 0.1059 0.1775 0.3783 0.5203
0.6497 0.3944 0.1258 0.0690 0.1020 0.1623 0.3181 0.6144 0.6684 0.2834
0.4352 0.0872 0.0361 0.0651 0.1307 0.3609 0.5847 0.6459 0.3304 0.0937
0.1553 0.0590 0.0287 0.0474 0.2746 0.6463 0.5925 0.2782 0.1338 0.0767
0.0758 0.0460 0.0549 0.1937 0.6296 0.7370 0.3677 0.0985 0.0628 0.0756
0.0791 0.0554 0.1196 0.4635 0.7234 0.5963 0.1721 0.0800 0.0647 0.0906
0.0882 0.1315 0.3018 0.5485 0.4858 0.2569 0.0685 0.0657 0.0835 0.2139
0.2466 0.4533 0.3979 0.2315 0.1392 0.1079 0.0834 0.1288 0.2859 0.5074
0.6431 0.4759 0.1549 0.0707 0.1040 0.1676 0.2997 0.5336 0.6681 0.3677
0.5152 0.1290 0.0491 0.0658 0.1101 0.2644 0.5051 0.6886 0.4401 0.1157
0.2137 0.0560 0.0251 0.0426 0.1952 0.5640 0.6274 0.4152 0.1707 0.0696
0.0808 0.0492 0.0433 0.1108 0.5283 0.7310 0.4338 0.1203 0.0737 0.0734
0.0712 0.0475 0.0975 0.4116 0.7276 0.6519 0.2080 0.0783 0.0573 0.0806
0.0839 0.1028 0.2584 0.5765 0.5824 0.3260 0.0776 0.0666 0.0761 0.1688
0.1758 0.3768 0.4240 0.3101 0.1716 0.1078 0.0641 0.0960 0.2040 0.4627
0.5904 0.5382 0.2084 0.0815 0.0984 0.1469 0.2408 0.4230 0.6283 0.4544
0.6008 0.2100 0.0703 0.0625 0.0915 0.1862 0.4175 0.7113 0.5710 0.1572
0.2861 0.0551 0.0237 0.0436 0.1478 0.4869 0.6489 0.5448 0.2117 0.0667
0.0892 0.0538 0.0342 0.0599 0.4116 0.7162 0.5029 0.1516 0.0891 0.0726
0.0677 0.0427 0.0810 0.3586 0.7230 0.6925 0.2467 0.0800 0.0540 0.0739
0.0840 0.0807 0.2044 0.5728 0.6632 0.4233 0.0998 0.0711 0.0719 0.1328
0.1229 0.2859 0.4260 0.4082 0.2346 0.1236 0.0536 0.0723 0.1379 0.3955
0.4638 0.5719 0.3073 0.1140 0.0946 0.1125 0.1516 0.2712 0.5218 0.5366
0.6531 0.3169 0.0997 0.0626 0.0874 0.1491 0.3431 0.6912 0.6604 0.2166
0.3632 0.0598 0.0256 0.0506 0.1256 0.4141 0.6401 0.6345 0.2601 0.0697
0.1072 0.0572 0.0274 0.0350 0.2957 0.6817 0.5684 0.2088 0.1116 0.0703
0.0667 0.0409 0.0654 0.2752 0.6900 0.7202 0.2987 0.0862 0.0544 0.0697
0.0819 0.0638 0.1530 0.5277 0.7116 0.5206 0.1321 0.0773 0.0685 0.1031
0.0905 0.1867 0.3825 0.5104 0.3481 0.1672 0.0527 0.0617 0.0939 0.2938
0.3279 0.5534 0.3989 0.1675 0.1009 0.0935 0.0964 0.1649 0.3876 0.5721
0.6704 0.4273 0.1312 0.0637 0.0927 0.1498 0.3117 0.6241 0.6949 0.3019
0.4519 0.0835 0.0339 0.0575 0.1095 0.3209 0.5822 0.6912 0.3506 0.0850
0.1533 0.0566 0.0234 0.0287 0.2047 0.6100 0.6181 0.3261 0.1463 0.0664
0.0706 0.0438 0.0494 0.1538 0.5907 0.7254 0.3752 0.1050 0.0635 0.0679
0.0741 0.0525 0.1177 0.4584 0.7232 0.5921 0.1672 0.0789 0.0621 0.0853
0.0753 0.1311 0.3374 0.5812 0.4741 0.2254 0.0553 0.0565 0.0736 0.2211
0.2317 0.4886 0.4485 0.2351 0.1182 0.0853 0.0679 0.1164 0.2818 0.5464
0.6528 0.5431 0.1795 0.0659 0.0889 0.1487 0.2814 0.5065 0.6862 0.4330
0.5780 0.1615 0.0551 0.0565 0.0842 0.1982 0.4647 0.7374 0.5273 0.1263
0.2436 0.0529 0.0205 0.0286 0.1306 0.4953 0.6573 0.5218 0.2004 0.0599
0.0774 0.0491 0.0343 0.0607 0.4245 0.7100 0.4741 0.1426 0.0819 0.0650
0.0671 0.0434 0.0886 0.3835 0.7250 0.6632 0.2180 0.0801 0.0552 0.0729
0.0766 0.0903 0.2483 0.5997 0.6177 0.3514 0.0785 0.0628 0.0677 0.1541
0.1456 0.3587 0.4573 0.3512 0.1765 0.0983 0.0523 0.0800 0.1723 0.4605
0.5164 0.5995 0.2906 0.0959 0.0851 0.1124 0.1714 0.3117 0.5752 0.5469
0.6629 0.2921 0.0892 0.0566 0.0756 0.1378 0.3559 0.7275 0.6638 0.1951
0.3413 0.0532 0.0218 0.0393 0.1094 0.4098 0.6551 0.6452 0.2486 0.0606
0.0921 0.0551 0.0249 0.0258 0.2725 0.6781 0.5671 0.2025 0.1081 0.0634
0.0633 0.0392 0.0688 0.2975 0.7013 0.7071 0.2740 0.0841 0.0525 0.0663
0.0808 0.0669 0.1706 0.5559 0.7026 0.4846 0.1164 0.0747 0.0682 0.1092
0.0891 0.2220 0.4319 0.4956 0.2890 0.1330 0.0452 0.0570 0.0971 0.3445
0.3585 0.6017 0.4136 0.1477 0.0852 0.0827 0.0959 0.1768 0.4312 0.6060
0.6886 0.4305 0.1272 0.0587 0.0830 0.1377 0.3119 0.6496 0.7115 0.2968
0.4468 0.0756 0.0303 0.0515 0.0996 0.3152 0.5959 0.7078 0.3425 0.0770
0.1377 0.0545 0.0197 0.0176 0.1628 0.5897 0.6312 0.3439 0.1500 0.0577
0.0657 0.0413 0.0476 0.1425 0.5780 0.7151 0.3666 0.1066 0.0621 0.0623
0.0728 0.0523 0.1208 0.4637 0.7213 0.5775 0.1583 0.0792 0.0623 0.0838
0.0706 0.1338 0.3591 0.5904 0.4499 0.2018 0.0494 0.0537 0.0703 0.2292
0.2300 0.5244 0.4795 0.2289 0.1040 0.0752 0.0624 0.1094 0.2862 0.5844
0.6588 0.5763 0.1931 0.0634 0.0814 0.1373 0.2688 0.4952 0.6972 0.4640
0.6053 0.1768 0.0571 0.0522 0.0739 0.1737 0.4474 0.7543 0.5618 0.1313
0.2571 0.0504 0.0181 0.0225 0.1025 0.4532 0.6685 0.5783 0.2159 0.0538
0.0738 0.0484 0.0290 0.0385 0.3520 0.6909 0.4991 0.1610 0.0877 0.0583
0.0640 0.0420 0.0862 0.3705 0.7201 0.6632 0.2186 0.0795 0.0536 0.0703
0.0765 0.0881 0.2469 0.6019 0.6219 0.3462 0.0763 0.0647 0.0687 0.1474
0.1320 0.3517 0.4765 0.3700 0.1726 0.0912 0.0470 0.0733 0.1576 0.4633
0.4538 0.6479 0.3710 0.1087 0.0740 0.0888 0.1273 0.2335 0.5285 0.6224
0.6983 0.3572 0.1033 0.0526 0.0673 0.1151 0.3137 0.7177 0.7080 0.2290
0.3774 0.0547 0.0220 0.0396 0.0966 0.3697 0.6487 0.6852 0.2726 0.0604
0.0977 0.0560 0.0205 0.0155 0.1997 0.6479 0.6073 0.2470 0.1239 0.0587
0.0612 0.0385 0.0611 0.2397 0.6652 0.7072 0.2959 0.0892 0.0535 0.0628
0.0798 0.0633 0.1578 0.5309 0.7068 0.4977 0.1217 0.0781 0.0691 0.0997
0.0756 0.1929 0.4355 0.5404 0.3172 0.1349 0.0407 0.0514 0.0816 0.3163
0.3114 0.6154 0.4695 0.1661 0.0793 0.0696 0.0757 0.1426 0.3888 0.6379
0.7032 0.5276 0.1526 0.0549 0.0777 0.1376 0.3006 0.5855 0.7273 0.3907
0.5303 0.1088 0.0392 0.0496 0.0792 0.2251 0.5261 0.7526 0.4506 0.0928
0.1840 0.0512 0.0161 0.0130 0.1004 0.4981 0.6688 0.4918 0.1902 0.0501
0.0658 0.0432 0.0351 0.0655 0.4425 0.6960 0.4327 0.1345 0.0736 0.0563
0.0679 0.0461 0.1011 0.4098 0.7186 0.6130 0.1824 0.0819 0.0590 0.0734
0.0641 0.1079 0.3273 0.6255 0.5289 0.2481 0.0533 0.0509 0.0607 0.1936
0.1752 0.4725 0.5123 0.2884 0.1191 0.0707 0.0480 0.0858 0.2231 0.5574
0.5432 0.6538 0.3119 0.0844 0.0701 0.0983 0.1666 0.3148 0.6105 0.5955
0.6996 0.3010 0.0846 0.0473 0.0572 0.1093 0.3371 0.7541 0.6904 0.1911
0.3388 0.0493 0.0180 0.0269 0.0823 0.3773 0.6681 0.6772 0.2542 0.0527
0.0812 0.0533 0.0202 0.0139 0.2072 0.6556 0.5890 0.2219 0.1135 0.0541
0.0594 0.0378 0.0691 0.2894 0.6920 0.6901 0.2590 0.0843 0.0516 0.0624
0.0787 0.0712 0.1921 0.5756 0.6853 0.4360 0.0988 0.0724 0.0687 0.1150
0.0855 0.2507 0.4811 0.4903 0.2409 0.1022 0.0370 0.0538 0.0989 0.3816
0.3475 0.6660 0.4795 0.1431 0.0676 0.0645 0.0791 0.1528 0.4362 0.6754
0.7254 0.5123 0.1405 0.0507 0.0689 0.1214 0.2860 0.6063 0.7350 0.3648
0.5004 0.0877 0.0324 0.0456 0.0772 0.2444 0.5580 0.7516 0.4046 0.0792
0.1531 0.0519 0.0145 0.0086 0.0912 0.5124 0.6745 0.4578 0.1822 0.0472
0.0613 0.0405 0.0370 0.0754 0.4663 0.6900 0.4047 0.1277 0.0687 0.0534
0.0702 0.0489 0.1101 0.4260 0.7129 0.5814 0.1647 0.0836 0.0626 0.0754
0.0622 0.1175 0.3571 0.6219 0.4765 0.2089 0.0471 0.0495 0.0606 0.2125
0.1917 0.5259 0.5308 0.2606 0.1017 0.0647 0.0486 0.0874 0.2480 0.6035
0.5675 0.6658 0.3045 0.0783 0.0675 0.0979 0.1727 0.3297 0.6327 0.5993
0.7060 0.2909 0.0799 0.0447 0.0521 0.1027 0.3329 0.7586 0.6864 0.1835
0.3318 0.0468 0.0163 0.0217 0.0703 0.3571 0.6690 0.6903 0.2545 0.0478
0.0756 0.0521 0.0181 0.0103 0.1796 0.6429 0.5979 0.2321 0.1158 0.0495
0.0582 0.0371 0.0691 0.2866 0.6891 0.6811 0.2514 0.0856 0.0518 0.0600
0.0770 0.0705 0.1963 0.5849 0.6822 0.4275 0.0958 0.0713 0.0669 0.1156
0.0827 0.2568 0.4980 0.4940 0.2293 0.0939 0.0342 0.0521 0.0973 0.3910
0.3410 0.6874 0.5048 0.1432 0.0634 0.0596 0.0732 0.1426 0.4355 0.6987
0.7389 0.5464 0.1465 0.0479 0.0631 0.1138 0.2685 0.5728 0.7373 0.3986
0.5262 0.0949 0.0337 0.0433 0.0686 0.2139 0.5341 0.7656 0.4334 0.0810
0.1626 0.0504 0.0125 0.0062 0.0678 0.4708 0.6915 0.5166 0.1993 0.0426
0.0587 0.0400 0.0319 0.0506 0.4000 0.6732 0.4269 0.1423 0.0730 0.0486
0.0684 0.0476 0.1062 0.4080 0.7068 0.5811 0.1667 0.0850 0.0623 0.0723
0.0598 0.1124 0.3571 0.6322 0.4845 0.2086 0.0458 0.0488 0.0582 0.2054
0.1726 0.5086 0.5490 0.2838 0.1040 0.0595 0.0420 0.0810 0.2286 0.5914
0.5148 0.6993 0.3700 0.0877 0.0607 0.0808 0.1346 0.2596 0.5923 0.6564
0.7411 0.3574 0.0913 0.0424 0.0468 0.0864 0.2754 0.7082 0.7064 0.2253
0.3621 0.0461 0.0167 0.0244 0.0662 0.3213 0.6480 0.7118 0.2646 0.0469
0.0787 0.0530 0.0146 0.0058 0.1250 0.6117 0.6381 0.2789 0.1323 0.0453
0.0546 0.0354 0.0597 0.2236 0.6488 0.6821 0.2743 0.0911 0.0518 0.0550
0.0787 0.0659 0.1744 0.5514 0.6922 0.4522 0.1052 0.0780 0.0701 0.1024
0.0664 0.2010 0.4888 0.5574 0.2697 0.0977 0.0303 0.0479 0.0767 0.3304
0.2896 0.6870 0.5550 0.1668 0.0627 0.0519 0.0575 0.1134 0.3848 0.7151
0.7229 0.6452 0.1951 0.0495 0.0559 0.1005 0.2105 0.4198 0.7081 0.5289
0.6449 0.1642 0.0484 0.0393 0.0476 0.1215 0.4045 0.7811 0.5731 0.1132
0.2381 0.0453 0.0104 0.0054 0.0391 0.3514 0.7078 0.6779 0.2497 0.0362
0.0583 0.0427 0.0198 0.0134 0.2177 0.6324 0.5271 0.2023 0.0955 0.0406
0.0608 0.0407 0.0847 0.3347 0.6923 0.6203 0.1985 0.0872 0.0569 0.0618
0.0634 0.0884 0.2902 0.6387 0.5803 0.2841 0.0590 0.0553 0.0579 0.1593
0.0970 0.3309 0.5614 0.4457 0.1629 0.0561 0.0251 0.0620 0.1339 0.4334
0.3930 0.7343 0.5016 0.1180 0.0544 0.0582 0.0816 0.1576 0.4940 0.7321
0.7774 0.5122 0.1229 0.0418 0.0464 0.0794 0.1969 0.5223 0.7089 0.3596
0.4620 0.0624 0.0236 0.0359 0.0643 0.2403 0.5712 0.7512 0.3425 0.0585
0.1141 0.0514 0.0104 0.0029 0.0575 0.4974 0.6989 0.4527 0.1836 0.0381
0.0507 0.0346 0.0341 0.0627 0.4343 0.6556 0.3755 0.1336 0.0647 0.0421
0.0719 0.0508 0.1179 0.4338 0.7011 0.5413 0.1472 0.0880 0.0669 0.0746
0.0497 0.1287 0.4322 0.6478 0.4020 0.1498 0.0336 0.0395 0.0508 0.2488
0.1617 0.5160 0.5967 0.3045 0.0975 0.0418 0.0286 0.0828 0.2404 0.5705
0.5110 0.7381 0.4096 0.0857 0.0492 0.0643 0.1042 0.1998 0.5666 0.7098
0.7894 0.4045 0.0903 0.0358 0.0333 0.0603 0.1925 0.6043 0.6891 0.2615
0.3705 0.0429 0.0146 0.0187 0.0498 0.2709 0.6209 0.7195 0.2622 0.0413
0.0755 0.0533 0.0117 0.0030 0.0854 0.5829 0.6705 0.3170 0.1456 0.0402
0.0498 0.0327 0.0509 0.1613 0.5913 0.6611 0.2840 0.1022 0.0533 0.0465
0.0776 0.0619 0.1642 0.5387 0.6937 0.4615 0.1097 0.0809 0.0694 0.0954
0.0462 0.1446 0.5104 0.6534 0.3145 0.0832 0.0204 0.0422 0.0560 0.2540
0.2198 0.6361 0.6064 0.2254 0.0722 0.0402 0.0356 0.0939 0.3223 0.6678
0.6319 0.7402 0.3225 0.0635 0.0403 0.0588 0.0922 0.1688 0.5729 0.6987
0.7828 0.3168 0.0696 0.0316 0.0267 0.0529 0.2007 0.6570 0.6573 0.1976
0.3215 0.0396 0.0099 0.0070 0.0289 0.2481 0.6512 0.7301 0.2600 0.0325
0.0625 0.0489 0.0120 0.0032 0.0958 0.5886 0.6422 0.2878 0.1309 0.0364
0.0499 0.0332 0.0577 0.1912 0.6098 0.6340 0.2476 0.1003 0.0539 0.0464
0.0769 0.0685 0.2007 0.5940 0.6663 0.3981 0.0901 0.0754 0.0671 0.1120
0.0360 0.1204 0.5616 0.7171 0.3203 0.0535 0.0114 0.0426 0.0511 0.1980
0.2642 0.6990 0.6033 0.1837 0.0615 0.0418 0.0429 0.1013 0.3763 0.7203
0.6753 0.7480 0.2975 0.0568 0.0344 0.0510 0.0728 0.1250 0.5422 0.7113
0.7750 0.2804 0.0633 0.0304 0.0247 0.0495 0.2030 0.6877 0.6478 0.1700
0.2984 0.0368 0.0074 0.0033 0.0172 0.2051 0.6476 0.7435 0.2621 0.0260
0.0572 0.0463 0.0113 0.0027 0.0891 0.5759 0.6363 0.2922 0.1288 0.0329
0.0475 0.0321 0.0530 0.1529 0.5650 0.6048 0.2447 0.1109 0.0569 0.0411
0.0734 0.0680 0.2119 0.6114 0.6512 0.3769 0.0848 0.0725 0.0629 0.1162
0.0306 0.1011 0.5783 0.7544 0.3332 0.0434 0.0085 0.0436 0.0468 0.1617
0.2122 0.6490 0.6330 0.2350 0.0727 0.0356 0.0298 0.0888 0.3263 0.6709
0.6051 0.7893 0.3936 0.0689 0.0282 0.0349 0.0385 0.0580 0.4353 0.7887
0.8254 0.3732 0.0745 0.0278 0.0194 0.0347 0.1344 0.5812 0.6667 0.2291
0.3402 0.0346 0.0078 0.0047 0.0171 0.1657 0.5543 0.6959 0.2332 0.0265
0.0639 0.0525 0.0094 0.0015 0.0620 0.5659 0.6897 0.3293 0.1501 0.0348
0.0382 0.0275 0.0348 0.0586 0.4049 0.5629 0.2864 0.1423 0.0603 0.0288
0.0842 0.0625 0.1714 0.5549 0.6657 0.4177 0.1043 0.0917 0.0738 0.0962
0.0252 0.0774 0.5533 0.7860 0.3702 0.0510 0.0090 0.0393 0.0352 0.1406
0.0918 0.3859 0.6862 0.4849 0.1377 0.0213 0.0090 0.0704 0.1836 0.3937
0.4412 0.8043 0.5542 0.1115 0.0262 0.0202 0.0141 0.0205 0.2777 0.8385
0.8467 0.6504 0.1316 0.0307 0.0259 0.0468 0.0925 0.2346 0.6457 0.5252
0.5848 0.0664 0.0195 0.0217 0.0226 0.0771 0.2580 0.5846 0.2894 0.0549
0.1482 0.0502 0.0050 0.0005 0.0124 0.3109 0.7286 0.5936 0.2375 0.0273
0.0331 0.0268 0.0141 0.0059 0.1394 0.5134 0.4577 0.2429 0.0840 0.0191
0.0671 0.0441 0.0827 0.2505 0.5992 0.5050 0.1698 0.1225 0.0782 0.0519
0.0340 0.0744 0.4040 0.7238 0.4312 0.1440 0.0295 0.0386 0.0320 0.1731
0.0244 0.0997 0.7054 0.8170 0.3167 0.0140 0.0023 0.0514 0.0597 0.1082
0.1147 0.4331 0.6848 0.4603 0.0981 0.0120 0.0032 0.0216 0.1221 0.4628
0.1641 0.5094 0.6578 0.3806 0.0635 0.0087 0.0019 0.0093 0.0995 0.5619
0.6046 0.8218 0.4383 0.0682 0.0202 0.0228 0.0210 0.0287 0.3608 0.8370
0.8593 0.3528 0.0635 0.0213 0.0107 0.0178 0.0826 0.5513 0.6503 0.2009
0.3219 0.0326 0.0038 0.0008 0.0044 0.0917 0.5042 0.6694 0.2247 0.0184
0.0599 0.0533 0.0087 0.0012 0.0538 0.5602 0.6995 0.3327 0.1525 0.0336
0.0304 0.0237 0.0201 0.0124 0.1918 0.4329 0.3111 0.2303 0.0796 0.0161
0.0859 0.0563 0.1665 0.5701 0.6272 0.3955 0.1113 0.1019 0.0686 0.0949
0.0232 0.0670 0.5567 0.7996 0.3574 0.0421 0.0076 0.0432 0.0337 0.1195
0.1248 0.4885 0.6760 0.3888 0.1090 0.0244 0.0129 0.0732 0.2280 0.5002
0.5086 0.8221 0.5145 0.0899 0.0232 0.0220 0.0171 0.0222 0.3095 0.8503
0.8472 0.5742 0.1116 0.0305 0.0246 0.0416 0.0944 0.3068 0.6515 0.4270
0.4866 0.0617 0.0207 0.0289 0.0493 0.2061 0.5253 0.7069 0.3158 0.0586
0.1079 0.0562 0.0091 0.0018 0.0458 0.5036 0.7244 0.4453 0.1909 0.0390
0.0461 0.0322 0.0306 0.0472 0.3868 0.6293 0.3733 0.1448 0.0656 0.0362
0.0743 0.0517 0.1194 0.4316 0.6934 0.5251 0.1431 0.0925 0.0702 0.0739
0.0488 0.1250 0.4328 0.6463 0.3796 0.1399 0.0331 0.0410 0.0496 0.2460
0.2084 0.5902 0.5760 0.2369 0.0790 0.0467 0.0402 0.0938 0.2911 0.6407
0.6107 0.7059 0.3068 0.0672 0.0528 0.0808 0.1473 0.2841 0.6355 0.6427
0.7488 0.3007 0.0725 0.0364 0.0360 0.0735 0.2639 0.7108 0.6696 0.1892
0.3246 0.0475 0.0140 0.0143 0.0551 0.3462 0.6867 0.6971 0.2605 0.0457
0.0718 0.0521 0.0174 0.0089 0.1702 0.6413 0.6009 0.2303 0.1156 0.0483
0.0579 0.0385 0.0729 0.2854 0.6769 0.6553 0.2333 0.0868 0.0537 0.0601
0.0738 0.0798 0.2337 0.6052 0.6452 0.3601 0.0767 0.0663 0.0670 0.1311
0.0806 0.2651 0.5330 0.5005 0.2054 0.0699 0.0263 0.0552 0.1040 0.3819
0.3708 0.7106 0.5008 0.1279 0.0569 0.0575 0.0780 0.1558 0.4701 0.7132
0.7652 0.5161 0.1282 0.0436 0.0517 0.0909 0.2277 0.5603 0.7242 0.3629
0.4835 0.0761 0.0275 0.0402 0.0721 0.2566 0.5802 0.7446 0.3706 0.0717
0.1301 0.0545 0.0134 0.0060 0.0865 0.5368 0.6830 0.4166 0.1750 0.0471
0.0583 0.0390 0.0402 0.0910 0.4963 0.6862 0.3768 0.1193 0.0642 0.0528
0.0730 0.0543 0.1257 0.4472 0.7006 0.5350 0.1424 0.0841 0.0673 0.0810
0.0588 0.1402 0.4169 0.6173 0.4018 0.1552 0.0368 0.0454 0.0615 0.2502
0.2015 0.5735 0.5649 0.2453 0.0862 0.0524 0.0426 0.0894 0.2748 0.6344
0.5786 0.6951 0.3208 0.0738 0.0585 0.0861 0.1568 0.3056 0.6354 0.6325
0.7399 0.3091 0.0773 0.0390 0.0407 0.0813 0.2841 0.7290 0.6851 0.1936
0.3346 0.0471 0.0149 0.0174 0.0601 0.3444 0.6768 0.6984 0.2597 0.0466
0.0739 0.0528 0.0170 0.0083 0.1623 0.6384 0.6097 0.2381 0.1189 0.0484
0.0572 0.0377 0.0703 0.2775 0.6762 0.6654 0.2425 0.0864 0.0526 0.0596
0.0753 0.0769 0.2202 0.5952 0.6584 0.3809 0.0821 0.0686 0.0680 0.1246
0.0774 0.2511 0.5247 0.5128 0.2178 0.0746 0.0269 0.0535 0.0978 0.3709
0.3379 0.7116 0.5306 0.1406 0.0575 0.0541 0.0683 0.1344 0.4381 0.7248
0.7645 0.5789 0.1470 0.0435 0.0526 0.0959 0.2223 0.4975 0.7244 0.4343
0.5464 0.1005 0.0340 0.0406 0.0618 0.1950 0.5156 0.7657 0.4468 0.0836
0.1668 0.0505 0.0115 0.0051 0.0580 0.4543 0.7022 0.5401 0.2082 0.0412
0.0573 0.0398 0.0296 0.0410 0.3662 0.6634 0.4375 0.1500 0.0753 0.0463
0.0663 0.0487 0.1098 0.4033 0.6964 0.5651 0.1589 0.0831 0.0620 0.0734
0.0554 0.1238 0.4015 0.6429 0.4545 0.1726 0.0366 0.0443 0.0575 0.2225
0.1248 0.4138 0.5896 0.3794 0.1229 0.0413 0.0232 0.0771 0.1889 0.4780
0.4692 0.7373 0.4415 0.0948 0.0506 0.0632 0.1017 0.1970 0.5515 0.7172
0.7929 0.4332 0.0967 0.0365 0.0344 0.0604 0.1791 0.5649 0.6885 0.2857
0.3901 0.0483 0.0172 0.0252 0.0617 0.2976 0.6336 0.7190 0.2764 0.0489
0.0837 0.0546 0.0129 0.0041 0.0974 0.5910 0.6660 0.3143 0.1458 0.0440
0.0526 0.0344 0.0518 0.1682 0.6002 0.6754 0.2953 0.0998 0.0538 0.0504
0.0770 0.0624 0.1617 0.5286 0.6961 0.4698 0.1118 0.0798 0.0696 0.0955
0.0577 0.1736 0.4880 0.5978 0.2988 0.0991 0.0274 0.0449 0.0665 0.2971
0.2478 0.6585 0.5818 0.1972 0.0674 0.0462 0.0455 0.1004 0.3437 0.6938
0.6608 0.7037 0.2710 0.0589 0.0491 0.0788 0.1437 0.2765 0.6431 0.6314
0.7361 0.2575 0.0633 0.0349 0.0341 0.0732 0.2765 0.7310 0.6468 0.1616
0.2974 0.0423 0.0104 0.0070 0.0342 0.2924 0.6854 0.7247 0.2637 0.0350
0.0622 0.0476 0.0148 0.0057 0.1364 0.6120 0.6025 0.2494 0.1166 0.0395
0.0550 0.0371 0.0705 0.2589 0.6543 0.6311 0.2234 0.0917 0.0548 0.0547
0.0718 0.0789 0.2428 0.6161 0.6288 0.3371 0.0721 0.0663 0.0650 0.1323
0.0547 0.1857 0.5632 0.6140 0.2438 0.0514 0.0151 0.0520 0.0786 0.2728
0.3208 0.7384 0.5721 0.1452 0.0542 0.0486 0.0590 0.1158 0.4285 0.7554
0.7849 0.6543 0.1656 0.0403 0.0409 0.0740 0.1456 0.3108 0.6749 0.5383
0.6169 0.1257 0.0384 0.0359 0.0438 0.1236 0.4110 0.7702 0.5079 0.0912
0.2004 0.0454 0.0080 0.0024 0.0264 0.3376 0.7260 0.6760 0.2528 0.0312
0.0510 0.0383 0.0190 0.0124 0.2092 0.6103 0.5026 0.2041 0.0904 0.0348
0.0624 0.0426 0.0895 0.3317 0.6771 0.5835 0.1805 0.0922 0.0615 0.0610
0.0515 0.0976 0.3568 0.6664 0.5159 0.2167 0.0430 0.0440 0.0491 0.1892
0.0519 0.1969 0.6309 0.6407 0.2249 0.0293 0.0083 0.0576 0.0934 0.2428
0.3649 0.7610 0.5553 0.1248 0.0484 0.0479 0.0636 0.1240 0.4657 0.7684
0.8188 0.6105 0.1329 0.0353 0.0339 0.0605 0.1263 0.3185 0.6677 0.4771
0.5376 0.0792 0.0267 0.0327 0.0466 0.1593 0.4666 0.7465 0.3926 0.0658
0.1414 0.0493 0.0077 0.0016 0.0294 0.4023 0.7304 0.5783 0.2242 0.0320
0.0457 0.0337 0.0231 0.0215 0.2736 0.6086 0.4344 0.1764 0.0763 0.0330
0.0683 0.0481 0.1050 0.3692 0.6742 0.5365 0.1545 0.0947 0.0684 0.0665
0.0469 0.1108 0.4145 0.6666 0.4270 0.1557 0.0335 0.0409 0.0472 0.2191
0.0427 0.1748 0.6715 0.6968 0.2405 0.0208 0.0051 0.0566 0.0887 0.1989
0.3787 0.7759 0.5626 0.1218 0.0428 0.0402 0.0478 0.0904 0.4339 0.7876
0.8345 0.6306 0.1312 0.0327 0.0291 0.0525 0.1057 0.2659 0.6511 0.5034
0.5541 0.0773 0.0252 0.0298 0.0389 0.1321 0.4116 0.7191 0.3750 0.0634
0.1410 0.0496 0.0066 0.0010 0.0220 0.3763 0.7396 0.5956 0.2332 0.0300
0.0419 0.0318 0.0202 0.0150 0.2293 0.5831 0.4415 0.1929 0.0785 0.0286
0.0683 0.0475 0.1003 0.3406 0.6570 0.5254 0.1560 0.1010 0.0713 0.0629
