0.00000000
0.00000000
0.00000000
0.08856391
0.08856391
0.08916127
0.08284184
0.08218669
0.09591765
0.08437494
0.08437494
0.08180049
0.09246916
0.09574983
0.07879389
0.07879389
0.07879389
0.07879389
0.07879389
0.07879389
0.07879389
0.07879389
0.07745310
0.07745310
0.07819362
0.07989341
0.08415459
0.08415459
0.08415459
0.08415459
0.08415459
0.08886185
0.08886185
0.08886185
0.08886185
0.08812116
0.08812116
0.08936107
0.08936107
0.08936107
0.08936107
0.08711292
0.08557428
0.08557428
0.08557428
0.08839576
0.08839576
0.08839576
0.08642713
0.08642713
0.09014076
0.09014076
0.09082970
0.08380967
0.08380967
0.07934413
0.07938035
0.08073779
0.07536394
0.07269284
0.06909010
0.06989239
0.07501045
0.08770219
0.06869170
0.06893136
0.06446892
0.07009835
0.07304414
0.07304414
0.07324527
0.07939679
0.08215788
0.08215788
0.08215788
0.08215788
0.08215788
0.08215788
0.08215788
0.07886264
0.06513692
0.06513692
0.06513692
0.06574642
0.06574642
0.06574642
0.06574642
0.06574642
0.06574642
0.06574642
0.06574642
0.06574642
0.06574642
0.06574642
0.06630622
0.06779745
0.06739687
0.06739687
0.07454166
0.07454166
0.07442135
0.06492158
0.06492158
0.06393832
0.06393832
0.06393832
0.06393832
0.06393832
0.06772608
0.06772608
0.06772608
0.06824017
0.06824017
0.07252745
0.07252745
0.07252745
0.07252745
0.07252745
0.07252745
0.07252745
0.07252745
0.07252745
0.06869343
0.06869343
0.06869343
0.06865292
0.07519242
0.06926062
0.06926062
0.06926062
0.06926062
0.06926062
0.06496576
0.06496576
0.06496576
0.08133893
0.07197906
0.07738911
0.07738911
0.07738911
0.07738911
0.07738911
0.07738911
0.08047719
0.08097380
0.07188840
0.07693992
0.06560510
0.06560510
0.06560510
0.06560510
0.06560510
0.06560510
0.06791109
0.06952519
0.06952519
0.06952519
0.06632995
0.06632995
0.07478346
0.07447604
0.07447604
0.07400199
0.08702417
0.08702417
0.09959769
0.09959769
0.09959769
0.12031913
0.12954990
0.10995229
0.10995229
0.10995229
0.10972222
0.11197754
0.11197754
0.11626741
0.11626741
0.12037212
0.12037212
0.11714730
0.09736411
0.09192447
0.09192447
0.09192447
0.09192447
0.09633408
0.09745234
0.09745234
0.08341048
0.08607765
0.08607765
0.08854962
0.09620193
0.09620193
0.09620193
0.07935852
0.07935852
0.07855750
0.07855750
0.07855750
0.06687232
0.07334653
0.07334653
0.07334653
0.07443563
0.07336296
0.06457218
0.06005840
0.06068041
0.07453088
0.07453088
0.07453088
0.07682956
0.07008337
0.06433334
0.06433334
0.06433334
0.06433334
0.06433334
0.06797788
0.06893449
0.06893449
0.07141086
0.07141086
0.07141086
0.06865124
0.06865124
0.06367163
0.06639548
0.06639548
0.06656142
0.06595154
0.06595154
0.06883271
0.06883271
0.07562144
0.06414769
0.06276790
0.06276790
0.06377613
0.05983178
0.05842502
0.05870358
0.06077576
0.06077576
0.05795043
0.05663956
0.06204310
0.06204310
0.06758381
0.06925125
0.06602723
0.06508005
0.06594228
0.06562851
0.06562851
0.06099198
0.06195870
0.06195870
0.06936334
0.06936334
0.06936334
0.07189140
0.07189140
0.06102875
0.06662300
0.06183681
0.06252788
0.06252788
0.06261046
0.06261046
0.06261046
0.06261046
0.06706556
0.07587052
0.07554962
0.07056823
0.07053456
0.06557865
0.06492243
0.06613858
0.06613858
0.06665313
0.06555356
0.06906279
0.06396114
0.06396114
0.06524270
0.06785764
0.07082965
0.07082965
0.07247214
0.06521844
0.06521844
0.06521844
0.06521844
0.06802720
0.06817414
0.06817414
0.06661666
0.06394503
0.06394503
0.06688794
0.06688794
0.06688794
0.06723191
0.06723191
0.06723191
0.06723191
0.06782151
0.06782151
0.06723087
0.06723087
0.06645792
0.06645792
0.06645792
0.06645792
0.06645792
0.06300249
0.06300249
0.06224741
0.06516857
0.06516857
0.06722803
0.06822529
0.06822529
0.06853173
0.06853173
0.06596616
0.06515298
0.06515298
0.06918099
0.07031965
0.07031965
0.06915583
0.06615347
0.06446693
0.06918514
0.06918514
0.06745084
0.06745084
0.06745084
0.07900784
0.07378441
0.07378441
0.07378441
0.07760549
0.07760549
0.07760549
0.07760549
0.08799417
0.08799417
0.09373987
0.09373987
0.07116397
0.07116397
0.07116397
0.07116397
0.07116397
0.07116397
0.07116397
0.07116397
0.06884783
0.06884783
0.06884783
0.07415087
0.07794842
0.07542586
0.07257780
0.07257780
0.07257780
0.07257780
0.07328509
0.07624953
0.07624953
0.07624953
0.07624953
0.07335680
0.07335680
0.07335680
0.07104290
0.06834498
0.06834498
0.06944366
0.06588106
0.06588106
0.06588106
0.06588106
0.06495004
0.06495004
0.06495004
0.06495004
0.06495004
0.06495004
0.06495004
0.07375595
0.07375595
0.07375595
0.06836737
0.06765995
0.06765995
0.06765995
0.06924352
0.06924352
0.07189978
0.07577474
0.07405242
0.07689829
0.07689829
0.07689829
0.07689829
0.07689829
0.07689829
0.07689829
0.07688608
0.07306197
0.07306197
0.07306197
0.07306197
0.07563587
0.07525242
0.07525242
0.07525242
0.07525242
0.07525242
0.07525242
0.07525242
0.07323357
0.06579720
0.06736458
0.06962979
0.06679655
0.06093740
0.06093740
0.06176338
0.06581431
0.06743077
0.06743077
0.06743077
0.06743077
0.06575820
0.06575820
0.06345380
0.06836069
0.06945966
0.06578555
0.06578555
0.06578555
0.06578555
0.06578555
0.06578555
0.06964157
0.06964157
0.06709919
0.06446371
0.06446371
0.06546094
0.06546094
0.06766216
0.07032609
0.06597628
0.06597628
0.06814246
0.06814246
0.06814246
0.06814246
0.06653029
0.06527470
0.06911462
0.06929294
0.06929294
0.07417628
0.07417628
0.07007544
0.07007544
0.07029383
0.07454426
0.07454426
0.07912419
0.08214643
0.06967539
0.07569493
0.07758634
0.07758634
0.07758634
0.08196778
0.07597109
0.07597109
0.07597109
0.07550802
0.08596480
0.08596480
0.08596480
0.08850460
0.09050833
0.09050833
0.08161171
0.09108852
0.09108852
