0.00000000
0.00000000
0.00000000
0.09692197
0.09692197
0.09242052
0.08985508
0.09892223
0.09548598
0.09840659
0.09840659
0.10180010
0.09310457
0.09052770
0.11456512
0.11456512
0.11456512
0.11456512
0.11456512
0.11456512
0.11456512
0.11456512
0.10517288
0.10517288
0.09651585
0.09397970
0.07423665
0.07423665
0.07423665
0.07423665
0.07423665
0.07823740
0.07823740
0.07823740
0.07823740
0.07735274
0.07735274
0.07697521
0.07697521
0.07697521
0.07697521
0.07805867
0.07740679
0.07740679
0.07740679
0.08323023
0.08323023
0.08323023
0.07745387
0.07745387
0.07523788
0.07523788
0.08285381
0.07371776
0.07371776
0.07281132
0.07192182
0.07203543
0.07360406
0.07732641
0.07283572
0.07087120
0.07633216
0.07616063
0.07479949
0.07072878
0.07169168
0.06820614
0.06923724
0.06923724
0.07120181
0.07108425
0.07104383
0.07104383
0.07104383
0.07104383
0.07104383
0.07104383
0.07104383
0.07196199
0.07131546
0.07131546
0.07131546
0.07113317
0.07113317
0.07113317
0.07113317
0.07113317
0.07113317
0.07113317
0.07113317
0.07113317
0.07113317
0.07113317
0.07090819
0.07229754
0.07218723
0.07218723
0.06874686
0.06874686
0.06904174
0.06929064
0.06929064
0.07072607
0.07072607
0.07072607
0.07072607
0.07072607
0.07540584
0.07540584
0.07540584
0.06756811
0.06756811
0.08524435
0.08524435
0.08524435
0.08524435
0.08524435
0.08524435
0.08524435
0.08524435
0.08524435
0.08035088
0.08035088
0.08035088
0.07523626
0.07303745
0.07326933
0.07326933
0.07326933
0.07326933
0.07326933
0.08416727
0.08416727
0.08416727
0.08225542
0.08139570
0.08305429
0.08305429
0.08305429
0.08305429
0.08305429
0.08305429
0.07793774
0.08042430
0.07325028
0.07458796
0.08068552
0.08068552
0.08068552
0.08068552
0.08068552
0.08068552
0.07789334
0.07804755
0.07804755
0.07804755
0.07993962
0.07993962
0.07442910
0.07992887
0.07992887
0.07568037
0.08812488
0.08812488
0.08104067
0.08104067
0.08104067
0.08618263
0.07721140
0.07484329
0.07484329
0.07484329
0.07178149
0.07627820
0.07627820
0.06510040
0.06510040
0.06774265
0.06774265
0.06802910
0.06307653
0.06869367
0.06869367
0.06869367
0.06869367
0.07939612
0.06384994
0.06384994
0.06584652
0.07057204
0.07057204
0.06528450
0.06277199
0.06277199
0.06277199
0.06073444
0.06073444
0.06940393
0.06940393
0.06940393
0.06871773
0.06306586
0.06306586
0.06306586
0.06899537
0.06754367
0.06458976
0.06074276
0.06275567
0.06666293
0.06666293
0.06666293
0.07047740
0.06023099
0.06462697
0.06462697
0.06462697
0.06462697
0.06462697
0.05639249
0.06237353
0.06237353
0.06391043
0.06391043
0.06391043
0.05187602
0.05187602
0.05082862
0.06377309
0.06377309
0.05811886
0.06137375
0.06137375
0.07112404
0.07112404
0.07018612
0.05933702
0.05888277
0.05888277
0.05877115
0.05689365
0.05172100
0.05578256
0.04990129
0.04990129
0.04876245
0.05277555
0.06045783
0.06045783
0.05614737
0.06315801
0.06136290
0.04808855
0.04721092
0.04526719
0.04773527
0.05581116
0.05546142
0.05546142
0.04692967
0.04692967
0.04692967
0.04880024
0.04880024
0.06118344
0.05999280
0.04742363
0.04705483
0.04705483
0.05441466
0.05441466
0.05441466
0.05441466
0.06028311
0.05450921
0.05060832
0.05597758
0.05045764
0.04279693
0.04390253
0.04472208
0.04472208
0.06260490
0.04745951
0.04782980
0.05621996
0.05621996
0.04539678
0.04710464
0.04450294
0.04450294
0.04389517
0.04555364
0.04555364
0.04555364
0.04555364
0.04448347
0.04491580
0.04491580
0.04407964
0.04709412
0.04709412
0.04239688
0.04239688
0.04239688
0.04089228
0.04089228
0.04089228
0.04089228
0.04137750
0.04137750
0.04243715
0.04243715
0.04171431
0.04171431
0.04171431
0.04171431
0.04171431
0.04195907
0.04195907
0.04139658
0.04235076
0.04235076
0.04185447
0.05265929
0.05265929
0.04927429
0.04927429
0.04743438
0.04690783
0.04690783
0.04668744
0.04498125
0.04498125
0.04760429
0.04208415
0.04371159
0.04532887
0.04532887
0.04308523
0.04308523
0.04308523
0.04187046
0.04121169
0.04121169
0.04121169
0.04152510
0.04152510
0.04152510
0.04152510
0.04470822
0.04470822
0.04233326
0.04233326
0.04396826
0.04396826
0.04396826
0.04396826
0.04396826
0.04396826
0.04396826
0.04396826
0.04401112
0.04401112
0.04401112
0.04355792
0.04193197
0.04255666
0.04324965
0.04324965
0.04324965
0.04324965
0.04377143
0.04320256
0.04320256
0.04320256
0.04320256
0.04524524
0.04524524
0.04524524
0.04752187
0.04140785
0.04140785
0.04762623
0.04994870
0.04994870
0.04994870
0.04994870
0.04411986
0.04411986
0.04411986
0.04411986
0.04411986
0.04411986
0.04411986
0.04328458
0.04328458
0.04328458
0.04058814
0.04025543
0.04025543
0.04025543
0.04366321
0.04366321
0.04936425
0.04382909
0.04113611
0.04565962
0.04565962
0.04565962
0.04565962
0.04565962
0.04565962
0.04565962
0.04238358
0.04432430
0.04432430
0.04432430
0.04432430
0.04882757
0.05536236
0.05536236
0.05536236
0.05536236
0.05536236
0.05536236
0.05536236
0.05131741
0.06903731
0.04495503
0.04147750
0.04309396
0.04654641
0.04654641
0.04653256
0.04202307
0.03900898
0.03900898
0.03900898
0.03900898
0.04941138
0.04941138
0.05622232
0.06613200
0.05583607
0.04362601
0.04362601
0.04362601
0.04362601
0.04362601
0.04362601
0.05741190
0.05741190
0.05883997
0.04817065
0.04817065
0.04624018
0.04624018
0.05228878
0.05207499
0.07794496
0.07794496
0.08496570
0.08496570
0.08496570
0.08496570
0.06208636
0.07507511
0.06066969
0.06789610
0.06789610
0.06761429
0.06761429
0.07465065
0.07465065
0.05974510
0.08302868
0.08302868
0.08067000
0.09302046
0.06090190
0.06173559
0.06222640
0.06222640
0.06222640
0.06434226
0.06399439
0.06399439
0.06399439
0.06900208
0.06540581
0.06540581
0.06540581
0.06359890
0.06147677
0.06147677
0.06499383
0.05830605
0.05830605
