0.00000000 0.00000000 0.00000000 0.00000000 0.00000000 0.00000000 0.00000000 0.00000000 0.00000000 0.00000000
0.00000000 0.00000000 0.00000000 0.00000000 0.00000000 0.00000000 0.00000000 0.00000000 0.00000000 0.00000000
0.00000000 0.00000000 0.00000000 0.00000000 0.00000000 0.00000000 0.00000000 0.00000000 0.00000000 0.00000000
0.07961403 0.10854157 0.09761353 0.11777155 0.13319629 0.11152371 0.11892050 0.13206506 0.14508462 0.15281911
0.07961403 0.10854157 0.09761353 0.11777155 0.13319629 0.11152371 0.11892050 0.13206506 0.14508462 0.15281911
0.08007529 0.10789585 0.10416458 0.11563818 0.13532948 0.10969119 0.11869530 0.13338413 0.14347714 0.15415413
0.07977011 0.10688583 0.10045102 0.11362523 0.12761223 0.11060300 0.11745201 0.13166350 0.14406930 0.15287532
0.08107176 0.10937872 0.09956091 0.11317722 0.12958078 0.11390318 0.11612972 0.13070541 0.14475143 0.15354127
0.09260713 0.11239248 0.10369583 0.12608703 0.12452245 0.11226314 0.11619986 0.13449151 0.14658546 0.15194738
0.08948896 0.10651927 0.10943656 0.11972110 0.12286688 0.11958133 0.11717482 0.12807487 0.14893767 0.15042500
0.08948896 0.10651927 0.10943656 0.11972110 0.12286688 0.11958133 0.11717482 0.12807487 0.14893767 0.15042500
0.09697396 0.10887759 0.11536633 0.12636462 0.12818153 0.12074987 0.11597964 0.13154321 0.15080307 0.15694637
0.09710174 0.11847892 0.10278003 0.13282361 0.12823825 0.11603368 0.11651701 0.12936997 0.15581576 0.15664930
0.10637227 0.11920179 0.11242104 0.13793855 0.12882589 0.11651193 0.11323503 0.13259567 0.16045777 0.16131962
0.10658210 0.12473899 0.11673241 0.12662147 0.13632502 0.12440771 0.11160984 0.13766427 0.14999998 0.15416293
0.10658210 0.12473899 0.11673241 0.12662147 0.13632502 0.12440771 0.11160984 0.13766427 0.14999998 0.15416293
0.10658210 0.12473899 0.11673241 0.12662147 0.13632502 0.12440771 0.11160984 0.13766427 0.14999998 0.15416293
0.10658210 0.12473899 0.11673241 0.12662147 0.13632502 0.12440771 0.11160984 0.13766427 0.14999998 0.15416293
0.10658210 0.12473899 0.11673241 0.12662147 0.13632502 0.12440771 0.11160984 0.13766427 0.14999998 0.15416293
0.10658210 0.12473899 0.11673241 0.12662147 0.13632502 0.12440771 0.11160984 0.13766427 0.14999998 0.15416293
0.10658210 0.12473899 0.11673241 0.12662147 0.13632502 0.12440771 0.11160984 0.13766427 0.14999998 0.15416293
0.10658210 0.12473899 0.11673241 0.12662147 0.13632502 0.12440771 0.11160984 0.13766427 0.14999998 0.15416293
0.09946723 0.12021981 0.11472684 0.12651678 0.12961151 0.11811782 0.11246441 0.14064433 0.14813169 0.15214913
0.09946723 0.12021981 0.11472684 0.12651678 0.12961151 0.11811782 0.11246441 0.14064433 0.14813169 0.15214913
0.09209928 0.11810280 0.11238388 0.12704836 0.12890907 0.11968258 0.11665184 0.14494751 0.14837777 0.15248199
0.08800317 0.11439772 0.10567443 0.12635993 0.12355751 0.11238749 0.12169143 0.14414106 0.14892184 0.15175157
0.09547268 0.12603704 0.10778634 0.13424865 0.13920727 0.14013202 0.13527144 0.13799734 0.16081186 0.15987670
0.09547268 0.12603704 0.10778634 0.13424865 0.13920727 0.14013202 0.13527144 0.13799734 0.16081186 0.15987670
0.09547268 0.12603704 0.10778634 0.13424865 0.13920727 0.14013202 0.13527144 0.13799734 0.16081186 0.15987670
0.09547268 0.12603704 0.10778634 0.13424865 0.13920727 0.14013202 0.13527144 0.13799734 0.16081186 0.15987670
0.09547268 0.12603704 0.10778634 0.13424865 0.13920727 0.14013202 0.13527144 0.13799734 0.16081186 0.15987670
0.09152531 0.13185051 0.11091194 0.12843219 0.15347224 0.12392377 0.12559535 0.13663150 0.16423477 0.15667386
0.09152531 0.13185051 0.11091194 0.12843219 0.15347224 0.12392377 0.12559535 0.13663150 0.16423477 0.15667386
0.09152531 0.13185051 0.11091194 0.12843219 0.15347224 0.12392377 0.12559535 0.13663150 0.16423477 0.15667386
0.09152531 0.13185051 0.11091194 0.12843219 0.15347224 0.12392377 0.12559535 0.13663150 0.16423477 0.15667386
0.09118694 0.11490129 0.11053210 0.12382569 0.13869044 0.13166394 0.11259163 0.13604054 0.16486877 0.16117420
0.09118694 0.11490129 0.11053210 0.12382569 0.13869044 0.13166394 0.11259163 0.13604054 0.16486877 0.16117420
0.09085923 0.11360902 0.10792433 0.11983021 0.13498767 0.13658166 0.11416704 0.13542124 0.16227007 0.16151284
0.09085923 0.11360902 0.10792433 0.11983021 0.13498767 0.13658166 0.11416704 0.13542124 0.16227007 0.16151284
0.09085923 0.11360902 0.10792433 0.11983021 0.13498767 0.13658166 0.11416704 0.13542124 0.16227007 0.16151284
0.09085923 0.11360902 0.10792433 0.11983021 0.13498767 0.13658166 0.11416704 0.13542124 0.16227007 0.16151284
0.09450962 0.11331642 0.11120107 0.12017045 0.13481030 0.14152063 0.11998855 0.14146264 0.16167053 0.16201632
0.09250221 0.10947325 0.10396614 0.12374049 0.13471746 0.11490797 0.11149840 0.13767387 0.17417609 0.15376359
0.09250221 0.10947325 0.10396614 0.12374049 0.13471746 0.11490797 0.11149840 0.13767387 0.17417609 0.15376359
0.09250221 0.10947325 0.10396614 0.12374049 0.13471746 0.11490797 0.11149840 0.13767387 0.17417609 0.15376359
0.08475470 0.10826689 0.09998341 0.11616102 0.13172378 0.11352694 0.11999598 0.13955408 0.16496319 0.15160229
0.08475470 0.10826689 0.09998341 0.11616102 0.13172378 0.11352694 0.11999598 0.13955408 0.16496319 0.15160229
0.08475470 0.10826689 0.09998341 0.11616102 0.13172378 0.11352694 0.11999598 0.13955408 0.16496319 0.15160229
0.07993200 0.11046927 0.09404734 0.11315478 0.12587973 0.10950777 0.12529031 0.13481072 0.16077297 0.14573335
0.07993200 0.11046927 0.09404734 0.11315478 0.12587973 0.10950777 0.12529031 0.13481072 0.16077297 0.14573335
0.08311095 0.11127235 0.09668219 0.11100718 0.12180018 0.10776307 0.11752652 0.13360698 0.16391999 0.14637714
0.08311095 0.11127235 0.09668219 0.11100718 0.12180018 0.10776307 0.11752652 0.13360698 0.16391999 0.14637714
0.08105768 0.11493719 0.09746490 0.10988059 0.11922832 0.10751083 0.11539740 0.13278671 0.16291659 0.14677329
0.07774172 0.10868398 0.09878241 0.11926821 0.13196131 0.10925410 0.11930420 0.13355761 0.15126089 0.14555581
0.07774172 0.10868398 0.09878241 0.11926821 0.13196131 0.10925410 0.11930420 0.13355761 0.15126089 0.14555581
0.07611872 0.10769035 0.09757865 0.11453949 0.13518610 0.10789646 0.13977448 0.14133143 0.15047101 0.14549189
0.07703243 0.11246606 0.10276042 0.11759093 0.14539129 0.11091985 0.13314682 0.14202074 0.14947809 0.14669440
0.07780103 0.10982051 0.10190113 0.11836226 0.15245088 0.10515565 0.12997567 0.15249387 0.15024067 0.14587171
0.07874437 0.10620906 0.10169355 0.12000831 0.15643086 0.10475737 0.13311519 0.16353544 0.15256728 0.14710880
0.07608351 0.11407705 0.09581128 0.12275946 0.15186524 0.10662970 0.14164362 0.13503284 0.14912621 0.14490758
0.07524215 0.11458482 0.09817404 0.12154537 0.15016253 0.11202566 0.15260410 0.14528328 0.14386823 0.14903442
0.07378101 0.11680949 0.09260250 0.13177659 0.16004470 0.11018748 0.14914027 0.14378142 0.14456435 0.14424844
0.07071837 0.10776579 0.09017648 0.12825915 0.15630818 0.11398439 0.14975635 0.15459488 0.14544068 0.14504285
0.07172631 0.10488659 0.09268388 0.13065483 0.14812152 0.11213028 0.14945662 0.15644667 0.14492169 0.14566659
0.07269826 0.11264754 0.08703983 0.13632992 0.16995610 0.11210373 0.15379616 0.13960541 0.14146901 0.14343396
0.07442016 0.11677541 0.08906756 0.13871495 0.16684315 0.11161955 0.14316519 0.15041556 0.14495277 0.14593857
0.07840912 0.11427129 0.09190632 0.13314447 0.16561066 0.11658106 0.14689025 0.14694222 0.14365226 0.14364870
0.08397737 0.11131757 0.09567223 0.13238949 0.16580214 0.12404425 0.13417633 0.14362591 0.14622586 0.14232426
0.08071447 0.11231694 0.09233902 0.12636621 0.16370730 0.12197006 0.13377720 0.14166088 0.14276805 0.14339429
0.08071447 0.11231694 0.09233902 0.12636621 0.16370730 0.12197006 0.13377720 0.14166088 0.14276805 0.14339429
0.07978481 0.11125545 0.09131791 0.11650944 0.15153990 0.12266880 0.13051429 0.13957503 0.14242027 0.14508544
0.07451109 0.10947547 0.08953521 0.11005566 0.14303132 0.11625459 0.13076312 0.13877081 0.13903386 0.14238780
0.07570623 0.10826563 0.08939304 0.11022870 0.14506068 0.11380386 0.13809769 0.13345879 0.13819290 0.14517604
0.07570623 0.10826563 0.08939304 0.11022870 0.14506068 0.11380386 0.13809769 0.13345879 0.13819290 0.14517604
0.07570623 0.10826563 0.08939304 0.11022870 0.14506068 0.11380386 0.13809769 0.13345879 0.13819290 0.14517604
0.07570623 0.10826563 0.08939304 0.11022870 0.14506068 0.11380386 0.13809769 0.13345879 0.13819290 0.14517604
0.07570623 0.10826563 0.08939304 0.11022870 0.14506068 0.11380386 0.13809769 0.13345879 0.13819290 0.14517604
0.07570623 0.10826563 0.08939304 0.11022870 0.14506068 0.11380386 0.13809769 0.13345879 0.13819290 0.14517604
0.07570623 0.10826563 0.08939304 0.11022870 0.14506068 0.11380386 0.13809769 0.13345879 0.13819290 0.14517604
0.08037980 0.10743064 0.09111318 0.11140281 0.15088657 0.11524290 0.12973656 0.13506819 0.13856807 0.14520189
0.07419185 0.12322151 0.09053439 0.13163722 0.16875883 0.11932886 0.13657126 0.13611782 0.13930900 0.14637152
0.07419185 0.12322151 0.09053439 0.13163722 0.16875883 0.11932886 0.13657126 0.13611782 0.13930900 0.14637152
0.07419185 0.12322151 0.09053439 0.13163722 0.16875883 0.11932886 0.13657126 0.13611782 0.13930900 0.14637152
0.07168335 0.12267532 0.08915751 0.13277188 0.16862162 0.11770266 0.14029160 0.13568545 0.13753882 0.14578524
0.07168335 0.12267532 0.08915751 0.13277188 0.16862162 0.11770266 0.14029160 0.13568545 0.13753882 0.14578524
0.07168335 0.12267532 0.08915751 0.13277188 0.16862162 0.11770266 0.14029160 0.13568545 0.13753882 0.14578524
0.07168335 0.12267532 0.08915751 0.13277188 0.16862162 0.11770266 0.14029160 0.13568545 0.13753882 0.14578524
0.07168335 0.12267532 0.08915751 0.13277188 0.16862162 0.11770266 0.14029160 0.13568545 0.13753882 0.14578524
0.07168335 0.12267532 0.08915751 0.13277188 0.16862162 0.11770266 0.14029160 0.13568545 0.13753882 0.14578524
0.07168335 0.12267532 0.08915751 0.13277188 0.16862162 0.11770266 0.14029160 0.13568545 0.13753882 0.14578524
0.07168335 0.12267532 0.08915751 0.13277188 0.16862162 0.11770266 0.14029160 0.13568545 0.13753882 0.14578524
0.07168335 0.12267532 0.08915751 0.13277188 0.16862162 0.11770266 0.14029160 0.13568545 0.13753882 0.14578524
0.07168335 0.12267532 0.08915751 0.13277188 0.16862162 0.11770266 0.14029160 0.13568545 0.13753882 0.14578524
0.07168335 0.12267532 0.08915751 0.13277188 0.16862162 0.11770266 0.14029160 0.13568545 0.13753882 0.14578524
0.06740350 0.13427307 0.08985093 0.12808761 0.17570115 0.11807307 0.14213950 0.13288869 0.13767856 0.14656725
0.07652712 0.11339043 0.09106102 0.14109592 0.16639845 0.11130190 0.13936799 0.14447625 0.14440490 0.14253856
0.07683299 0.12059337 0.09024379 0.14414318 0.17532780 0.11020566 0.13749033 0.14409335 0.14706458 0.14230214
0.07683299 0.12059337 0.09024379 0.14414318 0.17532780 0.11020566 0.13749033 0.14409335 0.14706458 0.14230214
0.07170554 0.11586916 0.09156338 0.13858289 0.16004565 0.10892705 0.13479637 0.13908534 0.14170368 0.14539881
0.07170554 0.11586916 0.09156338 0.13858289 0.16004565 0.10892705 0.13479637 0.13908534 0.14170368 0.14539881
0.07356866 0.11557126 0.09136707 0.14992283 0.17078262 0.10768989 0.13561811 0.14096781 0.14355085 0.14712736
0.07325455 0.11966853 0.08934213 0.14118033 0.16294120 0.10615996 0.13080239 0.14351924 0.13907190 0.14486636
0.07325455 0.11966853 0.08934213 0.14118033 0.16294120 0.10615996 0.13080239 0.14351924 0.13907190 0.14486636
0.07974485 0.12402703 0.08988435 0.13822334 0.16936815 0.10961628 0.13757394 0.14142140 0.14039192 0.14308109
0.07974485 0.12402703 0.08988435 0.13822334 0.16936815 0.10961628 0.13757394 0.14142140 0.14039192 0.14308109
0.07974485 0.12402703 0.08988435 0.13822334 0.16936815 0.10961628 0.13757394 0.14142140 0.14039192 0.14308109
0.07974485 0.12402703 0.08988435 0.13822334 0.16936815 0.10961628 0.13757394 0.14142140 0.14039192 0.14308109
0.07974485 0.12402703 0.08988435 0.13822334 0.16936815 0.10961628 0.13757394 0.14142140 0.14039192 0.14308109
0.07651863 0.11930232 0.09159010 0.13341719 0.14292805 0.10451217 0.12762212 0.13723185 0.13654791 0.14467849
0.07651863 0.11930232 0.09159010 0.13341719 0.14292805 0.10451217 0.12762212 0.13723185 0.13654791 0.14467849
0.07651863 0.11930232 0.09159010 0.13341719 0.14292805 0.10451217 0.12762212 0.13723185 0.13654791 0.14467849
0.07024813 0.12169843 0.09403333 0.11895373 0.13335532 0.10239439 0.11089746 0.12763383 0.13543164 0.14363913
0.07024813 0.12169843 0.09403333 0.11895373 0.13335532 0.10239439 0.11089746 0.12763383 0.13543164 0.14363913
0.07491795 0.12133070 0.09022934 0.10983043 0.13113501 0.10377199 0.10190893 0.12348603 0.12957199 0.14607832
0.07491795 0.12133070 0.09022934 0.10983043 0.13113501 0.10377199 0.10190893 0.12348603 0.12957199 0.14607832
0.07491795 0.12133070 0.09022934 0.10983043 0.13113501 0.10377199 0.10190893 0.12348603 0.12957199 0.14607832
0.07491795 0.12133070 0.09022934 0.10983043 0.13113501 0.10377199 0.10190893 0.12348603 0.12957199 0.14607832
0.07491795 0.12133070 0.09022934 0.10983043 0.13113501 0.10377199 0.10190893 0.12348603 0.12957199 0.14607832
0.07491795 0.12133070 0.09022934 0.10983043 0.13113501 0.10377199 0.10190893 0.12348603 0.12957199 0.14607832
0.07491795 0.12133070 0.09022934 0.10983043 0.13113501 0.10377199 0.10190893 0.12348603 0.12957199 0.14607832
0.07491795 0.12133070 0.09022934 0.10983043 0.13113501 0.10377199 0.10190893 0.12348603 0.12957199 0.14607832
0.07491795 0.12133070 0.09022934 0.10983043 0.13113501 0.10377199 0.10190893 0.12348603 0.12957199 0.14607832
0.07061568 0.11692965 0.09230921 0.11006967 0.13344621 0.10450656 0.10617533 0.12788238 0.12972874 0.14729158
0.07061568 0.11692965 0.09230921 0.11006967 0.13344621 0.10450656 0.10617533 0.12788238 0.12972874 0.14729158
0.07061568 0.11692965 0.09230921 0.11006967 0.13344621 0.10450656 0.10617533 0.12788238 0.12972874 0.14729158
0.06201742 0.11332741 0.09141009 0.13170485 0.14296222 0.10530530 0.10402193 0.12925741 0.13423762 0.14447860
0.06189444 0.10839837 0.08545805 0.11489518 0.11693801 0.11010417 0.10303134 0.11968300 0.13157528 0.14660251
0.06037600 0.09730756 0.08889703 0.12047631 0.12149667 0.11044200 0.10954572 0.12412056 0.13175819 0.14530162
0.06037600 0.09730756 0.08889703 0.12047631 0.12149667 0.11044200 0.10954572 0.12412056 0.13175819 0.14530162
0.06037600 0.09730756 0.08889703 0.12047631 0.12149667 0.11044200 0.10954572 0.12412056 0.13175819 0.14530162
0.06037600 0.09730756 0.08889703 0.12047631 0.12149667 0.11044200 0.10954572 0.12412056 0.13175819 0.14530162
0.06037600 0.09730756 0.08889703 0.12047631 0.12149667 0.11044200 0.10954572 0.12412056 0.13175819 0.14530162
0.08185468 0.10640864 0.08683852 0.12571359 0.13044597 0.10623092 0.10070653 0.12631976 0.14000927 0.14240408
0.08185468 0.10640864 0.08683852 0.12571359 0.13044597 0.10623092 0.10070653 0.12631976 0.14000927 0.14240408
0.08185468 0.10640864 0.08683852 0.12571359 0.13044597 0.10623092 0.10070653 0.12631976 0.14000927 0.14240408
0.07058539 0.11112468 0.08397612 0.09542455 0.11846124 0.10196542 0.10339524 0.13022728 0.12728396 0.14741001
0.06289775 0.10472460 0.08591351 0.08967527 0.11159556 0.10034744 0.10219056 0.12241074 0.12508750 0.14363818
0.06560766 0.10785069 0.08909086 0.09166148 0.10905463 0.10299035 0.10275842 0.11628759 0.12361229 0.14505903
0.06560766 0.10785069 0.08909086 0.09166148 0.10905463 0.10299035 0.10275842 0.11628759 0.12361229 0.14505903
0.06560766 0.10785069 0.08909086 0.09166148 0.10905463 0.10299035 0.10275842 0.11628759 0.12361229 0.14505903
0.06560766 0.10785069 0.08909086 0.09166148 0.10905463 0.10299035 0.10275842 0.11628759 0.12361229 0.14505903
0.06560766 0.10785069 0.08909086 0.09166148 0.10905463 0.10299035 0.10275842 0.11628759 0.12361229 0.14505903
0.06560766 0.10785069 0.08909086 0.09166148 0.10905463 0.10299035 0.10275842 0.11628759 0.12361229 0.14505903
0.06604397 0.10418685 0.08667908 0.09053027 0.10620312 0.10201374 0.10294309 0.11518463 0.12398341 0.14440270
0.06773454 0.10425928 0.08951126 0.09710964 0.10804314 0.10050366 0.10280144 0.11361741 0.12275930 0.14322294
0.06988883 0.10560043 0.08949651 0.09304203 0.10533354 0.10051251 0.10121121 0.11409591 0.12262703 0.14239429
0.07805509 0.10581928 0.08767923 0.08991460 0.10381334 0.10128069 0.10392085 0.10975932 0.12295718 0.14394386
0.06848622 0.10229880 0.08828963 0.08983679 0.10722847 0.10472457 0.12279721 0.11378681 0.12639711 0.14642453
0.06848622 0.10229880 0.08828963 0.08983679 0.10722847 0.10472457 0.12279721 0.11378681 0.12639711 0.14642453
0.06848622 0.10229880 0.08828963 0.08983679 0.10722847 0.10472457 0.12279721 0.11378681 0.12639711 0.14642453
0.06848622 0.10229880 0.08828963 0.08983679 0.10722847 0.10472457 0.12279721 0.11378681 0.12639711 0.14642453
0.06848622 0.10229880 0.08828963 0.08983679 0.10722847 0.10472457 0.12279721 0.11378681 0.12639711 0.14642453
0.06848622 0.10229880 0.08828963 0.08983679 0.10722847 0.10472457 0.12279721 0.11378681 0.12639711 0.14642453
0.06917241 0.10360435 0.08856597 0.09689206 0.10484597 0.10399750 0.11880209 0.11819513 0.12839673 0.14810648
0.06929331 0.10353149 0.09149987 0.09391078 0.10872085 0.10491894 0.11668082 0.10945994 0.12211197 0.14405766
0.06929331 0.10353149 0.09149987 0.09391078 0.10872085 0.10491894 0.11668082 0.10945994 0.12211197 0.14405766
0.06929331 0.10353149 0.09149987 0.09391078 0.10872085 0.10491894 0.11668082 0.10945994 0.12211197 0.14405766
0.08051826 0.10167400 0.09303376 0.09174568 0.10670356 0.10342510 0.11840136 0.11054804 0.12216320 0.14465094
0.08051826 0.10167400 0.09303376 0.09174568 0.10670356 0.10342510 0.11840136 0.11054804 0.12216320 0.14465094
0.06978599 0.10032890 0.08779489 0.09217519 0.10101462 0.11304509 0.10136968 0.11903707 0.12283211 0.14588905
0.07733282 0.10191425 0.08849462 0.09800261 0.10242503 0.11368868 0.10303084 0.11166567 0.12104431 0.14805254
0.07733282 0.10191425 0.08849462 0.09800261 0.10242503 0.11368868 0.10303084 0.11166567 0.12104431 0.14805254
0.07861383 0.10204689 0.08715937 0.10017292 0.10337919 0.11452562 0.10353653 0.11242114 0.12237972 0.14580844
0.05945905 0.09636833 0.08956600 0.08726248 0.10400784 0.10817815 0.10325356 0.11340784 0.12325366 0.14412742
0.05945905 0.09636833 0.08956600 0.08726248 0.10400784 0.10817815 0.10325356 0.11340784 0.12325366 0.14412742
0.07153656 0.09235167 0.09025537 0.08955602 0.09815309 0.10386093 0.10190902 0.11852474 0.12276914 0.14023422
0.07153656 0.09235167 0.09025537 0.08955602 0.09815309 0.10386093 0.10190902 0.11852474 0.12276914 0.14023422
0.07153656 0.09235167 0.09025537 0.08955602 0.09815309 0.10386093 0.10190902 0.11852474 0.12276914 0.14023422
0.07106882 0.09626367 0.09389545 0.09028173 0.10427302 0.10885429 0.09775286 0.11551752 0.11877870 0.13979512
0.06913851 0.09178376 0.09193442 0.08961956 0.10593719 0.11016428 0.09892089 0.11021804 0.11782281 0.14051443
0.07462650 0.09237110 0.09235321 0.09257656 0.10099773 0.11152925 0.09793915 0.11380434 0.12098175 0.14070372
0.07462650 0.09237110 0.09235321 0.09257656 0.10099773 0.11152925 0.09793915 0.11380434 0.12098175 0.14070372
0.07462650 0.09237110 0.09235321 0.09257656 0.10099773 0.11152925 0.09793915 0.11380434 0.12098175 0.14070372
0.07043331 0.09386308 0.09465833 0.08993692 0.09810182 0.10932479 0.09823127 0.11066661 0.12045354 0.13855483
0.08171754 0.09364488 0.09495615 0.09401140 0.10574307 0.11295168 0.09963517 0.10952110 0.11666232 0.13816034
0.08171754 0.09364488 0.09495615 0.09401140 0.10574307 0.11295168 0.09963517 0.10952110 0.11666232 0.13816034
0.07669843 0.09711344 0.09717779 0.09175882 0.09616480 0.11013032 0.10048588 0.11101185 0.11327667 0.13432863
0.07669843 0.09711344 0.09717779 0.09175882 0.09616480 0.11013032 0.10048588 0.11101185 0.11327667 0.13432863
0.08271497 0.09997584 0.09346639 0.09102552 0.09364024 0.11291366 0.10382841 0.10744098 0.11256081 0.13384447
0.08271497 0.09997584 0.09346639 0.09102552 0.09364024 0.11291366 0.10382841 0.10744098 0.11256081 0.13384447
0.07948025 0.09663730 0.09547764 0.09307169 0.09640869 0.11785690 0.09964645 0.11286079 0.11163504 0.13332921
0.08511986 0.07867478 0.09181081 0.09126089 0.09736458 0.10596645 0.09712942 0.10904843 0.11586189 0.13548039
0.09015132 0.08096534 0.09322999 0.09089293 0.09797192 0.10450568 0.09180974 0.10961153 0.10936537 0.13328511
0.09015132 0.08096534 0.09322999 0.09089293 0.09797192 0.10450568 0.09180974 0.10961153 0.10936537 0.13328511
0.09015132 0.08096534 0.09322999 0.09089293 0.09797192 0.10450568 0.09180974 0.10961153 0.10936537 0.13328511
0.09015132 0.08096534 0.09322999 0.09089293 0.09797192 0.10450568 0.09180974 0.10961153 0.10936537 0.13328511
0.08256758 0.08738642 0.09930120 0.09084779 0.09962757 0.10661068 0.09194365 0.11248500 0.10957630 0.13191054
0.08116590 0.08035411 0.09290035 0.09280691 0.09794523 0.10216604 0.09431564 0.10602294 0.10930652 0.13040223
0.08116590 0.08035411 0.09290035 0.09280691 0.09794523 0.10216604 0.09431564 0.10602294 0.10930652 0.13040223
0.08498671 0.08698606 0.09953875 0.09094148 0.10324646 0.10057686 0.09245874 0.10280389 0.10821544 0.12686924
0.07772458 0.09120877 0.10461906 0.09407838 0.12955077 0.09786711 0.09072772 0.10984109 0.11076028 0.13390932
0.07772458 0.09120877 0.10461906 0.09407838 0.12955077 0.09786711 0.09072772 0.10984109 0.11076028 0.13390932
0.07751937 0.09264025 0.10260918 0.09340027 0.12987098 0.10082505 0.08853697 0.10768315 0.11304366 0.13042752
0.08318160 0.09380098 0.10398227 0.09524423 0.12467409 0.10689455 0.09166339 0.11108919 0.11856518 0.12829161
0.08318160 0.09380098 0.10398227 0.09524423 0.12467409 0.10689455 0.09166339 0.11108919 0.11856518 0.12829161
0.08318160 0.09380098 0.10398227 0.09524423 0.12467409 0.10689455 0.09166339 0.11108919 0.11856518 0.12829161
0.06603497 0.08724149 0.11142614 0.09229000 0.10355801 0.10032224 0.09796781 0.11051840 0.10812162 0.12549106
0.06603497 0.08724149 0.11142614 0.09229000 0.10355801 0.10032224 0.09796781 0.11051840 0.10812162 0.12549106
0.06468123 0.07372339 0.10279053 0.08668929 0.09963484 0.09543128 0.09556971 0.10733144 0.11022747 0.12571364
0.06468123 0.07372339 0.10279053 0.08668929 0.09963484 0.09543128 0.09556971 0.10733144 0.11022747 0.12571364
0.06468123 0.07372339 0.10279053 0.08668929 0.09963484 0.09543128 0.09556971 0.10733144 0.11022747 0.12571364
0.06105267 0.09169235 0.10566722 0.09679212 0.12313962 0.09996115 0.09445968 0.10969155 0.10919958 0.13053755
0.05894883 0.08313880 0.10086273 0.09281120 0.11887537 0.10026326 0.09547275 0.11184682 0.11037560 0.12595210
0.05894883 0.08313880 0.10086273 0.09281120 0.11887537 0.10026326 0.09547275 0.11184682 0.11037560 0.12595210
0.05894883 0.08313880 0.10086273 0.09281120 0.11887537 0.10026326 0.09547275 0.11184682 0.11037560 0.12595210
0.06237425 0.09224811 0.10876609 0.10662799 0.12223556 0.10065414 0.09673545 0.11248626 0.10994881 0.12654384
0.06090828 0.09285473 0.09602251 0.09242596 0.11660073 0.10141611 0.10153081 0.10925927 0.10959271 0.12879613
0.07190573 0.09730427 0.10600698 0.09854142 0.10903535 0.10574103 0.09765040 0.10716713 0.11353834 0.13567408
0.06423328 0.09008461 0.10622417 0.09776564 0.10839180 0.10449965 0.10000486 0.10851721 0.11376051 0.13508972
0.06465637 0.08795544 0.10781706 0.09596263 0.10827234 0.10657366 0.09626654 0.10741034 0.11445234 0.13501612
0.07186491 0.09768160 0.10585379 0.10137012 0.12207703 0.11253088 0.09417939 0.10524007 0.11357285 0.13390316
0.07186491 0.09768160 0.10585379 0.10137012 0.12207703 0.11253088 0.09417939 0.10524007 0.11357285 0.13390316
0.07186491 0.09768160 0.10585379 0.10137012 0.12207703 0.11253088 0.09417939 0.10524007 0.11357285 0.13390316
0.07048558 0.09735904 0.10120853 0.10466939 0.12506304 0.11367388 0.10088344 0.10536159 0.11399492 0.13579847
0.06439731 0.09882927 0.11054018 0.10046469 0.12475672 0.11294893 0.09616359 0.10719776 0.11558925 0.13832893
0.07512739 0.09459480 0.12156423 0.09844797 0.12053758 0.11025142 0.09987650 0.10796658 0.11535865 0.13983102
0.07512739 0.09459480 0.12156423 0.09844797 0.12053758 0.11025142 0.09987650 0.10796658 0.11535865 0.13983102
0.07512739 0.09459480 0.12156423 0.09844797 0.12053758 0.11025142 0.09987650 0.10796658 0.11535865 0.13983102
0.07512739 0.09459480 0.12156423 0.09844797 0.12053758 0.11025142 0.09987650 0.10796658 0.11535865 0.13983102
0.07512739 0.09459480 0.12156423 0.09844797 0.12053758 0.11025142 0.09987650 0.10796658 0.11535865 0.13983102
0.06361568 0.10222294 0.12307745 0.09732133 0.12486459 0.11251249 0.09706729 0.10935918 0.11541566 0.14239410
0.06067131 0.10858648 0.09884794 0.09469321 0.11591028 0.11331000 0.09479262 0.10475404 0.11360468 0.13451937
0.06067131 0.10858648 0.09884794 0.09469321 0.11591028 0.11331000 0.09479262 0.10475404 0.11360468 0.13451937
0.05823525 0.10425024 0.09721820 0.09497212 0.11428894 0.11428033 0.09776280 0.10412178 0.11369332 0.13388221
0.05823525 0.10425024 0.09721820 0.09497212 0.11428894 0.11428033 0.09776280 0.10412178 0.11369332 0.13388221
0.05823525 0.10425024 0.09721820 0.09497212 0.11428894 0.11428033 0.09776280 0.10412178 0.11369332 0.13388221
0.05656714 0.10803479 0.09516252 0.09129276 0.11225141 0.11402542 0.09827857 0.10781567 0.11277903 0.13531748
0.05656714 0.10803479 0.09516252 0.09129276 0.11225141 0.11402542 0.09827857 0.10781567 0.11277903 0.13531748
0.05791514 0.10169954 0.09538901 0.09868788 0.12108853 0.11694892 0.09762705 0.10540786 0.11072668 0.13892348
0.05896802 0.09193749 0.10181887 0.09612264 0.12429048 0.11877728 0.09922963 0.10786914 0.11283424 0.13457173
0.05896802 0.09193749 0.10181887 0.09612264 0.12429048 0.11877728 0.09922963 0.10786914 0.11283424 0.13457173
0.05084419 0.09508329 0.10994954 0.09518669 0.13289563 0.12432788 0.10073049 0.10362140 0.11400555 0.13470376
0.05023172 0.09301777 0.11824821 0.09557709 0.13965516 0.12193272 0.09961011 0.10441291 0.11327441 0.13764122
0.05023172 0.09301777 0.11824821 0.09557709 0.13965516 0.12193272 0.09961011 0.10441291 0.11327441 0.13764122
0.05366053 0.08929229 0.11307286 0.09308203 0.15151218 0.11767113 0.09913980 0.11223840 0.11551683 0.13960015
0.05366053 0.08929229 0.11307286 0.09308203 0.15151218 0.11767113 0.09913980 0.11223840 0.11551683 0.13960015
0.05096264 0.09421114 0.11112608 0.09237707 0.14672879 0.12157261 0.09899259 0.10873324 0.11687898 0.14328004
0.05204327 0.09355611 0.10500990 0.09309270 0.12532120 0.11473857 0.09657280 0.10039946 0.11490142 0.13349167
0.05404505 0.10130185 0.11245365 0.09492459 0.12800786 0.11733175 0.09589802 0.09981857 0.11481039 0.13348007
0.05404505 0.10130185 0.11245365 0.09492459 0.12800786 0.11733175 0.09589802 0.09981857 0.11481039 0.13348007
0.05620548 0.09419097 0.11149774 0.09566734 0.12160685 0.13198311 0.10160401 0.09930776 0.11353286 0.13333825
0.05350014 0.10229804 0.10412170 0.09196572 0.13237803 0.11657571 0.09761509 0.10045579 0.11561316 0.13245097
0.05040109 0.09585360 0.09714986 0.09050663 0.13001291 0.11571688 0.10374297 0.10095441 0.11572543 0.13045163
0.05243059 0.09576714 0.09559352 0.09194904 0.12332811 0.11948031 0.10621178 0.10284226 0.11658155 0.13010993
0.05313085 0.08957087 0.09503586 0.09628637 0.12143078 0.12205397 0.10410186 0.10492449 0.11818698 0.12913848
0.05313085 0.08957087 0.09503586 0.09628637 0.12143078 0.12205397 0.10410186 0.10492449 0.11818698 0.12913848
0.05513600 0.09512313 0.10046987 0.10213276 0.12014228 0.12576705 0.10575578 0.10431025 0.11792577 0.12787776
0.05416844 0.10434774 0.09977273 0.09597758 0.12743849 0.12430120 0.10409439 0.10404053 0.11790157 0.12697400
0.04844994 0.08927602 0.11783044 0.09371547 0.13793340 0.13279700 0.10147303 0.10687662 0.11178486 0.13767157
0.04844994 0.08927602 0.11783044 0.09371547 0.13793340 0.13279700 0.10147303 0.10687662 0.11178486 0.13767157
0.05072273 0.10871943 0.11812833 0.09339016 0.13373482 0.12664339 0.09822731 0.09839890 0.11676330 0.14067336
0.05140530 0.11796393 0.11795655 0.09164237 0.13877283 0.12463383 0.09821840 0.09959069 0.11867460 0.14178525
0.05602043 0.10651103 0.10602779 0.09064063 0.14321727 0.12099392 0.09963783 0.10035288 0.11592215 0.13717095
0.04820557 0.10125012 0.12044731 0.09452383 0.14237770 0.12268451 0.09673977 0.09845778 0.11798145 0.14816341
0.04839154 0.09381319 0.10768762 0.09142971 0.14207516 0.11605477 0.09662050 0.09818288 0.11957936 0.14975995
0.04791944 0.08487639 0.10512607 0.09378488 0.13709720 0.11452477 0.09698092 0.09854150 0.11852000 0.14819607
0.04791944 0.08487639 0.10512607 0.09378488 0.13709720 0.11452477 0.09698092 0.09854150 0.11852000 0.14819607
0.04795885 0.09177673 0.11332363 0.08917399 0.13768929 0.11885909 0.09973696 0.09820764 0.11296123 0.12914773
0.04543290 0.09351870 0.10752941 0.08798222 0.13626579 0.12292529 0.09756428 0.09742685 0.11180099 0.13358003
0.04543290 0.09351870 0.10752941 0.08798222 0.13626579 0.12292529 0.09756428 0.09742685 0.11180099 0.13358003
0.04589962 0.09379962 0.10886440 0.09227240 0.13153015 0.11785719 0.09869658 0.09485584 0.11298609 0.13851575
0.04589962 0.09379962 0.10886440 0.09227240 0.13153015 0.11785719 0.09869658 0.09485584 0.11298609 0.13851575
0.04589962 0.09379962 0.10886440 0.09227240 0.13153015 0.11785719 0.09869658 0.09485584 0.11298609 0.13851575
0.04783019 0.10413056 0.11729939 0.09050937 0.15854121 0.12058665 0.10043879 0.09573341 0.11271105 0.16029518
0.04783019 0.10413056 0.11729939 0.09050937 0.15854121 0.12058665 0.10043879 0.09573341 0.11271105 0.16029518
0.04446714 0.09526642 0.12230505 0.08845274 0.14229733 0.12440242 0.09587394 0.09548425 0.11015530 0.13834228
0.04242180 0.08227978 0.12046122 0.08792678 0.12665080 0.12709005 0.10240802 0.09969830 0.10972779 0.12594930
0.04420609 0.07643981 0.11974622 0.09650760 0.11755789 0.11863861 0.09996686 0.09793711 0.11797347 0.12908715
0.04389535 0.06743065 0.11086271 0.09343720 0.11993759 0.11779281 0.09921420 0.09581207 0.11384740 0.12402367
0.04389535 0.06743065 0.11086271 0.09343720 0.11993759 0.11779281 0.09921420 0.09581207 0.11384740 0.12402367
0.04533575 0.11721426 0.12723641 0.09232829 0.14357528 0.13501694 0.10177139 0.09473288 0.11337253 0.16492083
0.04533575 0.11721426 0.12723641 0.09232829 0.14357528 0.13501694 0.10177139 0.09473288 0.11337253 0.16492083
0.04533575 0.11721426 0.12723641 0.09232829 0.14357528 0.13501694 0.10177139 0.09473288 0.11337253 0.16492083
0.04533575 0.11721426 0.12723641 0.09232829 0.14357528 0.13501694 0.10177139 0.09473288 0.11337253 0.16492083
0.04047158 0.08620655 0.12768427 0.08942341 0.13903466 0.12530617 0.10003063 0.09414810 0.10813139 0.12955049
0.04159776 0.07274923 0.11675100 0.09156907 0.15122061 0.12835576 0.10043320 0.09607535 0.10744239 0.13108982
0.04466587 0.06887791 0.11931614 0.09463551 0.15915104 0.14066993 0.09999057 0.09433595 0.10697124 0.13110446
0.04385520 0.12195976 0.13453825 0.08802223 0.13946449 0.13807383 0.09788568 0.09433696 0.11219000 0.16452557
0.04222504 0.08668539 0.11995545 0.09482931 0.13020947 0.12372761 0.09946418 0.09300290 0.11055181 0.13980770
0.04943360 0.07825479 0.11823553 0.08869088 0.11847435 0.13302328 0.10174727 0.09243172 0.11202164 0.12841639
0.05333271 0.07577858 0.11872239 0.09022572 0.12765843 0.14035104 0.10756633 0.09235762 0.11217564 0.12992264
0.05788883 0.07970365 0.11353165 0.09338831 0.12657093 0.14513224 0.10534114 0.09427309 0.11201844 0.13012521
0.05788883 0.07970365 0.11353165 0.09338831 0.12657093 0.14513224 0.10534114 0.09427309 0.11201844 0.13012521
0.04517044 0.07950979 0.12224008 0.08691617 0.13408152 0.13264620 0.09945801 0.09724908 0.11183092 0.12945282
0.04382967 0.13077562 0.13180074 0.09231206 0.15212330 0.13105032 0.10059832 0.09445485 0.11550326 0.15609524
0.05103713 0.11571415 0.12624907 0.08410566 0.14263237 0.13309719 0.10203174 0.09621107 0.11939953 0.14843003
0.04475398 0.12573046 0.12373456 0.08659974 0.14188722 0.13397963 0.09737660 0.09411151 0.11584270 0.16051540
0.04475398 0.12573046 0.12373456 0.08659974 0.14188722 0.13397963 0.09737660 0.09411151 0.11584270 0.16051540
0.04694617 0.13202328 0.13612656 0.09499814 0.14283388 0.13179665 0.10055937 0.09880561 0.11760924 0.16871182
0.04386312 0.12452753 0.12998484 0.08917505 0.15346105 0.13907474 0.09733412 0.09398440 0.11521489 0.15475270
0.04594068 0.12336003 0.12829895 0.08736023 0.14210950 0.13184684 0.10119958 0.09781439 0.11754176 0.16071185
0.04594068 0.12336003 0.12829895 0.08736023 0.14210950 0.13184684 0.10119958 0.09781439 0.11754176 0.16071185
0.05019624 0.12432497 0.14332389 0.09008206 0.14746521 0.12671688 0.10056337 0.09888511 0.11893819 0.16098657
0.04421858 0.11579957 0.13919190 0.09226711 0.15645139 0.12252594 0.10128031 0.09600979 0.11739113 0.16162362
0.04421858 0.11579957 0.13919190 0.09226711 0.15645139 0.12252594 0.10128031 0.09600979 0.11739113 0.16162362
0.04421858 0.11579957 0.13919190 0.09226711 0.15645139 0.12252594 0.10128031 0.09600979 0.11739113 0.16162362
0.04421858 0.11579957 0.13919190 0.09226711 0.15645139 0.12252594 0.10128031 0.09600979 0.11739113 0.16162362
0.04431461 0.11254750 0.13340845 0.08743676 0.16488559 0.12400674 0.10071228 0.09688866 0.11884168 0.15632405
0.05459119 0.11135547 0.13571941 0.08695833 0.18403566 0.13005824 0.09875303 0.09514552 0.11771859 0.15423270
0.05459119 0.11135547 0.13571941 0.08695833 0.18403566 0.13005824 0.09875303 0.09514552 0.11771859 0.15423270
0.04606245 0.11899020 0.14520567 0.08399186 0.16080416 0.13503873 0.09806875 0.09226295 0.11978594 0.16200115
0.04650884 0.11568168 0.13043529 0.08401789 0.16259155 0.16102446 0.09605173 0.09109302 0.11339478 0.15576154
0.04650884 0.11568168 0.13043529 0.08401789 0.16259155 0.16102446 0.09605173 0.09109302 0.11339478 0.15576154
0.04269978 0.11727900 0.13199035 0.08392828 0.15006450 0.13938334 0.10641874 0.09467060 0.11719196 0.15614067
0.04269978 0.11727900 0.13199035 0.08392828 0.15006450 0.13938334 0.10641874 0.09467060 0.11719196 0.15614067
0.04269978 0.11727900 0.13199035 0.08392828 0.15006450 0.13938334 0.10641874 0.09467060 0.11719196 0.15614067
0.04264792 0.11471723 0.13765837 0.08602577 0.14466468 0.13302284 0.10853186 0.10007951 0.11916477 0.15573544
0.04264792 0.11471723 0.13765837 0.08602577 0.14466468 0.13302284 0.10853186 0.10007951 0.11916477 0.15573544
0.04264792 0.11471723 0.13765837 0.08602577 0.14466468 0.13302284 0.10853186 0.10007951 0.11916477 0.15573544
0.04264792 0.11471723 0.13765837 0.08602577 0.14466468 0.13302284 0.10853186 0.10007951 0.11916477 0.15573544
0.04347010 0.11087669 0.15069111 0.10583585 0.13656296 0.13635496 0.10955583 0.09777308 0.12169237 0.15333575
0.04347010 0.11087669 0.15069111 0.10583585 0.13656296 0.13635496 0.10955583 0.09777308 0.12169237 0.15333575
0.04195976 0.11574300 0.13989666 0.08222924 0.13606656 0.14416681 0.09774300 0.09148014 0.11541679 0.15724067
0.04195976 0.11574300 0.13989666 0.08222924 0.13606656 0.14416681 0.09774300 0.09148014 0.11541679 0.15724067
0.04242566 0.11828072 0.14034087 0.08549802 0.14844464 0.14696397 0.09712258 0.09374685 0.11432347 0.15840257
0.04242566 0.11828072 0.14034087 0.08549802 0.14844464 0.14696397 0.09712258 0.09374685 0.11432347 0.15840257
0.04242566 0.11828072 0.14034087 0.08549802 0.14844464 0.14696397 0.09712258 0.09374685 0.11432347 0.15840257
0.04242566 0.11828072 0.14034087 0.08549802 0.14844464 0.14696397 0.09712258 0.09374685 0.11432347 0.15840257
0.04242566 0.11828072 0.14034087 0.08549802 0.14844464 0.14696397 0.09712258 0.09374685 0.11432347 0.15840257
0.04081497 0.11618181 0.14907725 0.08090285 0.15102930 0.15304861 0.09980615 0.09284351 0.11332245 0.15445820
0.04081497 0.11618181 0.14907725 0.08090285 0.15102930 0.15304861 0.09980615 0.09284351 0.11332245 0.15445820
0.04195859 0.11000696 0.14467259 0.08154218 0.13129729 0.15154561 0.11029416 0.09186015 0.12139667 0.14885870
0.05232509 0.10031301 0.15170640 0.08494694 0.12791749 0.14880589 0.10741697 0.09764676 0.12426535 0.14725430
0.05232509 0.10031301 0.15170640 0.08494694 0.12791749 0.14880589 0.10741697 0.09764676 0.12426535 0.14725430
0.04044264 0.12359426 0.13770715 0.08179860 0.16002700 0.15972936 0.09717432 0.09391608 0.11535939 0.15912853
0.04250603 0.11800847 0.14736416 0.08629957 0.17202977 0.16067960 0.09919361 0.09858995 0.12053697 0.16285590
0.04250603 0.11800847 0.14736416 0.08629957 0.17202977 0.16067960 0.09919361 0.09858995 0.12053697 0.16285590
0.04166076 0.12059535 0.14988634 0.08196405 0.16020801 0.16750521 0.09907998 0.09556863 0.12494870 0.15897930
0.04166076 0.12059535 0.14988634 0.08196405 0.16020801 0.16750521 0.09907998 0.09556863 0.12494870 0.15897930
0.04247247 0.12933515 0.15016844 0.08055491 0.17364811 0.16841717 0.09865626 0.09150725 0.11669915 0.15959731
0.04324186 0.12699196 0.14538141 0.08172570 0.19342432 0.16748561 0.09852265 0.09249766 0.11595532 0.16418771
0.04324186 0.12699196 0.14538141 0.08172570 0.19342432 0.16748561 0.09852265 0.09249766 0.11595532 0.16418771
0.04069038 0.11975798 0.14571112 0.08505417 0.16852470 0.14954950 0.09603456 0.09056524 0.11282382 0.16060822
0.04112353 0.11237381 0.13418663 0.08729894 0.16355374 0.14933789 0.09663663 0.09159131 0.11225677 0.15221705
0.04112353 0.11237381 0.13418663 0.08729894 0.16355374 0.14933789 0.09663663 0.09159131 0.11225677 0.15221705
0.04355237 0.11472893 0.13252470 0.08628604 0.16034117 0.14399742 0.09625017 0.09935121 0.11173489 0.15853695
0.04155740 0.10917048 0.14129867 0.08141989 0.16641660 0.15586054 0.09924432 0.09016443 0.11396637 0.15790702
0.04230309 0.11256284 0.13007752 0.08430887 0.14335199 0.15129602 0.09869051 0.09170023 0.11802972 0.15429838
0.04388475 0.11654258 0.14486381 0.08269914 0.15990503 0.15495020 0.09870569 0.08922286 0.11203904 0.15931596
0.04388475 0.11654258 0.14486381 0.08269914 0.15990503 0.15495020 0.09870569 0.08922286 0.11203904 0.15931596
0.04251776 0.11940036 0.14639814 0.08106911 0.16201129 0.16866704 0.09728218 0.08921063 0.11055349 0.16628597
0.04251776 0.11940036 0.14639814 0.08106911 0.16201129 0.16866704 0.09728218 0.08921063 0.11055349 0.16628597
0.04251776 0.11940036 0.14639814 0.08106911 0.16201129 0.16866704 0.09728218 0.08921063 0.11055349 0.16628597
0.03982988 0.12315531 0.15157855 0.08569161 0.16868157 0.14987573 0.09954951 0.09212313 0.11588829 0.15624605
0.03940085 0.11130804 0.14154600 0.08283548 0.18661448 0.16490151 0.09986248 0.08865411 0.11304548 0.16001604
0.03940085 0.11130804 0.14154600 0.08283548 0.18661448 0.16490151 0.09986248 0.08865411 0.11304548 0.16001604
0.03940085 0.11130804 0.14154600 0.08283548 0.18661448 0.16490151 0.09986248 0.08865411 0.11304548 0.16001604
0.04091668 0.11525858 0.16035813 0.08731123 0.15338542 0.17593821 0.11860567 0.08939427 0.11597122 0.16092771
0.04091668 0.11525858 0.16035813 0.08731123 0.15338542 0.17593821 0.11860567 0.08939427 0.11597122 0.16092771
0.04091668 0.11525858 0.16035813 0.08731123 0.15338542 0.17593821 0.11860567 0.08939427 0.11597122 0.16092771
0.04091668 0.11525858 0.16035813 0.08731123 0.15338542 0.17593821 0.11860567 0.08939427 0.11597122 0.16092771
0.04295492 0.11876635 0.16392505 0.08832820 0.16042060 0.18010519 0.12814793 0.09978715 0.11600652 0.16422186
0.04295492 0.11876635 0.16392505 0.08832820 0.16042060 0.18010519 0.12814793 0.09978715 0.11600652 0.16422186
0.04196582 0.11633157 0.16703021 0.09031949 0.16336184 0.18250838 0.12805182 0.10748177 0.11773377 0.16673341
0.04196582 0.11633157 0.16703021 0.09031949 0.16336184 0.18250838 0.12805182 0.10748177 0.11773377 0.16673341
0.03937472 0.11581371 0.13828312 0.08217035 0.16283104 0.17016122 0.10384959 0.08962102 0.11290752 0.16376175
0.03937472 0.11581371 0.13828312 0.08217035 0.16283104 0.17016122 0.10384959 0.08962102 0.11290752 0.16376175
0.03937472 0.11581371 0.13828312 0.08217035 0.16283104 0.17016122 0.10384959 0.08962102 0.11290752 0.16376175
0.03937472 0.11581371 0.13828312 0.08217035 0.16283104 0.17016122 0.10384959 0.08962102 0.11290752 0.16376175
0.03937472 0.11581371 0.13828312 0.08217035 0.16283104 0.17016122 0.10384959 0.08962102 0.11290752 0.16376175
0.03937472 0.11581371 0.13828312 0.08217035 0.16283104 0.17016122 0.10384959 0.08962102 0.11290752 0.16376175
0.03937472 0.11581371 0.13828312 0.08217035 0.16283104 0.17016122 0.10384959 0.08962102 0.11290752 0.16376175
0.03937472 0.11581371 0.13828312 0.08217035 0.16283104 0.17016122 0.10384959 0.08962102 0.11290752 0.16376175
0.04477050 0.12301552 0.14049146 0.08275307 0.16833479 0.19294038 0.10739760 0.09060695 0.11115507 0.16288339
0.04477050 0.12301552 0.14049146 0.08275307 0.16833479 0.19294038 0.10739760 0.09060695 0.11115507 0.16288339
0.04477050 0.12301552 0.14049146 0.08275307 0.16833479 0.19294038 0.10739760 0.09060695 0.11115507 0.16288339
0.03862747 0.12084359 0.14572160 0.08221659 0.15756150 0.17044076 0.10730509 0.08959341 0.10992447 0.15477399
0.03935817 0.12580891 0.16287484 0.09015748 0.15956624 0.17950310 0.10355732 0.08997011 0.11364276 0.15917809
0.03941961 0.12998807 0.15841218 0.08792584 0.16225052 0.18251557 0.10419520 0.08922543 0.11504279 0.16222691
0.05128478 0.12489808 0.17101067 0.08737708 0.14884308 0.17804499 0.10575604 0.08851702 0.11414127 0.16555092
0.05128478 0.12489808 0.17101067 0.08737708 0.14884308 0.17804499 0.10575604 0.08851702 0.11414127 0.16555092
0.05128478 0.12489808 0.17101067 0.08737708 0.14884308 0.17804499 0.10575604 0.08851702 0.11414127 0.16555092
0.05128478 0.12489808 0.17101067 0.08737708 0.14884308 0.17804499 0.10575604 0.08851702 0.11414127 0.16555092
0.04775559 0.12489744 0.17408796 0.08328269 0.14541983 0.17813528 0.11451181 0.08925176 0.11699001 0.16411466
0.03887097 0.11653507 0.14544558 0.08397547 0.15390503 0.17449709 0.10474160 0.09513931 0.10925698 0.15603458
0.03887097 0.11653507 0.14544558 0.08397547 0.15390503 0.17449709 0.10474160 0.09513931 0.10925698 0.15603458
0.03887097 0.11653507 0.14544558 0.08397547 0.15390503 0.17449709 0.10474160 0.09513931 0.10925698 0.15603458
0.03887097 0.11653507 0.14544558 0.08397547 0.15390503 0.17449709 0.10474160 0.09513931 0.10925698 0.15603458
0.03875817 0.10587510 0.14185512 0.09022621 0.15760306 0.17594265 0.10337364 0.09712534 0.11626242 0.15931389
0.03875817 0.10587510 0.14185512 0.09022621 0.15760306 0.17594265 0.10337364 0.09712534 0.11626242 0.15931389
0.03875817 0.10587510 0.14185512 0.09022621 0.15760306 0.17594265 0.10337364 0.09712534 0.11626242 0.15931389
0.04264075 0.10335825 0.14450633 0.08752147 0.15570649 0.17247546 0.10459430 0.08604552 0.10903211 0.15387570
0.04378374 0.10079838 0.14761787 0.08305323 0.15676702 0.15901955 0.10289559 0.08904580 0.10942073 0.15573439
0.04378374 0.10079838 0.14761787 0.08305323 0.15676702 0.15901955 0.10289559 0.08904580 0.10942073 0.15573439
0.04808875 0.10658607 0.15873720 0.09535013 0.15143311 0.17185528 0.10566458 0.09584378 0.11546536 0.16078000
0.06099985 0.11951364 0.16707937 0.09858808 0.16089677 0.18829326 0.10194928 0.10278904 0.11503426 0.16774156
0.06099985 0.11951364 0.16707937 0.09858808 0.16089677 0.18829326 0.10194928 0.10278904 0.11503426 0.16774156
0.06099985 0.11951364 0.16707937 0.09858808 0.16089677 0.18829326 0.10194928 0.10278904 0.11503426 0.16774156
0.06099985 0.11951364 0.16707937 0.09858808 0.16089677 0.18829326 0.10194928 0.10278904 0.11503426 0.16774156
0.05376239 0.10940684 0.15532123 0.10575760 0.16628466 0.18434436 0.10305461 0.09100017 0.11531727 0.16385555
0.05376239 0.10940684 0.15532123 0.10575760 0.16628466 0.18434436 0.10305461 0.09100017 0.11531727 0.16385555
0.05376239 0.10940684 0.15532123 0.10575760 0.16628466 0.18434436 0.10305461 0.09100017 0.11531727 0.16385555
0.05376239 0.10940684 0.15532123 0.10575760 0.16628466 0.18434436 0.10305461 0.09100017 0.11531727 0.16385555
0.05376239 0.10940684 0.15532123 0.10575760 0.16628466 0.18434436 0.10305461 0.09100017 0.11531727 0.16385555
0.05376239 0.10940684 0.15532123 0.10575760 0.16628466 0.18434436 0.10305461 0.09100017 0.11531727 0.16385555
0.05376239 0.10940684 0.15532123 0.10575760 0.16628466 0.18434436 0.10305461 0.09100017 0.11531727 0.16385555
0.04243799 0.10859549 0.14251073 0.08589183 0.14735974 0.16945114 0.10455355 0.09187735 0.10899690 0.14939447
0.04243799 0.10859549 0.14251073 0.08589183 0.14735974 0.16945114 0.10455355 0.09187735 0.10899690 0.14939447
0.04243799 0.10859549 0.14251073 0.08589183 0.14735974 0.16945114 0.10455355 0.09187735 0.10899690 0.14939447
0.04355796 0.10486906 0.14167724 0.08196234 0.14267736 0.17569782 0.10154235 0.09339151 0.10885204 0.15256264
0.04409095 0.10628773 0.16186830 0.08662504 0.17243385 0.17192228 0.10311236 0.08892036 0.11589337 0.15716727
0.04409095 0.10628773 0.16186830 0.08662504 0.17243385 0.17192228 0.10311236 0.08892036 0.11589337 0.15716727
0.04409095 0.10628773 0.16186830 0.08662504 0.17243385 0.17192228 0.10311236 0.08892036 0.11589337 0.15716727
0.04277734 0.10119652 0.15224298 0.09772151 0.15171237 0.16766290 0.11235368 0.08870442 0.11033499 0.15766444
0.04277734 0.10119652 0.15224298 0.09772151 0.15171237 0.16766290 0.11235368 0.08870442 0.11033499 0.15766444
0.03911890 0.09649198 0.14676334 0.08538840 0.16759643 0.17189174 0.10242506 0.08630361 0.10881151 0.15203047
0.04729461 0.09076304 0.13464743 0.08478676 0.16031881 0.16215651 0.10155068 0.09594455 0.11224060 0.14756464
0.03796755 0.09330492 0.12450515 0.09049446 0.15749851 0.16385903 0.10291237 0.09089743 0.11565858 0.13323614
0.04141215 0.08919537 0.11773132 0.09780685 0.15303062 0.15897019 0.09998814 0.08795459 0.11619590 0.13287718
0.04141215 0.08919537 0.11773132 0.09780685 0.15303062 0.15897019 0.09998814 0.08795459 0.11619590 0.13287718
0.04141215 0.08919537 0.11773132 0.09780685 0.15303062 0.15897019 0.09998814 0.08795459 0.11619590 0.13287718
0.04141215 0.08919537 0.11773132 0.09780685 0.15303062 0.15897019 0.09998814 0.08795459 0.11619590 0.13287718
0.04141215 0.08919537 0.11773132 0.09780685 0.15303062 0.15897019 0.09998814 0.08795459 0.11619590 0.13287718
0.04141215 0.08919537 0.11773132 0.09780685 0.15303062 0.15897019 0.09998814 0.08795459 0.11619590 0.13287718
0.04141215 0.08919537 0.11773132 0.09780685 0.15303062 0.15897019 0.09998814 0.08795459 0.11619590 0.13287718
0.04665405 0.09055206 0.12085534 0.10780934 0.15259757 0.14980487 0.10109859 0.08714548 0.11714546 0.13633220
0.04417969 0.08187664 0.12112198 0.08620902 0.14148205 0.17616170 0.09933475 0.09759032 0.11496934 0.12771182
0.04417969 0.08187664 0.12112198 0.08620902 0.14148205 0.17616170 0.09933475 0.09759032 0.11496934 0.12771182
0.04417969 0.08187664 0.12112198 0.08620902 0.14148205 0.17616170 0.09933475 0.09759032 0.11496934 0.12771182
0.04417969 0.08187664 0.12112198 0.08620902 0.14148205 0.17616170 0.09933475 0.09759032 0.11496934 0.12771182
0.03863828 0.08280144 0.11917071 0.08054759 0.15232075 0.15754428 0.09740565 0.08968563 0.10974269 0.13083849
0.03984317 0.08052345 0.12132570 0.07975268 0.14279613 0.14259607 0.09782083 0.09198516 0.11180967 0.12917530
0.03984317 0.08052345 0.12132570 0.07975268 0.14279613 0.14259607 0.09782083 0.09198516 0.11180967 0.12917530
0.03984317 0.08052345 0.12132570 0.07975268 0.14279613 0.14259607 0.09782083 0.09198516 0.11180967 0.12917530
0.03984317 0.08052345 0.12132570 0.07975268 0.14279613 0.14259607 0.09782083 0.09198516 0.11180967 0.12917530
0.03984317 0.08052345 0.12132570 0.07975268 0.14279613 0.14259607 0.09782083 0.09198516 0.11180967 0.12917530
0.03984317 0.08052345 0.12132570 0.07975268 0.14279613 0.14259607 0.09782083 0.09198516 0.11180967 0.12917530
0.03984317 0.08052345 0.12132570 0.07975268 0.14279613 0.14259607 0.09782083 0.09198516 0.11180967 0.12917530
0.04122344 0.08017586 0.11785621 0.08116226 0.14664692 0.14094346 0.09711023 0.08903509 0.11105907 0.12943309
0.04111384 0.08257405 0.13053840 0.07972587 0.15066986 0.13967251 0.09674337 0.09266331 0.11116586 0.13153355
0.04247588 0.07079645 0.12528638 0.08953334 0.14828445 0.16066664 0.09733510 0.08614996 0.11694916 0.11980935
0.03754747 0.07015140 0.12792502 0.08682892 0.15754496 0.17432648 0.09725803 0.08927967 0.11295070 0.11986842
0.03854917 0.06639073 0.10993425 0.08098555 0.14446528 0.17259155 0.09774251 0.08634437 0.10783820 0.12004379
0.03955160 0.06932941 0.11311377 0.08097553 0.13559340 0.17435282 0.09703290 0.08479655 0.10673309 0.12510134
0.03955160 0.06932941 0.11311377 0.08097553 0.13559340 0.17435282 0.09703290 0.08479655 0.10673309 0.12510134
0.03970066 0.07402358 0.11912112 0.08360649 0.15254881 0.18349405 0.09652529 0.08499727 0.10634126 0.12359353
0.03911534 0.06520704 0.11228834 0.08088504 0.14882148 0.15711697 0.09657447 0.08930266 0.11613516 0.11583796
0.03799382 0.06760276 0.11192942 0.07994861 0.14913452 0.14908013 0.09653445 0.08929299 0.11424749 0.11851903
0.03799382 0.06760276 0.11192942 0.07994861 0.14913452 0.14908013 0.09653445 0.08929299 0.11424749 0.11851903
0.03799382 0.06760276 0.11192942 0.07994861 0.14913452 0.14908013 0.09653445 0.08929299 0.11424749 0.11851903
0.03799382 0.06760276 0.11192942 0.07994861 0.14913452 0.14908013 0.09653445 0.08929299 0.11424749 0.11851903
0.04392159 0.06930832 0.10317504 0.07768797 0.16891616 0.16918668 0.09528841 0.08978618 0.10574161 0.12192185
0.04392159 0.06930832 0.10317504 0.07768797 0.16891616 0.16918668 0.09528841 0.08978618 0.10574161 0.12192185
0.03754168 0.06965286 0.11971354 0.07717910 0.16736991 0.18153556 0.09893352 0.09018505 0.10935396 0.11839656
0.03978637 0.06860140 0.11659456 0.07775783 0.18750487 0.18260642 0.09896407 0.09065522 0.11293497 0.11969746
0.03958145 0.06958503 0.10651332 0.07821410 0.16759558 0.16283521 0.09670429 0.09196894 0.10938283 0.11869563
0.03905465 0.07358061 0.10834857 0.07570090 0.16479604 0.16405396 0.09685863 0.09225145 0.11014054 0.11831309
0.03905465 0.07358061 0.10834857 0.07570090 0.16479604 0.16405396 0.09685863 0.09225145 0.11014054 0.11831309
0.03905465 0.07358061 0.10834857 0.07570090 0.16479604 0.16405396 0.09685863 0.09225145 0.11014054 0.11831309
0.03905465 0.07358061 0.10834857 0.07570090 0.16479604 0.16405396 0.09685863 0.09225145 0.11014054 0.11831309
0.03905465 0.07358061 0.10834857 0.07570090 0.16479604 0.16405396 0.09685863 0.09225145 0.11014054 0.11831309
0.03905465 0.07358061 0.10834857 0.07570090 0.16479604 0.16405396 0.09685863 0.09225145 0.11014054 0.11831309
0.04000968 0.07891325 0.10799567 0.08741074 0.17558096 0.16532755 0.09788711 0.09120300 0.11231885 0.12367445
0.04000968 0.07891325 0.10799567 0.08741074 0.17558096 0.16532755 0.09788711 0.09120300 0.11231885 0.12367445
0.04802237 0.06573240 0.10771284 0.07715603 0.14968086 0.17474001 0.09576673 0.08962141 0.11410895 0.11632788
0.04077144 0.06956058 0.11080979 0.07497505 0.15699871 0.18153025 0.09902796 0.08899912 0.11156477 0.11692606
0.04077144 0.06956058 0.11080979 0.07497505 0.15699871 0.18153025 0.09902796 0.08899912 0.11156477 0.11692606
0.04040771 0.07645719 0.11898827 0.07680785 0.15493635 0.19252864 0.09600128 0.08739933 0.10668990 0.11917052
0.04040771 0.07645719 0.11898827 0.07680785 0.15493635 0.19252864 0.09600128 0.08739933 0.10668990 0.11917052
0.03965540 0.07304550 0.10028779 0.07696172 0.14668357 0.16976807 0.09577381 0.10675333 0.10894555 0.12158258
0.03745187 0.06336099 0.10118347 0.07632380 0.13550201 0.15700981 0.09406634 0.11264445 0.10994470 0.11548793
0.04067701 0.07399772 0.10468753 0.07543709 0.14211715 0.15780441 0.09710551 0.10015963 0.11764952 0.11884761
0.04067701 0.07399772 0.10468753 0.07543709 0.14211715 0.15780441 0.09710551 0.10015963 0.11764952 0.11884761
0.04504338 0.07831170 0.10109515 0.07623547 0.14486634 0.16131249 0.10147424 0.10059948 0.11480905 0.12486542
0.04504338 0.07831170 0.10109515 0.07623547 0.14486634 0.16131249 0.10147424 0.10059948 0.11480905 0.12486542
0.04504338 0.07831170 0.10109515 0.07623547 0.14486634 0.16131249 0.10147424 0.10059948 0.11480905 0.12486542
0.04504338 0.07831170 0.10109515 0.07623547 0.14486634 0.16131249 0.10147424 0.10059948 0.11480905 0.12486542
0.04314370 0.06701154 0.11076241 0.07631865 0.15177718 0.15571144 0.09730428 0.10086586 0.11928429 0.11922365
0.04249515 0.07387414 0.11560007 0.07487378 0.17196100 0.16153506 0.09480766 0.09803988 0.11571063 0.11970265
0.04492332 0.07722102 0.10532573 0.07760598 0.15931833 0.15732241 0.10303825 0.10708457 0.12675820 0.12320278
0.03989149 0.06749617 0.10638110 0.07394375 0.14747779 0.16076150 0.09515793 0.10203959 0.11695372 0.11982261
0.03989149 0.06749617 0.10638110 0.07394375 0.14747779 0.16076150 0.09515793 0.10203959 0.11695372 0.11982261
0.04473376 0.06897009 0.10543260 0.07321086 0.14400933 0.16613993 0.09656660 0.09818933 0.11597085 0.11692158
0.04473376 0.06897009 0.10543260 0.07321086 0.14400933 0.16613993 0.09656660 0.09818933 0.11597085 0.11692158
0.05111343 0.06272722 0.10746799 0.07295969 0.14799016 0.17410286 0.09498982 0.09730937 0.12294536 0.11496030
0.05111343 0.06272722 0.10746799 0.07295969 0.14799016 0.17410286 0.09498982 0.09730937 0.12294536 0.11496030
0.04186220 0.07251226 0.11320850 0.07963204 0.14431097 0.16303071 0.11477162 0.11501912 0.11723944 0.11964738
0.04912940 0.06657075 0.11267210 0.08661368 0.14120471 0.16009001 0.10390508 0.09615355 0.12833474 0.11897393
0.04912940 0.06657075 0.11267210 0.08661368 0.14120471 0.16009001 0.10390508 0.09615355 0.12833474 0.11897393
0.04666927 0.06881184 0.11093446 0.07930805 0.14592608 0.16179866 0.09672960 0.09184711 0.12483340 0.12110516
0.05509694 0.07387183 0.10845672 0.08696048 0.13869540 0.16855258 0.09801337 0.09318053 0.13438210 0.12025139
0.04082522 0.06985255 0.11743939 0.07739087 0.13618641 0.16594921 0.10015428 0.10912581 0.12650143 0.12014101
0.03860979 0.06830035 0.12334848 0.07630509 0.13250902 0.16502290 0.09719683 0.09848004 0.11875095 0.11994822
0.04299704 0.07244972 0.11524326 0.07654489 0.15077410 0.16125955 0.10383052 0.09453047 0.11898050 0.12154408
0.04299704 0.07244972 0.11524326 0.07654489 0.15077410 0.16125955 0.10383052 0.09453047 0.11898050 0.12154408
0.04299704 0.07244972 0.11524326 0.07654489 0.15077410 0.16125955 0.10383052 0.09453047 0.11898050 0.12154408
0.03931263 0.06919173 0.11540444 0.07569388 0.14258356 0.15015248 0.10093128 0.10168241 0.12140267 0.11800453
0.03743000 0.06401079 0.11637621 0.07624224 0.14366631 0.16487587 0.10774152 0.09510142 0.12290529 0.11631286
0.03743000 0.06401079 0.11637621 0.07624224 0.14366631 0.16487587 0.10774152 0.09510142 0.12290529 0.11631286
0.03743000 0.06401079 0.11637621 0.07624224 0.14366631 0.16487587 0.10774152 0.09510142 0.12290529 0.11631286
0.04329312 0.07127823 0.12167777 0.07645350 0.14222560 0.16139056 0.09926665 0.09811011 0.12606316 0.12603961
0.04194857 0.07885170 0.11079594 0.07552586 0.14762982 0.16890311 0.09822594 0.10045958 0.11419428 0.12489668
0.04194857 0.07885170 0.11079594 0.07552586 0.14762982 0.16890311 0.09822594 0.10045958 0.11419428 0.12489668
0.04194857 0.07885170 0.11079594 0.07552586 0.14762982 0.16890311 0.09822594 0.10045958 0.11419428 0.12489668
0.04619305 0.08081777 0.11057996 0.07801325 0.15508513 0.16634966 0.10468439 0.09536581 0.11831907 0.12711309
0.04094025 0.08850310 0.11301449 0.07744354 0.16203590 0.15343729 0.10455532 0.10405940 0.11638432 0.13123743
0.04094025 0.08850310 0.11301449 0.07744354 0.16203590 0.15343729 0.10455532 0.10405940 0.11638432 0.13123743
0.05075961 0.07283562 0.10727249 0.07898565 0.14733573 0.17084539 0.10985285 0.12084226 0.11219129 0.12464323
0.04220028 0.07115606 0.10699997 0.07408860 0.14110456 0.17517258 0.10804390 0.09992389 0.11227722 0.11945926
0.04220028 0.07115606 0.10699997 0.07408860 0.14110456 0.17517258 0.10804390 0.09992389 0.11227722 0.11945926
