0.00000000 0.00000000 0.00000000 0.00000000 0.00000000 0.00000000 0.00000000 0.00000000 0.00000000 0.00000000
0.00000000 0.00000000 0.00000000 0.00000000 0.00000000 0.00000000 0.00000000 0.00000000 0.00000000 0.00000000
0.00000000 0.00000000 0.00000000 0.00000000 0.00000000 0.00000000 0.00000000 0.00000000 0.00000000 0.00000000
0.09692197 0.12099222 0.10838724 0.11728139 0.12316654 0.12307715 0.11985384 0.13010583 0.14465591 0.15454677
0.09692197 0.12099222 0.10838724 0.11728139 0.12316654 0.12307715 0.11985384 0.13010583 0.14465591 0.15454677
0.09242052 0.11477662 0.10808662 0.12349512 0.12313253 0.12317991 0.12009254 0.13134675 0.14466930 0.15524164
0.08985508 0.11472821 0.11053916 0.11939763 0.12492608 0.12185472 0.11902100 0.12976449 0.14403202 0.15605476
0.09892223 0.11706545 0.11122566 0.11893782 0.12660654 0.12726772 0.11575723 0.12722637 0.14567350 0.15381376
0.09548598 0.12417632 0.10605912 0.11470777 0.12154230 0.11672518 0.11809576 0.13821071 0.15398219 0.15510014
0.09840659 0.15230479 0.10990869 0.10904350 0.13773849 0.12666003 0.14527928 0.16696936 0.16029573 0.15963582
0.09840659 0.15230479 0.10990869 0.10904350 0.13773849 0.12666003 0.14527928 0.16696936 0.16029573 0.15963582
0.10180010 0.13494470 0.09970043 0.12116241 0.13344818 0.11837535 0.11879171 0.12826920 0.15488050 0.15589138
0.09310457 0.11465765 0.10136866 0.11274692 0.13220785 0.12194949 0.11569076 0.12282144 0.15123750 0.15165390
0.09052770 0.11423998 0.10130063 0.11640955 0.13202836 0.11981058 0.11084190 0.12426536 0.14996830 0.15010542
0.11456512 0.14268847 0.11611258 0.11002102 0.13584721 0.12109079 0.11289347 0.11885266 0.16369363 0.15828863
0.11456512 0.14268847 0.11611258 0.11002102 0.13584721 0.12109079 0.11289347 0.11885266 0.16369363 0.15828863
0.11456512 0.14268847 0.11611258 0.11002102 0.13584721 0.12109079 0.11289347 0.11885266 0.16369363 0.15828863
0.11456512 0.14268847 0.11611258 0.11002102 0.13584721 0.12109079 0.11289347 0.11885266 0.16369363 0.15828863
0.11456512 0.14268847 0.11611258 0.11002102 0.13584721 0.12109079 0.11289347 0.11885266 0.16369363 0.15828863
0.11456512 0.14268847 0.11611258 0.11002102 0.13584721 0.12109079 0.11289347 0.11885266 0.16369363 0.15828863
0.11456512 0.14268847 0.11611258 0.11002102 0.13584721 0.12109079 0.11289347 0.11885266 0.16369363 0.15828863
0.11456512 0.14268847 0.11611258 0.11002102 0.13584721 0.12109079 0.11289347 0.11885266 0.16369363 0.15828863
0.10517288 0.14457040 0.11124883 0.10926549 0.13894014 0.12138279 0.11215055 0.12164736 0.15857121 0.15821720
0.10517288 0.14457040 0.11124883 0.10926549 0.13894014 0.12138279 0.11215055 0.12164736 0.15857121 0.15821720
0.09651585 0.14969435 0.11275486 0.11016537 0.14496845 0.12173400 0.11673566 0.12389131 0.15505900 0.15616558
0.09397970 0.15570453 0.12333157 0.11025843 0.14247464 0.11507341 0.11620364 0.11933585 0.15739956 0.15870701
0.07423665 0.11446764 0.10696719 0.12287828 0.12956678 0.11868171 0.12015438 0.12604754 0.13998570 0.15217569
0.07423665 0.11446764 0.10696719 0.12287828 0.12956678 0.11868171 0.12015438 0.12604754 0.13998570 0.15217569
0.07423665 0.11446764 0.10696719 0.12287828 0.12956678 0.11868171 0.12015438 0.12604754 0.13998570 0.15217569
0.07423665 0.11446764 0.10696719 0.12287828 0.12956678 0.11868171 0.12015438 0.12604754 0.13998570 0.15217569
0.07423665 0.11446764 0.10696719 0.12287828 0.12956678 0.11868171 0.12015438 0.12604754 0.13998570 0.15217569
0.07823740 0.11900593 0.11015516 0.10869054 0.13014687 0.11677467 0.11465841 0.13037719 0.14825799 0.15048237
0.07823740 0.11900593 0.11015516 0.10869054 0.13014687 0.11677467 0.11465841 0.13037719 0.14825799 0.15048237
0.07823740 0.11900593 0.11015516 0.10869054 0.13014687 0.11677467 0.11465841 0.13037719 0.14825799 0.15048237
0.07823740 0.11900593 0.11015516 0.10869054 0.13014687 0.11677467 0.11465841 0.13037719 0.14825799 0.15048237
0.07735274 0.12694375 0.10390549 0.10950651 0.13767383 0.12778745 0.11959385 0.12940570 0.14934020 0.15840564
0.07735274 0.12694375 0.10390549 0.10950651 0.13767383 0.12778745 0.11959385 0.12940570 0.14934020 0.15840564
0.07697521 0.12527593 0.10269679 0.10838165 0.13381150 0.12922642 0.12086804 0.13524493 0.14430435 0.15215784
0.07697521 0.12527593 0.10269679 0.10838165 0.13381150 0.12922642 0.12086804 0.13524493 0.14430435 0.15215784
0.07697521 0.12527593 0.10269679 0.10838165 0.13381150 0.12922642 0.12086804 0.13524493 0.14430435 0.15215784
0.07697521 0.12527593 0.10269679 0.10838165 0.13381150 0.12922642 0.12086804 0.13524493 0.14430435 0.15215784
0.07805867 0.12795314 0.10156871 0.10786490 0.13283906 0.13029843 0.12390184 0.13979720 0.14425962 0.15255068
0.07740679 0.11934821 0.10005228 0.11386661 0.15019969 0.13894921 0.12364670 0.13450670 0.15093017 0.14974207
0.07740679 0.11934821 0.10005228 0.11386661 0.15019969 0.13894921 0.12364670 0.13450670 0.15093017 0.14974207
0.07740679 0.11934821 0.10005228 0.11386661 0.15019969 0.13894921 0.12364670 0.13450670 0.15093017 0.14974207
0.08323023 0.11576456 0.10241681 0.11722778 0.14608805 0.12792001 0.12812975 0.14179834 0.15358970 0.15004267
0.08323023 0.11576456 0.10241681 0.11722778 0.14608805 0.12792001 0.12812975 0.14179834 0.15358970 0.15004267
0.08323023 0.11576456 0.10241681 0.11722778 0.14608805 0.12792001 0.12812975 0.14179834 0.15358970 0.15004267
0.07745387 0.11197739 0.09384831 0.11726629 0.14750899 0.12947660 0.12999305 0.14076145 0.14877239 0.14550231
0.07745387 0.11197739 0.09384831 0.11726629 0.14750899 0.12947660 0.12999305 0.14076145 0.14877239 0.14550231
0.07523788 0.11621327 0.09845421 0.11283839 0.14348314 0.12201162 0.12730904 0.13410818 0.15438346 0.14564216
0.07523788 0.11621327 0.09845421 0.11283839 0.14348314 0.12201162 0.12730904 0.13410818 0.15438346 0.14564216
0.08285381 0.11299480 0.10089528 0.11184997 0.13903223 0.13256988 0.12683345 0.13061809 0.15258687 0.14436952
0.07371776 0.11097375 0.09613098 0.12125355 0.14683599 0.12696560 0.13441214 0.13147989 0.14503358 0.14358524
0.07371776 0.11097375 0.09613098 0.12125355 0.14683599 0.12696560 0.13441214 0.13147989 0.14503358 0.14358524
0.07281132 0.11624684 0.09654774 0.12382966 0.14224533 0.12041462 0.13981082 0.13307003 0.14383194 0.14967946
0.07192182 0.10849200 0.09827286 0.13145566 0.14529035 0.11866009 0.14302202 0.14117796 0.14548151 0.14429680
0.07203543 0.11059073 0.09628185 0.13263009 0.15208234 0.11878745 0.15143530 0.16099504 0.14465359 0.14535926
0.07360406 0.10486394 0.09514505 0.12821013 0.15100642 0.11583976 0.14434411 0.16331303 0.14609387 0.14491515
0.07732641 0.11355767 0.10142388 0.13577589 0.15385663 0.12431485 0.15624280 0.14692564 0.15390494 0.15398165
0.07283572 0.11048611 0.09782136 0.12571177 0.13704957 0.11402713 0.14211188 0.14328419 0.14425941 0.15243932
0.07087120 0.11296257 0.09944677 0.13170837 0.13338835 0.11391118 0.14768991 0.13851501 0.14094886 0.14858645
0.07633216 0.10656081 0.10202555 0.12708668 0.12936147 0.11539933 0.14168290 0.14484166 0.14123017 0.15043429
0.07616063 0.11084914 0.10106154 0.13107373 0.13119683 0.11263450 0.13353900 0.15159401 0.14568341 0.15183526
0.07479949 0.10702774 0.10057607 0.12633413 0.13546823 0.11924525 0.14633976 0.12633448 0.13345917 0.15070436
0.07072878 0.11076819 0.09619408 0.12245784 0.13753498 0.11131018 0.12935681 0.13372919 0.13714867 0.14744855
0.07169168 0.11225579 0.09655168 0.13486015 0.13885692 0.11230600 0.13003435 0.13155234 0.14005010 0.14657850
0.06820614 0.11168586 0.09200434 0.13966665 0.14954201 0.12227728 0.13376674 0.11767236 0.15113253 0.15850734
0.06923724 0.10931288 0.09402603 0.13862174 0.15628879 0.11470576 0.13339933 0.11803487 0.15193730 0.15961408
0.06923724 0.10931288 0.09402603 0.13862174 0.15628879 0.11470576 0.13339933 0.11803487 0.15193730 0.15961408
0.07120181 0.10718248 0.09583167 0.14108522 0.16559428 0.11546709 0.13761256 0.12166463 0.15726411 0.15723540
0.07108425 0.10847550 0.09395928 0.13741740 0.16680035 0.11610209 0.14990337 0.12348380 0.15630693 0.15714356
0.07104383 0.11104359 0.09446510 0.13639245 0.17668015 0.11792884 0.15929863 0.12267019 0.16090080 0.15833167
0.07104383 0.11104359 0.09446510 0.13639245 0.17668015 0.11792884 0.15929863 0.12267019 0.16090080 0.15833167
0.07104383 0.11104359 0.09446510 0.13639245 0.17668015 0.11792884 0.15929863 0.12267019 0.16090080 0.15833167
0.07104383 0.11104359 0.09446510 0.13639245 0.17668015 0.11792884 0.15929863 0.12267019 0.16090080 0.15833167
0.07104383 0.11104359 0.09446510 0.13639245 0.17668015 0.11792884 0.15929863 0.12267019 0.16090080 0.15833167
0.07104383 0.11104359 0.09446510 0.13639245 0.17668015 0.11792884 0.15929863 0.12267019 0.16090080 0.15833167
0.07104383 0.11104359 0.09446510 0.13639245 0.17668015 0.11792884 0.15929863 0.12267019 0.16090080 0.15833167
0.07196199 0.11055039 0.09769035 0.13427396 0.17452652 0.11846019 0.15073445 0.12262573 0.16249225 0.15948654
0.07131546 0.11284164 0.08809488 0.12934313 0.13254991 0.11606281 0.13562485 0.11415792 0.14158702 0.15352600
0.07131546 0.11284164 0.08809488 0.12934313 0.13254991 0.11606281 0.13562485 0.11415792 0.14158702 0.15352600
0.07131546 0.11284164 0.08809488 0.12934313 0.13254991 0.11606281 0.13562485 0.11415792 0.14158702 0.15352600
0.07113317 0.11337597 0.08774537 0.12778610 0.13663071 0.11508800 0.14504601 0.11346169 0.14098039 0.15461663
0.07113317 0.11337597 0.08774537 0.12778610 0.13663071 0.11508800 0.14504601 0.11346169 0.14098039 0.15461663
0.07113317 0.11337597 0.08774537 0.12778610 0.13663071 0.11508800 0.14504601 0.11346169 0.14098039 0.15461663
0.07113317 0.11337597 0.08774537 0.12778610 0.13663071 0.11508800 0.14504601 0.11346169 0.14098039 0.15461663
0.07113317 0.11337597 0.08774537 0.12778610 0.13663071 0.11508800 0.14504601 0.11346169 0.14098039 0.15461663
0.07113317 0.11337597 0.08774537 0.12778610 0.13663071 0.11508800 0.14504601 0.11346169 0.14098039 0.15461663
0.07113317 0.11337597 0.08774537 0.12778610 0.13663071 0.11508800 0.14504601 0.11346169 0.14098039 0.15461663
0.07113317 0.11337597 0.08774537 0.12778610 0.13663071 0.11508800 0.14504601 0.11346169 0.14098039 0.15461663
0.07113317 0.11337597 0.08774537 0.12778610 0.13663071 0.11508800 0.14504601 0.11346169 0.14098039 0.15461663
0.07113317 0.11337597 0.08774537 0.12778610 0.13663071 0.11508800 0.14504601 0.11346169 0.14098039 0.15461663
0.07113317 0.11337597 0.08774537 0.12778610 0.13663071 0.11508800 0.14504601 0.11346169 0.14098039 0.15461663
0.07090819 0.11853220 0.08699998 0.12559358 0.14000351 0.11135946 0.13282107 0.11423643 0.13983779 0.15294045
0.07229754 0.10868289 0.09079025 0.13931023 0.13593366 0.11271026 0.14050672 0.11743007 0.14108976 0.15734382
0.07218723 0.11081605 0.09291531 0.14326244 0.14189731 0.11699738 0.13771504 0.11716214 0.14433791 0.15764679
0.07218723 0.11081605 0.09291531 0.14326244 0.14189731 0.11699738 0.13771504 0.11716214 0.14433791 0.15764679
0.06874686 0.10532084 0.09100099 0.13647242 0.13509680 0.11660871 0.12942969 0.12404779 0.13942793 0.15488827
0.06874686 0.10532084 0.09100099 0.13647242 0.13509680 0.11660871 0.12942969 0.12404779 0.13942793 0.15488827
0.06904174 0.10277604 0.09148248 0.13584265 0.13782413 0.11866482 0.12380180 0.12394780 0.13605884 0.15419853
0.06929064 0.10335915 0.09009963 0.12554368 0.12601052 0.11118917 0.12586061 0.11747316 0.13427738 0.15500032
0.06929064 0.10335915 0.09009963 0.12554368 0.12601052 0.11118917 0.12586061 0.11747316 0.13427738 0.15500032
0.07072607 0.11033033 0.09018158 0.12850006 0.12460399 0.10986430 0.12937749 0.11959605 0.13391974 0.15748736
0.07072607 0.11033033 0.09018158 0.12850006 0.12460399 0.10986430 0.12937749 0.11959605 0.13391974 0.15748736
0.07072607 0.11033033 0.09018158 0.12850006 0.12460399 0.10986430 0.12937749 0.11959605 0.13391974 0.15748736
0.07072607 0.11033033 0.09018158 0.12850006 0.12460399 0.10986430 0.12937749 0.11959605 0.13391974 0.15748736
0.07072607 0.11033033 0.09018158 0.12850006 0.12460399 0.10986430 0.12937749 0.11959605 0.13391974 0.15748736
0.07540584 0.10786851 0.09081219 0.12042361 0.12628696 0.11227367 0.12642804 0.11475163 0.13439213 0.14960150
0.07540584 0.10786851 0.09081219 0.12042361 0.12628696 0.11227367 0.12642804 0.11475163 0.13439213 0.14960150
0.07540584 0.10786851 0.09081219 0.12042361 0.12628696 0.11227367 0.12642804 0.11475163 0.13439213 0.14960150
0.06756811 0.09825023 0.09093291 0.11429735 0.11564384 0.10897191 0.11579838 0.12200431 0.13337561 0.15423540
0.06756811 0.09825023 0.09093291 0.11429735 0.11564384 0.10897191 0.11579838 0.12200431 0.13337561 0.15423540
0.08524435 0.10933106 0.09134904 0.10593570 0.13394683 0.10264725 0.11497923 0.12074114 0.13285498 0.14577904
0.08524435 0.10933106 0.09134904 0.10593570 0.13394683 0.10264725 0.11497923 0.12074114 0.13285498 0.14577904
0.08524435 0.10933106 0.09134904 0.10593570 0.13394683 0.10264725 0.11497923 0.12074114 0.13285498 0.14577904
0.08524435 0.10933106 0.09134904 0.10593570 0.13394683 0.10264725 0.11497923 0.12074114 0.13285498 0.14577904
0.08524435 0.10933106 0.09134904 0.10593570 0.13394683 0.10264725 0.11497923 0.12074114 0.13285498 0.14577904
0.08524435 0.10933106 0.09134904 0.10593570 0.13394683 0.10264725 0.11497923 0.12074114 0.13285498 0.14577904
0.08524435 0.10933106 0.09134904 0.10593570 0.13394683 0.10264725 0.11497923 0.12074114 0.13285498 0.14577904
0.08524435 0.10933106 0.09134904 0.10593570 0.13394683 0.10264725 0.11497923 0.12074114 0.13285498 0.14577904
0.08524435 0.10933106 0.09134904 0.10593570 0.13394683 0.10264725 0.11497923 0.12074114 0.13285498 0.14577904
0.08035088 0.10589079 0.09222853 0.10367650 0.12842407 0.10018259 0.11538240 0.12555243 0.13103748 0.14654847
0.08035088 0.10589079 0.09222853 0.10367650 0.12842407 0.10018259 0.11538240 0.12555243 0.13103748 0.14654847
0.08035088 0.10589079 0.09222853 0.10367650 0.12842407 0.10018259 0.11538240 0.12555243 0.13103748 0.14654847
0.07523626 0.10229984 0.09058276 0.09952700 0.12751051 0.09683356 0.11095069 0.12374687 0.13396796 0.14368373
0.07303745 0.08991419 0.09410655 0.11252467 0.10970181 0.10031126 0.11753184 0.13149816 0.13051271 0.13730243
0.07326933 0.09375789 0.08910208 0.10542780 0.11136279 0.09800276 0.11633591 0.12327621 0.12666290 0.13665497
0.07326933 0.09375789 0.08910208 0.10542780 0.11136279 0.09800276 0.11633591 0.12327621 0.12666290 0.13665497
0.07326933 0.09375789 0.08910208 0.10542780 0.11136279 0.09800276 0.11633591 0.12327621 0.12666290 0.13665497
0.07326933 0.09375789 0.08910208 0.10542780 0.11136279 0.09800276 0.11633591 0.12327621 0.12666290 0.13665497
0.07326933 0.09375789 0.08910208 0.10542780 0.11136279 0.09800276 0.11633591 0.12327621 0.12666290 0.13665497
0.08416727 0.10051231 0.09003389 0.10525914 0.12174862 0.10548478 0.11908555 0.12891461 0.13315813 0.13818862
0.08416727 0.10051231 0.09003389 0.10525914 0.12174862 0.10548478 0.11908555 0.12891461 0.13315813 0.13818862
0.08416727 0.10051231 0.09003389 0.10525914 0.12174862 0.10548478 0.11908555 0.12891461 0.13315813 0.13818862
0.08225542 0.09981434 0.08854062 0.10549360 0.11052093 0.10233119 0.11014181 0.13518350 0.13258232 0.14341282
0.08139570 0.10186809 0.08622261 0.11112716 0.10956624 0.10457324 0.12162913 0.13562864 0.13482892 0.13833702
0.08305429 0.10305041 0.08788385 0.09952654 0.10931512 0.10036956 0.12026511 0.13557358 0.13453721 0.14811260
0.08305429 0.10305041 0.08788385 0.09952654 0.10931512 0.10036956 0.12026511 0.13557358 0.13453721 0.14811260
0.08305429 0.10305041 0.08788385 0.09952654 0.10931512 0.10036956 0.12026511 0.13557358 0.13453721 0.14811260
0.08305429 0.10305041 0.08788385 0.09952654 0.10931512 0.10036956 0.12026511 0.13557358 0.13453721 0.14811260
0.08305429 0.10305041 0.08788385 0.09952654 0.10931512 0.10036956 0.12026511 0.13557358 0.13453721 0.14811260
0.08305429 0.10305041 0.08788385 0.09952654 0.10931512 0.10036956 0.12026511 0.13557358 0.13453721 0.14811260
0.07793774 0.10268948 0.08820226 0.09854028 0.10781676 0.10069985 0.11333493 0.14358000 0.13619054 0.14490675
0.08042430 0.10320220 0.08821658 0.09851005 0.11944242 0.10055313 0.10787556 0.14497421 0.13669784 0.14637859
0.07325028 0.10315920 0.08922386 0.09896908 0.11357391 0.10207548 0.11407392 0.14289121 0.13531426 0.14811808
0.07458796 0.10424131 0.09487799 0.10566423 0.10726765 0.10289486 0.10994127 0.14066165 0.13472904 0.15212890
0.08068552 0.09380966 0.08633054 0.10468324 0.10734352 0.10541922 0.12551089 0.14947231 0.12644844 0.14338065
0.08068552 0.09380966 0.08633054 0.10468324 0.10734352 0.10541922 0.12551089 0.14947231 0.12644844 0.14338065
0.08068552 0.09380966 0.08633054 0.10468324 0.10734352 0.10541922 0.12551089 0.14947231 0.12644844 0.14338065
0.08068552 0.09380966 0.08633054 0.10468324 0.10734352 0.10541922 0.12551089 0.14947231 0.12644844 0.14338065
0.08068552 0.09380966 0.08633054 0.10468324 0.10734352 0.10541922 0.12551089 0.14947231 0.12644844 0.14338065
0.08068552 0.09380966 0.08633054 0.10468324 0.10734352 0.10541922 0.12551089 0.14947231 0.12644844 0.14338065
0.07789334 0.09396325 0.08514449 0.10983065 0.10812752 0.10450770 0.13272605 0.15351714 0.12642279 0.14227252
0.07804755 0.10604383 0.08849807 0.10675125 0.10901387 0.10354953 0.12035038 0.13011984 0.12379115 0.14147234
0.07804755 0.10604383 0.08849807 0.10675125 0.10901387 0.10354953 0.12035038 0.13011984 0.12379115 0.14147234
0.07804755 0.10604383 0.08849807 0.10675125 0.10901387 0.10354953 0.12035038 0.13011984 0.12379115 0.14147234
0.07993962 0.10560343 0.08910529 0.10610293 0.10906027 0.10428509 0.12118775 0.13054412 0.12398027 0.13971596
0.07993962 0.10560343 0.08910529 0.10610293 0.10906027 0.10428509 0.12118775 0.13054412 0.12398027 0.13971596
0.07442910 0.10351820 0.09107443 0.09786986 0.10426379 0.10058870 0.11740016 0.12821606 0.11967441 0.13814541
0.07992887 0.09779355 0.09377145 0.09817569 0.10315127 0.09902514 0.11912781 0.13205837 0.11848057 0.13778863
0.07992887 0.09779355 0.09377145 0.09817569 0.10315127 0.09902514 0.11912781 0.13205837 0.11848057 0.13778863
0.07568037 0.09603578 0.09696317 0.09920718 0.10414123 0.09823015 0.11919548 0.13855670 0.11914211 0.14082156
0.08812488 0.10934733 0.08869159 0.10243917 0.11145154 0.10459637 0.12773728 0.13198455 0.12487990 0.14316446
0.08812488 0.10934733 0.08869159 0.10243917 0.11145154 0.10459637 0.12773728 0.13198455 0.12487990 0.14316446
0.08104067 0.10485757 0.09557484 0.10343152 0.10630629 0.10963878 0.12226466 0.12718843 0.12775809 0.14265477
0.08104067 0.10485757 0.09557484 0.10343152 0.10630629 0.10963878 0.12226466 0.12718843 0.12775809 0.14265477
0.08104067 0.10485757 0.09557484 0.10343152 0.10630629 0.10963878 0.12226466 0.12718843 0.12775809 0.14265477
0.08618263 0.10895674 0.09643109 0.10080613 0.11023223 0.11155429 0.13090839 0.13534894 0.13115607 0.14948528
0.07721140 0.10464755 0.09720091 0.09933108 0.11201062 0.10831532 0.13322303 0.13244074 0.12623881 0.14953927
0.07484329 0.10742909 0.09367731 0.10044102 0.10689961 0.10492420 0.12488233 0.12357453 0.11737463 0.13711512
0.07484329 0.10742909 0.09367731 0.10044102 0.10689961 0.10492420 0.12488233 0.12357453 0.11737463 0.13711512
0.07484329 0.10742909 0.09367731 0.10044102 0.10689961 0.10492420 0.12488233 0.12357453 0.11737463 0.13711512
0.07178149 0.11476367 0.09506168 0.09996396 0.10540105 0.10515306 0.13869892 0.12625582 0.11714359 0.13600665
0.07627820 0.10501882 0.10061731 0.09542943 0.10314395 0.09300833 0.12443054 0.12551144 0.11266884 0.13601275
0.07627820 0.10501882 0.10061731 0.09542943 0.10314395 0.09300833 0.12443054 0.12551144 0.11266884 0.13601275
0.06510040 0.10574288 0.09513466 0.09535279 0.09929258 0.09946837 0.11237704 0.12836390 0.11629332 0.13460832
0.06510040 0.10574288 0.09513466 0.09535279 0.09929258 0.09946837 0.11237704 0.12836390 0.11629332 0.13460832
0.06774265 0.10650629 0.09396878 0.09773192 0.09904791 0.09674057 0.10998454 0.12924498 0.11779264 0.13380940
0.06774265 0.10650629 0.09396878 0.09773192 0.09904791 0.09674057 0.10998454 0.12924498 0.11779264 0.13380940
0.06802910 0.10009822 0.09385274 0.09691153 0.09962647 0.09568338 0.11145858 0.12726790 0.12046198 0.13755984
0.06307653 0.09515875 0.10408578 0.09959179 0.10609626 0.10502643 0.11683382 0.13585873 0.11289855 0.13711981
0.06869367 0.09807138 0.09552488 0.09252509 0.09620502 0.09720086 0.13153155 0.12675551 0.11351655 0.13826352
0.06869367 0.09807138 0.09552488 0.09252509 0.09620502 0.09720086 0.13153155 0.12675551 0.11351655 0.13826352
0.06869367 0.09807138 0.09552488 0.09252509 0.09620502 0.09720086 0.13153155 0.12675551 0.11351655 0.13826352
0.06869367 0.09807138 0.09552488 0.09252509 0.09620502 0.09720086 0.13153155 0.12675551 0.11351655 0.13826352
0.07939612 0.10924821 0.09615782 0.09219562 0.10016416 0.09941416 0.12763173 0.12625044 0.11529391 0.13790627
0.06384994 0.10425952 0.09441268 0.09325825 0.09473242 0.10479237 0.12381239 0.12165391 0.10907311 0.13541843
0.06384994 0.10425952 0.09441268 0.09325825 0.09473242 0.10479237 0.12381239 0.12165391 0.10907311 0.13541843
0.06584652 0.10985619 0.09449552 0.08949122 0.09749631 0.09400841 0.10904284 0.12753925 0.11379136 0.13580539
0.07057204 0.10739911 0.09913774 0.09090116 0.09456429 0.09453394 0.12439212 0.13324119 0.11365554 0.13648913
0.07057204 0.10739911 0.09913774 0.09090116 0.09456429 0.09453394 0.12439212 0.13324119 0.11365554 0.13648913
0.06528450 0.10541239 0.10016677 0.09142111 0.09418550 0.09711420 0.12358951 0.13013801 0.11755157 0.13558604
0.06277199 0.10382699 0.09935976 0.09025030 0.09494971 0.09617986 0.12872504 0.12890278 0.11840551 0.13642154
0.06277199 0.10382699 0.09935976 0.09025030 0.09494971 0.09617986 0.12872504 0.12890278 0.11840551 0.13642154
0.06277199 0.10382699 0.09935976 0.09025030 0.09494971 0.09617986 0.12872504 0.12890278 0.11840551 0.13642154
0.06073444 0.11387260 0.10272030 0.08951938 0.09390002 0.09384349 0.11789037 0.13127312 0.10895918 0.13911635
0.06073444 0.11387260 0.10272030 0.08951938 0.09390002 0.09384349 0.11789037 0.13127312 0.10895918 0.13911635
0.06940393 0.11009869 0.10405270 0.08895221 0.09675783 0.10985842 0.11069352 0.11608486 0.10508941 0.13927428
0.06940393 0.11009869 0.10405270 0.08895221 0.09675783 0.10985842 0.11069352 0.11608486 0.10508941 0.13927428
0.06940393 0.11009869 0.10405270 0.08895221 0.09675783 0.10985842 0.11069352 0.11608486 0.10508941 0.13927428
0.06871773 0.11010055 0.09876532 0.09252994 0.09333505 0.10290631 0.11102663 0.13112210 0.10716661 0.13205794
0.06306586 0.11206373 0.09755974 0.09470926 0.10257316 0.11062136 0.11073704 0.12102523 0.10527201 0.14061056
0.06306586 0.11206373 0.09755974 0.09470926 0.10257316 0.11062136 0.11073704 0.12102523 0.10527201 0.14061056
0.06306586 0.11206373 0.09755974 0.09470926 0.10257316 0.11062136 0.11073704 0.12102523 0.10527201 0.14061056
0.06899537 0.11190273 0.10186358 0.09561794 0.09923931 0.11081322 0.11021165 0.12859238 0.10400090 0.14939203
0.06754367 0.12551131 0.09594339 0.08988034 0.10376120 0.09498176 0.11086001 0.11490953 0.10381311 0.13963408
0.06458976 0.11569392 0.10226551 0.09038106 0.09448134 0.10075947 0.11431960 0.11508959 0.10399614 0.14118220
0.06074276 0.10724907 0.09850013 0.09171134 0.08843538 0.09445247 0.11288498 0.12453043 0.10521929 0.13968143
0.06275567 0.10301441 0.09723289 0.09115314 0.08843353 0.09618323 0.11763554 0.12064834 0.10882054 0.13776635
0.06666293 0.11552154 0.10423349 0.09224452 0.09610342 0.11235614 0.11294691 0.11560132 0.10630027 0.13769502
0.06666293 0.11552154 0.10423349 0.09224452 0.09610342 0.11235614 0.11294691 0.11560132 0.10630027 0.13769502
0.06666293 0.11552154 0.10423349 0.09224452 0.09610342 0.11235614 0.11294691 0.11560132 0.10630027 0.13769502
0.07047740 0.11930240 0.10770158 0.09340584 0.09618462 0.11715350 0.11469991 0.11583000 0.10388360 0.14012770
0.06023099 0.12145562 0.11103258 0.09137547 0.09572089 0.11495848 0.12013985 0.11485287 0.10051971 0.13807145
0.06462697 0.11574618 0.11123367 0.09155548 0.09967847 0.11026007 0.12637130 0.11311946 0.10219164 0.14176190
0.06462697 0.11574618 0.11123367 0.09155548 0.09967847 0.11026007 0.12637130 0.11311946 0.10219164 0.14176190
0.06462697 0.11574618 0.11123367 0.09155548 0.09967847 0.11026007 0.12637130 0.11311946 0.10219164 0.14176190
0.06462697 0.11574618 0.11123367 0.09155548 0.09967847 0.11026007 0.12637130 0.11311946 0.10219164 0.14176190
0.06462697 0.11574618 0.11123367 0.09155548 0.09967847 0.11026007 0.12637130 0.11311946 0.10219164 0.14176190
0.05639249 0.10645296 0.10545797 0.08985319 0.09679772 0.10344990 0.11038761 0.11468031 0.10266151 0.14293420
0.06237353 0.11853931 0.11228726 0.09124123 0.09297563 0.11178679 0.11356423 0.11559625 0.09996270 0.13988539
0.06237353 0.11853931 0.11228726 0.09124123 0.09297563 0.11178679 0.11356423 0.11559625 0.09996270 0.13988539
0.06391043 0.12166723 0.11004011 0.09054931 0.09273875 0.11779387 0.11765290 0.11439991 0.09733313 0.14168505
0.06391043 0.12166723 0.11004011 0.09054931 0.09273875 0.11779387 0.11765290 0.11439991 0.09733313 0.14168505
0.06391043 0.12166723 0.11004011 0.09054931 0.09273875 0.11779387 0.11765290 0.11439991 0.09733313 0.14168505
0.05187602 0.11871072 0.10261484 0.09467585 0.09630772 0.12157329 0.10444213 0.12354094 0.10572743 0.13900080
0.05187602 0.11871072 0.10261484 0.09467585 0.09630772 0.12157329 0.10444213 0.12354094 0.10572743 0.13900080
0.05082862 0.11936897 0.10312030 0.09548714 0.11297338 0.13062456 0.10406527 0.11603376 0.10132234 0.14247643
0.06377309 0.12109904 0.11463526 0.08888707 0.08994619 0.09570097 0.12083157 0.13971021 0.10253240 0.14399704
0.06377309 0.12109904 0.11463526 0.08888707 0.08994619 0.09570097 0.12083157 0.13971021 0.10253240 0.14399704
0.05811886 0.12726837 0.11105687 0.08867074 0.08999705 0.09836668 0.12015141 0.14730899 0.10532875 0.14412795
0.06137375 0.12338112 0.11756907 0.08998489 0.09141602 0.09753313 0.11801285 0.14495148 0.10901306 0.14019920
0.06137375 0.12338112 0.11756907 0.08998489 0.09141602 0.09753313 0.11801285 0.14495148 0.10901306 0.14019920
0.07112404 0.12133652 0.10805488 0.08936220 0.09469048 0.09874305 0.12469278 0.13671873 0.10891669 0.13972776
0.07112404 0.12133652 0.10805488 0.08936220 0.09469048 0.09874305 0.12469278 0.13671873 0.10891669 0.13972776
0.07018612 0.11405393 0.10673021 0.08947774 0.09659485 0.10510771 0.13525544 0.14674458 0.11157798 0.13940955
0.05933702 0.12907756 0.11535800 0.09141745 0.09721372 0.10234450 0.12650228 0.14362512 0.10495410 0.15172308
0.05888277 0.13281293 0.11423346 0.09343829 0.09660487 0.10201558 0.11867885 0.12302990 0.10374593 0.15292947
0.05888277 0.13281293 0.11423346 0.09343829 0.09660487 0.10201558 0.11867885 0.12302990 0.10374593 0.15292947
0.05877115 0.13202346 0.12773959 0.09416042 0.09602310 0.10758760 0.12156713 0.12341789 0.10561717 0.15716290
0.05689365 0.13598618 0.10947864 0.08911061 0.09622197 0.09748651 0.12846053 0.13651058 0.10169767 0.15409492
0.05172100 0.13170211 0.10117863 0.08838666 0.09796347 0.09685399 0.13202530 0.15298342 0.10207499 0.15109063
0.05578256 0.13405774 0.09965614 0.09048235 0.10546058 0.09783941 0.13618181 0.15730330 0.10284120 0.15125548
0.04990129 0.12905344 0.09874813 0.09164551 0.10269242 0.09795986 0.14248439 0.15931189 0.10505453 0.15457567
0.04990129 0.12905344 0.09874813 0.09164551 0.10269242 0.09795986 0.14248439 0.15931189 0.10505453 0.15457567
0.04876245 0.12950380 0.10280168 0.09164074 0.10058703 0.10327965 0.14152351 0.16556987 0.10173652 0.15900438
0.05277555 0.13732622 0.10428038 0.09008179 0.10002949 0.10264106 0.14464111 0.16007503 0.10085921 0.16073221
0.06045783 0.12538626 0.10920343 0.09175830 0.10438201 0.10170581 0.14077055 0.13467592 0.10336492 0.15158926
0.06045783 0.12538626 0.10920343 0.09175830 0.10438201 0.10170581 0.14077055 0.13467592 0.10336492 0.15158926
0.05614737 0.13618009 0.10923911 0.09161781 0.10195162 0.10227800 0.12277680 0.13359014 0.10490875 0.15500352
0.06315801 0.14542975 0.10297240 0.09269963 0.10329178 0.10223146 0.12547984 0.13864904 0.10641953 0.15340741
0.06136290 0.13737896 0.10949263 0.09361204 0.10299306 0.10046573 0.13753123 0.13385544 0.10103615 0.15184105
0.04808855 0.11678522 0.11120868 0.09267236 0.09673730 0.10183226 0.12665230 0.15354678 0.10518028 0.15003534
0.04721092 0.11439571 0.11069039 0.09449912 0.09722262 0.10113748 0.12536679 0.15049873 0.10712603 0.15184005
0.04526719 0.10561100 0.11245575 0.10295451 0.09700127 0.10078579 0.12588518 0.15973441 0.11471074 0.15916984
0.04773527 0.10915418 0.11093488 0.09846018 0.09847414 0.10134601 0.13122387 0.14576118 0.11452599 0.16398969
0.05581116 0.12466927 0.10567719 0.09057580 0.09944286 0.10195625 0.13415675 0.14931437 0.10264127 0.14134677
0.05546142 0.12557382 0.10285753 0.08991085 0.10098165 0.10249048 0.13691372 0.14063171 0.10233964 0.14278943
0.05546142 0.12557382 0.10285753 0.08991085 0.10098165 0.10249048 0.13691372 0.14063171 0.10233964 0.14278943
0.04692967 0.12432685 0.10308483 0.09198287 0.09971361 0.10560584 0.13109003 0.14713905 0.10320977 0.13734645
0.04692967 0.12432685 0.10308483 0.09198287 0.09971361 0.10560584 0.13109003 0.14713905 0.10320977 0.13734645
0.04692967 0.12432685 0.10308483 0.09198287 0.09971361 0.10560584 0.13109003 0.14713905 0.10320977 0.13734645
0.04880024 0.12530425 0.10582616 0.09453806 0.10022224 0.10979635 0.13629791 0.13479818 0.10340834 0.14603531
0.04880024 0.12530425 0.10582616 0.09453806 0.10022224 0.10979635 0.13629791 0.13479818 0.10340834 0.14603531
0.06118344 0.13184408 0.10845201 0.09181622 0.10155204 0.10718127 0.11347459 0.14375461 0.10283414 0.14631051
0.05999280 0.12257271 0.11699547 0.09486656 0.10233658 0.11235832 0.12450041 0.16172393 0.10256007 0.14880377
0.04742363 0.11909195 0.11171921 0.09345896 0.10376035 0.10725232 0.11989224 0.15760659 0.10582321 0.14396223
0.04705483 0.11977124 0.10923863 0.09178814 0.10381333 0.10717400 0.11981433 0.15758976 0.10615210 0.14134484
0.04705483 0.11977124 0.10923863 0.09178814 0.10381333 0.10717400 0.11981433 0.15758976 0.10615210 0.14134484
0.05441466 0.13044217 0.10497759 0.09438472 0.10433540 0.11130580 0.12187785 0.16043832 0.10506557 0.15412620
0.05441466 0.13044217 0.10497759 0.09438472 0.10433540 0.11130580 0.12187785 0.16043832 0.10506557 0.15412620
0.05441466 0.13044217 0.10497759 0.09438472 0.10433540 0.11130580 0.12187785 0.16043832 0.10506557 0.15412620
0.05441466 0.13044217 0.10497759 0.09438472 0.10433540 0.11130580 0.12187785 0.16043832 0.10506557 0.15412620
0.06028311 0.14398811 0.10562302 0.09872993 0.11015113 0.11213453 0.13242054 0.13207130 0.10087782 0.15579052
0.05450921 0.12942120 0.10316344 0.09762830 0.10840526 0.10938319 0.13196237 0.12854684 0.10148902 0.15283182
0.05060832 0.12224873 0.10591566 0.09919538 0.10660847 0.11715638 0.12752438 0.12795460 0.10432542 0.15746450
0.05597758 0.13981904 0.11344423 0.09716417 0.10529055 0.11559760 0.13644344 0.15099890 0.10160689 0.15783691
0.05045764 0.12877664 0.11071092 0.09632503 0.10649547 0.10698818 0.13155736 0.15811394 0.10843290 0.15762750
0.04279693 0.12742751 0.10733722 0.09942562 0.10733516 0.11140963 0.13668659 0.15414312 0.10478279 0.15957541
0.04390253 0.12036870 0.10862249 0.10137125 0.10896958 0.10883220 0.13193843 0.14546143 0.10339562 0.15808478
0.04472208 0.11773339 0.11327544 0.10428292 0.10810514 0.10847486 0.13045373 0.14948147 0.10631910 0.15796182
0.04472208 0.11773339 0.11327544 0.10428292 0.10810514 0.10847486 0.13045373 0.14948147 0.10631910 0.15796182
0.06260490 0.14118831 0.11060532 0.09928732 0.10593142 0.10894331 0.13133755 0.15091593 0.10070194 0.16958795
0.04745951 0.13461129 0.10517829 0.09960678 0.10936900 0.10988116 0.11847407 0.14903620 0.10205985 0.16608619
0.04782980 0.14638695 0.12271544 0.09895840 0.11033051 0.11358940 0.14540564 0.14133920 0.10491428 0.17237289
0.05621996 0.14004037 0.10829545 0.10068540 0.10651064 0.10737643 0.12468613 0.14706102 0.10103789 0.16699480
0.05621996 0.14004037 0.10829545 0.10068540 0.10651064 0.10737643 0.12468613 0.14706102 0.10103789 0.16699480
0.04539678 0.13400829 0.10599369 0.10187945 0.10949788 0.10676101 0.13975280 0.16566988 0.10336731 0.17551371
0.04710464 0.14046393 0.11891784 0.09883977 0.10843103 0.10728292 0.12841057 0.15978239 0.10133797 0.17322560
0.04450294 0.13689271 0.10073156 0.10069597 0.10709395 0.10668359 0.14842887 0.15938405 0.10383635 0.17065981
0.04450294 0.13689271 0.10073156 0.10069597 0.10709395 0.10668359 0.14842887 0.15938405 0.10383635 0.17065981
0.04389517 0.13655980 0.09814806 0.10275689 0.10705529 0.10840634 0.15504654 0.18052731 0.10202100 0.16541110
0.04555364 0.13773498 0.09476755 0.10327582 0.10775710 0.11140041 0.15145608 0.18959210 0.10122473 0.16483363
0.04555364 0.13773498 0.09476755 0.10327582 0.10775710 0.11140041 0.15145608 0.18959210 0.10122473 0.16483363
0.04555364 0.13773498 0.09476755 0.10327582 0.10775710 0.11140041 0.15145608 0.18959210 0.10122473 0.16483363
0.04555364 0.13773498 0.09476755 0.10327582 0.10775710 0.11140041 0.15145608 0.18959210 0.10122473 0.16483363
0.04448347 0.14338319 0.09443175 0.10294854 0.10675984 0.11193293 0.14749819 0.18394944 0.10412836 0.16343754
0.04491580 0.14078179 0.09428540 0.10336513 0.10801316 0.11532503 0.14879973 0.17256759 0.10465049 0.16647772
0.04491580 0.14078179 0.09428540 0.10336513 0.10801316 0.11532503 0.14879973 0.17256759 0.10465049 0.16647772
0.04407964 0.13505089 0.10920467 0.10047751 0.10770028 0.10233704 0.13770811 0.16288633 0.10645435 0.17798189
0.04709412 0.13908366 0.10738806 0.10031538 0.10618201 0.10411262 0.12568497 0.16721883 0.10394890 0.17402642
0.04709412 0.13908366 0.10738806 0.10031538 0.10618201 0.10411262 0.12568497 0.16721883 0.10394890 0.17402642
0.04239688 0.13886489 0.11318505 0.10410525 0.10741539 0.10670329 0.14183587 0.18446843 0.10756054 0.17432585
0.04239688 0.13886489 0.11318505 0.10410525 0.10741539 0.10670329 0.14183587 0.18446843 0.10756054 0.17432585
0.04239688 0.13886489 0.11318505 0.10410525 0.10741539 0.10670329 0.14183587 0.18446843 0.10756054 0.17432585
0.04089228 0.14060318 0.12059970 0.10594480 0.10924611 0.10996258 0.13963392 0.19256525 0.11467177 0.16619629
0.04089228 0.14060318 0.12059970 0.10594480 0.10924611 0.10996258 0.13963392 0.19256525 0.11467177 0.16619629
0.04089228 0.14060318 0.12059970 0.10594480 0.10924611 0.10996258 0.13963392 0.19256525 0.11467177 0.16619629
0.04089228 0.14060318 0.12059970 0.10594480 0.10924611 0.10996258 0.13963392 0.19256525 0.11467177 0.16619629
0.04137750 0.13114750 0.12896747 0.10472039 0.10926355 0.10828115 0.14159928 0.19198607 0.10975437 0.16408435
0.04137750 0.13114750 0.12896747 0.10472039 0.10926355 0.10828115 0.14159928 0.19198607 0.10975437 0.16408435
0.04243715 0.13148785 0.10379377 0.10158343 0.10606513 0.10209271 0.12866001 0.17224166 0.10426746 0.17032583
0.04243715 0.13148785 0.10379377 0.10158343 0.10606513 0.10209271 0.12866001 0.17224166 0.10426746 0.17032583
0.04171431 0.13864110 0.10773478 0.10512059 0.10712727 0.10492040 0.14848317 0.18599249 0.10473408 0.17854495
0.04171431 0.13864110 0.10773478 0.10512059 0.10712727 0.10492040 0.14848317 0.18599249 0.10473408 0.17854495
0.04171431 0.13864110 0.10773478 0.10512059 0.10712727 0.10492040 0.14848317 0.18599249 0.10473408 0.17854495
0.04171431 0.13864110 0.10773478 0.10512059 0.10712727 0.10492040 0.14848317 0.18599249 0.10473408 0.17854495
0.04171431 0.13864110 0.10773478 0.10512059 0.10712727 0.10492040 0.14848317 0.18599249 0.10473408 0.17854495
0.04195907 0.14080242 0.12242010 0.10198733 0.10723432 0.10278991 0.13686993 0.18933573 0.10988150 0.17261915
0.04195907 0.14080242 0.12242010 0.10198733 0.10723432 0.10278991 0.13686993 0.18933573 0.10988150 0.17261915
0.04139658 0.14096190 0.10955391 0.10238532 0.10815450 0.10195561 0.13259062 0.17696408 0.11519483 0.16716801
0.04235076 0.13371228 0.09915843 0.10407704 0.10773567 0.10078055 0.13007932 0.17729110 0.11868107 0.16593607
0.04235076 0.13371228 0.09915843 0.10407704 0.10773567 0.10078055 0.13007932 0.17729110 0.11868107 0.16593607
0.04185447 0.11882229 0.10446785 0.09995336 0.10420736 0.10096317 0.12679523 0.18462556 0.10551214 0.17057534
0.05265929 0.11822652 0.11525200 0.10197161 0.10522511 0.10157140 0.12570890 0.19279421 0.10758843 0.17829523
0.05265929 0.11822652 0.11525200 0.10197161 0.10522511 0.10157140 0.12570890 0.19279421 0.10758843 0.17829523
0.04927429 0.12356249 0.10751726 0.10095723 0.10358675 0.10034890 0.11815799 0.18026274 0.10428727 0.17519725
0.04927429 0.12356249 0.10751726 0.10095723 0.10358675 0.10034890 0.11815799 0.18026274 0.10428727 0.17519725
0.04743438 0.12723033 0.11073239 0.10080811 0.10313875 0.10399858 0.11859809 0.15305645 0.10194081 0.17903831
0.04690783 0.13141651 0.11381368 0.10173712 0.10266450 0.10766016 0.11552346 0.15593121 0.10198148 0.17763489
0.04690783 0.13141651 0.11381368 0.10173712 0.10266450 0.10766016 0.11552346 0.15593121 0.10198148 0.17763489
0.04668744 0.14109770 0.10140030 0.10113919 0.10504182 0.10045707 0.14628896 0.17740332 0.10304815 0.17687189
0.04498125 0.14111959 0.10716004 0.09989148 0.10469135 0.09922949 0.12789770 0.18441589 0.10237001 0.17533470
0.04498125 0.14111959 0.10716004 0.09989148 0.10469135 0.09922949 0.12789770 0.18441589 0.10237001 0.17533470
0.04760429 0.13646472 0.10271266 0.10080615 0.10543132 0.10104476 0.11486557 0.17861892 0.10263640 0.17353324
0.04208415 0.13456796 0.10482608 0.11165904 0.10666343 0.10036675 0.13165599 0.18657403 0.10916624 0.17871628
0.04371159 0.13217517 0.10512589 0.10434645 0.10953556 0.10183117 0.13801482 0.19180576 0.10882385 0.17010221
0.04532887 0.13527872 0.10847807 0.10491858 0.11007588 0.10091817 0.15044429 0.19380870 0.10546294 0.17205015
0.04532887 0.13527872 0.10847807 0.10491858 0.11007588 0.10091817 0.15044429 0.19380870 0.10546294 0.17205015
0.04308523 0.13107295 0.11558312 0.10447039 0.10717411 0.10075361 0.14462264 0.17410336 0.10499668 0.18074932
0.04308523 0.13107295 0.11558312 0.10447039 0.10717411 0.10075361 0.14462264 0.17410336 0.10499668 0.18074932
0.04308523 0.13107295 0.11558312 0.10447039 0.10717411 0.10075361 0.14462264 0.17410336 0.10499668 0.18074932
0.04187046 0.13119883 0.10038628 0.10331806 0.10657422 0.09980859 0.13272780 0.17447337 0.10422390 0.17098172
0.04121169 0.12197920 0.09995829 0.10444491 0.10698595 0.10043244 0.14406684 0.17312810 0.10561364 0.16646130
0.04121169 0.12197920 0.09995829 0.10444491 0.10698595 0.10043244 0.14406684 0.17312810 0.10561364 0.16646130
0.04121169 0.12197920 0.09995829 0.10444491 0.10698595 0.10043244 0.14406684 0.17312810 0.10561364 0.16646130
0.04152510 0.13096948 0.11057735 0.10699882 0.10915488 0.10157869 0.14067412 0.18155880 0.10803315 0.17367048
0.04152510 0.13096948 0.11057735 0.10699882 0.10915488 0.10157869 0.14067412 0.18155880 0.10803315 0.17367048
0.04152510 0.13096948 0.11057735 0.10699882 0.10915488 0.10157869 0.14067412 0.18155880 0.10803315 0.17367048
0.04152510 0.13096948 0.11057735 0.10699882 0.10915488 0.10157869 0.14067412 0.18155880 0.10803315 0.17367048
0.04470822 0.12622537 0.10582879 0.10374395 0.10820332 0.10046438 0.13716794 0.17522071 0.10782729 0.17166662
0.04470822 0.12622537 0.10582879 0.10374395 0.10820332 0.10046438 0.13716794 0.17522071 0.10782729 0.17166662
0.04233326 0.12645191 0.10334805 0.10255334 0.11003672 0.10138927 0.14328560 0.18102202 0.11128599 0.17526042
0.04233326 0.12645191 0.10334805 0.10255334 0.11003672 0.10138927 0.14328560 0.18102202 0.11128599 0.17526042
0.04396826 0.12923390 0.10663476 0.10298592 0.10968138 0.10016403 0.13750543 0.17612737 0.10173207 0.17102674
0.04396826 0.12923390 0.10663476 0.10298592 0.10968138 0.10016403 0.13750543 0.17612737 0.10173207 0.17102674
0.04396826 0.12923390 0.10663476 0.10298592 0.10968138 0.10016403 0.13750543 0.17612737 0.10173207 0.17102674
0.04396826 0.12923390 0.10663476 0.10298592 0.10968138 0.10016403 0.13750543 0.17612737 0.10173207 0.17102674
0.04396826 0.12923390 0.10663476 0.10298592 0.10968138 0.10016403 0.13750543 0.17612737 0.10173207 0.17102674
0.04396826 0.12923390 0.10663476 0.10298592 0.10968138 0.10016403 0.13750543 0.17612737 0.10173207 0.17102674
0.04396826 0.12923390 0.10663476 0.10298592 0.10968138 0.10016403 0.13750543 0.17612737 0.10173207 0.17102674
0.04396826 0.12923390 0.10663476 0.10298592 0.10968138 0.10016403 0.13750543 0.17612737 0.10173207 0.17102674
0.04401112 0.13965153 0.10607787 0.10226418 0.10970281 0.09984879 0.12832985 0.16950792 0.10112357 0.17255304
0.04401112 0.13965153 0.10607787 0.10226418 0.10970281 0.09984879 0.12832985 0.16950792 0.10112357 0.17255304
0.04401112 0.13965153 0.10607787 0.10226418 0.10970281 0.09984879 0.12832985 0.16950792 0.10112357 0.17255304
0.04355792 0.12643486 0.10723306 0.10451436 0.10802325 0.10285354 0.15193838 0.16973230 0.10135001 0.17111940
0.04193197 0.12948861 0.11374277 0.10558529 0.10653941 0.10247900 0.12596928 0.16810346 0.10380016 0.17483085
0.04255666 0.12603964 0.11173349 0.10191336 0.10607885 0.10110455 0.11475560 0.15913324 0.10703226 0.17838606
0.04324965 0.12630340 0.11950052 0.10067555 0.10745604 0.10164047 0.12488642 0.17016102 0.10675273 0.17466797
0.04324965 0.12630340 0.11950052 0.10067555 0.10745604 0.10164047 0.12488642 0.17016102 0.10675273 0.17466797
0.04324965 0.12630340 0.11950052 0.10067555 0.10745604 0.10164047 0.12488642 0.17016102 0.10675273 0.17466797
0.04324965 0.12630340 0.11950052 0.10067555 0.10745604 0.10164047 0.12488642 0.17016102 0.10675273 0.17466797
0.04377143 0.12178933 0.12618750 0.10075360 0.10615655 0.10070826 0.13389985 0.16246040 0.11183550 0.17468556
0.04320256 0.12778244 0.10098201 0.10314997 0.10911200 0.10228497 0.12578112 0.17457131 0.10740960 0.16718193
0.04320256 0.12778244 0.10098201 0.10314997 0.10911200 0.10228497 0.12578112 0.17457131 0.10740960 0.16718193
0.04320256 0.12778244 0.10098201 0.10314997 0.10911200 0.10228497 0.12578112 0.17457131 0.10740960 0.16718193
0.04320256 0.12778244 0.10098201 0.10314997 0.10911200 0.10228497 0.12578112 0.17457131 0.10740960 0.16718193
0.04524524 0.12675507 0.09913681 0.10543493 0.11363985 0.10278977 0.13296797 0.17500371 0.11217697 0.16951620
0.04524524 0.12675507 0.09913681 0.10543493 0.11363985 0.10278977 0.13296797 0.17500371 0.11217697 0.16951620
0.04524524 0.12675507 0.09913681 0.10543493 0.11363985 0.10278977 0.13296797 0.17500371 0.11217697 0.16951620
0.04752187 0.11576728 0.11256435 0.10908347 0.11737526 0.10374896 0.15467192 0.20250125 0.11074497 0.17204984
0.04140785 0.12640706 0.10351520 0.10405145 0.10976302 0.10242844 0.13956361 0.16908975 0.10215695 0.17114241
0.04140785 0.12640706 0.10351520 0.10405145 0.10976302 0.10242844 0.13956361 0.16908975 0.10215695 0.17114241
0.04762623 0.13015541 0.10762589 0.10497826 0.11256767 0.10558277 0.13290916 0.19844954 0.10730125 0.16681336
0.04994870 0.13667158 0.10447299 0.10785104 0.10980576 0.10685206 0.13444549 0.19860490 0.10324315 0.17168018
0.04994870 0.13667158 0.10447299 0.10785104 0.10980576 0.10685206 0.13444549 0.19860490 0.10324315 0.17168018
0.04994870 0.13667158 0.10447299 0.10785104 0.10980576 0.10685206 0.13444549 0.19860490 0.10324315 0.17168018
0.04994870 0.13667158 0.10447299 0.10785104 0.10980576 0.10685206 0.13444549 0.19860490 0.10324315 0.17168018
0.04411986 0.13369190 0.09859019 0.10762387 0.11197760 0.10781234 0.14851875 0.19384545 0.10400942 0.16752172
0.04411986 0.13369190 0.09859019 0.10762387 0.11197760 0.10781234 0.14851875 0.19384545 0.10400942 0.16752172
0.04411986 0.13369190 0.09859019 0.10762387 0.11197760 0.10781234 0.14851875 0.19384545 0.10400942 0.16752172
0.04411986 0.13369190 0.09859019 0.10762387 0.11197760 0.10781234 0.14851875 0.19384545 0.10400942 0.16752172
0.04411986 0.13369190 0.09859019 0.10762387 0.11197760 0.10781234 0.14851875 0.19384545 0.10400942 0.16752172
0.04411986 0.13369190 0.09859019 0.10762387 0.11197760 0.10781234 0.14851875 0.19384545 0.10400942 0.16752172
0.04411986 0.13369190 0.09859019 0.10762387 0.11197760 0.10781234 0.14851875 0.19384545 0.10400942 0.16752172
0.04328458 0.12481388 0.09920609 0.10539599 0.10756104 0.10451906 0.13492946 0.19178657 0.10308245 0.16827581
0.04328458 0.12481388 0.09920609 0.10539599 0.10756104 0.10451906 0.13492946 0.19178657 0.10308245 0.16827581
0.04328458 0.12481388 0.09920609 0.10539599 0.10756104 0.10451906 0.13492946 0.19178657 0.10308245 0.16827581
0.04058814 0.13147170 0.10280546 0.10592824 0.10656001 0.10552975 0.15165976 0.18625533 0.10071831 0.16541741
0.04025543 0.12400583 0.10691459 0.10492077 0.10915819 0.10410387 0.13578894 0.18584083 0.10410713 0.16671908
0.04025543 0.12400583 0.10691459 0.10492077 0.10915819 0.10410387 0.13578894 0.18584083 0.10410713 0.16671908
0.04025543 0.12400583 0.10691459 0.10492077 0.10915819 0.10410387 0.13578894 0.18584083 0.10410713 0.16671908
0.04366321 0.12281362 0.10705596 0.10690536 0.11233649 0.10702897 0.15973867 0.18299166 0.10930524 0.16126388
0.04366321 0.12281362 0.10705596 0.10690536 0.11233649 0.10702897 0.15973867 0.18299166 0.10930524 0.16126388
0.04936425 0.11683805 0.11570014 0.10698603 0.10595828 0.10585159 0.13143690 0.18055430 0.10361222 0.17045762
0.04382909 0.11554982 0.10533762 0.10705967 0.12236364 0.10774843 0.14435947 0.19201178 0.10474526 0.16754406
0.04113611 0.12862583 0.10991081 0.10492413 0.10968062 0.10439072 0.12957539 0.18587962 0.10858730 0.16900576
0.04565962 0.12613114 0.10396704 0.10563962 0.11503435 0.10455913 0.12225206 0.18794505 0.11107608 0.16543332
0.04565962 0.12613114 0.10396704 0.10563962 0.11503435 0.10455913 0.12225206 0.18794505 0.11107608 0.16543332
0.04565962 0.12613114 0.10396704 0.10563962 0.11503435 0.10455913 0.12225206 0.18794505 0.11107608 0.16543332
0.04565962 0.12613114 0.10396704 0.10563962 0.11503435 0.10455913 0.12225206 0.18794505 0.11107608 0.16543332
0.04565962 0.12613114 0.10396704 0.10563962 0.11503435 0.10455913 0.12225206 0.18794505 0.11107608 0.16543332
0.04565962 0.12613114 0.10396704 0.10563962 0.11503435 0.10455913 0.12225206 0.18794505 0.11107608 0.16543332
0.04565962 0.12613114 0.10396704 0.10563962 0.11503435 0.10455913 0.12225206 0.18794505 0.11107608 0.16543332
0.04238358 0.12834224 0.10367872 0.10802071 0.11861839 0.10705527 0.12927012 0.20498619 0.12121637 0.16544443
0.04432430 0.12719423 0.10501440 0.10897950 0.10635417 0.10446870 0.14077013 0.17283566 0.10377229 0.16587720
0.04432430 0.12719423 0.10501440 0.10897950 0.10635417 0.10446870 0.14077013 0.17283566 0.10377229 0.16587720
0.04432430 0.12719423 0.10501440 0.10897950 0.10635417 0.10446870 0.14077013 0.17283566 0.10377229 0.16587720
0.04432430 0.12719423 0.10501440 0.10897950 0.10635417 0.10446870 0.14077013 0.17283566 0.10377229 0.16587720
0.04882757 0.13176463 0.10840337 0.11001679 0.10902444 0.10677470 0.13366559 0.17420919 0.09972581 0.17498417
0.05536236 0.13722032 0.10850002 0.10883376 0.10968869 0.10775307 0.13762301 0.17156775 0.10086798 0.17682450
0.05536236 0.13722032 0.10850002 0.10883376 0.10968869 0.10775307 0.13762301 0.17156775 0.10086798 0.17682450
0.05536236 0.13722032 0.10850002 0.10883376 0.10968869 0.10775307 0.13762301 0.17156775 0.10086798 0.17682450
0.05536236 0.13722032 0.10850002 0.10883376 0.10968869 0.10775307 0.13762301 0.17156775 0.10086798 0.17682450
0.05536236 0.13722032 0.10850002 0.10883376 0.10968869 0.10775307 0.13762301 0.17156775 0.10086798 0.17682450
0.05536236 0.13722032 0.10850002 0.10883376 0.10968869 0.10775307 0.13762301 0.17156775 0.10086798 0.17682450
0.05536236 0.13722032 0.10850002 0.10883376 0.10968869 0.10775307 0.13762301 0.17156775 0.10086798 0.17682450
0.05131741 0.14198567 0.10746261 0.10997291 0.11292888 0.10951167 0.16218965 0.17743680 0.09989539 0.17813936
0.06903731 0.14113823 0.11675089 0.11519757 0.11376206 0.10866465 0.16021301 0.17250293 0.09984730 0.18383473
0.04495503 0.11657606 0.11753503 0.10298942 0.10978726 0.10268359 0.13614900 0.16915172 0.11289450 0.16682377
0.04147750 0.12689208 0.11780045 0.10469896 0.10640209 0.10563270 0.13866545 0.16562645 0.10214329 0.16381901
0.04309396 0.12432153 0.10584563 0.10347211 0.10682748 0.10408778 0.13131702 0.15793722 0.10198983 0.16462490
0.04654641 0.12093804 0.10577037 0.10168300 0.10628354 0.10289723 0.12279126 0.15670215 0.10707342 0.16760645
0.04654641 0.12093804 0.10577037 0.10168300 0.10628354 0.10289723 0.12279126 0.15670215 0.10707342 0.16760645
0.04653256 0.12859440 0.09853772 0.10116499 0.10448428 0.10425519 0.11511413 0.15012182 0.11070314 0.17022444
0.04202307 0.12349396 0.11368605 0.10181675 0.10613119 0.10467889 0.13494324 0.17148481 0.11275018 0.16242740
0.03900898 0.12353821 0.10586660 0.10109922 0.10711299 0.10326818 0.14566807 0.17588922 0.10905625 0.17233208
0.03900898 0.12353821 0.10586660 0.10109922 0.10711299 0.10326818 0.14566807 0.17588922 0.10905625 0.17233208
0.03900898 0.12353821 0.10586660 0.10109922 0.10711299 0.10326818 0.14566807 0.17588922 0.10905625 0.17233208
0.03900898 0.12353821 0.10586660 0.10109922 0.10711299 0.10326818 0.14566807 0.17588922 0.10905625 0.17233208
0.04941138 0.12425699 0.10568312 0.10259300 0.10881093 0.10831586 0.14510248 0.16509081 0.10211979 0.16602960
0.04941138 0.12425699 0.10568312 0.10259300 0.10881093 0.10831586 0.14510248 0.16509081 0.10211979 0.16602960
0.05622232 0.12033155 0.11018789 0.10629039 0.11105044 0.10574316 0.12976541 0.14350739 0.10266725 0.16771569
0.06613200 0.12296557 0.10776419 0.10806803 0.10865453 0.10771732 0.13799756 0.16030568 0.10677163 0.16472471
0.05583607 0.11894868 0.10884616 0.11060941 0.10872414 0.10595878 0.13740301 0.17302006 0.10436585 0.16714660
0.04362601 0.13331325 0.10561510 0.10794349 0.10919161 0.10717374 0.13915981 0.15265825 0.09804974 0.17290335
0.04362601 0.13331325 0.10561510 0.10794349 0.10919161 0.10717374 0.13915981 0.15265825 0.09804974 0.17290335
0.04362601 0.13331325 0.10561510 0.10794349 0.10919161 0.10717374 0.13915981 0.15265825 0.09804974 0.17290335
0.04362601 0.13331325 0.10561510 0.10794349 0.10919161 0.10717374 0.13915981 0.15265825 0.09804974 0.17290335
0.04362601 0.13331325 0.10561510 0.10794349 0.10919161 0.10717374 0.13915981 0.15265825 0.09804974 0.17290335
0.04362601 0.13331325 0.10561510 0.10794349 0.10919161 0.10717374 0.13915981 0.15265825 0.09804974 0.17290335
0.05741190 0.12357414 0.10506595 0.10620885 0.10932465 0.10565057 0.13406839 0.17136850 0.10150587 0.17100685
0.05741190 0.12357414 0.10506595 0.10620885 0.10932465 0.10565057 0.13406839 0.17136850 0.10150587 0.17100685
0.05883997 0.12478840 0.11655639 0.10460534 0.10969643 0.10538166 0.14803304 0.15984792 0.10477570 0.16914711
0.04817065 0.14301463 0.11909594 0.10605615 0.10604582 0.10710593 0.16945170 0.15517086 0.10036599 0.17370487
0.04817065 0.14301463 0.11909594 0.10605615 0.10604582 0.10710593 0.16945170 0.15517086 0.10036599 0.17370487
0.04624018 0.13579193 0.11925807 0.10787812 0.10576395 0.11244641 0.17837233 0.15065231 0.09894858 0.17308223
0.04624018 0.13579193 0.11925807 0.10787812 0.10576395 0.11244641 0.17837233 0.15065231 0.09894858 0.17308223
0.05228878 0.12112479 0.10987407 0.10529920 0.11013533 0.10735770 0.13248688 0.16073134 0.10146554 0.16192447
0.05207499 0.13041392 0.10760885 0.10704598 0.11114802 0.10809082 0.13835794 0.16329068 0.09962870 0.16238596
0.07794496 0.11832515 0.11114350 0.10970815 0.11262135 0.10940210 0.13564937 0.16772864 0.10802579 0.16152502
0.07794496 0.11832515 0.11114350 0.10970815 0.11262135 0.10940210 0.13564937 0.16772864 0.10802579 0.16152502
0.08496570 0.12028561 0.11503804 0.10476093 0.11197673 0.10935951 0.13515345 0.16392869 0.11180714 0.16637289
0.08496570 0.12028561 0.11503804 0.10476093 0.11197673 0.10935951 0.13515345 0.16392869 0.11180714 0.16637289
0.08496570 0.12028561 0.11503804 0.10476093 0.11197673 0.10935951 0.13515345 0.16392869 0.11180714 0.16637289
0.08496570 0.12028561 0.11503804 0.10476093 0.11197673 0.10935951 0.13515345 0.16392869 0.11180714 0.16637289
0.06208636 0.11844785 0.10579788 0.10904959 0.11456042 0.10910954 0.14691131 0.15131261 0.10539525 0.16204492
0.07507511 0.10561014 0.10827723 0.10926484 0.11360651 0.10729422 0.13544273 0.17806311 0.10769658 0.15617608
0.06066969 0.11172705 0.10885604 0.10439348 0.11237101 0.10677694 0.14636497 0.15317551 0.10690419 0.16170170
0.06789610 0.10988990 0.11237551 0.10982137 0.11379097 0.10685007 0.14510797 0.15293393 0.11158221 0.15661627
0.06789610 0.10988990 0.11237551 0.10982137 0.11379097 0.10685007 0.14510797 0.15293393 0.11158221 0.15661627
0.06761429 0.11703947 0.11021972 0.10896729 0.11683687 0.10488820 0.15674428 0.15542367 0.10543409 0.15265380
0.06761429 0.11703947 0.11021972 0.10896729 0.11683687 0.10488820 0.15674428 0.15542367 0.10543409 0.15265380
0.07465065 0.10848194 0.10675120 0.10988257 0.11669202 0.10252421 0.14223889 0.15208933 0.10603077 0.14965268
0.07465065 0.10848194 0.10675120 0.10988257 0.11669202 0.10252421 0.14223889 0.15208933 0.10603077 0.14965268
0.05974510 0.10203032 0.11445445 0.10616194 0.11461556 0.10945983 0.15553713 0.15984449 0.10591668 0.15868956
0.08302868 0.08852421 0.12279407 0.11291938 0.11735609 0.10564780 0.14395130 0.17444432 0.11761266 0.15254391
0.08302868 0.08852421 0.12279407 0.11291938 0.11735609 0.10564780 0.14395130 0.17444432 0.11761266 0.15254391
0.08067000 0.09526376 0.12529450 0.10690708 0.11716274 0.10787271 0.14143463 0.16920918 0.11387884 0.15373599
0.09302046 0.08894031 0.11202548 0.10383831 0.11560202 0.10870897 0.13049573 0.16565362 0.12360284 0.15002872
0.06090190 0.10548459 0.11370281 0.10865926 0.11281896 0.10790653 0.14135318 0.16213022 0.12195915 0.15966740
0.06173559 0.11116952 0.11622467 0.10719215 0.11174237 0.10839696 0.13497111 0.17245758 0.12556527 0.15798613
0.06222640 0.10090879 0.11426242 0.10585121 0.10512321 0.10121544 0.14855981 0.15878900 0.10314169 0.15300242
0.06222640 0.10090879 0.11426242 0.10585121 0.10512321 0.10121544 0.14855981 0.15878900 0.10314169 0.15300242
0.06222640 0.10090879 0.11426242 0.10585121 0.10512321 0.10121544 0.14855981 0.15878900 0.10314169 0.15300242
0.06434226 0.10525533 0.10743608 0.10548321 0.11870853 0.10808617 0.15121040 0.16757482 0.11731843 0.15741248
0.06399439 0.09862000 0.10802652 0.11381667 0.13180451 0.10685594 0.16705102 0.16264883 0.11662622 0.15768380
0.06399439 0.09862000 0.10802652 0.11381667 0.13180451 0.10685594 0.16705102 0.16264883 0.11662622 0.15768380
0.06399439 0.09862000 0.10802652 0.11381667 0.13180451 0.10685594 0.16705102 0.16264883 0.11662622 0.15768380
0.06900208 0.09101693 0.11046209 0.10359963 0.11561606 0.10422773 0.13306140 0.16181147 0.12495037 0.15413869
0.06540581 0.09498902 0.11391166 0.10873141 0.11201787 0.10342715 0.13551703 0.16423603 0.11243502 0.15691232
0.06540581 0.09498902 0.11391166 0.10873141 0.11201787 0.10342715 0.13551703 0.16423603 0.11243502 0.15691232
0.06540581 0.09498902 0.11391166 0.10873141 0.11201787 0.10342715 0.13551703 0.16423603 0.11243502 0.15691232
0.06359890 0.09799113 0.10518351 0.10408140 0.11178793 0.10242869 0.13250999 0.15524920 0.11103544 0.15771286
0.06147677 0.10052167 0.10481008 0.10208121 0.10929786 0.10213849 0.12501020 0.15205596 0.10799837 0.15700794
0.06147677 0.10052167 0.10481008 0.10208121 0.10929786 0.10213849 0.12501020 0.15205596 0.10799837 0.15700794
0.06499383 0.09956319 0.10715705 0.10753309 0.10139101 0.09986550 0.15053050 0.15750997 0.11497769 0.14324218
0.05830605 0.09347297 0.10396788 0.10516917 0.11453075 0.10311575 0.13457684 0.16508602 0.10925339 0.15315384
0.05830605 0.09347297 0.10396788 0.10516917 0.11453075 0.10311575 0.13457684 0.16508602 0.10925339 0.15315384
