0.00000000 0.00000000 0.00000000 0.00000000 0.00000000 0.00000000 0.00000000 0.00000000 0.00000000 0.00000000
0.00000000 0.00000000 0.00000000 0.00000000 0.00000000 0.00000000 0.00000000 0.00000000 0.00000000 0.00000000
0.00000000 0.00000000 0.00000000 0.00000000 0.00000000 0.00000000 0.00000000 0.00000000 0.00000000 0.00000000
0.09635149 0.11144812 0.11791930 0.12191666 0.12868844 0.11696311 0.11646866 0.13893110 0.14793632 0.16284701
0.09635149 0.11144812 0.11791930 0.12191666 0.12868844 0.11696311 0.11646866 0.13893110 0.14793632 0.16284701
0.10264006 0.11165132 0.11432026 0.13577398 0.13027626 0.11471318 0.11506339 0.13505074 0.14732498 0.15933473
0.10833768 0.11683217 0.11503835 0.13783519 0.12695591 0.11163223 0.11849251 0.14294411 0.14975644 0.16053465
0.10324131 0.11008750 0.11523440 0.12870201 0.12604886 0.11496720 0.11882661 0.14152040 0.14675405 0.15779032
0.09481361 0.10194433 0.10371251 0.11633582 0.11799438 0.11072777 0.11983471 0.12997281 0.14762040 0.15444776
0.09628363 0.10529126 0.10003880 0.11659567 0.11218736 0.11203291 0.12701201 0.13579081 0.16127212 0.16079221
0.09628363 0.10529126 0.10003880 0.11659567 0.11218736 0.11203291 0.12701201 0.13579081 0.16127212 0.16079221
0.09757667 0.10043854 0.09975952 0.12098400 0.11018058 0.11337657 0.12567826 0.13492368 0.16033002 0.15219039
0.09349297 0.09423718 0.09726668 0.11742785 0.10972433 0.11421596 0.12454014 0.13388040 0.16090973 0.14861428
0.09632937 0.09398237 0.09668132 0.11931809 0.11052293 0.11256001 0.12517805 0.13782727 0.16032865 0.14675993
0.09291800 0.09563570 0.10294591 0.12680316 0.10731369 0.11224282 0.12494186 0.13036827 0.16240376 0.14967663
0.09291800 0.09563570 0.10294591 0.12680316 0.10731369 0.11224282 0.12494186 0.13036827 0.16240376 0.14967663
0.09291800 0.09563570 0.10294591 0.12680316 0.10731369 0.11224282 0.12494186 0.13036827 0.16240376 0.14967663
0.09291800 0.09563570 0.10294591 0.12680316 0.10731369 0.11224282 0.12494186 0.13036827 0.16240376 0.14967663
0.09291800 0.09563570 0.10294591 0.12680316 0.10731369 0.11224282 0.12494186 0.13036827 0.16240376 0.14967663
0.09291800 0.09563570 0.10294591 0.12680316 0.10731369 0.11224282 0.12494186 0.13036827 0.16240376 0.14967663
0.09291800 0.09563570 0.10294591 0.12680316 0.10731369 0.11224282 0.12494186 0.13036827 0.16240376 0.14967663
0.09291800 0.09563570 0.10294591 0.12680316 0.10731369 0.11224282 0.12494186 0.13036827 0.16240376 0.14967663
0.09065768 0.09904127 0.09921486 0.12696566 0.10786627 0.11207080 0.12542651 0.12940157 0.15963365 0.15082982
0.09065768 0.09904127 0.09921486 0.12696566 0.10786627 0.11207080 0.12542651 0.12940157 0.15963365 0.15082982
0.08874799 0.10016815 0.09802190 0.13027624 0.10798103 0.11102024 0.12607771 0.12963173 0.15855868 0.14898836
0.09462574 0.10436561 0.10761516 0.14118641 0.10654871 0.11130460 0.12679982 0.13866968 0.15794090 0.15351484
0.08513333 0.09640021 0.09878414 0.13652808 0.11007439 0.11399531 0.11914004 0.12806899 0.15910263 0.14827894
0.08513333 0.09640021 0.09878414 0.13652808 0.11007439 0.11399531 0.11914004 0.12806899 0.15910263 0.14827894
0.08513333 0.09640021 0.09878414 0.13652808 0.11007439 0.11399531 0.11914004 0.12806899 0.15910263 0.14827894
0.08513333 0.09640021 0.09878414 0.13652808 0.11007439 0.11399531 0.11914004 0.12806899 0.15910263 0.14827894
0.08513333 0.09640021 0.09878414 0.13652808 0.11007439 0.11399531 0.11914004 0.12806899 0.15910263 0.14827894
0.07274317 0.09560601 0.09611866 0.12089785 0.10999098 0.11434229 0.11505378 0.12368052 0.13938723 0.14220588
0.07274317 0.09560601 0.09611866 0.12089785 0.10999098 0.11434229 0.11505378 0.12368052 0.13938723 0.14220588
0.07274317 0.09560601 0.09611866 0.12089785 0.10999098 0.11434229 0.11505378 0.12368052 0.13938723 0.14220588
0.07274317 0.09560601 0.09611866 0.12089785 0.10999098 0.11434229 0.11505378 0.12368052 0.13938723 0.14220588
0.08604193 0.09854578 0.10368583 0.12020106 0.10811280 0.11401280 0.12323875 0.11926599 0.14910896 0.14678790
0.08604193 0.09854578 0.10368583 0.12020106 0.10811280 0.11401280 0.12323875 0.11926599 0.14910896 0.14678790
0.11114708 0.10280942 0.10960763 0.11787147 0.11000777 0.11464818 0.13064225 0.11787092 0.16131610 0.16073099
0.11114708 0.10280942 0.10960763 0.11787147 0.11000777 0.11464818 0.13064225 0.11787092 0.16131610 0.16073099
0.11114708 0.10280942 0.10960763 0.11787147 0.11000777 0.11464818 0.13064225 0.11787092 0.16131610 0.16073099
0.11114708 0.10280942 0.10960763 0.11787147 0.11000777 0.11464818 0.13064225 0.11787092 0.16131610 0.16073099
0.10998014 0.10329307 0.11830119 0.11559897 0.10789809 0.11514422 0.12840434 0.11863733 0.15938843 0.16513570
0.07626405 0.09064622 0.09232819 0.12075128 0.10933936 0.11532993 0.12214472 0.11785149 0.15528567 0.14385692
0.07626405 0.09064622 0.09232819 0.12075128 0.10933936 0.11532993 0.12214472 0.11785149 0.15528567 0.14385692
0.07626405 0.09064622 0.09232819 0.12075128 0.10933936 0.11532993 0.12214472 0.11785149 0.15528567 0.14385692
0.06553273 0.08356347 0.09137707 0.11791719 0.11358651 0.11223033 0.12307785 0.12256408 0.14000266 0.13615461
0.06553273 0.08356347 0.09137707 0.11791719 0.11358651 0.11223033 0.12307785 0.12256408 0.14000266 0.13615461
0.06553273 0.08356347 0.09137707 0.11791719 0.11358651 0.11223033 0.12307785 0.12256408 0.14000266 0.13615461
0.08945831 0.08725971 0.09278324 0.11705938 0.11160684 0.11302168 0.12330607 0.11871053 0.16015283 0.14331219
0.08945831 0.08725971 0.09278324 0.11705938 0.11160684 0.11302168 0.12330607 0.11871053 0.16015283 0.14331219
0.10322109 0.09359175 0.09103834 0.11431077 0.11408868 0.11518385 0.12824760 0.11867802 0.18049555 0.14775758
0.10322109 0.09359175 0.09103834 0.11431077 0.11408868 0.11518385 0.12824760 0.11867802 0.18049555 0.14775758
0.10802874 0.08630363 0.09035837 0.11413663 0.11452928 0.11577109 0.13025443 0.12055238 0.18052633 0.14585460
0.06487111 0.08193626 0.09842393 0.11610256 0.10819086 0.11432241 0.11985602 0.11822411 0.13897275 0.13404710
0.06487111 0.08193626 0.09842393 0.11610256 0.10819086 0.11432241 0.11985602 0.11822411 0.13897275 0.13404710
0.07335497 0.08406373 0.09085426 0.11600958 0.10902350 0.11134677 0.12367399 0.11828349 0.15661995 0.13744696
0.06603511 0.08098517 0.08660958 0.11764349 0.10796893 0.11231197 0.11936641 0.11742151 0.14221460 0.13130667
0.08043218 0.08063955 0.08675445 0.11858626 0.10807106 0.11347408 0.12033370 0.12448883 0.14657375 0.13406418
0.10364750 0.09164284 0.09012642 0.12224269 0.10840524 0.11198992 0.12607438 0.13002937 0.16643199 0.14583373
0.05883952 0.08358800 0.08951845 0.11489935 0.10808999 0.11221927 0.12427839 0.11809075 0.13914362 0.13406657
0.06822271 0.08210586 0.08584614 0.11372483 0.10632039 0.10538863 0.11952608 0.11521759 0.13275545 0.12844049
0.06327788 0.08180479 0.08819922 0.11869123 0.10570943 0.10741431 0.11700270 0.11717954 0.13448957 0.13215951
0.05556837 0.08001398 0.09067675 0.11359373 0.10563826 0.10853216 0.12287277 0.11689657 0.13220986 0.12914627
0.05400125 0.08208193 0.08977583 0.11613779 0.10534216 0.10974637 0.12435095 0.12046319 0.12544722 0.13204286
0.09223546 0.09187787 0.08170745 0.11367838 0.11982775 0.10697944 0.11756670 0.11902545 0.15230477 0.13314074
0.07485615 0.08098960 0.08449155 0.11553919 0.10697146 0.10591851 0.11433048 0.12115284 0.12824467 0.12830828
0.07004820 0.08007692 0.08774238 0.11464820 0.10823449 0.10639221 0.11960768 0.12821732 0.12610346 0.13066411
0.07549219 0.07899020 0.08607563 0.11523584 0.10794611 0.10885497 0.11853988 0.12079289 0.11830212 0.12831475
0.08311787 0.07896788 0.09045964 0.11520829 0.11376910 0.10629853 0.12199346 0.12487022 0.11599933 0.12909254
0.08311787 0.07896788 0.09045964 0.11520829 0.11376910 0.10629853 0.12199346 0.12487022 0.11599933 0.12909254
0.06995932 0.08071607 0.09041612 0.11550305 0.12316303 0.10847177 0.12507490 0.12507390 0.11599016 0.13083617
0.05988631 0.08080314 0.09004472 0.11480426 0.12638597 0.11088453 0.13689834 0.12062497 0.11539557 0.12976642
0.05379468 0.08129050 0.09748953 0.11679021 0.12841664 0.11238736 0.14249346 0.11578365 0.11428089 0.13319864
0.05379468 0.08129050 0.09748953 0.11679021 0.12841664 0.11238736 0.14249346 0.11578365 0.11428089 0.13319864
0.05379468 0.08129050 0.09748953 0.11679021 0.12841664 0.11238736 0.14249346 0.11578365 0.11428089 0.13319864
0.05379468 0.08129050 0.09748953 0.11679021 0.12841664 0.11238736 0.14249346 0.11578365 0.11428089 0.13319864
0.05379468 0.08129050 0.09748953 0.11679021 0.12841664 0.11238736 0.14249346 0.11578365 0.11428089 0.13319864
0.05379468 0.08129050 0.09748953 0.11679021 0.12841664 0.11238736 0.14249346 0.11578365 0.11428089 0.13319864
0.05379468 0.08129050 0.09748953 0.11679021 0.12841664 0.11238736 0.14249346 0.11578365 0.11428089 0.13319864
0.05465533 0.08338814 0.10854525 0.12299673 0.13538028 0.11703609 0.13938877 0.11905566 0.11360682 0.13469118
0.09598777 0.07677600 0.08620781 0.11433423 0.10737117 0.10348794 0.11718142 0.12112505 0.13757226 0.12658136
0.09598777 0.07677600 0.08620781 0.11433423 0.10737117 0.10348794 0.11718142 0.12112505 0.13757226 0.12658136
0.09598777 0.07677600 0.08620781 0.11433423 0.10737117 0.10348794 0.11718142 0.12112505 0.13757226 0.12658136
0.10102778 0.07719320 0.08149198 0.11417433 0.10919136 0.10374151 0.11724851 0.11960372 0.14766436 0.13094046
0.10102778 0.07719320 0.08149198 0.11417433 0.10919136 0.10374151 0.11724851 0.11960372 0.14766436 0.13094046
0.10102778 0.07719320 0.08149198 0.11417433 0.10919136 0.10374151 0.11724851 0.11960372 0.14766436 0.13094046
0.10102778 0.07719320 0.08149198 0.11417433 0.10919136 0.10374151 0.11724851 0.11960372 0.14766436 0.13094046
0.10102778 0.07719320 0.08149198 0.11417433 0.10919136 0.10374151 0.11724851 0.11960372 0.14766436 0.13094046
0.10102778 0.07719320 0.08149198 0.11417433 0.10919136 0.10374151 0.11724851 0.11960372 0.14766436 0.13094046
0.10102778 0.07719320 0.08149198 0.11417433 0.10919136 0.10374151 0.11724851 0.11960372 0.14766436 0.13094046
0.10102778 0.07719320 0.08149198 0.11417433 0.10919136 0.10374151 0.11724851 0.11960372 0.14766436 0.13094046
0.10102778 0.07719320 0.08149198 0.11417433 0.10919136 0.10374151 0.11724851 0.11960372 0.14766436 0.13094046
0.10102778 0.07719320 0.08149198 0.11417433 0.10919136 0.10374151 0.11724851 0.11960372 0.14766436 0.13094046
0.10102778 0.07719320 0.08149198 0.11417433 0.10919136 0.10374151 0.11724851 0.11960372 0.14766436 0.13094046
0.09168764 0.08841320 0.10068816 0.11413533 0.10621709 0.10426416 0.11504763 0.11907524 0.13927295 0.12910416
0.08295236 0.07617522 0.08452223 0.11459083 0.10747592 0.10410371 0.11791882 0.12031054 0.13253784 0.12602469
0.08121312 0.07500967 0.08413613 0.11565309 0.10282711 0.10406030 0.11497545 0.11644011 0.12554019 0.12633760
0.08121312 0.07500967 0.08413613 0.11565309 0.10282711 0.10406030 0.11497545 0.11644011 0.12554019 0.12633760
0.08784945 0.07758449 0.08454351 0.11301977 0.10389292 0.10426814 0.11312010 0.11782732 0.13602006 0.12445495
0.08784945 0.07758449 0.08454351 0.11301977 0.10389292 0.10426814 0.11312010 0.11782732 0.13602006 0.12445495
0.09147202 0.08057705 0.08583109 0.11309460 0.10352342 0.10526986 0.11056036 0.11439493 0.14753529 0.12489889
0.07072666 0.08047586 0.09717091 0.11526327 0.10333044 0.10583372 0.11079925 0.12080979 0.11924356 0.12815339
0.07072666 0.08047586 0.09717091 0.11526327 0.10333044 0.10583372 0.11079925 0.12080979 0.11924356 0.12815339
0.06635294 0.08624048 0.09842585 0.11411538 0.10491863 0.10674552 0.11228020 0.11745824 0.12090129 0.13071460
0.06635294 0.08624048 0.09842585 0.11411538 0.10491863 0.10674552 0.11228020 0.11745824 0.12090129 0.13071460
0.06635294 0.08624048 0.09842585 0.11411538 0.10491863 0.10674552 0.11228020 0.11745824 0.12090129 0.13071460
0.06635294 0.08624048 0.09842585 0.11411538 0.10491863 0.10674552 0.11228020 0.11745824 0.12090129 0.13071460
0.06635294 0.08624048 0.09842585 0.11411538 0.10491863 0.10674552 0.11228020 0.11745824 0.12090129 0.13071460
0.08936452 0.07162697 0.08416532 0.11308490 0.10029771 0.10229420 0.10978489 0.11478977 0.13908712 0.12307852
0.08936452 0.07162697 0.08416532 0.11308490 0.10029771 0.10229420 0.10978489 0.11478977 0.13908712 0.12307852
0.08936452 0.07162697 0.08416532 0.11308490 0.10029771 0.10229420 0.10978489 0.11478977 0.13908712 0.12307852
0.07494464 0.07260307 0.08605238 0.11075582 0.09765400 0.10443211 0.10828399 0.11446874 0.12161193 0.12725021
0.07494464 0.07260307 0.08605238 0.11075582 0.09765400 0.10443211 0.10828399 0.11446874 0.12161193 0.12725021
0.06314968 0.07199768 0.08759685 0.11287178 0.10056647 0.10462440 0.11169995 0.11569682 0.11632164 0.12704949
0.06314968 0.07199768 0.08759685 0.11287178 0.10056647 0.10462440 0.11169995 0.11569682 0.11632164 0.12704949
0.06314968 0.07199768 0.08759685 0.11287178 0.10056647 0.10462440 0.11169995 0.11569682 0.11632164 0.12704949
0.06314968 0.07199768 0.08759685 0.11287178 0.10056647 0.10462440 0.11169995 0.11569682 0.11632164 0.12704949
0.06314968 0.07199768 0.08759685 0.11287178 0.10056647 0.10462440 0.11169995 0.11569682 0.11632164 0.12704949
0.06314968 0.07199768 0.08759685 0.11287178 0.10056647 0.10462440 0.11169995 0.11569682 0.11632164 0.12704949
0.06314968 0.07199768 0.08759685 0.11287178 0.10056647 0.10462440 0.11169995 0.11569682 0.11632164 0.12704949
0.06314968 0.07199768 0.08759685 0.11287178 0.10056647 0.10462440 0.11169995 0.11569682 0.11632164 0.12704949
0.06314968 0.07199768 0.08759685 0.11287178 0.10056647 0.10462440 0.11169995 0.11569682 0.11632164 0.12704949
0.07127665 0.07058833 0.08114501 0.11342356 0.09692674 0.10245172 0.11120500 0.11811412 0.13315507 0.12650864
0.07127665 0.07058833 0.08114501 0.11342356 0.09692674 0.10245172 0.11120500 0.11811412 0.13315507 0.12650864
0.07127665 0.07058833 0.08114501 0.11342356 0.09692674 0.10245172 0.11120500 0.11811412 0.13315507 0.12650864
0.11761004 0.06920734 0.07943915 0.11386250 0.09898165 0.10378469 0.11132498 0.11902100 0.13513069 0.12408547
0.06564564 0.07128062 0.08640839 0.10967049 0.09828835 0.10255453 0.11157977 0.10692302 0.12199699 0.12838048
0.09851989 0.08654752 0.07680165 0.11082645 0.09372831 0.10397560 0.11188302 0.10876553 0.13708163 0.12880999
0.09851989 0.08654752 0.07680165 0.11082645 0.09372831 0.10397560 0.11188302 0.10876553 0.13708163 0.12880999
0.09851989 0.08654752 0.07680165 0.11082645 0.09372831 0.10397560 0.11188302 0.10876553 0.13708163 0.12880999
0.09851989 0.08654752 0.07680165 0.11082645 0.09372831 0.10397560 0.11188302 0.10876553 0.13708163 0.12880999
0.09851989 0.08654752 0.07680165 0.11082645 0.09372831 0.10397560 0.11188302 0.10876553 0.13708163 0.12880999
0.06159778 0.07340697 0.08936542 0.11015112 0.11225408 0.10050424 0.10731617 0.10773534 0.11398911 0.13061744
0.06159778 0.07340697 0.08936542 0.11015112 0.11225408 0.10050424 0.10731617 0.10773534 0.11398911 0.13061744
0.06159778 0.07340697 0.08936542 0.11015112 0.11225408 0.10050424 0.10731617 0.10773534 0.11398911 0.13061744
0.07812323 0.07078419 0.08873649 0.11052989 0.09645593 0.10065954 0.10830194 0.11827522 0.11933065 0.12670526
0.06138166 0.07551758 0.09302455 0.10959007 0.11604871 0.10312446 0.10658209 0.11028386 0.11141758 0.13263840
0.07353320 0.07432705 0.10489839 0.10809460 0.11490815 0.10374292 0.10895640 0.11521322 0.11093889 0.13333999
0.07353320 0.07432705 0.10489839 0.10809460 0.11490815 0.10374292 0.10895640 0.11521322 0.11093889 0.13333999
0.07353320 0.07432705 0.10489839 0.10809460 0.11490815 0.10374292 0.10895640 0.11521322 0.11093889 0.13333999
0.07353320 0.07432705 0.10489839 0.10809460 0.11490815 0.10374292 0.10895640 0.11521322 0.11093889 0.13333999
0.07353320 0.07432705 0.10489839 0.10809460 0.11490815 0.10374292 0.10895640 0.11521322 0.11093889 0.13333999
0.07353320 0.07432705 0.10489839 0.10809460 0.11490815 0.10374292 0.10895640 0.11521322 0.11093889 0.13333999
0.06943661 0.07782283 0.12340385 0.10846492 0.12572480 0.10413834 0.11089336 0.12213643 0.10911587 0.13677832
0.08156107 0.07632734 0.11884192 0.10852830 0.13349307 0.10970643 0.10854501 0.11814268 0.10998372 0.13445079
0.07081774 0.08556368 0.12448407 0.11051714 0.13403754 0.11432774 0.11584959 0.11857160 0.11015909 0.14218980
0.05729481 0.09793458 0.14328363 0.11191076 0.14227445 0.12087833 0.11229569 0.11057795 0.11136099 0.14966388
0.07366802 0.07426769 0.08714709 0.10901790 0.10058838 0.09753421 0.11121464 0.11116113 0.12393323 0.12813643
0.07366802 0.07426769 0.08714709 0.10901790 0.10058838 0.09753421 0.11121464 0.11116113 0.12393323 0.12813643
0.07366802 0.07426769 0.08714709 0.10901790 0.10058838 0.09753421 0.11121464 0.11116113 0.12393323 0.12813643
0.07366802 0.07426769 0.08714709 0.10901790 0.10058838 0.09753421 0.11121464 0.11116113 0.12393323 0.12813643
0.07366802 0.07426769 0.08714709 0.10901790 0.10058838 0.09753421 0.11121464 0.11116113 0.12393323 0.12813643
0.07366802 0.07426769 0.08714709 0.10901790 0.10058838 0.09753421 0.11121464 0.11116113 0.12393323 0.12813643
0.07624743 0.07353098 0.08841181 0.11063690 0.10417914 0.09901930 0.11050675 0.11359987 0.12345370 0.13104221
0.07210477 0.07884024 0.09848270 0.11538596 0.12618348 0.09828143 0.10857709 0.10692874 0.11289523 0.13243755
0.07210477 0.07884024 0.09848270 0.11538596 0.12618348 0.09828143 0.10857709 0.10692874 0.11289523 0.13243755
0.07210477 0.07884024 0.09848270 0.11538596 0.12618348 0.09828143 0.10857709 0.10692874 0.11289523 0.13243755
0.06672559 0.07894577 0.09774052 0.11426299 0.12018345 0.09772147 0.10811253 0.11147937 0.11357297 0.13171814
0.06672559 0.07894577 0.09774052 0.11426299 0.12018345 0.09772147 0.10811253 0.11147937 0.11357297 0.13171814
0.07458879 0.07343836 0.08734362 0.10865456 0.11002457 0.09712392 0.11000967 0.10650750 0.11720120 0.13059304
0.07723204 0.07052719 0.08509282 0.11207699 0.10438154 0.09785119 0.11280740 0.10651280 0.12184873 0.12785255
0.07723204 0.07052719 0.08509282 0.11207699 0.10438154 0.09785119 0.11280740 0.10651280 0.12184873 0.12785255
0.08793218 0.06985939 0.08473131 0.11864064 0.10170908 0.10122290 0.11146716 0.11011223 0.13438025 0.12776797
0.07366077 0.07331400 0.09397315 0.10749527 0.12142483 0.09822840 0.11258682 0.10471341 0.11439362 0.13098963
0.07366077 0.07331400 0.09397315 0.10749527 0.12142483 0.09822840 0.11258682 0.10471341 0.11439362 0.13098963
0.08171802 0.07404822 0.10143257 0.10863413 0.12134881 0.10230493 0.11594610 0.10740847 0.11018879 0.13234455
0.08171802 0.07404822 0.10143257 0.10863413 0.12134881 0.10230493 0.11594610 0.10740847 0.11018879 0.13234455
0.08171802 0.07404822 0.10143257 0.10863413 0.12134881 0.10230493 0.11594610 0.10740847 0.11018879 0.13234455
0.09771642 0.07372097 0.10082890 0.10702908 0.12190774 0.09851815 0.11685198 0.11092099 0.11278213 0.13256965
0.08152335 0.09515045 0.13393910 0.11123653 0.17524001 0.10357300 0.12215459 0.10612095 0.10914181 0.14784694
0.08168241 0.07327578 0.08924703 0.10604470 0.11129333 0.09560940 0.11188858 0.10420590 0.12455249 0.13295725
0.08168241 0.07327578 0.08924703 0.10604470 0.11129333 0.09560940 0.11188858 0.10420590 0.12455249 0.13295725
0.08168241 0.07327578 0.08924703 0.10604470 0.11129333 0.09560940 0.11188858 0.10420590 0.12455249 0.13295725
0.08991349 0.07190323 0.08639949 0.10533179 0.10479769 0.09571365 0.11427817 0.10276464 0.12996484 0.13659181
0.05659683 0.08438469 0.11779831 0.11240431 0.16004990 0.09822244 0.10330308 0.10546099 0.10987206 0.14321520
0.05659683 0.08438469 0.11779831 0.11240431 0.16004990 0.09822244 0.10330308 0.10546099 0.10987206 0.14321520
0.07576664 0.08213672 0.10026934 0.11162634 0.11724373 0.09676024 0.10773554 0.10366774 0.10999501 0.13488776
0.07576664 0.08213672 0.10026934 0.11162634 0.11724373 0.09676024 0.10773554 0.10366774 0.10999501 0.13488776
0.07279670 0.08324574 0.09861286 0.10950665 0.11681040 0.09076491 0.10608153 0.10370914 0.11084884 0.13586053
0.07279670 0.08324574 0.09861286 0.10950665 0.11681040 0.09076491 0.10608153 0.10370914 0.11084884 0.13586053
0.07457781 0.07918208 0.09765755 0.11212095 0.10849919 0.09097314 0.10893616 0.10210417 0.11689894 0.13366744
0.06956748 0.07466066 0.11004723 0.10781736 0.11799800 0.09802957 0.10649615 0.10429431 0.11138844 0.13526905
0.05866873 0.08163975 0.11592820 0.11462956 0.13879873 0.10121528 0.10884945 0.10523327 0.10793763 0.13770447
0.05866873 0.08163975 0.11592820 0.11462956 0.13879873 0.10121528 0.10884945 0.10523327 0.10793763 0.13770447
0.05866873 0.08163975 0.11592820 0.11462956 0.13879873 0.10121528 0.10884945 0.10523327 0.10793763 0.13770447
0.05866873 0.08163975 0.11592820 0.11462956 0.13879873 0.10121528 0.10884945 0.10523327 0.10793763 0.13770447
0.08047074 0.07097314 0.09200272 0.10844022 0.11380819 0.09483398 0.10675661 0.10351071 0.11319780 0.12913776
0.08223540 0.07556236 0.09526054 0.10584069 0.11411225 0.09674511 0.10493690 0.10367239 0.11068294 0.13478982
0.08223540 0.07556236 0.09526054 0.10584069 0.11411225 0.09674511 0.10493690 0.10367239 0.11068294 0.13478982
0.06947890 0.07151346 0.08979040 0.10925460 0.10868111 0.09153769 0.10902965 0.09996130 0.12159345 0.13548152
0.08378759 0.07991741 0.08567114 0.10441212 0.10505633 0.08859424 0.10775028 0.10233678 0.13247510 0.13833618
0.08378759 0.07991741 0.08567114 0.10441212 0.10505633 0.08859424 0.10775028 0.10233678 0.13247510 0.13833618
0.08160304 0.07216745 0.09215306 0.10718258 0.11948120 0.08754625 0.10634752 0.10199027 0.12307417 0.13782140
0.09024617 0.07242669 0.09426189 0.10771216 0.12209779 0.08879557 0.10484161 0.10025525 0.12342407 0.13306952
0.09024617 0.07242669 0.09426189 0.10771216 0.12209779 0.08879557 0.10484161 0.10025525 0.12342407 0.13306952
0.09024617 0.07242669 0.09426189 0.10771216 0.12209779 0.08879557 0.10484161 0.10025525 0.12342407 0.13306952
0.08358457 0.07048826 0.09104340 0.10463050 0.10867349 0.08605043 0.10375775 0.10041258 0.11137203 0.13685370
0.08358457 0.07048826 0.09104340 0.10463050 0.10867349 0.08605043 0.10375775 0.10041258 0.11137203 0.13685370
0.05945764 0.07291887 0.10007092 0.10687446 0.12658679 0.08705440 0.09982032 0.10314776 0.10560781 0.13654353
0.05945764 0.07291887 0.10007092 0.10687446 0.12658679 0.08705440 0.09982032 0.10314776 0.10560781 0.13654353
0.05945764 0.07291887 0.10007092 0.10687446 0.12658679 0.08705440 0.09982032 0.10314776 0.10560781 0.13654353
0.06311552 0.07250543 0.09194153 0.10738950 0.12299794 0.09063563 0.10219297 0.10300001 0.10360780 0.13677534
0.07177544 0.07346266 0.10090171 0.11759580 0.13693582 0.08478444 0.09981365 0.10026238 0.10362710 0.13505818
0.07177544 0.07346266 0.10090171 0.11759580 0.13693582 0.08478444 0.09981365 0.10026238 0.10362710 0.13505818
0.07177544 0.07346266 0.10090171 0.11759580 0.13693582 0.08478444 0.09981365 0.10026238 0.10362710 0.13505818
0.07249704 0.07291069 0.11194569 0.12256792 0.13390584 0.08602884 0.09471616 0.10035608 0.10635092 0.13122358
0.07026959 0.07976700 0.09746698 0.10693278 0.13158080 0.08497859 0.09681748 0.09928217 0.10140953 0.12959125
0.05366929 0.07665478 0.10220711 0.11010985 0.13419420 0.08438506 0.09759500 0.09901111 0.09967478 0.13156841
0.06105835 0.08216536 0.09804254 0.10719351 0.13123726 0.08941765 0.10095063 0.09768939 0.10102306 0.13151782
0.05511759 0.08225018 0.10697006 0.10968771 0.14613717 0.08926064 0.09881598 0.09962670 0.10164332 0.13389612
0.06077760 0.07058685 0.08256638 0.10501068 0.10568262 0.08739785 0.10531352 0.09815124 0.10633043 0.14121640
0.06077760 0.07058685 0.08256638 0.10501068 0.10568262 0.08739785 0.10531352 0.09815124 0.10633043 0.14121640
0.06077760 0.07058685 0.08256638 0.10501068 0.10568262 0.08739785 0.10531352 0.09815124 0.10633043 0.14121640
0.05671100 0.07605917 0.08552720 0.10578299 0.11580133 0.08855326 0.10409273 0.10523687 0.09990787 0.14124545
0.04991025 0.06685375 0.09458740 0.10311948 0.10672232 0.08708450 0.10355537 0.09496360 0.10247076 0.13347868
0.05328520 0.07097844 0.10391613 0.10394477 0.10242363 0.08662925 0.09876548 0.09496929 0.09758202 0.13200796
0.05328520 0.07097844 0.10391613 0.10394477 0.10242363 0.08662925 0.09876548 0.09496929 0.09758202 0.13200796
0.05328520 0.07097844 0.10391613 0.10394477 0.10242363 0.08662925 0.09876548 0.09496929 0.09758202 0.13200796
0.05328520 0.07097844 0.10391613 0.10394477 0.10242363 0.08662925 0.09876548 0.09496929 0.09758202 0.13200796
0.05328520 0.07097844 0.10391613 0.10394477 0.10242363 0.08662925 0.09876548 0.09496929 0.09758202 0.13200796
0.05139280 0.07039362 0.10786350 0.10489374 0.10816351 0.08684141 0.09778258 0.09564344 0.09885928 0.13232004
0.05034413 0.06595906 0.08722975 0.10204528 0.10769309 0.08696805 0.10445505 0.09536675 0.11093832 0.12856245
0.05034413 0.06595906 0.08722975 0.10204528 0.10769309 0.08696805 0.10445505 0.09536675 0.11093832 0.12856245
0.05030970 0.06698485 0.08782291 0.10289120 0.11078856 0.08669410 0.10172202 0.09689993 0.10204602 0.13025068
0.05030970 0.06698485 0.08782291 0.10289120 0.11078856 0.08669410 0.10172202 0.09689993 0.10204602 0.13025068
0.05030970 0.06698485 0.08782291 0.10289120 0.11078856 0.08669410 0.10172202 0.09689993 0.10204602 0.13025068
0.04543536 0.10293760 0.10817008 0.10473917 0.13943524 0.08823869 0.09624122 0.09466938 0.09750789 0.13198225
0.04543536 0.10293760 0.10817008 0.10473917 0.13943524 0.08823869 0.09624122 0.09466938 0.09750789 0.13198225
0.04717614 0.09998774 0.10539739 0.10564909 0.14778912 0.09042586 0.09497946 0.09610633 0.09646570 0.13601966
0.04694195 0.06977039 0.10084577 0.10597801 0.11606703 0.08655724 0.10375223 0.09717795 0.10574649 0.13335724
0.04694195 0.06977039 0.10084577 0.10597801 0.11606703 0.08655724 0.10375223 0.09717795 0.10574649 0.13335724
0.04826382 0.07019982 0.11120996 0.10491411 0.12302518 0.08926424 0.10629906 0.09720945 0.10585138 0.13570162
0.04798316 0.07683887 0.12911885 0.10935533 0.14611735 0.08865412 0.10288557 0.09785777 0.09889179 0.13841519
0.04798316 0.07683887 0.12911885 0.10935533 0.14611735 0.08865412 0.10288557 0.09785777 0.09889179 0.13841519
0.05678245 0.07841115 0.13520306 0.10821751 0.15598531 0.08629162 0.09777479 0.09837166 0.09998764 0.13760718
0.05678245 0.07841115 0.13520306 0.10821751 0.15598531 0.08629162 0.09777479 0.09837166 0.09998764 0.13760718
0.05885062 0.08439646 0.13536074 0.10638834 0.15525889 0.09304135 0.09757761 0.10130540 0.10787866 0.14345686
0.04616839 0.06760634 0.08911879 0.10056785 0.10681334 0.08542809 0.10017928 0.09610274 0.10248764 0.13111074
0.04503026 0.06995857 0.09063498 0.10143976 0.10880671 0.08335782 0.09866706 0.10015085 0.10165762 0.13072650
0.04503026 0.06995857 0.09063498 0.10143976 0.10880671 0.08335782 0.09866706 0.10015085 0.10165762 0.13072650
0.04476826 0.07120921 0.09065758 0.10090465 0.10183242 0.09560699 0.10068545 0.09570420 0.10073555 0.12848210
0.05060913 0.07270920 0.09782805 0.11136140 0.10547545 0.08565771 0.09835133 0.09835722 0.10014947 0.13580256
0.05369185 0.07666598 0.09839160 0.11363339 0.11647563 0.09461732 0.09821823 0.10218560 0.09926230 0.14067437
0.06159563 0.08145251 0.10011589 0.10761003 0.11211510 0.10270394 0.09718732 0.09818935 0.10093077 0.14250301
0.07203263 0.09972219 0.10661020 0.11109132 0.12185901 0.09619253 0.09521067 0.09894013 0.10559797 0.14607407
0.07203263 0.09972219 0.10661020 0.11109132 0.12185901 0.09619253 0.09521067 0.09894013 0.10559797 0.14607407
0.07466459 0.08953381 0.10233775 0.11299633 0.11701333 0.08976225 0.09736464 0.10216405 0.10794349 0.14516653
0.08514740 0.09756403 0.10767256 0.11693529 0.11201388 0.09276702 0.09932635 0.10448164 0.11181573 0.14570202
0.04549737 0.07335457 0.10044048 0.10305827 0.12654609 0.09220712 0.09803696 0.09385444 0.10039911 0.13443951
0.04549737 0.07335457 0.10044048 0.10305827 0.12654609 0.09220712 0.09803696 0.09385444 0.10039911 0.13443951
0.04343306 0.07755211 0.10527090 0.10541583 0.11821634 0.08552305 0.09260132 0.09404861 0.10525287 0.13118836
0.04098007 0.08178738 0.09915648 0.10402071 0.12245291 0.08498336 0.09285277 0.09507778 0.10051667 0.13336223
0.03867397 0.08562679 0.10941234 0.10277457 0.12985413 0.09079962 0.09211053 0.09263507 0.09855732 0.13490218
0.06460384 0.09115564 0.10578339 0.10386132 0.15328436 0.11358291 0.09951644 0.09386139 0.11465573 0.14493678
0.06491807 0.08990874 0.10934071 0.10885066 0.16155608 0.11378350 0.10254894 0.09429416 0.11329416 0.14956531
0.06833234 0.08835370 0.10541403 0.10790508 0.16061805 0.11762156 0.10432164 0.09552842 0.11829051 0.15010092
0.06833234 0.08835370 0.10541403 0.10790508 0.16061805 0.11762156 0.10432164 0.09552842 0.11829051 0.15010092
0.06897039 0.07429112 0.09460454 0.11523610 0.13097994 0.09253429 0.10022135 0.09608784 0.11219810 0.11842401
0.06828213 0.07371748 0.08767755 0.11650699 0.13673221 0.09458038 0.10233919 0.09477356 0.11147966 0.11780388
0.06828213 0.07371748 0.08767755 0.11650699 0.13673221 0.09458038 0.10233919 0.09477356 0.11147966 0.11780388
0.05774881 0.07148783 0.09147787 0.11864358 0.13027787 0.08753843 0.10354866 0.09700148 0.10911791 0.12371963
0.05774881 0.07148783 0.09147787 0.11864358 0.13027787 0.08753843 0.10354866 0.09700148 0.10911791 0.12371963
0.05774881 0.07148783 0.09147787 0.11864358 0.13027787 0.08753843 0.10354866 0.09700148 0.10911791 0.12371963
0.05759628 0.06981659 0.09224812 0.11148883 0.13463277 0.08836267 0.10025338 0.09551784 0.11812445 0.12061797
0.05759628 0.06981659 0.09224812 0.11148883 0.13463277 0.08836267 0.10025338 0.09551784 0.11812445 0.12061797
0.05663861 0.07073774 0.08453731 0.10788565 0.11509164 0.08833889 0.10360389 0.09747542 0.10269809 0.12236756
0.05895728 0.06820056 0.08840736 0.11499635 0.12152908 0.09009611 0.10265405 0.10041336 0.11034866 0.12595692
0.05164846 0.06835920 0.09787033 0.11721737 0.11897681 0.08540972 0.10284922 0.09674609 0.10440571 0.13245908
0.04860424 0.06904831 0.09655009 0.13014750 0.11691972 0.08725022 0.10034296 0.09598789 0.09956506 0.13881005
0.04860424 0.06904831 0.09655009 0.13014750 0.11691972 0.08725022 0.10034296 0.09598789 0.09956506 0.13881005
0.04735187 0.06797204 0.09554563 0.12002423 0.11180280 0.09243211 0.10175346 0.09953212 0.11444771 0.12733119
0.04735187 0.06797204 0.09554563 0.12002423 0.11180280 0.09243211 0.10175346 0.09953212 0.11444771 0.12733119
0.04735187 0.06797204 0.09554563 0.12002423 0.11180280 0.09243211 0.10175346 0.09953212 0.11444771 0.12733119
0.04735187 0.06797204 0.09554563 0.12002423 0.11180280 0.09243211 0.10175346 0.09953212 0.11444771 0.12733119
0.04357905 0.06762130 0.08752874 0.10823695 0.11035654 0.08328379 0.10470680 0.09604254 0.11822292 0.13582514
0.04354952 0.07113321 0.08705398 0.10635617 0.11522293 0.08177800 0.10590329 0.09782884 0.10779953 0.13470873
0.04825496 0.08510471 0.08458983 0.10568175 0.10764470 0.08415031 0.10877459 0.09793997 0.11009255 0.13618441
0.04416013 0.06647411 0.09170550 0.11172550 0.09944666 0.08456003 0.10439631 0.10379031 0.12144724 0.13118910
0.04135044 0.06733357 0.09757561 0.11119862 0.10254308 0.08104937 0.10430531 0.10425381 0.12585364 0.12909193
0.04369424 0.06660184 0.08929385 0.11409617 0.09667436 0.08268470 0.10390812 0.09729371 0.13355267 0.14427595
0.04755060 0.06599492 0.10052149 0.11498787 0.10541262 0.08887495 0.10480937 0.09807701 0.13319867 0.13917993
0.04503527 0.06554065 0.10540071 0.11115734 0.11209362 0.08806560 0.10498167 0.09750962 0.12946076 0.14565089
0.04503527 0.06554065 0.10540071 0.11115734 0.11209362 0.08806560 0.10498167 0.09750962 0.12946076 0.14565089
0.04190691 0.06853815 0.09444449 0.10961746 0.09933331 0.08166783 0.10904071 0.10062483 0.13174327 0.13789405
0.04393379 0.06497715 0.09658380 0.10693038 0.11217126 0.08089096 0.10599725 0.09712226 0.13055652 0.13205616
0.04508982 0.06648714 0.09377106 0.10778134 0.10362480 0.08404305 0.09903751 0.09363039 0.13677702 0.13826768
0.04597230 0.06565488 0.09409831 0.11219430 0.09886306 0.08097068 0.10355090 0.09663761 0.13496680 0.15158986
0.04597230 0.06565488 0.09409831 0.11219430 0.09886306 0.08097068 0.10355090 0.09663761 0.13496680 0.15158986
0.04784634 0.06768721 0.09032743 0.10803958 0.09589549 0.07965751 0.09989153 0.09666516 0.12833937 0.13736677
0.05369737 0.06473869 0.09968752 0.10758527 0.10073134 0.07938515 0.10303105 0.09711772 0.13573082 0.13479762
0.05198491 0.06988539 0.09430271 0.10314703 0.09689006 0.07951445 0.09894017 0.09520868 0.13716686 0.14148802
0.05198491 0.06988539 0.09430271 0.10314703 0.09689006 0.07951445 0.09894017 0.09520868 0.13716686 0.14148802
0.05457328 0.07672247 0.09012139 0.10332621 0.10316216 0.08015704 0.09958235 0.09636500 0.13110760 0.14892586
0.04835760 0.08113276 0.08644854 0.10360193 0.11021370 0.08391763 0.10204747 0.09464373 0.11629597 0.14944632
0.04835760 0.08113276 0.08644854 0.10360193 0.11021370 0.08391763 0.10204747 0.09464373 0.11629597 0.14944632
0.04835760 0.08113276 0.08644854 0.10360193 0.11021370 0.08391763 0.10204747 0.09464373 0.11629597 0.14944632
0.04835760 0.08113276 0.08644854 0.10360193 0.11021370 0.08391763 0.10204747 0.09464373 0.11629597 0.14944632
0.05100027 0.08011411 0.08068295 0.10205346 0.10984769 0.08728747 0.10437445 0.09561620 0.11897766 0.15531585
0.05125798 0.07993427 0.07999269 0.10371235 0.11675497 0.10163721 0.10531747 0.09696125 0.11773743 0.15393197
0.05125798 0.07993427 0.07999269 0.10371235 0.11675497 0.10163721 0.10531747 0.09696125 0.11773743 0.15393197
0.05335020 0.06802862 0.09546390 0.10781371 0.09770286 0.07885417 0.10027432 0.09975161 0.13787025 0.13724602
0.05526951 0.06792647 0.08782151 0.10671773 0.09421567 0.08545495 0.10368241 0.09982486 0.15519374 0.14801200
0.05526951 0.06792647 0.08782151 0.10671773 0.09421567 0.08545495 0.10368241 0.09982486 0.15519374 0.14801200
0.06838599 0.06974296 0.08441211 0.10713211 0.08786682 0.08122238 0.10265789 0.09632362 0.15402529 0.15599200
0.06838599 0.06974296 0.08441211 0.10713211 0.08786682 0.08122238 0.10265789 0.09632362 0.15402529 0.15599200
0.06838599 0.06974296 0.08441211 0.10713211 0.08786682 0.08122238 0.10265789 0.09632362 0.15402529 0.15599200
0.06396148 0.06996762 0.08654963 0.10907011 0.08722339 0.08234168 0.10801690 0.10035828 0.15894689 0.17767588
0.06396148 0.06996762 0.08654963 0.10907011 0.08722339 0.08234168 0.10801690 0.10035828 0.15894689 0.17767588
0.06396148 0.06996762 0.08654963 0.10907011 0.08722339 0.08234168 0.10801690 0.10035828 0.15894689 0.17767588
0.06396148 0.06996762 0.08654963 0.10907011 0.08722339 0.08234168 0.10801690 0.10035828 0.15894689 0.17767588
0.05844038 0.07312283 0.08532077 0.11024578 0.08522623 0.08495643 0.10914760 0.10021354 0.16790848 0.18406803
0.05844038 0.07312283 0.08532077 0.11024578 0.08522623 0.08495643 0.10914760 0.10021354 0.16790848 0.18406803
0.06417870 0.06257210 0.08178116 0.10684672 0.09078955 0.08182392 0.10704299 0.09781731 0.15932890 0.15716970
0.06417870 0.06257210 0.08178116 0.10684672 0.09078955 0.08182392 0.10704299 0.09781731 0.15932890 0.15716970
0.05474002 0.07374034 0.07869351 0.10014506 0.08785461 0.08038335 0.10382375 0.09236044 0.14984376 0.14954941
0.05474002 0.07374034 0.07869351 0.10014506 0.08785461 0.08038335 0.10382375 0.09236044 0.14984376 0.14954941
0.05474002 0.07374034 0.07869351 0.10014506 0.08785461 0.08038335 0.10382375 0.09236044 0.14984376 0.14954941
0.05474002 0.07374034 0.07869351 0.10014506 0.08785461 0.08038335 0.10382375 0.09236044 0.14984376 0.14954941
0.05474002 0.07374034 0.07869351 0.10014506 0.08785461 0.08038335 0.10382375 0.09236044 0.14984376 0.14954941
0.05424165 0.06204766 0.08698772 0.10244311 0.09046717 0.08304887 0.10908819 0.09383180 0.13449822 0.16040203
0.05424165 0.06204766 0.08698772 0.10244311 0.09046717 0.08304887 0.10908819 0.09383180 0.13449822 0.16040203
0.06037021 0.06216664 0.09139523 0.10580315 0.08966084 0.08753599 0.11074506 0.09375185 0.14903301 0.16952794
0.06565375 0.06670531 0.09432255 0.10851490 0.09511198 0.08781283 0.11307537 0.10297555 0.13232938 0.16779733
0.06565375 0.06670531 0.09432255 0.10851490 0.09511198 0.08781283 0.11307537 0.10297555 0.13232938 0.16779733
0.06039926 0.08421995 0.08234695 0.10399041 0.08978521 0.08328086 0.11170193 0.09587608 0.15562405 0.16573400
0.05368749 0.08177853 0.08265964 0.10065778 0.09129928 0.08495538 0.11138342 0.09626222 0.15626618 0.17554690
0.05368749 0.08177853 0.08265964 0.10065778 0.09129928 0.08495538 0.11138342 0.09626222 0.15626618 0.17554690
0.05555995 0.08590656 0.08018921 0.10076520 0.08713979 0.08551604 0.10970475 0.10414690 0.16101132 0.17850361
0.05555995 0.08590656 0.08018921 0.10076520 0.08713979 0.08551604 0.10970475 0.10414690 0.16101132 0.17850361
0.06177189 0.07834193 0.08002183 0.10036503 0.08862101 0.08747481 0.11121099 0.10244249 0.16381191 0.19276573
0.06532263 0.08303027 0.08296943 0.10159153 0.09466662 0.08612901 0.11864064 0.10102288 0.16715712 0.20409393
0.06532263 0.08303027 0.08296943 0.10159153 0.09466662 0.08612901 0.11864064 0.10102288 0.16715712 0.20409393
0.05740758 0.06825875 0.08654523 0.09882327 0.08979439 0.08322156 0.10991959 0.09719862 0.16205067 0.16345741
0.07152098 0.06671370 0.08185302 0.09757275 0.09486722 0.08843028 0.11248277 0.10647135 0.16305266 0.15878796
0.07152098 0.06671370 0.08185302 0.09757275 0.09486722 0.08843028 0.11248277 0.10647135 0.16305266 0.15878796
0.08073151 0.06512568 0.08541303 0.09852312 0.09575880 0.09200867 0.11431896 0.11795633 0.16010489 0.14296987
0.05604703 0.07068216 0.08697300 0.09944801 0.08467807 0.08227059 0.10812370 0.09351643 0.16046530 0.15978613
0.06146333 0.07626049 0.09002142 0.10027365 0.08333111 0.07928990 0.10992385 0.09163849 0.16865664 0.17412456
0.07844817 0.06920503 0.08180003 0.09988410 0.08295174 0.08190376 0.10530898 0.09485148 0.15271717 0.15659542
0.07844817 0.06920503 0.08180003 0.09988410 0.08295174 0.08190376 0.10530898 0.09485148 0.15271717 0.15659542
0.07766782 0.06438913 0.07884054 0.09525338 0.08606745 0.07896126 0.10423020 0.09019737 0.15957573 0.14468874
0.07766782 0.06438913 0.07884054 0.09525338 0.08606745 0.07896126 0.10423020 0.09019737 0.15957573 0.14468874
0.07766782 0.06438913 0.07884054 0.09525338 0.08606745 0.07896126 0.10423020 0.09019737 0.15957573 0.14468874
0.06209917 0.06596823 0.08104932 0.09791718 0.09585979 0.08215358 0.10937009 0.09419483 0.17421076 0.14997035
0.06326259 0.06882217 0.07826992 0.09508203 0.08760116 0.08079852 0.10432965 0.09221862 0.18724990 0.15285399
0.06326259 0.06882217 0.07826992 0.09508203 0.08760116 0.08079852 0.10432965 0.09221862 0.18724990 0.15285399
0.06326259 0.06882217 0.07826992 0.09508203 0.08760116 0.08079852 0.10432965 0.09221862 0.18724990 0.15285399
0.06956850 0.05943324 0.07943319 0.09511131 0.08475203 0.08020560 0.10164727 0.09295912 0.17218088 0.14354858
0.06956850 0.05943324 0.07943319 0.09511131 0.08475203 0.08020560 0.10164727 0.09295912 0.17218088 0.14354858
0.06956850 0.05943324 0.07943319 0.09511131 0.08475203 0.08020560 0.10164727 0.09295912 0.17218088 0.14354858
0.06956850 0.05943324 0.07943319 0.09511131 0.08475203 0.08020560 0.10164727 0.09295912 0.17218088 0.14354858
0.07605351 0.05685392 0.07892552 0.09992031 0.09283173 0.08061118 0.10455144 0.09727550 0.17776402 0.15221578
0.07605351 0.05685392 0.07892552 0.09992031 0.09283173 0.08061118 0.10455144 0.09727550 0.17776402 0.15221578
0.07201110 0.06352214 0.07927956 0.09835494 0.08868694 0.08003804 0.10531129 0.10398549 0.19260734 0.15674427
0.07201110 0.06352214 0.07927956 0.09835494 0.08868694 0.08003804 0.10531129 0.10398549 0.19260734 0.15674427
0.07796795 0.05664375 0.07684803 0.09728838 0.08270149 0.08074645 0.11044724 0.08817037 0.17650024 0.15347949
0.07796795 0.05664375 0.07684803 0.09728838 0.08270149 0.08074645 0.11044724 0.08817037 0.17650024 0.15347949
0.07796795 0.05664375 0.07684803 0.09728838 0.08270149 0.08074645 0.11044724 0.08817037 0.17650024 0.15347949
0.07796795 0.05664375 0.07684803 0.09728838 0.08270149 0.08074645 0.11044724 0.08817037 0.17650024 0.15347949
0.07796795 0.05664375 0.07684803 0.09728838 0.08270149 0.08074645 0.11044724 0.08817037 0.17650024 0.15347949
0.07796795 0.05664375 0.07684803 0.09728838 0.08270149 0.08074645 0.11044724 0.08817037 0.17650024 0.15347949
0.07796795 0.05664375 0.07684803 0.09728838 0.08270149 0.08074645 0.11044724 0.08817037 0.17650024 0.15347949
0.07796795 0.05664375 0.07684803 0.09728838 0.08270149 0.08074645 0.11044724 0.08817037 0.17650024 0.15347949
0.08995973 0.05399887 0.07930120 0.09424235 0.08096195 0.07937853 0.10755247 0.08717508 0.16273385 0.15021518
0.08995973 0.05399887 0.07930120 0.09424235 0.08096195 0.07937853 0.10755247 0.08717508 0.16273385 0.15021518
0.08995973 0.05399887 0.07930120 0.09424235 0.08096195 0.07937853 0.10755247 0.08717508 0.16273385 0.15021518
0.08111695 0.06577669 0.07587512 0.09082066 0.08127448 0.08277917 0.10762749 0.08993436 0.18766542 0.15980591
0.05826085 0.05645909 0.07805151 0.09046612 0.08732657 0.08218551 0.11235863 0.09236043 0.17023112 0.15516127
0.05896099 0.05555079 0.08667126 0.09955999 0.09122170 0.08445903 0.11382151 0.09205134 0.16960203 0.15242211
0.06921197 0.05672314 0.09864342 0.10687321 0.08761102 0.08498199 0.11280379 0.09142571 0.16819504 0.15629889
0.06921197 0.05672314 0.09864342 0.10687321 0.08761102 0.08498199 0.11280379 0.09142571 0.16819504 0.15629889
0.06921197 0.05672314 0.09864342 0.10687321 0.08761102 0.08498199 0.11280379 0.09142571 0.16819504 0.15629889
0.06921197 0.05672314 0.09864342 0.10687321 0.08761102 0.08498199 0.11280379 0.09142571 0.16819504 0.15629889
0.06828635 0.05926870 0.10174121 0.11264670 0.09108267 0.08162879 0.10917572 0.08925033 0.18164028 0.15902428
0.05106513 0.05186667 0.07691606 0.09021911 0.08978991 0.07857888 0.11386185 0.09131954 0.17821532 0.14522404
0.05106513 0.05186667 0.07691606 0.09021911 0.08978991 0.07857888 0.11386185 0.09131954 0.17821532 0.14522404
0.05106513 0.05186667 0.07691606 0.09021911 0.08978991 0.07857888 0.11386185 0.09131954 0.17821532 0.14522404
0.05106513 0.05186667 0.07691606 0.09021911 0.08978991 0.07857888 0.11386185 0.09131954 0.17821532 0.14522404
0.05002890 0.05904657 0.07763954 0.08940230 0.08807738 0.07688276 0.11347013 0.09063524 0.18729980 0.13581729
0.05002890 0.05904657 0.07763954 0.08940230 0.08807738 0.07688276 0.11347013 0.09063524 0.18729980 0.13581729
0.05002890 0.05904657 0.07763954 0.08940230 0.08807738 0.07688276 0.11347013 0.09063524 0.18729980 0.13581729
0.07535712 0.06285508 0.08172793 0.09520280 0.08518899 0.07940817 0.10755107 0.09082929 0.18360754 0.13969959
0.08147354 0.05193608 0.07320200 0.09025311 0.08958071 0.08204418 0.10451933 0.09046258 0.18631072 0.13576693
0.08147354 0.05193608 0.07320200 0.09025311 0.08958071 0.08204418 0.10451933 0.09046258 0.18631072 0.13576693
0.05732401 0.04991999 0.07541794 0.08981513 0.09113561 0.08014455 0.11118192 0.09851246 0.17717001 0.14260175
0.06780427 0.05391389 0.07141958 0.08658865 0.09120985 0.07755426 0.11203755 0.09578732 0.17601879 0.13666019
0.06780427 0.05391389 0.07141958 0.08658865 0.09120985 0.07755426 0.11203755 0.09578732 0.17601879 0.13666019
0.06780427 0.05391389 0.07141958 0.08658865 0.09120985 0.07755426 0.11203755 0.09578732 0.17601879 0.13666019
0.06780427 0.05391389 0.07141958 0.08658865 0.09120985 0.07755426 0.11203755 0.09578732 0.17601879 0.13666019
0.06297733 0.04998071 0.07621578 0.08891427 0.09264492 0.08133228 0.11714319 0.09406584 0.19414627 0.13091768
0.06297733 0.04998071 0.07621578 0.08891427 0.09264492 0.08133228 0.11714319 0.09406584 0.19414627 0.13091768
0.06297733 0.04998071 0.07621578 0.08891427 0.09264492 0.08133228 0.11714319 0.09406584 0.19414627 0.13091768
0.06297733 0.04998071 0.07621578 0.08891427 0.09264492 0.08133228 0.11714319 0.09406584 0.19414627 0.13091768
0.06297733 0.04998071 0.07621578 0.08891427 0.09264492 0.08133228 0.11714319 0.09406584 0.19414627 0.13091768
0.06297733 0.04998071 0.07621578 0.08891427 0.09264492 0.08133228 0.11714319 0.09406584 0.19414627 0.13091768
0.06297733 0.04998071 0.07621578 0.08891427 0.09264492 0.08133228 0.11714319 0.09406584 0.19414627 0.13091768
0.06668713 0.04977837 0.07464678 0.08662031 0.08450904 0.08677777 0.12050542 0.10056211 0.19025743 0.15400084
0.06668713 0.04977837 0.07464678 0.08662031 0.08450904 0.08677777 0.12050542 0.10056211 0.19025743 0.15400084
0.06668713 0.04977837 0.07464678 0.08662031 0.08450904 0.08677777 0.12050542 0.10056211 0.19025743 0.15400084
0.07276490 0.05791967 0.07498977 0.08662430 0.08149739 0.09277423 0.12855453 0.09168175 0.19637393 0.17155006
0.07667160 0.05828329 0.07604099 0.09204809 0.08451922 0.07909620 0.11103573 0.09132453 0.19701303 0.14923862
0.07667160 0.05828329 0.07604099 0.09204809 0.08451922 0.07909620 0.11103573 0.09132453 0.19701303 0.14923862
0.07667160 0.05828329 0.07604099 0.09204809 0.08451922 0.07909620 0.11103573 0.09132453 0.19701303 0.14923862
0.05894056 0.05077814 0.07630427 0.08894129 0.08963965 0.08040222 0.10236604 0.09130780 0.18909623 0.15657916
0.05894056 0.05077814 0.07630427 0.08894129 0.08963965 0.08040222 0.10236604 0.09130780 0.18909623 0.15657916
0.06271483 0.05989346 0.07042784 0.08746639 0.08420022 0.07842843 0.11343220 0.09121915 0.17806542 0.13996067
0.06070376 0.06543484 0.07951595 0.09363910 0.08667261 0.07855275 0.11240292 0.09429946 0.17879415 0.13971677
0.06267510 0.04671845 0.07451830 0.09235010 0.08903427 0.08481085 0.11675018 0.09660853 0.19296626 0.14847575
0.07045778 0.04484378 0.07994065 0.09698734 0.09602126 0.08243971 0.12325487 0.09449897 0.18240155 0.16079809
0.07045778 0.04484378 0.07994065 0.09698734 0.09602126 0.08243971 0.12325487 0.09449897 0.18240155 0.16079809
0.07045778 0.04484378 0.07994065 0.09698734 0.09602126 0.08243971 0.12325487 0.09449897 0.18240155 0.16079809
0.07045778 0.04484378 0.07994065 0.09698734 0.09602126 0.08243971 0.12325487 0.09449897 0.18240155 0.16079809
0.07045778 0.04484378 0.07994065 0.09698734 0.09602126 0.08243971 0.12325487 0.09449897 0.18240155 0.16079809
0.07045778 0.04484378 0.07994065 0.09698734 0.09602126 0.08243971 0.12325487 0.09449897 0.18240155 0.16079809
0.07045778 0.04484378 0.07994065 0.09698734 0.09602126 0.08243971 0.12325487 0.09449897 0.18240155 0.16079809
0.06854504 0.04613285 0.08362526 0.09568558 0.08063652 0.08567553 0.12289140 0.09436551 0.18786972 0.16955443
0.06284890 0.04705372 0.07859999 0.09129058 0.09029018 0.07840973 0.11311477 0.09454536 0.18892227 0.14905147
0.06284890 0.04705372 0.07859999 0.09129058 0.09029018 0.07840973 0.11311477 0.09454536 0.18892227 0.14905147
0.06284890 0.04705372 0.07859999 0.09129058 0.09029018 0.07840973 0.11311477 0.09454536 0.18892227 0.14905147
0.06284890 0.04705372 0.07859999 0.09129058 0.09029018 0.07840973 0.11311477 0.09454536 0.18892227 0.14905147
0.05987913 0.04723073 0.07537063 0.08836532 0.08761926 0.07528994 0.11290821 0.09267555 0.17210347 0.12733742
0.06517063 0.05515890 0.07485284 0.08830953 0.08234182 0.07962033 0.11086625 0.08838111 0.16600973 0.13281954
0.06517063 0.05515890 0.07485284 0.08830953 0.08234182 0.07962033 0.11086625 0.08838111 0.16600973 0.13281954
0.06517063 0.05515890 0.07485284 0.08830953 0.08234182 0.07962033 0.11086625 0.08838111 0.16600973 0.13281954
0.06517063 0.05515890 0.07485284 0.08830953 0.08234182 0.07962033 0.11086625 0.08838111 0.16600973 0.13281954
0.06517063 0.05515890 0.07485284 0.08830953 0.08234182 0.07962033 0.11086625 0.08838111 0.16600973 0.13281954
0.06517063 0.05515890 0.07485284 0.08830953 0.08234182 0.07962033 0.11086625 0.08838111 0.16600973 0.13281954
0.06517063 0.05515890 0.07485284 0.08830953 0.08234182 0.07962033 0.11086625 0.08838111 0.16600973 0.13281954
0.06531181 0.05630429 0.07442368 0.08952050 0.07974804 0.08325276 0.10346085 0.09009202 0.16833051 0.12475204
0.06668026 0.06080754 0.07121579 0.08703049 0.07953334 0.09132864 0.10609957 0.09118612 0.15422146 0.12659290
0.06855830 0.04897639 0.08085639 0.09611181 0.08260527 0.07794292 0.11354775 0.09274705 0.19690520 0.13089178
0.06117419 0.04367392 0.07847536 0.08986158 0.09256261 0.07695505 0.10915108 0.09702081 0.18473515 0.13193613
0.07349338 0.04427036 0.07334092 0.09207252 0.08186880 0.07587684 0.11186223 0.09181662 0.18705723 0.13450547
0.06994884 0.04431259 0.08146719 0.09998812 0.08128581 0.08230956 0.11340965 0.09058046 0.18551708 0.14732211
0.06994884 0.04431259 0.08146719 0.09998812 0.08128581 0.08230956 0.11340965 0.09058046 0.18551708 0.14732211
0.07242098 0.04679197 0.07825161 0.09602075 0.08680445 0.07908458 0.11474924 0.09044456 0.17742674 0.14043062
0.06785905 0.04526636 0.08099143 0.09039503 0.08806199 0.07964149 0.11001110 0.09467859 0.18388969 0.15054515
0.06884813 0.04498274 0.08068935 0.08957790 0.09028528 0.08116039 0.10863187 0.09443243 0.17155773 0.13853690
0.06884813 0.04498274 0.08068935 0.08957790 0.09028528 0.08116039 0.10863187 0.09443243 0.17155773 0.13853690
0.06884813 0.04498274 0.08068935 0.08957790 0.09028528 0.08116039 0.10863187 0.09443243 0.17155773 0.13853690
0.06884813 0.04498274 0.08068935 0.08957790 0.09028528 0.08116039 0.10863187 0.09443243 0.17155773 0.13853690
0.07767284 0.04534836 0.07791641 0.08846225 0.08591954 0.07587258 0.10619365 0.10163393 0.18167681 0.12652410
0.07767284 0.04534836 0.07791641 0.08846225 0.08591954 0.07587258 0.10619365 0.10163393 0.18167681 0.12652410
0.07218858 0.04406295 0.07941898 0.08798446 0.08156315 0.08031477 0.11344445 0.09303769 0.19987558 0.12090991
0.08008842 0.04316180 0.07498754 0.08905517 0.08759000 0.08248800 0.11488317 0.09767950 0.20293110 0.12358820
0.07818680 0.05302501 0.07967763 0.08910717 0.09388020 0.07732837 0.10411836 0.10041055 0.18399459 0.13584289
0.06729553 0.05128302 0.07807020 0.08894110 0.08366000 0.07470003 0.10769988 0.09087121 0.17561565 0.13755651
0.06729553 0.05128302 0.07807020 0.08894110 0.08366000 0.07470003 0.10769988 0.09087121 0.17561565 0.13755651
0.06729553 0.05128302 0.07807020 0.08894110 0.08366000 0.07470003 0.10769988 0.09087121 0.17561565 0.13755651
0.06729553 0.05128302 0.07807020 0.08894110 0.08366000 0.07470003 0.10769988 0.09087121 0.17561565 0.13755651
0.06729553 0.05128302 0.07807020 0.08894110 0.08366000 0.07470003 0.10769988 0.09087121 0.17561565 0.13755651
0.06729553 0.05128302 0.07807020 0.08894110 0.08366000 0.07470003 0.10769988 0.09087121 0.17561565 0.13755651
0.07191053 0.04547290 0.08075660 0.09504154 0.08504783 0.07506890 0.10392116 0.09343769 0.18381683 0.12125829
0.07191053 0.04547290 0.08075660 0.09504154 0.08504783 0.07506890 0.10392116 0.09343769 0.18381683 0.12125829
0.07782465 0.04512271 0.08087129 0.09601544 0.08238737 0.07914523 0.11026820 0.09473200 0.19912869 0.13130063
0.07826441 0.04426094 0.07787859 0.09570092 0.08190008 0.08103762 0.10816831 0.09435316 0.21050948 0.13376788
0.07826441 0.04426094 0.07787859 0.09570092 0.08190008 0.08103762 0.10816831 0.09435316 0.21050948 0.13376788
0.07486704 0.04553414 0.07713659 0.10393446 0.08576429 0.08183958 0.10940109 0.09116410 0.20211985 0.13455606
0.07486704 0.04553414 0.07713659 0.10393446 0.08576429 0.08183958 0.10940109 0.09116410 0.20211985 0.13455606
0.06255810 0.04752014 0.08280205 0.08894367 0.08698937 0.07863305 0.10473222 0.10732235 0.16816540 0.13103488
0.06447511 0.04972587 0.08062205 0.08839368 0.07974043 0.07675202 0.10713643 0.11502673 0.17178518 0.14397063
0.06870594 0.05125369 0.07766018 0.08771280 0.08801370 0.07460531 0.11044244 0.08947701 0.19723049 0.14836711
0.06870594 0.05125369 0.07766018 0.08771280 0.08801370 0.07460531 0.11044244 0.08947701 0.19723049 0.14836711
0.06894635 0.04877613 0.07831416 0.09365753 0.10217264 0.07555843 0.10875579 0.09061101 0.20096333 0.12997856
0.06894635 0.04877613 0.07831416 0.09365753 0.10217264 0.07555843 0.10875579 0.09061101 0.20096333 0.12997856
0.06894635 0.04877613 0.07831416 0.09365753 0.10217264 0.07555843 0.10875579 0.09061101 0.20096333 0.12997856
0.06894635 0.04877613 0.07831416 0.09365753 0.10217264 0.07555843 0.10875579 0.09061101 0.20096333 0.12997856
0.07851635 0.06487181 0.08353583 0.08892400 0.08306877 0.07493533 0.09818688 0.08937731 0.17982498 0.14723501
0.07927744 0.05779139 0.08570932 0.08825107 0.10727452 0.07760455 0.10309118 0.09206731 0.19042195 0.13486708
0.07992828 0.04969930 0.08459246 0.09630358 0.10365075 0.07989193 0.10182457 0.09818723 0.18760060 0.12952027
0.07065967 0.05620276 0.08237116 0.08947453 0.09064466 0.08011126 0.10554718 0.09171263 0.18955426 0.13621923
0.07065967 0.05620276 0.08237116 0.08947453 0.09064466 0.08011126 0.10554718 0.09171263 0.18955426 0.13621923
0.08061585 0.05326583 0.09210061 0.09030854 0.09145644 0.08155718 0.09917561 0.09302386 0.17588939 0.15294971
0.08061585 0.05326583 0.09210061 0.09030854 0.09145644 0.08155718 0.09917561 0.09302386 0.17588939 0.15294971
0.07658820 0.05481166 0.09610953 0.09472211 0.10452484 0.08163232 0.10499821 0.09385294 0.16068342 0.14915381
0.07658820 0.05481166 0.09610953 0.09472211 0.10452484 0.08163232 0.10499821 0.09385294 0.16068342 0.14915381
0.07975182 0.04973252 0.08331523 0.09029966 0.09408449 0.07567583 0.09748935 0.09735775 0.18796969 0.13151912
0.06774587 0.05128320 0.08800189 0.09347513 0.10062882 0.07752335 0.10585472 0.09181030 0.18294801 0.14483891
0.06774587 0.05128320 0.08800189 0.09347513 0.10062882 0.07752335 0.10585472 0.09181030 0.18294801 0.14483891
0.07484871 0.04979130 0.09123056 0.09455271 0.09318455 0.07726311 0.11004852 0.09121263 0.18257882 0.14451368
0.07532334 0.05259087 0.09936710 0.09595928 0.09141852 0.07555540 0.10513165 0.09273638 0.18373097 0.13694375
0.06634217 0.05069833 0.08340226 0.08905492 0.09124492 0.08074184 0.09871956 0.09716897 0.21448783 0.13538974
0.05778616 0.04931135 0.09223674 0.09021918 0.09249727 0.07763029 0.09469177 0.09364105 0.19430078 0.11961321
0.08447431 0.06125221 0.09081856 0.09000098 0.09155838 0.08149867 0.09488524 0.09363649 0.17895896 0.14685191
0.08447431 0.06125221 0.09081856 0.09000098 0.09155838 0.08149867 0.09488524 0.09363649 0.17895896 0.14685191
0.08447431 0.06125221 0.09081856 0.09000098 0.09155838 0.08149867 0.09488524 0.09363649 0.17895896 0.14685191
0.07818237 0.05356764 0.09207621 0.09802482 0.09680812 0.07898132 0.09620572 0.09211700 0.18881408 0.12967073
0.05435142 0.05373684 0.09169884 0.10129285 0.10698586 0.09333912 0.09066131 0.09203249 0.18658277 0.12924183
0.05435142 0.05373684 0.09169884 0.10129285 0.10698586 0.09333912 0.09066131 0.09203249 0.18658277 0.12924183
0.05435142 0.05373684 0.09169884 0.10129285 0.10698586 0.09333912 0.09066131 0.09203249 0.18658277 0.12924183
0.07278937 0.05283148 0.09394025 0.09490751 0.09472672 0.08216887 0.09955289 0.09693297 0.19902590 0.13696260
0.09144231 0.05975401 0.07752488 0.08580682 0.09721424 0.08662361 0.09802729 0.09326135 0.19379184 0.13065436
0.09144231 0.05975401 0.07752488 0.08580682 0.09721424 0.08662361 0.09802729 0.09326135 0.19379184 0.13065436
0.09144231 0.05975401 0.07752488 0.08580682 0.09721424 0.08662361 0.09802729 0.09326135 0.19379184 0.13065436
0.09530216 0.05545682 0.08358567 0.09408709 0.10564853 0.09009621 0.09582241 0.09037766 0.20361586 0.12463647
0.09745653 0.05790207 0.08335768 0.09235460 0.11200692 0.08381325 0.09409764 0.08879862 0.19172634 0.11896709
0.09745653 0.05790207 0.08335768 0.09235460 0.11200692 0.08381325 0.09409764 0.08879862 0.19172634 0.11896709
0.09418170 0.05591878 0.07852210 0.08697547 0.10891987 0.08571010 0.09613702 0.08940451 0.19450189 0.14436730
0.09663027 0.05824272 0.07773376 0.08302581 0.09971448 0.09655557 0.09219307 0.09710093 0.19104157 0.12570034
0.09663027 0.05824272 0.07773376 0.08302581 0.09971448 0.09655557 0.09219307 0.09710093 0.19104157 0.12570034
