0.00000000 0.00000000 0.00000000 0.00000000 0.00000000 0.00000000 0.00000000 0.00000000 0.00000000 0.00000000
0.00000000 0.00000000 0.00000000 0.00000000 0.00000000 0.00000000 0.00000000 0.00000000 0.00000000 0.00000000
0.00000000 0.00000000 0.00000000 0.00000000 0.00000000 0.00000000 0.00000000 0.00000000 0.00000000 0.00000000
0.09909927 0.11264252 0.11426497 0.12361976 0.13127837 0.10820389 0.10681331 0.12536865 0.15379953 0.15826812
0.09909927 0.11264252 0.11426497 0.12361976 0.13127837 0.10820389 0.10681331 0.12536865 0.15379953 0.15826812
0.10919629 0.12395651 0.11522872 0.13333793 0.13822600 0.10894188 0.10640641 0.12657669 0.15995289 0.16492354
0.11634602 0.11791323 0.11674456 0.13041521 0.13451700 0.11096773 0.10252680 0.12885699 0.16065828 0.16006696
0.11061362 0.11356038 0.11809764 0.12793225 0.12907855 0.11210603 0.10345738 0.12709556 0.15811115 0.15580801
0.10764937 0.13132457 0.12166239 0.12680489 0.13000280 0.11423782 0.10645456 0.12957957 0.15359928 0.15219533
0.09975364 0.12588041 0.11289235 0.12961845 0.12687630 0.11058913 0.11572048 0.13318032 0.15611474 0.15541145
0.09975364 0.12588041 0.11289235 0.12961845 0.12687630 0.11058913 0.11572048 0.13318032 0.15611474 0.15541145
0.09162542 0.11330643 0.11176901 0.12015839 0.12072678 0.11868450 0.10979557 0.12680066 0.14557147 0.15556071
0.10257185 0.11946976 0.10585101 0.13139161 0.13450327 0.12030379 0.11917260 0.12952045 0.14717386 0.15113683
0.09617992 0.10720923 0.10657652 0.12562487 0.13088416 0.11808295 0.11404015 0.13112584 0.14468109 0.15307200
0.09152348 0.11521673 0.09947261 0.14132994 0.12864152 0.11686355 0.11613067 0.14431112 0.15698875 0.15641613
0.09152348 0.11521673 0.09947261 0.14132994 0.12864152 0.11686355 0.11613067 0.14431112 0.15698875 0.15641613
0.09152348 0.11521673 0.09947261 0.14132994 0.12864152 0.11686355 0.11613067 0.14431112 0.15698875 0.15641613
0.09152348 0.11521673 0.09947261 0.14132994 0.12864152 0.11686355 0.11613067 0.14431112 0.15698875 0.15641613
0.09152348 0.11521673 0.09947261 0.14132994 0.12864152 0.11686355 0.11613067 0.14431112 0.15698875 0.15641613
0.09152348 0.11521673 0.09947261 0.14132994 0.12864152 0.11686355 0.11613067 0.14431112 0.15698875 0.15641613
0.09152348 0.11521673 0.09947261 0.14132994 0.12864152 0.11686355 0.11613067 0.14431112 0.15698875 0.15641613
0.09152348 0.11521673 0.09947261 0.14132994 0.12864152 0.11686355 0.11613067 0.14431112 0.15698875 0.15641613
0.08962611 0.11635666 0.09781668 0.14068726 0.12917396 0.11645389 0.11272745 0.15344494 0.15432183 0.15268896
0.08962611 0.11635666 0.09781668 0.14068726 0.12917396 0.11645389 0.11272745 0.15344494 0.15432183 0.15268896
0.10137626 0.11925040 0.09867920 0.14568583 0.13170998 0.11593804 0.11132607 0.15421481 0.15226882 0.15019609
0.10919680 0.11439795 0.10054162 0.14884287 0.12820168 0.11567657 0.10882632 0.14658051 0.15072843 0.15569098
0.07931568 0.10884026 0.10625559 0.12873111 0.13325688 0.11408609 0.12202628 0.14588458 0.14529876 0.15167024
0.07931568 0.10884026 0.10625559 0.12873111 0.13325688 0.11408609 0.12202628 0.14588458 0.14529876 0.15167024
0.07931568 0.10884026 0.10625559 0.12873111 0.13325688 0.11408609 0.12202628 0.14588458 0.14529876 0.15167024
0.07931568 0.10884026 0.10625559 0.12873111 0.13325688 0.11408609 0.12202628 0.14588458 0.14529876 0.15167024
0.07931568 0.10884026 0.10625559 0.12873111 0.13325688 0.11408609 0.12202628 0.14588458 0.14529876 0.15167024
0.09483899 0.11110103 0.10707815 0.13555922 0.13463407 0.11094872 0.11072459 0.13799187 0.14792077 0.15583658
0.09483899 0.11110103 0.10707815 0.13555922 0.13463407 0.11094872 0.11072459 0.13799187 0.14792077 0.15583658
0.09483899 0.11110103 0.10707815 0.13555922 0.13463407 0.11094872 0.11072459 0.13799187 0.14792077 0.15583658
0.09483899 0.11110103 0.10707815 0.13555922 0.13463407 0.11094872 0.11072459 0.13799187 0.14792077 0.15583658
0.08328144 0.09843591 0.11020299 0.12994525 0.13292796 0.11103809 0.11127761 0.14763223 0.14884287 0.15192780
0.08328144 0.09843591 0.11020299 0.12994525 0.13292796 0.11103809 0.11127761 0.14763223 0.14884287 0.15192780
0.08444310 0.09325201 0.11333292 0.12106041 0.12541398 0.11133283 0.10896800 0.15164832 0.14725530 0.15571557
0.08444310 0.09325201 0.11333292 0.12106041 0.12541398 0.11133283 0.10896800 0.15164832 0.14725530 0.15571557
0.08444310 0.09325201 0.11333292 0.12106041 0.12541398 0.11133283 0.10896800 0.15164832 0.14725530 0.15571557
0.08444310 0.09325201 0.11333292 0.12106041 0.12541398 0.11133283 0.10896800 0.15164832 0.14725530 0.15571557
0.08615145 0.09330574 0.11660741 0.11946146 0.12940995 0.11202477 0.10980584 0.15542321 0.14625921 0.16082859
0.08529634 0.09914545 0.10281908 0.12853425 0.12224126 0.10902738 0.11544075 0.15306125 0.14962721 0.14609285
0.08529634 0.09914545 0.10281908 0.12853425 0.12224126 0.10902738 0.11544075 0.15306125 0.14962721 0.14609285
0.08529634 0.09914545 0.10281908 0.12853425 0.12224126 0.10902738 0.11544075 0.15306125 0.14962721 0.14609285
0.08356819 0.08720093 0.10286743 0.11470252 0.11220230 0.10585429 0.11219288 0.15304389 0.13950505 0.15269790
0.08356819 0.08720093 0.10286743 0.11470252 0.11220230 0.10585429 0.11219288 0.15304389 0.13950505 0.15269790
0.08356819 0.08720093 0.10286743 0.11470252 0.11220230 0.10585429 0.11219288 0.15304389 0.13950505 0.15269790
0.09595130 0.12152713 0.10334588 0.12981724 0.12557802 0.10344026 0.11376873 0.14964650 0.14175610 0.14551208
0.09595130 0.12152713 0.10334588 0.12981724 0.12557802 0.10344026 0.11376873 0.14964650 0.14175610 0.14551208
0.09426671 0.11618580 0.10340119 0.12372341 0.12317525 0.10601323 0.11021164 0.15286975 0.14308776 0.14608500
0.09426671 0.11618580 0.10340119 0.12372341 0.12317525 0.10601323 0.11021164 0.15286975 0.14308776 0.14608500
0.08946559 0.11513522 0.10419516 0.11966418 0.12012041 0.10550298 0.10809868 0.15215493 0.14146926 0.14598701
0.09335949 0.10638677 0.11641465 0.12883733 0.12159274 0.10343483 0.11361530 0.16176679 0.14039989 0.14592558
0.09335949 0.10638677 0.11641465 0.12883733 0.12159274 0.10343483 0.11361530 0.16176679 0.14039989 0.14592558
0.10160384 0.10835681 0.11015650 0.12676297 0.12352956 0.10476642 0.11096287 0.15725090 0.13956116 0.15406692
0.09117927 0.10692764 0.10668118 0.12556694 0.12554284 0.10178664 0.11814200 0.16955169 0.13680798 0.14804889
0.09126708 0.10382016 0.10753365 0.12618941 0.12461555 0.10299995 0.11875692 0.17753960 0.13491887 0.15006097
0.09818712 0.10070327 0.10631940 0.12762899 0.12164348 0.10512295 0.11556176 0.18412769 0.14008294 0.15175708
0.09538555 0.11073222 0.11011283 0.13043809 0.12286615 0.10287387 0.11977684 0.16630407 0.13994582 0.15040522
0.09014903 0.10929098 0.10708165 0.12939364 0.12318493 0.10072192 0.12826957 0.17589958 0.13447240 0.14422218
0.08852309 0.11278800 0.10720015 0.12725765 0.12549241 0.09843229 0.13010864 0.17332933 0.13667873 0.14126302
0.09546913 0.11903542 0.10784970 0.12635982 0.12762094 0.09715440 0.12964452 0.18406675 0.14671981 0.13954945
0.09142953 0.11542403 0.10681655 0.12537130 0.12038693 0.09794837 0.13435371 0.19251070 0.14602817 0.13612614
0.09105572 0.11848348 0.10584915 0.12761296 0.12443988 0.09749852 0.12391709 0.16783384 0.13830444 0.14541850
0.08723431 0.10677943 0.10327259 0.13181811 0.12504201 0.10102579 0.11815673 0.18165271 0.14349465 0.14591813
0.08996844 0.10091709 0.11015957 0.12365185 0.11912304 0.10385925 0.11563257 0.17177185 0.14594763 0.16274693
0.08070980 0.09965006 0.10573891 0.12085959 0.13293111 0.09684086 0.12192404 0.17386274 0.14780023 0.14413647
0.08569396 0.10076104 0.10928888 0.11427644 0.14000136 0.09937439 0.11820619 0.17550254 0.14843391 0.14764037
0.08569396 0.10076104 0.10928888 0.11427644 0.14000136 0.09937439 0.11820619 0.17550254 0.14843391 0.14764037
0.08541198 0.09609714 0.11079070 0.11286031 0.13994477 0.09975800 0.12003780 0.17927207 0.14680099 0.14579823
0.07863256 0.09558394 0.10350756 0.10846863 0.13957839 0.09990843 0.12778246 0.18345390 0.14431408 0.13973699
0.07889647 0.09525990 0.10195573 0.10839297 0.13964840 0.10467338 0.13329459 0.17696742 0.14468526 0.13760579
0.07889647 0.09525990 0.10195573 0.10839297 0.13964840 0.10467338 0.13329459 0.17696742 0.14468526 0.13760579
0.07889647 0.09525990 0.10195573 0.10839297 0.13964840 0.10467338 0.13329459 0.17696742 0.14468526 0.13760579
0.07889647 0.09525990 0.10195573 0.10839297 0.13964840 0.10467338 0.13329459 0.17696742 0.14468526 0.13760579
0.07889647 0.09525990 0.10195573 0.10839297 0.13964840 0.10467338 0.13329459 0.17696742 0.14468526 0.13760579
0.07889647 0.09525990 0.10195573 0.10839297 0.13964840 0.10467338 0.13329459 0.17696742 0.14468526 0.13760579
0.07889647 0.09525990 0.10195573 0.10839297 0.13964840 0.10467338 0.13329459 0.17696742 0.14468526 0.13760579
0.08189907 0.09699241 0.10238415 0.10657457 0.14063313 0.10558643 0.12746160 0.17912124 0.14352598 0.13550418
0.08924632 0.10492661 0.10798453 0.12461264 0.12818839 0.09694948 0.11176868 0.16614975 0.14744340 0.14778973
0.08924632 0.10492661 0.10798453 0.12461264 0.12818839 0.09694948 0.11176868 0.16614975 0.14744340 0.14778973
0.08924632 0.10492661 0.10798453 0.12461264 0.12818839 0.09694948 0.11176868 0.16614975 0.14744340 0.14778973
0.09306875 0.11161502 0.11095670 0.12719817 0.13360855 0.09639087 0.11867785 0.16906052 0.15046274 0.14897559
0.09306875 0.11161502 0.11095670 0.12719817 0.13360855 0.09639087 0.11867785 0.16906052 0.15046274 0.14897559
0.09306875 0.11161502 0.11095670 0.12719817 0.13360855 0.09639087 0.11867785 0.16906052 0.15046274 0.14897559
0.09306875 0.11161502 0.11095670 0.12719817 0.13360855 0.09639087 0.11867785 0.16906052 0.15046274 0.14897559
0.09306875 0.11161502 0.11095670 0.12719817 0.13360855 0.09639087 0.11867785 0.16906052 0.15046274 0.14897559
0.09306875 0.11161502 0.11095670 0.12719817 0.13360855 0.09639087 0.11867785 0.16906052 0.15046274 0.14897559
0.09306875 0.11161502 0.11095670 0.12719817 0.13360855 0.09639087 0.11867785 0.16906052 0.15046274 0.14897559
0.09306875 0.11161502 0.11095670 0.12719817 0.13360855 0.09639087 0.11867785 0.16906052 0.15046274 0.14897559
0.09306875 0.11161502 0.11095670 0.12719817 0.13360855 0.09639087 0.11867785 0.16906052 0.15046274 0.14897559
0.09306875 0.11161502 0.11095670 0.12719817 0.13360855 0.09639087 0.11867785 0.16906052 0.15046274 0.14897559
0.09306875 0.11161502 0.11095670 0.12719817 0.13360855 0.09639087 0.11867785 0.16906052 0.15046274 0.14897559
0.09082029 0.11843089 0.10970220 0.12294176 0.13278733 0.09827168 0.11891800 0.17120214 0.15035875 0.14963721
0.08367206 0.10425632 0.10387503 0.13318291 0.12314676 0.09690997 0.12327380 0.17179960 0.14837906 0.14348620
0.08555335 0.10883298 0.10342510 0.13379563 0.12177142 0.09400213 0.11792996 0.16509488 0.14959528 0.14181229
0.08555335 0.10883298 0.10342510 0.13379563 0.12177142 0.09400213 0.11792996 0.16509488 0.14959528 0.14181229
0.07739459 0.10123797 0.10039285 0.12098623 0.12138877 0.09740063 0.11555313 0.16120540 0.14707477 0.13900735
0.07739459 0.10123797 0.10039285 0.12098623 0.12138877 0.09740063 0.11555313 0.16120540 0.14707477 0.13900735
0.08199875 0.09849448 0.10241803 0.12935198 0.12268371 0.10034330 0.11189009 0.15919384 0.14465830 0.14334142
0.09236621 0.10345072 0.10867420 0.12876325 0.12357953 0.09474915 0.11444863 0.16084294 0.14459704 0.14598312
0.09236621 0.10345072 0.10867420 0.12876325 0.12357953 0.09474915 0.11444863 0.16084294 0.14459704 0.14598312
0.09100765 0.10677712 0.10824069 0.12608999 0.12242886 0.09470504 0.11866696 0.16352799 0.14481380 0.14827132
0.09100765 0.10677712 0.10824069 0.12608999 0.12242886 0.09470504 0.11866696 0.16352799 0.14481380 0.14827132
0.09100765 0.10677712 0.10824069 0.12608999 0.12242886 0.09470504 0.11866696 0.16352799 0.14481380 0.14827132
0.09100765 0.10677712 0.10824069 0.12608999 0.12242886 0.09470504 0.11866696 0.16352799 0.14481380 0.14827132
0.09100765 0.10677712 0.10824069 0.12608999 0.12242886 0.09470504 0.11866696 0.16352799 0.14481380 0.14827132
0.09257721 0.11677007 0.10205247 0.13607299 0.12234816 0.09374115 0.11588617 0.15972795 0.14339760 0.13778280
0.09257721 0.11677007 0.10205247 0.13607299 0.12234816 0.09374115 0.11588617 0.15972795 0.14339760 0.13778280
0.09257721 0.11677007 0.10205247 0.13607299 0.12234816 0.09374115 0.11588617 0.15972795 0.14339760 0.13778280
0.09131351 0.10604954 0.11022342 0.13702925 0.12218565 0.09368722 0.11969290 0.16475441 0.14322387 0.14150457
0.09131351 0.10604954 0.11022342 0.13702925 0.12218565 0.09368722 0.11969290 0.16475441 0.14322387 0.14150457
0.08145069 0.11539349 0.10389164 0.11878615 0.12401931 0.09389366 0.11861565 0.16798363 0.13983012 0.14329792
0.08145069 0.11539349 0.10389164 0.11878615 0.12401931 0.09389366 0.11861565 0.16798363 0.13983012 0.14329792
0.08145069 0.11539349 0.10389164 0.11878615 0.12401931 0.09389366 0.11861565 0.16798363 0.13983012 0.14329792
0.08145069 0.11539349 0.10389164 0.11878615 0.12401931 0.09389366 0.11861565 0.16798363 0.13983012 0.14329792
0.08145069 0.11539349 0.10389164 0.11878615 0.12401931 0.09389366 0.11861565 0.16798363 0.13983012 0.14329792
0.08145069 0.11539349 0.10389164 0.11878615 0.12401931 0.09389366 0.11861565 0.16798363 0.13983012 0.14329792
0.08145069 0.11539349 0.10389164 0.11878615 0.12401931 0.09389366 0.11861565 0.16798363 0.13983012 0.14329792
0.08145069 0.11539349 0.10389164 0.11878615 0.12401931 0.09389366 0.11861565 0.16798363 0.13983012 0.14329792
0.08145069 0.11539349 0.10389164 0.11878615 0.12401931 0.09389366 0.11861565 0.16798363 0.13983012 0.14329792
0.08713301 0.12715657 0.10312614 0.13213238 0.12554440 0.09333062 0.12157902 0.17448123 0.14163862 0.14165077
0.08713301 0.12715657 0.10312614 0.13213238 0.12554440 0.09333062 0.12157902 0.17448123 0.14163862 0.14165077
0.08713301 0.12715657 0.10312614 0.13213238 0.12554440 0.09333062 0.12157902 0.17448123 0.14163862 0.14165077
0.07889971 0.10869525 0.10253605 0.12233418 0.12692777 0.09508676 0.11922848 0.15539305 0.13570121 0.14330905
0.08835922 0.10796381 0.10929969 0.12879522 0.12308364 0.09430372 0.12100126 0.16275339 0.13467660 0.14549336
0.07515223 0.11593615 0.09997602 0.12081372 0.12817631 0.09296667 0.13118464 0.15206354 0.12953638 0.13469391
0.07515223 0.11593615 0.09997602 0.12081372 0.12817631 0.09296667 0.13118464 0.15206354 0.12953638 0.13469391
0.07515223 0.11593615 0.09997602 0.12081372 0.12817631 0.09296667 0.13118464 0.15206354 0.12953638 0.13469391
0.07515223 0.11593615 0.09997602 0.12081372 0.12817631 0.09296667 0.13118464 0.15206354 0.12953638 0.13469391
0.07515223 0.11593615 0.09997602 0.12081372 0.12817631 0.09296667 0.13118464 0.15206354 0.12953638 0.13469391
0.09122705 0.10139563 0.10867467 0.11934443 0.12795793 0.09341660 0.12637005 0.15956173 0.12956427 0.14611275
0.09122705 0.10139563 0.10867467 0.11934443 0.12795793 0.09341660 0.12637005 0.15956173 0.12956427 0.14611275
0.09122705 0.10139563 0.10867467 0.11934443 0.12795793 0.09341660 0.12637005 0.15956173 0.12956427 0.14611275
0.08253056 0.11011620 0.10487893 0.11651103 0.12668700 0.09397364 0.12080511 0.15044655 0.12930738 0.14381897
0.08816721 0.10398596 0.10729580 0.12186328 0.12714376 0.09223521 0.12792938 0.15031021 0.12953354 0.14385081
0.08856265 0.10227289 0.10841443 0.11452394 0.13104036 0.09227215 0.12585477 0.14946303 0.12997184 0.14382312
0.08856265 0.10227289 0.10841443 0.11452394 0.13104036 0.09227215 0.12585477 0.14946303 0.12997184 0.14382312
0.08856265 0.10227289 0.10841443 0.11452394 0.13104036 0.09227215 0.12585477 0.14946303 0.12997184 0.14382312
0.08856265 0.10227289 0.10841443 0.11452394 0.13104036 0.09227215 0.12585477 0.14946303 0.12997184 0.14382312
0.08856265 0.10227289 0.10841443 0.11452394 0.13104036 0.09227215 0.12585477 0.14946303 0.12997184 0.14382312
0.08856265 0.10227289 0.10841443 0.11452394 0.13104036 0.09227215 0.12585477 0.14946303 0.12997184 0.14382312
0.09315295 0.10026182 0.11109031 0.11132673 0.12357200 0.09308656 0.11998490 0.14628182 0.13232161 0.14851421
0.08956455 0.10288806 0.11017221 0.11303004 0.12921037 0.09369139 0.12177913 0.14990215 0.13268108 0.14621444
0.09551205 0.10346025 0.11056642 0.11274476 0.13157061 0.09245797 0.12403576 0.15055547 0.13182860 0.14735530
0.09072509 0.10131259 0.11032406 0.10631355 0.12356501 0.09506259 0.12150893 0.14918328 0.13025872 0.14656820
0.09740529 0.10254205 0.11384111 0.12569435 0.13030048 0.09365125 0.11636607 0.14278189 0.12695089 0.15194810
0.09740529 0.10254205 0.11384111 0.12569435 0.13030048 0.09365125 0.11636607 0.14278189 0.12695089 0.15194810
0.09740529 0.10254205 0.11384111 0.12569435 0.13030048 0.09365125 0.11636607 0.14278189 0.12695089 0.15194810
0.09740529 0.10254205 0.11384111 0.12569435 0.13030048 0.09365125 0.11636607 0.14278189 0.12695089 0.15194810
0.09740529 0.10254205 0.11384111 0.12569435 0.13030048 0.09365125 0.11636607 0.14278189 0.12695089 0.15194810
0.09740529 0.10254205 0.11384111 0.12569435 0.13030048 0.09365125 0.11636607 0.14278189 0.12695089 0.15194810
0.10146940 0.10351670 0.11672984 0.13824809 0.13227176 0.09497167 0.11519750 0.14674743 0.12777515 0.16023488
0.09601829 0.11046600 0.10521402 0.12202181 0.13061246 0.09354476 0.11985216 0.13444340 0.12652110 0.14529424
0.09601829 0.11046600 0.10521402 0.12202181 0.13061246 0.09354476 0.11985216 0.13444340 0.12652110 0.14529424
0.09601829 0.11046600 0.10521402 0.12202181 0.13061246 0.09354476 0.11985216 0.13444340 0.12652110 0.14529424
0.11089678 0.10816613 0.10859500 0.12493068 0.13134975 0.09287766 0.11601297 0.13463352 0.12845723 0.14608387
0.11089678 0.10816613 0.10859500 0.12493068 0.13134975 0.09287766 0.11601297 0.13463352 0.12845723 0.14608387
0.10931523 0.12372544 0.10495371 0.11818111 0.12981065 0.09468772 0.12656483 0.12817101 0.13176204 0.13785189
0.11277387 0.12684885 0.10632794 0.11482091 0.12872082 0.09490733 0.13027096 0.12681254 0.12874761 0.13680636
0.11277387 0.12684885 0.10632794 0.11482091 0.12872082 0.09490733 0.13027096 0.12681254 0.12874761 0.13680636
0.11095764 0.11899981 0.10856012 0.11810396 0.13185159 0.09394224 0.13409103 0.12636579 0.12707509 0.13552922
0.08787590 0.11628570 0.10097364 0.11191704 0.13447988 0.09330626 0.12145060 0.12706003 0.12754635 0.14011298
0.08787590 0.11628570 0.10097364 0.11191704 0.13447988 0.09330626 0.12145060 0.12706003 0.12754635 0.14011298
0.09207526 0.10879984 0.09738775 0.10690131 0.12720480 0.09642162 0.12201880 0.12468306 0.12527100 0.13747327
0.09207526 0.10879984 0.09738775 0.10690131 0.12720480 0.09642162 0.12201880 0.12468306 0.12527100 0.13747327
0.09207526 0.10879984 0.09738775 0.10690131 0.12720480 0.09642162 0.12201880 0.12468306 0.12527100 0.13747327
0.09292890 0.10790167 0.10132686 0.10878731 0.13778919 0.09620637 0.12257885 0.13011964 0.12925909 0.14180814
0.08964240 0.10496989 0.10187075 0.10723459 0.14134009 0.09737972 0.13059819 0.13021178 0.13009534 0.14077781
0.08758896 0.11250249 0.09619344 0.10671024 0.13851175 0.09545360 0.13005068 0.12722849 0.12398978 0.13766560
0.08758896 0.11250249 0.09619344 0.10671024 0.13851175 0.09545360 0.13005068 0.12722849 0.12398978 0.13766560
0.08758896 0.11250249 0.09619344 0.10671024 0.13851175 0.09545360 0.13005068 0.12722849 0.12398978 0.13766560
0.08418300 0.11457662 0.10031717 0.10751718 0.13634147 0.10026638 0.13550199 0.13159261 0.12461746 0.14172119
0.08948092 0.10500453 0.09637164 0.11241281 0.13165832 0.09824829 0.13917000 0.13209975 0.12153079 0.13654967
0.08948092 0.10500453 0.09637164 0.11241281 0.13165832 0.09824829 0.13917000 0.13209975 0.12153079 0.13654967
0.07899120 0.11024791 0.09569561 0.11534064 0.12620658 0.09539093 0.12285443 0.13711471 0.12482073 0.13336513
0.07899120 0.11024791 0.09569561 0.11534064 0.12620658 0.09539093 0.12285443 0.13711471 0.12482073 0.13336513
0.08181876 0.11059570 0.09681074 0.10901756 0.12600263 0.09612774 0.12045735 0.13715981 0.12447813 0.13323778
0.08181876 0.11059570 0.09681074 0.10901756 0.12600263 0.09612774 0.12045735 0.13715981 0.12447813 0.13323778
0.08190346 0.10880850 0.09533194 0.11160021 0.12296193 0.09794403 0.12073988 0.14487612 0.12199546 0.13432865
0.08769749 0.10331958 0.09591231 0.11320615 0.12540491 0.09962639 0.13853076 0.13996835 0.12001292 0.13558236
0.08112144 0.10316045 0.09654750 0.12673355 0.12376641 0.09699839 0.12571953 0.14515818 0.11964029 0.13364001
0.08112144 0.10316045 0.09654750 0.12673355 0.12376641 0.09699839 0.12571953 0.14515818 0.11964029 0.13364001
0.08112144 0.10316045 0.09654750 0.12673355 0.12376641 0.09699839 0.12571953 0.14515818 0.11964029 0.13364001
0.08112144 0.10316045 0.09654750 0.12673355 0.12376641 0.09699839 0.12571953 0.14515818 0.11964029 0.13364001
0.08128061 0.11744648 0.09372083 0.13644695 0.12156889 0.09571354 0.12551793 0.13967763 0.12129188 0.13080077
0.07634524 0.10218822 0.09465233 0.12562841 0.11938670 0.09690408 0.11993595 0.13742084 0.12065212 0.13404677
0.07634524 0.10218822 0.09465233 0.12562841 0.11938670 0.09690408 0.11993595 0.13742084 0.12065212 0.13404677
0.07911929 0.10813778 0.09240022 0.13699435 0.11881205 0.09721269 0.11888551 0.13980568 0.11759205 0.12854622
0.08196458 0.10948748 0.09253912 0.13842061 0.12132196 0.09425204 0.11753686 0.14960447 0.12022104 0.12893781
0.08196458 0.10948748 0.09253912 0.13842061 0.12132196 0.09425204 0.11753686 0.14960447 0.12022104 0.12893781
0.07873203 0.10952991 0.09340638 0.13956702 0.11820035 0.09511204 0.11402698 0.14761574 0.11801967 0.13044493
0.07402955 0.11566482 0.09174090 0.13836309 0.11885234 0.09624710 0.11863283 0.14982210 0.11935364 0.12806710
0.07402955 0.11566482 0.09174090 0.13836309 0.11885234 0.09624710 0.11863283 0.14982210 0.11935364 0.12806710
0.07402955 0.11566482 0.09174090 0.13836309 0.11885234 0.09624710 0.11863283 0.14982210 0.11935364 0.12806710
0.07306465 0.10896980 0.09017741 0.12484373 0.11582295 0.09398741 0.11999538 0.14256042 0.12009198 0.12781339
0.07306465 0.10896980 0.09017741 0.12484373 0.11582295 0.09398741 0.11999538 0.14256042 0.12009198 0.12781339
0.07648719 0.10528477 0.09172578 0.12806314 0.11614942 0.09542476 0.11328534 0.14360372 0.11646080 0.13047006
0.07648719 0.10528477 0.09172578 0.12806314 0.11614942 0.09542476 0.11328534 0.14360372 0.11646080 0.13047006
0.07648719 0.10528477 0.09172578 0.12806314 0.11614942 0.09542476 0.11328534 0.14360372 0.11646080 0.13047006
0.07562967 0.10695631 0.09283351 0.13057246 0.11556912 0.09526354 0.11258935 0.14577410 0.11551253 0.13224175
0.07123311 0.10305067 0.08956649 0.12729880 0.11738595 0.09411888 0.11511544 0.14673288 0.11372403 0.12793788
0.07123311 0.10305067 0.08956649 0.12729880 0.11738595 0.09411888 0.11511544 0.14673288 0.11372403 0.12793788
0.07123311 0.10305067 0.08956649 0.12729880 0.11738595 0.09411888 0.11511544 0.14673288 0.11372403 0.12793788
0.07207846 0.09960613 0.08748372 0.13096828 0.11730547 0.09230004 0.11478616 0.14961335 0.11194600 0.12505899
0.07039342 0.11867310 0.08806812 0.13505366 0.11742347 0.09383706 0.11652332 0.13924254 0.11375393 0.12517421
0.06946287 0.10687384 0.09257708 0.12796077 0.11423850 0.09394179 0.11061253 0.13930001 0.11293872 0.13147702
0.06751819 0.10514686 0.09705980 0.12635358 0.11740123 0.09473812 0.10953892 0.13834141 0.11265381 0.13087789
0.06738204 0.10223027 0.09806318 0.11923436 0.11776885 0.09472717 0.10880127 0.13748217 0.11328714 0.13258318
0.06965729 0.10063007 0.09633711 0.13845083 0.11309646 0.09657048 0.11015672 0.13995540 0.11893609 0.13857374
0.06965729 0.10063007 0.09633711 0.13845083 0.11309646 0.09657048 0.11015672 0.13995540 0.11893609 0.13857374
0.06965729 0.10063007 0.09633711 0.13845083 0.11309646 0.09657048 0.11015672 0.13995540 0.11893609 0.13857374
0.06814503 0.10010283 0.09767143 0.15267745 0.11488768 0.09891121 0.11241929 0.13977144 0.11847974 0.13985246
0.06812347 0.09191498 0.09275348 0.13536846 0.12488207 0.09402770 0.11128290 0.14259682 0.11685238 0.13139287
0.07728410 0.08940073 0.09350746 0.13898053 0.12374735 0.09369537 0.11497685 0.14469261 0.11500874 0.12609036
0.07728410 0.08940073 0.09350746 0.13898053 0.12374735 0.09369537 0.11497685 0.14469261 0.11500874 0.12609036
0.07728410 0.08940073 0.09350746 0.13898053 0.12374735 0.09369537 0.11497685 0.14469261 0.11500874 0.12609036
0.07728410 0.08940073 0.09350746 0.13898053 0.12374735 0.09369537 0.11497685 0.14469261 0.11500874 0.12609036
0.07728410 0.08940073 0.09350746 0.13898053 0.12374735 0.09369537 0.11497685 0.14469261 0.11500874 0.12609036
0.07423326 0.08463584 0.09765313 0.13798427 0.12870376 0.09493454 0.11243319 0.14780525 0.11387164 0.12915680
0.06750213 0.11032871 0.08892071 0.13389257 0.12096998 0.09258382 0.10877464 0.14053252 0.11743741 0.12590256
0.06750213 0.11032871 0.08892071 0.13389257 0.12096998 0.09258382 0.10877464 0.14053252 0.11743741 0.12590256
0.06885305 0.11018860 0.08904705 0.12854107 0.12237159 0.09312579 0.10706101 0.13744902 0.11782319 0.12765270
0.06885305 0.11018860 0.08904705 0.12854107 0.12237159 0.09312579 0.10706101 0.13744902 0.11782319 0.12765270
0.06885305 0.11018860 0.08904705 0.12854107 0.12237159 0.09312579 0.10706101 0.13744902 0.11782319 0.12765270
0.06827109 0.11624840 0.09049075 0.12575894 0.12227615 0.09211433 0.10758253 0.14236799 0.11744825 0.12846190
0.06827109 0.11624840 0.09049075 0.12575894 0.12227615 0.09211433 0.10758253 0.14236799 0.11744825 0.12846190
0.07035034 0.11461982 0.09021960 0.12518657 0.12700260 0.09186566 0.10926294 0.14134230 0.11798054 0.12935296
0.07032664 0.09442822 0.09222738 0.12856496 0.11841320 0.09009981 0.10979019 0.14308845 0.11314420 0.12718251
0.07032664 0.09442822 0.09222738 0.12856496 0.11841320 0.09009981 0.10979019 0.14308845 0.11314420 0.12718251
0.06839089 0.09952290 0.09266495 0.12376860 0.12099242 0.09075704 0.11033631 0.14539149 0.11328193 0.12864675
0.06849645 0.09111376 0.09120186 0.11846369 0.12131083 0.09098569 0.11138620 0.14489551 0.11320457 0.13122774
0.06849645 0.09111376 0.09120186 0.11846369 0.12131083 0.09098569 0.11138620 0.14489551 0.11320457 0.13122774
0.07390585 0.08637775 0.09208216 0.12020595 0.12510175 0.09133507 0.10763356 0.14906669 0.11463643 0.13408272
0.07390585 0.08637775 0.09208216 0.12020595 0.12510175 0.09133507 0.10763356 0.14906669 0.11463643 0.13408272
0.06891241 0.08472941 0.09450133 0.11881029 0.11942757 0.09327149 0.10711723 0.14726927 0.11363978 0.13807181
0.07274806 0.09421054 0.09140331 0.13037050 0.11865989 0.08929971 0.10725004 0.13471322 0.11692907 0.12564994
0.07629291 0.09468605 0.09295149 0.13152085 0.11744128 0.09046853 0.10895348 0.13243687 0.11681378 0.12452239
0.07629291 0.09468605 0.09295149 0.13152085 0.11744128 0.09046853 0.10895348 0.13243687 0.11681378 0.12452239
0.07220853 0.09040775 0.09354619 0.12632436 0.11978567 0.09621537 0.11202912 0.13483950 0.11947903 0.12646556
0.07202289 0.10335581 0.09036293 0.13104589 0.11560906 0.09500910 0.10858173 0.13652564 0.11717668 0.12928179
0.07217959 0.10279737 0.09373318 0.12638041 0.11599955 0.09325624 0.10768841 0.13524908 0.11622789 0.13295077
0.07055955 0.09904807 0.09843559 0.12012515 0.11277702 0.09479578 0.11335617 0.13608852 0.11824043 0.13893284
0.06872618 0.09311267 0.10056098 0.11976018 0.11723320 0.09475671 0.11484897 0.13659847 0.11796430 0.13585226
0.06872618 0.09311267 0.10056098 0.11976018 0.11723320 0.09475671 0.11484897 0.13659847 0.11796430 0.13585226
0.06567483 0.09800285 0.09711477 0.11947343 0.11972062 0.09381127 0.11488594 0.13205755 0.11615920 0.13189707
0.06830596 0.10932415 0.09928998 0.12244542 0.12148707 0.09180834 0.11471150 0.13243728 0.11604922 0.12882305
0.07131279 0.09544069 0.09159885 0.13033754 0.11975330 0.09041856 0.10973279 0.14206425 0.11798336 0.13178637
0.07131279 0.09544069 0.09159885 0.13033754 0.11975330 0.09041856 0.10973279 0.14206425 0.11798336 0.13178637
0.06544219 0.09947401 0.09071340 0.12635690 0.11634972 0.09141965 0.11087156 0.13111569 0.11722410 0.13307142
0.06369718 0.09560335 0.09764267 0.12173640 0.11500559 0.09363856 0.11013206 0.12957205 0.12106689 0.14203302
0.06954882 0.10329001 0.09091875 0.12581142 0.11247421 0.09456677 0.10836359 0.13442645 0.11937387 0.13405298
0.06710995 0.10803098 0.09358460 0.12712916 0.12000766 0.09233648 0.11192144 0.13572933 0.12081867 0.13522091
0.06639129 0.10104424 0.09633016 0.12580849 0.12043893 0.09518065 0.10989808 0.13125595 0.12039558 0.13679945
0.06826688 0.09742139 0.09525577 0.12544445 0.11748545 0.09961343 0.11056030 0.13216246 0.12074409 0.13767313
0.06826688 0.09742139 0.09525577 0.12544445 0.11748545 0.09961343 0.11056030 0.13216246 0.12074409 0.13767313
0.06945156 0.11214413 0.09199081 0.13534153 0.11510097 0.09128156 0.11343487 0.13946593 0.11943018 0.13193957
0.06557346 0.11679520 0.09145201 0.13464401 0.11587323 0.09147814 0.11220542 0.13993709 0.11935140 0.13047183
0.06557346 0.11679520 0.09145201 0.13464401 0.11587323 0.09147814 0.11220542 0.13993709 0.11935140 0.13047183
0.06831183 0.10941961 0.08866448 0.13574880 0.11742389 0.09105590 0.11066453 0.13734909 0.11664688 0.12885585
0.06831183 0.10941961 0.08866448 0.13574880 0.11742389 0.09105590 0.11066453 0.13734909 0.11664688 0.12885585
0.06831183 0.10941961 0.08866448 0.13574880 0.11742389 0.09105590 0.11066453 0.13734909 0.11664688 0.12885585
0.06435516 0.09597725 0.08967417 0.13149308 0.11991011 0.09231018 0.11163466 0.14352790 0.11854167 0.13077304
0.06435516 0.09597725 0.08967417 0.13149308 0.11991011 0.09231018 0.11163466 0.14352790 0.11854167 0.13077304
0.06767136 0.09965142 0.08949084 0.14186119 0.11362880 0.09340341 0.11180109 0.13914100 0.12125690 0.13532112
0.07390494 0.10777737 0.08767846 0.14063487 0.12270663 0.09012181 0.11055672 0.13982955 0.11847968 0.12975357
0.06903987 0.10945749 0.08873541 0.13430572 0.11845007 0.09454643 0.10998722 0.14386228 0.11812140 0.12823321
0.06626182 0.09945807 0.08710336 0.13430313 0.11667995 0.09440261 0.11014345 0.13926021 0.11778571 0.13118767
0.06626182 0.09945807 0.08710336 0.13430313 0.11667995 0.09440261 0.11014345 0.13926021 0.11778571 0.13118767
0.06699680 0.09732539 0.09279617 0.12908840 0.11486909 0.09154133 0.11299696 0.14078192 0.11728677 0.12838980
0.06699680 0.09732539 0.09279617 0.12908840 0.11486909 0.09154133 0.11299696 0.14078192 0.11728677 0.12838980
0.06699680 0.09732539 0.09279617 0.12908840 0.11486909 0.09154133 0.11299696 0.14078192 0.11728677 0.12838980
0.06699680 0.09732539 0.09279617 0.12908840 0.11486909 0.09154133 0.11299696 0.14078192 0.11728677 0.12838980
0.07049249 0.09995421 0.09264498 0.14249641 0.11623373 0.09421031 0.10996888 0.13969261 0.11825825 0.13203388
0.06794387 0.09026938 0.09723927 0.13964528 0.11169124 0.09149036 0.10737087 0.14185033 0.11568675 0.13106529
0.06864226 0.08862766 0.09650708 0.13868627 0.10946311 0.08988793 0.10893895 0.13921428 0.11668419 0.13216198
0.06815448 0.10089037 0.09065548 0.12916698 0.11259894 0.09256701 0.11217016 0.14980737 0.11653331 0.12970487
0.06795395 0.09175672 0.09197012 0.12780047 0.11428463 0.09805729 0.11309968 0.14633710 0.11944298 0.13203179
0.07065184 0.09864392 0.09042902 0.13479389 0.11152946 0.09145990 0.11268596 0.13962510 0.11860439 0.12814625
0.06861856 0.09384482 0.09191741 0.12600567 0.11409290 0.09260274 0.11661658 0.14100460 0.11852655 0.13157137
0.06750995 0.09148374 0.09433577 0.11748278 0.11365890 0.10098504 0.12024600 0.14300097 0.12092286 0.14095470
0.06750995 0.09148374 0.09433577 0.11748278 0.11365890 0.10098504 0.12024600 0.14300097 0.12092286 0.14095470
0.06814730 0.10003469 0.08728615 0.12646941 0.10875798 0.08966868 0.11097092 0.14663605 0.11773402 0.12615068
0.07590841 0.09742832 0.09224690 0.13595164 0.11928994 0.08779693 0.10710550 0.13696217 0.11612645 0.12103882
0.06684203 0.09366412 0.09040471 0.12775292 0.11204701 0.09447039 0.11710318 0.14318610 0.11814962 0.12328357
0.06345826 0.08851649 0.09366759 0.13307451 0.10904929 0.09600834 0.11156173 0.14190116 0.12036455 0.12974744
0.06345826 0.08851649 0.09366759 0.13307451 0.10904929 0.09600834 0.11156173 0.14190116 0.12036455 0.12974744
0.06619905 0.09357195 0.09257557 0.13116077 0.11101953 0.09076811 0.10800941 0.14179535 0.11706421 0.12361066
0.06503632 0.08966679 0.08795704 0.12704405 0.10710576 0.09455131 0.10876421 0.14071691 0.11649064 0.12098312
0.06199514 0.08655207 0.08687726 0.12397127 0.10750048 0.09522101 0.11169296 0.14613357 0.11576947 0.11952716
0.06199514 0.08655207 0.08687726 0.12397127 0.10750048 0.09522101 0.11169296 0.14613357 0.11576947 0.11952716
0.05898394 0.08637053 0.08681964 0.12604717 0.10418885 0.09949856 0.11360833 0.14901068 0.11698331 0.12114658
0.06087791 0.08193270 0.08938374 0.12993815 0.10765802 0.09843456 0.11330123 0.14069522 0.11568749 0.12600261
0.06087791 0.08193270 0.08938374 0.12993815 0.10765802 0.09843456 0.11330123 0.14069522 0.11568749 0.12600261
0.06087791 0.08193270 0.08938374 0.12993815 0.10765802 0.09843456 0.11330123 0.14069522 0.11568749 0.12600261
0.06087791 0.08193270 0.08938374 0.12993815 0.10765802 0.09843456 0.11330123 0.14069522 0.11568749 0.12600261
0.06402598 0.08576709 0.08978187 0.14074285 0.10935230 0.09822258 0.10918219 0.14906484 0.11804860 0.12929879
0.06662888 0.08878053 0.08997926 0.14550069 0.11314045 0.09603589 0.10778225 0.14834229 0.11967034 0.13177040
0.06662888 0.08878053 0.08997926 0.14550069 0.11314045 0.09603589 0.10778225 0.14834229 0.11967034 0.13177040
0.06451096 0.08054222 0.08933896 0.12856851 0.10904921 0.09273408 0.11012677 0.14168140 0.11714315 0.11850073
0.06174376 0.08448831 0.08652665 0.11342058 0.10321868 0.09171168 0.11099989 0.14715135 0.11412159 0.11402084
0.06174376 0.08448831 0.08652665 0.11342058 0.10321868 0.09171168 0.11099989 0.14715135 0.11412159 0.11402084
0.06042468 0.08334546 0.08691204 0.12476357 0.10361075 0.09669622 0.11160390 0.14675474 0.11228159 0.11555729
0.06042468 0.08334546 0.08691204 0.12476357 0.10361075 0.09669622 0.11160390 0.14675474 0.11228159 0.11555729
0.06042468 0.08334546 0.08691204 0.12476357 0.10361075 0.09669622 0.11160390 0.14675474 0.11228159 0.11555729
0.05840270 0.08714223 0.08659457 0.12874244 0.10408124 0.09815967 0.11788036 0.15451083 0.11138745 0.11628789
0.05840270 0.08714223 0.08659457 0.12874244 0.10408124 0.09815967 0.11788036 0.15451083 0.11138745 0.11628789
0.05840270 0.08714223 0.08659457 0.12874244 0.10408124 0.09815967 0.11788036 0.15451083 0.11138745 0.11628789
0.05840270 0.08714223 0.08659457 0.12874244 0.10408124 0.09815967 0.11788036 0.15451083 0.11138745 0.11628789
0.06204664 0.08352548 0.08695566 0.12124384 0.10413337 0.09833412 0.11584427 0.15475319 0.11337450 0.11674826
0.06204664 0.08352548 0.08695566 0.12124384 0.10413337 0.09833412 0.11584427 0.15475319 0.11337450 0.11674826
0.06515482 0.07877547 0.09185545 0.14078025 0.10252522 0.09235898 0.10217943 0.14205600 0.11632333 0.11941333
0.06515482 0.07877547 0.09185545 0.14078025 0.10252522 0.09235898 0.10217943 0.14205600 0.11632333 0.11941333
0.06337824 0.07722690 0.09153255 0.11548645 0.09776794 0.09231193 0.10280528 0.14145523 0.11019373 0.11554937
0.06337824 0.07722690 0.09153255 0.11548645 0.09776794 0.09231193 0.10280528 0.14145523 0.11019373 0.11554937
0.06337824 0.07722690 0.09153255 0.11548645 0.09776794 0.09231193 0.10280528 0.14145523 0.11019373 0.11554937
0.06337824 0.07722690 0.09153255 0.11548645 0.09776794 0.09231193 0.10280528 0.14145523 0.11019373 0.11554937
0.06337824 0.07722690 0.09153255 0.11548645 0.09776794 0.09231193 0.10280528 0.14145523 0.11019373 0.11554937
0.05735089 0.08376762 0.08751227 0.11377739 0.10265978 0.09562880 0.10420104 0.14629379 0.11150515 0.11122255
0.05735089 0.08376762 0.08751227 0.11377739 0.10265978 0.09562880 0.10420104 0.14629379 0.11150515 0.11122255
0.06066013 0.08599552 0.08911692 0.11427306 0.10352352 0.09360372 0.10250836 0.14256157 0.11366463 0.11194489
0.06142434 0.08379092 0.08945155 0.11452153 0.10445136 0.09489603 0.10192385 0.15094729 0.11437665 0.11246015
0.06142434 0.08379092 0.08945155 0.11452153 0.10445136 0.09489603 0.10192385 0.15094729 0.11437665 0.11246015
0.05916163 0.07173537 0.08849212 0.11419661 0.09931714 0.09392178 0.10276631 0.14725601 0.10783201 0.10809440
0.05789746 0.07132771 0.08851208 0.10992577 0.09738110 0.09063394 0.10249926 0.14748285 0.10830520 0.10672337
0.05789746 0.07132771 0.08851208 0.10992577 0.09738110 0.09063394 0.10249926 0.14748285 0.10830520 0.10672337
0.06547592 0.07228324 0.09190044 0.12195932 0.09806604 0.09214986 0.10300530 0.14733869 0.11095151 0.11148691
0.06547592 0.07228324 0.09190044 0.12195932 0.09806604 0.09214986 0.10300530 0.14733869 0.11095151 0.11148691
0.06251199 0.07066275 0.09538448 0.12138641 0.09817400 0.09538598 0.10332113 0.14727368 0.10990717 0.11656524
0.05676008 0.06939610 0.09905398 0.11434946 0.09747929 0.09487716 0.10333397 0.15180412 0.10747099 0.11656229
0.05676008 0.06939610 0.09905398 0.11434946 0.09747929 0.09487716 0.10333397 0.15180412 0.10747099 0.11656229
0.05676444 0.07292109 0.09207907 0.11936950 0.10258756 0.09532846 0.09922176 0.14617994 0.10728314 0.10835149
0.05747355 0.07310443 0.08935883 0.11757589 0.10305107 0.09285072 0.09852510 0.14432119 0.10758057 0.10587903
0.05747355 0.07310443 0.08935883 0.11757589 0.10305107 0.09285072 0.09852510 0.14432119 0.10758057 0.10587903
0.05566664 0.07004459 0.09165626 0.12236730 0.10135589 0.09759447 0.09794713 0.14947393 0.10787624 0.10387517
0.05620827 0.07019170 0.09501138 0.10687643 0.09937147 0.09279111 0.10152391 0.13958722 0.10916584 0.10902081
0.05803950 0.07247817 0.09637686 0.11707756 0.10009171 0.09483689 0.09870314 0.13888365 0.10838103 0.11107887
0.05602345 0.07260450 0.09317469 0.12423373 0.09874388 0.10029000 0.10177955 0.14678635 0.10674212 0.10859471
0.05602345 0.07260450 0.09317469 0.12423373 0.09874388 0.10029000 0.10177955 0.14678635 0.10674212 0.10859471
0.05264533 0.06963815 0.09029868 0.10990194 0.09755352 0.08943298 0.09817076 0.13898483 0.10285914 0.10525242
0.05264533 0.06963815 0.09029868 0.10990194 0.09755352 0.08943298 0.09817076 0.13898483 0.10285914 0.10525242
0.05264533 0.06963815 0.09029868 0.10990194 0.09755352 0.08943298 0.09817076 0.13898483 0.10285914 0.10525242
0.06027874 0.07068674 0.09556618 0.11593889 0.09988531 0.10320235 0.09930281 0.14202758 0.10289010 0.10749304
0.05703989 0.06587937 0.09635656 0.11276013 0.09746549 0.09773960 0.09600359 0.13649783 0.10415353 0.11026618
0.05703989 0.06587937 0.09635656 0.11276013 0.09746549 0.09773960 0.09600359 0.13649783 0.10415353 0.11026618
0.05703989 0.06587937 0.09635656 0.11276013 0.09746549 0.09773960 0.09600359 0.13649783 0.10415353 0.11026618
0.05856090 0.07009647 0.09380058 0.11514050 0.09730250 0.09530514 0.10516166 0.14461709 0.10520603 0.11056649
0.05856090 0.07009647 0.09380058 0.11514050 0.09730250 0.09530514 0.10516166 0.14461709 0.10520603 0.11056649
0.05856090 0.07009647 0.09380058 0.11514050 0.09730250 0.09530514 0.10516166 0.14461709 0.10520603 0.11056649
0.05856090 0.07009647 0.09380058 0.11514050 0.09730250 0.09530514 0.10516166 0.14461709 0.10520603 0.11056649
0.06423570 0.07209167 0.09842797 0.10969202 0.09819980 0.09214196 0.10741814 0.14879508 0.10613471 0.11226435
0.06423570 0.07209167 0.09842797 0.10969202 0.09819980 0.09214196 0.10741814 0.14879508 0.10613471 0.11226435
0.07062917 0.06970879 0.09947624 0.11609374 0.09997635 0.09612321 0.10378208 0.15201956 0.10965553 0.11597080
0.07062917 0.06970879 0.09947624 0.11609374 0.09997635 0.09612321 0.10378208 0.15201956 0.10965553 0.11597080
0.05472485 0.06909256 0.09633287 0.10407949 0.09663298 0.09645720 0.10002919 0.13422714 0.10256015 0.10879920
0.05472485 0.06909256 0.09633287 0.10407949 0.09663298 0.09645720 0.10002919 0.13422714 0.10256015 0.10879920
0.05472485 0.06909256 0.09633287 0.10407949 0.09663298 0.09645720 0.10002919 0.13422714 0.10256015 0.10879920
0.05472485 0.06909256 0.09633287 0.10407949 0.09663298 0.09645720 0.10002919 0.13422714 0.10256015 0.10879920
0.05472485 0.06909256 0.09633287 0.10407949 0.09663298 0.09645720 0.10002919 0.13422714 0.10256015 0.10879920
0.05472485 0.06909256 0.09633287 0.10407949 0.09663298 0.09645720 0.10002919 0.13422714 0.10256015 0.10879920
0.05472485 0.06909256 0.09633287 0.10407949 0.09663298 0.09645720 0.10002919 0.13422714 0.10256015 0.10879920
0.05472485 0.06909256 0.09633287 0.10407949 0.09663298 0.09645720 0.10002919 0.13422714 0.10256015 0.10879920
0.05631555 0.07037264 0.09821877 0.10469966 0.09715694 0.09098212 0.09989213 0.13791044 0.10301228 0.10901963
0.05631555 0.07037264 0.09821877 0.10469966 0.09715694 0.09098212 0.09989213 0.13791044 0.10301228 0.10901963
0.05631555 0.07037264 0.09821877 0.10469966 0.09715694 0.09098212 0.09989213 0.13791044 0.10301228 0.10901963
0.05632986 0.07543738 0.09614524 0.11934422 0.09718833 0.09531928 0.10261319 0.13492108 0.09838703 0.10930934
0.05861137 0.07030007 0.09843261 0.10273265 0.09430116 0.09191195 0.09863549 0.13788429 0.10363449 0.11418194
0.05713300 0.07462935 0.09441754 0.10178543 0.09450463 0.09446537 0.09706193 0.14036132 0.10682031 0.10687541
0.05496657 0.06851470 0.09639452 0.09924079 0.09706950 0.09978634 0.09763554 0.14711781 0.10520213 0.10696288
0.05496657 0.06851470 0.09639452 0.09924079 0.09706950 0.09978634 0.09763554 0.14711781 0.10520213 0.10696288
0.05496657 0.06851470 0.09639452 0.09924079 0.09706950 0.09978634 0.09763554 0.14711781 0.10520213 0.10696288
0.05496657 0.06851470 0.09639452 0.09924079 0.09706950 0.09978634 0.09763554 0.14711781 0.10520213 0.10696288
0.05332271 0.06721535 0.09524170 0.10026561 0.09624271 0.09797848 0.09801172 0.14178208 0.10959272 0.11061347
0.06054787 0.07582738 0.09484647 0.12045887 0.10061158 0.09593543 0.09760992 0.13746382 0.10137402 0.11122624
0.06054787 0.07582738 0.09484647 0.12045887 0.10061158 0.09593543 0.09760992 0.13746382 0.10137402 0.11122624
0.06054787 0.07582738 0.09484647 0.12045887 0.10061158 0.09593543 0.09760992 0.13746382 0.10137402 0.11122624
0.06054787 0.07582738 0.09484647 0.12045887 0.10061158 0.09593543 0.09760992 0.13746382 0.10137402 0.11122624
0.05943886 0.07417225 0.09475306 0.12047101 0.10222542 0.09602153 0.09984594 0.13825943 0.10606576 0.11189817
0.05943886 0.07417225 0.09475306 0.12047101 0.10222542 0.09602153 0.09984594 0.13825943 0.10606576 0.11189817
0.05943886 0.07417225 0.09475306 0.12047101 0.10222542 0.09602153 0.09984594 0.13825943 0.10606576 0.11189817
0.05704255 0.07774344 0.09490200 0.12348320 0.09605875 0.09484615 0.09746068 0.13769181 0.10204703 0.11091840
0.06048525 0.07295339 0.09850661 0.10742909 0.09780972 0.10161362 0.09522826 0.13166049 0.09912414 0.11133176
0.06048525 0.07295339 0.09850661 0.10742909 0.09780972 0.10161362 0.09522826 0.13166049 0.09912414 0.11133176
0.06069459 0.07533266 0.09464676 0.10551586 0.09705627 0.09657965 0.09561252 0.14056186 0.10255971 0.10962536
0.06337342 0.07727211 0.09653047 0.10835631 0.09503366 0.09332052 0.09382926 0.14037410 0.10292910 0.11168085
0.06337342 0.07727211 0.09653047 0.10835631 0.09503366 0.09332052 0.09382926 0.14037410 0.10292910 0.11168085
0.06337342 0.07727211 0.09653047 0.10835631 0.09503366 0.09332052 0.09382926 0.14037410 0.10292910 0.11168085
0.06337342 0.07727211 0.09653047 0.10835631 0.09503366 0.09332052 0.09382926 0.14037410 0.10292910 0.11168085
0.06227903 0.07607148 0.09792765 0.10769113 0.09468574 0.09482506 0.09364997 0.13598757 0.10262425 0.11158174
0.06227903 0.07607148 0.09792765 0.10769113 0.09468574 0.09482506 0.09364997 0.13598757 0.10262425 0.11158174
0.06227903 0.07607148 0.09792765 0.10769113 0.09468574 0.09482506 0.09364997 0.13598757 0.10262425 0.11158174
0.06227903 0.07607148 0.09792765 0.10769113 0.09468574 0.09482506 0.09364997 0.13598757 0.10262425 0.11158174
0.06227903 0.07607148 0.09792765 0.10769113 0.09468574 0.09482506 0.09364997 0.13598757 0.10262425 0.11158174
0.06227903 0.07607148 0.09792765 0.10769113 0.09468574 0.09482506 0.09364997 0.13598757 0.10262425 0.11158174
0.06227903 0.07607148 0.09792765 0.10769113 0.09468574 0.09482506 0.09364997 0.13598757 0.10262425 0.11158174
0.06426419 0.08209737 0.10002248 0.11532948 0.09793653 0.09464468 0.09605168 0.14004221 0.09913747 0.10906782
0.06426419 0.08209737 0.10002248 0.11532948 0.09793653 0.09464468 0.09605168 0.14004221 0.09913747 0.10906782
0.06426419 0.08209737 0.10002248 0.11532948 0.09793653 0.09464468 0.09605168 0.14004221 0.09913747 0.10906782
0.06152629 0.07993159 0.10211491 0.12147542 0.09988881 0.10201920 0.09666319 0.14194261 0.09921717 0.10865898
0.05519922 0.07101447 0.09906121 0.10541076 0.09951140 0.10608292 0.09578272 0.13966693 0.10501291 0.11098896
0.05519922 0.07101447 0.09906121 0.10541076 0.09951140 0.10608292 0.09578272 0.13966693 0.10501291 0.11098896
0.05519922 0.07101447 0.09906121 0.10541076 0.09951140 0.10608292 0.09578272 0.13966693 0.10501291 0.11098896
0.05977791 0.08065110 0.09720185 0.11315810 0.09972174 0.09721935 0.10422062 0.13107269 0.10145361 0.11106515
0.05977791 0.08065110 0.09720185 0.11315810 0.09972174 0.09721935 0.10422062 0.13107269 0.10145361 0.11106515
0.05663994 0.07103738 0.10257543 0.10056678 0.09862997 0.09381806 0.09593089 0.13185633 0.10208803 0.10872740
0.06026632 0.07604803 0.10055884 0.11792809 0.09688658 0.09700193 0.09529944 0.13705531 0.10360970 0.11036399
0.06315405 0.08141009 0.10215894 0.11783327 0.09930128 0.09454875 0.09408404 0.13691393 0.10463042 0.11215051
0.06523705 0.07962981 0.10132687 0.11241047 0.09917409 0.09131372 0.09318049 0.13916354 0.10137451 0.11049784
0.06523705 0.07962981 0.10132687 0.11241047 0.09917409 0.09131372 0.09318049 0.13916354 0.10137451 0.11049784
0.06523705 0.07962981 0.10132687 0.11241047 0.09917409 0.09131372 0.09318049 0.13916354 0.10137451 0.11049784
0.06523705 0.07962981 0.10132687 0.11241047 0.09917409 0.09131372 0.09318049 0.13916354 0.10137451 0.11049784
0.06523705 0.07962981 0.10132687 0.11241047 0.09917409 0.09131372 0.09318049 0.13916354 0.10137451 0.11049784
0.06523705 0.07962981 0.10132687 0.11241047 0.09917409 0.09131372 0.09318049 0.13916354 0.10137451 0.11049784
0.06523705 0.07962981 0.10132687 0.11241047 0.09917409 0.09131372 0.09318049 0.13916354 0.10137451 0.11049784
0.05800442 0.07610666 0.10441392 0.11072118 0.09819143 0.09591483 0.09374337 0.14059295 0.10034033 0.11087185
0.06129943 0.07829259 0.10435609 0.11379503 0.09954351 0.09314213 0.09439480 0.13416481 0.10345164 0.11216796
0.06129943 0.07829259 0.10435609 0.11379503 0.09954351 0.09314213 0.09439480 0.13416481 0.10345164 0.11216796
0.06129943 0.07829259 0.10435609 0.11379503 0.09954351 0.09314213 0.09439480 0.13416481 0.10345164 0.11216796
0.06129943 0.07829259 0.10435609 0.11379503 0.09954351 0.09314213 0.09439480 0.13416481 0.10345164 0.11216796
0.06086548 0.07779136 0.09715992 0.11306314 0.09596611 0.09298595 0.09280926 0.13723068 0.10115447 0.10907402
0.05959343 0.07751978 0.09495242 0.11316711 0.09631674 0.09380418 0.09204893 0.13532624 0.10270831 0.10839526
0.05959343 0.07751978 0.09495242 0.11316711 0.09631674 0.09380418 0.09204893 0.13532624 0.10270831 0.10839526
0.05959343 0.07751978 0.09495242 0.11316711 0.09631674 0.09380418 0.09204893 0.13532624 0.10270831 0.10839526
0.05959343 0.07751978 0.09495242 0.11316711 0.09631674 0.09380418 0.09204893 0.13532624 0.10270831 0.10839526
0.05959343 0.07751978 0.09495242 0.11316711 0.09631674 0.09380418 0.09204893 0.13532624 0.10270831 0.10839526
0.05959343 0.07751978 0.09495242 0.11316711 0.09631674 0.09380418 0.09204893 0.13532624 0.10270831 0.10839526
0.05959343 0.07751978 0.09495242 0.11316711 0.09631674 0.09380418 0.09204893 0.13532624 0.10270831 0.10839526
0.06065068 0.07410615 0.09534134 0.10795110 0.09508365 0.09799648 0.09255949 0.13874166 0.10339606 0.11134262
0.06089069 0.07469499 0.09429636 0.10810592 0.09861862 0.10339450 0.09320445 0.14293900 0.10330031 0.11219740
0.06287113 0.07399539 0.09745439 0.12471716 0.09897529 0.10009282 0.09418819 0.13471075 0.10722906 0.11154015
0.06178653 0.07397971 0.09609296 0.11005682 0.10061956 0.09146274 0.09339445 0.13218658 0.10459054 0.10966739
0.06233834 0.08035747 0.09960392 0.11833324 0.09876538 0.09302947 0.09280512 0.13003641 0.10515282 0.11325347
0.06065392 0.08025713 0.10061220 0.12115699 0.10307806 0.09775256 0.09371228 0.13250026 0.10493393 0.11645395
0.06065392 0.08025713 0.10061220 0.12115699 0.10307806 0.09775256 0.09371228 0.13250026 0.10493393 0.11645395
0.06397820 0.07619244 0.10532834 0.11840338 0.10129312 0.10252231 0.09447970 0.13542690 0.10717166 0.11813823
0.06246454 0.07574332 0.09647801 0.11667942 0.10023532 0.09752789 0.09778947 0.13344031 0.10305948 0.10966271
0.06132250 0.07275983 0.09517039 0.10840581 0.09955162 0.09760733 0.10342438 0.13388944 0.10245657 0.11067586
0.06132250 0.07275983 0.09517039 0.10840581 0.09955162 0.09760733 0.10342438 0.13388944 0.10245657 0.11067586
0.06132250 0.07275983 0.09517039 0.10840581 0.09955162 0.09760733 0.10342438 0.13388944 0.10245657 0.11067586
0.06132250 0.07275983 0.09517039 0.10840581 0.09955162 0.09760733 0.10342438 0.13388944 0.10245657 0.11067586
0.06417686 0.07325510 0.09690007 0.11547298 0.09816307 0.09352993 0.09595508 0.13995473 0.10223464 0.10871566
0.06417686 0.07325510 0.09690007 0.11547298 0.09816307 0.09352993 0.09595508 0.13995473 0.10223464 0.10871566
0.06142225 0.07695383 0.09623998 0.11985583 0.09691433 0.09773924 0.09415556 0.13250536 0.10313035 0.11011697
0.06490497 0.07560878 0.09908334 0.11719880 0.09650897 0.09942703 0.09447093 0.13587493 0.10323244 0.11229547
0.06257551 0.07046228 0.10041445 0.10988020 0.09702413 0.09621770 0.09305012 0.13785915 0.10320575 0.11445784
0.06319498 0.07249767 0.09852263 0.12314935 0.09728639 0.09680738 0.09311421 0.13567553 0.10238073 0.11300496
0.06319498 0.07249767 0.09852263 0.12314935 0.09728639 0.09680738 0.09311421 0.13567553 0.10238073 0.11300496
0.06319498 0.07249767 0.09852263 0.12314935 0.09728639 0.09680738 0.09311421 0.13567553 0.10238073 0.11300496
0.06319498 0.07249767 0.09852263 0.12314935 0.09728639 0.09680738 0.09311421 0.13567553 0.10238073 0.11300496
0.06319498 0.07249767 0.09852263 0.12314935 0.09728639 0.09680738 0.09311421 0.13567553 0.10238073 0.11300496
0.06319498 0.07249767 0.09852263 0.12314935 0.09728639 0.09680738 0.09311421 0.13567553 0.10238073 0.11300496
0.06082115 0.07357061 0.09971733 0.11217318 0.09479316 0.10154305 0.09674384 0.13619903 0.10329862 0.10999218
0.06082115 0.07357061 0.09971733 0.11217318 0.09479316 0.10154305 0.09674384 0.13619903 0.10329862 0.10999218
0.06046350 0.07879149 0.09288615 0.12119236 0.09641757 0.09157239 0.09668904 0.13259916 0.10420380 0.10951175
0.05933860 0.07740204 0.09293094 0.11244040 0.09446018 0.09254939 0.10467907 0.13506130 0.10115779 0.10839484
0.05933860 0.07740204 0.09293094 0.11244040 0.09446018 0.09254939 0.10467907 0.13506130 0.10115779 0.10839484
0.06008272 0.07490607 0.09523690 0.11949008 0.09675574 0.09188523 0.10378542 0.13211793 0.10113571 0.10949390
0.06008272 0.07490607 0.09523690 0.11949008 0.09675574 0.09188523 0.10378542 0.13211793 0.10113571 0.10949390
0.06295561 0.07447117 0.09474384 0.11340510 0.09635259 0.08970973 0.09375305 0.13288960 0.10428630 0.10852105
0.07177599 0.07747134 0.09410957 0.12660198 0.09702857 0.09155281 0.09411009 0.13547134 0.10909461 0.10981917
0.06334787 0.07434360 0.09807753 0.12432296 0.09471731 0.09559671 0.09262067 0.13562034 0.10182986 0.11198180
0.06334787 0.07434360 0.09807753 0.12432296 0.09471731 0.09559671 0.09262067 0.13562034 0.10182986 0.11198180
0.05924974 0.07253215 0.09574806 0.12066513 0.09907558 0.09738899 0.09300109 0.13283432 0.10194729 0.11008079
0.05924974 0.07253215 0.09574806 0.12066513 0.09907558 0.09738899 0.09300109 0.13283432 0.10194729 0.11008079
0.05924974 0.07253215 0.09574806 0.12066513 0.09907558 0.09738899 0.09300109 0.13283432 0.10194729 0.11008079
0.05924974 0.07253215 0.09574806 0.12066513 0.09907558 0.09738899 0.09300109 0.13283432 0.10194729 0.11008079
0.05796906 0.07423295 0.09280606 0.11763477 0.09442854 0.09580354 0.09320181 0.13895766 0.10213512 0.10862232
0.06258212 0.07271320 0.09255975 0.12260555 0.09507635 0.09936501 0.09283456 0.14074373 0.10811552 0.10963828
0.05936542 0.07242251 0.09296435 0.12451061 0.09766040 0.09627701 0.09484770 0.13722109 0.10282351 0.10828760
0.06080382 0.07197228 0.09089823 0.11758876 0.09710577 0.09392286 0.09225727 0.13224766 0.10456244 0.10907267
0.06080382 0.07197228 0.09089823 0.11758876 0.09710577 0.09392286 0.09225727 0.13224766 0.10456244 0.10907267
0.06069775 0.07342931 0.09219680 0.11219250 0.09626998 0.09315566 0.09254254 0.13033185 0.11098499 0.11226629
0.06069775 0.07342931 0.09219680 0.11219250 0.09626998 0.09315566 0.09254254 0.13033185 0.11098499 0.11226629
0.06237334 0.07477296 0.08980435 0.11523251 0.10184145 0.09013787 0.09246357 0.12756118 0.11327206 0.11023797
0.06237334 0.07477296 0.08980435 0.11523251 0.10184145 0.09013787 0.09246357 0.12756118 0.11327206 0.11023797
0.06259245 0.07602932 0.09004861 0.12631400 0.09985462 0.09946661 0.09718519 0.13594081 0.10883983 0.10949330
0.06037958 0.07366637 0.08894116 0.11749617 0.10173989 0.09246210 0.09593291 0.13083821 0.10279004 0.10597621
0.06037958 0.07366637 0.08894116 0.11749617 0.10173989 0.09246210 0.09593291 0.13083821 0.10279004 0.10597621
0.06076662 0.07370357 0.09033108 0.11479923 0.09589253 0.09032083 0.09034598 0.13039743 0.10182759 0.10398042
0.06277033 0.07460920 0.08902307 0.11847200 0.10158698 0.09049229 0.09077029 0.13130163 0.10305859 0.10498631
0.06113431 0.07083579 0.09022004 0.11640508 0.09367947 0.09946828 0.09240889 0.13095975 0.10140512 0.10716369
0.06541287 0.07219637 0.09095803 0.12388784 0.09669910 0.09369004 0.09076320 0.12702280 0.10093044 0.10987018
0.05962719 0.07081016 0.09137776 0.12025409 0.09209672 0.10058105 0.09153467 0.13357043 0.10048630 0.11050975
0.05962719 0.07081016 0.09137776 0.12025409 0.09209672 0.10058105 0.09153467 0.13357043 0.10048630 0.11050975
0.05962719 0.07081016 0.09137776 0.12025409 0.09209672 0.10058105 0.09153467 0.13357043 0.10048630 0.11050975
0.05730760 0.07097626 0.08960748 0.12798531 0.08957149 0.09869873 0.09168128 0.13284985 0.10340171 0.11122487
0.05932487 0.07219232 0.08987028 0.13711440 0.09025624 0.10121688 0.09180525 0.13450306 0.10834864 0.11885443
0.05932487 0.07219232 0.08987028 0.13711440 0.09025624 0.10121688 0.09180525 0.13450306 0.10834864 0.11885443
0.05932487 0.07219232 0.08987028 0.13711440 0.09025624 0.10121688 0.09180525 0.13450306 0.10834864 0.11885443
0.06354471 0.06822757 0.08798048 0.12637267 0.09116518 0.10099093 0.09429185 0.13042777 0.10040083 0.10752264
0.05865824 0.06970634 0.09160043 0.11777168 0.08889271 0.10256798 0.09186124 0.13298801 0.09987818 0.10633972
0.05865824 0.06970634 0.09160043 0.11777168 0.08889271 0.10256798 0.09186124 0.13298801 0.09987818 0.10633972
0.05865824 0.06970634 0.09160043 0.11777168 0.08889271 0.10256798 0.09186124 0.13298801 0.09987818 0.10633972
0.06215434 0.07135447 0.09346475 0.11789337 0.08834716 0.11106328 0.09290424 0.12946072 0.10262930 0.10966182
0.05972431 0.06952688 0.09498295 0.11093820 0.08981696 0.11205746 0.09293827 0.12745787 0.10182405 0.10642854
0.05972431 0.06952688 0.09498295 0.11093820 0.08981696 0.11205746 0.09293827 0.12745787 0.10182405 0.10642854
0.06097163 0.07006993 0.08776883 0.11436851 0.09512401 0.09555743 0.09300767 0.13074655 0.10199795 0.10857504
0.05992709 0.07187753 0.09130624 0.12546610 0.08900937 0.09648742 0.09290637 0.12812020 0.10671220 0.10911562
0.05992709 0.07187753 0.09130624 0.12546610 0.08900937 0.09648742 0.09290637 0.12812020 0.10671220 0.10911562
