0.00000000 0.00000000 0.00000000 0.00000000 0.00000000 0.00000000 0.00000000 0.00000000 0.00000000 0.00000000
0.00000000 0.00000000 0.00000000 0.00000000 0.00000000 0.00000000 0.00000000 0.00000000 0.00000000 0.00000000
0.00000000 0.00000000 0.00000000 0.00000000 0.00000000 0.00000000 0.00000000 0.00000000 0.00000000 0.00000000
0.09446886 0.10029591 0.10195779 0.11041548 0.11851049 0.11407845 0.11329886 0.12907290 0.15071273 0.14992746
0.09446886 0.10029591 0.10195779 0.11041548 0.11851049 0.11407845 0.11329886 0.12907290 0.15071273 0.14992746
0.09402578 0.11119637 0.10166013 0.11119239 0.11923366 0.11653391 0.11430018 0.12396397 0.15203372 0.14822382
0.09761135 0.11417041 0.10491027 0.11061719 0.11714828 0.11835793 0.11319980 0.12304009 0.15673682 0.15118703
0.10702573 0.11652267 0.10219931 0.11306678 0.11460544 0.11814070 0.11022525 0.12463467 0.15645104 0.14711160
0.11855469 0.13791693 0.11339391 0.11507398 0.13672950 0.12465177 0.11209636 0.12812796 0.16633534 0.16416722
0.11201003 0.11433076 0.11022001 0.11659888 0.13674039 0.12272594 0.11008936 0.13386030 0.16372069 0.15892614
0.11201003 0.11433076 0.11022001 0.11659888 0.13674039 0.12272594 0.11008936 0.13386030 0.16372069 0.15892614
0.10976867 0.12470830 0.12072809 0.11209401 0.14691506 0.13126749 0.11819064 0.13832567 0.16725146 0.16565229
0.09062272 0.11973379 0.10679179 0.11649830 0.13455386 0.12416025 0.13111536 0.14072344 0.15656425 0.15805990
0.08925189 0.12215770 0.10665030 0.11641801 0.14196235 0.11897991 0.13126535 0.13812562 0.15524432 0.15570708
0.10339046 0.12348725 0.11173844 0.13058104 0.12692197 0.10969672 0.12385391 0.14277178 0.16069961 0.15793090
0.10339046 0.12348725 0.11173844 0.13058104 0.12692197 0.10969672 0.12385391 0.14277178 0.16069961 0.15793090
0.10339046 0.12348725 0.11173844 0.13058104 0.12692197 0.10969672 0.12385391 0.14277178 0.16069961 0.15793090
0.10339046 0.12348725 0.11173844 0.13058104 0.12692197 0.10969672 0.12385391 0.14277178 0.16069961 0.15793090
0.10339046 0.12348725 0.11173844 0.13058104 0.12692197 0.10969672 0.12385391 0.14277178 0.16069961 0.15793090
0.10339046 0.12348725 0.11173844 0.13058104 0.12692197 0.10969672 0.12385391 0.14277178 0.16069961 0.15793090
0.10339046 0.12348725 0.11173844 0.13058104 0.12692197 0.10969672 0.12385391 0.14277178 0.16069961 0.15793090
0.10339046 0.12348725 0.11173844 0.13058104 0.12692197 0.10969672 0.12385391 0.14277178 0.16069961 0.15793090
0.09733937 0.12078590 0.11170104 0.12938634 0.12514035 0.11040616 0.12825212 0.14507837 0.15743920 0.16117326
0.09733937 0.12078590 0.11170104 0.12938634 0.12514035 0.11040616 0.12825212 0.14507837 0.15743920 0.16117326
0.09554171 0.11484478 0.11039504 0.12928853 0.12505255 0.10970317 0.13217949 0.14767117 0.15685790 0.16407540
0.09916507 0.12082353 0.11344946 0.13634954 0.12750613 0.11242789 0.12588597 0.14908874 0.16004326 0.16663859
0.08412780 0.10722517 0.10505825 0.11570964 0.12770907 0.11153924 0.12128824 0.14715488 0.14918355 0.15559449
0.08412780 0.10722517 0.10505825 0.11570964 0.12770907 0.11153924 0.12128824 0.14715488 0.14918355 0.15559449
0.08412780 0.10722517 0.10505825 0.11570964 0.12770907 0.11153924 0.12128824 0.14715488 0.14918355 0.15559449
0.08412780 0.10722517 0.10505825 0.11570964 0.12770907 0.11153924 0.12128824 0.14715488 0.14918355 0.15559449
0.08412780 0.10722517 0.10505825 0.11570964 0.12770907 0.11153924 0.12128824 0.14715488 0.14918355 0.15559449
0.08893399 0.12079029 0.11116734 0.11952979 0.14398608 0.10993503 0.12181864 0.13652365 0.14981630 0.15436274
0.08893399 0.12079029 0.11116734 0.11952979 0.14398608 0.10993503 0.12181864 0.13652365 0.14981630 0.15436274
0.08893399 0.12079029 0.11116734 0.11952979 0.14398608 0.10993503 0.12181864 0.13652365 0.14981630 0.15436274
0.08893399 0.12079029 0.11116734 0.11952979 0.14398608 0.10993503 0.12181864 0.13652365 0.14981630 0.15436274
0.10568683 0.12920213 0.11399166 0.12130907 0.16760515 0.12979067 0.12830116 0.12912353 0.16055637 0.15757665
0.10568683 0.12920213 0.11399166 0.12130907 0.16760515 0.12979067 0.12830116 0.12912353 0.16055637 0.15757665
0.12114389 0.14666336 0.11350996 0.12508772 0.16978340 0.13369990 0.12959387 0.13058246 0.17182759 0.16404923
0.12114389 0.14666336 0.11350996 0.12508772 0.16978340 0.13369990 0.12959387 0.13058246 0.17182759 0.16404923
0.12114389 0.14666336 0.11350996 0.12508772 0.16978340 0.13369990 0.12959387 0.13058246 0.17182759 0.16404923
0.12114389 0.14666336 0.11350996 0.12508772 0.16978340 0.13369990 0.12959387 0.13058246 0.17182759 0.16404923
0.13061314 0.14912190 0.11328862 0.12901262 0.17349857 0.13990456 0.13008980 0.13525653 0.17872554 0.16474081
0.08157695 0.11801439 0.10507503 0.12081225 0.15328489 0.13243800 0.13252922 0.13867088 0.14565547 0.15926038
0.08157695 0.11801439 0.10507503 0.12081225 0.15328489 0.13243800 0.13252922 0.13867088 0.14565547 0.15926038
0.08157695 0.11801439 0.10507503 0.12081225 0.15328489 0.13243800 0.13252922 0.13867088 0.14565547 0.15926038
0.08024515 0.13120263 0.11905420 0.12198885 0.15337222 0.12033376 0.11478458 0.13297708 0.15219455 0.16803879
0.08024515 0.13120263 0.11905420 0.12198885 0.15337222 0.12033376 0.11478458 0.13297708 0.15219455 0.16803879
0.08024515 0.13120263 0.11905420 0.12198885 0.15337222 0.12033376 0.11478458 0.13297708 0.15219455 0.16803879
0.08359108 0.13515433 0.10929051 0.11618735 0.13931451 0.11826963 0.12604814 0.14015968 0.14804163 0.15513901
0.08359108 0.13515433 0.10929051 0.11618735 0.13931451 0.11826963 0.12604814 0.14015968 0.14804163 0.15513901
0.08071021 0.13629939 0.10690982 0.11198024 0.13762672 0.12255085 0.12980497 0.13861903 0.14409093 0.15867043
0.08071021 0.13629939 0.10690982 0.11198024 0.13762672 0.12255085 0.12980497 0.13861903 0.14409093 0.15867043
0.07887498 0.12306829 0.10253884 0.11402937 0.13149678 0.13104882 0.12539871 0.13681302 0.15151983 0.15201070
0.07678878 0.13289707 0.10085763 0.11444824 0.14539573 0.10506441 0.11492209 0.13779118 0.14351747 0.15363671
0.07678878 0.13289707 0.10085763 0.11444824 0.14539573 0.10506441 0.11492209 0.13779118 0.14351747 0.15363671
0.08481200 0.13355910 0.09743106 0.11410165 0.13599184 0.11056453 0.12922971 0.13922386 0.15037112 0.15247292
0.06573280 0.11820559 0.09110970 0.11026069 0.13970657 0.10535690 0.12362085 0.14216138 0.14136501 0.14581403
0.06813872 0.11317122 0.09177821 0.10811341 0.13608043 0.10399683 0.12880532 0.15025420 0.14412147 0.14529957
0.07612367 0.11050695 0.08665629 0.10949327 0.13668701 0.10832326 0.12605461 0.15516543 0.15143941 0.14773917
0.06551778 0.12059375 0.08780765 0.11253847 0.13144673 0.10396761 0.13719720 0.14208298 0.14642467 0.14444905
0.07244600 0.11587988 0.08849497 0.11835569 0.13370360 0.10482311 0.12834743 0.14226498 0.14690626 0.14104664
0.07118263 0.11023859 0.08983870 0.12123711 0.12818636 0.10324799 0.12579868 0.13731919 0.14976576 0.14245498
0.08016941 0.10619739 0.09075010 0.11383550 0.13091010 0.10335310 0.12884761 0.14507328 0.15475750 0.14223155
0.07696176 0.10469416 0.09203951 0.11805338 0.13232667 0.10553423 0.12736221 0.14865700 0.15589426 0.14169998
0.06346428 0.10260777 0.08473052 0.10858964 0.13065196 0.10703309 0.12858028 0.13748927 0.14297268 0.14044159
0.06251865 0.10107083 0.08319652 0.10810573 0.13063625 0.10854177 0.12416884 0.14257595 0.14490302 0.14140268
0.07034664 0.09491909 0.08860486 0.12066683 0.12753933 0.10908644 0.12228195 0.16491714 0.15730453 0.14179428
0.06135947 0.09393118 0.08427047 0.10757754 0.12801018 0.10935142 0.12283114 0.14167758 0.14372807 0.13979734
0.06224142 0.09411366 0.08549351 0.10659916 0.13311315 0.11066924 0.12839325 0.14549419 0.14834973 0.13894675
0.06224142 0.09411366 0.08549351 0.10659916 0.13311315 0.11066924 0.12839325 0.14549419 0.14834973 0.13894675
0.06294732 0.09226677 0.08757496 0.10516659 0.14204641 0.11232776 0.12945517 0.14268582 0.15334598 0.13814509
0.06164858 0.09369233 0.08806276 0.10431228 0.14970289 0.11272436 0.12946484 0.13993412 0.14494526 0.13973260
0.06084497 0.09967054 0.09521870 0.10601708 0.13949295 0.11161052 0.12820407 0.13580417 0.14419665 0.13948347
0.06084497 0.09967054 0.09521870 0.10601708 0.13949295 0.11161052 0.12820407 0.13580417 0.14419665 0.13948347
0.06084497 0.09967054 0.09521870 0.10601708 0.13949295 0.11161052 0.12820407 0.13580417 0.14419665 0.13948347
0.06084497 0.09967054 0.09521870 0.10601708 0.13949295 0.11161052 0.12820407 0.13580417 0.14419665 0.13948347
0.06084497 0.09967054 0.09521870 0.10601708 0.13949295 0.11161052 0.12820407 0.13580417 0.14419665 0.13948347
0.06084497 0.09967054 0.09521870 0.10601708 0.13949295 0.11161052 0.12820407 0.13580417 0.14419665 0.13948347
0.06084497 0.09967054 0.09521870 0.10601708 0.13949295 0.11161052 0.12820407 0.13580417 0.14419665 0.13948347
0.06358527 0.09856902 0.09943512 0.10748392 0.13680924 0.11050789 0.12589762 0.13700146 0.14728928 0.13769684
0.06429620 0.09594812 0.08484428 0.10809805 0.12980633 0.11436705 0.12262466 0.13930180 0.14849437 0.13999821
0.06429620 0.09594812 0.08484428 0.10809805 0.12980633 0.11436705 0.12262466 0.13930180 0.14849437 0.13999821
0.06429620 0.09594812 0.08484428 0.10809805 0.12980633 0.11436705 0.12262466 0.13930180 0.14849437 0.13999821
0.06539413 0.10057993 0.08726291 0.10715245 0.13628310 0.11562214 0.12479061 0.13935558 0.15025378 0.14197540
0.06539413 0.10057993 0.08726291 0.10715245 0.13628310 0.11562214 0.12479061 0.13935558 0.15025378 0.14197540
0.06539413 0.10057993 0.08726291 0.10715245 0.13628310 0.11562214 0.12479061 0.13935558 0.15025378 0.14197540
0.06539413 0.10057993 0.08726291 0.10715245 0.13628310 0.11562214 0.12479061 0.13935558 0.15025378 0.14197540
0.06539413 0.10057993 0.08726291 0.10715245 0.13628310 0.11562214 0.12479061 0.13935558 0.15025378 0.14197540
0.06539413 0.10057993 0.08726291 0.10715245 0.13628310 0.11562214 0.12479061 0.13935558 0.15025378 0.14197540
0.06539413 0.10057993 0.08726291 0.10715245 0.13628310 0.11562214 0.12479061 0.13935558 0.15025378 0.14197540
0.06539413 0.10057993 0.08726291 0.10715245 0.13628310 0.11562214 0.12479061 0.13935558 0.15025378 0.14197540
0.06539413 0.10057993 0.08726291 0.10715245 0.13628310 0.11562214 0.12479061 0.13935558 0.15025378 0.14197540
0.06539413 0.10057993 0.08726291 0.10715245 0.13628310 0.11562214 0.12479061 0.13935558 0.15025378 0.14197540
0.06539413 0.10057993 0.08726291 0.10715245 0.13628310 0.11562214 0.12479061 0.13935558 0.15025378 0.14197540
0.06625700 0.09595717 0.08716789 0.10600032 0.13732254 0.12257261 0.12330578 0.13888094 0.15063240 0.14340870
0.07030432 0.09404174 0.08148498 0.11317305 0.12923781 0.11577294 0.11876806 0.14356115 0.15155309 0.14390494
0.07323773 0.09655499 0.08581100 0.12219599 0.13447627 0.11476872 0.12005889 0.14607237 0.15600167 0.14300490
0.07323773 0.09655499 0.08581100 0.12219599 0.13447627 0.11476872 0.12005889 0.14607237 0.15600167 0.14300490
0.07185407 0.09215151 0.09036224 0.11979918 0.12789020 0.11298237 0.11422576 0.14136004 0.15127035 0.14187549
0.07185407 0.09215151 0.09036224 0.11979918 0.12789020 0.11298237 0.11422576 0.14136004 0.15127035 0.14187549
0.07377325 0.09243059 0.08816471 0.12887850 0.12806483 0.11251359 0.11415426 0.13887897 0.15019570 0.14248092
0.07028792 0.08789788 0.08374726 0.12080595 0.12323666 0.11078397 0.11869948 0.13880788 0.15252165 0.13799204
0.07028792 0.08789788 0.08374726 0.12080595 0.12323666 0.11078397 0.11869948 0.13880788 0.15252165 0.13799204
0.07029762 0.09142668 0.08553942 0.12370895 0.12281895 0.11182814 0.11879647 0.13674273 0.15391454 0.13681257
0.07029762 0.09142668 0.08553942 0.12370895 0.12281895 0.11182814 0.11879647 0.13674273 0.15391454 0.13681257
0.07029762 0.09142668 0.08553942 0.12370895 0.12281895 0.11182814 0.11879647 0.13674273 0.15391454 0.13681257
0.07029762 0.09142668 0.08553942 0.12370895 0.12281895 0.11182814 0.11879647 0.13674273 0.15391454 0.13681257
0.07029762 0.09142668 0.08553942 0.12370895 0.12281895 0.11182814 0.11879647 0.13674273 0.15391454 0.13681257
0.06630224 0.09559893 0.08763742 0.12031984 0.13550816 0.10784425 0.11473108 0.13358851 0.14655909 0.13986779
0.06630224 0.09559893 0.08763742 0.12031984 0.13550816 0.10784425 0.11473108 0.13358851 0.14655909 0.13986779
0.06630224 0.09559893 0.08763742 0.12031984 0.13550816 0.10784425 0.11473108 0.13358851 0.14655909 0.13986779
0.06372198 0.08848932 0.08253102 0.10893002 0.13228367 0.11166045 0.11463352 0.13372957 0.14508379 0.14161945
0.06372198 0.08848932 0.08253102 0.10893002 0.13228367 0.11166045 0.11463352 0.13372957 0.14508379 0.14161945
0.07564836 0.09566620 0.08112575 0.11112417 0.14180361 0.10991906 0.11469648 0.13177725 0.14616099 0.14026248
0.07564836 0.09566620 0.08112575 0.11112417 0.14180361 0.10991906 0.11469648 0.13177725 0.14616099 0.14026248
0.07564836 0.09566620 0.08112575 0.11112417 0.14180361 0.10991906 0.11469648 0.13177725 0.14616099 0.14026248
0.07564836 0.09566620 0.08112575 0.11112417 0.14180361 0.10991906 0.11469648 0.13177725 0.14616099 0.14026248
0.07564836 0.09566620 0.08112575 0.11112417 0.14180361 0.10991906 0.11469648 0.13177725 0.14616099 0.14026248
0.07564836 0.09566620 0.08112575 0.11112417 0.14180361 0.10991906 0.11469648 0.13177725 0.14616099 0.14026248
0.07564836 0.09566620 0.08112575 0.11112417 0.14180361 0.10991906 0.11469648 0.13177725 0.14616099 0.14026248
0.07564836 0.09566620 0.08112575 0.11112417 0.14180361 0.10991906 0.11469648 0.13177725 0.14616099 0.14026248
0.07564836 0.09566620 0.08112575 0.11112417 0.14180361 0.10991906 0.11469648 0.13177725 0.14616099 0.14026248
0.07634468 0.09711509 0.08087623 0.10505717 0.13650253 0.11052507 0.11389522 0.12838232 0.14444055 0.13838371
0.07634468 0.09711509 0.08087623 0.10505717 0.13650253 0.11052507 0.11389522 0.12838232 0.14444055 0.13838371
0.07634468 0.09711509 0.08087623 0.10505717 0.13650253 0.11052507 0.11389522 0.12838232 0.14444055 0.13838371
0.06690689 0.09619410 0.08427386 0.11590526 0.15364155 0.10852272 0.11801214 0.12985703 0.14742362 0.13631975
0.06216279 0.08534617 0.08906453 0.10491312 0.14610928 0.11190839 0.11545774 0.12757801 0.14767570 0.14691445
0.05881831 0.08436789 0.08947275 0.10379760 0.12433623 0.10962490 0.11723446 0.12525728 0.13672904 0.15007659
0.05881831 0.08436789 0.08947275 0.10379760 0.12433623 0.10962490 0.11723446 0.12525728 0.13672904 0.15007659
0.05881831 0.08436789 0.08947275 0.10379760 0.12433623 0.10962490 0.11723446 0.12525728 0.13672904 0.15007659
0.05881831 0.08436789 0.08947275 0.10379760 0.12433623 0.10962490 0.11723446 0.12525728 0.13672904 0.15007659
0.05881831 0.08436789 0.08947275 0.10379760 0.12433623 0.10962490 0.11723446 0.12525728 0.13672904 0.15007659
0.07676370 0.08018050 0.08120440 0.11532385 0.14406957 0.11531056 0.11910038 0.12941996 0.13588093 0.15829693
0.07676370 0.08018050 0.08120440 0.11532385 0.14406957 0.11531056 0.11910038 0.12941996 0.13588093 0.15829693
0.07676370 0.08018050 0.08120440 0.11532385 0.14406957 0.11531056 0.11910038 0.12941996 0.13588093 0.15829693
0.06419097 0.07695861 0.08201991 0.10331839 0.12815089 0.11120475 0.12084543 0.13933753 0.12966663 0.15184414
0.06180909 0.07866262 0.08913163 0.10279298 0.12207030 0.11094767 0.12436080 0.12741761 0.12836117 0.15314942
0.06609107 0.07804122 0.08088105 0.09968572 0.12726816 0.11104625 0.12101004 0.12637743 0.12549534 0.15196439
0.06609107 0.07804122 0.08088105 0.09968572 0.12726816 0.11104625 0.12101004 0.12637743 0.12549534 0.15196439
0.06609107 0.07804122 0.08088105 0.09968572 0.12726816 0.11104625 0.12101004 0.12637743 0.12549534 0.15196439
0.07854332 0.07579448 0.08396125 0.10965708 0.13561267 0.10723089 0.12058324 0.12422823 0.12956826 0.14112582
0.07854332 0.07579448 0.08396125 0.10965708 0.13561267 0.10723089 0.12058324 0.12422823 0.12956826 0.14112582
0.07854332 0.07579448 0.08396125 0.10965708 0.13561267 0.10723089 0.12058324 0.12422823 0.12956826 0.14112582
0.06852202 0.07776147 0.08359180 0.10152479 0.13185368 0.10798576 0.12249632 0.12641326 0.12992367 0.14723762
0.06769170 0.07714489 0.08383127 0.10451391 0.14894825 0.10859435 0.12157234 0.12558311 0.13231645 0.15501469
0.07017447 0.07686537 0.08549981 0.10815097 0.14332792 0.10722022 0.12178124 0.12598479 0.13411176 0.14897113
0.06940413 0.07535300 0.08571096 0.10658983 0.13405717 0.10704902 0.12328312 0.12381108 0.13134586 0.15177355
0.07641238 0.07499193 0.08010209 0.09210307 0.11671753 0.11429502 0.12180781 0.12092534 0.12222360 0.14790205
0.07641238 0.07499193 0.08010209 0.09210307 0.11671753 0.11429502 0.12180781 0.12092534 0.12222360 0.14790205
0.07641238 0.07499193 0.08010209 0.09210307 0.11671753 0.11429502 0.12180781 0.12092534 0.12222360 0.14790205
0.07641238 0.07499193 0.08010209 0.09210307 0.11671753 0.11429502 0.12180781 0.12092534 0.12222360 0.14790205
0.07641238 0.07499193 0.08010209 0.09210307 0.11671753 0.11429502 0.12180781 0.12092534 0.12222360 0.14790205
0.07641238 0.07499193 0.08010209 0.09210307 0.11671753 0.11429502 0.12180781 0.12092534 0.12222360 0.14790205
0.07564594 0.07505346 0.07927917 0.09333241 0.11896045 0.11346266 0.12300779 0.12199203 0.12405820 0.15282992
0.07782004 0.07508802 0.08278025 0.10368100 0.12351328 0.11142967 0.12488614 0.12191137 0.12509466 0.15203322
0.07782004 0.07508802 0.08278025 0.10368100 0.12351328 0.11142967 0.12488614 0.12191137 0.12509466 0.15203322
0.07782004 0.07508802 0.08278025 0.10368100 0.12351328 0.11142967 0.12488614 0.12191137 0.12509466 0.15203322
0.07710748 0.07527462 0.08237135 0.09880421 0.12357716 0.11111511 0.12283513 0.11992437 0.12454158 0.15752697
0.07710748 0.07527462 0.08237135 0.09880421 0.12357716 0.11111511 0.12283513 0.11992437 0.12454158 0.15752697
0.07184648 0.07404298 0.08576199 0.09932020 0.12504891 0.11004159 0.12255583 0.13445408 0.12308623 0.14430711
0.07232707 0.07480483 0.09213891 0.10774740 0.12321450 0.11711180 0.12521060 0.13718472 0.12340459 0.14523747
0.07232707 0.07480483 0.09213891 0.10774740 0.12321450 0.11711180 0.12521060 0.13718472 0.12340459 0.14523747
0.07353292 0.07495015 0.09014538 0.11854602 0.13048667 0.11794953 0.12203477 0.14123154 0.12733018 0.14395930
0.07380446 0.07502898 0.08300809 0.10487537 0.13613345 0.10725430 0.12367978 0.13200106 0.12942921 0.14692277
0.07380446 0.07502898 0.08300809 0.10487537 0.13613345 0.10725430 0.12367978 0.13200106 0.12942921 0.14692277
0.06218863 0.07316146 0.08577392 0.10853374 0.13316035 0.10486743 0.12020185 0.13170364 0.12825045 0.14344021
0.06218863 0.07316146 0.08577392 0.10853374 0.13316035 0.10486743 0.12020185 0.13170364 0.12825045 0.14344021
0.06218863 0.07316146 0.08577392 0.10853374 0.13316035 0.10486743 0.12020185 0.13170364 0.12825045 0.14344021
0.06213641 0.07134830 0.08504245 0.10589806 0.13532631 0.10378290 0.12481353 0.13394072 0.12389951 0.13767067
0.05804060 0.07320045 0.08582324 0.10336457 0.13781401 0.10432421 0.12518099 0.13356442 0.12607566 0.13622074
0.06685425 0.07417404 0.08883022 0.09860626 0.13350755 0.10547255 0.12069486 0.13192292 0.13460372 0.14779793
0.06685425 0.07417404 0.08883022 0.09860626 0.13350755 0.10547255 0.12069486 0.13192292 0.13460372 0.14779793
0.06685425 0.07417404 0.08883022 0.09860626 0.13350755 0.10547255 0.12069486 0.13192292 0.13460372 0.14779793
0.06161762 0.07204190 0.08858386 0.10571989 0.13012700 0.10568317 0.12375159 0.13439123 0.13151708 0.14952886
0.06156964 0.07299249 0.08551934 0.10056282 0.13452053 0.10471654 0.12242886 0.13626379 0.13410415 0.13894754
0.06156964 0.07299249 0.08551934 0.10056282 0.13452053 0.10471654 0.12242886 0.13626379 0.13410415 0.13894754
0.05524360 0.07381207 0.08857898 0.09973427 0.13236776 0.10836494 0.12290814 0.13778940 0.12891856 0.15043371
0.05524360 0.07381207 0.08857898 0.09973427 0.13236776 0.10836494 0.12290814 0.13778940 0.12891856 0.15043371
0.05474320 0.07446103 0.08880236 0.09282279 0.13412861 0.10903295 0.12223300 0.13787329 0.12988287 0.15608775
0.05474320 0.07446103 0.08880236 0.09282279 0.13412861 0.10903295 0.12223300 0.13787329 0.12988287 0.15608775
0.05944975 0.07417384 0.08742734 0.09155518 0.13122769 0.10806092 0.12070260 0.14003466 0.13336483 0.15077905
0.05575241 0.09127142 0.08634332 0.09243956 0.12729236 0.11103156 0.12754868 0.13127611 0.11944935 0.14832652
0.06037707 0.07808537 0.08843880 0.10715007 0.13707342 0.11355480 0.11879708 0.12873496 0.12243887 0.15060800
0.06037707 0.07808537 0.08843880 0.10715007 0.13707342 0.11355480 0.11879708 0.12873496 0.12243887 0.15060800
0.06037707 0.07808537 0.08843880 0.10715007 0.13707342 0.11355480 0.11879708 0.12873496 0.12243887 0.15060800
0.06037707 0.07808537 0.08843880 0.10715007 0.13707342 0.11355480 0.11879708 0.12873496 0.12243887 0.15060800
0.06014309 0.08649241 0.08606484 0.11095622 0.14953251 0.11002685 0.11451706 0.12404514 0.11808207 0.14610270
0.06070967 0.07774084 0.08405001 0.11180109 0.13854841 0.11090877 0.11403487 0.12650645 0.11899152 0.14553122
0.06070967 0.07774084 0.08405001 0.11180109 0.13854841 0.11090877 0.11403487 0.12650645 0.11899152 0.14553122
0.06651247 0.08211849 0.09092289 0.11596070 0.14110505 0.11368438 0.11345842 0.12441078 0.12001697 0.14589419
0.06311219 0.08076826 0.08880846 0.11238766 0.13864373 0.11407742 0.11443474 0.12046740 0.11227586 0.13716746
0.06311219 0.08076826 0.08880846 0.11238766 0.13864373 0.11407742 0.11443474 0.12046740 0.11227586 0.13716746
0.05754529 0.08078484 0.08892923 0.11040119 0.14220657 0.11640247 0.11475592 0.12194515 0.11090495 0.13515697
0.05663567 0.08078037 0.08920570 0.11368533 0.14975828 0.11428341 0.11438364 0.12141677 0.11137610 0.13274351
0.05663567 0.08078037 0.08920570 0.11368533 0.14975828 0.11428341 0.11438364 0.12141677 0.11137610 0.13274351
0.05663567 0.08078037 0.08920570 0.11368533 0.14975828 0.11428341 0.11438364 0.12141677 0.11137610 0.13274351
0.06219826 0.08005710 0.08847714 0.11147382 0.12502372 0.10754186 0.11175471 0.12080098 0.11332042 0.13875521
0.06219826 0.08005710 0.08847714 0.11147382 0.12502372 0.10754186 0.11175471 0.12080098 0.11332042 0.13875521
0.06205415 0.07961909 0.08822359 0.09638879 0.12463287 0.11193835 0.11368250 0.12190444 0.11473589 0.14385125
0.06205415 0.07961909 0.08822359 0.09638879 0.12463287 0.11193835 0.11368250 0.12190444 0.11473589 0.14385125
0.06205415 0.07961909 0.08822359 0.09638879 0.12463287 0.11193835 0.11368250 0.12190444 0.11473589 0.14385125
0.06253807 0.07835770 0.08881628 0.11549785 0.12076370 0.10809190 0.11177058 0.11587604 0.11034449 0.14574566
0.05872197 0.07864064 0.08989251 0.11388563 0.12415877 0.10769763 0.11181647 0.11785586 0.10934092 0.14257313
0.05872197 0.07864064 0.08989251 0.11388563 0.12415877 0.10769763 0.11181647 0.11785586 0.10934092 0.14257313
0.05872197 0.07864064 0.08989251 0.11388563 0.12415877 0.10769763 0.11181647 0.11785586 0.10934092 0.14257313
0.06022712 0.07889616 0.08670721 0.11919476 0.12514626 0.10623889 0.11124977 0.11550610 0.11056962 0.13572115
0.05769183 0.07685643 0.08670421 0.09531401 0.11788128 0.11355431 0.10933759 0.12398655 0.10968457 0.14335991
0.06004307 0.07657892 0.08750484 0.11293328 0.12007614 0.11081628 0.11062850 0.11636668 0.11014299 0.13896891
0.05667564 0.07644637 0.08996597 0.09713436 0.11356168 0.11439802 0.11202295 0.11956661 0.11352542 0.13977835
0.05778027 0.07668647 0.08886401 0.09716202 0.11217909 0.11621160 0.11385828 0.11790981 0.11575329 0.14453837
0.05668412 0.07557646 0.09043468 0.11168805 0.11966453 0.11115579 0.10882937 0.11878135 0.11011225 0.14615270
0.05668412 0.07557646 0.09043468 0.11168805 0.11966453 0.11115579 0.10882937 0.11878135 0.11011225 0.14615270
0.05668412 0.07557646 0.09043468 0.11168805 0.11966453 0.11115579 0.10882937 0.11878135 0.11011225 0.14615270
0.05970942 0.07604790 0.08913648 0.11411794 0.11931363 0.10779918 0.10769953 0.11354479 0.11188612 0.14460738
0.05705260 0.07367770 0.08720540 0.10414034 0.11296440 0.11212022 0.11028785 0.12512860 0.11209710 0.13988144
0.06002349 0.07544206 0.08647746 0.10424903 0.11170484 0.11109885 0.11002822 0.13356824 0.11351524 0.13614230
0.06002349 0.07544206 0.08647746 0.10424903 0.11170484 0.11109885 0.11002822 0.13356824 0.11351524 0.13614230
0.06002349 0.07544206 0.08647746 0.10424903 0.11170484 0.11109885 0.11002822 0.13356824 0.11351524 0.13614230
0.06002349 0.07544206 0.08647746 0.10424903 0.11170484 0.11109885 0.11002822 0.13356824 0.11351524 0.13614230
0.06002349 0.07544206 0.08647746 0.10424903 0.11170484 0.11109885 0.11002822 0.13356824 0.11351524 0.13614230
0.05646813 0.08369666 0.08600690 0.09121200 0.10633358 0.11159254 0.11140917 0.13822688 0.11340073 0.13750838
0.05845660 0.07126873 0.10110912 0.10211482 0.11183884 0.11460678 0.10763009 0.11608472 0.11829002 0.14372637
0.05845660 0.07126873 0.10110912 0.10211482 0.11183884 0.11460678 0.10763009 0.11608472 0.11829002 0.14372637
0.05580733 0.07164684 0.09822433 0.09435217 0.11438419 0.11095932 0.10850873 0.11589878 0.11721151 0.14486406
0.05580733 0.07164684 0.09822433 0.09435217 0.11438419 0.11095932 0.10850873 0.11589878 0.11721151 0.14486406
0.05580733 0.07164684 0.09822433 0.09435217 0.11438419 0.11095932 0.10850873 0.11589878 0.11721151 0.14486406
0.05759646 0.07384299 0.10072817 0.08660587 0.10991550 0.11111890 0.10903600 0.12122436 0.12596641 0.14325753
0.05759646 0.07384299 0.10072817 0.08660587 0.10991550 0.11111890 0.10903600 0.12122436 0.12596641 0.14325753
0.05723212 0.07254817 0.10042438 0.09278759 0.10791262 0.11148037 0.11088599 0.12837937 0.12271951 0.14065406
0.05475031 0.07109765 0.08375931 0.09998325 0.10826461 0.11557316 0.10720755 0.11877225 0.12062678 0.14925383
0.05475031 0.07109765 0.08375931 0.09998325 0.10826461 0.11557316 0.10720755 0.11877225 0.12062678 0.14925383
0.05547071 0.07102180 0.08310196 0.08987618 0.10811132 0.11730049 0.10914344 0.12014958 0.12593440 0.15216297
0.05619705 0.07088127 0.08307277 0.08409199 0.10642816 0.11836663 0.10940802 0.12826116 0.12647634 0.15544239
0.05619705 0.07088127 0.08307277 0.08409199 0.10642816 0.11836663 0.10940802 0.12826116 0.12647634 0.15544239
0.05469337 0.07096595 0.08171457 0.08781621 0.10584616 0.11322772 0.10838500 0.12734811 0.11324041 0.15492999
0.05469337 0.07096595 0.08171457 0.08781621 0.10584616 0.11322772 0.10838500 0.12734811 0.11324041 0.15492999
0.05621309 0.07154418 0.08224787 0.08489714 0.10621478 0.11487869 0.10971590 0.12938110 0.11674572 0.15175811
0.05493503 0.07185291 0.08705340 0.10035725 0.11201609 0.11006402 0.10680721 0.12017601 0.11330396 0.14241769
0.05632040 0.07227400 0.08854427 0.09672103 0.11519841 0.10667520 0.10588711 0.11744139 0.11270334 0.13762305
0.05632040 0.07227400 0.08854427 0.09672103 0.11519841 0.10667520 0.10588711 0.11744139 0.11270334 0.13762305
0.05791694 0.07279182 0.08366763 0.09581471 0.11561563 0.10303813 0.10715504 0.12092726 0.11087775 0.13273701
0.05441321 0.06932013 0.08482576 0.09913103 0.10648434 0.11388853 0.10710369 0.12249241 0.11747525 0.14147109
0.05549605 0.06754151 0.08944953 0.09073476 0.10408283 0.11042968 0.10804153 0.12179354 0.12386371 0.14106776
0.05714768 0.06703450 0.08559481 0.08450126 0.10593850 0.11002127 0.10938645 0.13098136 0.11975757 0.13586886
0.06156338 0.06774678 0.08314249 0.08182293 0.10465532 0.11435327 0.11339492 0.13204037 0.12549941 0.13037878
0.06156338 0.06774678 0.08314249 0.08182293 0.10465532 0.11435327 0.11339492 0.13204037 0.12549941 0.13037878
0.05936162 0.06891407 0.08413009 0.08451080 0.10755605 0.12145923 0.11295919 0.13423256 0.12653877 0.13049737
0.05761699 0.07548587 0.08389186 0.08798371 0.10927687 0.11761107 0.11246387 0.13922839 0.12650496 0.13000655
0.05682887 0.06776954 0.09214496 0.09169721 0.10911195 0.10712379 0.10585339 0.12462213 0.11759484 0.14463158
0.05682887 0.06776954 0.09214496 0.09169721 0.10911195 0.10712379 0.10585339 0.12462213 0.11759484 0.14463158
0.05267571 0.06802211 0.09197257 0.11080791 0.10778770 0.12181448 0.10545127 0.12529315 0.12191945 0.15253891
0.05226265 0.06845208 0.10800915 0.11376040 0.11021667 0.12596981 0.10575894 0.12777325 0.12380224 0.16205044
0.05307043 0.06671763 0.09910326 0.10109723 0.10845697 0.10314257 0.10358912 0.12352518 0.11217138 0.14894711
0.05308172 0.06812675 0.10350156 0.09595329 0.11031171 0.11059921 0.10622093 0.11801816 0.11618999 0.14124163
0.05402052 0.06976318 0.10242987 0.09948681 0.11152734 0.11450050 0.10764634 0.11826866 0.11600331 0.14181251
0.05455147 0.06960892 0.10046274 0.09461467 0.10895717 0.11289621 0.10746688 0.11623392 0.11715760 0.14333700
0.05491641 0.07220730 0.09935946 0.09856130 0.11471026 0.11223679 0.10756776 0.11273303 0.11609520 0.14069470
0.05159638 0.06745880 0.09131265 0.09297201 0.10877714 0.10944051 0.10665150 0.12157911 0.12503118 0.15336563
0.05230745 0.06843794 0.09117272 0.09634836 0.11746069 0.11338469 0.10798487 0.11582781 0.12548523 0.14565194
0.05230745 0.06843794 0.09117272 0.09634836 0.11746069 0.11338469 0.10798487 0.11582781 0.12548523 0.14565194
0.05210475 0.06942940 0.09148672 0.11724515 0.10874277 0.10913590 0.10706426 0.11352570 0.12293968 0.14852963
0.05210475 0.06942940 0.09148672 0.11724515 0.10874277 0.10913590 0.10706426 0.11352570 0.12293968 0.14852963
0.05210475 0.06942940 0.09148672 0.11724515 0.10874277 0.10913590 0.10706426 0.11352570 0.12293968 0.14852963
0.05204259 0.07203689 0.09720458 0.12766170 0.11270247 0.10891291 0.11061358 0.11062157 0.12232722 0.15636792
0.05204259 0.07203689 0.09720458 0.12766170 0.11270247 0.10891291 0.11061358 0.11062157 0.12232722 0.15636792
0.04996491 0.06837430 0.08940950 0.10104506 0.10426306 0.10684137 0.10382513 0.11991537 0.11498877 0.15031832
0.04955448 0.06781472 0.09613913 0.10170009 0.11038027 0.10510681 0.10272756 0.11576526 0.12886867 0.14927868
0.05057685 0.06924808 0.08830683 0.09863034 0.10695763 0.10543211 0.10456210 0.11039412 0.12081870 0.14266721
0.05370009 0.07028552 0.09975647 0.09764817 0.10349164 0.10690983 0.10652754 0.11745580 0.11999381 0.15904009
0.05370009 0.07028552 0.09975647 0.09764817 0.10349164 0.10690983 0.10652754 0.11745580 0.11999381 0.15904009
0.04902699 0.06760841 0.08675655 0.10142659 0.10461653 0.10334812 0.10262847 0.11585749 0.12732919 0.14206234
0.04902699 0.06760841 0.08675655 0.10142659 0.10461653 0.10334812 0.10262847 0.11585749 0.12732919 0.14206234
0.04902699 0.06760841 0.08675655 0.10142659 0.10461653 0.10334812 0.10262847 0.11585749 0.12732919 0.14206234
0.04902699 0.06760841 0.08675655 0.10142659 0.10461653 0.10334812 0.10262847 0.11585749 0.12732919 0.14206234
0.04892652 0.07045506 0.09478709 0.11039443 0.11574706 0.10749792 0.10368518 0.10906683 0.11871325 0.15003369
0.05270434 0.06989050 0.09539586 0.10358833 0.11106590 0.11487848 0.10637581 0.10996310 0.11667859 0.14737737
0.05406274 0.07120128 0.09889354 0.10486558 0.10575801 0.12315205 0.10812238 0.10911071 0.12166796 0.14754786
0.04861877 0.06667760 0.08743540 0.10300519 0.11085725 0.10617963 0.10468081 0.10861398 0.11541667 0.14596448
0.05246194 0.06622255 0.08823581 0.08356279 0.10343877 0.10357376 0.10480615 0.11627717 0.12805113 0.14125487
0.05392379 0.06684706 0.09739403 0.08331019 0.10331540 0.10866609 0.10581772 0.11302939 0.12728119 0.14359490
0.05437469 0.06754739 0.09221682 0.08254827 0.10653860 0.10498737 0.10640612 0.10858199 0.12848697 0.13778350
0.05633986 0.06701707 0.08327514 0.08333745 0.11139748 0.10820733 0.11019286 0.10546336 0.12407533 0.13565078
0.05633986 0.06701707 0.08327514 0.08333745 0.11139748 0.10820733 0.11019286 0.10546336 0.12407533 0.13565078
0.04805412 0.06965414 0.09086463 0.09377675 0.10980627 0.10280438 0.10269525 0.11016485 0.11708422 0.14272536
0.04772904 0.06544653 0.09285869 0.08226879 0.10530143 0.10663737 0.10389287 0.11562827 0.13034670 0.13640028
0.04748504 0.06690723 0.09844758 0.08253824 0.10525978 0.10218668 0.10410740 0.10808173 0.12897042 0.14787986
0.05043277 0.06853484 0.09012831 0.09314515 0.11270660 0.10232821 0.10625283 0.11195782 0.11827115 0.14073311
0.05043277 0.06853484 0.09012831 0.09314515 0.11270660 0.10232821 0.10625283 0.11195782 0.11827115 0.14073311
0.05307171 0.06994906 0.08640150 0.08461911 0.10516260 0.10559502 0.10847787 0.11029803 0.12737414 0.14557918
0.05093063 0.06620906 0.08582887 0.08522668 0.10707866 0.10440167 0.10387796 0.11502612 0.12186396 0.14029256
0.05633009 0.07076401 0.09633027 0.08110265 0.10535071 0.10459464 0.10656101 0.11394583 0.12455550 0.14204513
0.05633009 0.07076401 0.09633027 0.08110265 0.10535071 0.10459464 0.10656101 0.11394583 0.12455550 0.14204513
0.06177632 0.07342096 0.09997654 0.08067978 0.10421557 0.10536328 0.10761761 0.11799817 0.12033461 0.13941445
0.05755483 0.07815925 0.10379389 0.08063011 0.10632591 0.10722555 0.10753661 0.12836721 0.12314207 0.14178246
0.05755483 0.07815925 0.10379389 0.08063011 0.10632591 0.10722555 0.10753661 0.12836721 0.12314207 0.14178246
0.05755483 0.07815925 0.10379389 0.08063011 0.10632591 0.10722555 0.10753661 0.12836721 0.12314207 0.14178246
0.05755483 0.07815925 0.10379389 0.08063011 0.10632591 0.10722555 0.10753661 0.12836721 0.12314207 0.14178246
0.06791889 0.07540462 0.12222965 0.08013188 0.10520579 0.10605861 0.10633370 0.12375167 0.11894421 0.14245049
0.08155389 0.07256716 0.12911205 0.08244741 0.10751738 0.10767660 0.10591851 0.12388208 0.11950749 0.14480467
0.08155389 0.07256716 0.12911205 0.08244741 0.10751738 0.10767660 0.10591851 0.12388208 0.11950749 0.14480467
0.05155627 0.06755537 0.09003732 0.08338935 0.10376638 0.10492205 0.10467047 0.11363113 0.11825821 0.13978091
0.04962143 0.06875414 0.08684759 0.07932584 0.11041898 0.10158505 0.10421747 0.10971815 0.11392273 0.13558294
0.04962143 0.06875414 0.08684759 0.07932584 0.11041898 0.10158505 0.10421747 0.10971815 0.11392273 0.13558294
0.05293691 0.06739941 0.08893351 0.08544943 0.11069113 0.10351625 0.10106969 0.11967747 0.12417818 0.13645252
0.05293691 0.06739941 0.08893351 0.08544943 0.11069113 0.10351625 0.10106969 0.11967747 0.12417818 0.13645252
0.05293691 0.06739941 0.08893351 0.08544943 0.11069113 0.10351625 0.10106969 0.11967747 0.12417818 0.13645252
0.05095217 0.06805417 0.09139816 0.08960925 0.10947476 0.10411948 0.10326711 0.11996349 0.13141591 0.14699246
0.05095217 0.06805417 0.09139816 0.08960925 0.10947476 0.10411948 0.10326711 0.11996349 0.13141591 0.14699246
0.05095217 0.06805417 0.09139816 0.08960925 0.10947476 0.10411948 0.10326711 0.11996349 0.13141591 0.14699246
0.05095217 0.06805417 0.09139816 0.08960925 0.10947476 0.10411948 0.10326711 0.11996349 0.13141591 0.14699246
0.05316137 0.06749557 0.09142897 0.08984506 0.10397287 0.10153948 0.10195185 0.12688480 0.13363578 0.15504477
0.05316137 0.06749557 0.09142897 0.08984506 0.10397287 0.10153948 0.10195185 0.12688480 0.13363578 0.15504477
0.05474334 0.06719342 0.09472960 0.08171468 0.11104141 0.09929264 0.10318649 0.11071122 0.11286062 0.14004658
0.05474334 0.06719342 0.09472960 0.08171468 0.11104141 0.09929264 0.10318649 0.11071122 0.11286062 0.14004658
0.04865592 0.07023866 0.08828318 0.08028293 0.10667137 0.09915855 0.10242800 0.09952515 0.11945178 0.14640296
0.04865592 0.07023866 0.08828318 0.08028293 0.10667137 0.09915855 0.10242800 0.09952515 0.11945178 0.14640296
0.04865592 0.07023866 0.08828318 0.08028293 0.10667137 0.09915855 0.10242800 0.09952515 0.11945178 0.14640296
0.04865592 0.07023866 0.08828318 0.08028293 0.10667137 0.09915855 0.10242800 0.09952515 0.11945178 0.14640296
0.04865592 0.07023866 0.08828318 0.08028293 0.10667137 0.09915855 0.10242800 0.09952515 0.11945178 0.14640296
0.05165862 0.06970285 0.09007360 0.07970607 0.10595202 0.10018708 0.10344994 0.11326376 0.11319303 0.14268555
0.05165862 0.06970285 0.09007360 0.07970607 0.10595202 0.10018708 0.10344994 0.11326376 0.11319303 0.14268555
0.05535797 0.06598547 0.09329739 0.07957774 0.10561549 0.10154003 0.10293029 0.11684697 0.13268804 0.15470079
0.05668754 0.06691295 0.09699547 0.07854303 0.10973817 0.10054872 0.10290206 0.11724691 0.12783916 0.14617781
0.05668754 0.06691295 0.09699547 0.07854303 0.10973817 0.10054872 0.10290206 0.11724691 0.12783916 0.14617781
0.04720686 0.07281967 0.08737306 0.08427058 0.11445720 0.09716881 0.09947202 0.11114154 0.12191744 0.14326394
0.04808632 0.06636745 0.08771417 0.07946482 0.10867669 0.09861757 0.10072093 0.10749113 0.12531313 0.14457589
0.04808632 0.06636745 0.08771417 0.07946482 0.10867669 0.09861757 0.10072093 0.10749113 0.12531313 0.14457589
0.04890832 0.06670373 0.08733917 0.07777547 0.11668104 0.09663027 0.09866809 0.10440639 0.11932277 0.15060907
0.04890832 0.06670373 0.08733917 0.07777547 0.11668104 0.09663027 0.09866809 0.10440639 0.11932277 0.15060907
0.04699793 0.07283607 0.08944581 0.08194906 0.12582909 0.09697033 0.09951887 0.09647479 0.10340222 0.15668109
0.04595605 0.07086733 0.08910284 0.08092691 0.12377028 0.09658906 0.10087313 0.09843510 0.10270463 0.17155637
0.04595605 0.07086733 0.08910284 0.08092691 0.12377028 0.09658906 0.10087313 0.09843510 0.10270463 0.17155637
0.06247841 0.06690904 0.08912097 0.08122877 0.10759376 0.10129391 0.10854078 0.11732260 0.12260643 0.14631016
0.08267359 0.06733222 0.08725950 0.07884764 0.10634460 0.09875621 0.10779008 0.12677417 0.11845311 0.15735618
0.08267359 0.06733222 0.08725950 0.07884764 0.10634460 0.09875621 0.10779008 0.12677417 0.11845311 0.15735618
0.09921880 0.06808901 0.09155014 0.07890456 0.09932588 0.09738290 0.10711191 0.13480442 0.12009136 0.15364219
0.05041583 0.06813855 0.09028228 0.07893817 0.10269576 0.09659318 0.10162800 0.10502500 0.11470119 0.13588563
0.04809837 0.06856141 0.09163817 0.08552249 0.10396300 0.09375134 0.10119925 0.09702164 0.11950564 0.13850576
0.06850591 0.06967075 0.08536204 0.08016491 0.09607380 0.09480184 0.10675230 0.10253217 0.11351321 0.13361607
0.06850591 0.06967075 0.08536204 0.08016491 0.09607380 0.09480184 0.10675230 0.10253217 0.11351321 0.13361607
0.06068416 0.06826679 0.08955162 0.07863767 0.09698218 0.09605963 0.10819286 0.11334235 0.12295789 0.13920088
0.06068416 0.06826679 0.08955162 0.07863767 0.09698218 0.09605963 0.10819286 0.11334235 0.12295789 0.13920088
0.06068416 0.06826679 0.08955162 0.07863767 0.09698218 0.09605963 0.10819286 0.11334235 0.12295789 0.13920088
0.04969589 0.07217290 0.09708135 0.08039558 0.10417490 0.08870035 0.09889302 0.10784333 0.12184831 0.14151573
0.05211518 0.07322088 0.09518483 0.07914885 0.09429465 0.09781849 0.10722294 0.10934157 0.13186170 0.13910455
0.05211518 0.07322088 0.09518483 0.07914885 0.09429465 0.09781849 0.10722294 0.10934157 0.13186170 0.13910455
0.05211518 0.07322088 0.09518483 0.07914885 0.09429465 0.09781849 0.10722294 0.10934157 0.13186170 0.13910455
0.06808155 0.06862292 0.08576183 0.07710252 0.09529023 0.09263892 0.10145467 0.10792129 0.13006177 0.14677905
0.06808155 0.06862292 0.08576183 0.07710252 0.09529023 0.09263892 0.10145467 0.10792129 0.13006177 0.14677905
0.06808155 0.06862292 0.08576183 0.07710252 0.09529023 0.09263892 0.10145467 0.10792129 0.13006177 0.14677905
0.06808155 0.06862292 0.08576183 0.07710252 0.09529023 0.09263892 0.10145467 0.10792129 0.13006177 0.14677905
0.06974497 0.06904953 0.09081224 0.07716485 0.09158260 0.09395210 0.10126877 0.11475683 0.13431000 0.15095352
0.06974497 0.06904953 0.09081224 0.07716485 0.09158260 0.09395210 0.10126877 0.11475683 0.13431000 0.15095352
0.05794892 0.07670376 0.09134672 0.07637385 0.08805245 0.09293999 0.10526177 0.12508912 0.13089497 0.15073907
0.05794892 0.07670376 0.09134672 0.07637385 0.08805245 0.09293999 0.10526177 0.12508912 0.13089497 0.15073907
0.05727105 0.06819016 0.09090563 0.07894467 0.08948656 0.09221314 0.10218985 0.11452754 0.13188082 0.14687441
0.05727105 0.06819016 0.09090563 0.07894467 0.08948656 0.09221314 0.10218985 0.11452754 0.13188082 0.14687441
0.05727105 0.06819016 0.09090563 0.07894467 0.08948656 0.09221314 0.10218985 0.11452754 0.13188082 0.14687441
0.05727105 0.06819016 0.09090563 0.07894467 0.08948656 0.09221314 0.10218985 0.11452754 0.13188082 0.14687441
0.05727105 0.06819016 0.09090563 0.07894467 0.08948656 0.09221314 0.10218985 0.11452754 0.13188082 0.14687441
0.05727105 0.06819016 0.09090563 0.07894467 0.08948656 0.09221314 0.10218985 0.11452754 0.13188082 0.14687441
0.05727105 0.06819016 0.09090563 0.07894467 0.08948656 0.09221314 0.10218985 0.11452754 0.13188082 0.14687441
0.05727105 0.06819016 0.09090563 0.07894467 0.08948656 0.09221314 0.10218985 0.11452754 0.13188082 0.14687441
0.06339105 0.06960369 0.09041222 0.07839750 0.09587454 0.09628506 0.10164198 0.11120857 0.11534568 0.14248917
0.06339105 0.06960369 0.09041222 0.07839750 0.09587454 0.09628506 0.10164198 0.11120857 0.11534568 0.14248917
0.06339105 0.06960369 0.09041222 0.07839750 0.09587454 0.09628506 0.10164198 0.11120857 0.11534568 0.14248917
0.06284385 0.07109112 0.08557963 0.07560766 0.09986736 0.08743535 0.09795084 0.10784360 0.12490646 0.13581943
0.06617914 0.07128280 0.08591474 0.07614549 0.09317202 0.08734398 0.09730070 0.11420381 0.12231768 0.14854618
0.07142697 0.07067870 0.08563904 0.07714304 0.09235940 0.08885955 0.09557021 0.12246412 0.11731451 0.15539409
0.07621385 0.07161867 0.08501122 0.07926135 0.09225584 0.08795275 0.09530397 0.12119720 0.10870245 0.15216474
0.07621385 0.07161867 0.08501122 0.07926135 0.09225584 0.08795275 0.09530397 0.12119720 0.10870245 0.15216474
0.07621385 0.07161867 0.08501122 0.07926135 0.09225584 0.08795275 0.09530397 0.12119720 0.10870245 0.15216474
0.07621385 0.07161867 0.08501122 0.07926135 0.09225584 0.08795275 0.09530397 0.12119720 0.10870245 0.15216474
0.07365601 0.07238343 0.08517266 0.08439527 0.09002259 0.08905945 0.09617313 0.12588344 0.11173130 0.14303566
0.05052491 0.07126545 0.08489032 0.08024304 0.09169058 0.09192701 0.10139903 0.11182385 0.12680146 0.14002929
0.05052491 0.07126545 0.08489032 0.08024304 0.09169058 0.09192701 0.10139903 0.11182385 0.12680146 0.14002929
0.05052491 0.07126545 0.08489032 0.08024304 0.09169058 0.09192701 0.10139903 0.11182385 0.12680146 0.14002929
0.05052491 0.07126545 0.08489032 0.08024304 0.09169058 0.09192701 0.10139903 0.11182385 0.12680146 0.14002929
0.05161029 0.07092204 0.08722867 0.07951574 0.08611767 0.09106257 0.10287586 0.11287112 0.12256302 0.13947979
0.05161029 0.07092204 0.08722867 0.07951574 0.08611767 0.09106257 0.10287586 0.11287112 0.12256302 0.13947979
0.05161029 0.07092204 0.08722867 0.07951574 0.08611767 0.09106257 0.10287586 0.11287112 0.12256302 0.13947979
0.06079265 0.07209392 0.09114599 0.08299788 0.08898904 0.09723382 0.10915252 0.11120470 0.13095897 0.13793026
0.05373393 0.07667520 0.08705052 0.08197677 0.10131391 0.09167540 0.09903562 0.09909417 0.11524465 0.13470121
0.05373393 0.07667520 0.08705052 0.08197677 0.10131391 0.09167540 0.09903562 0.09909417 0.11524465 0.13470121
0.06035611 0.06838076 0.08115144 0.07809635 0.08631422 0.08774589 0.10063970 0.12051784 0.12543782 0.14074148
0.06399179 0.06576255 0.07952921 0.07722463 0.08230981 0.08677978 0.10440521 0.12856611 0.13742960 0.13545672
0.06399179 0.06576255 0.07952921 0.07722463 0.08230981 0.08677978 0.10440521 0.12856611 0.13742960 0.13545672
0.06399179 0.06576255 0.07952921 0.07722463 0.08230981 0.08677978 0.10440521 0.12856611 0.13742960 0.13545672
0.06399179 0.06576255 0.07952921 0.07722463 0.08230981 0.08677978 0.10440521 0.12856611 0.13742960 0.13545672
0.06074346 0.06633692 0.08097526 0.07677882 0.08315103 0.08744742 0.10832178 0.13058991 0.13953333 0.13554303
0.06074346 0.06633692 0.08097526 0.07677882 0.08315103 0.08744742 0.10832178 0.13058991 0.13953333 0.13554303
0.06074346 0.06633692 0.08097526 0.07677882 0.08315103 0.08744742 0.10832178 0.13058991 0.13953333 0.13554303
0.06074346 0.06633692 0.08097526 0.07677882 0.08315103 0.08744742 0.10832178 0.13058991 0.13953333 0.13554303
0.06074346 0.06633692 0.08097526 0.07677882 0.08315103 0.08744742 0.10832178 0.13058991 0.13953333 0.13554303
0.06074346 0.06633692 0.08097526 0.07677882 0.08315103 0.08744742 0.10832178 0.13058991 0.13953333 0.13554303
0.06074346 0.06633692 0.08097526 0.07677882 0.08315103 0.08744742 0.10832178 0.13058991 0.13953333 0.13554303
0.06307502 0.06779301 0.08295905 0.07795409 0.09498311 0.09014782 0.09940992 0.11550898 0.11688517 0.13692846
0.06307502 0.06779301 0.08295905 0.07795409 0.09498311 0.09014782 0.09940992 0.11550898 0.11688517 0.13692846
0.06307502 0.06779301 0.08295905 0.07795409 0.09498311 0.09014782 0.09940992 0.11550898 0.11688517 0.13692846
0.06260591 0.06588133 0.07970118 0.07735504 0.09058544 0.08674469 0.10047221 0.13011497 0.11513237 0.14087009
0.07994421 0.07546777 0.08220681 0.08006536 0.08359724 0.09774497 0.10802522 0.11223809 0.11999163 0.14397147
0.07994421 0.07546777 0.08220681 0.08006536 0.08359724 0.09774497 0.10802522 0.11223809 0.11999163 0.14397147
0.07994421 0.07546777 0.08220681 0.08006536 0.08359724 0.09774497 0.10802522 0.11223809 0.11999163 0.14397147
0.06523858 0.06483729 0.07892534 0.07566287 0.08028718 0.08733259 0.10716024 0.12638061 0.12841225 0.14960149
0.06523858 0.06483729 0.07892534 0.07566287 0.08028718 0.08733259 0.10716024 0.12638061 0.12841225 0.14960149
0.07665409 0.07099497 0.08399029 0.07567343 0.08340469 0.08830404 0.09606375 0.12778716 0.12720146 0.14819674
0.06310868 0.07673781 0.08158784 0.07299343 0.08088045 0.08617018 0.09645725 0.11521649 0.14977720 0.15105314
0.06188650 0.07663473 0.08275972 0.07637229 0.08669174 0.08777640 0.09857967 0.12497533 0.11382466 0.14072390
0.07627901 0.08573839 0.08129023 0.07764523 0.09233088 0.09515654 0.09658237 0.11341337 0.11378319 0.14092332
0.07627901 0.08573839 0.08129023 0.07764523 0.09233088 0.09515654 0.09658237 0.11341337 0.11378319 0.14092332
0.07627901 0.08573839 0.08129023 0.07764523 0.09233088 0.09515654 0.09658237 0.11341337 0.11378319 0.14092332
0.07627901 0.08573839 0.08129023 0.07764523 0.09233088 0.09515654 0.09658237 0.11341337 0.11378319 0.14092332
0.07627901 0.08573839 0.08129023 0.07764523 0.09233088 0.09515654 0.09658237 0.11341337 0.11378319 0.14092332
0.07627901 0.08573839 0.08129023 0.07764523 0.09233088 0.09515654 0.09658237 0.11341337 0.11378319 0.14092332
0.07627901 0.08573839 0.08129023 0.07764523 0.09233088 0.09515654 0.09658237 0.11341337 0.11378319 0.14092332
0.09680873 0.09207923 0.08226466 0.07611938 0.08957458 0.09271823 0.10013792 0.11243765 0.12390398 0.14700272
0.06424874 0.07231956 0.08704688 0.07910550 0.09898550 0.08399926 0.09454180 0.11066272 0.12932726 0.14897838
0.06424874 0.07231956 0.08704688 0.07910550 0.09898550 0.08399926 0.09454180 0.11066272 0.12932726 0.14897838
0.06424874 0.07231956 0.08704688 0.07910550 0.09898550 0.08399926 0.09454180 0.11066272 0.12932726 0.14897838
0.06424874 0.07231956 0.08704688 0.07910550 0.09898550 0.08399926 0.09454180 0.11066272 0.12932726 0.14897838
0.07331033 0.07011328 0.08130680 0.07324418 0.08992067 0.08820874 0.09468605 0.10395553 0.11612004 0.13617363
0.07713705 0.07228869 0.07810103 0.07423861 0.08801739 0.08720821 0.09557586 0.10522743 0.11620763 0.13524276
0.07713705 0.07228869 0.07810103 0.07423861 0.08801739 0.08720821 0.09557586 0.10522743 0.11620763 0.13524276
0.07713705 0.07228869 0.07810103 0.07423861 0.08801739 0.08720821 0.09557586 0.10522743 0.11620763 0.13524276
0.07713705 0.07228869 0.07810103 0.07423861 0.08801739 0.08720821 0.09557586 0.10522743 0.11620763 0.13524276
0.07713705 0.07228869 0.07810103 0.07423861 0.08801739 0.08720821 0.09557586 0.10522743 0.11620763 0.13524276
0.07713705 0.07228869 0.07810103 0.07423861 0.08801739 0.08720821 0.09557586 0.10522743 0.11620763 0.13524276
0.07713705 0.07228869 0.07810103 0.07423861 0.08801739 0.08720821 0.09557586 0.10522743 0.11620763 0.13524276
0.08782920 0.07118803 0.07590192 0.07884948 0.08439244 0.09011289 0.10104957 0.11173104 0.11439437 0.12718922
0.08601311 0.07105730 0.07636389 0.07869267 0.08466591 0.09126694 0.09580032 0.10754281 0.10447637 0.12808679
0.07050213 0.07313412 0.07770044 0.07490016 0.08496738 0.09006034 0.09825932 0.10816714 0.12718908 0.13568571
0.07581301 0.07055748 0.07870260 0.07465732 0.09807810 0.10591229 0.09993691 0.09835651 0.10804829 0.14073479
0.07828578 0.07184193 0.08046855 0.07535310 0.08801238 0.09378049 0.10801205 0.10352055 0.10726369 0.14654442
0.08441669 0.07914204 0.08284703 0.07868314 0.09140997 0.09742294 0.11201351 0.11047537 0.11561159 0.14592175
0.08441669 0.07914204 0.08284703 0.07868314 0.09140997 0.09742294 0.11201351 0.11047537 0.11561159 0.14592175
0.07531371 0.07912361 0.08898031 0.07926462 0.09004018 0.09149923 0.11170191 0.11128758 0.11676179 0.14851800
0.06475612 0.07574499 0.07958789 0.07418564 0.09881432 0.09383599 0.10202305 0.10550645 0.11304674 0.14320805
0.06095744 0.07611870 0.07963435 0.07680401 0.10397484 0.09977535 0.10495101 0.10293428 0.10685256 0.13394021
0.06095744 0.07611870 0.07963435 0.07680401 0.10397484 0.09977535 0.10495101 0.10293428 0.10685256 0.13394021
0.06095744 0.07611870 0.07963435 0.07680401 0.10397484 0.09977535 0.10495101 0.10293428 0.10685256 0.13394021
0.06095744 0.07611870 0.07963435 0.07680401 0.10397484 0.09977535 0.10495101 0.10293428 0.10685256 0.13394021
0.08587100 0.06795748 0.07743537 0.07164004 0.08792161 0.09027310 0.11278236 0.11343783 0.12139520 0.14479425
0.08587100 0.06795748 0.07743537 0.07164004 0.08792161 0.09027310 0.11278236 0.11343783 0.12139520 0.14479425
0.07424532 0.06693173 0.07765133 0.07398504 0.09137954 0.09779649 0.09375510 0.10285589 0.11608341 0.12948056
0.07928071 0.06934883 0.07737858 0.07246098 0.09051079 0.08995256 0.09326914 0.11166584 0.11897045 0.12691501
0.08071289 0.07560245 0.08285015 0.07041315 0.09492973 0.08888145 0.09602092 0.11680710 0.12054921 0.13963996
0.08765565 0.07532738 0.07610320 0.06987512 0.09980485 0.09633706 0.09879440 0.10640852 0.11744444 0.13683937
0.08765565 0.07532738 0.07610320 0.06987512 0.09980485 0.09633706 0.09879440 0.10640852 0.11744444 0.13683937
0.08765565 0.07532738 0.07610320 0.06987512 0.09980485 0.09633706 0.09879440 0.10640852 0.11744444 0.13683937
0.08765565 0.07532738 0.07610320 0.06987512 0.09980485 0.09633706 0.09879440 0.10640852 0.11744444 0.13683937
0.08765565 0.07532738 0.07610320 0.06987512 0.09980485 0.09633706 0.09879440 0.10640852 0.11744444 0.13683937
0.08765565 0.07532738 0.07610320 0.06987512 0.09980485 0.09633706 0.09879440 0.10640852 0.11744444 0.13683937
0.08503442 0.06468472 0.07433611 0.06907487 0.09724026 0.09666803 0.09902441 0.12373326 0.11640989 0.12822750
0.08503442 0.06468472 0.07433611 0.06907487 0.09724026 0.09666803 0.09902441 0.12373326 0.11640989 0.12822750
0.08843285 0.07131159 0.07708473 0.06923690 0.09605145 0.09072867 0.09462761 0.10847855 0.12939160 0.13722284
0.07355717 0.06752524 0.07760116 0.06975032 0.09945806 0.09480388 0.09218138 0.10793497 0.11959938 0.13966383
0.07355717 0.06752524 0.07760116 0.06975032 0.09945806 0.09480388 0.09218138 0.10793497 0.11959938 0.13966383
0.06729167 0.06951768 0.07805473 0.07335608 0.10711716 0.10304811 0.09324681 0.10925231 0.11600502 0.13471287
0.06729167 0.06951768 0.07805473 0.07335608 0.10711716 0.10304811 0.09324681 0.10925231 0.11600502 0.13471287
0.07284089 0.07041024 0.07262557 0.07103080 0.09037300 0.09502790 0.10421844 0.11946890 0.11359372 0.13710419
0.06695677 0.06999108 0.07258190 0.07072341 0.09550134 0.09624809 0.10156019 0.11801801 0.10743686 0.14512284
0.08430926 0.07021338 0.07834968 0.06987123 0.09231937 0.10270400 0.09658237 0.11481976 0.11664050 0.14094933
0.08430926 0.07021338 0.07834968 0.06987123 0.09231937 0.10270400 0.09658237 0.11481976 0.11664050 0.14094933
0.07730750 0.06714557 0.08296090 0.06938742 0.09316480 0.09899711 0.09284624 0.11341035 0.10835504 0.13364714
0.07730750 0.06714557 0.08296090 0.06938742 0.09316480 0.09899711 0.09284624 0.11341035 0.10835504 0.13364714
0.07730750 0.06714557 0.08296090 0.06938742 0.09316480 0.09899711 0.09284624 0.11341035 0.10835504 0.13364714
0.07730750 0.06714557 0.08296090 0.06938742 0.09316480 0.09899711 0.09284624 0.11341035 0.10835504 0.13364714
0.08749704 0.07176155 0.07429040 0.07103272 0.09334040 0.09377278 0.09348744 0.10212591 0.12247417 0.14288271
0.09531895 0.08841081 0.07476220 0.07873379 0.09165689 0.10040359 0.09558464 0.11030762 0.11405755 0.14163197
0.08505025 0.07911169 0.07701554 0.06726315 0.10844295 0.09499647 0.09381388 0.10383326 0.11730251 0.13836011
0.07993507 0.07657376 0.07101152 0.07336739 0.09104102 0.08464045 0.09597337 0.10532229 0.13215885 0.13895847
0.07993507 0.07657376 0.07101152 0.07336739 0.09104102 0.08464045 0.09597337 0.10532229 0.13215885 0.13895847
0.08593073 0.07547665 0.07156913 0.08256221 0.08577448 0.08683910 0.10583924 0.10975120 0.13560646 0.15496208
0.08593073 0.07547665 0.07156913 0.08256221 0.08577448 0.08683910 0.10583924 0.10975120 0.13560646 0.15496208
0.08483733 0.08340147 0.06936555 0.08724416 0.08486384 0.08546649 0.10520783 0.11151812 0.13090321 0.15071276
0.08483733 0.08340147 0.06936555 0.08724416 0.08486384 0.08546649 0.10520783 0.11151812 0.13090321 0.15071276
0.08529411 0.07102440 0.07546080 0.06758525 0.09936690 0.08309588 0.09875855 0.11241580 0.12003915 0.14452607
0.09754078 0.08038017 0.07531843 0.07405865 0.08690978 0.09124854 0.09751697 0.12439860 0.13524032 0.14816810
0.09754078 0.08038017 0.07531843 0.07405865 0.08690978 0.09124854 0.09751697 0.12439860 0.13524032 0.14816810
0.11287531 0.08660150 0.07050356 0.07902365 0.08120020 0.08984788 0.10376806 0.12667124 0.14716757 0.15847896
0.13457481 0.09186173 0.07192652 0.07404913 0.07964173 0.08562700 0.11373334 0.12092409 0.16701002 0.16741029
0.07205376 0.06613971 0.07417536 0.06979841 0.09844507 0.08830767 0.09834108 0.11710731 0.12986011 0.13187865
0.07356640 0.05907055 0.07152524 0.07181988 0.10110207 0.08969663 0.09451834 0.12021398 0.13481694 0.12393957
0.09266569 0.07308068 0.07282626 0.06773479 0.09559073 0.09326602 0.09448471 0.11834720 0.13593919 0.14733305
0.09266569 0.07308068 0.07282626 0.06773479 0.09559073 0.09326602 0.09448471 0.11834720 0.13593919 0.14733305
0.09266569 0.07308068 0.07282626 0.06773479 0.09559073 0.09326602 0.09448471 0.11834720 0.13593919 0.14733305
0.09430381 0.06266085 0.07064308 0.06590806 0.08679813 0.08487945 0.09908587 0.11848606 0.13937702 0.12288925
0.08320277 0.06519821 0.07131521 0.06581565 0.08271007 0.08556672 0.11015271 0.11309604 0.14402252 0.11924756
0.08320277 0.06519821 0.07131521 0.06581565 0.08271007 0.08556672 0.11015271 0.11309604 0.14402252 0.11924756
0.08320277 0.06519821 0.07131521 0.06581565 0.08271007 0.08556672 0.11015271 0.11309604 0.14402252 0.11924756
0.08509880 0.06437916 0.07425027 0.06661075 0.09647036 0.08855764 0.09815585 0.10800640 0.12435058 0.13383551
0.09074700 0.06599916 0.07638293 0.06614760 0.08907663 0.08392178 0.09016497 0.12836893 0.13242739 0.12941685
0.09074700 0.06599916 0.07638293 0.06614760 0.08907663 0.08392178 0.09016497 0.12836893 0.13242739 0.12941685
0.09074700 0.06599916 0.07638293 0.06614760 0.08907663 0.08392178 0.09016497 0.12836893 0.13242739 0.12941685
0.08679404 0.06571508 0.07428469 0.06960696 0.08581133 0.08261134 0.08955376 0.12262062 0.12451713 0.12681961
0.08492800 0.06454147 0.07787726 0.07372396 0.08596122 0.08370787 0.09034188 0.12574835 0.12273757 0.12875048
0.08492800 0.06454147 0.07787726 0.07372396 0.08596122 0.08370787 0.09034188 0.12574835 0.12273757 0.12875048
0.07756737 0.06153282 0.07767138 0.06704001 0.10073873 0.08793066 0.09294083 0.11617894 0.12468425 0.13409992
0.08875390 0.06451403 0.07982396 0.06671377 0.08771798 0.08805635 0.09324919 0.13012352 0.12291950 0.13586556
0.08875390 0.06451403 0.07982396 0.06671377 0.08771798 0.08805635 0.09324919 0.13012352 0.12291950 0.13586556
