2414.54980 0.00000
3519.31300 0.00000
3991.46130 0.00000
3409.54430 0.00000
4677.46050 0.00000
5146.46810 0.00000
5647.53580 0.00000
6166.47790 0.00000
6200.31040 0.00000
5855.42840 0.00000
7266.01910 0.00000
8089.28280 0.00000
8324.21820 0.00000
8718.05720 0.00000
8330.40920 0.00000
8124.60290 0.00000
8638.78210 0.00000
8658.48060 0.00000
8645.73130 0.00000
8701.71940 0.00000
8444.26250 0.00000
10031.68780 0.00000
9445.61270 0.00000
10572.12930 0.00000
10795.81110 0.00000
10972.89050 0.00000
10156.24830 0.00000
9671.33380 0.00000
10244.59870 0.00000
10926.14060 0.00000
11311.27140 0.00000
11046.38600 0.00000
10813.00460 0.00000
11271.84440 0.00000
11931.01680 0.00000
11381.52710 0.00000
12386.40590 0.00000
11452.33790 0.00000
11436.90070 0.00000
12211.79720 0.00000
13159.11870 0.00000
13802.34420 0.00000
13263.28620 0.00000
12911.40060 0.00000
14358.43710 0.00000
14201.97590 0.00000
14140.90880 0.00000
14505.27550 0.00000
13917.32520 0.00000
14767.62490 0.00000
13382.87110 0.00000
15430.56650 0.00000
16088.42880 0.00000
15578.43200 0.00000
16210.89890 0.00000
17045.24170 0.00000
17097.73480 0.00000
17125.84510 0.00000
17638.37960 0.00000
18153.40640 0.00000
19046.12590 0.00000
19455.44020 0.00000
20221.03270 0.00000
20228.48650 0.00000
20573.22000 0.00000
20701.28210 0.00000
20715.97780 0.00000
21024.53370 0.00000
20879.95560 0.00000
21147.71750 0.00000
21626.64630 0.00000
21742.22010 0.00000
21009.47390 0.00000
21499.75960 0.00000
21473.27980 0.00000
21255.91470 0.00000
19788.42020 0.00000
21356.22020 0.00000
21820.15370 0.00000
22987.70240 0.00000
22055.91130 0.00000
22694.49070 0.00000
23404.72920 0.00000
22804.97170 0.00000
23279.94800 0.00000
23131.89220 0.00000
23314.91460 0.00000
23343.91440 0.00000
22144.85680 0.00000
22720.45350 0.00000
23014.34460 0.00000
23063.43080 0.00000
23123.19150 0.00000
24077.66050 0.00000
24301.14730 0.00000
24320.80310 0.00000
23403.32210 0.00000
24648.60710 0.00000
24191.02690 0.00000
25024.04460 0.00000
25921.50280 0.00000
24974.88870 0.00000
26839.30870 0.00000
26231.76610 0.00000
26475.50430 0.00000
26715.31460 0.00000
26483.24250 0.00000
27459.14660 0.00000
26923.27110 0.00000
27354.10000 0.00000
27833.38150 0.00000
26456.87350 0.00000
27988.93660 0.00000
27854.51940 0.00000
27628.99460 0.00000
27787.49620 0.00000
27903.40380 0.00000
27152.31430 0.00000
27412.59200 0.00000
27784.24480 0.00000
27436.02380 0.00000
28357.78590 0.00000
28165.57000 0.00000
28309.14020 0.00000
29236.73730 0.00000
29405.72560 0.00000
30028.57950 0.00000
29885.34720 0.00000
29533.23690 0.00000
29935.81750 0.00000
29852.08140 0.00000
30246.43000 0.00000
29499.33730 0.00000
29525.54780 0.00000
31363.36310 0.00000
31442.06550 0.00000
32640.20350 0.00000
31331.22050 0.00000
32075.82050 0.00000
32636.05510 0.00000
32288.15010 0.00000
31966.01400 0.00000
32907.78710 0.00000
33705.83370 0.00000
35776.07470 0.00000
36125.06310 0.00000
36742.02270 0.00000
35968.88990 0.00000
36585.22350 0.00000
36333.22540 0.00000
35238.63810 0.00000
36540.24910 0.00000
37040.39580 0.00000
38016.24790 0.00000
36958.02030 0.00000
37830.06510 0.00000
38252.95530 0.00000
38071.88740 0.00000
38654.74300 0.00000
38663.68090 0.00000
38112.51800 0.00000
39134.84010 0.00000
39763.52120 0.00000
39399.77340 0.00000
40291.08650 0.00000
39596.86570 0.00000
40015.05050 0.00000
40806.71350 0.00000
40991.25220 0.00000
41277.21490 0.00000
41206.24590 0.00000
41090.01080 0.00000
41973.84140 0.00000
42609.98530 0.00000
41951.32090 0.00000
43475.98470 0.00000
42164.23820 0.00000
43613.34790 0.00000
43184.71030 0.00000
43749.21070 0.00000
43970.04770 0.00000
44070.86260 0.00000
43653.93460 0.00000
43617.62310 0.00000
43694.42080 0.00000
44755.21550 0.00000
45706.35120 0.00000
45216.94220 0.00000
45763.02250 0.00000
46015.88520 0.00000
45904.75510 0.00000
47086.84420 0.00000
47770.87840 0.00000
47320.63440 0.00000
47723.05680 0.00000
48703.74980 0.00000
48041.07730 0.00000
48884.01590 0.00000
48838.43790 0.00000
48823.30870 0.00000
49309.46200 0.00000
49524.98230 0.00000
48675.11380 0.00000
48922.99010 0.00000
49911.11370 0.00000
50694.70950 0.00000
51266.76100 0.00000
51754.11760 0.00000
51804.52920 0.00000
51846.78360 0.00000
51324.31320 0.00000
51327.06330 0.00000
52073.55940 0.00000
52771.29510 0.00000
53287.20070 0.00000
51873.95190 0.00000
52475.38260 0.00000
53012.01910 0.00000
52485.28080 0.00000
53518.81400 0.00000
54475.21840 0.00000
54100.56020 0.00000
54728.15340 0.00000
53542.44470 0.00000
54577.81760 0.00000
55758.54700 0.00000
55599.09230 0.00000
56786.94610 0.00000
57398.39710 0.00000
57339.90580 0.00000
57654.12560 0.00000
58183.89880 0.00000
57524.99900 0.00000
59025.86510 0.00000
57930.90130 0.00000
60087.38000 0.00000
60242.10720 0.00000
60628.76330 0.00000
60620.13300 0.00000
61046.98670 0.00000
61398.17560 0.00000
63301.92310 0.00000
63586.59260 0.00000
64213.12810 0.00000
63506.10100 0.00000
64247.16950 0.00000
65145.94230 0.00000
65245.72910 0.00000
64415.46310 0.00000
65779.61660 0.00000
65788.94600 0.00000
65814.42880 0.00000
65846.01580 0.00000
66745.48530 0.00000
66944.52190 0.00000
66943.90050 0.00000
67768.94000 0.00000
69750.74260 0.00000
69377.74640 0.00000
69907.80290 0.00000
69583.02080 0.00000
69325.13660 0.00000
71123.93370 0.00000
70087.71960 0.00000
71537.73730 0.00000
71778.11150 0.00000
71833.49790 0.00000
72315.31160 0.00000
72196.45150 0.00000
72708.56550 0.00000
71791.04630 0.00000
71897.11810 0.00000
71977.23180 0.00000
74068.27780 0.00000
74351.76180 0.00000
74510.98900 0.00000
75227.38780 0.00000
75336.62900 0.00000
75387.56640 0.00000
75452.20200 0.00000
75494.27790 0.00000
75213.73550 0.00000
75547.73590 0.00000
76205.61210 0.00000
76977.85470 0.00000
77220.48540 0.00000
76540.91880 0.00000
77968.32620 0.00000
78022.04740 0.00000
78100.86760 0.00000
77752.34760 0.00000
78333.62360 0.00000
79463.66820 0.00000
79422.84550 0.00000
79396.13700 0.00000
78978.24250 0.00000
80226.18600 0.00000
80287.10440 0.00000
80084.31030 0.00000
80440.03910 0.00000
80513.12560 0.00000
79678.35960 0.00000
80701.92100 0.00000
80126.09430 0.00000
80346.67280 0.00000
80825.88670 0.00000
80031.88790 0.00000
80113.86850 0.00000
80732.77670 0.00000
81684.38980 0.00000
81139.44320 0.00000
82561.14680 0.00000
82486.11650 0.00000
82892.25940 0.00000
82651.53860 0.00000
82746.37070 0.00000
82542.08370 0.00000
82225.78110 0.00000
83273.66340 0.00000
82913.26940 0.00000
84175.34920 0.00000
84580.09820 0.00000
84503.74850 0.00000
85389.05930 0.00000
86298.34150 0.00000
85603.14980 0.00000
86378.94640 0.00000
86205.47530 0.00000
86939.73810 0.00000
88349.53660 0.00000
88305.22330 0.00000
88571.99010 0.00000
89106.04570 0.00000
88747.37560 0.00000
89283.38250 0.00000
89837.06120 0.00000
90833.18220 0.00000
91496.11780 0.00000
91319.22920 0.00000
92231.34260 0.00000
91369.73010 0.00000
91293.42930 0.00000
92623.29510 0.00000
92662.50660 0.00000
92554.79890 0.00000
92208.55180 0.00000
92967.95080 0.00000
92712.65470 0.00000
92812.97860 0.00000
91751.66470 0.00000
93544.65520 0.00000
93434.54000 0.00000
93854.53180 0.00000
93251.83730 0.00000
94113.35190 0.00000
93807.14970 0.00000
93829.37200 0.00000
93933.93440 0.00000
92962.95280 0.00000
93592.87540 0.00000
93810.88350 0.00000
93794.06810 0.00000
94421.15080 0.00000
94066.23950 0.00000
93784.53700 0.00000
94574.71810 0.00000
95535.26780 0.00000
95628.60880 0.00000
95655.48470 0.00000
95526.04820 0.00000
95502.56380 0.00000
95178.22590 0.00000
95830.70550 0.00000
95941.95750 0.00000
95741.42090 0.00000
95407.61860 0.00000
95566.62270 0.00000
96115.33020 0.00000
95989.40890 0.00000
95566.92410 0.00000
97115.50260 0.00000
97452.51040 0.00000
96921.13920 0.00000
98255.93040 0.00000
98466.80760 0.00000
98350.82760 0.00000
98060.00970 0.00000
98161.28140 0.00000
99179.03510 0.00000
97682.42600 0.00000
98990.60350 0.00000
98582.08010 0.00000
98153.65420 0.00000
98899.40030 0.00000
98919.88170 0.00000
99281.97930 0.00000
99185.32070 0.00000
98192.63430 0.00000
99462.47770 0.00000
100035.11340 0.00000
97556.19810 0.00000
99821.39150 0.00000
100206.12660 0.00000
100100.10770 0.00000
100678.65020 0.00000
100961.32490 0.00000
101524.16000 0.00000
101613.15370 0.00000
101357.55640 0.00000
100435.92810 0.00000
101599.23220 0.00000
101327.76530 0.00000
101553.78620 0.00000
101478.88460 0.00000
101683.00570 0.00000
102927.08980 0.00000
102790.26450 0.00000
102558.19490 0.00000
102363.81750 0.00000
103646.89800 0.00000
104381.28750 0.00000
102611.18240 0.00000
103892.44170 0.00000
103406.82520 0.00000
103902.20770 0.00000
103781.50110 0.00000
103571.45300 0.00000
104440.29080 0.00000
104527.28600 0.00000
105423.91370 0.00000
105707.71080 0.00000
105930.25150 0.00000
106045.45630 0.00000
105854.00660 0.00000
106108.13030 0.00000
106633.57910 0.00000
107290.45030 0.00000
106710.25950 0.00000
106982.08010 0.00000
106580.00130 0.00000
107756.76770 0.00000
106807.86200 0.00000
108047.21380 0.00000
108235.96720 0.00000
108485.32220 0.00000
108870.48690 0.00000
108643.16040 0.00000
108565.46590 0.00000
108502.33360 0.00000
108591.54700 0.00000
108218.78220 0.00000
109152.35280 0.00000
108790.68730 0.00000
109272.11770 0.00000
110472.68920 0.00000
109575.66060 0.00000
111951.48890 0.00000
111490.01870 0.00000
112310.12600 0.00000
113570.07030 0.00000
113928.49730 0.00000
113358.79740 0.00000
113944.50930 0.00000
112827.82420 0.00000
113725.07560 0.00000
113933.46880 0.00000
114201.29910 0.00000
114470.75680 0.00000
114632.25170 0.00000
114966.13070 0.00000
114601.23300 0.00000
115104.24730 0.00000
114677.63840 0.00000
115553.11650 0.00000
114233.24160 0.00000
116453.68750 0.00000
116570.18300 0.00000
116337.08270 0.00000
116661.70730 0.00000
116682.35430 0.00000
117081.13450 0.00000
117829.65420 0.00000
117989.28480 0.00000
117518.79130 0.00000
117033.20540 0.00000
118591.34890 0.00000
118742.96280 0.00000
118268.68800 0.00000
118258.56700 0.00000
119409.10600 0.00000
120083.25260 0.00000
119227.33560 0.00000
119445.15540 0.00000
120273.27690 0.00000
120346.36170 0.00000
119247.40610 0.00000
121210.18260 0.00000
121473.27760 0.00000
120575.26330 0.00000
2249.46650 0.00000
3252.19770 0.00000
3677.66380 0.00000
3150.65310 0.00000
4299.03200 0.00000
4723.79420 0.00000
5177.61010 0.00000
5647.59360 0.00000
5678.29840 0.00000
5365.91390 0.00000
6643.47530 0.00000
7389.10020 0.00000
7601.85440 0.00000
7958.57860 0.00000
7607.48340 0.00000
7421.02760 0.00000
7886.74920 0.00000
7904.60380 0.00000
7893.08200 0.00000
7943.77580 0.00000
7710.61830 0.00000
9148.37040 0.00000
8617.49310 0.00000
9637.85960 0.00000
9840.46230 0.00000
10000.81330 0.00000
9261.15510 0.00000
8821.95630 0.00000
9341.17880 0.00000
9958.48040 0.00000
10307.29880 0.00000
10067.38630 0.00000
9855.99240 0.00000
10271.58710 0.00000
10868.63250 0.00000
10370.94670 0.00000
11281.08870 0.00000
10435.08230 0.00000
10421.10050 0.00000
11122.93760 0.00000
11980.95320 0.00000
12563.54380 0.00000
12075.30620 0.00000
11756.59280 0.00000
13067.21250 0.00000
12925.50450 0.00000
12870.19270 0.00000
13200.20830 0.00000
12667.69000 0.00000
13437.82320 0.00000
12183.62220 0.00000
14038.26580 0.00000
14634.10790 0.00000
14172.19430 0.00000
14745.03040 0.00000
15500.71370 0.00000
15548.25800 0.00000
15573.71680 0.00000
16037.93330 0.00000
16504.40400 0.00000
17312.96100 0.00000
17683.68670 0.00000
18377.10230 0.00000
18383.85350 0.00000
18696.08620 0.00000
18812.07500 0.00000
18825.38540 0.00000
19104.85190 0.00000
18973.90390 0.00000
19216.42280 0.00000
19650.20020 0.00000
19754.87830 0.00000
19091.21190 0.00000
19535.27540 0.00000
19511.29190 0.00000
19314.42010 0.00000
17985.27430 0.00000
19405.26830 0.00000
19825.46460 0.00000
20882.94060 0.00000
20038.99510 0.00000
20617.37180 0.00000
21260.65190 0.00000
20717.43710 0.00000
21147.63450 0.00000
21013.53670 0.00000
21179.30440 0.00000
21205.57030 0.00000
20119.55520 0.00000
20640.88700 0.00000
20907.07120 0.00000
20951.52960 0.00000
21005.65630 0.00000
21870.14160 0.00000
22072.55900 0.00000
22090.36170 0.00000
21259.37730 0.00000
22387.26160 0.00000
21972.82030 0.00000
22727.30420 0.00000
23540.15340 0.00000
22682.78270 0.00000
24371.43200 0.00000
23821.16640 0.00000
24041.92580 0.00000
24259.12760 0.00000
24048.93460 0.00000
24932.83400 0.00000
24447.47880 0.00000
24837.69080 0.00000
25271.78730 0.00000
24025.05150 0.00000
25412.67740 0.00000
25290.93250 0.00000
25086.66930 0.00000
25230.22800 0.00000
25335.20830 0.00000
24654.92870 0.00000
24890.66830 0.00000
25227.28310 0.00000
24911.89110 0.00000
25746.75290 0.00000
25572.65830 0.00000
25702.69330 0.00000
26542.83990 0.00000
26695.89670 0.00000
27260.03010 0.00000
27130.30120 0.00000
26811.38660 0.00000
27176.01340 0.00000
27100.17170 0.00000
27457.34250 0.00000
26780.68300 0.00000
26804.42240 0.00000
28468.97530 0.00000
28540.25790 0.00000
29625.43980 0.00000
28439.86290 0.00000
29114.26480 0.00000
29621.68250 0.00000
29306.57670 0.00000
29014.81040 0.00000
29867.79660 0.00000
30590.60630 0.00000
32465.67260 0.00000
32781.75960 0.00000
33340.55450 0.00000
32640.30990 0.00000
33198.53780 0.00000
32970.29720 0.00000
31978.90350 0.00000
33157.80340 0.00000
33610.79810 0.00000
34494.65040 0.00000
33536.18870 0.00000
34326.02030 0.00000
34709.04190 0.00000
34545.04440 0.00000
35072.95050 0.00000
35081.04590 0.00000
34581.84460 0.00000
35507.78590 0.00000
36077.19720 0.00000
35747.74230 0.00000
36555.02560 0.00000
35926.25340 0.00000
36305.01330 0.00000
37022.04120 0.00000
37189.18220 0.00000
37448.18540 0.00000
37383.90710 0.00000
37278.63020 0.00000
38079.13650 0.00000
38655.30710 0.00000
38058.73920 0.00000
39439.66320 0.00000
38251.58340 0.00000
39564.07640 0.00000
39175.84920 0.00000
39687.13050 0.00000
39887.14780 0.00000
39978.45830 0.00000
39600.83670 0.00000
39567.94860 0.00000
39637.50600 0.00000
40598.29290 0.00000
41459.75890 0.00000
41016.48960 0.00000
41511.08750 0.00000
41740.11120 0.00000
41639.45800 0.00000
42710.10420 0.00000
43329.65010 0.00000
42921.85340 0.00000
43286.33690 0.00000
44174.57390 0.00000
43574.37560 0.00000
44337.84510 0.00000
44296.56410 0.00000
44282.86120 0.00000
44723.18170 0.00000
44918.38360 0.00000
44148.63750 0.00000
44373.14490 0.00000
45268.11190 0.00000
45977.83310 0.00000
46495.95370 0.00000
46937.36420 0.00000
46983.02310 0.00000
47021.29390 0.00000
46548.08010 0.00000
46550.57090 0.00000
47226.69010 0.00000
47858.64580 0.00000
48325.91380 0.00000
47045.90090 0.00000
47590.63090 0.00000
48076.67530 0.00000
47599.59600 0.00000
48535.69140 0.00000
49401.92950 0.00000
49062.59280 0.00000
49631.01870 0.00000
48557.09430 0.00000
49494.85600 0.00000
50564.27060 0.00000
50419.84870 0.00000
51495.71600 0.00000
52049.52170 0.00000
51996.54470 0.00000
52281.14100 0.00000
52760.96910 0.00000
52164.18800 0.00000
53523.55790 0.00000
52531.82330 0.00000
54484.99710 0.00000
54625.13720 0.00000
54975.34080 0.00000
54967.52400 0.00000
55354.13550 0.00000
55672.21570 0.00000
57396.48480 0.00000
57654.31670 0.00000
58221.78480 0.00000
57581.41360 0.00000
58252.61680 0.00000
59066.65670 0.00000
59157.03590 0.00000
58405.04430 0.00000
59640.59050 0.00000
59649.04030 0.00000
59672.12070 0.00000
59700.72980 0.00000
60515.40060 0.00000
60695.67270 0.00000
60695.10990 0.00000
61442.93050 0.00000
63237.89600 0.00000
62900.06450 0.00000
63380.14930 0.00000
63085.98640 0.00000
62852.41460 0.00000
64481.62770 0.00000
63543.10410 0.00000
64856.41940 0.00000
65074.13200 0.00000
65124.29680 0.00000
65560.68690 0.00000
65453.03250 0.00000
65916.86630 0.00000
65085.84730 0.00000
65181.91910 0.00000
65254.48000 0.00000
67148.38990 0.00000
67405.14800 0.00000
67549.36390 0.00000
68198.22320 0.00000
68297.16550 0.00000
68343.30070 0.00000
68401.84270 0.00000
68439.95190 0.00000
68185.85800 0.00000
68488.37000 0.00000
69084.22410 0.00000
69783.66250 0.00000
70003.41890 0.00000
69387.91930 0.00000
70680.75600 0.00000
70729.41250 0.00000
70800.80190 0.00000
70485.13900 0.00000
71011.61440 0.00000
72035.12260 0.00000
71998.14850 0.00000
71973.95800 0.00000
71595.46100 0.00000
72725.75300 0.00000
72780.92820 0.00000
72597.25280 0.00000
72919.44480 0.00000
80582.68090 0.00000
79747.91490 0.00000
80771.47630 0.00000
80195.64950 0.00000
80416.22810 0.00000
80895.44200 0.00000
80101.44310 0.00000
80183.42380 0.00000
80802.33200 0.00000
81753.94510 0.00000
81208.99850 0.00000
82630.70200 0.00000
82555.67170 0.00000
82961.81470 0.00000
82721.09390 0.00000
82815.92600 0.00000
82611.63900 0.00000
82295.33640 0.00000
83343.21870 0.00000
82982.82470 0.00000
84244.90450 0.00000
84649.65350 0.00000
84573.30380 0.00000
85458.61460 0.00000
86367.89680 0.00000
85672.70510 0.00000
86448.50170 0.00000
86275.03060 0.00000
87009.29340 0.00000
88419.09190 0.00000
88374.77860 0.00000
88641.54540 0.00000
89175.60100 0.00000
88816.93080 0.00000
89352.93780 0.00000
89906.61650 0.00000
90902.73750 0.00000
91565.67310 0.00000
91388.78450 0.00000
92300.89790 0.00000
91439.28540 0.00000
91362.98460 0.00000
92692.85030 0.00000
92732.06190 0.00000
92624.35420 0.00000
92278.10710 0.00000
93037.50610 0.00000
92782.21000 0.00000
92882.53390 0.00000
91821.22000 0.00000
93614.21050 0.00000
93504.09520 0.00000
93924.08710 0.00000
93321.39250 0.00000
94182.90720 0.00000
93876.70500 0.00000
93898.92730 0.00000
94003.48970 0.00000
93032.50810 0.00000
93662.43060 0.00000
93880.43880 0.00000
93863.62330 0.00000
94490.70610 0.00000
94135.79470 0.00000
93854.09220 0.00000
94644.27340 0.00000
95604.82310 0.00000
95698.16410 0.00000
95725.04000 0.00000
95595.60350 0.00000
95572.11910 0.00000
95247.78120 0.00000
95900.26080 0.00000
96011.51280 0.00000
95810.97620 0.00000
95477.17390 0.00000
95636.17800 0.00000
96184.88550 0.00000
96058.96420 0.00000
95636.47930 0.00000
97185.05790 0.00000
97522.06570 0.00000
96990.69450 0.00000
98325.48570 0.00000
98536.36290 0.00000
98420.38280 0.00000
98129.56500 0.00000
98230.83660 0.00000
99248.59040 0.00000
97751.98130 0.00000
99060.15870 0.00000
98651.63540 0.00000
98223.20940 0.00000
98968.95560 0.00000
98989.43690 0.00000
99351.53460 0.00000
99254.87600 0.00000
98262.18960 0.00000
99532.03290 0.00000
100104.66870 0.00000
97625.75340 0.00000
99890.94680 0.00000
100275.68190 0.00000
100169.66300 0.00000
100748.20550 0.00000
101030.88020 0.00000
101593.71520 0.00000
101682.70900 0.00000
101427.11170 0.00000
100505.48340 0.00000
101668.78750 0.00000
101397.32060 0.00000
101623.34140 0.00000
101548.43990 0.00000
101752.56100 0.00000
102996.64500 0.00000
102859.81980 0.00000
102627.75010 0.00000
102433.37280 0.00000
103716.45330 0.00000
104450.84280 0.00000
102680.73770 0.00000
103961.99690 0.00000
103476.38050 0.00000
103971.76300 0.00000
103851.05640 0.00000
103641.00830 0.00000
104509.84610 0.00000
104596.84120 0.00000
105493.46900 0.00000
105777.26600 0.00000
105999.80670 0.00000
106115.01160 0.00000
105923.56190 0.00000
106177.68560 0.00000
106703.13440 0.00000
107360.00560 0.00000
106779.81470 0.00000
107051.63540 0.00000
106649.55660 0.00000
107826.32300 0.00000
106877.41730 0.00000
108116.76900 0.00000
108305.52250 0.00000
108554.87750 0.00000
108940.04220 0.00000
108712.71570 0.00000
108635.02120 0.00000
108571.88890 0.00000
108661.10230 0.00000
108288.33750 0.00000
109221.90810 0.00000
108860.24250 0.00000
109341.67300 0.00000
110542.24450 0.00000
109645.21580 0.00000
112021.04420 0.00000
111559.57400 0.00000
112379.68130 0.00000
113639.62560 0.00000
113998.05260 0.00000
113428.35270 0.00000
114014.06460 0.00000
112897.37940 0.00000
113794.63090 0.00000
114003.02410 0.00000
114270.85440 0.00000
114540.31210 0.00000
114701.80700 0.00000
115035.68590 0.00000
114670.78830 0.00000
115173.80260 0.00000
114747.19370 0.00000
115622.67170 0.00000
114302.79690 0.00000
116523.24280 0.00000
116639.73830 0.00000
116406.63790 0.00000
116731.26260 0.00000
116751.90960 0.00000
117150.68980 0.00000
117899.20950 0.00000
118058.84010 0.00000
117588.34660 0.00000
117102.76070 0.00000
118660.90420 0.00000
118812.51810 0.00000
118338.24330 0.00000
118328.12220 0.00000
119478.66130 0.00000
120152.80780 0.00000
119296.89090 0.00000
119514.71070 0.00000
120342.83220 0.00000
120415.91700 0.00000
119316.96130 0.00000
121279.73780 0.00000
121542.83290 0.00000
120644.81850 0.00000
2138.44260 0.00000
3047.98270 0.00000
3431.95450 0.00000
2954.60740 0.00000
3994.63580 0.00000
4379.35860 0.00000
4790.42600 0.00000
5216.09380 0.00000
5243.91930 0.00000
4961.01590 0.00000
6118.18430 0.00000
6793.51190 0.00000
6986.22210 0.00000
7309.32440 0.00000
6991.34050 0.00000
6822.46960 0.00000
7244.28170 0.00000
7260.44420 0.00000
7249.98580 0.00000
7295.92950 0.00000
7084.74660 0.00000
8386.91910 0.00000
7906.12700 0.00000
8830.25400 0.00000
9013.75160 0.00000
9159.01000 0.00000
8489.09460 0.00000
8091.30100 0.00000
8561.57310 0.00000
9120.67170 0.00000
9436.59840 0.00000
9219.30380 0.00000
9027.84870 0.00000
9404.25470 0.00000
9945.00310 0.00000
9494.24080 0.00000
10318.57250 0.00000
9552.32580 0.00000
9539.66510 0.00000
10175.33330 0.00000
10952.45470 0.00000
11480.11490 0.00000
11037.90690 0.00000
10749.24250 0.00000
11936.29750 0.00000
11807.95020 0.00000
11757.85190 0.00000
12056.75410 0.00000
11574.43990 0.00000
12271.96770 0.00000
11136.00890 0.00000
12815.80200 0.00000
13355.46960 0.00000
12937.10400 0.00000
13455.93500 0.00000
14140.37530 0.00000
14183.43740 0.00000
14206.49660 0.00000
14626.94670 0.00000
15049.43980 0.00000
15781.76930 0.00000
16117.54480 0.00000
16745.58710 0.00000
16751.70300 0.00000
17034.49970 0.00000
17139.55330 0.00000
17151.60870 0.00000
17404.72780 0.00000
17286.12530 0.00000
17505.77990 0.00000
17898.66200 0.00000
17993.47140 0.00000
17392.37370 0.00000
17794.57260 0.00000
17772.85020 0.00000
17594.53800 0.00000
16390.70010 0.00000
17676.82210 0.00000
18057.40320 0.00000
19015.18450 0.00000
18250.80330 0.00000
18774.65270 0.00000
19357.28640 0.00000
18865.28400 0.00000
19254.92390 0.00000
19133.46860 0.00000
19283.60820 0.00000
19307.39780 0.00000
18323.76850 0.00000
18795.95090 0.00000
19037.04020 0.00000
19077.30710 0.00000
19126.33110 0.00000
19909.31570 0.00000
20092.64990 0.00000
20108.77430 0.00000
19356.13180 0.00000
20377.68340 0.00000
20002.31410 0.00000
20685.66800 0.00000
21421.88470 0.00000
20645.34370 0.00000
22174.79330 0.00000
21676.40470 0.00000
21876.35170 0.00000
22073.07660 0.00000
21882.69970 0.00000
22683.26840 0.00000
22243.67070 0.00000
22597.09490 0.00000
22990.26640 0.00000
21861.06820 0.00000
23117.87380 0.00000
23007.60660 0.00000
22822.60060 0.00000
22952.62510 0.00000
23047.70830 0.00000
22431.56290 0.00000
22645.07790 0.00000
22949.95780 0.00000
22664.29980 0.00000
23420.45390 0.00000
23262.77240 0.00000
23380.54810 0.00000
24141.48880 0.00000
24280.11590 0.00000
24791.06500 0.00000
24673.56640 0.00000
24384.71790 0.00000
24714.96900 0.00000
24646.27740 0.00000
24969.77540 0.00000
24356.90890 0.00000
24378.41030 0.00000
25886.03520 0.00000
25950.59750 0.00000
26933.47250 0.00000
25859.66750 0.00000
26470.48920 0.00000
26930.06940 0.00000
26644.67070 0.00000
26380.41100 0.00000
27152.98080 0.00000
27807.64660 0.00000
29505.93850 0.00000
29792.22610 0.00000
30298.33980 0.00000
29664.11170 0.00000
30169.71190 0.00000
29962.98900 0.00000
29065.06030 0.00000
30132.81780 0.00000
30543.10580 0.00000
31343.63180 0.00000
30475.53030 0.00000
31190.89950 0.00000
31537.81120 0.00000
31389.27480 0.00000
31867.41190 0.00000
31874.74400 0.00000
31422.60560 0.00000
32261.25250 0.00000
32776.98190 0.00000
32478.58670 0.00000
33209.76230 0.00000
32640.26840 0.00000
32983.32020 0.00000
33632.74940 0.00000
33784.13300 0.00000
34018.71830 0.00000
33960.49990 0.00000
33865.14820 0.00000
34590.18570 0.00000
35112.03700 0.00000
34571.71130 0.00000
35822.44690 0.00000
34746.37490 0.00000
35935.13090 0.00000
35583.50420 0.00000
36046.58390 0.00000
36227.74430 0.00000
36310.44630 0.00000
35968.42550 0.00000
35938.63800 0.00000
36001.63780 0.00000
36871.84520 0.00000
37652.09540 0.00000
37250.61590 0.00000
37698.58490 0.00000
37906.01710 0.00000
37814.85310 0.00000
38784.56260 0.00000
39345.70010 0.00000
38976.34900 0.00000
39306.47030 0.00000
40110.96750 0.00000
39567.35380 0.00000
40258.84610 0.00000
40221.45690 0.00000
40209.04590 0.00000
40607.85460 0.00000
40784.65360 0.00000
40087.47630 0.00000
40290.81800 0.00000
41101.41080 0.00000
41744.22210 0.00000
42213.49610 0.00000
42613.29210 0.00000
42654.64640 0.00000
42689.30920 0.00000
42260.70830 0.00000
42262.96430 0.00000
42875.34140 0.00000
43447.71870 0.00000
43870.93430 0.00000
42711.59630 0.00000
43204.97120 0.00000
43645.19310 0.00000
43213.09110 0.00000
44060.93490 0.00000
44845.50720 0.00000
44538.16190 0.00000
45052.99870 0.00000
44080.32000 0.00000
44929.67300 0.00000
45898.26710 0.00000
45767.46070 0.00000
46741.89920 0.00000
47243.49410 0.00000
47195.51160 0.00000
47453.27720 0.00000
47887.86890 0.00000
47347.35010 0.00000
48578.56360 0.00000
47680.32610 0.00000
49449.36180 0.00000
49576.29000 0.00000
49893.47770 0.00000
49886.39790 0.00000
50236.56110 0.00000
50524.65380 0.00000
52086.36520 0.00000
52319.88960 0.00000
52833.85880 0.00000
52253.85950 0.00000
52861.78420 0.00000
53599.07930 0.00000
53680.93790 0.00000
52999.84140 0.00000
54118.90470 0.00000
54126.55800 0.00000
54147.46240 0.00000
54173.37430 0.00000
54911.24090 0.00000
55074.51770 0.00000
55074.00800 0.00000
55750.81710 0.00000
57376.55980 0.00000
57070.57780 0.00000
57505.40190 0.00000
57238.97170 0.00000
57027.42010 0.00000
58503.03700 0.00000
57652.99390 0.00000
58842.49470 0.00000
59039.68220 0.00000
59085.11760 0.00000
59480.36640 0.00000
59382.86130 0.00000
59802.96650 0.00000
59050.29300 0.00000
59137.30750 0.00000
59203.02760 0.00000
60918.38660 0.00000
61150.93850 0.00000
61281.55830 0.00000
61869.24550 0.00000
61958.85990 0.00000
62000.64560 0.00000
62053.66850 0.00000
62088.18490 0.00000
61858.04600 0.00000
62132.03840 0.00000
62671.71750 0.00000
63305.21540 0.00000
63504.25400 0.00000
62946.78140 0.00000
64117.73420 0.00000
64161.80350 0.00000
64226.46260 0.00000
63940.55930 0.00000
64417.40050 0.00000
65344.41610 0.00000
65310.92770 0.00000
65289.01790 0.00000
64946.20420 0.00000
65969.93640 0.00000
66019.90990 0.00000
65853.55070 0.00000
66145.36760 0.00000
80705.19280 0.00000
79870.42690 0.00000
80893.98820 0.00000
80318.16150 0.00000
80538.74010 0.00000
81017.95390 0.00000
80223.95510 0.00000
80305.93580 0.00000
80924.84400 0.00000
81876.45700 0.00000
81331.51040 0.00000
82753.21400 0.00000
82678.18370 0.00000
83084.32660 0.00000
82843.60580 0.00000
82938.43800 0.00000
82734.15100 0.00000
82417.84840 0.00000
83465.73070 0.00000
83105.33660 0.00000
84367.41640 0.00000
84772.16550 0.00000
84695.81570 0.00000
85581.12650 0.00000
86490.40880 0.00000
85795.21700 0.00000
86571.01360 0.00000
86397.54250 0.00000
87131.80540 0.00000
88541.60390 0.00000
88497.29050 0.00000
88764.05730 0.00000
89298.11290 0.00000
88939.44280 0.00000
89475.44980 0.00000
90029.12850 0.00000
91025.24940 0.00000
91688.18510 0.00000
91511.29640 0.00000
92423.40990 0.00000
91561.79740 0.00000
91485.49660 0.00000
92815.36230 0.00000
92854.57380 0.00000
92746.86620 0.00000
92400.61900 0.00000
93160.01810 0.00000
92904.72190 0.00000
93005.04590 0.00000
91943.73190 0.00000
93736.72250 0.00000
93626.60720 0.00000
94046.59910 0.00000
93443.90450 0.00000
94305.41920 0.00000
93999.21690 0.00000
94021.43920 0.00000
94126.00160 0.00000
93155.02010 0.00000
93784.94260 0.00000
94002.95070 0.00000
93986.13530 0.00000
94613.21800 0.00000
94258.30670 0.00000
93976.60420 0.00000
94766.78530 0.00000
95727.33500 0.00000
95820.67610 0.00000
95847.55190 0.00000
95718.11540 0.00000
95694.63110 0.00000
95370.29320 0.00000
96022.77270 0.00000
96134.02480 0.00000
95933.48810 0.00000
95599.68590 0.00000
95758.68990 0.00000
96307.39740 0.00000
96181.47610 0.00000
95758.99130 0.00000
97307.56990 0.00000
97644.57760 0.00000
97113.20650 0.00000
98447.99770 0.00000
98658.87490 0.00000
98542.89480 0.00000
98252.07690 0.00000
98353.34860 0.00000
99371.10230 0.00000
97874.49320 0.00000
99182.67070 0.00000
98774.14740 0.00000
98345.72140 0.00000
99091.46750 0.00000
99111.94890 0.00000
99474.04660 0.00000
99377.38800 0.00000
98384.70150 0.00000
99654.54490 0.00000
100227.18060 0.00000
97748.26530 0.00000
100013.45870 0.00000
100398.19380 0.00000
100292.17490 0.00000
100870.71740 0.00000
101153.39210 0.00000
101716.22720 0.00000
101805.22090 0.00000
101549.62360 0.00000
100627.99530 0.00000
101791.29950 0.00000
101519.83250 0.00000
101745.85340 0.00000
101670.95180 0.00000
101875.07300 0.00000
103119.15700 0.00000
102982.33180 0.00000
102750.26210 0.00000
102555.88470 0.00000
103838.96530 0.00000
104573.35470 0.00000
102803.24960 0.00000
104084.50890 0.00000
103598.89240 0.00000
104094.27490 0.00000
103973.56830 0.00000
103763.52020 0.00000
104632.35810 0.00000
104719.35320 0.00000
105615.98090 0.00000
105899.77800 0.00000
106122.31870 0.00000
106237.52350 0.00000
106046.07380 0.00000
106300.19760 0.00000
106825.64640 0.00000
107482.51760 0.00000
106902.32670 0.00000
107174.14730 0.00000
106772.06850 0.00000
107948.83490 0.00000
106999.92930 0.00000
108239.28100 0.00000
108428.03450 0.00000
108677.38950 0.00000
109062.55420 0.00000
108835.22760 0.00000
108757.53310 0.00000
108694.40090 0.00000
108783.61420 0.00000
108410.84940 0.00000
109344.42000 0.00000
108982.75450 0.00000
109464.18490 0.00000
110664.75640 0.00000
109767.72780 0.00000
112143.55620 0.00000
111682.08590 0.00000
112502.19320 0.00000
113762.13760 0.00000
114120.56450 0.00000
113550.86460 0.00000
114136.57650 0.00000
113019.89140 0.00000
113917.14280 0.00000
114125.53610 0.00000
114393.36630 0.00000
114662.82410 0.00000
114824.31900 0.00000
115158.19790 0.00000
114793.30030 0.00000
115296.31450 0.00000
114869.70560 0.00000
115745.18370 0.00000
114425.30880 0.00000
116645.75470 0.00000
116762.25020 0.00000
116529.14990 0.00000
116853.77460 0.00000
116874.42150 0.00000
117273.20170 0.00000
118021.72150 0.00000
118181.35200 0.00000
117710.85860 0.00000
117225.27260 0.00000
118783.41610 0.00000
118935.03000 0.00000
118460.75520 0.00000
118450.63420 0.00000
119601.17330 0.00000
120275.31980 0.00000
119419.40280 0.00000
119637.22260 0.00000
120465.34420 0.00000
120538.42890 0.00000
119439.47330 0.00000
121402.24980 0.00000
121665.34480 0.00000
120767.33050 0.00000
1786.37500 0.00000
2609.30010 0.00000
2958.03440 0.00000
2525.58760 0.00000
3467.75860 0.00000
3816.15940 0.00000
4188.45470 0.00000
4573.91180 0.00000
4599.13350 0.00000
4342.91890 0.00000
5390.91350 0.00000
6002.62890 0.00000
6177.17940 0.00000
6469.80530 0.00000
6181.80660 0.00000
6028.86460 0.00000
6410.89960 0.00000
6425.55220 0.00000
6416.06560 0.00000
6457.66530 0.00000
6266.38950 0.00000
7445.83130 0.00000
7010.35290 0.00000
7847.37880 0.00000
8013.57160 0.00000
8145.15250 0.00000
7538.39750 0.00000
7178.10280 0.00000
7604.02120 0.00000
8110.41700 0.00000
8396.56410 0.00000
8199.75360 0.00000
8026.34780 0.00000
8367.27360 0.00000
8857.02550 0.00000
8448.76130 0.00000
9195.36970 0.00000
8501.37210 0.00000
8489.88980 0.00000
9065.63610 0.00000
9769.49560 0.00000
10247.42860 0.00000
9846.90960 0.00000
9585.45560 0.00000
10660.60430 0.00000
10544.35770 0.00000
10498.98200 0.00000
10769.70560 0.00000
10332.86060 0.00000
10964.62970 0.00000
9935.76390 0.00000
11457.19570 0.00000
11945.98750 0.00000
11567.06280 0.00000
12036.98130 0.00000
12656.89730 0.00000
12695.89960 0.00000
12716.78460 0.00000
13097.59730 0.00000
13480.26020 0.00000
14143.54800 0.00000
14447.66710 0.00000
15016.50010 0.00000
15022.03900 0.00000
15278.17440 0.00000
15373.32370 0.00000
15384.24310 0.00000
15613.49910 0.00000
15506.07800 0.00000
15705.02430 0.00000
16060.86710 0.00000
16146.73820 0.00000
15602.30970 0.00000
15966.59070 0.00000
15946.91610 0.00000
15785.41490 0.00000
14695.07030 0.00000
15859.94110 0.00000
16204.64270 0.00000
17072.12790 0.00000
16379.80980 0.00000
16854.27240 0.00000
17381.97770 0.00000
16936.35940 0.00000
17289.26550 0.00000
17179.26050 0.00000
17315.24550 0.00000
17336.79230 0.00000
16445.89590 0.00000
16873.56270 0.00000
17091.92310 0.00000
17128.39370 0.00000
17172.79590 0.00000
17881.96370 0.00000
18048.01380 0.00000
18062.61800 0.00000
17380.93210 0.00000
18306.17540 0.00000
17966.19460 0.00000
18585.12440 0.00000
19251.93330 0.00000
18548.60170 0.00000
19933.86040 0.00000
19482.45810 0.00000
19663.55490 0.00000
19841.73310 0.00000
19669.30440 0.00000
20394.39830 0.00000
19996.24430 0.00000
20316.34900 0.00000
20672.45370 0.00000
19649.71220 0.00000
20788.03080 0.00000
20688.15910 0.00000
20520.59480 0.00000
20638.36110 0.00000
20724.48010 0.00000
20166.42270 0.00000
20359.80830 0.00000
20635.94530 0.00000
20377.21810 0.00000
21062.08470 0.00000
20919.26880 0.00000
21025.94110 0.00000
21715.14300 0.00000
21840.70090 0.00000
22303.47960 0.00000
22197.05840 0.00000
21935.44140 0.00000
22234.55770 0.00000
22172.34200 0.00000
22465.34180 0.00000
21910.25410 0.00000
21929.72840 0.00000
23295.22000 0.00000
23353.69560 0.00000
24243.90870 0.00000
23271.33810 0.00000
23824.57380 0.00000
24240.82650 0.00000
23979.25180 0.00000
23739.90560 0.00000
24439.64030 0.00000
25032.58670 0.00000
26570.76990 0.00000
26830.06730 0.00000
27288.46640 0.00000
26714.03100 0.00000
27171.96510 0.00000
26984.73130 0.00000
26171.45600 0.00000
27138.54930 0.00000
27510.15680 0.00000
28235.21210 0.00000
27448.95210 0.00000
28096.87880 0.00000
28411.08500 0.00000
28276.55210 0.00000
28709.61220 0.00000
28716.25300 0.00000
28306.74060 0.00000
29066.32290 0.00000
29533.43120 0.00000
29263.16770 0.00000
29925.41070 0.00000
29409.60660 0.00000
29720.31680 0.00000
30308.52010 0.00000
30445.63180 0.00000
30658.10130 0.00000
30605.37150 0.00000
30519.00920 0.00000
31175.69280 0.00000
31648.34590 0.00000
31158.96010 0.00000
32291.78100 0.00000
31317.15710 0.00000
32393.84150 0.00000
32075.36500 0.00000
32494.78710 0.00000
32658.86840 0.00000
32733.77360 0.00000
32423.99720 0.00000
32397.01800 0.00000
32454.07840 0.00000
33242.24590 0.00000
33948.93690 0.00000
33585.30740 0.00000
33991.04350 0.00000
34178.91980 0.00000
34096.35040 0.00000
34974.63930 0.00000
35482.87480 0.00000
35148.34470 0.00000
35447.34340 0.00000
36175.99560 0.00000
35683.63170 0.00000
36309.93270 0.00000
36276.06840 0.00000
36264.82750 0.00000
36626.03800 0.00000
36786.16900 0.00000
36154.71900 0.00000
36338.89040 0.00000
37073.06350 0.00000
37655.27290 0.00000
38080.30550 0.00000
38442.41010 0.00000
38479.86580 0.00000
38511.26070 0.00000
38123.06670 0.00000
38125.11000 0.00000
38679.75440 0.00000
39198.17000 0.00000
39581.48650 0.00000
38531.44660 0.00000
38978.30790 0.00000
39377.02740 0.00000
38985.66230 0.00000
39753.57450 0.00000
40464.18020 0.00000
40185.81030 0.00000
40652.11020 0.00000
39771.13200 0.00000
40540.41120 0.00000
41417.68970 0.00000
41299.21530 0.00000
42181.78730 0.00000
42636.09370 0.00000
42592.63480 0.00000
42826.09920 0.00000
43219.71920 0.00000
42730.15850 0.00000
43845.29780 0.00000
43031.74280 0.00000
44634.00030 0.00000
44748.96210 0.00000
45036.24650 0.00000
45029.83420 0.00000
45346.98530 0.00000
45607.91770 0.00000
47022.39660 0.00000
47233.90520 0.00000
47699.41930 0.00000
47174.10020 0.00000
47724.71200 0.00000
48392.49760 0.00000
48466.63890 0.00000
47849.75360 0.00000
48863.31580 0.00000
48870.24750 0.00000
48889.18120 0.00000
48912.65020 0.00000
49580.95350 0.00000
49728.83710 0.00000
49728.37540 0.00000
50341.37740 0.00000
51813.85110 0.00000
51536.71590 0.00000
51930.54650 0.00000
51689.23430 0.00000
51497.62700 0.00000
52834.12820 0.00000
52064.22400 0.00000
53141.58310 0.00000
53320.18040 0.00000
53361.33230 0.00000
53719.31850 0.00000
53631.00580 0.00000
54011.50510 0.00000
53329.79090 0.00000
53408.60190 0.00000
53468.12620 0.00000
55021.76740 0.00000
55232.39520 0.00000
55350.70060 0.00000
55882.98290 0.00000
55964.14870 0.00000
56001.99500 0.00000
56050.01910 0.00000
56081.28140 0.00000
55872.83920 0.00000
56121.00060 0.00000
56609.80070 0.00000
57183.57470 0.00000
57363.84870 0.00000
56858.93260 0.00000
57919.49220 0.00000
57959.40690 0.00000
58017.97010 0.00000
57759.02080 0.00000
58190.90710 0.00000
59030.52710 0.00000
59000.19590 0.00000
58980.35160 0.00000
58669.85710 0.00000
59597.07560 0.00000
59642.33780 0.00000
59491.66240 0.00000
59755.96780 0.00000
80498.65510 0.00000
79663.88920 0.00000
80687.45060 0.00000
80111.62380 0.00000
80332.20240 0.00000
80811.41630 0.00000
80017.41740 0.00000
80099.39810 0.00000
80718.30630 0.00000
81669.91930 0.00000
81124.97280 0.00000
82546.67630 0.00000
82471.64600 0.00000
82877.78900 0.00000
82637.06810 0.00000
82731.90030 0.00000
82527.61330 0.00000
82211.31070 0.00000
83259.19300 0.00000
82898.79900 0.00000
84160.87880 0.00000
84565.62780 0.00000
84489.27800 0.00000
85374.58880 0.00000
86283.87110 0.00000
85588.67930 0.00000
86364.47590 0.00000
86191.00480 0.00000
86925.26770 0.00000
88335.06620 0.00000
88290.75280 0.00000
88557.51970 0.00000
89091.57520 0.00000
88732.90510 0.00000
89268.91210 0.00000
89822.59080 0.00000
90818.71180 0.00000
91481.64740 0.00000
91304.75880 0.00000
92216.87220 0.00000
91355.25970 0.00000
91278.95890 0.00000
92608.82460 0.00000
92648.03620 0.00000
92540.32850 0.00000
92194.08140 0.00000
92953.48040 0.00000
92698.18420 0.00000
92798.50820 0.00000
91737.19420 0.00000
93530.18480 0.00000
93420.06950 0.00000
93840.06140 0.00000
93237.36680 0.00000
94098.88150 0.00000
93792.67920 0.00000
93814.90150 0.00000
93919.46390 0.00000
92948.48240 0.00000
93578.40490 0.00000
93796.41310 0.00000
93779.59760 0.00000
94406.68040 0.00000
94051.76900 0.00000
93770.06650 0.00000
94560.24760 0.00000
95520.79740 0.00000
95614.13840 0.00000
95641.01430 0.00000
95511.57770 0.00000
95488.09340 0.00000
95163.75550 0.00000
95816.23500 0.00000
95927.48710 0.00000
95726.95050 0.00000
95393.14820 0.00000
95552.15220 0.00000
96100.85980 0.00000
95974.93850 0.00000
95552.45360 0.00000
97101.03220 0.00000
97438.04000 0.00000
96906.66880 0.00000
98241.46000 0.00000
98452.33720 0.00000
98336.35710 0.00000
98045.53930 0.00000
98146.81090 0.00000
99164.56460 0.00000
97667.95550 0.00000
98976.13300 0.00000
98567.60970 0.00000
98139.18370 0.00000
98884.92990 0.00000
98905.41120 0.00000
99267.50890 0.00000
99170.85030 0.00000
98178.16380 0.00000
99448.00720 0.00000
100020.64300 0.00000
97541.72760 0.00000
99806.92100 0.00000
100191.65610 0.00000
100085.63720 0.00000
100664.17980 0.00000
100946.85440 0.00000
101509.68950 0.00000
101598.68330 0.00000
101343.08590 0.00000
100421.45770 0.00000
101584.76180 0.00000
101313.29490 0.00000
101539.31570 0.00000
101464.41410 0.00000
101668.53530 0.00000
102912.61930 0.00000
102775.79410 0.00000
102543.72440 0.00000
102349.34700 0.00000
103632.42760 0.00000
104366.81710 0.00000
102596.71200 0.00000
103877.97120 0.00000
103392.35470 0.00000
103887.73720 0.00000
103767.03060 0.00000
103556.98260 0.00000
104425.82040 0.00000
104512.81550 0.00000
105409.44330 0.00000
105693.24030 0.00000
105915.78100 0.00000
106030.98580 0.00000
105839.53620 0.00000
106093.65990 0.00000
106619.10870 0.00000
107275.97990 0.00000
106695.78900 0.00000
106967.60970 0.00000
106565.53090 0.00000
107742.29720 0.00000
106793.39160 0.00000
108032.74330 0.00000
108221.49680 0.00000
108470.85180 0.00000
108856.01650 0.00000
108628.69000 0.00000
108550.99550 0.00000
108487.86320 0.00000
108577.07660 0.00000
108204.31180 0.00000
109137.88240 0.00000
108776.21680 0.00000
109257.64720 0.00000
110458.21870 0.00000
109561.19010 0.00000
111937.01850 0.00000
111475.54830 0.00000
112295.65550 0.00000
113555.59990 0.00000
113914.02690 0.00000
113344.32700 0.00000
113930.03890 0.00000
112813.35370 0.00000
113710.60510 0.00000
113918.99840 0.00000
114186.82870 0.00000
114456.28640 0.00000
114617.78130 0.00000
114951.66020 0.00000
114586.76260 0.00000
115089.77690 0.00000
114663.16790 0.00000
115538.64600 0.00000
114218.77110 0.00000
116439.21710 0.00000
116555.71250 0.00000
116322.61220 0.00000
116647.23690 0.00000
116667.88390 0.00000
117066.66410 0.00000
117815.18380 0.00000
117974.81430 0.00000
117504.32090 0.00000
117018.73490 0.00000
118576.87840 0.00000
118728.49240 0.00000
118254.21760 0.00000
118244.09650 0.00000
119394.63560 0.00000
120068.78210 0.00000
119212.86510 0.00000
119430.68490 0.00000
120258.80650 0.00000
120331.89120 0.00000
119232.93560 0.00000
121195.71210 0.00000
121458.80720 0.00000
120560.79280 0.00000
1636.90500 0.00000
2380.77320 0.00000
2698.00860 0.00000
2306.40830 0.00000
3159.62110 0.00000
3475.23010 0.00000
3812.47010 0.00000
4161.68730 0.00000
4184.49830 0.00000
3952.43380 0.00000
4901.69850 0.00000
5455.67210 0.00000
5613.77810 0.00000
5878.79990 0.00000
5617.93040 0.00000
5479.41650 0.00000
5825.45170 0.00000
5838.69290 0.00000
5830.11270 0.00000
5867.80510 0.00000
5694.55770 0.00000
6762.80570 0.00000
6368.39810 0.00000
7126.49300 0.00000
7277.02320 0.00000
7396.19020 0.00000
6846.63350 0.00000
6520.31050 0.00000
6906.07540 0.00000
7364.73560 0.00000
7623.90310 0.00000
7445.65340 0.00000
7288.59200 0.00000
7597.37370 0.00000
8040.96760 0.00000
7671.18720 0.00000
8347.42070 0.00000
7718.83790 0.00000
7708.44980 0.00000
8229.91490 0.00000
8867.41710 0.00000
9300.27800 0.00000
8937.51920 0.00000
8700.71620 0.00000
9674.50290 0.00000
9569.20990 0.00000
9528.11200 0.00000
9773.31360 0.00000
9377.65330 0.00000
9949.86110 0.00000
9017.99190 0.00000
10395.98900 0.00000
10838.69730 0.00000
10495.49550 0.00000
10921.11300 0.00000
11482.58420 0.00000
11517.90950 0.00000
11536.82550 0.00000
11881.73670 0.00000
12228.32360 0.00000
12829.07920 0.00000
13104.52690 0.00000
13619.73270 0.00000
13624.74920 0.00000
13856.73710 0.00000
13942.91650 0.00000
13952.80610 0.00000
14160.44870 0.00000
14063.15490 0.00000
14243.34540 0.00000
14565.64070 0.00000
14643.41630 0.00000
14150.31430 0.00000
14480.25230 0.00000
14462.43270 0.00000
14316.15710 0.00000
13328.60600 0.00000
14383.65750 0.00000
14695.86180 0.00000
15481.56360 0.00000
14854.51470 0.00000
15284.24690 0.00000
15762.20190 0.00000
15358.59500 0.00000
15678.23040 0.00000
15578.59630 0.00000
15701.76120 0.00000
15721.27660 0.00000
14914.37060 0.00000
15301.71850 0.00000
15499.49250 0.00000
15532.52510 0.00000
15572.74110 0.00000
16215.05110 0.00000
16365.44670 0.00000
16378.67410 0.00000
15761.25500 0.00000
16599.26990 0.00000
16291.34110 0.00000
16851.92050 0.00000
17455.86510 0.00000
16818.84100 0.00000
18073.50270 0.00000
17664.65690 0.00000
17828.68050 0.00000
17990.06080 0.00000
17833.88800 0.00000
18490.62270 0.00000
18130.00520 0.00000
18419.93160 0.00000
18742.46410 0.00000
17816.14290 0.00000
18847.14500 0.00000
18756.68890 0.00000
18604.92190 0.00000
18711.58560 0.00000
18789.58570 0.00000
18284.13990 0.00000
18459.29380 0.00000
18709.39760 0.00000
18475.06220 0.00000
19095.36210 0.00000
18966.01040 0.00000
19062.62600 0.00000
19686.85250 0.00000
19800.57330 0.00000
20219.72280 0.00000
20123.33460 0.00000
19886.38200 0.00000
20157.29870 0.00000
20100.94850 0.00000
20366.32530 0.00000
19863.56930 0.00000
19881.20760 0.00000
21117.96560 0.00000
21170.92840 0.00000
21977.21550 0.00000
21096.33520 0.00000
21597.41390 0.00000
21974.42380 0.00000
21740.30110 0.00000
21523.51960 0.00000
22157.28590 0.00000
22694.33140 0.00000
24087.50030 0.00000
24322.35210 0.00000
24737.53510 0.00000
24217.25530 0.00000
24632.01710 0.00000
24462.43500 0.00000
23725.83230 0.00000
24601.75160 0.00000
24938.32530 0.00000
25595.02510 0.00000
24882.89070 0.00000
25469.73330 0.00000
25754.31730 0.00000
25632.46770 0.00000
26024.70040 0.00000
26030.71520 0.00000
25659.81010 0.00000
26347.78180 0.00000
26770.85280 0.00000
26526.06870 0.00000
27125.87790 0.00000
26658.70200 0.00000
26940.11950 0.00000
27472.86920 0.00000
27597.05450 0.00000
27789.49310 0.00000
27741.73450 0.00000
27663.51410 0.00000
28258.28800 0.00000
28686.38110 0.00000
28243.13280 0.00000
29269.15550 0.00000
28386.41560 0.00000
29361.59410 0.00000
29073.14240 0.00000
29453.02300 0.00000
29601.63520 0.00000
29669.47860 0.00000
29388.90690 0.00000
29364.47110 0.00000
29416.15210 0.00000
30130.01400 0.00000
30770.08080 0.00000
30440.73300 0.00000
30808.21780 0.00000
30978.38180 0.00000
30903.59670 0.00000
31699.08370 0.00000
32159.40460 0.00000
31856.41280 0.00000
32127.22310 0.00000
32787.18050 0.00000
32341.23500 0.00000
32908.49060 0.00000
32877.81890 0.00000
32867.63770 0.00000
33194.79460 0.00000
33339.82900 0.00000
32767.90990 0.00000
32934.71830 0.00000
33599.67620 0.00000
34126.99700 0.00000
34511.95910 0.00000
34839.92590 0.00000
34873.85030 0.00000
34902.28540 0.00000
34550.68890 0.00000
34552.53960 0.00000
35054.89420 0.00000
35524.43550 0.00000
35871.61430 0.00000
34920.56830 0.00000
35325.30120 0.00000
35686.43080 0.00000
35331.96220 0.00000
36027.47850 0.00000
36671.09090 0.00000
36418.96460 0.00000
36841.30350 0.00000
36043.38070 0.00000
36740.13500 0.00000
37534.70700 0.00000
37427.40190 0.00000
38226.76820 0.00000
38638.24430 0.00000
38598.88250 0.00000
38810.33680 0.00000
39166.84770 0.00000
38723.44100 0.00000
39733.44900 0.00000
38996.59300 0.00000
40447.79560 0.00000
40551.91920 0.00000
40812.11950 0.00000
40806.31170 0.00000
41093.56300 0.00000
41329.89560 0.00000
42611.02260 0.00000
42802.59100 0.00000
43224.21810 0.00000
42748.42420 0.00000
43247.12630 0.00000
43851.95560 0.00000
43919.10710 0.00000
43360.37950 0.00000
44278.38670 0.00000
44284.66490 0.00000
44301.81360 0.00000
44323.07010 0.00000
44928.36810 0.00000
45062.30980 0.00000
45061.89170 0.00000
45617.52020 0.00000
46951.17450 0.00000
46700.16660 0.00000
47056.86830 0.00000
46838.30610 0.00000
46664.76290 0.00000
47875.26360 0.00000
47177.94320 0.00000
48153.73280 0.00000
48315.49260 0.00000
48352.76490 0.00000
48677.00150 0.00000
48597.01460 0.00000
48941.64170 0.00000
48324.19700 0.00000
48395.57810 0.00000
48449.49060 0.00000
49856.66020 0.00000
50047.43080 0.00000
50154.58280 0.00000
50636.68340 0.00000
50710.19730 0.00000
50744.47560 0.00000
50787.97210 0.00000
50816.28710 0.00000
50627.49610 0.00000
50852.26170 0.00000
51294.97960 0.00000
51814.66030 0.00000
51977.93870 0.00000
51520.62420 0.00000
52481.19820 0.00000
52517.34980 0.00000
52570.39190 0.00000
52335.85530 0.00000
52727.02510 0.00000
53487.48870 0.00000
53460.01700 0.00000
53442.04360 0.00000
53160.82140 0.00000
54000.62510 0.00000
54041.62020 0.00000
53905.14990 0.00000
54144.53760 0.00000
80531.56010 0.00000
79696.79420 0.00000
80720.35560 0.00000
80144.52880 0.00000
80365.10740 0.00000
80844.32130 0.00000
80050.32240 0.00000
80132.30310 0.00000
80751.21130 0.00000
81702.82430 0.00000
81157.87780 0.00000
82579.58130 0.00000
82504.55100 0.00000
82910.69400 0.00000
82669.97310 0.00000
82764.80530 0.00000
82560.51830 0.00000
82244.21570 0.00000
83292.09800 0.00000
82931.70400 0.00000
84193.78380 0.00000
84598.53280 0.00000
84522.18300 0.00000
85407.49380 0.00000
86316.77610 0.00000
85621.58430 0.00000
86397.38090 0.00000
86223.90980 0.00000
86958.17270 0.00000
88367.97120 0.00000
88323.65790 0.00000
88590.42470 0.00000
89124.48020 0.00000
88765.81010 0.00000
89301.81710 0.00000
89855.49580 0.00000
90851.61680 0.00000
91514.55240 0.00000
91337.66380 0.00000
92249.77720 0.00000
91388.16470 0.00000
91311.86390 0.00000
92641.72960 0.00000
92680.94120 0.00000
92573.23350 0.00000
92226.98640 0.00000
92986.38540 0.00000
92731.08920 0.00000
92831.41320 0.00000
91770.09920 0.00000
93563.08980 0.00000
93452.97450 0.00000
93872.96640 0.00000
93270.27180 0.00000
94131.78650 0.00000
93825.58420 0.00000
93847.80650 0.00000
93952.36890 0.00000
92981.38740 0.00000
93611.30990 0.00000
93829.31810 0.00000
93812.50260 0.00000
94439.58540 0.00000
94084.67400 0.00000
93802.97150 0.00000
94593.15260 0.00000
95553.70240 0.00000
95647.04340 0.00000
95673.91930 0.00000
95544.48270 0.00000
95520.99840 0.00000
95196.66050 0.00000
95849.14000 0.00000
95960.39210 0.00000
95759.85550 0.00000
95426.05320 0.00000
95585.05720 0.00000
96133.76480 0.00000
96007.84350 0.00000
95585.35860 0.00000
97133.93720 0.00000
97470.94500 0.00000
96939.57380 0.00000
98274.36500 0.00000
98485.24220 0.00000
98369.26210 0.00000
98078.44430 0.00000
98179.71590 0.00000
99197.46960 0.00000
97700.86050 0.00000
99009.03800 0.00000
98600.51470 0.00000
98172.08870 0.00000
98917.83490 0.00000
98938.31620 0.00000
99300.41390 0.00000
99203.75530 0.00000
98211.06880 0.00000
99480.91220 0.00000
100053.54800 0.00000
97574.63260 0.00000
99839.82600 0.00000
100224.56110 0.00000
100118.54220 0.00000
100697.08480 0.00000
100979.75940 0.00000
101542.59450 0.00000
101631.58830 0.00000
101375.99090 0.00000
100454.36270 0.00000
101617.66680 0.00000
101346.19990 0.00000
101572.22070 0.00000
101497.31910 0.00000
101701.44030 0.00000
102945.52430 0.00000
102808.69910 0.00000
102576.62940 0.00000
102382.25200 0.00000
103665.33260 0.00000
104399.72210 0.00000
102629.61700 0.00000
103910.87620 0.00000
103425.25970 0.00000
103920.64220 0.00000
103799.93560 0.00000
103589.88760 0.00000
104458.72540 0.00000
104545.72050 0.00000
105442.34830 0.00000
105726.14530 0.00000
105948.68600 0.00000
106063.89080 0.00000
105872.44120 0.00000
106126.56490 0.00000
106652.01370 0.00000
107308.88490 0.00000
106728.69400 0.00000
107000.51470 0.00000
106598.43590 0.00000
107775.20220 0.00000
106826.29660 0.00000
108065.64830 0.00000
108254.40180 0.00000
108503.75680 0.00000
108888.92150 0.00000
108661.59500 0.00000
108583.90050 0.00000
108520.76820 0.00000
108609.98160 0.00000
108237.21680 0.00000
109170.78740 0.00000
108809.12180 0.00000
109290.55220 0.00000
110491.12370 0.00000
109594.09510 0.00000
111969.92350 0.00000
111508.45330 0.00000
112328.56050 0.00000
113588.50490 0.00000
113946.93190 0.00000
113377.23200 0.00000
113962.94390 0.00000
112846.25870 0.00000
113743.51010 0.00000
113951.90340 0.00000
114219.73370 0.00000
114489.19140 0.00000
114650.68630 0.00000
114984.56520 0.00000
114619.66760 0.00000
115122.68190 0.00000
114696.07290 0.00000
115571.55100 0.00000
114251.67610 0.00000
116472.12210 0.00000
116588.61750 0.00000
116355.51720 0.00000
116680.14190 0.00000
116700.78890 0.00000
117099.56910 0.00000
117848.08880 0.00000
118007.71930 0.00000
117537.22590 0.00000
117051.63990 0.00000
118609.78340 0.00000
118761.39740 0.00000
118287.12260 0.00000
118277.00150 0.00000
119427.54060 0.00000
120101.68710 0.00000
119245.77010 0.00000
119463.58990 0.00000
120291.71150 0.00000
120364.79620 0.00000
119265.84060 0.00000
121228.61710 0.00000
121491.71220 0.00000
120593.69780 0.00000
1555.40820 0.00000
2231.01490 0.00000
2516.58550 0.00000
2161.91520 0.00000
2934.71020 0.00000
3220.57930 0.00000
3525.96970 0.00000
3842.22000 0.00000
3862.86560 0.00000
3652.66310 0.00000
4512.38930 0.00000
5014.16650 0.00000
5157.34850 0.00000
5397.40660 0.00000
5161.12460 0.00000
5035.71220 0.00000
5349.10690 0.00000
5361.11850 0.00000
5353.32000 0.00000
5387.44360 0.00000
5230.54340 0.00000
6198.07620 0.00000
5840.86560 0.00000
6527.47670 0.00000
6663.81510 0.00000
6771.75630 0.00000
6274.01620 0.00000
5978.45290 0.00000
6327.86340 0.00000
6743.27080 0.00000
6978.00590 0.00000
6816.56060 0.00000
6674.30840 0.00000
6953.97480 0.00000
7355.74300 0.00000
7020.82670 0.00000
7633.30330 0.00000
7063.98600 0.00000
7054.57410 0.00000
7526.88160 0.00000
8104.27640 0.00000
8496.32940 0.00000
8167.76870 0.00000
7953.29380 0.00000
8835.27070 0.00000
8739.90610 0.00000
8702.68370 0.00000
8924.76850 0.00000
8566.41070 0.00000
9084.67210 0.00000
8240.65800 0.00000
9488.73970 0.00000
9889.71120 0.00000
9578.86590 0.00000
9964.35820 0.00000
10472.89540 0.00000
10504.89010 0.00000
10522.02330 0.00000
10834.41760 0.00000
11148.32970 0.00000
11692.44780 0.00000
11941.92720 0.00000
12408.56070 0.00000
12413.10450 0.00000
12623.22150 0.00000
12701.27620 0.00000
12710.23330 0.00000
12898.30010 0.00000
12810.17890 0.00000
12973.38150 0.00000
13265.29170 0.00000
13335.73470 0.00000
12889.12100 0.00000
13187.95350 0.00000
13171.81390 0.00000
13039.32840 0.00000
12144.88070 0.00000
13100.46540 0.00000
13383.23590 0.00000
14094.86470 0.00000
13526.93180 0.00000
13916.15020 0.00000
14349.04540 0.00000
13983.48900 0.00000
14272.99030 0.00000
14182.74940 0.00000
14294.30270 0.00000
14311.97830 0.00000
13581.14450 0.00000
13931.97470 0.00000
14111.10330 0.00000
14141.02160 0.00000
14177.44620 0.00000
14759.20150 0.00000
14895.41830 0.00000
14907.39860 0.00000
14348.18760 0.00000
15107.19730 0.00000
14828.29910 0.00000
15336.02900 0.00000
15883.03590 0.00000
15306.06810 0.00000
16442.44480 0.00000
16072.14350 0.00000
16220.70360 0.00000
16366.86950 0.00000
16225.42010 0.00000
16820.24030 0.00000
16493.62050 0.00000
16756.21360 0.00000
17048.33890 0.00000
16209.34790 0.00000
17143.15090 0.00000
17061.22260 0.00000
16923.76370 0.00000
17020.37160 0.00000
17091.01810 0.00000
16633.22380 0.00000
16791.86490 0.00000
17018.38980 0.00000
16806.14670 0.00000
17367.96700 0.00000
17250.81010 0.00000
17338.31720 0.00000
17903.69390 0.00000
18006.69340 0.00000
18386.32710 0.00000
18299.02600 0.00000
18084.41240 0.00000
18329.78800 0.00000
18278.75030 0.00000
18519.10850 0.00000
18063.75040 0.00000
18079.72580 0.00000
19199.88680 0.00000
19247.85650 0.00000
19978.12970 0.00000
19180.29570 0.00000
19634.13450 0.00000
19975.60130 0.00000
19763.55080 0.00000
19567.20660 0.00000
20141.22380 0.00000
20627.63860 0.00000
21889.46470 0.00000
22102.17550 0.00000
22478.21650 0.00000
22006.98690 0.00000
22382.64640 0.00000
22229.05180 0.00000
21561.89340 0.00000
22355.23420 0.00000
22660.07700 0.00000
23254.86550 0.00000
22609.86860 0.00000
23141.38580 0.00000
23399.14030 0.00000
23288.77820 0.00000
23644.03260 0.00000
23649.48040 0.00000
23313.54280 0.00000
23936.65510 0.00000
24319.84050 0.00000
24098.13380 0.00000
24641.39520 0.00000
24218.26280 0.00000
24473.14940 0.00000
24955.67340 0.00000
25068.15100 0.00000
25242.44720 0.00000
25199.19110 0.00000
25128.34500 0.00000
25667.04580 0.00000
26054.77980 0.00000
25653.31940 0.00000
26582.61240 0.00000
25783.09390 0.00000
26666.33620 0.00000
26405.07870 0.00000
26749.14550 0.00000
26883.74720 0.00000
26945.19450 0.00000
26691.07400 0.00000
26668.94200 0.00000
26715.75070 0.00000
27362.31230 0.00000
27942.03600 0.00000
27643.73780 0.00000
27976.57750 0.00000
28130.69910 0.00000
28062.96450 0.00000
28783.45590 0.00000
29200.37940 0.00000
28925.95260 0.00000
29171.23180 0.00000
29768.97090 0.00000
29365.06750 0.00000
29878.84430 0.00000
29851.06420 0.00000
29841.84290 0.00000
30138.15660 0.00000
30269.51770 0.00000
29751.51700 0.00000
29902.59930 0.00000
30504.86740 0.00000
30982.47440 0.00000
31331.14370 0.00000
31628.19090 0.00000
31658.91710 0.00000
31684.67150 0.00000
31366.22220 0.00000
31367.89840 0.00000
31822.89280 0.00000
32248.16750 0.00000
32562.61550 0.00000
31701.23070 0.00000
32067.80680 0.00000
32394.89050 0.00000
32073.83990 0.00000
32703.78540 0.00000
33286.72040 0.00000
33058.36370 0.00000
33440.88600 0.00000
32718.18850 0.00000
33349.25530 0.00000
34068.91800 0.00000
33971.72920 0.00000
34695.73420 0.00000
35068.41780 0.00000
35032.76690 0.00000
35224.28610 0.00000
35547.18640 0.00000
35145.58250 0.00000
36060.37070 0.00000
35392.98270 0.00000
36707.37120 0.00000
36801.67850 0.00000
37037.34800 0.00000
37032.08780 0.00000
37292.25800 0.00000
37506.31010 0.00000
38666.65720 0.00000
38840.16520 0.00000
39222.04280 0.00000
38791.10500 0.00000
39242.79130 0.00000
39790.59950 0.00000
39851.42020 0.00000
39345.36740 0.00000
40176.82830 0.00000
40182.51460 0.00000
40198.04660 0.00000
40217.29900 0.00000
40765.53180 0.00000
40886.84600 0.00000
40886.46730 0.00000
41389.71320 0.00000
42597.63540 0.00000
42370.29170 0.00000
42693.36480 0.00000
42495.40780 0.00000
42338.22570 0.00000
43434.60480 0.00000
42803.02520 0.00000
43686.82090 0.00000
43833.33060 0.00000
43867.08900 0.00000
44160.75770 0.00000
44088.31170 0.00000
44400.44870 0.00000
43841.21440 0.00000
43905.86590 0.00000
43954.69580 0.00000
45229.20260 0.00000
45401.98800 0.00000
45499.03810 0.00000
45935.68810 0.00000
46002.27130 0.00000
46033.31800 0.00000
46072.71380 0.00000
46098.35940 0.00000
45927.36690 0.00000
46130.94240 0.00000
46531.92250 0.00000
47002.60960 0.00000
47150.49470 0.00000
46736.29420 0.00000
47606.30870 0.00000
47639.05210 0.00000
47687.09360 0.00000
47474.66830 0.00000
47828.96000 0.00000
48517.72990 0.00000
48492.84810 0.00000
48476.56920 0.00000
48221.85960 0.00000
48982.48970 0.00000
49019.61990 0.00000
48896.01550 0.00000
49112.83460 0.00000
80651.07580 0.00000
79816.30990 0.00000
80839.87130 0.00000
80264.04450 0.00000
80484.62310 0.00000
80963.83690 0.00000
80169.83810 0.00000
80251.81880 0.00000
80870.72700 0.00000
81822.34000 0.00000
81277.39350 0.00000
82699.09700 0.00000
82624.06670 0.00000
83030.20960 0.00000
82789.48880 0.00000
82884.32100 0.00000
82680.03400 0.00000
82363.73140 0.00000
83411.61370 0.00000
83051.21960 0.00000
84313.29950 0.00000
84718.04850 0.00000
84641.69870 0.00000
85527.00950 0.00000
86436.29180 0.00000
85741.10000 0.00000
86516.89660 0.00000
86343.42550 0.00000
87077.68840 0.00000
88487.48690 0.00000
88443.17350 0.00000
88709.94030 0.00000
89243.99590 0.00000
88885.32580 0.00000
89421.33280 0.00000
89975.01150 0.00000
90971.13240 0.00000
91634.06810 0.00000
91457.17950 0.00000
92369.29290 0.00000
91507.68040 0.00000
91431.37960 0.00000
92761.24530 0.00000
92800.45680 0.00000
92692.74920 0.00000
92346.50200 0.00000
93105.90110 0.00000
92850.60490 0.00000
92950.92890 0.00000
91889.61490 0.00000
93682.60550 0.00000
93572.49020 0.00000
93992.48210 0.00000
93389.78750 0.00000
94251.30220 0.00000
93945.09990 0.00000
93967.32220 0.00000
94071.88460 0.00000
93100.90310 0.00000
93730.82560 0.00000
93948.83370 0.00000
93932.01830 0.00000
94559.10100 0.00000
94204.18970 0.00000
93922.48720 0.00000
94712.66830 0.00000
95673.21810 0.00000
95766.55910 0.00000
95793.43490 0.00000
95663.99840 0.00000
95640.51410 0.00000
95316.17620 0.00000
95968.65570 0.00000
96079.90780 0.00000
95879.37110 0.00000
95545.56890 0.00000
95704.57290 0.00000
96253.28040 0.00000
96127.35910 0.00000
95704.87430 0.00000
97253.45290 0.00000
97590.46060 0.00000
97059.08950 0.00000
98393.88070 0.00000
98604.75790 0.00000
98488.77780 0.00000
98197.95990 0.00000
98299.23160 0.00000
99316.98530 0.00000
97820.37620 0.00000
99128.55370 0.00000
98720.03040 0.00000
98291.60440 0.00000
99037.35050 0.00000
99057.83190 0.00000
99419.92960 0.00000
99323.27100 0.00000
98330.58450 0.00000
99600.42790 0.00000
100173.06360 0.00000
97694.14830 0.00000
99959.34170 0.00000
100344.07680 0.00000
100238.05790 0.00000
100816.60040 0.00000
101099.27510 0.00000
101662.11020 0.00000
101751.10390 0.00000
101495.50660 0.00000
100573.87830 0.00000
101737.18250 0.00000
101465.71560 0.00000
101691.73640 0.00000
101616.83480 0.00000
101820.95600 0.00000
103065.04000 0.00000
102928.21480 0.00000
102696.14510 0.00000
102501.76770 0.00000
103784.84830 0.00000
104519.23770 0.00000
102749.13260 0.00000
104030.39190 0.00000
103544.77540 0.00000
104040.15790 0.00000
103919.45130 0.00000
103709.40320 0.00000
104578.24110 0.00000
104665.23620 0.00000
105561.86390 0.00000
105845.66100 0.00000
106068.20170 0.00000
106183.40650 0.00000
105991.95690 0.00000
106246.08060 0.00000
106771.52940 0.00000
107428.40060 0.00000
106848.20970 0.00000
107120.03030 0.00000
106717.95150 0.00000
107894.71790 0.00000
106945.81230 0.00000
108185.16400 0.00000
108373.91750 0.00000
108623.27250 0.00000
109008.43720 0.00000
108781.11060 0.00000
108703.41610 0.00000
108640.28390 0.00000
108729.49730 0.00000
108356.73240 0.00000
109290.30300 0.00000
108928.63750 0.00000
109410.06790 0.00000
110610.63940 0.00000
109713.61080 0.00000
112089.43920 0.00000
111627.96890 0.00000
112448.07620 0.00000
113708.02060 0.00000
114066.44750 0.00000
113496.74770 0.00000
114082.45960 0.00000
112965.77440 0.00000
113863.02580 0.00000
114071.41910 0.00000
114339.24930 0.00000
114608.70710 0.00000
114770.20200 0.00000
115104.08090 0.00000
114739.18330 0.00000
115242.19750 0.00000
114815.58860 0.00000
115691.06670 0.00000
114371.19180 0.00000
116591.63770 0.00000
116708.13320 0.00000
116475.03290 0.00000
116799.65760 0.00000
116820.30460 0.00000
117219.08470 0.00000
117967.60450 0.00000
118127.23500 0.00000
117656.74160 0.00000
117171.15560 0.00000
118729.29910 0.00000
118880.91300 0.00000
118406.63820 0.00000
118396.51720 0.00000
119547.05630 0.00000
120221.20280 0.00000
119365.28580 0.00000
119583.10560 0.00000
120411.22720 0.00000
120484.31190 0.00000
119385.35630 0.00000
121348.13280 0.00000
121611.22780 0.00000
120713.21350 0.00000
1425.20390 0.00000
2035.38500 0.00000
2295.74900 0.00000
1974.60800 0.00000
2674.48910 0.00000
2933.34910 0.00000
3209.99440 0.00000
3496.52310 0.00000
3515.20560 0.00000
3324.82050 0.00000
4103.51510 0.00000
4557.98090 0.00000
4687.66510 0.00000
4905.08280 0.00000
4691.09520 0.00000
4577.46670 0.00000
4861.31740 0.00000
4872.19540 0.00000
4865.14860 0.00000
4896.05990 0.00000
4753.94910 0.00000
5630.25380 0.00000
5306.70950 0.00000
5928.59880 0.00000
6052.07590 0.00000
6149.83230 0.00000
5699.01690 0.00000
5431.32040 0.00000
5747.78960 0.00000
6124.03810 0.00000
6336.64150 0.00000
6190.41580 0.00000
6061.57970 0.00000
6314.87760 0.00000
6678.76550 0.00000
6375.43000 0.00000
6930.15160 0.00000
6414.51700 0.00000
6405.98240 0.00000
6833.75740 0.00000
7356.72360 0.00000
7711.81800 0.00000
7414.23350 0.00000
7219.97950 0.00000
8018.80660 0.00000
7932.43470 0.00000
7898.72110 0.00000
8099.86490 0.00000
7775.28850 0.00000
8244.69020 0.00000
7480.25380 0.00000
8610.66380 0.00000
8973.83660 0.00000
8692.29790 0.00000
9041.44440 0.00000
9502.03890 0.00000
9531.01720 0.00000
9546.53350 0.00000
9829.47740 0.00000
10113.79480 0.00000
10606.61500 0.00000
10832.57470 0.00000
11255.21570 0.00000
11259.33040 0.00000
11449.63860 0.00000
11520.33440 0.00000
11528.44720 0.00000
11698.78370 0.00000
11618.97040 0.00000
11766.78670 0.00000
12031.17680 0.00000
12094.97870 0.00000
11690.47010 0.00000
11961.12960 0.00000
11946.51170 0.00000
11826.51650 0.00000
11016.39400 0.00000
11881.88970 0.00000
12138.00150 0.00000
12782.54050 0.00000
12268.15030 0.00000
12620.67460 0.00000
13012.75800 0.00000
12681.66500 0.00000
12943.87320 0.00000
12862.13980 0.00000
12963.17630 0.00000
12979.18550 0.00000
12317.25220 0.00000
12635.00720 0.00000
12797.24820 0.00000
12824.34590 0.00000
12857.33660 0.00000
13384.24610 0.00000
13507.62090 0.00000
13518.47180 0.00000
13011.98110 0.00000
13699.43420 0.00000
13446.82950 0.00000
13906.69240 0.00000
14402.12960 0.00000
13879.55620 0.00000
14908.79940 0.00000
14573.40880 0.00000
14707.96320 0.00000
14840.34910 0.00000
14712.23510 0.00000
15250.97770 0.00000
14955.15050 0.00000
15192.98730 0.00000
15457.57210 0.00000
14697.67810 0.00000
15543.44550 0.00000
15469.24120 0.00000
15344.74140 0.00000
15432.24140 0.00000
15496.22760 0.00000
15081.59250 0.00000
15225.27750 0.00000
15430.44650 0.00000
15238.21290 0.00000
15747.06680 0.00000
15640.95500 0.00000
15720.21220 0.00000
16232.28730 0.00000
16325.57640 0.00000
16669.41960 0.00000
16590.34900 0.00000
16395.96830 0.00000
16618.21080 0.00000
16571.98480 0.00000
16789.68280 0.00000
16377.25430 0.00000
16391.72360 0.00000
17406.27990 0.00000
17449.72710 0.00000
18111.15290 0.00000
17388.53580 0.00000
17799.58830 0.00000
18108.86280 0.00000
17916.80370 0.00000
17738.97010 0.00000
18258.87110 0.00000
18699.42850 0.00000
19842.29420 0.00000
20034.95140 0.00000
20375.54070 0.00000
19948.73680 0.00000
20288.98060 0.00000
20149.86630 0.00000
19545.60520 0.00000
20264.15270 0.00000
20540.25600 0.00000
21078.97010 0.00000
20494.78110 0.00000
20976.18880 0.00000
21209.64310 0.00000
21109.68550 0.00000
21431.44790 0.00000
21436.38210 0.00000
21132.11550 0.00000
21696.48300 0.00000
22043.54310 0.00000
21842.73810 0.00000
22334.78280 0.00000
21951.54180 0.00000
22182.39860 0.00000
22619.43200 0.00000
22721.30560 0.00000
22879.16980 0.00000
22839.99170 0.00000
22775.82470 0.00000
23263.73880 0.00000
23614.91870 0.00000
23251.30650 0.00000
24092.98910 0.00000
23368.84640 0.00000
24168.81980 0.00000
23932.19260 0.00000
24243.82210 0.00000
24365.73400 0.00000
24421.38840 0.00000
24191.22540 0.00000
24171.17990 0.00000
24213.57570 0.00000
24799.18180 0.00000
25324.25130 0.00000
25054.07560 0.00000
25355.53640 0.00000
25495.12790 0.00000
25433.77910 0.00000
26086.34520 0.00000
26463.96270 0.00000
26215.40780 0.00000
26437.56300 0.00000
26978.94950 0.00000
26613.12460 0.00000
27078.46440 0.00000
27053.30330 0.00000
27044.95130 0.00000
27313.32970 0.00000
27432.30660 0.00000
26963.14110 0.00000
27099.97990 0.00000
27645.46840 0.00000
28078.04830 0.00000
28393.84630 0.00000
28662.88900 0.00000
28690.71850 0.00000
28714.04480 0.00000
28425.61770 0.00000
28427.13590 0.00000
28839.23520 0.00000
29224.41650 0.00000
29509.21950 0.00000
28729.04290 0.00000
29061.05960 0.00000
29357.30700 0.00000
29066.52380 0.00000
29637.08040 0.00000
30165.05840 0.00000
29958.23040 0.00000
30304.68990 0.00000
29650.12560 0.00000
30221.69780 0.00000
30873.51330 0.00000
30785.48710 0.00000
31441.23560 0.00000
31778.78390 0.00000
31746.49410 0.00000
31919.95750 0.00000
32212.41600 0.00000
31848.67380 0.00000
32677.21910 0.00000
32072.75010 0.00000
33263.22280 0.00000
33348.63920 0.00000
33562.09060 0.00000
33557.32630 0.00000
33792.96860 0.00000
33986.84070 0.00000
35037.79450 0.00000
35194.94480 0.00000
35540.82040 0.00000
35150.50980 0.00000
35559.61280 0.00000
36055.77560 0.00000
36110.86240 0.00000
35652.51840 0.00000
36405.59220 0.00000
36410.74240 0.00000
36424.81010 0.00000
36442.24750 0.00000
36938.79490 0.00000
37048.67200 0.00000
37048.32900 0.00000
37504.13070 0.00000
38598.17450 0.00000
38392.26390 0.00000
38684.87880 0.00000
38505.58460 0.00000
38363.22090 0.00000
39356.23740 0.00000
38784.20090 0.00000
39584.67550 0.00000
39717.37280 0.00000
39747.94860 0.00000
40013.93140 0.00000
39948.31530 0.00000
40231.02510 0.00000
39724.51340 0.00000
39783.06980 0.00000
39827.29620 0.00000
40981.64720 0.00000
41138.14300 0.00000
41226.04360 0.00000
41621.52780 0.00000
41681.83380 0.00000
41709.95350 0.00000
41745.63520 0.00000
41768.86300 0.00000
41613.99110 0.00000
41798.37420 0.00000
42161.55140 0.00000
42587.86380 0.00000
42721.80690 0.00000
42346.65570 0.00000
43134.64840 0.00000
43164.30490 0.00000
43207.81720 0.00000
43015.41860 0.00000
43336.30890 0.00000
43960.14410 0.00000
43937.60820 0.00000
43922.86390 0.00000
43692.16740 0.00000
44381.08810 0.00000
44414.71780 0.00000
44302.76630 0.00000
44499.14460 0.00000
80680.94300 0.00000
79846.17710 0.00000
80869.73850 0.00000
80293.91170 0.00000
80514.49030 0.00000
80993.70420 0.00000
80199.70530 0.00000
80281.68600 0.00000
80900.59420 0.00000
81852.20720 0.00000
81307.26070 0.00000
82728.96420 0.00000
82653.93390 0.00000
83060.07690 0.00000
82819.35600 0.00000
82914.18820 0.00000
82709.90120 0.00000
82393.59860 0.00000
83441.48090 0.00000
83081.08690 0.00000
84343.16670 0.00000
84747.91570 0.00000
84671.56600 0.00000
85556.87670 0.00000
86466.15900 0.00000
85770.96730 0.00000
86546.76390 0.00000
86373.29270 0.00000
87107.55560 0.00000
88517.35410 0.00000
88473.04080 0.00000
88739.80760 0.00000
89273.86310 0.00000
88915.19300 0.00000
89451.20000 0.00000
90004.87870 0.00000
91000.99970 0.00000
91663.93530 0.00000
91487.04670 0.00000
92399.16010 0.00000
91537.54760 0.00000
91461.24680 0.00000
92791.11250 0.00000
92830.32410 0.00000
92722.61640 0.00000
92376.36930 0.00000
93135.76830 0.00000
92880.47210 0.00000
92980.79610 0.00000
91919.48210 0.00000
93712.47270 0.00000
93602.35740 0.00000
94022.34930 0.00000
93419.65470 0.00000
94281.16940 0.00000
93974.96710 0.00000
93997.18950 0.00000
94101.75180 0.00000
93130.77030 0.00000
93760.69280 0.00000
93978.70100 0.00000
93961.88550 0.00000
94588.96830 0.00000
94234.05690 0.00000
93952.35440 0.00000
94742.53550 0.00000
95703.08530 0.00000
95796.42630 0.00000
95823.30220 0.00000
95693.86560 0.00000
95670.38130 0.00000
95346.04340 0.00000
95998.52290 0.00000
96109.77500 0.00000
95909.23840 0.00000
95575.43610 0.00000
95734.44010 0.00000
96283.14770 0.00000
96157.22640 0.00000
95734.74150 0.00000
97283.32010 0.00000
97620.32790 0.00000
97088.95670 0.00000
98423.74790 0.00000
98634.62510 0.00000
98518.64500 0.00000
98227.82720 0.00000
98329.09880 0.00000
99346.85260 0.00000
97850.24340 0.00000
99158.42090 0.00000
98749.89760 0.00000
98321.47160 0.00000
99067.21780 0.00000
99087.69910 0.00000
99449.79680 0.00000
99353.13820 0.00000
98360.45170 0.00000
99630.29510 0.00000
100202.93090 0.00000
97724.01550 0.00000
99989.20890 0.00000
100373.94400 0.00000
100267.92510 0.00000
100846.46770 0.00000
101129.14230 0.00000
101691.97740 0.00000
101780.97120 0.00000
101525.37380 0.00000
100603.74560 0.00000
101767.04970 0.00000
101495.58280 0.00000
101721.60360 0.00000
101646.70200 0.00000
101850.82320 0.00000
103094.90720 0.00000
102958.08200 0.00000
102726.01230 0.00000
102531.63500 0.00000
103814.71550 0.00000
104549.10500 0.00000
102778.99990 0.00000
104060.25910 0.00000
103574.64260 0.00000
104070.02510 0.00000
103949.31860 0.00000
103739.27050 0.00000
104608.10830 0.00000
104695.10340 0.00000
105591.73120 0.00000
105875.52820 0.00000
106098.06890 0.00000
106213.27370 0.00000
106021.82410 0.00000
106275.94780 0.00000
106801.39660 0.00000
107458.26780 0.00000
106878.07690 0.00000
107149.89760 0.00000
106747.81880 0.00000
107924.58510 0.00000
106975.67950 0.00000
108215.03120 0.00000
108403.78470 0.00000
108653.13970 0.00000
109038.30440 0.00000
108810.97790 0.00000
108733.28340 0.00000
108670.15110 0.00000
108759.36450 0.00000
108386.59970 0.00000
109320.17030 0.00000
108958.50470 0.00000
109439.93510 0.00000
110640.50660 0.00000
109743.47800 0.00000
112119.30640 0.00000
111657.83620 0.00000
112477.94340 0.00000
113737.88780 0.00000
114096.31480 0.00000
113526.61490 0.00000
114112.32680 0.00000
112995.64160 0.00000
113892.89300 0.00000
114101.28630 0.00000
114369.11660 0.00000
114638.57430 0.00000
114800.06920 0.00000
115133.94810 0.00000
114769.05050 0.00000
115272.06480 0.00000
114845.45580 0.00000
115720.93390 0.00000
114401.05900 0.00000
116621.50500 0.00000
116738.00040 0.00000
116504.90010 0.00000
116829.52480 0.00000
116850.17180 0.00000
117248.95200 0.00000
117997.47170 0.00000
118157.10220 0.00000
117686.60880 0.00000
117201.02280 0.00000
118759.16630 0.00000
118910.78030 0.00000
118436.50550 0.00000
118426.38440 0.00000
119576.92350 0.00000
120251.07000 0.00000
119395.15310 0.00000
119612.97280 0.00000
120441.09440 0.00000
120514.17910 0.00000
119415.22350 0.00000
121378.00000 0.00000
121641.09510 0.00000
120743.08070 0.00000
1256.48990 0.00000
1809.47270 0.00000
2044.87210 0.00000
1753.95040 0.00000
2387.90990 0.00000
2622.38990 0.00000
2872.91880 0.00000
3132.38820 0.00000
3149.24140 0.00000
2976.82870 0.00000
3682.16690 0.00000
4093.80540 0.00000
4211.26820 0.00000
4408.16660 0.00000
4214.35440 0.00000
4111.44490 0.00000
4368.53540 0.00000
4378.38540 0.00000
4372.00670 0.00000
4400.01310 0.00000
4271.28670 0.00000
5064.98270 0.00000
4771.95150 0.00000
5335.20220 0.00000
5447.04410 0.00000
5535.59110 0.00000
5127.27350 0.00000
4884.81850 0.00000
5171.44490 0.00000
5512.21880 0.00000
5704.78120 0.00000
5572.34110 0.00000
5455.64760 0.00000
5685.06720 0.00000
6014.65260 0.00000
5739.90180 0.00000
6242.34650 0.00000
5775.31160 0.00000
5767.59320 0.00000
6155.04290 0.00000
6628.70280 0.00000
6950.31480 0.00000
6680.78540 0.00000
6504.84170 0.00000
7228.36110 0.00000
7150.13100 0.00000
7119.59680 0.00000
7301.78040 0.00000
7007.80620 0.00000
7432.95480 0.00000
6740.57850 0.00000
7764.42600 0.00000
8093.35790 0.00000
7838.36120 0.00000
8154.59240 0.00000
8571.76360 0.00000
8598.00970 0.00000
8612.06480 0.00000
8868.33200 0.00000
9125.84610 0.00000
9572.20570 0.00000
9776.86290 0.00000
10159.65910 0.00000
10163.38630 0.00000
10335.75290 0.00000
10399.78380 0.00000
10407.13150 0.00000
10561.40940 0.00000
10489.12050 0.00000
10623.00130 0.00000
10862.46570 0.00000
10920.25260 0.00000
10553.87950 0.00000
10799.02260 0.00000
10785.78270 0.00000
10677.09990 0.00000
9943.35260 0.00000
10727.25290 0.00000
10959.21950 0.00000
11542.99410 0.00000
11077.09850 0.00000
11396.38820 0.00000
11751.50750 0.00000
11451.62860 0.00000
11689.11690 0.00000
11615.08900 0.00000
11706.60020 0.00000
11721.10010 0.00000
11121.57110 0.00000
11409.36960 0.00000
11556.31520 0.00000
11580.85820 0.00000
11610.73860 0.00000
12087.97320 0.00000
12199.71660 0.00000
12209.54450 0.00000
11750.80390 0.00000
12373.44650 0.00000
12144.65640 0.00000
12561.16520 0.00000
13009.89440 0.00000
12536.58730 0.00000
13468.79730 0.00000
13165.02610 0.00000
13286.89520 0.00000
13406.80030 0.00000
13290.76430 0.00000
13778.71630 0.00000
13510.77850 0.00000
13726.19300 0.00000
13965.83370 0.00000
13277.57970 0.00000
14043.61130 0.00000
13976.40270 0.00000
13863.64030 0.00000
13942.89110 0.00000
14000.84490 0.00000
13625.30010 0.00000
13755.43900 0.00000
13941.26540 0.00000
13767.15490 0.00000
14228.03600 0.00000
14131.92800 0.00000
14203.71310 0.00000
14667.51160 0.00000
14752.00580 0.00000
15063.43270 0.00000
14991.81660 0.00000
14815.76140 0.00000
15017.05170 0.00000
14975.18370 0.00000
15172.35800 0.00000
14798.81160 0.00000
14811.91690 0.00000
15730.82460 0.00000
15770.17570 0.00000
16369.24470 0.00000
15714.75320 0.00000
16087.05320 0.00000
16367.17050 0.00000
16193.21800 0.00000
16032.15000 0.00000
16503.03650 0.00000
16902.05980 0.00000
17937.18040 0.00000
18111.67460 0.00000
18420.15430 0.00000
18033.58800 0.00000
18341.75480 0.00000
18215.75570 0.00000
17668.46200 0.00000
18319.26750 0.00000
18569.34090 0.00000
19057.26690 0.00000
18528.15310 0.00000
18964.17550 0.00000
19175.62060 0.00000
19085.08670 0.00000
19376.51450 0.00000
19380.98350 0.00000
19105.40200 0.00000
19616.56300 0.00000
19930.90360 0.00000
19749.02970 0.00000
20194.68620 0.00000
19847.57580 0.00000
20056.66820 0.00000
20452.49970 0.00000
20544.76910 0.00000
20687.75040 0.00000
20652.26590 0.00000
20594.14840 0.00000
21036.06370 0.00000
21354.13560 0.00000
21024.80340 0.00000
21787.13530 0.00000
21131.26210 0.00000
21855.81700 0.00000
21641.49810 0.00000
21923.74830 0.00000
22034.16680 0.00000
22084.57430 0.00000
21876.11030 0.00000
21857.95460 0.00000
21896.35340 0.00000
22426.75080 0.00000
22902.31860 0.00000
22657.61410 0.00000
22930.65420 0.00000
23057.08560 0.00000
23001.52050 0.00000
23592.56510 0.00000
23934.58220 0.00000
23709.46020 0.00000
23910.67140 0.00000
24401.01790 0.00000
24069.68160 0.00000
24491.15090 0.00000
24468.36200 0.00000
24460.79730 0.00000
24703.87400 0.00000
24811.63420 0.00000
24386.69990 0.00000
24510.63800 0.00000
25004.69980 0.00000
25396.49770 0.00000
25682.52350 0.00000
25926.20180 0.00000
25951.40760 0.00000
25972.53480 0.00000
25711.29960 0.00000
25712.67460 0.00000
26085.92270 0.00000
26434.79050 0.00000
26692.74340 0.00000
25986.11890 0.00000
26286.83430 0.00000
26555.15260 0.00000
26291.78340 0.00000
26808.55000 0.00000
27286.75220 0.00000
27099.42310 0.00000
27413.21970 0.00000
26820.36530 0.00000
27338.05180 0.00000
27928.41650 0.00000
27848.68910 0.00000
28442.61600 0.00000
28748.34160 0.00000
28719.09590 0.00000
28876.20580 0.00000
29141.09240 0.00000
28811.64250 0.00000
29562.07560 0.00000
29014.59360 0.00000
30092.83300 0.00000
30170.19660 0.00000
30363.52460 0.00000
30359.20950 0.00000
30572.63630 0.00000
30748.23080 0.00000
31700.10450 0.00000
31842.43930 0.00000
32155.70700 0.00000
31802.19350 0.00000
32172.72770 0.00000
32622.11410 0.00000
32672.00750 0.00000
32256.87450 0.00000
32938.95130 0.00000
32943.61600 0.00000
32956.35740 0.00000
32972.15090 0.00000
33421.88560 0.00000
33521.40390 0.00000
33521.09320 0.00000
33933.61300 0.00000
34924.51430 0.00000
34738.01620 0.00000
35003.04450 0.00000
34840.65340 0.00000
34711.71130 0.00000
35611.10980 0.00000
35093.00280 0.00000
35818.01160 0.00000
35938.19870 0.00000
35965.89190 0.00000
36206.79880 0.00000
36147.36880 0.00000
36403.42580 0.00000
35944.66610 0.00000
35997.70200 0.00000
36037.75890 0.00000
37083.28190 0.00000
37225.02390 0.00000
37304.63750 0.00000
37662.83690 0.00000
37717.45750 0.00000
37742.92620 0.00000
37775.24400 0.00000
37796.28190 0.00000
37656.01070 0.00000
37823.01090 0.00000
38151.94910 0.00000
38538.07030 0.00000
38659.38570 0.00000
38319.60240 0.00000
39033.30610 0.00000
39060.16670 0.00000
39099.57680 0.00000
38925.31680 0.00000
39215.95480 0.00000
39780.97710 0.00000
39760.56570 0.00000
39747.21150 0.00000
39538.26420 0.00000
40162.23600 0.00000
40192.69520 0.00000
40091.29810 0.00000
40269.16250 0.00000
80611.41150 0.00000
79776.64560 0.00000
80800.20700 0.00000
80224.38020 0.00000
80444.95880 0.00000
80924.17270 0.00000
80130.17380 0.00000
80212.15450 0.00000
80831.06270 0.00000
81782.67580 0.00000
81237.72920 0.00000
82659.43270 0.00000
82584.40240 0.00000
82990.54540 0.00000
82749.82460 0.00000
82844.65670 0.00000
82640.36970 0.00000
82324.06710 0.00000
83371.94940 0.00000
83011.55540 0.00000
84273.63520 0.00000
84678.38420 0.00000
84602.03450 0.00000
85487.34520 0.00000
86396.62750 0.00000
85701.43580 0.00000
86477.23240 0.00000
86303.76120 0.00000
87038.02410 0.00000
88447.82260 0.00000
88403.50930 0.00000
88670.27610 0.00000
89204.33170 0.00000
88845.66150 0.00000
89381.66850 0.00000
89935.34720 0.00000
90931.46820 0.00000
91594.40380 0.00000
91417.51520 0.00000
92329.62860 0.00000
91468.01610 0.00000
91391.71530 0.00000
92721.58100 0.00000
92760.79260 0.00000
92653.08490 0.00000
92306.83780 0.00000
93066.23680 0.00000
92810.94070 0.00000
92911.26460 0.00000
91849.95060 0.00000
93642.94120 0.00000
93532.82590 0.00000
93952.81780 0.00000
93350.12320 0.00000
94211.63790 0.00000
93905.43560 0.00000
93927.65800 0.00000
94032.22040 0.00000
93061.23880 0.00000
93691.16130 0.00000
93909.16950 0.00000
93892.35400 0.00000
94519.43680 0.00000
94164.52540 0.00000
93882.82290 0.00000
94673.00410 0.00000
95633.55380 0.00000
95726.89480 0.00000
95753.77070 0.00000
95624.33420 0.00000
95600.84980 0.00000
95276.51190 0.00000
95928.99150 0.00000
96040.24350 0.00000
95839.70690 0.00000
95505.90460 0.00000
95664.90860 0.00000
96213.61620 0.00000
96087.69490 0.00000
95665.21000 0.00000
97213.78860 0.00000
97550.79640 0.00000
97019.42520 0.00000
98354.21640 0.00000
98565.09360 0.00000
98449.11350 0.00000
98158.29570 0.00000
98259.56730 0.00000
99277.32110 0.00000
97780.71190 0.00000
99088.88940 0.00000
98680.36610 0.00000
98251.94010 0.00000
98997.68630 0.00000
99018.16760 0.00000
99380.26530 0.00000
99283.60670 0.00000
98290.92020 0.00000
99560.76360 0.00000
100133.39940 0.00000
97654.48410 0.00000
99919.67750 0.00000
100304.41260 0.00000
100198.39360 0.00000
100776.93620 0.00000
101059.61080 0.00000
101622.44590 0.00000
101711.43970 0.00000
101455.84240 0.00000
100534.21410 0.00000
101697.51820 0.00000
101426.05130 0.00000
101652.07210 0.00000
101577.17060 0.00000
101781.29170 0.00000
103025.37570 0.00000
102888.55050 0.00000
102656.48080 0.00000
102462.10350 0.00000
103745.18400 0.00000
104479.57350 0.00000
102709.46840 0.00000
103990.72760 0.00000
103505.11110 0.00000
104000.49360 0.00000
103879.78710 0.00000
103669.73900 0.00000
104538.57680 0.00000
104625.57190 0.00000
105522.19970 0.00000
105805.99670 0.00000
106028.53740 0.00000
106143.74220 0.00000
105952.29260 0.00000
106206.41630 0.00000
106731.86510 0.00000
107388.73630 0.00000
106808.54540 0.00000
107080.36610 0.00000
106678.28730 0.00000
107855.05360 0.00000
106906.14800 0.00000
108145.49970 0.00000
108334.25320 0.00000
108583.60820 0.00000
108968.77290 0.00000
108741.44640 0.00000
108663.75190 0.00000
108600.61960 0.00000
108689.83300 0.00000
108317.06820 0.00000
109250.63880 0.00000
108888.97320 0.00000
109370.40360 0.00000
110570.97520 0.00000
109673.94650 0.00000
112049.77490 0.00000
111588.30470 0.00000
112408.41190 0.00000
113668.35630 0.00000
114026.78330 0.00000
113457.08340 0.00000
114042.79530 0.00000
112926.11010 0.00000
113823.36150 0.00000
114031.75480 0.00000
114299.58510 0.00000
114569.04280 0.00000
114730.53770 0.00000
115064.41660 0.00000
114699.51900 0.00000
115202.53330 0.00000
114775.92440 0.00000
115651.40240 0.00000
114331.52760 0.00000
116551.97350 0.00000
116668.46890 0.00000
116435.36860 0.00000
116759.99330 0.00000
116780.64030 0.00000
117179.42050 0.00000
117927.94020 0.00000
118087.57080 0.00000
117617.07730 0.00000
117131.49130 0.00000
118689.63480 0.00000
118841.24880 0.00000
118366.97400 0.00000
118356.85290 0.00000
119507.39200 0.00000
120181.53850 0.00000
119325.62160 0.00000
119543.44140 0.00000
120371.56290 0.00000
120444.64770 0.00000
119345.69200 0.00000
121308.46850 0.00000
121571.56360 0.00000
120673.54920 0.00000
