-100.0000 -100.0000
7257.8870 0.0000
7218.7432 0.0000
7964.6756 0.0000
8126.3845 0.0000
7979.3910 0.0000
9148.9176 0.0000
9507.6960 0.0000
10051.6721 0.0000
10505.9890 0.0000
11230.0441 0.0000
11012.5570 0.0000
12290.7195 0.0000
13069.6497 0.0000
13424.4036 0.0000
12506.9600 0.0000
13075.4329 0.0000
13316.4290 0.0000
12734.7951 0.0000
12993.2484 0.0000
13719.1467 0.0000
14592.3662 0.0000
15730.9100 0.0000
16339.3278 0.0000
16987.8584 0.0000
15739.6117 0.0000
17372.7857 0.0000
16647.1259 0.0000
16994.2927 0.0000
17116.2463 0.0000
18037.2638 0.0000
17970.5136 0.0000
17916.2688 0.0000
18393.0497 0.0000
18695.8872 0.0000
19101.9589 0.0000
19161.0548 0.0000
19140.5084 0.0000
19714.1194 0.0000
20109.8974 0.0000
20959.5203 0.0000
19323.2632 0.0000
21467.9297 0.0000
21164.8710 0.0000
20962.0934 0.0000
22523.9314 0.0000
22163.5329 0.0000
23084.8292 0.0000
23209.5705 0.0000
23505.7433 0.0000
23522.2820 0.0000
22764.5226 0.0000
23724.6359 0.0000
22631.7999 0.0000
23846.8083 0.0000
24550.0836 0.0000
23161.2527 0.0000
24140.3279 0.0000
25172.3824 0.0000
25050.9060 0.0000
24526.6243 0.0000
25130.9401 0.0000
24768.9236 0.0000
24650.5656 0.0000
25380.0497 0.0000
25383.6915 0.0000
25694.5406 0.0000
25327.0787 0.0000
25603.1431 0.0000
25667.5155 0.0000
26296.1705 0.0000
27042.5573 0.0000
27491.7289 0.0000
27793.6909 0.0000
27129.3710 0.0000
27537.0595 0.0000
27149.2692 0.0000
27398.3385 0.0000
28445.0771 0.0000
27137.3508 0.0000
28049.6625 0.0000
29065.8863 0.0000
29165.9962 0.0000
28916.9535 0.0000
29040.0580 0.0000
28571.1231 0.0000
29032.1059 0.0000
28792.0428 0.0000
29455.1714 0.0000
30136.9332 0.0000
30248.8511 0.0000
30101.3297 0.0000
30662.8654 0.0000
30280.7010 0.0000
29490.2211 0.0000
31269.7943 0.0000
31134.0765 0.0000
31877.0973 0.0000
32832.4209 0.0000
33453.3459 0.0000
31995.0273 0.0000
32969.3484 0.0000
33624.9986 0.0000
33295.9340 0.0000
33670.5443 0.0000
33052.4123 0.0000
33560.0674 0.0000
32940.4807 0.0000
33479.8453 0.0000
33252.0574 0.0000
33717.2333 0.0000
34508.5292 0.0000
34470.1566 0.0000
34336.5599 0.0000
34881.4802 0.0000
35029.7797 0.0000
35328.0706 0.0000
34830.9908 0.0000
35945.1645 0.0000
35853.3048 0.0000
36509.5059 0.0000
35909.8889 0.0000
36656.6866 0.0000
36548.8606 0.0000
36959.4129 0.0000
37560.2482 0.0000
37384.7981 0.0000
37468.2081 0.0000
38004.8661 0.0000
38265.8702 0.0000
38595.2953 0.0000
38534.4690 0.0000
38179.5971 0.0000
38357.4565 0.0000
37912.7983 0.0000
40193.3096 0.0000
40832.2759 0.0000
40370.7404 0.0000
41212.8729 0.0000
40566.9631 0.0000
42224.1290 0.0000
43198.5725 0.0000
42861.7739 0.0000
42901.6252 0.0000
42111.9123 0.0000
42591.6038 0.0000
43143.1595 0.0000
43682.5029 0.0000
43964.3893 0.0000
43751.0893 0.0000
43661.0360 0.0000
43329.9548 0.0000
44063.9823 0.0000
43153.0402 0.0000
44774.5577 0.0000
44244.0230 0.0000
44763.8679 0.0000
44505.2210 0.0000
46278.6363 0.0000
46895.0260 0.0000
47946.5460 0.0000
48199.5642 0.0000
47632.9708 0.0000
47002.3642 0.0000
49916.4322 0.0000
49232.4685 0.0000
49701.7028 0.0000
49839.2482 0.0000
49753.0376 0.0000
49779.0768 0.0000
49817.8456 0.0000
49231.1717 0.0000
49815.2252 0.0000
49414.3831 0.0000
48913.6943 0.0000
50822.9670 0.0000
51169.7064 0.0000
51461.0836 0.0000
51002.6512 0.0000
51083.1058 0.0000
51411.2379 0.0000
51561.7475 0.0000
52152.8671 0.0000
51934.2345 0.0000
52015.3189 0.0000
52471.1391 0.0000
53041.7105 0.0000
52388.9576 0.0000
53201.9410 0.0000
53160.7072 0.0000
53896.8269 0.0000
54216.8173 0.0000
54382.6950 0.0000
54637.3146 0.0000
54910.1395 0.0000
55362.9138 0.0000
55533.9229 0.0000
55093.4303 0.0000
56642.6947 0.0000
57054.2975 0.0000
57925.5485 0.0000
58676.4719 0.0000
58843.5038 0.0000
59004.8388 0.0000
59667.0071 0.0000
59863.3567 0.0000
60509.1178 0.0000
59111.1408 0.0000
61480.1394 0.0000
60834.0885 0.0000
60607.6950 0.0000
61455.3346 0.0000
60884.9313 0.0000
61129.8006 0.0000
61771.6227 0.0000
61172.1986 0.0000
61882.4130 0.0000
62709.2219 0.0000
62829.7848 0.0000
63190.7698 0.0000
62425.5202 0.0000
63069.1220 0.0000
62920.5743 0.0000
63958.7837 0.0000
63947.1013 0.0000
64811.2002 0.0000
65241.2227 0.0000
65527.3449 0.0000
65062.6449 0.0000
65350.4669 0.0000
66123.0659 0.0000
65900.3325 0.0000
67724.8923 0.0000
67144.0622 0.0000
67651.3335 0.0000
67722.2882 0.0000
66810.3474 0.0000
68551.6215 0.0000
68512.1046 0.0000
67676.3638 0.0000
69150.3818 0.0000
69451.0977 0.0000
68847.1768 0.0000
70202.1086 0.0000
70137.0007 0.0000
70684.3852 0.0000
70043.7457 0.0000
71116.8725 0.0000
70543.0934 0.0000
71109.5207 0.0000
71591.8122 0.0000
70570.4288 0.0000
71865.4075 0.0000
71441.3833 0.0000
70328.5074 0.0000
71293.0565 0.0000
72519.5813 0.0000
72741.3352 0.0000
71743.3523 0.0000
72564.7298 0.0000
73757.2081 0.0000
73595.6721 0.0000
74645.6257 0.0000
74560.2003 0.0000
74956.5341 0.0000
75116.9866 0.0000
75411.2147 0.0000
75114.9236 0.0000
75570.6917 0.0000
76224.2542 0.0000
76036.4020 0.0000
75180.6610 0.0000
75364.5691 0.0000
75527.3115 0.0000
76914.9917 0.0000
76878.6960 0.0000
77420.2185 0.0000
77729.5948 0.0000
77710.1292 0.0000
77767.8734 0.0000
77878.6719 0.0000
77457.5280 0.0000
77621.8279 0.0000
78185.8047 0.0000
78435.2758 0.0000
78321.1416 0.0000
78993.2269 0.0000
77871.8360 0.0000
78021.2959 0.0000
79337.5224 0.0000
78445.0330 0.0000
80496.9982 0.0000
80398.6273 0.0000
79900.8701 0.0000
80107.6062 0.0000
80547.5718 0.0000
80296.7876 0.0000
80222.3069 0.0000
80715.4797 0.0000
80957.1742 0.0000
81043.2847 0.0000
81347.0095 0.0000
80853.5781 0.0000
80394.0751 0.0000
80847.6081 0.0000
81270.7308 0.0000
81357.8716 0.0000
80943.1817 0.0000
81370.2408 0.0000
81564.3883 0.0000
81379.0525 0.0000
81902.7682 0.0000
81622.0679 0.0000
81827.6197 0.0000
81540.4413 0.0000
82220.2137 0.0000
81685.5040 0.0000
81366.5114 0.0000
82461.1131 0.0000
83002.9795 0.0000
83463.9217 0.0000
83438.7037 0.0000
83264.3198 0.0000
83089.1347 0.0000
84413.2394 0.0000
84839.5293 0.0000
84299.7104 0.0000
83273.4373 0.0000
84542.0873 0.0000
85057.8091 0.0000
84247.8676 0.0000
84501.3132 0.0000
84437.1366 0.0000
84642.9616 0.0000
84247.8243 0.0000
85880.1896 0.0000
84905.1948 0.0000
87076.9351 0.0000
87524.5943 0.0000
86917.7548 0.0000
87511.0979 0.0000
86936.8481 0.0000
87565.1008 0.0000
87917.1800 0.0000
89006.5303 0.0000
89658.8524 0.0000
87845.7772 0.0000
89584.1725 0.0000
89803.2208 0.0000
90866.8826 0.0000
92258.5966 0.0000
93102.5194 0.0000
92004.2236 0.0000
93065.8661 0.0000
91852.7451 0.0000
94032.8123 0.0000
93924.0763 0.0000
93248.5244 0.0000
93666.9743 0.0000
94521.7474 0.0000
93856.5891 0.0000
92846.2781 0.0000
94405.1093 0.0000
94526.3784 0.0000
93496.5883 0.0000
94269.9079 0.0000
94181.0485 0.0000
94394.5585 0.0000
93814.5019 0.0000
94595.7420 0.0000
94782.1831 0.0000
94098.3410 0.0000
94721.9546 0.0000
94963.1701 0.0000
95501.6903 0.0000
95302.1884 0.0000
96001.5212 0.0000
96134.9384 0.0000
95456.6819 0.0000
96102.7726 0.0000
96175.2441 0.0000
96461.6568 0.0000
96299.1348 0.0000
96760.4790 0.0000
96375.2382 0.0000
97218.4478 0.0000
98158.2181 0.0000
98862.1113 0.0000
97795.3491 0.0000
99067.1579 0.0000
99674.2474 0.0000
99189.8954 0.0000
99428.2300 0.0000
99528.2190 0.0000
98980.2092 0.0000
99510.9548 0.0000
99825.5456 0.0000
99712.2429 0.0000
99712.8977 0.0000
99174.6698 0.0000
100140.4466 0.0000
99854.9725 0.0000
99770.2555 0.0000
100945.8690 0.0000
100750.6178 0.0000
101529.8977 0.0000
102281.8291 0.0000
102223.2835 0.0000
103057.7530 0.0000
102618.4531 0.0000
103344.7327 0.0000
103287.6605 0.0000
102234.8818 0.0000
103559.2063 0.0000
103116.4790 0.0000
103719.6563 0.0000
104427.1235 0.0000
104183.0668 0.0000
105017.5195 0.0000
105055.4082 0.0000
105465.7568 0.0000
104506.6628 0.0000
104866.9631 0.0000
105342.7481 0.0000
106358.3820 0.0000
105378.5932 0.0000
105866.2620 0.0000
105895.9075 0.0000
106530.4363 0.0000
106482.6434 0.0000
106363.4667 0.0000
106417.4557 0.0000
107056.5881 0.0000
106691.8632 0.0000
107643.3079 0.0000
107452.3587 0.0000
108625.5790 0.0000
109119.2778 0.0000
109727.2360 0.0000
109324.5680 0.0000
109507.3387 0.0000
109565.5754 0.0000
108923.5807 0.0000
110729.7570 0.0000
111365.3761 0.0000
111476.5555 0.0000
111040.3098 0.0000
112019.9043 0.0000
111543.8222 0.0000
112511.5963 0.0000
112067.5660 0.0000
112398.4294 0.0000
112296.3545 0.0000
112939.8965 0.0000
112102.9109 0.0000
113461.1243 0.0000
112691.8670 0.0000
113381.8066 0.0000
113271.7146 0.0000
113072.1567 0.0000
113190.6492 0.0000
112832.4981 0.0000
113022.5469 0.0000
112786.9910 0.0000
114270.7885 0.0000
113760.6715 0.0000
114974.7301 0.0000
114543.5430 0.0000
114314.5994 0.0000
115087.8765 0.0000
114984.7093 0.0000
115171.2824 0.0000
114147.2109 0.0000
116123.5434 0.0000
115988.3142 0.0000
115854.5493 0.0000
116604.3687 0.0000
115892.1209 0.0000
117552.3504 0.0000
118115.8612 0.0000
118273.0220 0.0000
118560.1358 0.0000
118027.6522 0.0000
118972.4782 0.0000
118256.4465 0.0000
119615.5283 0.0000
119845.3823 0.0000
119461.4015 0.0000
120599.7869 0.0000
121100.3330 0.0000
121133.9268 0.0000
120830.1683 0.0000
121204.8421 0.0000
121407.5590 0.0000
121469.9114 0.0000
121068.3147 0.0000
120952.0293 0.0000
122120.4461 0.0000
121945.9478 0.0000
121938.1172 0.0000
123016.3295 0.0000
122667.5466 0.0000
123922.4566 0.0000
123651.7341 0.0000
123988.4289 0.0000
123827.4140 0.0000
124179.5969 0.0000
124062.6384 0.0000
124562.3765 0.0000
124550.9797 0.0000
124552.1073 0.0000
124358.8865 0.0000
125121.5681 0.0000
125406.7260 0.0000
126040.9408 0.0000
126849.0541 0.0000
126651.0065 0.0000
126882.9400 0.0000
127311.3027 0.0000
127634.2658 0.0000
127061.4871 0.0000
127041.5233 0.0000
128500.5276 0.0000
127925.7904 0.0000
127273.2763 0.0000
128478.5503 0.0000
128195.2951 0.0000
127758.2128 0.0000
128427.1651 0.0000
128469.8521 0.0000
127866.3144 0.0000
128741.9716 0.0000
129538.6188 0.0000
128314.5250 0.0000
130256.5300 0.0000
130233.4784 0.0000
130004.8500 0.0000
130427.5668 0.0000
129139.2022 0.0000
130449.8969 0.0000
130171.7772 0.0000
131030.2907 0.0000
131669.4179 0.0000
131978.5070 0.0000
131644.5103 0.0000
132187.6596 0.0000
132938.7333 0.0000
132853.8594 0.0000
132799.8376 0.0000
133214.6065 0.0000
132996.8976 0.0000
133869.7591 0.0000
134387.1612 0.0000
133753.9920 0.0000
135148.5745 0.0000
135324.8292 0.0000
134251.2065 0.0000
135007.7298 0.0000
136324.4209 0.0000
136264.5029 0.0000
136048.0465 0.0000
136157.6996 0.0000
136344.1373 0.0000
135971.9207 0.0000
136359.7843 0.0000
136385.4583 0.0000
136746.0966 0.0000
135792.8931 0.0000
136866.4066 0.0000
137334.7755 0.0000
137593.4081 0.0000
137834.2271 0.0000
137578.7637 0.0000
138323.3714 0.0000
138544.8875 0.0000
138707.3559 0.0000
137806.0474 0.0000
137995.8627 0.0000
138801.8256 0.0000
138231.2505 0.0000
138521.2316 0.0000
138576.4498 0.0000
138599.8952 0.0000
138440.9809 0.0000
139147.7536 0.0000
139167.0735 0.0000
138831.8129 0.0000
139215.4963 0.0000
138883.5492 0.0000
138795.0200 0.0000
139376.4138 0.0000
139417.2154 0.0000
137768.3452 0.0000
139350.2934 0.0000
139762.3380 0.0000
139388.6287 0.0000
139880.2167 0.0000
139807.9783 0.0000
139765.8425 0.0000
140180.7346 0.0000
140531.0792 0.0000
140255.3054 0.0000
140571.8110 0.0000
141334.8586 0.0000
141118.2141 0.0000
141957.2222 0.0000
142269.7119 0.0000
142239.4597 0.0000
141660.9318 0.0000
142606.1813 0.0000
141900.6095 0.0000
143299.5860 0.0000
143165.7483 0.0000
143319.8738 0.0000
144084.6092 0.0000
143697.2910 0.0000
144286.9230 0.0000
144944.9167 0.0000
144008.1143 0.0000
144902.3285 0.0000
144445.3643 0.0000
145732.4113 0.0000
146437.1861 0.0000
147019.5270 0.0000
147802.8282 0.0000
148034.8370 0.0000
148542.3939 0.0000
147785.8148 0.0000
148203.7216 0.0000
148043.8653 0.0000
149734.9300 0.0000
149272.2939 0.0000
150054.0179 0.0000
149652.6082 0.0000
149896.4255 0.0000
149946.1085 0.0000
150024.8301 0.0000
149408.6121 0.0000
151111.4648 0.0000
151055.2233 0.0000
150500.6815 0.0000
151237.7706 0.0000
151188.5480 0.0000
150303.0622 0.0000
151936.0261 0.0000
152228.6306 0.0000
152195.6194 0.0000
151746.1133 0.0000
151509.1798 0.0000
152068.0783 0.0000
153302.8319 0.0000
152442.1895 0.0000
153492.8784 0.0000
154344.8428 0.0000
154014.3573 0.0000
155292.6364 0.0000
154341.2288 0.0000
155390.0026 0.0000
156449.6660 0.0000
156388.3810 0.0000
157254.8071 0.0000
157231.7392 0.0000
156314.8277 0.0000
156715.9695 0.0000
157159.4886 0.0000
157717.5400 0.0000
157581.9853 0.0000
158128.6302 0.0000
158497.4294 0.0000
158735.9434 0.0000
158091.5791 0.0000
159432.4132 0.0000
160180.2336 0.0000
160622.2119 0.0000
159476.6507 0.0000
160770.3431 0.0000
160961.4893 0.0000
161432.1833 0.0000
161806.5328 0.0000
161799.9480 0.0000
161949.4829 0.0000
161522.3080 0.0000
161387.9457 0.0000
162449.7540 0.0000
162034.4263 0.0000
161283.4655 0.0000
162441.4335 0.0000
162272.0095 0.0000
162442.6076 0.0000
161892.9534 0.0000
162668.5305 0.0000
162483.4101 0.0000
162123.8929 0.0000
162911.6764 0.0000
162887.8621 0.0000
161642.2244 0.0000
162900.3419 0.0000
163642.7975 0.0000
163749.4474 0.0000
164370.0563 0.0000
164585.4445 0.0000
163961.3517 0.0000
164275.8964 0.0000
164931.3469 0.0000
164682.2402 0.0000
165276.3819 0.0000
165079.3421 0.0000
165517.4605 0.0000
165410.7305 0.0000
165173.1473 0.0000
165980.3852 0.0000
165732.1003 0.0000
165976.9434 0.0000
166850.1807 0.0000
167051.3633 0.0000
167271.8605 0.0000
167929.6932 0.0000
167623.1961 0.0000
168215.4291 0.0000
167133.6938 0.0000
168188.1589 0.0000
167438.2038 0.0000
167467.1424 0.0000
169126.0354 0.0000
168186.5878 0.0000
169288.6181 0.0000
168438.5927 0.0000
169803.7948 0.0000
169495.2409 0.0000
170482.3756 0.0000
170992.2030 0.0000
171901.9042 0.0000
171883.0514 0.0000
172040.8184 0.0000
173535.6295 0.0000
173433.4853 0.0000
173971.8740 0.0000
174813.5111 0.0000
174438.2139 0.0000
174488.0314 0.0000
174524.1451 0.0000
175941.5291 0.0000
174774.0288 0.0000
176716.3466 0.0000
176239.8920 0.0000
176085.1932 0.0000
176933.7866 0.0000
176749.5532 0.0000
176941.9971 0.0000
176780.0400 0.0000
176960.4290 0.0000
177104.4275 0.0000
177533.6674 0.0000
176949.1665 0.0000
178212.8466 0.0000
178627.4899 0.0000
179154.4824 0.0000
179779.7309 0.0000
179263.7195 0.0000
179376.5302 0.0000
179723.2243 0.0000
179491.9583 0.0000
179601.4328 0.0000
180084.3563 0.0000
180448.4514 0.0000
181279.2454 0.0000
180462.0079 0.0000
180607.9746 0.0000
181442.6404 0.0000
181395.0066 0.0000
181386.1752 0.0000
181423.4871 0.0000
181496.1222 0.0000
180827.9462 0.0000
181629.2367 0.0000
181191.0118 0.0000
182782.5336 0.0000
182449.7687 0.0000
183329.6991 0.0000
183689.1058 0.0000
183349.7999 0.0000
183414.9483 0.0000
183577.6631 0.0000
183749.3069 0.0000
184039.4259 0.0000
184053.7927 0.0000
184633.9157 0.0000
184657.2855 0.0000
184238.0356 0.0000
184300.2158 0.0000
185905.9924 0.0000
185901.3949 0.0000
185965.8054 0.0000
186305.7968 0.0000
186101.0913 0.0000
186527.9324 0.0000
186352.4509 0.0000
186492.6438 0.0000
186811.7768 0.0000
187145.3418 0.0000
187573.1954 0.0000
188505.4383 0.0000
188387.1642 0.0000
189622.6643 0.0000
188669.7976 0.0000
189477.5603 0.0000
190789.9910 0.0000
190907.3221 0.0000
191298.0971 0.0000
190939.1756 0.0000
191223.6720 0.0000
191405.1094 0.0000
191936.3761 0.0000
192166.6920 0.0000
192713.3983 0.0000
192516.7017 0.0000
193641.6946 0.0000
193844.7078 0.0000
193094.1304 0.0000
194065.0304 0.0000
193757.3725 0.0000
194853.0176 0.0000
195254.9618 0.0000
195587.3612 0.0000
195392.0460 0.0000
194864.4596 0.0000
195865.4960 0.0000
196166.7327 0.0000
196040.1479 0.0000
196295.7309 0.0000
196481.6992 0.0000
196441.7843 0.0000
196145.5463 0.0000
196098.6219 0.0000
196485.3351 0.0000
197335.0201 0.0000
197261.2196 0.0000
198019.0619 0.0000
197826.4101 0.0000
197357.8122 0.0000
196615.6602 0.0000
198211.3957 0.0000
198335.8155 0.0000
198464.1584 0.0000
198297.9493 0.0000
197578.2001 0.0000
198324.3066 0.0000
198684.9432 0.0000
198291.3844 0.0000
199784.1522 0.0000
199548.3231 0.0000
199230.2392 0.0000
199873.8360 0.0000
200001.3974 0.0000
200065.3808 0.0000
200170.9486 0.0000
200126.1911 0.0000
199719.4874 0.0000
199553.6074 0.0000
199750.1868 0.0000
200664.4970 0.0000
200425.0564 0.0000
201129.2625 0.0000
200920.7890 0.0000
200994.3081 0.0000
201611.0217 0.0000
201337.6364 0.0000
200653.4002 0.0000
201989.9599 0.0000
201763.7461 0.0000
202325.6074 0.0000
203389.9502 0.0000
203498.1925 0.0000
202970.3075 0.0000
203061.7702 0.0000
204086.3634 0.0000
204281.4303 0.0000
204213.0812 0.0000
204255.2839 0.0000
205732.4671 0.0000
206257.8971 0.0000
205444.0655 0.0000
206169.8330 0.0000
205931.3243 0.0000
205668.0849 0.0000
206103.4406 0.0000
206782.0757 0.0000
206465.4703 0.0000
208049.6126 0.0000
207979.3906 0.0000
208031.8822 0.0000
207746.5574 0.0000
207855.4019 0.0000
209375.0379 0.0000
208529.1683 0.0000
209615.8977 0.0000
210434.7238 0.0000
210772.7398 0.0000
211622.6662 0.0000
211704.9322 0.0000
211722.6053 0.0000
211199.4884 0.0000
212106.0293 0.0000
212247.0500 0.0000
212428.9455 0.0000
211939.5502 0.0000
212401.3642 0.0000
212361.3220 0.0000
212407.1177 0.0000
213343.6880 0.0000
212013.7730 0.0000
214570.5093 0.0000
214067.5558 0.0000
214886.4914 0.0000
214619.7280 0.0000
214815.5603 0.0000
213968.2703 0.0000
215486.5565 0.0000
215013.0631 0.0000
214414.8367 0.0000
215707.7006 0.0000
215361.2136 0.0000
215453.4977 0.0000
215320.9896 0.0000
216489.6332 0.0000
217269.0160 0.0000
217575.9156 0.0000
217549.4803 0.0000
218465.9391 0.0000
218486.3514 0.0000
218296.6025 0.0000
219205.7416 0.0000
217776.8897 0.0000
219145.7568 0.0000
218626.5835 0.0000
218546.7051 0.0000
220048.0566 0.0000
220034.7700 0.0000
219107.1909 0.0000
219435.3790 0.0000
220983.6256 0.0000
220952.6650 0.0000
220829.4731 0.0000
221553.3548 0.0000
220776.5854 0.0000
221545.7325 0.0000
220828.9973 0.0000
221100.3488 0.0000
222233.7596 0.0000
222186.2253 0.0000
222301.6747 0.0000
222713.4872 0.0000
223074.1328 0.0000
221913.4703 0.0000
222782.3243 0.0000
221344.8920 0.0000
223912.0223 0.0000
222949.2841 0.0000
223398.1226 0.0000
223059.5525 0.0000
224024.6659 0.0000
223121.3082 0.0000
224186.6912 0.0000
224646.2593 0.0000
224705.7681 0.0000
225103.9453 0.0000
225333.5420 0.0000
225528.6354 0.0000
225245.6181 0.0000
224623.4554 0.0000
226022.9387 0.0000
225790.0318 0.0000
226391.5497 0.0000
226363.7559 0.0000
226283.6404 0.0000
226534.0016 0.0000
226561.8320 0.0000
226355.9946 0.0000
227414.8365 0.0000
228010.7720 0.0000
228849.2108 0.0000
229140.3564 0.0000
229405.9933 0.0000
228648.7829 0.0000
229868.1514 0.0000
228717.8137 0.0000
229903.3277 0.0000
229584.4656 0.0000
229765.5676 0.0000
230796.4127 0.0000
230948.1840 0.0000
230751.1787 0.0000
231321.2348 0.0000
231134.3867 0.0000
229419.7332 0.0000
231299.8600 0.0000
230191.7235 0.0000
231507.8420 0.0000
231417.2177 0.0000
231558.4691 0.0000
231887.1732 0.0000
231249.4035 0.0000
232097.7907 0.0000
231739.9040 0.0000
231572.7305 0.0000
231485.5213 0.0000
231904.7180 0.0000
232511.4359 0.0000
232044.4029 0.0000
232244.8568 0.0000
231234.9489 0.0000
232541.6282 0.0000
233309.7715 0.0000
233132.3967 0.0000
232041.3805 0.0000
232134.7269 0.0000
234335.4979 0.0000
234253.4452 0.0000
235929.6343 0.0000
236140.5089 0.0000
235577.9158 0.0000
234970.1575 0.0000
235969.0886 0.0000
236610.1948 0.0000
236108.9523 0.0000
237138.6062 0.0000
237437.0302 0.0000
237897.9085 0.0000
238544.8641 0.0000
239330.4479 0.0000
239455.2575 0.0000
238945.9517 0.0000
239553.3475 0.0000
239152.4962 0.0000
239866.7265 0.0000
240346.0431 0.0000
240344.4072 0.0000
240258.2093 0.0000
241153.3998 0.0000
240595.5787 0.0000
241583.8897 0.0000
241825.3035 0.0000
240881.3335 0.0000
241562.4092 0.0000
240926.6751 0.0000
241638.9435 0.0000
242246.0121 0.0000
242028.9813 0.0000
242221.1798 0.0000
242616.5027 0.0000
244014.4196 0.0000
244231.4887 0.0000
244367.5187 0.0000
244388.4896 0.0000
244744.0473 0.0000
245408.0077 0.0000
244392.5212 0.0000
244608.2672 0.0000
245614.5622 0.0000
245993.0867 0.0000
246051.0454 0.0000
246138.5593 0.0000
245783.3426 0.0000
245507.1615 0.0000
245639.7859 0.0000
246175.0437 0.0000
246513.3942 0.0000
246172.8284 0.0000
246861.3743 0.0000
246481.3645 0.0000
247374.8215 0.0000
246993.3474 0.0000
247078.2441 0.0000
248092.6413 0.0000
247110.4808 0.0000
249020.3353 0.0000
249458.3642 0.0000
249232.5700 0.0000
250280.9615 0.0000
249308.7370 0.0000
250787.2163 0.0000
250393.2168 0.0000
250667.6516 0.0000
250351.7996 0.0000
250744.5274 0.0000
250913.9040 0.0000
250669.0061 0.0000
251102.8469 0.0000
251214.5699 0.0000
251094.8031 0.0000
250373.7914 0.0000
249854.6828 0.0000
251109.8807 0.0000
250648.2353 0.0000
251492.8743 0.0000
251598.5442 0.0000
251563.8343 0.0000
251102.6566 0.0000
250922.8553 0.0000
250806.8320 0.0000
251129.1661 0.0000
252120.5873 0.0000
252921.3098 0.0000
252836.1160 0.0000
253456.5240 0.0000
253253.1555 0.0000
253850.7488 0.0000
253423.6557 0.0000
254642.2020 0.0000
254008.4611 0.0000
254946.2535 0.0000
255628.1086 0.0000
255848.8891 0.0000
257376.3444 0.0000
257871.6018 0.0000
257456.0834 0.0000
259140.2969 0.0000
258339.7280 0.0000
258586.2097 0.0000
259056.8381 0.0000
258622.9417 0.0000
259282.8086 0.0000
259960.9969 0.0000
260647.6776 0.0000
260289.1427 0.0000
260750.3762 0.0000
260384.6530 0.0000
260244.2555 0.0000
260628.1563 0.0000
260807.2845 0.0000
260869.4167 0.0000
260374.9818 0.0000
261039.2498 0.0000
261324.4062 0.0000
261896.5039 0.0000
261780.4438 0.0000
261839.2766 0.0000
262034.8985 0.0000
262436.8034 0.0000
263217.0395 0.0000
264022.8915 0.0000
264310.1958 0.0000
264263.4219 0.0000
264436.6366 0.0000
264247.3127 0.0000
264770.3660 0.0000
264984.7080 0.0000
265618.7557 0.0000
265918.1451 0.0000
266268.4187 0.0000
266817.8500 0.0000
266704.6380 0.0000
267221.1680 0.0000
266890.8580 0.0000
267347.5863 0.0000
268126.3272 0.0000
268364.5660 0.0000
268978.0813 0.0000
269541.7516 0.0000
269980.4481 0.0000
270234.4394 0.0000
270145.3239 0.0000
269279.8996 0.0000
271116.5238 0.0000
271572.8047 0.0000
272515.9858 0.0000
272116.6272 0.0000
273200.4541 0.0000
273479.2169 0.0000
272336.7815 0.0000
274216.8885 0.0000
273780.9846 0.0000
274588.6739 0.0000
275089.8179 0.0000
275173.0215 0.0000
276089.4333 0.0000
275776.6980 0.0000
276674.1179 0.0000
275696.2516 0.0000
277387.5914 0.0000
277229.4255 0.0000
277530.7170 0.0000
277614.7317 0.0000
277877.2793 0.0000
278397.1099 0.0000
279178.8936 0.0000
279928.3215 0.0000
280157.1215 0.0000
280083.6148 0.0000
279905.6113 0.0000
280102.4456 0.0000
281582.5868 0.0000
281438.7586 0.0000
282501.8473 0.0000
283215.7186 0.0000
282422.8817 0.0000
283581.1426 0.0000
283850.3752 0.0000
283107.3675 0.0000
284002.0716 0.0000
283944.7828 0.0000
284679.5469 0.0000
285005.7148 0.0000
284959.8049 0.0000
285009.2159 0.0000
284941.8681 0.0000
284554.6327 0.0000
286745.6295 0.0000
287255.9053 0.0000
286833.8100 0.0000
287847.2602 0.0000
287429.9247 0.0000
287657.7243 0.0000
287487.2228 0.0000
287716.2520 0.0000
286703.4118 0.0000
287557.2950 0.0000
288616.4811 0.0000
289308.5257 0.0000
288931.0237 0.0000
289348.7542 0.0000
289759.2964 0.0000
289350.7077 0.0000
289785.7652 0.0000
290014.1095 0.0000
290205.7176 0.0000
289634.1379 0.0000
289866.2808 0.0000
290757.4648 0.0000
290219.6094 0.0000
289916.3264 0.0000
291080.7308 0.0000
290795.5290 0.0000
290982.4832 0.0000
290324.3109 0.0000
291580.2619 0.0000
290990.1333 0.0000
290807.3614 0.0000
290411.1064 0.0000
291914.3311 0.0000
290861.1229 0.0000
291341.0337 0.0000
291705.5864 0.0000
291757.8113 0.0000
291517.9992 0.0000
291862.2093 0.0000
292601.4508 0.0000
292697.2389 0.0000
292771.4636 0.0000
292699.5046 0.0000
