-100.0000 -100.0000
7319.5404 0.0000
7280.4229 0.0000
8026.3596 0.0000
8188.0480 0.0000
8041.0332 0.0000
9210.5779 0.0000
9569.3557 0.0000
10113.3239 0.0000
10567.6365 0.0000
11291.6909 0.0000
11074.2043 0.0000
12352.3658 0.0000
13131.2960 0.0000
13486.0494 0.0000
12568.6061 0.0000
13137.0790 0.0000
13378.0750 0.0000
12796.4413 0.0000
13054.8944 0.0000
13780.7926 0.0000
14654.0119 0.0000
15792.5555 0.0000
16400.9732 0.0000
17049.5038 0.0000
15801.2574 0.0000
17434.4312 0.0000
16708.7714 0.0000
17055.9382 0.0000
17177.8917 0.0000
18098.9092 0.0000
18032.1590 0.0000
17977.9149 0.0000
18454.6956 0.0000
18757.5322 0.0000
19163.6040 0.0000
19222.6995 0.0000
19202.1531 0.0000
19775.7641 0.0000
20171.5421 0.0000
21021.1651 0.0000
19384.9084 0.0000
21529.5749 0.0000
21226.5162 0.0000
21023.7386 0.0000
22585.5766 0.0000
22225.1782 0.0000
23146.4744 0.0000
23271.2157 0.0000
23567.3884 0.0000
23583.9271 0.0000
22826.1677 0.0000
23786.2810 0.0000
22693.4450 0.0000
23908.4535 0.0000
24611.7287 0.0000
23222.8979 0.0000
24201.9730 0.0000
25234.0276 0.0000
25112.5511 0.0000
24588.2694 0.0000
25192.5853 0.0000
24830.5687 0.0000
24712.2108 0.0000
25441.6949 0.0000
25445.3366 0.0000
25756.1857 0.0000
25388.7238 0.0000
25664.7882 0.0000
25729.1606 0.0000
26357.8157 0.0000
27104.2024 0.0000
27553.3740 0.0000
27855.3361 0.0000
27191.0162 0.0000
27598.7047 0.0000
27210.9143 0.0000
27459.9836 0.0000
28506.7223 0.0000
27198.9960 0.0000
28111.3077 0.0000
29127.5314 0.0000
29227.6414 0.0000
28978.5987 0.0000
29101.7031 0.0000
28632.7682 0.0000
29093.7510 0.0000
28853.6879 0.0000
29516.8165 0.0000
30198.5783 0.0000
30310.4963 0.0000
30162.9749 0.0000
30724.5105 0.0000
30342.3461 0.0000
29551.8663 0.0000
31331.4394 0.0000
31195.7216 0.0000
31938.7424 0.0000
32894.0661 0.0000
33514.9910 0.0000
32056.6725 0.0000
33030.9936 0.0000
33686.6438 0.0000
33357.5792 0.0000
33732.1895 0.0000
33114.0575 0.0000
33621.7125 0.0000
33002.1259 0.0000
33541.4904 0.0000
33313.7026 0.0000
33778.8784 0.0000
34570.1743 0.0000
34531.8017 0.0000
34398.2050 0.0000
34943.1254 0.0000
35091.4248 0.0000
35389.7158 0.0000
34892.6359 0.0000
36006.8096 0.0000
35914.9500 0.0000
36571.1510 0.0000
35971.5341 0.0000
36718.3317 0.0000
36610.5058 0.0000
37021.0580 0.0000
37621.8934 0.0000
37446.4432 0.0000
37529.8533 0.0000
38066.5112 0.0000
38327.5153 0.0000
38656.9405 0.0000
38596.1142 0.0000
38241.2422 0.0000
38419.1016 0.0000
37974.4435 0.0000
40254.9547 0.0000
40893.9211 0.0000
40432.3856 0.0000
41274.5181 0.0000
40628.6082 0.0000
42285.7741 0.0000
43260.2176 0.0000
42923.4190 0.0000
42963.2704 0.0000
42173.5574 0.0000
42653.2490 0.0000
43204.8046 0.0000
43744.1480 0.0000
44026.0344 0.0000
43812.7344 0.0000
43722.6812 0.0000
43391.5999 0.0000
44125.6274 0.0000
43214.6854 0.0000
44836.2028 0.0000
44305.6682 0.0000
44825.5130 0.0000
44566.8661 0.0000
46340.2815 0.0000
46956.6711 0.0000
48008.1912 0.0000
48261.2094 0.0000
47694.6159 0.0000
47064.0093 0.0000
49978.0774 0.0000
49294.1136 0.0000
49763.3479 0.0000
49900.8934 0.0000
49814.6828 0.0000
49840.7219 0.0000
49879.4907 0.0000
49292.8168 0.0000
49876.8704 0.0000
49476.0283 0.0000
48975.3394 0.0000
50884.6122 0.0000
51231.3515 0.0000
51522.7287 0.0000
51064.2963 0.0000
51144.7509 0.0000
51472.8830 0.0000
51623.3927 0.0000
52214.5122 0.0000
51995.8796 0.0000
52076.9641 0.0000
52532.7843 0.0000
53103.3557 0.0000
52450.6027 0.0000
53263.5862 0.0000
53222.3523 0.0000
53958.4721 0.0000
54278.4625 0.0000
54444.3402 0.0000
54698.9598 0.0000
54971.7846 0.0000
55424.5590 0.0000
55595.5680 0.0000
55155.0754 0.0000
56704.3398 0.0000
57115.9426 0.0000
57987.1937 0.0000
58738.1170 0.0000
58905.1489 0.0000
59066.4839 0.0000
59728.6522 0.0000
59925.0019 0.0000
60570.7630 0.0000
59172.7860 0.0000
61541.7845 0.0000
60895.7337 0.0000
60669.3401 0.0000
61516.9798 0.0000
60946.5765 0.0000
61191.4458 0.0000
61833.2679 0.0000
61233.8437 0.0000
61944.0582 0.0000
62770.8671 0.0000
62891.4299 0.0000
63252.4149 0.0000
62487.1653 0.0000
63130.7672 0.0000
62982.2194 0.0000
64020.4289 0.0000
64008.7464 0.0000
64872.8453 0.0000
65302.8678 0.0000
65588.9901 0.0000
65124.2900 0.0000
65412.1121 0.0000
66184.7111 0.0000
65961.9776 0.0000
67786.5374 0.0000
67205.7074 0.0000
67712.9786 0.0000
67783.9334 0.0000
66871.9925 0.0000
68613.2666 0.0000
68573.7498 0.0000
67738.0090 0.0000
69212.0270 0.0000
69512.7429 0.0000
68908.8220 0.0000
70263.7537 0.0000
70198.6459 0.0000
70746.0304 0.0000
70105.3909 0.0000
71178.5177 0.0000
70604.7385 0.0000
71171.1658 0.0000
71653.4573 0.0000
70632.0739 0.0000
71927.0527 0.0000
71503.0284 0.0000
70390.1525 0.0000
71354.7017 0.0000
72581.2265 0.0000
72802.9803 0.0000
71804.9974 0.0000
72626.3749 0.0000
73818.8533 0.0000
73657.3172 0.0000
74707.2708 0.0000
74621.8454 0.0000
75018.1793 0.0000
75178.6318 0.0000
75472.8598 0.0000
75176.5687 0.0000
75632.3368 0.0000
76285.8994 0.0000
76098.0471 0.0000
75242.3062 0.0000
75426.2142 0.0000
75588.9566 0.0000
76976.6368 0.0000
76940.3411 0.0000
77481.8636 0.0000
77791.2400 0.0000
77771.7744 0.0000
77829.5185 0.0000
77940.3171 0.0000
77519.1731 0.0000
77683.4731 0.0000
78247.4498 0.0000
78496.9210 0.0000
78382.7867 0.0000
79054.8720 0.0000
77933.4812 0.0000
78082.9411 0.0000
79399.1676 0.0000
78506.6781 0.0000
80558.6433 0.0000
80460.2724 0.0000
79962.5153 0.0000
80169.2514 0.0000
80609.2169 0.0000
80358.4327 0.0000
80283.9520 0.0000
80777.1249 0.0000
81018.8194 0.0000
81104.9299 0.0000
81408.6546 0.0000
80915.2232 0.0000
80455.7203 0.0000
80909.2532 0.0000
81332.3760 0.0000
81419.5168 0.0000
81004.8269 0.0000
81431.8859 0.0000
81626.0334 0.0000
81440.6977 0.0000
81964.4133 0.0000
81683.7130 0.0000
81889.2649 0.0000
81602.0865 0.0000
82281.8588 0.0000
81747.1492 0.0000
81428.1566 0.0000
82522.7583 0.0000
83064.6246 0.0000
83525.5669 0.0000
83500.3488 0.0000
83325.9649 0.0000
83150.7798 0.0000
84474.8845 0.0000
84901.1744 0.0000
84361.3555 0.0000
83335.0824 0.0000
84603.7324 0.0000
85119.4543 0.0000
84309.5128 0.0000
84562.9583 0.0000
84498.7818 0.0000
84704.6067 0.0000
84309.4694 0.0000
85941.8347 0.0000
84966.8400 0.0000
87138.5803 0.0000
87586.2394 0.0000
86979.4000 0.0000
87572.7431 0.0000
86998.4932 0.0000
87626.7459 0.0000
87978.8251 0.0000
89068.1754 0.0000
89720.4976 0.0000
87907.4224 0.0000
89645.8176 0.0000
89864.8659 0.0000
90928.5277 0.0000
92320.2417 0.0000
93164.1645 0.0000
92065.8688 0.0000
93127.5112 0.0000
91914.3902 0.0000
94094.4574 0.0000
93985.7214 0.0000
93310.1696 0.0000
93728.6194 0.0000
94583.3925 0.0000
93918.2342 0.0000
92907.9232 0.0000
94466.7544 0.0000
94588.0235 0.0000
93558.2334 0.0000
94331.5530 0.0000
94242.6936 0.0000
94456.2037 0.0000
93876.1470 0.0000
94657.3872 0.0000
94843.8283 0.0000
94159.9861 0.0000
94783.5997 0.0000
95024.8152 0.0000
95563.3354 0.0000
95363.8335 0.0000
96063.1663 0.0000
96196.5835 0.0000
95518.3270 0.0000
96164.4177 0.0000
96236.8893 0.0000
96523.3019 0.0000
96360.7799 0.0000
96822.1241 0.0000
96436.8834 0.0000
97280.0929 0.0000
98219.8632 0.0000
98923.7564 0.0000
97856.9942 0.0000
99128.8030 0.0000
99735.8926 0.0000
99251.5405 0.0000
99489.8751 0.0000
99589.8642 0.0000
99041.8544 0.0000
99572.6000 0.0000
99887.1908 0.0000
99773.8881 0.0000
99774.5428 0.0000
99236.3149 0.0000
100202.0918 0.0000
99916.6177 0.0000
99831.9007 0.0000
101007.5142 0.0000
100812.2630 0.0000
101591.5429 0.0000
102343.4742 0.0000
102284.9286 0.0000
103119.3982 0.0000
102680.0983 0.0000
103406.3778 0.0000
103349.3056 0.0000
102296.5270 0.0000
103620.8514 0.0000
103178.1241 0.0000
103781.3015 0.0000
104488.7686 0.0000
104244.7119 0.0000
105079.1646 0.0000
105117.0533 0.0000
105527.4020 0.0000
104568.3079 0.0000
104928.6082 0.0000
105404.3933 0.0000
106420.0271 0.0000
105440.2384 0.0000
105927.9071 0.0000
105957.5527 0.0000
106592.0814 0.0000
106544.2885 0.0000
106425.1119 0.0000
106479.1008 0.0000
107118.2333 0.0000
106753.5084 0.0000
107704.9530 0.0000
107514.0038 0.0000
108687.2241 0.0000
109180.9230 0.0000
109788.8811 0.0000
109386.2132 0.0000
109568.9838 0.0000
109627.2205 0.0000
108985.2258 0.0000
110791.4022 0.0000
111427.0212 0.0000
111538.2006 0.0000
111101.9550 0.0000
112081.5494 0.0000
111605.4674 0.0000
112573.2414 0.0000
112129.2111 0.0000
112460.0745 0.0000
112357.9996 0.0000
113001.5417 0.0000
112164.5561 0.0000
113522.7695 0.0000
112753.5122 0.0000
113443.4518 0.0000
113333.3598 0.0000
113133.8019 0.0000
113252.2943 0.0000
112894.1433 0.0000
113084.1921 0.0000
112848.6361 0.0000
114332.4337 0.0000
113822.3167 0.0000
115036.3752 0.0000
114605.1881 0.0000
114376.2446 0.0000
115149.5216 0.0000
115046.3544 0.0000
115232.9275 0.0000
114208.8561 0.0000
116185.1886 0.0000
116049.9593 0.0000
115916.1945 0.0000
116666.0139 0.0000
115953.7660 0.0000
117613.9955 0.0000
118177.5063 0.0000
118334.6671 0.0000
118621.7810 0.0000
118089.2973 0.0000
119034.1233 0.0000
118318.0916 0.0000
119677.1734 0.0000
119907.0275 0.0000
119523.0466 0.0000
120661.4320 0.0000
121161.9782 0.0000
121195.5719 0.0000
120891.8134 0.0000
121266.4872 0.0000
121469.2042 0.0000
121531.5565 0.0000
121129.9598 0.0000
121013.6745 0.0000
122182.0913 0.0000
122007.5929 0.0000
121999.7624 0.0000
123077.9747 0.0000
122729.1918 0.0000
123984.1017 0.0000
123713.3792 0.0000
124050.0741 0.0000
123889.0591 0.0000
124241.2421 0.0000
124124.2836 0.0000
124624.0216 0.0000
124612.6248 0.0000
124613.7525 0.0000
124420.5317 0.0000
125183.2132 0.0000
125468.3711 0.0000
126102.5859 0.0000
126910.6992 0.0000
126712.6517 0.0000
126944.5851 0.0000
127372.9478 0.0000
127695.9109 0.0000
127123.1322 0.0000
127103.1684 0.0000
128562.1728 0.0000
127987.4356 0.0000
127334.9214 0.0000
128540.1954 0.0000
128256.9402 0.0000
127819.8579 0.0000
128488.8103 0.0000
128531.4973 0.0000
127927.9595 0.0000
128803.6168 0.0000
129600.2639 0.0000
128376.1701 0.0000
130318.1751 0.0000
130295.1235 0.0000
130066.4951 0.0000
130489.2120 0.0000
129200.8473 0.0000
130511.5420 0.0000
130233.4223 0.0000
131091.9358 0.0000
131731.0631 0.0000
132040.1521 0.0000
131706.1554 0.0000
132249.3047 0.0000
133000.3784 0.0000
132915.5045 0.0000
132861.4827 0.0000
133276.2517 0.0000
133058.5427 0.0000
133931.4043 0.0000
134448.8063 0.0000
133815.6371 0.0000
135210.2196 0.0000
135386.4743 0.0000
134312.8516 0.0000
135069.3749 0.0000
136386.0661 0.0000
136326.1481 0.0000
136109.6917 0.0000
136219.3448 0.0000
136405.7824 0.0000
136033.5658 0.0000
136421.4294 0.0000
136447.1034 0.0000
136807.7418 0.0000
135854.5382 0.0000
136928.0517 0.0000
137396.4206 0.0000
137655.0532 0.0000
137895.8722 0.0000
137640.4089 0.0000
138385.0166 0.0000
138606.5326 0.0000
138769.0010 0.0000
137867.6925 0.0000
138057.5078 0.0000
138863.4708 0.0000
138292.8956 0.0000
138582.8768 0.0000
138638.0950 0.0000
138661.5403 0.0000
138502.6260 0.0000
139209.3988 0.0000
139228.7187 0.0000
138893.4581 0.0000
139277.1415 0.0000
138945.1943 0.0000
138856.6651 0.0000
139438.0589 0.0000
139478.8606 0.0000
137829.9904 0.0000
139411.9385 0.0000
139823.9831 0.0000
139450.2739 0.0000
139941.8618 0.0000
139869.6234 0.0000
139827.4876 0.0000
140242.3798 0.0000
140592.7244 0.0000
140316.9505 0.0000
140633.4561 0.0000
141396.5038 0.0000
141179.8592 0.0000
142018.8674 0.0000
142331.3571 0.0000
142301.1049 0.0000
141722.5769 0.0000
142667.8264 0.0000
141962.2547 0.0000
143361.2311 0.0000
143227.3934 0.0000
143381.5189 0.0000
144146.2544 0.0000
143758.9361 0.0000
144348.5682 0.0000
145006.5618 0.0000
144069.7595 0.0000
144963.9736 0.0000
144507.0095 0.0000
145794.0564 0.0000
146498.8312 0.0000
147081.1721 0.0000
147864.4733 0.0000
148096.4821 0.0000
148604.0390 0.0000
147847.4600 0.0000
148265.3667 0.0000
148105.5105 0.0000
149796.5751 0.0000
149333.9390 0.0000
150115.6631 0.0000
149714.2533 0.0000
149958.0707 0.0000
150007.7536 0.0000
150086.4752 0.0000
149470.2572 0.0000
151173.1099 0.0000
151116.8684 0.0000
150562.3266 0.0000
151299.4157 0.0000
151250.1931 0.0000
150364.7074 0.0000
151997.6712 0.0000
152290.2758 0.0000
152257.2646 0.0000
151807.7585 0.0000
151570.8250 0.0000
152129.7234 0.0000
153364.4770 0.0000
152503.8346 0.0000
153554.5235 0.0000
154406.4879 0.0000
154076.0025 0.0000
155354.2816 0.0000
154402.8740 0.0000
155451.6477 0.0000
156511.3111 0.0000
156450.0262 0.0000
157316.4523 0.0000
157293.3844 0.0000
156376.4728 0.0000
156777.6146 0.0000
157221.1337 0.0000
157779.1852 0.0000
157643.6304 0.0000
158190.2753 0.0000
158559.0745 0.0000
158797.5885 0.0000
158153.2242 0.0000
159494.0583 0.0000
160241.8788 0.0000
160683.8570 0.0000
159538.2958 0.0000
160831.9883 0.0000
161023.1345 0.0000
161493.8284 0.0000
161868.1779 0.0000
161861.5931 0.0000
162011.1281 0.0000
161583.9531 0.0000
161449.5908 0.0000
162511.3991 0.0000
162096.0714 0.0000
161345.1106 0.0000
162503.0786 0.0000
162333.6546 0.0000
162504.2527 0.0000
161954.5985 0.0000
162730.1756 0.0000
162545.0552 0.0000
162185.5381 0.0000
162973.3216 0.0000
162949.5073 0.0000
161703.8696 0.0000
162961.9870 0.0000
163704.4426 0.0000
163811.0925 0.0000
164431.7014 0.0000
164647.0897 0.0000
164022.9969 0.0000
164337.5416 0.0000
164992.9920 0.0000
164743.8853 0.0000
165338.0270 0.0000
165140.9873 0.0000
165579.1056 0.0000
165472.3757 0.0000
165234.7924 0.0000
166042.0303 0.0000
165793.7454 0.0000
166038.5885 0.0000
166911.8258 0.0000
167113.0084 0.0000
167333.5056 0.0000
167991.3384 0.0000
167684.8413 0.0000
168277.0742 0.0000
167195.3389 0.0000
168249.8040 0.0000
167499.8490 0.0000
167528.7876 0.0000
169187.6805 0.0000
168248.2329 0.0000
169350.2633 0.0000
168500.2378 0.0000
169865.4400 0.0000
169556.8860 0.0000
170544.0208 0.0000
171053.8482 0.0000
171963.5493 0.0000
171944.6965 0.0000
172102.4636 0.0000
173597.2747 0.0000
173495.1304 0.0000
174033.5191 0.0000
174875.1563 0.0000
174499.8590 0.0000
174549.6765 0.0000
174585.7902 0.0000
176003.1742 0.0000
174835.6739 0.0000
176777.9918 0.0000
176301.5372 0.0000
176146.8384 0.0000
176995.4318 0.0000
176811.1983 0.0000
177003.6423 0.0000
176841.6852 0.0000
177022.0742 0.0000
177166.0726 0.0000
177595.3126 0.0000
177010.8116 0.0000
178274.4917 0.0000
178689.1351 0.0000
179216.1276 0.0000
179841.3760 0.0000
179325.3646 0.0000
179438.1754 0.0000
179784.8694 0.0000
179553.6035 0.0000
179663.0779 0.0000
180146.0015 0.0000
180510.0965 0.0000
181340.8906 0.0000
180523.6531 0.0000
180669.6197 0.0000
181504.2855 0.0000
181456.6517 0.0000
181447.8203 0.0000
181485.1322 0.0000
181557.7674 0.0000
180889.5914 0.0000
181690.8818 0.0000
181252.6569 0.0000
182844.1788 0.0000
182511.4138 0.0000
183391.3442 0.0000
183750.7510 0.0000
183411.4451 0.0000
183476.5934 0.0000
183639.3082 0.0000
183810.9521 0.0000
184101.0711 0.0000
184115.4378 0.0000
184695.5608 0.0000
184718.9307 0.0000
184299.6808 0.0000
184361.8609 0.0000
185967.6375 0.0000
185963.0400 0.0000
186027.4505 0.0000
186367.4419 0.0000
186162.7365 0.0000
186589.5775 0.0000
186414.0960 0.0000
186554.2890 0.0000
186873.4220 0.0000
187206.9870 0.0000
187634.8405 0.0000
188567.0835 0.0000
188448.8093 0.0000
189684.3095 0.0000
188731.4427 0.0000
189539.2055 0.0000
190851.6361 0.0000
190968.9672 0.0000
191359.7423 0.0000
191000.8207 0.0000
191285.3172 0.0000
191466.7545 0.0000
191998.0213 0.0000
192228.3372 0.0000
192775.0434 0.0000
192578.3468 0.0000
193703.3398 0.0000
193906.3530 0.0000
193155.7755 0.0000
194126.6755 0.0000
193819.0177 0.0000
194914.6627 0.0000
195316.6069 0.0000
195649.0063 0.0000
195453.6911 0.0000
194926.1048 0.0000
195927.1411 0.0000
196228.3778 0.0000
196101.7931 0.0000
196357.3760 0.0000
196543.3444 0.0000
196503.4295 0.0000
196207.1914 0.0000
196160.2670 0.0000
196546.9803 0.0000
197396.6652 0.0000
197322.8647 0.0000
198080.7070 0.0000
197888.0553 0.0000
197419.4573 0.0000
196677.3053 0.0000
198273.0409 0.0000
198397.4607 0.0000
198525.8036 0.0000
198359.5945 0.0000
197639.8452 0.0000
198385.9517 0.0000
198746.5884 0.0000
198353.0295 0.0000
199845.7973 0.0000
199609.9683 0.0000
199291.8844 0.0000
199935.4812 0.0000
200063.0425 0.0000
200127.0259 0.0000
200232.5937 0.0000
200187.8362 0.0000
199781.1326 0.0000
199615.2526 0.0000
199811.8319 0.0000
200726.1421 0.0000
200486.7015 0.0000
201190.9077 0.0000
200982.4341 0.0000
201055.9532 0.0000
201672.6669 0.0000
201399.2816 0.0000
200715.0454 0.0000
202051.6050 0.0000
201825.3912 0.0000
202387.2525 0.0000
203451.5954 0.0000
203559.8377 0.0000
203031.9526 0.0000
203123.4154 0.0000
204148.0085 0.0000
204343.0754 0.0000
204274.7264 0.0000
204316.9291 0.0000
205794.1122 0.0000
206319.5422 0.0000
205505.7106 0.0000
206231.4781 0.0000
205992.9694 0.0000
205729.7300 0.0000
206165.0857 0.0000
206843.7209 0.0000
206527.1155 0.0000
208111.2578 0.0000
208041.0357 0.0000
208093.5274 0.0000
207808.2025 0.0000
207917.0470 0.0000
209436.6830 0.0000
208590.8134 0.0000
209677.5429 0.0000
210496.3690 0.0000
210834.3850 0.0000
211684.3113 0.0000
211766.5773 0.0000
211784.2505 0.0000
211261.1336 0.0000
212167.6745 0.0000
212308.6952 0.0000
212490.5907 0.0000
212001.1953 0.0000
212463.0094 0.0000
212422.9672 0.0000
212468.7628 0.0000
213405.3331 0.0000
212075.4182 0.0000
214632.1544 0.0000
214129.2009 0.0000
214948.1365 0.0000
214681.3731 0.0000
214877.2054 0.0000
214029.9155 0.0000
215548.2016 0.0000
215074.7083 0.0000
214476.4818 0.0000
215769.3457 0.0000
215422.8587 0.0000
215515.1429 0.0000
215382.6347 0.0000
216551.2783 0.0000
217330.6612 0.0000
217637.5607 0.0000
217611.1254 0.0000
218527.5843 0.0000
218547.9965 0.0000
218358.2477 0.0000
219267.3868 0.0000
217838.5349 0.0000
219207.4020 0.0000
218688.2286 0.0000
218608.3503 0.0000
220109.7018 0.0000
220096.4151 0.0000
219168.8361 0.0000
219497.0242 0.0000
221045.2708 0.0000
221014.3101 0.0000
220891.1182 0.0000
221614.9999 0.0000
220838.2305 0.0000
221607.3776 0.0000
220890.6425 0.0000
221161.9940 0.0000
222295.4048 0.0000
222247.8704 0.0000
222363.3199 0.0000
222775.1323 0.0000
223135.7779 0.0000
221975.1155 0.0000
222843.9694 0.0000
221406.5372 0.0000
223973.6674 0.0000
223010.9292 0.0000
223459.7677 0.0000
223121.1976 0.0000
224086.3110 0.0000
223182.9533 0.0000
224248.3364 0.0000
224707.9045 0.0000
224767.4132 0.0000
225165.5904 0.0000
225395.1871 0.0000
225590.2806 0.0000
225307.2632 0.0000
224685.1005 0.0000
226084.5838 0.0000
225851.6770 0.0000
226453.1948 0.0000
226425.4010 0.0000
226345.2856 0.0000
226595.6467 0.0000
226623.4772 0.0000
226417.6397 0.0000
227476.4817 0.0000
228072.4172 0.0000
228910.8559 0.0000
229202.0016 0.0000
229467.6384 0.0000
228710.4281 0.0000
229929.7965 0.0000
228779.4588 0.0000
229964.9728 0.0000
229646.1108 0.0000
229827.2127 0.0000
230858.0578 0.0000
231009.8291 0.0000
230812.8239 0.0000
231382.8800 0.0000
231196.0319 0.0000
229481.3784 0.0000
231361.5051 0.0000
230253.3686 0.0000
231569.4871 0.0000
231478.8629 0.0000
231620.1142 0.0000
231948.8183 0.0000
231311.0486 0.0000
232159.4359 0.0000
231801.5492 0.0000
231634.3756 0.0000
231547.1664 0.0000
231966.3631 0.0000
232573.0811 0.0000
232106.0481 0.0000
232306.5019 0.0000
231296.5941 0.0000
232603.2734 0.0000
233371.4167 0.0000
233194.0418 0.0000
232103.0256 0.0000
232196.3721 0.0000
234397.1430 0.0000
234315.0903 0.0000
235991.2795 0.0000
236202.1540 0.0000
235639.5610 0.0000
235031.8026 0.0000
236030.7338 0.0000
236671.8399 0.0000
236170.5974 0.0000
237200.2513 0.0000
237498.6753 0.0000
237959.5536 0.0000
238606.5093 0.0000
239392.0930 0.0000
239516.9026 0.0000
239007.5968 0.0000
239614.9926 0.0000
239214.1414 0.0000
239928.3717 0.0000
240407.6882 0.0000
240406.0524 0.0000
240319.8545 0.0000
241215.0449 0.0000
240657.2239 0.0000
241645.5349 0.0000
241886.9486 0.0000
240942.9786 0.0000
241624.0544 0.0000
240988.3202 0.0000
241700.5887 0.0000
242307.6572 0.0000
242090.6265 0.0000
242282.8250 0.0000
242678.1478 0.0000
244076.0647 0.0000
244293.1338 0.0000
244429.1638 0.0000
244450.1347 0.0000
244805.6924 0.0000
245469.6529 0.0000
244454.1663 0.0000
244669.9124 0.0000
245676.2073 0.0000
246054.7318 0.0000
246112.6905 0.0000
246200.2044 0.0000
245844.9877 0.0000
245568.8066 0.0000
245701.4311 0.0000
246236.6888 0.0000
246575.0394 0.0000
246234.4735 0.0000
246923.0195 0.0000
246543.0096 0.0000
247436.4667 0.0000
247054.9926 0.0000
247139.8893 0.0000
248154.2864 0.0000
247172.1259 0.0000
249081.9805 0.0000
249520.0094 0.0000
249294.2151 0.0000
250342.6066 0.0000
249370.3821 0.0000
250848.8614 0.0000
250454.8619 0.0000
250729.2967 0.0000
250413.4447 0.0000
250806.1726 0.0000
250975.5491 0.0000
250730.6513 0.0000
251164.4920 0.0000
251276.2151 0.0000
251156.4482 0.0000
250435.4365 0.0000
249916.3279 0.0000
251171.5258 0.0000
250709.8804 0.0000
251554.5194 0.0000
251660.1893 0.0000
251625.4795 0.0000
251164.3018 0.0000
250984.5004 0.0000
250868.4771 0.0000
251190.8112 0.0000
252182.2324 0.0000
252982.9549 0.0000
252897.7611 0.0000
253518.1691 0.0000
253314.8006 0.0000
253912.3940 0.0000
253485.3009 0.0000
254703.8472 0.0000
254070.1063 0.0000
255007.8986 0.0000
255689.7537 0.0000
255910.5343 0.0000
257437.9896 0.0000
257933.2469 0.0000
257517.7286 0.0000
259201.9420 0.0000
258401.3731 0.0000
258647.8548 0.0000
259118.4832 0.0000
258684.5869 0.0000
259344.4538 0.0000
260022.6420 0.0000
260709.3227 0.0000
260350.7879 0.0000
260812.0214 0.0000
260446.2981 0.0000
260305.9007 0.0000
260689.8015 0.0000
260868.9296 0.0000
260931.0619 0.0000
260436.6269 0.0000
261100.8949 0.0000
261386.0514 0.0000
261958.1490 0.0000
261842.0890 0.0000
261900.9217 0.0000
262096.5436 0.0000
262498.4486 0.0000
263278.6846 0.0000
264084.5366 0.0000
264371.8409 0.0000
264325.0671 0.0000
264498.2818 0.0000
264308.9579 0.0000
264832.0112 0.0000
265046.3531 0.0000
265680.4008 0.0000
265979.7902 0.0000
266330.0638 0.0000
266879.4951 0.0000
266766.2831 0.0000
267282.8131 0.0000
266952.5031 0.0000
267409.2315 0.0000
268187.9723 0.0000
268426.2111 0.0000
269039.7265 0.0000
269603.3967 0.0000
270042.0932 0.0000
270296.0845 0.0000
270206.9691 0.0000
269341.5448 0.0000
271178.1689 0.0000
271634.4498 0.0000
272577.6309 0.0000
272178.2724 0.0000
273262.0992 0.0000
273540.8620 0.0000
272398.4266 0.0000
274278.5337 0.0000
273842.6297 0.0000
274650.3191 0.0000
275151.4630 0.0000
275234.6666 0.0000
276151.0785 0.0000
275838.3431 0.0000
276735.7631 0.0000
275757.8968 0.0000
277449.2365 0.0000
277291.0707 0.0000
277592.3621 0.0000
277676.3769 0.0000
277938.9244 0.0000
278458.7551 0.0000
279240.5388 0.0000
279989.9667 0.0000
280218.7667 0.0000
280145.2600 0.0000
279967.2564 0.0000
280164.0907 0.0000
281644.2320 0.0000
281500.4037 0.0000
282563.4924 0.0000
283277.3638 0.0000
282484.5269 0.0000
283642.7878 0.0000
283912.0203 0.0000
283169.0127 0.0000
284063.7167 0.0000
284006.4279 0.0000
284741.1921 0.0000
285067.3599 0.0000
285021.4501 0.0000
285070.8611 0.0000
285003.5132 0.0000
284616.2778 0.0000
286807.2746 0.0000
287317.5504 0.0000
286895.4551 0.0000
287908.9054 0.0000
287491.5698 0.0000
287719.3695 0.0000
287548.8679 0.0000
287777.8972 0.0000
286765.0569 0.0000
287618.9402 0.0000
288678.1262 0.0000
289370.1708 0.0000
288992.6688 0.0000
289410.3993 0.0000
289820.9415 0.0000
289412.3529 0.0000
289847.4104 0.0000
290075.7547 0.0000
290267.3627 0.0000
289695.7831 0.0000
289927.9259 0.0000
290819.1099 0.0000
290281.2546 0.0000
289977.9715 0.0000
291142.3760 0.0000
290857.1742 0.0000
291044.1284 0.0000
290385.9561 0.0000
291641.9070 0.0000
291051.7784 0.0000
290869.0066 0.0000
290472.7516 0.0000
291975.9763 0.0000
290922.7681 0.0000
291402.6788 0.0000
291767.2315 0.0000
291819.4565 0.0000
291579.6443 0.0000
291923.8545 0.0000
292663.0959 0.0000
292758.8840 0.0000
292833.1087 0.0000
292761.1498 0.0000
