-100.0000 -100.0000
7275.1010 0.0000
7235.3410 0.0000
7981.4120 0.0000
8143.1552 0.0000
7996.6154 0.0000
9165.8451 0.0000
9524.6561 0.0000
10068.6717 0.0000
10523.2342 0.0000
11247.2903 0.0000
11029.8041 0.0000
12307.9695 0.0000
13086.9034 0.0000
13441.6558 0.0000
12524.2093 0.0000
13092.6855 0.0000
13333.6814 0.0000
12752.0481 0.0000
13010.5004 0.0000
13736.4009 0.0000
14609.6211 0.0000
15748.1658 0.0000
16356.5840 0.0000
17005.1147 0.0000
15756.8670 0.0000
17390.0423 0.0000
16664.3822 0.0000
17011.5493 0.0000
17133.5026 0.0000
18054.5206 0.0000
17987.7704 0.0000
17933.5255 0.0000
18410.3063 0.0000
18713.1429 0.0000
19119.2148 0.0000
19178.3105 0.0000
19157.7644 0.0000
19731.3755 0.0000
20127.1539 0.0000
20976.7770 0.0000
19340.5200 0.0000
21485.1870 0.0000
21182.1282 0.0000
20979.3507 0.0000
22541.1890 0.0000
22180.7905 0.0000
23102.0868 0.0000
23226.8280 0.0000
23523.0008 0.0000
23539.5395 0.0000
22781.7800 0.0000
23741.8933 0.0000
22649.0573 0.0000
23864.0658 0.0000
24567.3411 0.0000
23178.5102 0.0000
24157.5853 0.0000
25189.6400 0.0000
25068.1635 0.0000
24543.8818 0.0000
25148.1976 0.0000
24786.1811 0.0000
24667.8231 0.0000
25397.3073 0.0000
25400.9490 0.0000
25711.7982 0.0000
25344.3363 0.0000
25620.4007 0.0000
25684.7731 0.0000
26313.4281 0.0000
27059.8150 0.0000
27508.9866 0.0000
27810.9486 0.0000
27146.6287 0.0000
27554.3172 0.0000
27166.5269 0.0000
27415.5961 0.0000
28462.3348 0.0000
27154.6085 0.0000
28066.9202 0.0000
29083.1439 0.0000
29183.2539 0.0000
28934.2112 0.0000
29057.3157 0.0000
28588.3808 0.0000
29049.3636 0.0000
28809.3005 0.0000
29472.4291 0.0000
30154.1909 0.0000
30266.1088 0.0000
30118.5874 0.0000
30680.1231 0.0000
30297.9587 0.0000
29507.4788 0.0000
31287.0520 0.0000
31151.3342 0.0000
31894.3550 0.0000
32849.6786 0.0000
33470.6036 0.0000
32012.2850 0.0000
32986.6062 0.0000
33642.2564 0.0000
33313.1918 0.0000
33687.8020 0.0000
33069.6700 0.0000
33577.3251 0.0000
32957.7384 0.0000
33497.1030 0.0000
33269.3151 0.0000
33734.4910 0.0000
34525.7869 0.0000
34487.4143 0.0000
34353.8176 0.0000
34898.7380 0.0000
35047.0374 0.0000
35345.3284 0.0000
34848.2485 0.0000
35962.4222 0.0000
35870.5625 0.0000
36526.7636 0.0000
35927.1466 0.0000
36673.9443 0.0000
36566.1183 0.0000
36976.6706 0.0000
37577.5060 0.0000
37402.0558 0.0000
37485.4659 0.0000
38022.1238 0.0000
38283.1279 0.0000
38612.5530 0.0000
38551.7267 0.0000
38196.8548 0.0000
38374.7142 0.0000
37930.0560 0.0000
40210.5673 0.0000
40849.5336 0.0000
40387.9982 0.0000
41230.1306 0.0000
40584.2208 0.0000
42241.3867 0.0000
43215.8302 0.0000
42879.0316 0.0000
42918.8830 0.0000
42129.1700 0.0000
42608.8616 0.0000
43160.4172 0.0000
43699.7606 0.0000
43981.6470 0.0000
43768.3470 0.0000
43678.2937 0.0000
43347.2125 0.0000
44081.2400 0.0000
43170.2979 0.0000
44791.8154 0.0000
44261.2807 0.0000
44781.1256 0.0000
44522.4787 0.0000
46295.8940 0.0000
46912.2837 0.0000
47963.8038 0.0000
48216.8219 0.0000
47650.2285 0.0000
47019.6219 0.0000
49933.6900 0.0000
49249.7262 0.0000
49718.9605 0.0000
49856.5059 0.0000
49770.2954 0.0000
49796.3345 0.0000
49835.1033 0.0000
49248.4294 0.0000
49832.4830 0.0000
49431.6409 0.0000
48930.9520 0.0000
50840.2248 0.0000
51186.9641 0.0000
51478.3413 0.0000
51019.9089 0.0000
51100.3635 0.0000
51428.4956 0.0000
51579.0052 0.0000
52170.1248 0.0000
51951.4922 0.0000
52032.5767 0.0000
52488.3969 0.0000
53058.9683 0.0000
52406.2153 0.0000
53219.1987 0.0000
53177.9649 0.0000
53914.0846 0.0000
54234.0750 0.0000
54399.9527 0.0000
54654.5724 0.0000
54927.3972 0.0000
55380.1716 0.0000
55551.1806 0.0000
55110.6880 0.0000
56659.9524 0.0000
57071.5552 0.0000
57942.8062 0.0000
58693.7296 0.0000
58860.7615 0.0000
59022.0965 0.0000
59684.2648 0.0000
59880.6144 0.0000
60526.3756 0.0000
59128.3985 0.0000
61497.3971 0.0000
60851.3462 0.0000
60624.9527 0.0000
61472.5923 0.0000
60902.1890 0.0000
61147.0583 0.0000
61788.8805 0.0000
61189.4563 0.0000
61899.6707 0.0000
62726.4797 0.0000
62847.0425 0.0000
63208.0275 0.0000
62442.7779 0.0000
63086.3798 0.0000
62937.8320 0.0000
63976.0414 0.0000
63964.3590 0.0000
64828.4579 0.0000
65258.4804 0.0000
65544.6027 0.0000
65079.9026 0.0000
65367.7247 0.0000
66140.3236 0.0000
65917.5902 0.0000
67742.1500 0.0000
67161.3200 0.0000
67668.5912 0.0000
67739.5459 0.0000
66827.6051 0.0000
68568.8792 0.0000
68529.3623 0.0000
67693.6215 0.0000
69167.6396 0.0000
69468.3555 0.0000
68864.4346 0.0000
70219.3663 0.0000
70154.2585 0.0000
70701.6430 0.0000
70061.0035 0.0000
71134.1302 0.0000
70560.3511 0.0000
71126.7784 0.0000
71609.0699 0.0000
70587.6865 0.0000
71882.6653 0.0000
71458.6410 0.0000
70345.7651 0.0000
71310.3143 0.0000
72536.8391 0.0000
72758.5929 0.0000
71760.6100 0.0000
72581.9875 0.0000
73774.4658 0.0000
73612.9298 0.0000
74662.8834 0.0000
74577.4580 0.0000
74973.7919 0.0000
75134.2443 0.0000
75428.4724 0.0000
75132.1813 0.0000
75587.9494 0.0000
76241.5119 0.0000
76053.6597 0.0000
75197.9187 0.0000
75381.8268 0.0000
75544.5692 0.0000
76932.2494 0.0000
76895.9537 0.0000
77437.4762 0.0000
77746.8525 0.0000
77727.3870 0.0000
77785.1311 0.0000
77895.9297 0.0000
77474.7857 0.0000
77639.0856 0.0000
78203.0624 0.0000
78452.5335 0.0000
78338.3993 0.0000
79010.4846 0.0000
77889.0937 0.0000
78038.5536 0.0000
79354.7801 0.0000
78462.2907 0.0000
80514.2559 0.0000
80415.8850 0.0000
79918.1278 0.0000
80124.8639 0.0000
80564.8295 0.0000
80314.0453 0.0000
80239.5646 0.0000
80732.7374 0.0000
80974.4319 0.0000
81060.5425 0.0000
81364.2672 0.0000
80870.8358 0.0000
80411.3328 0.0000
80864.8658 0.0000
81287.9886 0.0000
81375.1293 0.0000
80960.4395 0.0000
81387.4985 0.0000
81581.6460 0.0000
81396.3102 0.0000
81920.0259 0.0000
81639.3256 0.0000
81844.8774 0.0000
81557.6990 0.0000
82237.4714 0.0000
81702.7617 0.0000
81383.7692 0.0000
82478.3709 0.0000
83020.2372 0.0000
83481.1794 0.0000
83455.9614 0.0000
83281.5775 0.0000
83106.3924 0.0000
84430.4971 0.0000
84856.7870 0.0000
84316.9681 0.0000
83290.6950 0.0000
84559.3450 0.0000
85075.0669 0.0000
84265.1254 0.0000
84518.5709 0.0000
84454.3943 0.0000
84660.2193 0.0000
84265.0820 0.0000
85897.4473 0.0000
84922.4525 0.0000
87094.1928 0.0000
87541.8520 0.0000
86935.0125 0.0000
87528.3556 0.0000
86954.1058 0.0000
87582.3585 0.0000
87934.4377 0.0000
89023.7880 0.0000
89676.1101 0.0000
87863.0349 0.0000
89601.4302 0.0000
89820.4785 0.0000
90884.1403 0.0000
92275.8543 0.0000
93119.7771 0.0000
92021.4813 0.0000
93083.1238 0.0000
91870.0028 0.0000
94050.0700 0.0000
93941.3340 0.0000
93265.7822 0.0000
93684.2320 0.0000
94539.0051 0.0000
93873.8468 0.0000
92863.5358 0.0000
94422.3670 0.0000
94543.6361 0.0000
93513.8460 0.0000
94287.1656 0.0000
94198.3062 0.0000
94411.8163 0.0000
93831.7596 0.0000
94612.9997 0.0000
94799.4408 0.0000
94115.5987 0.0000
94739.2123 0.0000
94980.4278 0.0000
95518.9480 0.0000
95319.4461 0.0000
96018.7789 0.0000
96152.1961 0.0000
95473.9396 0.0000
96120.0303 0.0000
96192.5018 0.0000
96478.9145 0.0000
96316.3925 0.0000
96777.7367 0.0000
96392.4959 0.0000
97235.7055 0.0000
98175.4758 0.0000
98879.3690 0.0000
97812.6068 0.0000
99084.4156 0.0000
99691.5052 0.0000
99207.1531 0.0000
99445.4877 0.0000
99545.4767 0.0000
98997.4669 0.0000
99528.2126 0.0000
99842.8034 0.0000
99729.5007 0.0000
99730.1554 0.0000
99191.9275 0.0000
100157.7043 0.0000
99872.2302 0.0000
99787.5132 0.0000
100963.1267 0.0000
100767.8755 0.0000
101547.1554 0.0000
102299.0868 0.0000
102240.5412 0.0000
103075.0107 0.0000
102635.7108 0.0000
103361.9904 0.0000
103304.9182 0.0000
102252.1395 0.0000
103576.4640 0.0000
103133.7367 0.0000
103736.9140 0.0000
104444.3812 0.0000
104200.3245 0.0000
105034.7772 0.0000
105072.6659 0.0000
105483.0145 0.0000
104523.9205 0.0000
104884.2208 0.0000
105360.0059 0.0000
106375.6397 0.0000
105395.8510 0.0000
105883.5197 0.0000
105913.1653 0.0000
106547.6940 0.0000
106499.9011 0.0000
106380.7245 0.0000
106434.7134 0.0000
107073.8458 0.0000
106709.1209 0.0000
107660.5656 0.0000
107469.6164 0.0000
108642.8367 0.0000
109136.5356 0.0000
109744.4937 0.0000
109341.8257 0.0000
109524.5964 0.0000
109582.8331 0.0000
108940.8384 0.0000
110747.0148 0.0000
111382.6338 0.0000
111493.8132 0.0000
111057.5676 0.0000
112037.1620 0.0000
111561.0799 0.0000
112528.8540 0.0000
112084.8237 0.0000
112415.6871 0.0000
112313.6122 0.0000
112957.1542 0.0000
112120.1687 0.0000
113478.3821 0.0000
112709.1247 0.0000
113399.0643 0.0000
113288.9723 0.0000
113089.4145 0.0000
113207.9069 0.0000
112849.7559 0.0000
113039.8047 0.0000
112804.2487 0.0000
114288.0462 0.0000
113777.9292 0.0000
114991.9878 0.0000
114560.8007 0.0000
114331.8571 0.0000
115105.1342 0.0000
115001.9670 0.0000
115188.5401 0.0000
114164.4686 0.0000
116140.8012 0.0000
116005.5719 0.0000
115871.8070 0.0000
116621.6265 0.0000
115909.3786 0.0000
117569.6081 0.0000
118133.1189 0.0000
118290.2797 0.0000
118577.3936 0.0000
118044.9099 0.0000
118989.7359 0.0000
118273.7042 0.0000
119632.7860 0.0000
119862.6400 0.0000
119478.6592 0.0000
120617.0446 0.0000
121117.5907 0.0000
121151.1845 0.0000
120847.4260 0.0000
121222.0998 0.0000
121424.8168 0.0000
121487.1691 0.0000
121085.5724 0.0000
120969.2870 0.0000
122137.7038 0.0000
121963.2055 0.0000
121955.3749 0.0000
123033.5872 0.0000
122684.8043 0.0000
123939.7143 0.0000
123668.9918 0.0000
124005.6867 0.0000
123844.6717 0.0000
124196.8546 0.0000
124079.8962 0.0000
124579.6342 0.0000
124568.2374 0.0000
124569.3650 0.0000
124376.1443 0.0000
125138.8258 0.0000
125423.9837 0.0000
126058.1985 0.0000
126866.3118 0.0000
126668.2643 0.0000
126900.1977 0.0000
127328.5604 0.0000
127651.5235 0.0000
127078.7448 0.0000
127058.7810 0.0000
128517.7854 0.0000
127943.0482 0.0000
127290.5340 0.0000
128495.8080 0.0000
128212.5528 0.0000
127775.4705 0.0000
128444.4229 0.0000
128487.1098 0.0000
127883.5721 0.0000
128759.2293 0.0000
129555.8765 0.0000
128331.7827 0.0000
130273.7877 0.0000
130250.7361 0.0000
130022.1077 0.0000
130444.8245 0.0000
129156.4599 0.0000
130467.1546 0.0000
130189.0349 0.0000
131047.5484 0.0000
131686.6756 0.0000
131995.7647 0.0000
131661.7680 0.0000
132204.9173 0.0000
132955.9910 0.0000
132871.1171 0.0000
132817.0953 0.0000
133231.8642 0.0000
133014.1553 0.0000
133887.0169 0.0000
134404.4189 0.0000
133771.2497 0.0000
135165.8322 0.0000
135342.0869 0.0000
134268.4642 0.0000
135024.9875 0.0000
136341.6787 0.0000
136281.7606 0.0000
136065.3042 0.0000
136174.9574 0.0000
136361.3950 0.0000
135989.1784 0.0000
136377.0420 0.0000
136402.7160 0.0000
136763.3543 0.0000
135810.1508 0.0000
136883.6643 0.0000
137352.0332 0.0000
137610.6658 0.0000
137851.4848 0.0000
137596.0215 0.0000
138340.6291 0.0000
138562.1452 0.0000
138724.6136 0.0000
137823.3051 0.0000
138013.1204 0.0000
138819.0833 0.0000
138248.5082 0.0000
138538.4894 0.0000
138593.7075 0.0000
138617.1529 0.0000
138458.2386 0.0000
139165.0113 0.0000
139184.3313 0.0000
138849.0706 0.0000
139232.7541 0.0000
138900.8069 0.0000
138812.2777 0.0000
139393.6715 0.0000
139434.4731 0.0000
137785.6029 0.0000
139367.5511 0.0000
139779.5957 0.0000
139405.8864 0.0000
139897.4744 0.0000
139825.2360 0.0000
139783.1002 0.0000
140197.9924 0.0000
140548.3370 0.0000
140272.5631 0.0000
140589.0687 0.0000
141352.1163 0.0000
141135.4718 0.0000
141974.4800 0.0000
142286.9696 0.0000
142256.7174 0.0000
141678.1895 0.0000
142623.4390 0.0000
141917.8672 0.0000
143316.8437 0.0000
143183.0060 0.0000
143337.1315 0.0000
144101.8669 0.0000
143714.5487 0.0000
144304.1807 0.0000
144962.1744 0.0000
144025.3720 0.0000
144919.5862 0.0000
144462.6220 0.0000
145749.6690 0.0000
146454.4438 0.0000
147036.7847 0.0000
147820.0859 0.0000
148052.0947 0.0000
148559.6516 0.0000
147803.0725 0.0000
148220.9793 0.0000
148061.1231 0.0000
149752.1877 0.0000
149289.5516 0.0000
150071.2756 0.0000
149669.8659 0.0000
149913.6832 0.0000
149963.3662 0.0000
150042.0878 0.0000
149425.8698 0.0000
151128.7225 0.0000
151072.4810 0.0000
150517.9392 0.0000
151255.0283 0.0000
151205.8057 0.0000
150320.3200 0.0000
151953.2838 0.0000
152245.8883 0.0000
152212.8771 0.0000
151763.3710 0.0000
151526.4376 0.0000
152085.3360 0.0000
153320.0896 0.0000
152459.4472 0.0000
153510.1361 0.0000
154362.1005 0.0000
154031.6150 0.0000
155309.8942 0.0000
154358.4865 0.0000
155407.2603 0.0000
156466.9237 0.0000
156405.6387 0.0000
157272.0648 0.0000
157248.9969 0.0000
156332.0854 0.0000
156733.2272 0.0000
157176.7463 0.0000
157734.7978 0.0000
157599.2430 0.0000
158145.8879 0.0000
158514.6871 0.0000
158753.2011 0.0000
158108.8368 0.0000
159449.6709 0.0000
160197.4913 0.0000
160639.4696 0.0000
159493.9084 0.0000
160787.6008 0.0000
160978.7471 0.0000
161449.4410 0.0000
161823.7905 0.0000
161817.2057 0.0000
161966.7406 0.0000
161539.5657 0.0000
161405.2034 0.0000
162467.0117 0.0000
162051.6840 0.0000
161300.7232 0.0000
162458.6912 0.0000
162289.2672 0.0000
162459.8653 0.0000
161910.2111 0.0000
162685.7882 0.0000
162500.6678 0.0000
162141.1506 0.0000
162928.9341 0.0000
162905.1198 0.0000
161659.4822 0.0000
162917.5996 0.0000
163660.0552 0.0000
163766.7051 0.0000
164387.3140 0.0000
164602.7022 0.0000
163978.6094 0.0000
164293.1541 0.0000
164948.6046 0.0000
164699.4979 0.0000
165293.6396 0.0000
165096.5998 0.0000
165534.7182 0.0000
165427.9882 0.0000
165190.4050 0.0000
165997.6429 0.0000
165749.3580 0.0000
165994.2011 0.0000
166867.4384 0.0000
167068.6210 0.0000
167289.1182 0.0000
167946.9510 0.0000
167640.4538 0.0000
168232.6868 0.0000
167150.9515 0.0000
168205.4166 0.0000
167455.4616 0.0000
167484.4001 0.0000
169143.2931 0.0000
168203.8455 0.0000
169305.8759 0.0000
168455.8504 0.0000
169821.0526 0.0000
169512.4986 0.0000
170499.6333 0.0000
171009.4608 0.0000
171919.1619 0.0000
171900.3091 0.0000
172058.0762 0.0000
173552.8872 0.0000
173450.7430 0.0000
173989.1317 0.0000
174830.7689 0.0000
174455.4716 0.0000
174505.2891 0.0000
174541.4028 0.0000
175958.7868 0.0000
174791.2865 0.0000
176733.6043 0.0000
176257.1497 0.0000
176102.4510 0.0000
176951.0444 0.0000
176766.8109 0.0000
176959.2548 0.0000
176797.2978 0.0000
176977.6868 0.0000
177121.6852 0.0000
177550.9252 0.0000
176966.4242 0.0000
178230.1043 0.0000
178644.7476 0.0000
179171.7401 0.0000
179796.9886 0.0000
179280.9772 0.0000
179393.7879 0.0000
179740.4820 0.0000
179509.2161 0.0000
179618.6905 0.0000
180101.6141 0.0000
180465.7091 0.0000
181296.5031 0.0000
180479.2656 0.0000
180625.2323 0.0000
181459.8981 0.0000
181412.2643 0.0000
181403.4329 0.0000
181440.7448 0.0000
181513.3799 0.0000
180845.2040 0.0000
181646.4944 0.0000
181208.2695 0.0000
182799.7914 0.0000
182467.0264 0.0000
183346.9568 0.0000
183706.3635 0.0000
183367.0576 0.0000
183432.2060 0.0000
183594.9208 0.0000
183766.5646 0.0000
184056.6837 0.0000
184071.0504 0.0000
184651.1734 0.0000
184674.5433 0.0000
184255.2933 0.0000
184317.4735 0.0000
185923.2501 0.0000
185918.6526 0.0000
185983.0631 0.0000
186323.0545 0.0000
186118.3491 0.0000
186545.1901 0.0000
186369.7086 0.0000
186509.9015 0.0000
186829.0345 0.0000
187162.5995 0.0000
187590.4531 0.0000
188522.6960 0.0000
188404.4219 0.0000
189639.9221 0.0000
188687.0553 0.0000
189494.8181 0.0000
190807.2487 0.0000
190924.5798 0.0000
191315.3548 0.0000
190956.4333 0.0000
191240.9298 0.0000
191422.3671 0.0000
191953.6338 0.0000
192183.9498 0.0000
192730.6560 0.0000
192533.9594 0.0000
193658.9524 0.0000
193861.9655 0.0000
193111.3881 0.0000
194082.2881 0.0000
193774.6303 0.0000
194870.2753 0.0000
195272.2195 0.0000
195604.6189 0.0000
195409.3037 0.0000
194881.7174 0.0000
195882.7537 0.0000
196183.9904 0.0000
196057.4056 0.0000
196312.9886 0.0000
196498.9569 0.0000
196459.0421 0.0000
196162.8040 0.0000
196115.8796 0.0000
196502.5929 0.0000
197352.2778 0.0000
197278.4773 0.0000
198036.3196 0.0000
197843.6678 0.0000
197375.0699 0.0000
196632.9179 0.0000
198228.6535 0.0000
198353.0732 0.0000
198481.4162 0.0000
198315.2071 0.0000
197595.4578 0.0000
198341.5643 0.0000
198702.2009 0.0000
198308.6421 0.0000
199801.4099 0.0000
199565.5808 0.0000
199247.4969 0.0000
199891.0938 0.0000
200018.6551 0.0000
200082.6385 0.0000
200188.2063 0.0000
200143.4488 0.0000
199736.7451 0.0000
199570.8651 0.0000
199767.4445 0.0000
200681.7547 0.0000
200442.3141 0.0000
201146.5202 0.0000
200938.0467 0.0000
201011.5658 0.0000
201628.2794 0.0000
201354.8941 0.0000
200670.6579 0.0000
202007.2176 0.0000
201781.0038 0.0000
202342.8651 0.0000
203407.2079 0.0000
203515.4502 0.0000
202987.5652 0.0000
203079.0280 0.0000
204103.6211 0.0000
204298.6880 0.0000
204230.3389 0.0000
204272.5417 0.0000
205749.7248 0.0000
206275.1548 0.0000
205461.3232 0.0000
206187.0907 0.0000
205948.5820 0.0000
205685.3426 0.0000
206120.6983 0.0000
206799.3334 0.0000
206482.7280 0.0000
208066.8703 0.0000
207996.6483 0.0000
208049.1400 0.0000
207763.8151 0.0000
207872.6596 0.0000
209392.2956 0.0000
208546.4260 0.0000
209633.1554 0.0000
210451.9815 0.0000
210789.9976 0.0000
211639.9239 0.0000
211722.1899 0.0000
211739.8630 0.0000
211216.7462 0.0000
212123.2870 0.0000
212264.3077 0.0000
212446.2032 0.0000
211956.8079 0.0000
212418.6220 0.0000
212378.5797 0.0000
212424.3754 0.0000
213360.9457 0.0000
212031.0307 0.0000
214587.7670 0.0000
214084.8135 0.0000
214903.7491 0.0000
214636.9857 0.0000
214832.8180 0.0000
213985.5281 0.0000
215503.8142 0.0000
215030.3209 0.0000
214432.0944 0.0000
215724.9583 0.0000
215378.4713 0.0000
215470.7555 0.0000
215338.2473 0.0000
216506.8909 0.0000
217286.2737 0.0000
217593.1733 0.0000
217566.7380 0.0000
218483.1968 0.0000
218503.6091 0.0000
218313.8602 0.0000
219222.9993 0.0000
217794.1474 0.0000
219163.0146 0.0000
218643.8412 0.0000
218563.9629 0.0000
220065.3143 0.0000
220052.0277 0.0000
219124.4487 0.0000
219452.6367 0.0000
221000.8834 0.0000
220969.9227 0.0000
220846.7308 0.0000
221570.6125 0.0000
220793.8431 0.0000
221562.9902 0.0000
220846.2551 0.0000
221117.6066 0.0000
222251.0173 0.0000
222203.4830 0.0000
222318.9324 0.0000
222730.7449 0.0000
223091.3905 0.0000
221930.7280 0.0000
222799.5820 0.0000
221362.1498 0.0000
223929.2800 0.0000
222966.5418 0.0000
223415.3803 0.0000
223076.8102 0.0000
224041.9236 0.0000
223138.5659 0.0000
224203.9489 0.0000
224663.5170 0.0000
224723.0258 0.0000
225121.2030 0.0000
225350.7997 0.0000
225545.8931 0.0000
225262.8758 0.0000
224640.7131 0.0000
226040.1964 0.0000
225807.2895 0.0000
226408.8074 0.0000
226381.0136 0.0000
226300.8981 0.0000
226551.2593 0.0000
226579.0898 0.0000
226373.2523 0.0000
227432.0942 0.0000
228028.0297 0.0000
228866.4685 0.0000
229157.6141 0.0000
229423.2510 0.0000
228666.0406 0.0000
229885.4091 0.0000
228735.0714 0.0000
229920.5854 0.0000
229601.7233 0.0000
229782.8253 0.0000
230813.6704 0.0000
230965.4417 0.0000
230768.4364 0.0000
231338.4925 0.0000
231151.6445 0.0000
229436.9910 0.0000
231317.1177 0.0000
230208.9812 0.0000
231525.0997 0.0000
231434.4754 0.0000
231575.7268 0.0000
231904.4309 0.0000
231266.6612 0.0000
232115.0485 0.0000
231757.1617 0.0000
231589.9882 0.0000
231502.7790 0.0000
231921.9757 0.0000
232528.6936 0.0000
232061.6606 0.0000
232262.1145 0.0000
231252.2067 0.0000
232558.8859 0.0000
233327.0292 0.0000
233149.6544 0.0000
232058.6382 0.0000
232151.9846 0.0000
234352.7556 0.0000
234270.7029 0.0000
235946.8920 0.0000
236157.7666 0.0000
235595.1736 0.0000
234987.4152 0.0000
235986.3464 0.0000
236627.4525 0.0000
236126.2100 0.0000
237155.8639 0.0000
237454.2879 0.0000
237915.1662 0.0000
238562.1218 0.0000
239347.7056 0.0000
239472.5152 0.0000
238963.2094 0.0000
239570.6052 0.0000
239169.7539 0.0000
239883.9842 0.0000
240363.3008 0.0000
240361.6650 0.0000
240275.4670 0.0000
241170.6575 0.0000
240612.8364 0.0000
241601.1474 0.0000
241842.5612 0.0000
240898.5912 0.0000
241579.6669 0.0000
240943.9328 0.0000
241656.2012 0.0000
242263.2698 0.0000
242046.2391 0.0000
242238.4376 0.0000
242633.7604 0.0000
244031.6773 0.0000
244248.7464 0.0000
244384.7764 0.0000
244405.7473 0.0000
244761.3050 0.0000
245425.2654 0.0000
244409.7789 0.0000
244625.5250 0.0000
245631.8199 0.0000
246010.3444 0.0000
246068.3031 0.0000
246155.8170 0.0000
245800.6003 0.0000
245524.4192 0.0000
245657.0436 0.0000
246192.3014 0.0000
246530.6520 0.0000
246190.0861 0.0000
246878.6321 0.0000
246498.6222 0.0000
247392.0792 0.0000
247010.6052 0.0000
247095.5019 0.0000
248109.8990 0.0000
247127.7385 0.0000
249037.5930 0.0000
249475.6220 0.0000
249249.8277 0.0000
250298.2192 0.0000
249325.9947 0.0000
250804.4740 0.0000
250410.4745 0.0000
250684.9093 0.0000
250369.0573 0.0000
250761.7851 0.0000
250931.1617 0.0000
250686.2639 0.0000
251120.1046 0.0000
251231.8277 0.0000
251112.0608 0.0000
250391.0491 0.0000
249871.9405 0.0000
251127.1384 0.0000
250665.4930 0.0000
251510.1320 0.0000
251615.8019 0.0000
251581.0920 0.0000
251119.9143 0.0000
250940.1130 0.0000
250824.0897 0.0000
251146.4238 0.0000
252137.8450 0.0000
252938.5675 0.0000
252853.3737 0.0000
253473.7817 0.0000
253270.4132 0.0000
253868.0065 0.0000
253440.9135 0.0000
254659.4598 0.0000
254025.7189 0.0000
254963.5112 0.0000
255645.3663 0.0000
255866.1468 0.0000
257393.6022 0.0000
257888.8595 0.0000
257473.3411 0.0000
259157.5546 0.0000
258356.9857 0.0000
258603.4674 0.0000
259074.0958 0.0000
258640.1994 0.0000
259300.0664 0.0000
259978.2546 0.0000
260664.9353 0.0000
260306.4004 0.0000
260767.6340 0.0000
260401.9107 0.0000
260261.5133 0.0000
260645.4141 0.0000
260824.5422 0.0000
260886.6745 0.0000
260392.2395 0.0000
261056.5075 0.0000
261341.6639 0.0000
261913.7616 0.0000
261797.7015 0.0000
261856.5343 0.0000
262052.1562 0.0000
262454.0611 0.0000
263234.2972 0.0000
264040.1492 0.0000
264327.4535 0.0000
264280.6796 0.0000
264453.8943 0.0000
264264.5705 0.0000
264787.6237 0.0000
265001.9657 0.0000
265636.0134 0.0000
265935.4028 0.0000
266285.6764 0.0000
266835.1077 0.0000
266721.8957 0.0000
267238.4257 0.0000
266908.1157 0.0000
267364.8441 0.0000
268143.5849 0.0000
268381.8237 0.0000
268995.3391 0.0000
269559.0093 0.0000
269997.7058 0.0000
270251.6971 0.0000
270162.5817 0.0000
269297.1574 0.0000
271133.7815 0.0000
271590.0624 0.0000
272533.2435 0.0000
272133.8849 0.0000
273217.7118 0.0000
273496.4746 0.0000
272354.0392 0.0000
274234.1463 0.0000
273798.2423 0.0000
274605.9316 0.0000
275107.0756 0.0000
275190.2792 0.0000
276106.6910 0.0000
275793.9557 0.0000
276691.3756 0.0000
275713.5093 0.0000
277404.8491 0.0000
277246.6832 0.0000
277547.9747 0.0000
277631.9894 0.0000
277894.5370 0.0000
278414.3677 0.0000
279196.1513 0.0000
279945.5792 0.0000
280174.3793 0.0000
280100.8725 0.0000
279922.8690 0.0000
280119.7033 0.0000
281599.8446 0.0000
281456.0163 0.0000
282519.1050 0.0000
283232.9764 0.0000
282440.1394 0.0000
283598.4003 0.0000
283867.6329 0.0000
283124.6252 0.0000
284019.3293 0.0000
283962.0405 0.0000
284696.8046 0.0000
285022.9725 0.0000
284977.0627 0.0000
285026.4737 0.0000
284959.1258 0.0000
284571.8904 0.0000
286762.8872 0.0000
287273.1630 0.0000
286851.0677 0.0000
287864.5179 0.0000
287447.1824 0.0000
287674.9820 0.0000
287504.4805 0.0000
287733.5097 0.0000
286720.6695 0.0000
287574.5527 0.0000
288633.7388 0.0000
289325.7834 0.0000
288948.2814 0.0000
289366.0119 0.0000
289776.5541 0.0000
289367.9654 0.0000
289803.0230 0.0000
290031.3672 0.0000
290222.9753 0.0000
289651.3957 0.0000
289883.5385 0.0000
290774.7225 0.0000
290236.8671 0.0000
289933.5841 0.0000
291097.9885 0.0000
290812.7867 0.0000
290999.7409 0.0000
290341.5687 0.0000
291597.5196 0.0000
291007.3910 0.0000
290824.6191 0.0000
290428.3642 0.0000
291931.5889 0.0000
290878.3807 0.0000
291358.2914 0.0000
291722.8441 0.0000
291775.0691 0.0000
291535.2569 0.0000
291879.4670 0.0000
292618.7085 0.0000
292714.4966 0.0000
292788.7213 0.0000
292716.7623 0.0000
