-100.0000 -100.0000
6804.1508 0.0000
6765.0349 0.0000
7510.9901 0.0000
7672.7155 0.0000
7525.6836 0.0000
8695.2692 0.0000
9054.0529 0.0000
9598.0272 0.0000
10052.3364 0.0000
10776.3989 0.0000
10558.9124 0.0000
11837.0826 0.0000
12616.0237 0.0000
12970.7773 0.0000
12053.3282 0.0000
12621.8041 0.0000
12862.8014 0.0000
12281.1633 0.0000
12539.6206 0.0000
13265.5215 0.0000
14138.7438 0.0000
15277.2901 0.0000
15885.7089 0.0000
16534.2405 0.0000
15285.9915 0.0000
16919.1687 0.0000
16193.5082 0.0000
16540.6749 0.0000
16662.6289 0.0000
17583.6475 0.0000
17516.8974 0.0000
17462.6527 0.0000
17939.4336 0.0000
18242.2702 0.0000
18648.3421 0.0000
18707.4379 0.0000
18686.8914 0.0000
19260.5031 0.0000
19656.2813 0.0000
20505.9048 0.0000
18869.6467 0.0000
21014.3148 0.0000
20711.2559 0.0000
20508.4782 0.0000
22070.3170 0.0000
21709.9185 0.0000
22631.2150 0.0000
22755.9565 0.0000
23052.1293 0.0000
23068.6680 0.0000
22310.9085 0.0000
23271.0219 0.0000
22178.1857 0.0000
23393.1944 0.0000
24096.4697 0.0000
22707.6388 0.0000
23686.7140 0.0000
24718.7687 0.0000
24597.2922 0.0000
24073.0104 0.0000
24677.3263 0.0000
24315.3098 0.0000
24196.9518 0.0000
24926.4360 0.0000
24930.0777 0.0000
25240.9268 0.0000
24873.4649 0.0000
25149.5293 0.0000
25213.9017 0.0000
25842.5568 0.0000
26588.9436 0.0000
27038.1153 0.0000
27340.0773 0.0000
26675.7574 0.0000
27083.4459 0.0000
26695.6555 0.0000
26944.7248 0.0000
27991.4635 0.0000
26683.7372 0.0000
27596.0489 0.0000
28612.2727 0.0000
28712.3826 0.0000
28463.3399 0.0000
28586.4444 0.0000
28117.5095 0.0000
28578.4923 0.0000
28338.4292 0.0000
29001.5578 0.0000
29683.3196 0.0000
29795.2376 0.0000
29647.7162 0.0000
30209.2518 0.0000
29827.0874 0.0000
29036.6076 0.0000
30816.1807 0.0000
30680.4629 0.0000
31423.4837 0.0000
32378.8074 0.0000
32999.7323 0.0000
31541.4138 0.0000
32515.7349 0.0000
33171.3851 0.0000
32842.3205 0.0000
33216.9308 0.0000
32598.7988 0.0000
33106.4538 0.0000
32486.8672 0.0000
33026.2318 0.0000
32798.4439 0.0000
33263.6198 0.0000
34054.9157 0.0000
34016.5430 0.0000
33882.9463 0.0000
34427.8667 0.0000
34576.1662 0.0000
34874.4571 0.0000
34377.3773 0.0000
35491.5509 0.0000
35399.6913 0.0000
36055.8924 0.0000
35456.2754 0.0000
36203.0730 0.0000
36095.2471 0.0000
36505.7994 0.0000
37106.6347 0.0000
36931.1846 0.0000
37014.5946 0.0000
37551.2526 0.0000
37812.2567 0.0000
38141.6818 0.0000
38080.8555 0.0000
37725.9836 0.0000
37903.8430 0.0000
37459.1848 0.0000
39739.6961 0.0000
40378.6624 0.0000
39917.1269 0.0000
40759.2594 0.0000
40113.3496 0.0000
41770.5155 0.0000
42744.9590 0.0000
42408.1604 0.0000
42448.0117 0.0000
41658.2988 0.0000
42137.9903 0.0000
42689.5460 0.0000
43228.8894 0.0000
43510.7758 0.0000
43297.4757 0.0000
43207.4225 0.0000
42876.3413 0.0000
43610.3687 0.0000
42699.4267 0.0000
44320.9442 0.0000
43790.4095 0.0000
44310.2544 0.0000
44051.6075 0.0000
45825.0228 0.0000
46441.4125 0.0000
47492.9325 0.0000
47745.9507 0.0000
47179.3573 0.0000
46548.7507 0.0000
49462.8187 0.0000
48778.8549 0.0000
49248.0893 0.0000
49385.6347 0.0000
49299.4241 0.0000
49325.4633 0.0000
49364.2321 0.0000
48777.5582 0.0000
49361.6117 0.0000
48960.7696 0.0000
48460.0808 0.0000
50369.3535 0.0000
50716.0929 0.0000
51007.4701 0.0000
50549.0377 0.0000
50629.4923 0.0000
50957.6243 0.0000
51108.1340 0.0000
51699.2536 0.0000
51480.6210 0.0000
51561.7054 0.0000
52017.5256 0.0000
52588.0970 0.0000
51935.3441 0.0000
52748.3275 0.0000
52707.0937 0.0000
53443.2134 0.0000
53763.2038 0.0000
53929.0815 0.0000
54183.7011 0.0000
54456.5260 0.0000
54909.3003 0.0000
55080.3094 0.0000
54639.8168 0.0000
56189.0812 0.0000
56600.6839 0.0000
57471.9350 0.0000
58222.8584 0.0000
58389.8903 0.0000
58551.2253 0.0000
59213.3936 0.0000
59409.7432 0.0000
60055.5043 0.0000
58657.5273 0.0000
61026.5259 0.0000
60380.4750 0.0000
60154.0814 0.0000
61001.7211 0.0000
60431.3178 0.0000
60676.1871 0.0000
61318.0092 0.0000
60718.5851 0.0000
61428.7995 0.0000
62255.6084 0.0000
62376.1713 0.0000
62737.1563 0.0000
61971.9067 0.0000
62615.5085 0.0000
62466.9607 0.0000
63505.1702 0.0000
63493.4878 0.0000
64357.5867 0.0000
64787.6091 0.0000
65073.7314 0.0000
64609.0314 0.0000
64896.8534 0.0000
65669.4524 0.0000
65446.7190 0.0000
67271.2788 0.0000
66690.4487 0.0000
67197.7200 0.0000
67268.6747 0.0000
66356.7338 0.0000
68098.0079 0.0000
68058.4911 0.0000
67222.7503 0.0000
68696.7683 0.0000
68997.4842 0.0000
68393.5633 0.0000
69748.4950 0.0000
69683.3872 0.0000
70230.7717 0.0000
69590.1322 0.0000
70663.2590 0.0000
70089.4799 0.0000
70655.9072 0.0000
71138.1987 0.0000
70116.8153 0.0000
71411.7940 0.0000
70987.7698 0.0000
69874.8938 0.0000
70839.4430 0.0000
72065.9678 0.0000
72287.7216 0.0000
71289.7388 0.0000
72111.1163 0.0000
73303.5946 0.0000
73142.0586 0.0000
74192.0122 0.0000
74106.5868 0.0000
74502.9206 0.0000
74663.3731 0.0000
74957.6011 0.0000
74661.3101 0.0000
75117.0782 0.0000
75770.6407 0.0000
75582.7884 0.0000
74727.0475 0.0000
74910.9556 0.0000
75073.6980 0.0000
76461.3782 0.0000
76425.0825 0.0000
76966.6049 0.0000
77275.9813 0.0000
77256.5157 0.0000
77314.2599 0.0000
77425.0584 0.0000
77003.9145 0.0000
77168.2144 0.0000
77732.1912 0.0000
77981.6623 0.0000
77867.5281 0.0000
78539.6134 0.0000
77418.2225 0.0000
77567.6824 0.0000
78883.9089 0.0000
77991.4195 0.0000
80043.3847 0.0000
79945.0138 0.0000
79447.2566 0.0000
79653.9927 0.0000
80093.9583 0.0000
79843.1741 0.0000
79768.6934 0.0000
80261.8662 0.0000
80503.5607 0.0000
80589.6712 0.0000
80893.3960 0.0000
80399.9645 0.0000
79940.4616 0.0000
80393.9946 0.0000
80817.1173 0.0000
80904.2581 0.0000
80489.5682 0.0000
80916.6272 0.0000
81110.7747 0.0000
80925.4390 0.0000
81449.1547 0.0000
81168.4544 0.0000
81374.0062 0.0000
81086.8278 0.0000
81766.6002 0.0000
81231.8905 0.0000
80912.8979 0.0000
82007.4996 0.0000
82549.3659 0.0000
83010.3082 0.0000
82985.0902 0.0000
82810.7063 0.0000
82635.5212 0.0000
83959.6259 0.0000
84385.9157 0.0000
83846.0969 0.0000
82819.8237 0.0000
84088.4738 0.0000
84604.1956 0.0000
83794.2541 0.0000
84047.6997 0.0000
83983.5231 0.0000
84189.3481 0.0000
83794.2108 0.0000
85426.5760 0.0000
84451.5813 0.0000
86623.3216 0.0000
87070.9808 0.0000
86464.1413 0.0000
87057.4844 0.0000
86483.2346 0.0000
87111.4873 0.0000
87463.5665 0.0000
88552.9168 0.0000
89205.2389 0.0000
87392.1637 0.0000
89130.5590 0.0000
89349.6072 0.0000
90413.2691 0.0000
91804.9831 0.0000
92648.9058 0.0000
91550.6101 0.0000
92612.2526 0.0000
91399.1316 0.0000
93579.1987 0.0000
93470.4628 0.0000
92794.9109 0.0000
93213.3608 0.0000
94068.1339 0.0000
93402.9756 0.0000
92392.6645 0.0000
93951.4958 0.0000
94072.7649 0.0000
93042.9748 0.0000
93816.2944 0.0000
93727.4350 0.0000
93940.9450 0.0000
93360.8884 0.0000
94142.1285 0.0000
94328.5696 0.0000
93644.7275 0.0000
94268.3411 0.0000
94509.5566 0.0000
95048.0768 0.0000
94848.5749 0.0000
95547.9077 0.0000
95681.3249 0.0000
95003.0684 0.0000
95649.1591 0.0000
95721.6306 0.0000
96008.0433 0.0000
95845.5213 0.0000
96306.8655 0.0000
95921.6247 0.0000
96764.8343 0.0000
97704.6045 0.0000
98408.4978 0.0000
97341.7356 0.0000
98613.5444 0.0000
99220.6339 0.0000
98736.2819 0.0000
98974.6165 0.0000
99074.6055 0.0000
98526.5957 0.0000
99057.3413 0.0000
99371.9321 0.0000
99258.6294 0.0000
99259.2842 0.0000
98721.0563 0.0000
99686.8331 0.0000
99401.3590 0.0000
99316.6420 0.0000
100492.2555 0.0000
100297.0043 0.0000
101076.2842 0.0000
101828.2155 0.0000
101769.6700 0.0000
102604.1395 0.0000
102164.8396 0.0000
102891.1192 0.0000
102834.0470 0.0000
101781.2683 0.0000
103105.5928 0.0000
102662.8654 0.0000
103266.0428 0.0000
103973.5099 0.0000
103729.4532 0.0000
104563.9060 0.0000
104601.7947 0.0000
105012.1433 0.0000
104053.0493 0.0000
104413.3496 0.0000
104889.1346 0.0000
105904.7684 0.0000
104924.9797 0.0000
105412.6485 0.0000
105442.2940 0.0000
106076.8228 0.0000
106029.0299 0.0000
105909.8532 0.0000
105963.8421 0.0000
106602.9746 0.0000
106238.2497 0.0000
107189.6944 0.0000
106998.7452 0.0000
108171.9655 0.0000
108665.6643 0.0000
109273.6225 0.0000
108870.9545 0.0000
109053.7252 0.0000
109111.9619 0.0000
108469.9671 0.0000
110276.1435 0.0000
110911.7625 0.0000
111022.9419 0.0000
110586.6963 0.0000
111566.2908 0.0000
111090.2087 0.0000
112057.9828 0.0000
111613.9525 0.0000
111944.8159 0.0000
111842.7409 0.0000
112486.2830 0.0000
111649.2974 0.0000
113007.5108 0.0000
112238.2535 0.0000
112928.1931 0.0000
112818.1011 0.0000
112618.5432 0.0000
112737.0357 0.0000
112378.8846 0.0000
112568.9334 0.0000
112333.3775 0.0000
113817.1750 0.0000
113307.0580 0.0000
114521.1166 0.0000
114089.9295 0.0000
113860.9859 0.0000
114634.2630 0.0000
114531.0957 0.0000
114717.6689 0.0000
113693.5974 0.0000
115669.9299 0.0000
115534.7007 0.0000
115400.9358 0.0000
116150.7552 0.0000
115438.5073 0.0000
117098.7369 0.0000
117662.2477 0.0000
117819.4085 0.0000
118106.5223 0.0000
117574.0387 0.0000
118518.8647 0.0000
117802.8330 0.0000
119161.9147 0.0000
119391.7688 0.0000
119007.7880 0.0000
120146.1733 0.0000
120646.7195 0.0000
120680.3132 0.0000
120376.5547 0.0000
120751.2286 0.0000
120953.9455 0.0000
121016.2979 0.0000
120614.7012 0.0000
120498.4158 0.0000
121666.8326 0.0000
121492.3343 0.0000
121484.5037 0.0000
122562.7160 0.0000
122213.9331 0.0000
123468.8430 0.0000
123198.1206 0.0000
123534.8154 0.0000
123373.8005 0.0000
123725.9834 0.0000
123609.0249 0.0000
124108.7629 0.0000
124097.3661 0.0000
124098.4938 0.0000
123905.2730 0.0000
124667.9545 0.0000
124953.1124 0.0000
125587.3272 0.0000
126395.4406 0.0000
126197.3930 0.0000
126429.3265 0.0000
126857.6892 0.0000
127180.6523 0.0000
126607.8736 0.0000
126587.9098 0.0000
128046.9141 0.0000
127472.1769 0.0000
126819.6628 0.0000
128024.9367 0.0000
127741.6816 0.0000
127304.5992 0.0000
127973.5516 0.0000
128016.2386 0.0000
127412.7008 0.0000
128288.3581 0.0000
129085.0053 0.0000
127860.9114 0.0000
129802.9165 0.0000
129779.8649 0.0000
129551.2364 0.0000
129973.9533 0.0000
128685.5887 0.0000
129996.2834 0.0000
129718.1636 0.0000
130576.6772 0.0000
131215.8044 0.0000
131524.8934 0.0000
131190.8968 0.0000
131734.0461 0.0000
132485.1197 0.0000
132400.2459 0.0000
132346.2241 0.0000
132760.9930 0.0000
132543.2841 0.0000
133416.1456 0.0000
133933.5477 0.0000
133300.3785 0.0000
134694.9610 0.0000
134871.2157 0.0000
133797.5930 0.0000
134554.1163 0.0000
135870.8074 0.0000
135810.8894 0.0000
135594.4330 0.0000
135704.0861 0.0000
135890.5237 0.0000
135518.3072 0.0000
135906.1708 0.0000
135931.8447 0.0000
136292.4831 0.0000
135339.2795 0.0000
136412.7930 0.0000
136881.1620 0.0000
137139.7945 0.0000
137380.6135 0.0000
137125.1502 0.0000
137869.7579 0.0000
138091.2740 0.0000
138253.7424 0.0000
137352.4339 0.0000
137542.2491 0.0000
138348.2121 0.0000
137777.6370 0.0000
138067.6181 0.0000
138122.8363 0.0000
138146.2816 0.0000
137987.3674 0.0000
138694.1401 0.0000
138713.4600 0.0000
138378.1994 0.0000
138761.8828 0.0000
138429.9357 0.0000
138341.4065 0.0000
138922.8003 0.0000
138963.6019 0.0000
137314.7317 0.0000
138896.6798 0.0000
139308.7245 0.0000
138935.0152 0.0000
139426.6031 0.0000
139354.3647 0.0000
139312.2290 0.0000
139727.1211 0.0000
140077.4657 0.0000
139801.6919 0.0000
140118.1975 0.0000
140881.2451 0.0000
140664.6006 0.0000
141503.6087 0.0000
141816.0984 0.0000
141785.8462 0.0000
141207.3183 0.0000
142152.5678 0.0000
141446.9960 0.0000
142845.9725 0.0000
142712.1347 0.0000
142866.2602 0.0000
143630.9957 0.0000
143243.6775 0.0000
143833.3095 0.0000
144491.3031 0.0000
143554.5008 0.0000
144448.7150 0.0000
143991.7508 0.0000
145278.7978 0.0000
145983.5725 0.0000
146565.9135 0.0000
147349.2147 0.0000
147581.2234 0.0000
148088.7803 0.0000
147332.2013 0.0000
147750.1080 0.0000
147590.2518 0.0000
149281.3164 0.0000
148818.6803 0.0000
149600.4044 0.0000
149198.9946 0.0000
149442.8120 0.0000
149492.4949 0.0000
149571.2166 0.0000
148954.9985 0.0000
150657.8513 0.0000
150601.6098 0.0000
150047.0680 0.0000
150784.1571 0.0000
150734.9345 0.0000
149849.4487 0.0000
151482.4125 0.0000
151775.0171 0.0000
151742.0059 0.0000
151292.4998 0.0000
151055.5663 0.0000
151614.4648 0.0000
152849.2183 0.0000
151988.5760 0.0000
153039.2649 0.0000
153891.2293 0.0000
153560.7438 0.0000
154839.0229 0.0000
153887.6153 0.0000
154936.3891 0.0000
155996.0525 0.0000
155934.7675 0.0000
156801.1936 0.0000
156778.1257 0.0000
155861.2142 0.0000
156262.3560 0.0000
156705.8750 0.0000
157263.9265 0.0000
157128.3718 0.0000
157675.0166 0.0000
158043.8158 0.0000
158282.3299 0.0000
157637.9655 0.0000
158978.7997 0.0000
159726.6201 0.0000
160168.5984 0.0000
159023.0372 0.0000
160316.7296 0.0000
160507.8758 0.0000
160978.5698 0.0000
161352.9193 0.0000
161346.3345 0.0000
161495.8694 0.0000
161068.6944 0.0000
160934.3322 0.0000
161996.1405 0.0000
161580.8128 0.0000
160829.8520 0.0000
161987.8199 0.0000
161818.3960 0.0000
161988.9941 0.0000
161439.3398 0.0000
162214.9170 0.0000
162029.7965 0.0000
161670.2794 0.0000
162458.0629 0.0000
162434.2486 0.0000
161188.6109 0.0000
162446.7284 0.0000
163189.1839 0.0000
163295.8339 0.0000
163916.4428 0.0000
164131.8310 0.0000
163507.7382 0.0000
163822.2829 0.0000
164477.7334 0.0000
164228.6267 0.0000
164822.7683 0.0000
164625.7286 0.0000
165063.8470 0.0000
164957.1170 0.0000
164719.5337 0.0000
165526.7717 0.0000
165278.4868 0.0000
165523.3298 0.0000
166396.5672 0.0000
166597.7497 0.0000
166818.2469 0.0000
167476.0797 0.0000
167169.5826 0.0000
167761.8155 0.0000
166680.0803 0.0000
167734.5454 0.0000
166984.5903 0.0000
167013.5289 0.0000
168672.4219 0.0000
167732.9743 0.0000
168835.0046 0.0000
167984.9792 0.0000
169350.1813 0.0000
169041.6274 0.0000
170028.7621 0.0000
170538.5895 0.0000
171448.2906 0.0000
171429.4379 0.0000
171587.2049 0.0000
173082.0160 0.0000
172979.8717 0.0000
173518.2605 0.0000
174359.8976 0.0000
173984.6004 0.0000
174034.4178 0.0000
174070.5315 0.0000
175487.9156 0.0000
174320.4152 0.0000
176262.7331 0.0000
175786.2785 0.0000
175631.5797 0.0000
176480.1731 0.0000
176295.9396 0.0000
176488.3836 0.0000
176326.4265 0.0000
176506.8155 0.0000
176650.8140 0.0000
177080.0539 0.0000
176495.5530 0.0000
177759.2331 0.0000
178173.8764 0.0000
178700.8689 0.0000
179326.1174 0.0000
178810.1060 0.0000
178922.9167 0.0000
179269.6108 0.0000
179038.3448 0.0000
179147.8193 0.0000
179630.7428 0.0000
179994.8378 0.0000
180825.6319 0.0000
180008.3944 0.0000
180154.3611 0.0000
180989.0269 0.0000
180941.3931 0.0000
180932.5617 0.0000
180969.8735 0.0000
181042.5087 0.0000
180374.3327 0.0000
181175.6232 0.0000
180737.3983 0.0000
182328.9201 0.0000
181996.1552 0.0000
182876.0856 0.0000
183235.4923 0.0000
182896.1864 0.0000
182961.3347 0.0000
183124.0495 0.0000
183295.6934 0.0000
183585.8124 0.0000
183600.1792 0.0000
184180.3021 0.0000
184203.6720 0.0000
183784.4221 0.0000
183846.6023 0.0000
185452.3788 0.0000
185447.7813 0.0000
185512.1919 0.0000
185852.1832 0.0000
185647.4778 0.0000
186074.3189 0.0000
185898.8373 0.0000
186039.0303 0.0000
186358.1633 0.0000
186691.7283 0.0000
187119.5819 0.0000
188051.8248 0.0000
187933.5507 0.0000
189169.0508 0.0000
188216.1841 0.0000
189023.9468 0.0000
190336.3775 0.0000
190453.7086 0.0000
190844.4836 0.0000
190485.5621 0.0000
190770.0585 0.0000
190951.4959 0.0000
191482.7626 0.0000
191713.0785 0.0000
192259.7848 0.0000
192063.0882 0.0000
193188.0811 0.0000
193391.0943 0.0000
192640.5168 0.0000
193611.4168 0.0000
193303.7590 0.0000
194399.4040 0.0000
194801.3483 0.0000
195133.7477 0.0000
194938.4325 0.0000
194410.8461 0.0000
195411.8825 0.0000
195713.1192 0.0000
195586.5344 0.0000
195842.1174 0.0000
196028.0857 0.0000
195988.1708 0.0000
195691.9327 0.0000
195645.0084 0.0000
196031.7216 0.0000
196881.4066 0.0000
196807.6061 0.0000
197565.4483 0.0000
197372.7966 0.0000
196904.1987 0.0000
196162.0467 0.0000
197757.7822 0.0000
197882.2020 0.0000
198010.5449 0.0000
197844.3358 0.0000
197124.5866 0.0000
197870.6931 0.0000
198231.3297 0.0000
197837.7709 0.0000
199330.5387 0.0000
199094.7096 0.0000
198776.6257 0.0000
199420.2225 0.0000
199547.7839 0.0000
199611.7673 0.0000
199717.3351 0.0000
199672.5776 0.0000
199265.8739 0.0000
199099.9939 0.0000
199296.5733 0.0000
200210.8835 0.0000
199971.4428 0.0000
200675.6490 0.0000
200467.1754 0.0000
200540.6945 0.0000
201157.4082 0.0000
200884.0229 0.0000
200199.7867 0.0000
201536.3464 0.0000
201310.1326 0.0000
201871.9939 0.0000
202936.3367 0.0000
203044.5790 0.0000
202516.6940 0.0000
202608.1567 0.0000
203632.7499 0.0000
203827.8167 0.0000
203759.4677 0.0000
203801.6704 0.0000
205278.8536 0.0000
205804.2836 0.0000
204990.4520 0.0000
205716.2194 0.0000
205477.7108 0.0000
205214.4714 0.0000
205649.8271 0.0000
206328.4622 0.0000
206011.8568 0.0000
207595.9991 0.0000
207525.7770 0.0000
207578.2687 0.0000
207292.9438 0.0000
207401.7883 0.0000
208921.4244 0.0000
208075.5548 0.0000
209162.2842 0.0000
209981.1103 0.0000
210319.1263 0.0000
211169.0526 0.0000
211251.3187 0.0000
211268.9918 0.0000
210745.8749 0.0000
211652.4158 0.0000
211793.4365 0.0000
211975.3320 0.0000
211485.9367 0.0000
211947.7507 0.0000
211907.7085 0.0000
211953.5042 0.0000
212890.0745 0.0000
211560.1595 0.0000
214116.8957 0.0000
213613.9423 0.0000
214432.8779 0.0000
214166.1144 0.0000
214361.9468 0.0000
213514.6568 0.0000
215032.9430 0.0000
214559.4496 0.0000
213961.2231 0.0000
215254.0871 0.0000
214907.6001 0.0000
214999.8842 0.0000
214867.3761 0.0000
216036.0196 0.0000
216815.4025 0.0000
217122.3021 0.0000
217095.8668 0.0000
218012.3256 0.0000
218032.7379 0.0000
217842.9890 0.0000
218752.1281 0.0000
217323.2762 0.0000
218692.1433 0.0000
218172.9700 0.0000
218093.0916 0.0000
219594.4431 0.0000
219581.1565 0.0000
218653.5774 0.0000
218981.7655 0.0000
220530.0121 0.0000
220499.0515 0.0000
220375.8596 0.0000
221099.7413 0.0000
220322.9719 0.0000
221092.1190 0.0000
220375.3838 0.0000
220646.7353 0.0000
221780.1461 0.0000
221732.6117 0.0000
221848.0612 0.0000
222259.8737 0.0000
222620.5192 0.0000
221459.8568 0.0000
222328.7107 0.0000
220891.2785 0.0000
223458.4087 0.0000
222495.6706 0.0000
222944.5091 0.0000
222605.9390 0.0000
223571.0523 0.0000
222667.6947 0.0000
223733.0777 0.0000
224192.6458 0.0000
224252.1546 0.0000
224650.3318 0.0000
224879.9285 0.0000
225075.0219 0.0000
224792.0045 0.0000
224169.8419 0.0000
225569.3252 0.0000
225336.4183 0.0000
225937.9362 0.0000
225910.1424 0.0000
225830.0269 0.0000
226080.3881 0.0000
226108.2185 0.0000
225902.3810 0.0000
226961.2230 0.0000
227557.1585 0.0000
228395.5972 0.0000
228686.7429 0.0000
228952.3798 0.0000
228195.1694 0.0000
229414.5378 0.0000
228264.2002 0.0000
229449.7141 0.0000
229130.8521 0.0000
229311.9540 0.0000
230342.7992 0.0000
230494.5704 0.0000
230297.5652 0.0000
230867.6213 0.0000
230680.7732 0.0000
228966.1197 0.0000
230846.2465 0.0000
229738.1099 0.0000
231054.2284 0.0000
230963.6042 0.0000
231104.8556 0.0000
231433.5597 0.0000
230795.7899 0.0000
231644.1772 0.0000
231286.2905 0.0000
231119.1169 0.0000
231031.9078 0.0000
231451.1045 0.0000
232057.8224 0.0000
231590.7894 0.0000
231791.2433 0.0000
230781.3354 0.0000
232088.0147 0.0000
232856.1580 0.0000
232678.7832 0.0000
231587.7669 0.0000
231681.1134 0.0000
233881.8844 0.0000
233799.8316 0.0000
235476.0208 0.0000
235686.8954 0.0000
235124.3023 0.0000
234516.5439 0.0000
235515.4751 0.0000
236156.5813 0.0000
235655.3388 0.0000
236684.9926 0.0000
236983.4167 0.0000
237444.2949 0.0000
238091.2506 0.0000
238876.8344 0.0000
239001.6440 0.0000
238492.3382 0.0000
239099.7340 0.0000
238698.8827 0.0000
239413.1130 0.0000
239892.4296 0.0000
239890.7937 0.0000
239804.5958 0.0000
240699.7863 0.0000
240141.9652 0.0000
241130.2762 0.0000
241371.6899 0.0000
240427.7200 0.0000
241108.7957 0.0000
240473.0615 0.0000
241185.3300 0.0000
241792.3986 0.0000
241575.3678 0.0000
241767.5663 0.0000
242162.8892 0.0000
243560.8060 0.0000
243777.8752 0.0000
243913.9051 0.0000
243934.8760 0.0000
244290.4338 0.0000
244954.3942 0.0000
243938.9076 0.0000
244154.6537 0.0000
245160.9487 0.0000
245539.4732 0.0000
245597.4319 0.0000
245684.9458 0.0000
245329.7291 0.0000
245053.5480 0.0000
245186.1724 0.0000
245721.4301 0.0000
246059.7807 0.0000
245719.2149 0.0000
246407.7608 0.0000
246027.7510 0.0000
246921.2080 0.0000
246539.7339 0.0000
246624.6306 0.0000
247639.0278 0.0000
246656.8672 0.0000
248566.7218 0.0000
249004.7507 0.0000
248778.9565 0.0000
249827.3480 0.0000
248855.1235 0.0000
250333.6028 0.0000
249939.6033 0.0000
250214.0380 0.0000
249898.1860 0.0000
250290.9139 0.0000
250460.2905 0.0000
250215.3926 0.0000
250649.2334 0.0000
250760.9564 0.0000
250641.1896 0.0000
249920.1779 0.0000
249401.0692 0.0000
250656.2672 0.0000
250194.6218 0.0000
251039.2608 0.0000
251144.9306 0.0000
251110.2208 0.0000
250649.0431 0.0000
250469.2418 0.0000
250353.2185 0.0000
250675.5525 0.0000
251666.9737 0.0000
252467.6962 0.0000
252382.5024 0.0000
253002.9105 0.0000
252799.5419 0.0000
253397.1353 0.0000
252970.0422 0.0000
254188.5885 0.0000
253554.8476 0.0000
254492.6399 0.0000
255174.4951 0.0000
255395.2756 0.0000
256922.7309 0.0000
257417.9883 0.0000
257002.4699 0.0000
258686.6833 0.0000
257886.1144 0.0000
258132.5962 0.0000
258603.2245 0.0000
258169.3282 0.0000
258829.1951 0.0000
259507.3833 0.0000
260194.0640 0.0000
259835.5292 0.0000
260296.7627 0.0000
259931.0395 0.0000
259790.6420 0.0000
260174.5428 0.0000
260353.6710 0.0000
260415.8032 0.0000
259921.3682 0.0000
260585.6363 0.0000
260870.7927 0.0000
261442.8903 0.0000
261326.8303 0.0000
261385.6631 0.0000
261581.2850 0.0000
261983.1899 0.0000
262763.4260 0.0000
263569.2779 0.0000
263856.5823 0.0000
263809.8084 0.0000
263983.0231 0.0000
263793.6992 0.0000
264316.7525 0.0000
264531.0945 0.0000
265165.1422 0.0000
265464.5315 0.0000
265814.8052 0.0000
266364.2364 0.0000
266251.0245 0.0000
266767.5544 0.0000
266437.2444 0.0000
266893.9728 0.0000
267672.7137 0.0000
267910.9525 0.0000
268524.4678 0.0000
269088.1380 0.0000
269526.8346 0.0000
269780.8258 0.0000
269691.7104 0.0000
268826.2861 0.0000
270662.9103 0.0000
271119.1912 0.0000
272062.3723 0.0000
271663.0137 0.0000
272746.8405 0.0000
273025.6034 0.0000
271883.1679 0.0000
273763.2750 0.0000
273327.3711 0.0000
274135.0604 0.0000
274636.2044 0.0000
274719.4079 0.0000
275635.8198 0.0000
275323.0844 0.0000
276220.5044 0.0000
275242.6381 0.0000
276933.9778 0.0000
276775.8120 0.0000
277077.1034 0.0000
277161.1182 0.0000
277423.6657 0.0000
277943.4964 0.0000
278725.2801 0.0000
279474.7080 0.0000
279703.5080 0.0000
279630.0013 0.0000
279451.9978 0.0000
279648.8320 0.0000
281128.9733 0.0000
280985.1451 0.0000
282048.2338 0.0000
282762.1051 0.0000
281969.2682 0.0000
283127.5291 0.0000
283396.7617 0.0000
282653.7540 0.0000
283548.4581 0.0000
283491.1693 0.0000
284225.9334 0.0000
284552.1013 0.0000
284506.1914 0.0000
284555.6024 0.0000
284488.2546 0.0000
284101.0192 0.0000
286292.0160 0.0000
286802.2918 0.0000
286380.1964 0.0000
287393.6467 0.0000
286976.3111 0.0000
287204.1108 0.0000
287033.6093 0.0000
287262.6385 0.0000
286249.7983 0.0000
287103.6815 0.0000
288162.8676 0.0000
288854.9121 0.0000
288477.4101 0.0000
288895.1406 0.0000
289305.6829 0.0000
288897.0942 0.0000
289332.1517 0.0000
289560.4960 0.0000
289752.1041 0.0000
289180.5244 0.0000
289412.6673 0.0000
290303.8513 0.0000
289765.9959 0.0000
289462.7128 0.0000
290627.1173 0.0000
290341.9155 0.0000
290528.8697 0.0000
289870.6974 0.0000
291126.6484 0.0000
290536.5198 0.0000
290353.7479 0.0000
289957.4929 0.0000
291460.7176 0.0000
290407.5094 0.0000
290887.4202 0.0000
291251.9729 0.0000
291304.1978 0.0000
291064.3856 0.0000
291408.5958 0.0000
292147.8372 0.0000
292243.6254 0.0000
292317.8501 0.0000
292245.8911 0.0000
