-100.0000 -100.0000
3766.0602 0.0000
4099.9567 0.0000
4817.3714 0.0000
3958.6108 0.0000
5248.0843 0.0000
4598.0935 0.0000
3905.5453 0.0000
5071.9691 0.0000
6219.3651 0.0000
7277.3061 0.0000
6404.6064 0.0000
7433.1355 0.0000
6641.9971 0.0000
7367.1112 0.0000
7860.7617 0.0000
9068.0603 0.0000
9168.7105 0.0000
9286.0267 0.0000
9655.8132 0.0000
10717.0896 0.0000
11046.3705 0.0000
11510.8679 0.0000
10904.2867 0.0000
11946.5216 0.0000
11424.0529 0.0000
11714.7888 0.0000
11457.3836 0.0000
12853.4397 0.0000
12795.5636 0.0000
13957.3981 0.0000
13845.6209 0.0000
13595.5371 0.0000
14432.8023 0.0000
15115.9008 0.0000
14892.7503 0.0000
16107.8572 0.0000
15517.9977 0.0000
16101.0495 0.0000
15500.4927 0.0000
15313.8900 0.0000
17653.2356 0.0000
16904.1830 0.0000
18450.0068 0.0000
19265.3664 0.0000
19594.8736 0.0000
18966.7792 0.0000
20476.9723 0.0000
20769.4249 0.0000
19961.1214 0.0000
21794.0051 0.0000
22253.6177 0.0000
21665.1578 0.0000
21626.4513 0.0000
21327.7900 0.0000
21782.9352 0.0000
22540.1847 0.0000
23239.3034 0.0000
21829.6012 0.0000
23784.7480 0.0000
23306.1458 0.0000
24387.8675 0.0000
25141.2658 0.0000
25072.5350 0.0000
25206.4297 0.0000
25511.8320 0.0000
25893.7447 0.0000
24614.1104 0.0000
24920.2275 0.0000
25734.2213 0.0000
25423.9262 0.0000
26052.9297 0.0000
26673.3617 0.0000
25440.6064 0.0000
26275.2670 0.0000
26627.1203 0.0000
26272.1687 0.0000
26693.8025 0.0000
26971.6434 0.0000
27372.2944 0.0000
27631.5969 0.0000
26977.2737 0.0000
27717.1131 0.0000
26871.8945 0.0000
27254.0747 0.0000
28234.9238 0.0000
27886.3842 0.0000
28140.2035 0.0000
29032.0437 0.0000
28985.7056 0.0000
28664.2128 0.0000
28566.0732 0.0000
29529.4287 0.0000
29399.3525 0.0000
29629.1307 0.0000
29104.6609 0.0000
29670.9824 0.0000
29446.2752 0.0000
29151.4654 0.0000
31016.8903 0.0000
31208.2797 0.0000
32060.6561 0.0000
31536.9050 0.0000
30906.3369 0.0000
32658.0510 0.0000
33583.5793 0.0000
33684.7162 0.0000
33547.6517 0.0000
33678.5735 0.0000
33591.5193 0.0000
34234.6467 0.0000
33826.2134 0.0000
34999.3019 0.0000
35099.1818 0.0000
36183.7612 0.0000
36708.5073 0.0000
36051.5299 0.0000
36356.6344 0.0000
37048.3410 0.0000
37925.4733 0.0000
37768.8737 0.0000
38788.3131 0.0000
39345.2885 0.0000
39813.2685 0.0000
39576.6831 0.0000
40300.8833 0.0000
40054.5379 0.0000
39591.7270 0.0000
40156.9962 0.0000
40641.7485 0.0000
40884.8179 0.0000
40492.7488 0.0000
40972.3398 0.0000
40500.4638 0.0000
41005.1807 0.0000
41085.2783 0.0000
41084.6897 0.0000
40887.0862 0.0000
41901.7048 0.0000
41984.7602 0.0000
41470.7176 0.0000
42508.0206 0.0000
43630.5889 0.0000
43217.5297 0.0000
43035.1161 0.0000
44415.7357 0.0000
43544.3864 0.0000
45004.7381 0.0000
44483.8528 0.0000
44878.5384 0.0000
44759.3474 0.0000
44250.2904 0.0000
45372.9346 0.0000
46556.6236 0.0000
46914.3438 0.0000
47421.7643 0.0000
47806.0678 0.0000
47839.1341 0.0000
47953.7417 0.0000
47697.5439 0.0000
47841.8986 0.0000
47167.4271 0.0000
48162.9308 0.0000
48120.0464 0.0000
49116.6272 0.0000
48811.1249 0.0000
49442.7772 0.0000
49648.6821 0.0000
49519.7638 0.0000
49459.3729 0.0000
49533.0596 0.0000
49390.7170 0.0000
49482.4443 0.0000
49856.3469 0.0000
51092.2981 0.0000
51610.1934 0.0000
51289.0346 0.0000
52202.3047 0.0000
53397.6082 0.0000
53110.9534 0.0000
53433.3165 0.0000
53434.3073 0.0000
53427.8054 0.0000
53690.1181 0.0000
52985.7373 0.0000
53446.2317 0.0000
54437.1297 0.0000
54767.8409 0.0000
54600.2814 0.0000
55147.8770 0.0000
55347.9519 0.0000
54793.3951 0.0000
55354.3068 0.0000
55291.9529 0.0000
55510.2032 0.0000
55090.0415 0.0000
54724.7379 0.0000
55952.2146 0.0000
55944.2804 0.0000
57280.2513 0.0000
57759.2740 0.0000
58091.4217 0.0000
56112.3134 0.0000
58566.7781 0.0000
58908.6460 0.0000
59063.5796 0.0000
58609.4751 0.0000
59302.7193 0.0000
58916.9075 0.0000
59384.1490 0.0000
58768.6847 0.0000
59605.7396 0.0000
59733.8343 0.0000
59246.5735 0.0000
59791.4237 0.0000
60228.1928 0.0000
59730.2661 0.0000
60434.9803 0.0000
60852.1406 0.0000
59993.5359 0.0000
60492.9220 0.0000
61379.6132 0.0000
61770.7519 0.0000
62165.9594 0.0000
62384.7669 0.0000
63258.0641 0.0000
63602.6370 0.0000
63120.9002 0.0000
63263.4868 0.0000
62392.2292 0.0000
63550.2804 0.0000
63318.4432 0.0000
62887.0459 0.0000
63961.0715 0.0000
64450.2088 0.0000
64681.6014 0.0000
65171.9278 0.0000
65538.8821 0.0000
65961.7411 0.0000
65218.7789 0.0000
66526.7124 0.0000
66414.4678 0.0000
65915.6046 0.0000
66973.3668 0.0000
66375.9121 0.0000
67783.0201 0.0000
67517.5208 0.0000
67717.5524 0.0000
67592.7851 0.0000
67746.1821 0.0000
67899.5797 0.0000
68809.3618 0.0000
68084.8519 0.0000
67807.2256 0.0000
69164.3469 0.0000
69286.8534 0.0000
68946.4549 0.0000
69112.5686 0.0000
68671.6822 0.0000
68843.3408 0.0000
69762.5309 0.0000
69661.1060 0.0000
70054.8993 0.0000
69499.1137 0.0000
70789.5187 0.0000
70489.1338 0.0000
70375.2446 0.0000
71236.3743 0.0000
70157.9854 0.0000
71245.6946 0.0000
69858.9541 0.0000
71210.0002 0.0000
70586.6229 0.0000
71009.4279 0.0000
70189.3652 0.0000
71011.3733 0.0000
71254.6529 0.0000
71328.5274 0.0000
71314.4791 0.0000
71917.2697 0.0000
72058.0735 0.0000
73199.9089 0.0000
73230.8509 0.0000
72649.4649 0.0000
71891.6621 0.0000
73400.6919 0.0000
74237.3519 0.0000
73467.4471 0.0000
74002.5762 0.0000
74128.2605 0.0000
73680.0567 0.0000
74389.7698 0.0000
75172.7852 0.0000
75099.4288 0.0000
73951.9209 0.0000
75194.1674 0.0000
74611.1000 0.0000
75631.6205 0.0000
75951.7308 0.0000
77080.0266 0.0000
76966.9854 0.0000
76327.7240 0.0000
77601.9426 0.0000
77232.7667 0.0000
78935.5925 0.0000
78472.2921 0.0000
78645.3091 0.0000
80493.3270 0.0000
81513.0404 0.0000
82990.8632 0.0000
82180.6109 0.0000
82793.3354 0.0000
82686.8534 0.0000
83117.2459 0.0000
83449.4895 0.0000
84554.7277 0.0000
83952.9651 0.0000
83962.8997 0.0000
83783.6176 0.0000
83565.2840 0.0000
84701.7614 0.0000
84094.1224 0.0000
85276.3744 0.0000
84845.7226 0.0000
84793.9748 0.0000
85655.1627 0.0000
85848.2723 0.0000
86847.4754 0.0000
87746.7744 0.0000
87393.8704 0.0000
87195.1027 0.0000
87569.4932 0.0000
88233.8061 0.0000
89364.6013 0.0000
88308.0932 0.0000
90584.4177 0.0000
91403.8925 0.0000
91943.6168 0.0000
90944.7195 0.0000
91339.8492 0.0000
92330.6772 0.0000
92237.7881 0.0000
90823.2852 0.0000
92434.3927 0.0000
92049.2553 0.0000
92018.2857 0.0000
91934.7055 0.0000
92482.2859 0.0000
93128.4749 0.0000
93153.1473 0.0000
92911.0766 0.0000
92173.7278 0.0000
93273.8599 0.0000
93289.5715 0.0000
93946.2265 0.0000
94780.9048 0.0000
94129.8003 0.0000
95897.8500 0.0000
96073.6119 0.0000
95759.1208 0.0000
96250.6791 0.0000
96545.5611 0.0000
96658.3213 0.0000
96928.1146 0.0000
96890.9338 0.0000
97231.4883 0.0000
96955.2746 0.0000
97274.0466 0.0000
97274.6444 0.0000
98236.4228 0.0000
99488.2142 0.0000
99666.6014 0.0000
99908.4094 0.0000
99654.3932 0.0000
100581.0091 0.0000
100564.2990 0.0000
100919.7400 0.0000
100781.2992 0.0000
100431.8750 0.0000
100817.0029 0.0000
102850.2883 0.0000
102618.3733 0.0000
103556.2901 0.0000
104191.5736 0.0000
104470.2815 0.0000
103876.0082 0.0000
104014.5807 0.0000
103881.0060 0.0000
104008.1412 0.0000
103573.7158 0.0000
103705.1157 0.0000
103948.6186 0.0000
104674.8215 0.0000
104878.7837 0.0000
104613.5155 0.0000
104500.1637 0.0000
104401.4855 0.0000
104844.9002 0.0000
104534.5707 0.0000
105400.0908 0.0000
105641.7866 0.0000
105851.7415 0.0000
105274.3536 0.0000
104948.6160 0.0000
105786.3017 0.0000
105829.5267 0.0000
105193.4170 0.0000
105876.6589 0.0000
105638.9177 0.0000
106618.8585 0.0000
106477.5944 0.0000
106991.5675 0.0000
106242.3343 0.0000
107077.5272 0.0000
107437.4651 0.0000
108136.7482 0.0000
108199.9617 0.0000
108638.1712 0.0000
108045.4065 0.0000
108690.9632 0.0000
107904.2273 0.0000
108907.3064 0.0000
108417.3587 0.0000
107254.2652 0.0000
109507.4860 0.0000
109459.1126 0.0000
110154.7149 0.0000
108744.2919 0.0000
109623.8021 0.0000
109324.6261 0.0000
110251.5243 0.0000
110525.2602 0.0000
110733.8286 0.0000
110521.8183 0.0000
110718.5847 0.0000
110630.7652 0.0000
110615.0466 0.0000
111881.5360 0.0000
113081.1526 0.0000
113666.7477 0.0000
113786.2697 0.0000
114674.0076 0.0000
115059.1731 0.0000
114451.0543 0.0000
114728.2606 0.0000
115437.8181 0.0000
114340.7370 0.0000
115490.0224 0.0000
116051.2466 0.0000
116210.7165 0.0000
116232.7473 0.0000
116557.0079 0.0000
116316.5141 0.0000
116474.4194 0.0000
116709.2903 0.0000
117696.5014 0.0000
116885.1219 0.0000
118180.9947 0.0000
118032.9416 0.0000
118384.3231 0.0000
118741.0337 0.0000
118853.4342 0.0000
118130.7345 0.0000
118686.6802 0.0000
118276.7573 0.0000
118304.5311 0.0000
118616.3296 0.0000
118793.8754 0.0000
118892.8628 0.0000
118365.6589 0.0000
118490.1676 0.0000
119488.4675 0.0000
119547.2645 0.0000
118792.8324 0.0000
120191.2145 0.0000
120403.6185 0.0000
120286.6463 0.0000
120177.7518 0.0000
121200.8913 0.0000
121638.8379 0.0000
121390.5285 0.0000
121304.8460 0.0000
121743.3778 0.0000
121202.8629 0.0000
121943.9684 0.0000
120967.5088 0.0000
122177.0024 0.0000
121606.2731 0.0000
121897.8391 0.0000
122051.3329 0.0000
121674.3705 0.0000
121676.3560 0.0000
121913.1087 0.0000
122366.2340 0.0000
121448.9337 0.0000
122740.5242 0.0000
123497.3927 0.0000
123214.2905 0.0000
123711.8605 0.0000
124084.0605 0.0000
125200.7151 0.0000
124197.8486 0.0000
124906.6482 0.0000
125265.5802 0.0000
124921.7416 0.0000
125774.3768 0.0000
125271.6096 0.0000
125337.7220 0.0000
125655.7117 0.0000
126057.4389 0.0000
125714.5864 0.0000
125408.7981 0.0000
125910.3056 0.0000
126669.8557 0.0000
126699.5058 0.0000
127104.1335 0.0000
126263.2128 0.0000
127159.7090 0.0000
127133.0637 0.0000
127445.7939 0.0000
127668.6865 0.0000
127532.6221 0.0000
127899.4827 0.0000
127750.2025 0.0000
127633.2308 0.0000
128683.5609 0.0000
128805.6832 0.0000
129187.2084 0.0000
129615.8949 0.0000
129519.1404 0.0000
130341.9071 0.0000
129737.0908 0.0000
129783.6596 0.0000
129784.2215 0.0000
129098.9924 0.0000
130438.4660 0.0000
130457.5478 0.0000
131259.3162 0.0000
131479.3892 0.0000
130873.2070 0.0000
131864.5472 0.0000
131739.8573 0.0000
132161.7639 0.0000
131450.9752 0.0000
132288.7885 0.0000
131547.0540 0.0000
132176.0730 0.0000
132252.3436 0.0000
131811.8277 0.0000
133051.8975 0.0000
132566.8635 0.0000
134197.3424 0.0000
133551.1029 0.0000
134067.2890 0.0000
135063.3767 0.0000
135356.0929 0.0000
135508.3897 0.0000
135212.3181 0.0000
135476.9790 0.0000
133716.9928 0.0000
135482.2337 0.0000
135273.8947 0.0000
136134.2903 0.0000
136341.5148 0.0000
136586.2918 0.0000
136714.6211 0.0000
135919.9343 0.0000
137041.0359 0.0000
136750.8011 0.0000
136921.7700 0.0000
136772.7538 0.0000
136588.1740 0.0000
136469.6998 0.0000
135762.0701 0.0000
137100.7230 0.0000
138676.8633 0.0000
139307.8365 0.0000
138555.5635 0.0000
139774.0786 0.0000
138785.5160 0.0000
140357.5947 0.0000
139845.7958 0.0000
140261.5189 0.0000
140625.3513 0.0000
140125.7500 0.0000
141032.3418 0.0000
140121.0689 0.0000
140659.2027 0.0000
141211.9380 0.0000
141889.2334 0.0000
141935.0913 0.0000
141657.9821 0.0000
142150.7736 0.0000
142227.8699 0.0000
141602.0660 0.0000
141690.4124 0.0000
143475.1352 0.0000
143724.9077 0.0000
143140.6596 0.0000
143054.7735 0.0000
143657.5604 0.0000
144258.1054 0.0000
144257.8829 0.0000
145310.9835 0.0000
146106.5420 0.0000
145353.0141 0.0000
145142.5719 0.0000
146357.3490 0.0000
146018.0484 0.0000
146667.3218 0.0000
147665.2742 0.0000
148179.1003 0.0000
148847.1305 0.0000
148304.8613 0.0000
149227.7222 0.0000
148361.4693 0.0000
147963.7886 0.0000
149440.7325 0.0000
149005.0821 0.0000
149471.7188 0.0000
149696.0868 0.0000
150098.1388 0.0000
149459.5586 0.0000
150565.1744 0.0000
151046.6608 0.0000
151093.0733 0.0000
150409.6837 0.0000
152965.7850 0.0000
153307.6690 0.0000
153316.5965 0.0000
152063.1900 0.0000
153777.6838 0.0000
154978.9338 0.0000
156053.9479 0.0000
154984.1233 0.0000
156881.4659 0.0000
157082.2178 0.0000
158194.4457 0.0000
157923.2687 0.0000
157312.6907 0.0000
157986.7701 0.0000
158260.5224 0.0000
158315.6394 0.0000
158899.8568 0.0000
158252.0654 0.0000
159048.3682 0.0000
158633.1202 0.0000
158639.4251 0.0000
158552.8569 0.0000
158593.0252 0.0000
159041.3660 0.0000
159296.2788 0.0000
159905.2294 0.0000
158821.2583 0.0000
160607.9186 0.0000
160491.8687 0.0000
161001.0247 0.0000
161746.7958 0.0000
162135.8859 0.0000
162757.5828 0.0000
164143.9830 0.0000
164079.4679 0.0000
164187.1806 0.0000
164503.4218 0.0000
165541.5586 0.0000
164621.4252 0.0000
164976.7276 0.0000
165523.2140 0.0000
165166.3438 0.0000
164582.4391 0.0000
166362.8692 0.0000
166659.1903 0.0000
166587.2422 0.0000
166032.2831 0.0000
166677.2024 0.0000
167199.4009 0.0000
167677.4406 0.0000
167076.7394 0.0000
167832.4747 0.0000
167901.8697 0.0000
168592.2166 0.0000
167918.3021 0.0000
168798.8460 0.0000
169521.9851 0.0000
169367.7923 0.0000
169355.3452 0.0000
169299.0926 0.0000
170348.6215 0.0000
170156.7809 0.0000
169550.8385 0.0000
170653.2235 0.0000
170060.7742 0.0000
171846.6598 0.0000
171534.9575 0.0000
171915.0872 0.0000
171857.4911 0.0000
170885.0086 0.0000
171661.5764 0.0000
171995.7894 0.0000
172145.5432 0.0000
173759.0368 0.0000
174063.4705 0.0000
174538.3740 0.0000
175040.8939 0.0000
175441.8048 0.0000
174725.8240 0.0000
174887.8507 0.0000
175346.1723 0.0000
175897.0134 0.0000
175610.3832 0.0000
175580.3470 0.0000
176270.2948 0.0000
176263.1952 0.0000
176375.3068 0.0000
175988.5383 0.0000
176333.4676 0.0000
176067.3960 0.0000
176312.3861 0.0000
175941.0040 0.0000
176250.7531 0.0000
175683.6683 0.0000
176734.8932 0.0000
176708.5248 0.0000
176450.2028 0.0000
176447.7785 0.0000
175683.5982 0.0000
176602.4077 0.0000
176680.2969 0.0000
175469.4214 0.0000
176597.5604 0.0000
176442.8474 0.0000
177056.7372 0.0000
177834.1728 0.0000
178420.2067 0.0000
179174.3930 0.0000
180399.3420 0.0000
180544.3969 0.0000
180870.5237 0.0000
180762.9140 0.0000
180240.1939 0.0000
180872.5681 0.0000
180668.2021 0.0000
180038.2430 0.0000
181613.1843 0.0000
181479.1191 0.0000
182084.5362 0.0000
182376.1270 0.0000
182251.6600 0.0000
181513.4683 0.0000
181727.8534 0.0000
182676.9219 0.0000
181261.8827 0.0000
183446.2387 0.0000
182692.1149 0.0000
183443.7034 0.0000
183167.8006 0.0000
183423.6796 0.0000
183253.3213 0.0000
183638.8834 0.0000
184196.4045 0.0000
185608.6588 0.0000
185596.9464 0.0000
185560.3806 0.0000
185246.1203 0.0000
185730.6768 0.0000
186333.5334 0.0000
186994.9103 0.0000
186628.6318 0.0000
185967.8762 0.0000
186429.4109 0.0000
186855.2702 0.0000
187393.8465 0.0000
187918.6774 0.0000
188285.8108 0.0000
189409.5959 0.0000
188108.0703 0.0000
189236.9237 0.0000
189349.2932 0.0000
188493.0839 0.0000
189210.1328 0.0000
189943.1330 0.0000
189189.0194 0.0000
189339.6830 0.0000
189832.1816 0.0000
189633.0985 0.0000
190387.1274 0.0000
190323.5357 0.0000
190906.9354 0.0000
190343.8300 0.0000
190767.7883 0.0000
191477.4277 0.0000
191437.2571 0.0000
191266.0646 0.0000
191457.3230 0.0000
192791.3193 0.0000
193041.3526 0.0000
194127.7412 0.0000
193812.6693 0.0000
193367.6480 0.0000
194636.4883 0.0000
194314.4021 0.0000
194185.3944 0.0000
194165.5882 0.0000
194818.1211 0.0000
194853.9256 0.0000
195332.0661 0.0000
195726.3874 0.0000
194728.3807 0.0000
194991.5384 0.0000
196490.0072 0.0000
197085.3991 0.0000
195949.4391 0.0000
196686.5834 0.0000
197443.7078 0.0000
197527.3302 0.0000
197691.1963 0.0000
197237.7747 0.0000
197410.5433 0.0000
197384.5465 0.0000
199171.5829 0.0000
199416.5887 0.0000
199914.7936 0.0000
200155.7452 0.0000
200624.6780 0.0000
202022.4495 0.0000
201963.7731 0.0000
201791.5108 0.0000
201798.8220 0.0000
201262.5710 0.0000
202010.1449 0.0000
201719.7596 0.0000
200900.0801 0.0000
202508.7033 0.0000
202155.7099 0.0000
202525.6437 0.0000
202136.3172 0.0000
201627.7756 0.0000
201983.9696 0.0000
202716.5345 0.0000
202525.4534 0.0000
202421.2392 0.0000
202928.7482 0.0000
202287.1604 0.0000
202180.8402 0.0000
203072.6927 0.0000
203267.0745 0.0000
204192.8614 0.0000
204375.8041 0.0000
204297.4854 0.0000
204944.1506 0.0000
205222.7961 0.0000
205044.7648 0.0000
205561.8030 0.0000
205576.7308 0.0000
205522.0347 0.0000
205250.7401 0.0000
206513.4587 0.0000
206223.6011 0.0000
206135.1252 0.0000
205755.1383 0.0000
206732.9988 0.0000
205998.2778 0.0000
206423.6414 0.0000
206629.1480 0.0000
205908.0255 0.0000
207277.4053 0.0000
207220.0550 0.0000
206844.3891 0.0000
207219.6647 0.0000
207369.8483 0.0000
208152.4793 0.0000
208547.8986 0.0000
208602.6788 0.0000
208893.4905 0.0000
209186.7578 0.0000
209788.1138 0.0000
209258.9585 0.0000
209942.6126 0.0000
210335.7623 0.0000
209944.0853 0.0000
211146.7137 0.0000
211021.7421 0.0000
209994.1924 0.0000
211923.7671 0.0000
211584.1629 0.0000
211552.0026 0.0000
213108.8829 0.0000
213712.4005 0.0000
213184.1865 0.0000
213003.8009 0.0000
212839.3366 0.0000
213351.1690 0.0000
214917.3037 0.0000
214478.5829 0.0000
214426.0842 0.0000
215716.1446 0.0000
214567.7312 0.0000
215441.1646 0.0000
215465.5360 0.0000
215048.2053 0.0000
215532.2730 0.0000
214724.0651 0.0000
214663.2968 0.0000
215893.7252 0.0000
216466.3298 0.0000
215886.5744 0.0000
216741.5188 0.0000
217491.0150 0.0000
216996.3212 0.0000
217602.4176 0.0000
217645.6502 0.0000
217083.6129 0.0000
217651.5736 0.0000
217653.1607 0.0000
216173.8959 0.0000
218330.7332 0.0000
219082.5228 0.0000
219276.0865 0.0000
220112.4232 0.0000
219885.2491 0.0000
219928.7217 0.0000
220741.9630 0.0000
220924.1646 0.0000
220965.1512 0.0000
221250.2247 0.0000
221628.4924 0.0000
222109.4096 0.0000
222321.3304 0.0000
223181.1971 0.0000
222909.7148 0.0000
222364.1156 0.0000
222027.9886 0.0000
222838.7632 0.0000
223211.1829 0.0000
222412.5469 0.0000
223075.1088 0.0000
223335.4976 0.0000
223224.5430 0.0000
223252.6070 0.0000
224141.6068 0.0000
224315.3287 0.0000
224310.3173 0.0000
224045.8562 0.0000
223802.1394 0.0000
224534.9307 0.0000
225111.1575 0.0000
225812.3580 0.0000
226181.2504 0.0000
226372.8886 0.0000
227855.9601 0.0000
227601.9378 0.0000
227741.1432 0.0000
228246.5084 0.0000
227775.2507 0.0000
227361.2265 0.0000
228605.0242 0.0000
228691.9134 0.0000
229496.3670 0.0000
229270.4683 0.0000
230494.8784 0.0000
230359.4115 0.0000
230873.5782 0.0000
231815.5643 0.0000
229912.9347 0.0000
230949.4443 0.0000
231931.8926 0.0000
232772.5707 0.0000
232361.2656 0.0000
231834.3029 0.0000
232689.4510 0.0000
232744.8484 0.0000
232840.4187 0.0000
232784.8732 0.0000
231777.0709 0.0000
231820.8195 0.0000
233539.1034 0.0000
234372.2548 0.0000
234146.8090 0.0000
235096.4655 0.0000
234541.5743 0.0000
235231.2478 0.0000
235738.7530 0.0000
235776.1416 0.0000
236531.2537 0.0000
236261.5388 0.0000
235414.1569 0.0000
236881.3015 0.0000
237238.6770 0.0000
235841.1411 0.0000
236695.7163 0.0000
237061.5628 0.0000
235739.6587 0.0000
237113.3045 0.0000
237237.6750 0.0000
237148.6782 0.0000
237292.5285 0.0000
237264.5287 0.0000
236727.8790 0.0000
237657.4465 0.0000
237862.7764 0.0000
237800.9297 0.0000
238446.4628 0.0000
237644.6990 0.0000
239203.3759 0.0000
238995.1632 0.0000
238508.1039 0.0000
239360.5291 0.0000
239314.0862 0.0000
239339.7099 0.0000
239684.5500 0.0000
239305.3893 0.0000
239914.6941 0.0000
239997.9587 0.0000
239570.8816 0.0000
240312.1959 0.0000
240265.7252 0.0000
240670.5480 0.0000
240420.6271 0.0000
240381.7124 0.0000
240548.0138 0.0000
239570.8627 0.0000
240458.3733 0.0000
241112.5706 0.0000
241678.6296 0.0000
242774.6106 0.0000
242466.6803 0.0000
242931.8263 0.0000
242048.4440 0.0000
242518.1222 0.0000
241909.9512 0.0000
242852.7720 0.0000
242180.2060 0.0000
242734.2014 0.0000
242399.0779 0.0000
243240.8871 0.0000
244165.2608 0.0000
244380.7293 0.0000
243280.6641 0.0000
245507.3683 0.0000
244938.3148 0.0000
245950.7974 0.0000
246585.6947 0.0000
246526.9870 0.0000
246447.1484 0.0000
246554.7561 0.0000
246350.3714 0.0000
246617.7800 0.0000
246326.8599 0.0000
246192.2279 0.0000
246356.0509 0.0000
245949.1913 0.0000
246728.1776 0.0000
247101.8978 0.0000
246620.1498 0.0000
246860.1915 0.0000
245525.4082 0.0000
246352.2132 0.0000
246910.8390 0.0000
247409.4364 0.0000
248189.1609 0.0000
248058.5462 0.0000
247923.6027 0.0000
248509.3571 0.0000
248718.3642 0.0000
248292.0478 0.0000
248527.5408 0.0000
248404.7957 0.0000
248989.1862 0.0000
248955.9596 0.0000
249266.5615 0.0000
249936.5007 0.0000
250441.3885 0.0000
250481.8075 0.0000
250174.5780 0.0000
249657.7652 0.0000
250831.7667 0.0000
251050.1967 0.0000
251554.4014 0.0000
252211.7239 0.0000
251382.2237 0.0000
251857.2707 0.0000
252028.1978 0.0000
251732.7836 0.0000
251956.6442 0.0000
251689.4614 0.0000
252364.1503 0.0000
251906.2126 0.0000
253095.1717 0.0000
252970.4122 0.0000
253312.3873 0.0000
253094.0457 0.0000
254410.2222 0.0000
255305.7811 0.0000
255079.1719 0.0000
255401.1827 0.0000
255306.6342 0.0000
255963.7606 0.0000
255796.2623 0.0000
257112.8905 0.0000
256210.2966 0.0000
255761.2202 0.0000
257861.8875 0.0000
257705.2521 0.0000
258289.1857 0.0000
258332.1929 0.0000
258571.2908 0.0000
258506.0460 0.0000
258605.5981 0.0000
258956.9983 0.0000
258446.2538 0.0000
258186.3012 0.0000
259148.0048 0.0000
259474.1363 0.0000
259803.0415 0.0000
259907.0733 0.0000
259859.4973 0.0000
260876.7687 0.0000
260437.4484 0.0000
260976.0322 0.0000
260606.4530 0.0000
259565.9511 0.0000
261000.1770 0.0000
260004.0213 0.0000
260707.8264 0.0000
260152.3961 0.0000
261210.0196 0.0000
260767.6817 0.0000
260189.1136 0.0000
261427.3882 0.0000
260942.8702 0.0000
260550.4941 0.0000
261403.2695 0.0000
261246.6383 0.0000
260655.8058 0.0000
262629.4482 0.0000
262747.8161 0.0000
262505.7822 0.0000
263050.4763 0.0000
262079.8615 0.0000
263838.3480 0.0000
263831.0609 0.0000
262790.0206 0.0000
263083.9199 0.0000
263493.4399 0.0000
264163.8902 0.0000
263437.8001 0.0000
263926.5462 0.0000
264779.2427 0.0000
265418.5997 0.0000
264804.6947 0.0000
266360.9214 0.0000
266751.0117 0.0000
265995.9469 0.0000
266419.9390 0.0000
265968.6648 0.0000
266353.8910 0.0000
266939.2464 0.0000
267858.7817 0.0000
266929.4336 0.0000
267866.7782 0.0000
267887.6008 0.0000
266939.2204 0.0000
268075.5259 0.0000
269090.3261 0.0000
269586.7291 0.0000
270612.1719 0.0000
270998.9652 0.0000
270906.8056 0.0000
270307.8877 0.0000
271178.0599 0.0000
271249.9989 0.0000
271629.4919 0.0000
272506.4472 0.0000
272155.7411 0.0000
272870.7866 0.0000
273828.9588 0.0000
273561.0350 0.0000
274018.1588 0.0000
273849.5398 0.0000
274936.0820 0.0000
275709.4722 0.0000
276340.3270 0.0000
275994.0225 0.0000
276205.1797 0.0000
275628.0434 0.0000
276955.4313 0.0000
276932.5166 0.0000
276807.5680 0.0000
276545.8480 0.0000
276716.7229 0.0000
277531.9593 0.0000
277301.5321 0.0000
278192.9263 0.0000
278569.8287 0.0000
278406.4803 0.0000
278556.6744 0.0000
278365.7317 0.0000
279396.1949 0.0000
278993.6140 0.0000
280099.6805 0.0000
281153.3409 0.0000
280895.5179 0.0000
281254.8052 0.0000
280110.5174 0.0000
280113.6453 0.0000
281233.7991 0.0000
281309.6512 0.0000
281987.1517 0.0000
281069.0317 0.0000
282181.6342 0.0000
282866.8201 0.0000
283461.3299 0.0000
283468.4397 0.0000
282658.2886 0.0000
283618.2865 0.0000
283764.6237 0.0000
282620.0931 0.0000
284214.6718 0.0000
282797.0911 0.0000
284178.7746 0.0000
284457.0286 0.0000
283883.9076 0.0000
285404.2381 0.0000
285454.1878 0.0000
284553.9055 0.0000
285118.0759 0.0000
285394.3371 0.0000
285818.6256 0.0000
286014.6237 0.0000
284843.3832 0.0000
285206.6952 0.0000
285553.0603 0.0000
286603.9801 0.0000
287033.8721 0.0000
286220.5257 0.0000
287547.0407 0.0000
287162.8380 0.0000
288835.2325 0.0000
289287.9167 0.0000
288758.1823 0.0000
287740.1421 0.0000
290245.1866 0.0000
289976.7198 0.0000
290062.5432 0.0000
290367.4222 0.0000
290058.3477 0.0000
290524.2832 0.0000
290692.5235 0.0000
290122.7846 0.0000
291361.3241 0.0000
