-100.0000 -100.0000
3639.3200 0.0000
3973.1961 0.0000
4690.8572 0.0000
3830.3672 0.0000
5121.6173 0.0000
4471.5268 0.0000
3778.9118 0.0000
4945.4599 0.0000
6092.9721 0.0000
7150.9769 0.0000
6278.0893 0.0000
7306.8142 0.0000
6515.0156 0.0000
7240.2766 0.0000
7734.0262 0.0000
8941.5852 0.0000
9042.2491 0.0000
9159.6466 0.0000
9529.5403 0.0000
10590.8499 0.0000
10920.1286 0.0000
11384.6442 0.0000
10778.0573 0.0000
11820.3040 0.0000
11297.8309 0.0000
11588.5676 0.0000
11331.1605 0.0000
12727.2239 0.0000
12669.3495 0.0000
13831.1871 0.0000
13719.4112 0.0000
13469.3268 0.0000
14306.5929 0.0000
14989.6935 0.0000
14766.5426 0.0000
15981.6498 0.0000
15391.7913 0.0000
15974.8429 0.0000
15374.2842 0.0000
15187.6830 0.0000
17527.0306 0.0000
16777.9773 0.0000
18323.8020 0.0000
19139.1621 0.0000
19468.6696 0.0000
18840.5749 0.0000
20350.7688 0.0000
20643.2214 0.0000
19834.9172 0.0000
21667.8016 0.0000
22127.4139 0.0000
21538.9538 0.0000
21500.2472 0.0000
21201.5860 0.0000
21656.7313 0.0000
22413.9810 0.0000
23113.0997 0.0000
21703.3974 0.0000
23658.5445 0.0000
23179.9421 0.0000
24261.6640 0.0000
25015.0624 0.0000
24946.3314 0.0000
25080.2263 0.0000
25385.6286 0.0000
25767.5413 0.0000
24487.9069 0.0000
24794.0240 0.0000
25608.0179 0.0000
25297.7227 0.0000
25926.7263 0.0000
26547.1583 0.0000
25314.4030 0.0000
26149.0636 0.0000
26500.9168 0.0000
26145.9653 0.0000
26567.5990 0.0000
26845.4400 0.0000
27246.0910 0.0000
27505.3935 0.0000
26851.0703 0.0000
27590.9097 0.0000
26745.6912 0.0000
27127.8713 0.0000
28108.7205 0.0000
27760.1809 0.0000
28014.0001 0.0000
28905.8404 0.0000
28859.5023 0.0000
28538.0095 0.0000
28439.8699 0.0000
29403.2253 0.0000
29273.1492 0.0000
29502.9274 0.0000
28978.4576 0.0000
29544.7790 0.0000
29320.0718 0.0000
29025.2621 0.0000
30890.6870 0.0000
31082.0764 0.0000
31934.4528 0.0000
31410.7017 0.0000
30780.1336 0.0000
32531.8477 0.0000
33457.3760 0.0000
33558.5129 0.0000
33421.4484 0.0000
33552.3702 0.0000
33465.3160 0.0000
34108.4434 0.0000
33700.0101 0.0000
34873.0986 0.0000
34972.9785 0.0000
36057.5579 0.0000
36582.3040 0.0000
35925.3266 0.0000
36230.4311 0.0000
36922.1377 0.0000
37799.2700 0.0000
37642.6704 0.0000
38662.1098 0.0000
39219.0852 0.0000
39687.0652 0.0000
39450.4798 0.0000
40174.6801 0.0000
39928.3347 0.0000
39465.5237 0.0000
40030.7929 0.0000
40515.5452 0.0000
40758.6146 0.0000
40366.5456 0.0000
40846.1365 0.0000
40374.2605 0.0000
40878.9774 0.0000
40959.0750 0.0000
40958.4865 0.0000
40760.8829 0.0000
41775.5015 0.0000
41858.5569 0.0000
41344.5143 0.0000
42381.8173 0.0000
43504.3856 0.0000
43091.3264 0.0000
42908.9128 0.0000
44289.5324 0.0000
43418.1831 0.0000
44878.5348 0.0000
44357.6495 0.0000
44752.3351 0.0000
44633.1441 0.0000
44124.0871 0.0000
45246.7313 0.0000
46430.4203 0.0000
46788.1405 0.0000
47295.5610 0.0000
47679.8645 0.0000
47712.9308 0.0000
47827.5384 0.0000
47571.3406 0.0000
47715.6953 0.0000
47041.2238 0.0000
48036.7275 0.0000
47993.8431 0.0000
48990.4239 0.0000
48684.9216 0.0000
49316.5739 0.0000
49522.4788 0.0000
49393.5605 0.0000
49333.1696 0.0000
49406.8564 0.0000
49264.5137 0.0000
49356.2410 0.0000
49730.1436 0.0000
50966.0948 0.0000
51483.9901 0.0000
51162.8313 0.0000
52076.1014 0.0000
53271.4049 0.0000
52984.7501 0.0000
53307.1132 0.0000
53308.1040 0.0000
53301.6021 0.0000
53563.9148 0.0000
52859.5340 0.0000
53320.0284 0.0000
54310.9264 0.0000
54641.6376 0.0000
54474.0781 0.0000
55021.6737 0.0000
55221.7486 0.0000
54667.1918 0.0000
55228.1035 0.0000
55165.7496 0.0000
55383.9999 0.0000
54963.8382 0.0000
54598.5346 0.0000
55826.0113 0.0000
55818.0771 0.0000
57154.0480 0.0000
57633.0708 0.0000
57965.2184 0.0000
55986.1101 0.0000
58440.5748 0.0000
58782.4427 0.0000
58937.3763 0.0000
58483.2718 0.0000
59176.5160 0.0000
58790.7042 0.0000
59257.9458 0.0000
58642.4814 0.0000
59479.5363 0.0000
59607.6310 0.0000
59120.3702 0.0000
59665.2204 0.0000
60101.9895 0.0000
59604.0628 0.0000
60308.7770 0.0000
60725.9373 0.0000
59867.3326 0.0000
60366.7187 0.0000
61253.4099 0.0000
61644.5486 0.0000
62039.7561 0.0000
62258.5636 0.0000
63131.8608 0.0000
63476.4337 0.0000
62994.6969 0.0000
63137.2835 0.0000
62266.0259 0.0000
63424.0771 0.0000
63192.2399 0.0000
62760.8426 0.0000
63834.8682 0.0000
64324.0055 0.0000
64555.3981 0.0000
65045.7245 0.0000
65412.6788 0.0000
65835.5378 0.0000
65092.5756 0.0000
66400.5091 0.0000
66288.2645 0.0000
65789.4013 0.0000
66847.1635 0.0000
66249.7088 0.0000
67656.8168 0.0000
67391.3175 0.0000
67591.3491 0.0000
67466.5818 0.0000
67619.9788 0.0000
67773.3764 0.0000
68683.1585 0.0000
67958.6486 0.0000
67681.0223 0.0000
69038.1436 0.0000
69160.6501 0.0000
68820.2516 0.0000
68986.3653 0.0000
68545.4789 0.0000
68717.1375 0.0000
69636.3276 0.0000
69534.9027 0.0000
69928.6960 0.0000
69372.9104 0.0000
70663.3154 0.0000
70362.9305 0.0000
70249.0413 0.0000
71110.1710 0.0000
70031.7821 0.0000
71119.4913 0.0000
69732.7508 0.0000
71083.7970 0.0000
70460.4196 0.0000
70883.2247 0.0000
70063.1619 0.0000
70885.1700 0.0000
71128.4496 0.0000
71202.3241 0.0000
71188.2758 0.0000
71791.0664 0.0000
71931.8702 0.0000
73073.7056 0.0000
73104.6476 0.0000
72523.2616 0.0000
71765.4588 0.0000
73274.4886 0.0000
74111.1487 0.0000
73341.2439 0.0000
73876.3729 0.0000
74002.0572 0.0000
73553.8534 0.0000
74263.5665 0.0000
75046.5819 0.0000
74973.2255 0.0000
73825.7177 0.0000
75067.9641 0.0000
74484.8967 0.0000
75505.4172 0.0000
75825.5275 0.0000
76953.8233 0.0000
76840.7822 0.0000
76201.5207 0.0000
77475.7394 0.0000
77106.5634 0.0000
78809.3892 0.0000
78346.0888 0.0000
78519.1058 0.0000
80367.1237 0.0000
81386.8371 0.0000
82864.6599 0.0000
82054.4076 0.0000
82667.1321 0.0000
82560.6501 0.0000
82991.0426 0.0000
83323.2862 0.0000
84428.5244 0.0000
83826.7618 0.0000
83836.6964 0.0000
83657.4143 0.0000
83439.0807 0.0000
84575.5581 0.0000
83967.9191 0.0000
85150.1711 0.0000
84719.5193 0.0000
84667.7715 0.0000
85528.9594 0.0000
85722.0690 0.0000
86721.2721 0.0000
87620.5711 0.0000
87267.6671 0.0000
87068.8994 0.0000
87443.2899 0.0000
88107.6028 0.0000
89238.3980 0.0000
88181.8899 0.0000
90458.2144 0.0000
91277.6892 0.0000
91817.4135 0.0000
90818.5163 0.0000
91213.6459 0.0000
92204.4739 0.0000
92111.5848 0.0000
90697.0819 0.0000
92308.1894 0.0000
91923.0520 0.0000
91892.0825 0.0000
91808.5022 0.0000
92356.0826 0.0000
93002.2716 0.0000
93026.9440 0.0000
92784.8733 0.0000
92047.5245 0.0000
93147.6566 0.0000
93163.3682 0.0000
93820.0232 0.0000
94654.7015 0.0000
94003.5971 0.0000
95771.6467 0.0000
95947.4086 0.0000
95632.9175 0.0000
96124.4758 0.0000
96419.3578 0.0000
96532.1181 0.0000
96801.9113 0.0000
96764.7305 0.0000
97105.2850 0.0000
96829.0713 0.0000
97147.8433 0.0000
97148.4411 0.0000
98110.2195 0.0000
99362.0109 0.0000
99540.3981 0.0000
99782.2061 0.0000
99528.1899 0.0000
100454.8058 0.0000
100438.0957 0.0000
100793.5367 0.0000
100655.0959 0.0000
100305.6717 0.0000
100690.7996 0.0000
102724.0850 0.0000
102492.1700 0.0000
103430.0868 0.0000
104065.3703 0.0000
104344.0782 0.0000
103749.8049 0.0000
103888.3774 0.0000
103754.8027 0.0000
103881.9380 0.0000
103447.5125 0.0000
103578.9124 0.0000
103822.4153 0.0000
104548.6183 0.0000
104752.5804 0.0000
104487.3122 0.0000
104373.9604 0.0000
104275.2822 0.0000
104718.6969 0.0000
104408.3674 0.0000
105273.8875 0.0000
105515.5833 0.0000
105725.5382 0.0000
105148.1503 0.0000
104822.4127 0.0000
105660.0984 0.0000
105703.3234 0.0000
105067.2137 0.0000
105750.4556 0.0000
105512.7144 0.0000
106492.6552 0.0000
106351.3911 0.0000
106865.3642 0.0000
106116.1310 0.0000
106951.3239 0.0000
107311.2618 0.0000
108010.5449 0.0000
108073.7584 0.0000
108511.9679 0.0000
107919.2032 0.0000
108564.7599 0.0000
107778.0240 0.0000
108781.1031 0.0000
108291.1554 0.0000
107128.0620 0.0000
109381.2827 0.0000
109332.9093 0.0000
110028.5117 0.0000
108618.0886 0.0000
109497.5988 0.0000
109198.4228 0.0000
110125.3210 0.0000
110399.0569 0.0000
110607.6253 0.0000
110395.6150 0.0000
110592.3814 0.0000
110504.5619 0.0000
110488.8433 0.0000
111755.3327 0.0000
112954.9493 0.0000
113540.5444 0.0000
113660.0664 0.0000
114547.8043 0.0000
114932.9698 0.0000
114324.8510 0.0000
114602.0573 0.0000
115311.6148 0.0000
114214.5337 0.0000
115363.8191 0.0000
115925.0433 0.0000
116084.5132 0.0000
116106.5440 0.0000
116430.8047 0.0000
116190.3108 0.0000
116348.2161 0.0000
116583.0870 0.0000
117570.2981 0.0000
116758.9186 0.0000
118054.7914 0.0000
117906.7383 0.0000
118258.1198 0.0000
118614.8304 0.0000
118727.2309 0.0000
118004.5312 0.0000
118560.4769 0.0000
118150.5541 0.0000
118178.3278 0.0000
118490.1263 0.0000
118667.6721 0.0000
118766.6595 0.0000
118239.4556 0.0000
118363.9643 0.0000
119362.2642 0.0000
119421.0612 0.0000
118666.6291 0.0000
120065.0112 0.0000
120277.4152 0.0000
120160.4430 0.0000
120051.5485 0.0000
121074.6880 0.0000
121512.6346 0.0000
121264.3252 0.0000
121178.6427 0.0000
121617.1745 0.0000
121076.6596 0.0000
121817.7651 0.0000
120841.3055 0.0000
122050.7991 0.0000
121480.0698 0.0000
121771.6358 0.0000
121925.1296 0.0000
121548.1672 0.0000
121550.1527 0.0000
121786.9054 0.0000
122240.0307 0.0000
121322.7304 0.0000
122614.3209 0.0000
123371.1894 0.0000
123088.0872 0.0000
123585.6572 0.0000
123957.8573 0.0000
125074.5118 0.0000
124071.6453 0.0000
124780.4449 0.0000
125139.3769 0.0000
124795.5383 0.0000
125648.1735 0.0000
125145.4063 0.0000
125211.5188 0.0000
125529.5084 0.0000
125931.2356 0.0000
125588.3831 0.0000
125282.5948 0.0000
125784.1023 0.0000
126543.6525 0.0000
126573.3025 0.0000
126977.9302 0.0000
126137.0095 0.0000
127033.5057 0.0000
127006.8605 0.0000
127319.5906 0.0000
127542.4832 0.0000
127406.4188 0.0000
127773.2794 0.0000
127623.9993 0.0000
127507.0275 0.0000
128557.3576 0.0000
128679.4799 0.0000
129061.0051 0.0000
129489.6916 0.0000
129392.9371 0.0000
130215.7038 0.0000
129610.8875 0.0000
129657.4563 0.0000
129658.0182 0.0000
128972.7891 0.0000
130312.2627 0.0000
130331.3445 0.0000
131133.1130 0.0000
131353.1859 0.0000
130747.0037 0.0000
131738.3439 0.0000
131613.6540 0.0000
132035.5606 0.0000
131324.7719 0.0000
132162.5852 0.0000
131420.8507 0.0000
132049.8698 0.0000
132126.1403 0.0000
131685.6245 0.0000
132925.6942 0.0000
132440.6602 0.0000
134071.1391 0.0000
133424.8997 0.0000
133941.0857 0.0000
134937.1734 0.0000
135229.8896 0.0000
135382.1865 0.0000
135086.1148 0.0000
135350.7757 0.0000
133590.7895 0.0000
135356.0304 0.0000
135147.6914 0.0000
136008.0870 0.0000
136215.3115 0.0000
136460.0886 0.0000
136588.4178 0.0000
135793.7310 0.0000
136914.8326 0.0000
136624.5978 0.0000
136795.5667 0.0000
136646.5505 0.0000
136461.9707 0.0000
136343.4965 0.0000
135635.8668 0.0000
136974.5197 0.0000
138550.6600 0.0000
139181.6332 0.0000
138429.3602 0.0000
139647.8753 0.0000
138659.3127 0.0000
140231.3914 0.0000
139719.5926 0.0000
140135.3156 0.0000
140499.1480 0.0000
139999.5467 0.0000
140906.1385 0.0000
139994.8656 0.0000
140532.9994 0.0000
141085.7347 0.0000
141763.0301 0.0000
141808.8880 0.0000
141531.7789 0.0000
142024.5703 0.0000
142101.6666 0.0000
141475.8627 0.0000
141564.2091 0.0000
143348.9320 0.0000
143598.7044 0.0000
143014.4563 0.0000
142928.5703 0.0000
143531.3571 0.0000
144131.9021 0.0000
144131.6796 0.0000
145185.0027 0.0000
145980.5612 0.0000
145227.0333 0.0000
145016.5911 0.0000
146231.3682 0.0000
145892.0676 0.0000
146541.3410 0.0000
147539.2934 0.0000
148053.1195 0.0000
148721.1496 0.0000
148178.8804 0.0000
149101.7414 0.0000
148235.4885 0.0000
147837.8078 0.0000
149314.7517 0.0000
148879.1013 0.0000
149345.7379 0.0000
149570.1060 0.0000
149972.1580 0.0000
149333.5778 0.0000
150439.1936 0.0000
150920.6800 0.0000
150967.0924 0.0000
150283.7029 0.0000
152839.8042 0.0000
153181.6882 0.0000
153190.6157 0.0000
151937.2092 0.0000
153651.7030 0.0000
154852.9530 0.0000
155927.9671 0.0000
154858.1425 0.0000
156755.4851 0.0000
156956.2370 0.0000
158068.4649 0.0000
157797.2879 0.0000
157186.7099 0.0000
157860.7893 0.0000
158134.5416 0.0000
158189.6586 0.0000
158773.8760 0.0000
158126.0845 0.0000
158922.3874 0.0000
158507.1394 0.0000
158513.4443 0.0000
158426.8761 0.0000
158467.0444 0.0000
158915.3852 0.0000
159170.2979 0.0000
159779.2486 0.0000
158695.2775 0.0000
160481.9378 0.0000
160365.8878 0.0000
160875.0439 0.0000
161620.8150 0.0000
162009.9051 0.0000
162631.6020 0.0000
164018.0022 0.0000
163953.4871 0.0000
164061.1997 0.0000
164377.4409 0.0000
165415.5778 0.0000
164495.4444 0.0000
164850.7468 0.0000
165397.2332 0.0000
165040.3629 0.0000
164456.4583 0.0000
166236.8884 0.0000
166533.2095 0.0000
166461.2614 0.0000
165906.3023 0.0000
166551.2216 0.0000
167073.4201 0.0000
167551.4598 0.0000
166950.7586 0.0000
167706.4939 0.0000
167775.8889 0.0000
168466.2358 0.0000
167792.3213 0.0000
168672.8651 0.0000
169396.0043 0.0000
169241.8114 0.0000
169229.3644 0.0000
169173.1118 0.0000
170222.6407 0.0000
170030.8001 0.0000
169424.8577 0.0000
170527.2427 0.0000
169934.7933 0.0000
171720.6790 0.0000
171408.9767 0.0000
171789.1064 0.0000
171731.5102 0.0000
170759.0278 0.0000
171535.5955 0.0000
171869.8086 0.0000
172019.5624 0.0000
173633.0560 0.0000
173937.4897 0.0000
174412.3932 0.0000
174914.9131 0.0000
175315.8240 0.0000
174599.8432 0.0000
174761.8699 0.0000
175220.1915 0.0000
175771.0326 0.0000
175484.4024 0.0000
175454.3662 0.0000
176144.3139 0.0000
176137.2144 0.0000
176249.3260 0.0000
175862.5574 0.0000
176207.4868 0.0000
175941.4152 0.0000
176186.4053 0.0000
175815.0232 0.0000
176124.7723 0.0000
175557.6875 0.0000
176608.9124 0.0000
176582.5440 0.0000
176324.2220 0.0000
176321.7977 0.0000
175557.6173 0.0000
176476.4269 0.0000
176554.3161 0.0000
175343.4406 0.0000
176471.5796 0.0000
176316.8666 0.0000
176930.7564 0.0000
177708.1920 0.0000
178294.2259 0.0000
179048.4122 0.0000
180273.3612 0.0000
180418.4160 0.0000
180744.5429 0.0000
180636.9332 0.0000
180114.2131 0.0000
180746.5873 0.0000
180542.2213 0.0000
179912.2621 0.0000
181487.2035 0.0000
181353.1383 0.0000
181958.5554 0.0000
182250.1461 0.0000
182125.6792 0.0000
181387.4874 0.0000
181601.8726 0.0000
182550.9411 0.0000
181135.9019 0.0000
183320.2579 0.0000
182566.1341 0.0000
183317.7226 0.0000
183041.8197 0.0000
183297.6988 0.0000
183127.3405 0.0000
183512.9026 0.0000
184070.4237 0.0000
185482.6780 0.0000
185470.9656 0.0000
185434.3998 0.0000
185120.1394 0.0000
185604.6960 0.0000
186207.5526 0.0000
186868.9295 0.0000
186502.6510 0.0000
185841.8954 0.0000
186303.4300 0.0000
186729.2894 0.0000
187267.8657 0.0000
187792.6966 0.0000
188159.8299 0.0000
189283.6151 0.0000
187982.0895 0.0000
189110.9429 0.0000
189223.3123 0.0000
188367.1031 0.0000
189084.1520 0.0000
189817.1521 0.0000
189063.0386 0.0000
189213.7022 0.0000
189706.2008 0.0000
189507.1177 0.0000
190261.1466 0.0000
190197.5549 0.0000
190780.9546 0.0000
190217.8492 0.0000
190641.8075 0.0000
191351.4469 0.0000
191311.2763 0.0000
191140.0838 0.0000
191331.3422 0.0000
192665.3385 0.0000
192915.3718 0.0000
194001.7604 0.0000
193686.6885 0.0000
193241.6672 0.0000
194510.5074 0.0000
194188.4212 0.0000
194059.4136 0.0000
194039.6074 0.0000
194692.1403 0.0000
194727.9448 0.0000
195206.0853 0.0000
195600.4066 0.0000
194602.3999 0.0000
194865.5576 0.0000
196364.0264 0.0000
196959.4183 0.0000
195823.4583 0.0000
196560.6026 0.0000
197317.7269 0.0000
197401.3494 0.0000
197565.2154 0.0000
197111.7939 0.0000
197284.5625 0.0000
197258.5657 0.0000
199045.6021 0.0000
199290.6079 0.0000
199788.8128 0.0000
200029.7643 0.0000
200498.6972 0.0000
201896.4687 0.0000
201837.7923 0.0000
201665.5300 0.0000
201672.8412 0.0000
201136.5901 0.0000
201884.1641 0.0000
201593.7788 0.0000
200774.0993 0.0000
202382.7225 0.0000
202029.7291 0.0000
202399.6629 0.0000
202010.3364 0.0000
201501.7948 0.0000
201857.9888 0.0000
202590.5536 0.0000
202399.4725 0.0000
202295.2584 0.0000
202802.7674 0.0000
202161.1796 0.0000
202054.8593 0.0000
202946.7118 0.0000
203141.0937 0.0000
204066.8806 0.0000
204249.8233 0.0000
204171.5046 0.0000
204818.1698 0.0000
205096.8153 0.0000
204918.7840 0.0000
205435.8222 0.0000
205450.7500 0.0000
205396.0539 0.0000
205124.7593 0.0000
206387.4779 0.0000
206097.6202 0.0000
206009.1444 0.0000
205629.1575 0.0000
206607.0179 0.0000
205872.2970 0.0000
206297.6606 0.0000
206503.1672 0.0000
205782.0447 0.0000
207151.4245 0.0000
207094.0742 0.0000
206718.4083 0.0000
207093.6839 0.0000
207243.8675 0.0000
208026.4985 0.0000
208421.9178 0.0000
208476.6979 0.0000
208767.5097 0.0000
209060.7770 0.0000
209662.1330 0.0000
209132.9777 0.0000
209816.6317 0.0000
210209.7815 0.0000
209818.1045 0.0000
211020.7329 0.0000
210895.7612 0.0000
209868.2115 0.0000
211797.7863 0.0000
211458.1821 0.0000
211426.0218 0.0000
212982.9020 0.0000
213586.4197 0.0000
213058.2056 0.0000
212877.8200 0.0000
212713.3558 0.0000
213225.1882 0.0000
214791.3228 0.0000
214352.6021 0.0000
214300.1034 0.0000
215590.1638 0.0000
214441.7503 0.0000
215315.1838 0.0000
215339.5552 0.0000
214922.2245 0.0000
215406.2922 0.0000
214598.0843 0.0000
214537.3159 0.0000
215767.7444 0.0000
216340.3490 0.0000
215760.5936 0.0000
216615.5379 0.0000
217365.0342 0.0000
216870.3404 0.0000
217476.4368 0.0000
217519.6693 0.0000
216957.6320 0.0000
217525.5928 0.0000
217527.1799 0.0000
216047.9151 0.0000
218204.7523 0.0000
218956.5419 0.0000
219150.1057 0.0000
219986.4424 0.0000
219759.2683 0.0000
219802.7409 0.0000
220615.9822 0.0000
220798.1838 0.0000
220839.1704 0.0000
221124.2439 0.0000
221502.5116 0.0000
221983.4288 0.0000
222195.3496 0.0000
223055.2163 0.0000
222783.7340 0.0000
222238.1348 0.0000
221902.0078 0.0000
222712.7824 0.0000
223085.2020 0.0000
222286.5661 0.0000
222949.1280 0.0000
223209.5168 0.0000
223098.5622 0.0000
223126.6262 0.0000
224015.6260 0.0000
224189.3479 0.0000
224184.3365 0.0000
223919.8753 0.0000
223676.1586 0.0000
224408.9499 0.0000
224985.1767 0.0000
225686.3772 0.0000
226055.2696 0.0000
226246.9078 0.0000
227729.9793 0.0000
227475.9569 0.0000
227615.1624 0.0000
228120.5276 0.0000
227649.2699 0.0000
227235.2457 0.0000
228479.0434 0.0000
228565.9326 0.0000
229370.3862 0.0000
229144.4875 0.0000
230368.8976 0.0000
230233.4307 0.0000
230747.5974 0.0000
231689.5835 0.0000
229786.9539 0.0000
230823.4635 0.0000
231805.9118 0.0000
232646.5899 0.0000
232235.2848 0.0000
231708.3221 0.0000
232563.4702 0.0000
232618.8676 0.0000
232714.4379 0.0000
232658.8924 0.0000
231651.0901 0.0000
231694.8387 0.0000
233413.1226 0.0000
234246.2740 0.0000
234020.8282 0.0000
234970.4847 0.0000
234415.5935 0.0000
235105.2670 0.0000
235612.7722 0.0000
235650.1608 0.0000
236405.2729 0.0000
236135.5580 0.0000
235288.1761 0.0000
236755.3207 0.0000
237112.6961 0.0000
235715.1603 0.0000
236569.7355 0.0000
236935.5819 0.0000
235613.6779 0.0000
236987.3237 0.0000
237111.6942 0.0000
237023.6994 0.0000
237167.5497 0.0000
237139.5499 0.0000
236602.9002 0.0000
237532.4677 0.0000
237737.7975 0.0000
237675.9508 0.0000
238321.4840 0.0000
237519.7201 0.0000
239078.3970 0.0000
238870.1844 0.0000
238383.1250 0.0000
239235.5503 0.0000
239189.1073 0.0000
239214.7310 0.0000
239559.5711 0.0000
239180.4105 0.0000
239789.7153 0.0000
239872.9799 0.0000
239445.9027 0.0000
240187.2171 0.0000
240140.7463 0.0000
240545.5691 0.0000
240295.6483 0.0000
240256.7336 0.0000
240423.0349 0.0000
239445.8839 0.0000
240333.3944 0.0000
240987.5917 0.0000
241553.6507 0.0000
242649.6318 0.0000
242341.7015 0.0000
242806.8475 0.0000
241923.4652 0.0000
242393.1433 0.0000
241784.9724 0.0000
242727.7932 0.0000
242055.2272 0.0000
242609.2225 0.0000
242274.0991 0.0000
243115.9083 0.0000
244040.2820 0.0000
244255.7504 0.0000
243155.6852 0.0000
245382.3895 0.0000
244813.3359 0.0000
245825.8185 0.0000
246460.7159 0.0000
246402.0081 0.0000
246322.1695 0.0000
246429.7773 0.0000
246225.3926 0.0000
246492.8011 0.0000
246201.8810 0.0000
246067.2491 0.0000
246231.0720 0.0000
245824.2125 0.0000
246603.1987 0.0000
246976.9190 0.0000
246495.1709 0.0000
246735.2127 0.0000
245400.4294 0.0000
246227.2343 0.0000
246785.8601 0.0000
247284.4575 0.0000
248064.1820 0.0000
247933.5674 0.0000
247798.6239 0.0000
248384.3783 0.0000
248593.3853 0.0000
248167.0689 0.0000
248402.5620 0.0000
248279.8168 0.0000
248864.2073 0.0000
248830.9808 0.0000
249141.5827 0.0000
249811.5218 0.0000
250316.4096 0.0000
250356.8286 0.0000
250049.5992 0.0000
249532.7864 0.0000
250706.7879 0.0000
250925.2178 0.0000
251429.4226 0.0000
252086.7451 0.0000
251257.2448 0.0000
251732.2918 0.0000
251903.2189 0.0000
251607.8047 0.0000
251831.6654 0.0000
251564.4826 0.0000
252239.1714 0.0000
251781.2337 0.0000
252970.1929 0.0000
252845.4334 0.0000
253187.4084 0.0000
252969.0669 0.0000
254285.2434 0.0000
255180.8022 0.0000
254954.1931 0.0000
255276.2038 0.0000
255181.6554 0.0000
255838.7818 0.0000
255671.2834 0.0000
256987.9117 0.0000
256085.3177 0.0000
255636.2414 0.0000
257736.9087 0.0000
257580.2733 0.0000
258164.2068 0.0000
258207.2140 0.0000
258446.3120 0.0000
258381.0671 0.0000
258480.6192 0.0000
258832.0194 0.0000
258321.2749 0.0000
258061.3224 0.0000
259023.0260 0.0000
259349.1574 0.0000
259678.0626 0.0000
259782.0944 0.0000
259734.5184 0.0000
260751.7899 0.0000
260312.4695 0.0000
260851.0534 0.0000
260481.4741 0.0000
259440.9723 0.0000
260875.1982 0.0000
259879.0425 0.0000
260582.8476 0.0000
260027.4172 0.0000
261085.0407 0.0000
260642.7029 0.0000
260064.1348 0.0000
261302.4094 0.0000
260817.8914 0.0000
260425.5152 0.0000
261278.2907 0.0000
261121.6595 0.0000
260530.8270 0.0000
262504.4694 0.0000
262622.8373 0.0000
262380.8034 0.0000
262925.4974 0.0000
261954.8826 0.0000
263713.3692 0.0000
263706.0820 0.0000
262665.0418 0.0000
262958.9411 0.0000
263368.4611 0.0000
264038.9114 0.0000
263312.8213 0.0000
263801.5673 0.0000
264654.2638 0.0000
265293.6208 0.0000
264679.7159 0.0000
266235.9425 0.0000
266626.0328 0.0000
265870.9680 0.0000
266294.9602 0.0000
265843.6860 0.0000
266228.9122 0.0000
266814.2675 0.0000
267733.8028 0.0000
266804.4547 0.0000
267741.7994 0.0000
267762.6219 0.0000
266814.2415 0.0000
267950.5470 0.0000
268965.3472 0.0000
269461.7503 0.0000
270487.1931 0.0000
270873.9864 0.0000
270781.8268 0.0000
270182.9089 0.0000
271053.0810 0.0000
271125.0200 0.0000
271504.5131 0.0000
272381.4683 0.0000
272030.7623 0.0000
272745.8078 0.0000
273703.9799 0.0000
273436.0562 0.0000
273893.1800 0.0000
273724.5609 0.0000
274811.1031 0.0000
275584.4934 0.0000
276215.3482 0.0000
275869.0436 0.0000
276080.2009 0.0000
275503.0646 0.0000
276830.4524 0.0000
276807.5377 0.0000
276682.5891 0.0000
276420.8691 0.0000
276591.7441 0.0000
277406.9805 0.0000
277176.5533 0.0000
278067.9475 0.0000
278444.8498 0.0000
278281.5015 0.0000
278431.6955 0.0000
278240.7529 0.0000
279271.2160 0.0000
278868.6352 0.0000
279974.7017 0.0000
281028.3621 0.0000
280770.5391 0.0000
281129.8263 0.0000
279985.5385 0.0000
279988.6665 0.0000
281108.8203 0.0000
281184.6724 0.0000
281862.1728 0.0000
280944.0529 0.0000
282056.6554 0.0000
282741.8412 0.0000
283336.3511 0.0000
283343.4608 0.0000
282533.3098 0.0000
283493.3077 0.0000
283639.6448 0.0000
282495.1142 0.0000
284089.6930 0.0000
282672.1123 0.0000
284053.7957 0.0000
284332.0498 0.0000
283758.9287 0.0000
285279.2592 0.0000
285329.2089 0.0000
284428.9266 0.0000
284993.0970 0.0000
285269.3583 0.0000
285693.6468 0.0000
285889.6448 0.0000
284718.4044 0.0000
285081.7163 0.0000
285428.0814 0.0000
286479.0013 0.0000
286908.8933 0.0000
286095.5468 0.0000
287422.0618 0.0000
287037.8592 0.0000
288710.2537 0.0000
289162.9379 0.0000
288633.2034 0.0000
287615.1632 0.0000
290120.2077 0.0000
289851.7410 0.0000
289937.5644 0.0000
290242.4434 0.0000
289933.3688 0.0000
290399.3044 0.0000
290567.5447 0.0000
289997.8058 0.0000
291236.3452 0.0000
