-100.0000 -100.0000
3899.1432 0.0000
4233.0536 0.0000
4950.1955 0.0000
4091.3624 0.0000
5380.8865 0.0000
4730.8124 0.0000
4038.4120 0.0000
5204.6907 0.0000
6352.1366 0.0000
7410.0519 0.0000
6537.2848 0.0000
7565.8783 0.0000
6774.1468 0.0000
7499.3949 0.0000
7993.1252 0.0000
9200.5548 0.0000
9301.2165 0.0000
9418.5637 0.0000
9788.4868 0.0000
10849.7818 0.0000
11179.0628 0.0000
11643.5622 0.0000
11036.9834 0.0000
12079.2155 0.0000
11556.7484 0.0000
11847.4839 0.0000
11590.0794 0.0000
12986.1341 0.0000
12928.2579 0.0000
14090.0915 0.0000
13978.3151 0.0000
13728.2307 0.0000
14565.4954 0.0000
15248.5936 0.0000
15025.4432 0.0000
16240.5500 0.0000
15650.6910 0.0000
16233.7425 0.0000
15633.1858 0.0000
15446.5833 0.0000
17785.9281 0.0000
17036.8757 0.0000
18582.6991 0.0000
19398.0586 0.0000
19727.5657 0.0000
19099.4714 0.0000
20609.6644 0.0000
20902.1169 0.0000
20093.8135 0.0000
21926.6971 0.0000
22386.3096 0.0000
21797.8498 0.0000
21759.1433 0.0000
21460.4820 0.0000
21915.6272 0.0000
22672.8766 0.0000
23371.9952 0.0000
21962.2931 0.0000
23917.4399 0.0000
23438.8376 0.0000
24520.5593 0.0000
25273.9577 0.0000
25205.2268 0.0000
25339.1215 0.0000
25644.5238 0.0000
26026.4366 0.0000
24746.8023 0.0000
25052.9193 0.0000
25866.9131 0.0000
25556.6179 0.0000
26185.6215 0.0000
26806.0535 0.0000
25573.2982 0.0000
26407.9588 0.0000
26759.8120 0.0000
26404.8605 0.0000
26826.4943 0.0000
27104.3352 0.0000
27504.9862 0.0000
27764.2886 0.0000
27109.9655 0.0000
27849.8048 0.0000
27004.5863 0.0000
27386.7665 0.0000
28367.6156 0.0000
28019.0760 0.0000
28272.8952 0.0000
29164.7355 0.0000
29118.3974 0.0000
28796.9046 0.0000
28698.7650 0.0000
29662.1204 0.0000
29532.0443 0.0000
29761.8225 0.0000
29237.3527 0.0000
29803.6741 0.0000
29578.9670 0.0000
29284.1572 0.0000
31149.5821 0.0000
31340.9715 0.0000
32193.3479 0.0000
31669.5968 0.0000
31039.0287 0.0000
32790.7428 0.0000
33716.2711 0.0000
33817.4080 0.0000
33680.3435 0.0000
33811.2653 0.0000
33724.2111 0.0000
34367.3384 0.0000
33958.9051 0.0000
35131.9936 0.0000
35231.8735 0.0000
36316.4530 0.0000
36841.1991 0.0000
36184.2217 0.0000
36489.3262 0.0000
37181.0328 0.0000
38058.1651 0.0000
37901.5654 0.0000
38921.0049 0.0000
39477.9803 0.0000
39945.9603 0.0000
39709.3749 0.0000
40433.5751 0.0000
40187.2297 0.0000
39724.4188 0.0000
40289.6880 0.0000
40774.4403 0.0000
41017.5096 0.0000
40625.4406 0.0000
41105.0315 0.0000
40633.1556 0.0000
41137.8725 0.0000
41217.9701 0.0000
41217.3815 0.0000
41019.1894 0.0000
42033.8080 0.0000
42116.8634 0.0000
41602.8207 0.0000
42640.1238 0.0000
43762.6921 0.0000
43349.6329 0.0000
43167.2193 0.0000
44547.8389 0.0000
43676.4896 0.0000
45136.8413 0.0000
44615.9559 0.0000
45010.6415 0.0000
44891.4506 0.0000
44382.3936 0.0000
45505.0378 0.0000
46688.7268 0.0000
47046.4469 0.0000
47553.8675 0.0000
47938.1710 0.0000
47971.2373 0.0000
48085.8449 0.0000
47829.6471 0.0000
47974.0017 0.0000
47299.5302 0.0000
48295.0340 0.0000
48252.1496 0.0000
49248.7303 0.0000
48943.2281 0.0000
49574.8804 0.0000
49780.7853 0.0000
49651.8670 0.0000
49591.4761 0.0000
49665.1628 0.0000
49522.8202 0.0000
49614.5475 0.0000
49988.4501 0.0000
51224.4013 0.0000
51742.2966 0.0000
51421.1378 0.0000
52334.4079 0.0000
53529.7114 0.0000
53243.0566 0.0000
53565.4197 0.0000
53566.4105 0.0000
53559.9086 0.0000
53822.2213 0.0000
53117.8405 0.0000
53578.3349 0.0000
54569.2328 0.0000
54899.9441 0.0000
54732.3846 0.0000
55279.9802 0.0000
55480.0551 0.0000
54925.4983 0.0000
55486.4099 0.0000
55424.0561 0.0000
55642.3064 0.0000
55222.1447 0.0000
54856.8411 0.0000
56084.3178 0.0000
56076.3836 0.0000
57412.3544 0.0000
57891.3772 0.0000
58223.5248 0.0000
56244.4166 0.0000
58698.8813 0.0000
59040.7492 0.0000
59195.6827 0.0000
58741.5783 0.0000
59434.8224 0.0000
59049.0106 0.0000
59516.2522 0.0000
58900.7879 0.0000
59737.8428 0.0000
59865.9375 0.0000
59378.6767 0.0000
59923.5268 0.0000
60360.2960 0.0000
59862.3692 0.0000
60567.0835 0.0000
60984.2437 0.0000
60125.6391 0.0000
60625.0252 0.0000
61511.7164 0.0000
61902.8551 0.0000
62298.0625 0.0000
62516.8701 0.0000
63390.1673 0.0000
63734.7402 0.0000
63253.0034 0.0000
63395.5900 0.0000
62524.3324 0.0000
63682.3836 0.0000
63450.5464 0.0000
63019.1491 0.0000
64093.1746 0.0000
64582.3120 0.0000
64813.7046 0.0000
65304.0310 0.0000
65670.9853 0.0000
66093.8442 0.0000
65350.8821 0.0000
66658.8156 0.0000
66546.5710 0.0000
66047.7078 0.0000
67105.4700 0.0000
66508.0152 0.0000
67915.1233 0.0000
67649.6240 0.0000
67849.6556 0.0000
67724.8883 0.0000
67878.2853 0.0000
68031.6829 0.0000
68941.4649 0.0000
68216.9551 0.0000
67939.3287 0.0000
69296.4501 0.0000
69418.9566 0.0000
69078.5581 0.0000
69244.6718 0.0000
68803.7853 0.0000
68975.4439 0.0000
69894.6341 0.0000
69793.2092 0.0000
70187.0025 0.0000
69631.2169 0.0000
70921.6219 0.0000
70621.2370 0.0000
70507.3477 0.0000
71368.4775 0.0000
70290.0885 0.0000
71377.7978 0.0000
69991.0573 0.0000
71342.1034 0.0000
70718.7261 0.0000
71141.5311 0.0000
70321.4684 0.0000
71143.4765 0.0000
71386.7560 0.0000
71460.6305 0.0000
71446.5823 0.0000
72049.3729 0.0000
72190.1767 0.0000
73332.0120 0.0000
73362.9541 0.0000
72781.5681 0.0000
72023.7652 0.0000
73532.7951 0.0000
74369.4551 0.0000
73599.5503 0.0000
74134.6794 0.0000
74260.3637 0.0000
73812.1599 0.0000
74521.8730 0.0000
75304.8884 0.0000
75231.5320 0.0000
74084.0241 0.0000
75326.2706 0.0000
74743.2032 0.0000
75763.7237 0.0000
76083.8340 0.0000
77212.1298 0.0000
77099.0886 0.0000
76459.8272 0.0000
77734.0458 0.0000
77364.8698 0.0000
79067.6957 0.0000
78604.3953 0.0000
78777.4123 0.0000
80625.4302 0.0000
81645.1435 0.0000
83122.9664 0.0000
82312.7141 0.0000
82925.4386 0.0000
82818.9566 0.0000
83249.3491 0.0000
83581.5927 0.0000
84686.8309 0.0000
84085.0683 0.0000
84095.0028 0.0000
83915.7208 0.0000
83697.3872 0.0000
84833.8646 0.0000
84226.2256 0.0000
85408.4776 0.0000
84977.8258 0.0000
84926.0780 0.0000
85787.2659 0.0000
85980.3755 0.0000
86979.5786 0.0000
87878.8776 0.0000
87525.9736 0.0000
87327.2059 0.0000
87701.5963 0.0000
88365.9093 0.0000
89496.7045 0.0000
88440.1963 0.0000
90716.5209 0.0000
91535.9957 0.0000
92075.7199 0.0000
91076.8227 0.0000
91471.9524 0.0000
92462.7804 0.0000
92369.8912 0.0000
90955.3884 0.0000
92566.4958 0.0000
92181.3585 0.0000
92150.3889 0.0000
92066.8086 0.0000
92614.3890 0.0000
93260.5781 0.0000
93285.2505 0.0000
93043.1797 0.0000
92305.8309 0.0000
93405.9631 0.0000
93421.6747 0.0000
94078.3297 0.0000
94913.0080 0.0000
94261.9035 0.0000
96029.9532 0.0000
96205.7150 0.0000
95891.2239 0.0000
96382.7823 0.0000
96677.6643 0.0000
96790.4245 0.0000
97060.2178 0.0000
97023.0370 0.0000
97363.5915 0.0000
97087.3778 0.0000
97406.1498 0.0000
97406.7475 0.0000
98368.5260 0.0000
99620.3174 0.0000
99798.7046 0.0000
100040.5126 0.0000
99786.4964 0.0000
100713.1123 0.0000
100696.4022 0.0000
101051.8432 0.0000
100913.4023 0.0000
100563.9782 0.0000
100949.1061 0.0000
102982.3915 0.0000
102750.4765 0.0000
103688.3933 0.0000
104323.6768 0.0000
104602.3847 0.0000
104008.1114 0.0000
104146.6839 0.0000
104013.1092 0.0000
104140.2444 0.0000
103705.8189 0.0000
103837.2189 0.0000
104080.7217 0.0000
104806.9247 0.0000
105010.8869 0.0000
104745.6187 0.0000
104632.2669 0.0000
104533.5886 0.0000
104977.0033 0.0000
104666.6739 0.0000
105532.1940 0.0000
105773.8898 0.0000
105983.8447 0.0000
105406.4568 0.0000
105080.7192 0.0000
105918.4049 0.0000
105961.6299 0.0000
105325.5202 0.0000
106008.7621 0.0000
105771.0209 0.0000
106750.9617 0.0000
106609.6976 0.0000
107123.6706 0.0000
106374.4375 0.0000
107209.6304 0.0000
107569.5683 0.0000
108268.8514 0.0000
108332.0648 0.0000
108770.2743 0.0000
108177.5096 0.0000
108823.0663 0.0000
108036.3305 0.0000
109039.4096 0.0000
108549.4619 0.0000
107386.3684 0.0000
109639.5891 0.0000
109591.2158 0.0000
110286.8181 0.0000
108876.3950 0.0000
109755.9053 0.0000
109456.7293 0.0000
110383.6275 0.0000
110657.3634 0.0000
110865.9318 0.0000
110653.9215 0.0000
110850.6879 0.0000
110762.8684 0.0000
110747.1498 0.0000
112013.6392 0.0000
113213.2558 0.0000
113798.8509 0.0000
113918.3729 0.0000
114806.1108 0.0000
115191.2763 0.0000
114583.1575 0.0000
114860.3638 0.0000
115569.9213 0.0000
114472.8402 0.0000
115622.1255 0.0000
116183.3498 0.0000
116342.8197 0.0000
116364.8505 0.0000
116689.1111 0.0000
116448.6173 0.0000
116606.5226 0.0000
116841.3935 0.0000
117828.6046 0.0000
117017.2251 0.0000
118313.0979 0.0000
118165.0448 0.0000
118516.4263 0.0000
118873.1369 0.0000
118985.5374 0.0000
118262.8377 0.0000
118818.7834 0.0000
118408.8605 0.0000
118436.6343 0.0000
118748.4328 0.0000
118925.9786 0.0000
119024.9660 0.0000
118497.7620 0.0000
118622.2708 0.0000
119620.5707 0.0000
119679.3677 0.0000
118924.9355 0.0000
120323.3176 0.0000
120535.7217 0.0000
120418.7495 0.0000
120309.8550 0.0000
121332.9945 0.0000
121770.9411 0.0000
121522.6316 0.0000
121436.9492 0.0000
121875.4810 0.0000
121334.9661 0.0000
122076.0716 0.0000
121099.6120 0.0000
122309.1056 0.0000
121738.3763 0.0000
122029.9423 0.0000
122183.4361 0.0000
121806.4737 0.0000
121808.4592 0.0000
122045.2119 0.0000
122498.3372 0.0000
121581.0369 0.0000
122872.6273 0.0000
123629.4959 0.0000
123346.3936 0.0000
123843.9637 0.0000
124216.1637 0.0000
125332.8182 0.0000
124329.9518 0.0000
125038.7514 0.0000
125397.6834 0.0000
125053.8448 0.0000
125906.4799 0.0000
125403.7127 0.0000
125469.8252 0.0000
125787.8148 0.0000
126189.5421 0.0000
125846.6895 0.0000
125540.9013 0.0000
126042.4088 0.0000
126801.9589 0.0000
126831.6089 0.0000
127236.2366 0.0000
126395.3160 0.0000
127291.8122 0.0000
127265.1669 0.0000
127577.8971 0.0000
127800.7896 0.0000
127664.7253 0.0000
128031.5858 0.0000
127882.3057 0.0000
127765.3340 0.0000
128815.6641 0.0000
128937.7863 0.0000
129319.3116 0.0000
129747.9981 0.0000
129651.2436 0.0000
130474.0103 0.0000
129869.1939 0.0000
129915.7628 0.0000
129916.3247 0.0000
129231.0956 0.0000
130570.5692 0.0000
130589.6509 0.0000
131391.4194 0.0000
131611.4924 0.0000
131005.3102 0.0000
131996.6504 0.0000
131871.9604 0.0000
132293.8671 0.0000
131583.0784 0.0000
132420.8917 0.0000
131679.1572 0.0000
132308.1762 0.0000
132384.4468 0.0000
131943.9309 0.0000
133184.0007 0.0000
132698.9666 0.0000
134329.4455 0.0000
133683.2061 0.0000
134199.3922 0.0000
135195.4798 0.0000
135488.1961 0.0000
135640.4929 0.0000
135344.4213 0.0000
135609.0822 0.0000
133849.0960 0.0000
135614.3369 0.0000
135405.9979 0.0000
136266.3935 0.0000
136473.6179 0.0000
136718.3950 0.0000
136846.7243 0.0000
136052.0374 0.0000
137173.1390 0.0000
136882.9042 0.0000
137053.8732 0.0000
136904.8569 0.0000
136720.2772 0.0000
136601.8030 0.0000
135894.1733 0.0000
137232.8261 0.0000
138808.9665 0.0000
139439.9397 0.0000
138687.6667 0.0000
139906.1817 0.0000
138917.6191 0.0000
140489.6979 0.0000
139977.8990 0.0000
140393.6221 0.0000
140757.4545 0.0000
140257.8532 0.0000
141164.4449 0.0000
140253.1720 0.0000
140791.3059 0.0000
141344.0412 0.0000
142021.3366 0.0000
142067.1945 0.0000
141790.0853 0.0000
142282.8768 0.0000
142359.9731 0.0000
141734.1692 0.0000
141822.5155 0.0000
143607.2384 0.0000
143857.0109 0.0000
143272.7628 0.0000
143186.8767 0.0000
143789.6636 0.0000
144390.2086 0.0000
144389.9861 0.0000
145443.0867 0.0000
146238.6452 0.0000
145485.1173 0.0000
145274.6751 0.0000
146489.4522 0.0000
146150.1516 0.0000
146799.4250 0.0000
147797.3774 0.0000
148311.2035 0.0000
148979.2336 0.0000
148436.9644 0.0000
149359.8254 0.0000
148493.5725 0.0000
148095.8918 0.0000
149572.8357 0.0000
149137.1853 0.0000
149603.8219 0.0000
149828.1900 0.0000
150230.2420 0.0000
149591.6618 0.0000
150697.2776 0.0000
151178.7640 0.0000
151225.1764 0.0000
150541.7869 0.0000
153097.8882 0.0000
153439.7721 0.0000
153448.6997 0.0000
152195.2932 0.0000
153909.7870 0.0000
155111.0370 0.0000
156186.0511 0.0000
155116.2265 0.0000
157013.5691 0.0000
157214.3210 0.0000
158326.5489 0.0000
158055.3719 0.0000
157444.7939 0.0000
158118.8733 0.0000
158392.6256 0.0000
158447.7426 0.0000
159031.9600 0.0000
158384.1685 0.0000
159180.4714 0.0000
158765.2234 0.0000
158771.5283 0.0000
158684.9601 0.0000
158725.1284 0.0000
159173.4692 0.0000
159428.3819 0.0000
160037.3326 0.0000
158953.3615 0.0000
160740.0218 0.0000
160623.9718 0.0000
161133.1278 0.0000
161878.8990 0.0000
162267.9891 0.0000
162889.6860 0.0000
164276.0862 0.0000
164211.5711 0.0000
164319.2837 0.0000
164635.5249 0.0000
165673.6618 0.0000
164753.5284 0.0000
165108.8308 0.0000
165655.3172 0.0000
165298.4469 0.0000
164714.5423 0.0000
166494.9724 0.0000
166791.2935 0.0000
166719.3454 0.0000
166164.3863 0.0000
166809.3056 0.0000
167331.5040 0.0000
167809.5438 0.0000
167208.8426 0.0000
167964.5779 0.0000
168033.9729 0.0000
168724.3198 0.0000
168050.4053 0.0000
168930.9491 0.0000
169654.0883 0.0000
169499.8954 0.0000
169487.4484 0.0000
169431.1958 0.0000
170480.7247 0.0000
170288.8841 0.0000
169682.9417 0.0000
170785.3267 0.0000
170192.8773 0.0000
171978.7630 0.0000
171667.0607 0.0000
172047.1904 0.0000
171989.5942 0.0000
171017.1118 0.0000
171793.6795 0.0000
172127.8926 0.0000
172277.6464 0.0000
173891.1400 0.0000
174195.5737 0.0000
174670.4772 0.0000
175172.9971 0.0000
175573.9080 0.0000
174857.9272 0.0000
175019.9539 0.0000
175478.2755 0.0000
176029.1166 0.0000
175742.4864 0.0000
175712.4502 0.0000
176402.3979 0.0000
176395.2984 0.0000
176507.4100 0.0000
176120.6414 0.0000
176465.5708 0.0000
176199.4992 0.0000
176444.4893 0.0000
176073.1072 0.0000
176382.8563 0.0000
175815.7715 0.0000
176866.9964 0.0000
176840.6280 0.0000
176582.3060 0.0000
176579.8817 0.0000
175815.7013 0.0000
176734.5109 0.0000
176812.4001 0.0000
175601.5246 0.0000
176729.6636 0.0000
176574.9506 0.0000
177188.8404 0.0000
177966.2760 0.0000
178552.3099 0.0000
179306.4962 0.0000
180531.4452 0.0000
180676.5000 0.0000
181002.6269 0.0000
180895.0172 0.0000
180372.2971 0.0000
181004.6713 0.0000
180800.3053 0.0000
180170.3461 0.0000
181745.2875 0.0000
181611.2223 0.0000
182216.6394 0.0000
182508.2301 0.0000
182383.7632 0.0000
181645.5714 0.0000
181859.9566 0.0000
182809.0251 0.0000
181393.9858 0.0000
183578.3419 0.0000
182824.2181 0.0000
183575.8066 0.0000
183299.9037 0.0000
183555.7828 0.0000
183385.4245 0.0000
183770.9866 0.0000
184328.5077 0.0000
185740.7620 0.0000
185729.0496 0.0000
185692.4838 0.0000
185378.2234 0.0000
185862.7800 0.0000
186465.6366 0.0000
187127.0135 0.0000
186760.7349 0.0000
186099.9794 0.0000
186561.5140 0.0000
186987.3734 0.0000
187525.9497 0.0000
188050.7806 0.0000
188417.9139 0.0000
189541.6991 0.0000
188240.1735 0.0000
189369.0269 0.0000
189481.3963 0.0000
188625.1871 0.0000
189342.2360 0.0000
190075.2361 0.0000
189321.1226 0.0000
189471.7862 0.0000
189964.2848 0.0000
189765.2017 0.0000
190519.2306 0.0000
190455.6389 0.0000
191039.0386 0.0000
190475.9332 0.0000
190899.8915 0.0000
191609.5308 0.0000
191569.3603 0.0000
191398.1678 0.0000
191589.4262 0.0000
192923.4225 0.0000
193173.4558 0.0000
194259.8444 0.0000
193944.7725 0.0000
193499.7512 0.0000
194768.5914 0.0000
194446.5052 0.0000
194317.4976 0.0000
194297.6914 0.0000
194950.2243 0.0000
194986.0288 0.0000
195464.1693 0.0000
195858.4906 0.0000
194860.4839 0.0000
195123.6416 0.0000
196622.1104 0.0000
197217.5023 0.0000
196081.5423 0.0000
196818.6866 0.0000
197575.8109 0.0000
197659.4334 0.0000
197823.2994 0.0000
197369.8779 0.0000
197542.6464 0.0000
197516.6497 0.0000
199303.6861 0.0000
199548.6919 0.0000
200046.8968 0.0000
200287.8483 0.0000
200756.7812 0.0000
202154.5527 0.0000
202095.8763 0.0000
201923.6140 0.0000
201930.9252 0.0000
201394.6741 0.0000
202142.2481 0.0000
201851.8627 0.0000
201032.1833 0.0000
202640.8065 0.0000
202287.8131 0.0000
202657.7469 0.0000
202268.4204 0.0000
201759.8788 0.0000
202116.0728 0.0000
202848.6376 0.0000
202657.5565 0.0000
202553.3424 0.0000
203060.8514 0.0000
202419.2636 0.0000
202312.9433 0.0000
203204.7958 0.0000
203399.1777 0.0000
204324.9646 0.0000
204507.9073 0.0000
204429.5886 0.0000
205076.2538 0.0000
205354.8993 0.0000
205176.8680 0.0000
205693.9061 0.0000
205708.8340 0.0000
205654.1379 0.0000
205382.8433 0.0000
206645.5619 0.0000
206355.7042 0.0000
206267.2284 0.0000
205887.2415 0.0000
206865.1019 0.0000
206130.3810 0.0000
206555.7446 0.0000
206761.2512 0.0000
206040.1287 0.0000
207409.5085 0.0000
207352.1582 0.0000
206976.4922 0.0000
207351.7679 0.0000
207501.9514 0.0000
208284.5825 0.0000
208680.0018 0.0000
208734.7819 0.0000
209025.5937 0.0000
209318.8610 0.0000
209920.2170 0.0000
209391.0617 0.0000
210074.7157 0.0000
210467.8655 0.0000
210076.1885 0.0000
211278.8169 0.0000
211153.8452 0.0000
210126.2955 0.0000
212055.8703 0.0000
211716.2661 0.0000
211684.1058 0.0000
213240.9860 0.0000
213844.5037 0.0000
213316.2896 0.0000
213135.9040 0.0000
212971.4398 0.0000
213483.2722 0.0000
215049.4068 0.0000
214610.6861 0.0000
214558.1874 0.0000
215848.2478 0.0000
214699.8343 0.0000
215573.2678 0.0000
215597.6392 0.0000
215180.3085 0.0000
215664.3762 0.0000
214856.1683 0.0000
214795.3999 0.0000
216025.8284 0.0000
216598.4329 0.0000
216018.6776 0.0000
216873.6219 0.0000
217623.1182 0.0000
217128.4244 0.0000
217734.5208 0.0000
217777.7533 0.0000
217215.7160 0.0000
217783.6768 0.0000
217785.2639 0.0000
216305.9991 0.0000
218462.8363 0.0000
219214.6259 0.0000
219408.1897 0.0000
220244.5264 0.0000
220017.3523 0.0000
220060.8249 0.0000
220874.0661 0.0000
221056.2678 0.0000
221097.2544 0.0000
221382.3278 0.0000
221760.5956 0.0000
222241.5128 0.0000
222453.4336 0.0000
223313.3003 0.0000
223041.8180 0.0000
222496.2188 0.0000
222160.0918 0.0000
222970.8664 0.0000
223343.2860 0.0000
222544.6501 0.0000
223207.2120 0.0000
223467.6008 0.0000
223356.6462 0.0000
223384.7102 0.0000
224273.7100 0.0000
224447.4319 0.0000
224442.4205 0.0000
224177.9593 0.0000
223934.2426 0.0000
224667.0339 0.0000
225243.2607 0.0000
225944.4612 0.0000
226313.3536 0.0000
226504.9918 0.0000
227988.0633 0.0000
227734.0409 0.0000
227873.2464 0.0000
228378.6116 0.0000
227907.3539 0.0000
227493.3297 0.0000
228737.1274 0.0000
228824.0166 0.0000
229628.4702 0.0000
229402.5715 0.0000
230626.9816 0.0000
230491.5147 0.0000
231005.6814 0.0000
231947.6674 0.0000
230045.0379 0.0000
231081.5475 0.0000
232063.9958 0.0000
232904.6739 0.0000
232493.3688 0.0000
231966.4061 0.0000
232821.5542 0.0000
232876.9516 0.0000
232972.5219 0.0000
232916.9764 0.0000
231909.1741 0.0000
231952.9227 0.0000
233671.2066 0.0000
234504.3580 0.0000
234278.9122 0.0000
235228.5687 0.0000
234673.6775 0.0000
235363.3510 0.0000
235870.8562 0.0000
235908.2448 0.0000
236663.3569 0.0000
236393.6420 0.0000
235546.2601 0.0000
237013.4046 0.0000
237370.7801 0.0000
235973.2442 0.0000
236827.8195 0.0000
237193.6659 0.0000
235871.7619 0.0000
237245.4077 0.0000
237369.7782 0.0000
237280.7814 0.0000
237424.6317 0.0000
237396.6319 0.0000
236859.9822 0.0000
237789.5497 0.0000
237994.8796 0.0000
237933.0328 0.0000
238578.5660 0.0000
237776.8021 0.0000
239335.4790 0.0000
239127.2664 0.0000
238640.2071 0.0000
239492.6323 0.0000
239446.1893 0.0000
239471.8131 0.0000
239816.6531 0.0000
239437.4925 0.0000
240046.7973 0.0000
240130.0619 0.0000
239702.9847 0.0000
240444.2991 0.0000
240397.8284 0.0000
240802.6511 0.0000
240552.7303 0.0000
240513.8156 0.0000
240680.1169 0.0000
239702.9659 0.0000
240590.4765 0.0000
241244.6737 0.0000
241810.7328 0.0000
242906.7138 0.0000
242598.7835 0.0000
243063.9295 0.0000
242180.5472 0.0000
242650.2254 0.0000
242042.0544 0.0000
242984.8752 0.0000
242312.3092 0.0000
242866.3046 0.0000
242531.1811 0.0000
243372.9903 0.0000
244297.3640 0.0000
244512.8324 0.0000
243412.7673 0.0000
245639.4715 0.0000
245070.4180 0.0000
246082.9006 0.0000
246717.7979 0.0000
246659.0901 0.0000
246579.2515 0.0000
246686.8593 0.0000
246482.4746 0.0000
246749.8831 0.0000
246458.9630 0.0000
246324.3311 0.0000
246488.1541 0.0000
246081.2945 0.0000
246860.2807 0.0000
247234.0010 0.0000
246752.2529 0.0000
246992.2947 0.0000
245657.5114 0.0000
246484.3163 0.0000
247042.9422 0.0000
247541.5396 0.0000
248321.2641 0.0000
248190.6494 0.0000
248055.7059 0.0000
248641.4603 0.0000
248850.4674 0.0000
248424.1509 0.0000
248659.6440 0.0000
248536.8989 0.0000
249121.2894 0.0000
249088.0628 0.0000
249398.6647 0.0000
250068.6039 0.0000
250573.4917 0.0000
250613.9107 0.0000
250306.6812 0.0000
249789.8684 0.0000
250963.8699 0.0000
251182.2999 0.0000
251686.5046 0.0000
252343.8271 0.0000
251514.3268 0.0000
251989.3738 0.0000
252160.3010 0.0000
251864.8867 0.0000
252088.7474 0.0000
251821.5646 0.0000
252496.2534 0.0000
252038.3157 0.0000
253227.2749 0.0000
253102.5154 0.0000
253444.4904 0.0000
253226.1489 0.0000
254542.3254 0.0000
255437.8842 0.0000
255211.2751 0.0000
255533.2859 0.0000
255438.7374 0.0000
256095.8638 0.0000
255928.3655 0.0000
257244.9937 0.0000
256342.3998 0.0000
255893.3234 0.0000
257993.9907 0.0000
257837.3553 0.0000
258421.2888 0.0000
258464.2960 0.0000
258703.3940 0.0000
258638.1491 0.0000
258737.7013 0.0000
259089.1015 0.0000
258578.3570 0.0000
258318.4044 0.0000
259280.1080 0.0000
259606.2395 0.0000
259935.1447 0.0000
260039.1765 0.0000
259991.6005 0.0000
261008.8719 0.0000
260569.5515 0.0000
261108.1354 0.0000
260738.5562 0.0000
259698.0543 0.0000
261132.2802 0.0000
260136.1245 0.0000
260839.9296 0.0000
260284.4992 0.0000
261342.1228 0.0000
260899.7849 0.0000
260321.2168 0.0000
261559.4914 0.0000
261074.9734 0.0000
260682.5973 0.0000
261535.3727 0.0000
261378.7415 0.0000
260787.9090 0.0000
262761.5514 0.0000
262879.9193 0.0000
262637.8854 0.0000
263182.5794 0.0000
262211.9646 0.0000
263970.4512 0.0000
263963.1640 0.0000
262922.1238 0.0000
263216.0231 0.0000
263625.5431 0.0000
264295.9934 0.0000
263569.9033 0.0000
264058.6493 0.0000
264911.3458 0.0000
265550.7028 0.0000
264936.7979 0.0000
266493.0245 0.0000
266883.1149 0.0000
266128.0500 0.0000
266552.0422 0.0000
266100.7680 0.0000
266485.9942 0.0000
267071.3496 0.0000
267990.8848 0.0000
267061.5367 0.0000
267998.8814 0.0000
268019.7040 0.0000
267071.3235 0.0000
268207.6290 0.0000
269222.4292 0.0000
269718.8323 0.0000
270744.2751 0.0000
271131.0684 0.0000
271038.9088 0.0000
270439.9909 0.0000
271310.1631 0.0000
271382.1021 0.0000
271761.5951 0.0000
272638.5504 0.0000
272287.8443 0.0000
273002.8898 0.0000
273961.0619 0.0000
273693.1382 0.0000
274150.2620 0.0000
273981.6430 0.0000
275068.1852 0.0000
275841.5754 0.0000
276472.4302 0.0000
276126.1256 0.0000
276337.2829 0.0000
275760.1466 0.0000
277087.5344 0.0000
277064.6198 0.0000
276939.6712 0.0000
276677.9511 0.0000
276848.8261 0.0000
277664.0625 0.0000
277433.6353 0.0000
278325.0295 0.0000
278701.9318 0.0000
278538.5835 0.0000
278688.7776 0.0000
278497.8349 0.0000
279528.2981 0.0000
279125.7172 0.0000
280231.7837 0.0000
281285.4441 0.0000
281027.6211 0.0000
281386.9083 0.0000
280242.6206 0.0000
280245.7485 0.0000
281365.9023 0.0000
281441.7544 0.0000
282119.2549 0.0000
281201.1349 0.0000
282313.7374 0.0000
282998.9233 0.0000
283593.4331 0.0000
283600.5428 0.0000
282790.3918 0.0000
283750.3897 0.0000
283896.7269 0.0000
282752.1962 0.0000
284346.7750 0.0000
282929.1943 0.0000
284310.8777 0.0000
284589.1318 0.0000
284016.0108 0.0000
285536.3413 0.0000
285586.2909 0.0000
284686.0086 0.0000
285250.1790 0.0000
285526.4403 0.0000
285950.7288 0.0000
286146.7268 0.0000
284975.4864 0.0000
285338.7983 0.0000
285685.1634 0.0000
286736.0833 0.0000
287165.9753 0.0000
286352.6288 0.0000
287679.1439 0.0000
287294.9412 0.0000
288967.3357 0.0000
289420.0199 0.0000
288890.2854 0.0000
287872.2453 0.0000
290377.2898 0.0000
290108.8230 0.0000
290194.6464 0.0000
290499.5254 0.0000
290190.4509 0.0000
290656.3864 0.0000
290824.6267 0.0000
290254.8878 0.0000
291493.4272 0.0000
