-100.0000 -100.0000
3711.4497 0.0000
4045.4059 0.0000
4762.9077 0.0000
3903.8789 0.0000
5193.6309 0.0000
4543.3956 0.0000
3851.0359 0.0000
5017.3296 0.0000
6164.9394 0.0000
7222.9019 0.0000
6350.0264 0.0000
7378.7341 0.0000
6587.4183 0.0000
7312.5787 0.0000
7806.2614 0.0000
9013.4106 0.0000
9114.0662 0.0000
9231.6232 0.0000
9601.4270 0.0000
10662.7149 0.0000
10991.9986 0.0000
11456.4986 0.0000
10849.9169 0.0000
11892.1525 0.0000
11369.6850 0.0000
11660.4223 0.0000
11403.0175 0.0000
12799.0796 0.0000
12741.2038 0.0000
13903.0406 0.0000
13791.2646 0.0000
13541.1790 0.0000
14378.4458 0.0000
15061.5452 0.0000
14838.3948 0.0000
16053.5032 0.0000
15463.6447 0.0000
16046.6965 0.0000
15446.1385 0.0000
15259.5371 0.0000
17598.8822 0.0000
16849.8303 0.0000
18395.6535 0.0000
19211.0136 0.0000
19540.5209 0.0000
18912.4267 0.0000
20422.6197 0.0000
20715.0723 0.0000
19906.7689 0.0000
21739.6525 0.0000
22199.2651 0.0000
21610.8052 0.0000
21572.0987 0.0000
21273.4374 0.0000
21728.5826 0.0000
22485.8320 0.0000
23184.9507 0.0000
21775.2486 0.0000
23730.3954 0.0000
23251.7931 0.0000
24333.5148 0.0000
25086.9131 0.0000
25018.1823 0.0000
25152.0770 0.0000
25457.4793 0.0000
25839.3920 0.0000
24559.7577 0.0000
24865.8748 0.0000
25679.8686 0.0000
25369.5734 0.0000
25998.5770 0.0000
26619.0090 0.0000
25386.2537 0.0000
26220.9143 0.0000
26572.7675 0.0000
26217.8160 0.0000
26639.4497 0.0000
26917.2907 0.0000
27317.9417 0.0000
27577.2441 0.0000
26922.9210 0.0000
27662.7603 0.0000
26817.5418 0.0000
27199.7219 0.0000
28180.5711 0.0000
27832.0315 0.0000
28085.8507 0.0000
28977.6910 0.0000
28931.3529 0.0000
28609.8601 0.0000
28511.7205 0.0000
29475.0759 0.0000
29344.9998 0.0000
29574.7780 0.0000
29050.3082 0.0000
29616.6296 0.0000
29391.9224 0.0000
29097.1127 0.0000
30962.5375 0.0000
31153.9270 0.0000
32006.3034 0.0000
31482.5523 0.0000
30851.9842 0.0000
32603.6983 0.0000
33529.2266 0.0000
33630.3635 0.0000
33493.2989 0.0000
33624.2208 0.0000
33537.1666 0.0000
34180.2939 0.0000
33771.8606 0.0000
34944.9491 0.0000
35044.8290 0.0000
36129.4085 0.0000
36654.1546 0.0000
35997.1772 0.0000
36302.2817 0.0000
36993.9883 0.0000
37871.1205 0.0000
37714.5209 0.0000
38733.9604 0.0000
39290.9357 0.0000
39758.9158 0.0000
39522.3304 0.0000
40246.5306 0.0000
40000.1852 0.0000
39537.3743 0.0000
40102.6434 0.0000
40587.3958 0.0000
40830.4651 0.0000
40438.3961 0.0000
40917.9870 0.0000
40446.1111 0.0000
40950.8280 0.0000
41030.9256 0.0000
41030.3370 0.0000
40832.7335 0.0000
41847.3520 0.0000
41930.4074 0.0000
41416.3648 0.0000
42453.6679 0.0000
43576.2362 0.0000
43163.1769 0.0000
42980.7633 0.0000
44361.3829 0.0000
43490.0337 0.0000
44950.3854 0.0000
44429.5000 0.0000
44824.1856 0.0000
44704.9946 0.0000
44195.9377 0.0000
45318.5819 0.0000
46502.2709 0.0000
46859.9910 0.0000
47367.4116 0.0000
47751.7150 0.0000
47784.7814 0.0000
47899.3889 0.0000
47643.1912 0.0000
47787.5458 0.0000
47113.0743 0.0000
48108.5781 0.0000
48065.6937 0.0000
49062.2744 0.0000
48756.7721 0.0000
49388.4244 0.0000
49594.3294 0.0000
49465.4111 0.0000
49405.0202 0.0000
49478.7069 0.0000
49336.3642 0.0000
49428.0915 0.0000
49801.9942 0.0000
51037.9453 0.0000
51555.8406 0.0000
51234.6818 0.0000
52147.9520 0.0000
53343.2555 0.0000
53056.6006 0.0000
53378.9638 0.0000
53379.9546 0.0000
53373.4527 0.0000
53635.7654 0.0000
52931.3845 0.0000
53391.8790 0.0000
54382.7769 0.0000
54713.4881 0.0000
54545.9286 0.0000
55093.5242 0.0000
55293.5992 0.0000
54739.0423 0.0000
55299.9540 0.0000
55237.6001 0.0000
55455.8505 0.0000
55035.6887 0.0000
54670.3852 0.0000
55897.8619 0.0000
55889.9277 0.0000
57225.8985 0.0000
57704.9213 0.0000
58037.0689 0.0000
56057.9606 0.0000
58512.4253 0.0000
58854.2932 0.0000
59009.2268 0.0000
58555.1224 0.0000
59248.3665 0.0000
58862.5547 0.0000
59329.7963 0.0000
58714.3320 0.0000
59551.3869 0.0000
59679.4816 0.0000
59192.2208 0.0000
59737.0709 0.0000
60173.8401 0.0000
59675.9133 0.0000
60380.6276 0.0000
60797.7878 0.0000
59939.1832 0.0000
60438.5692 0.0000
61325.2605 0.0000
61716.3991 0.0000
62111.6066 0.0000
62330.4142 0.0000
63203.7113 0.0000
63548.2842 0.0000
63066.5474 0.0000
63209.1341 0.0000
62337.8765 0.0000
63495.9277 0.0000
63264.0904 0.0000
62832.6932 0.0000
63906.7187 0.0000
64395.8561 0.0000
64627.2486 0.0000
65117.5751 0.0000
65484.5293 0.0000
65907.3883 0.0000
65164.4262 0.0000
66472.3596 0.0000
66360.1151 0.0000
65861.2518 0.0000
66919.0141 0.0000
66321.5593 0.0000
67728.6673 0.0000
67463.1680 0.0000
67663.1997 0.0000
67538.4323 0.0000
67691.8294 0.0000
67845.2269 0.0000
68755.0090 0.0000
68030.4991 0.0000
67752.8728 0.0000
69109.9942 0.0000
69232.5006 0.0000
68892.1022 0.0000
69058.2159 0.0000
68617.3294 0.0000
68788.9880 0.0000
69708.1781 0.0000
69606.7533 0.0000
70000.5466 0.0000
69444.7609 0.0000
70735.1660 0.0000
70434.7810 0.0000
70320.8918 0.0000
71182.0216 0.0000
70103.6326 0.0000
71191.3419 0.0000
69804.6014 0.0000
71155.6475 0.0000
70532.2701 0.0000
70955.0752 0.0000
70135.0125 0.0000
70957.0205 0.0000
71200.3001 0.0000
71274.1746 0.0000
71260.1263 0.0000
71862.9170 0.0000
72003.7208 0.0000
73145.5561 0.0000
73176.4981 0.0000
72595.1122 0.0000
71837.3093 0.0000
73346.3391 0.0000
74182.9992 0.0000
73413.0944 0.0000
73948.2234 0.0000
74073.9078 0.0000
73625.7040 0.0000
74335.4170 0.0000
75118.4325 0.0000
75045.0761 0.0000
73897.5682 0.0000
75139.8146 0.0000
74556.7473 0.0000
75577.2677 0.0000
75897.3781 0.0000
77025.6738 0.0000
76912.6327 0.0000
76273.3713 0.0000
77547.5899 0.0000
77178.4139 0.0000
78881.2398 0.0000
78417.9394 0.0000
78590.9563 0.0000
80438.9743 0.0000
81458.6876 0.0000
82936.5105 0.0000
82126.2582 0.0000
82738.9826 0.0000
82632.5007 0.0000
83062.8932 0.0000
83395.1367 0.0000
84500.3750 0.0000
83898.6124 0.0000
83908.5469 0.0000
83729.2649 0.0000
83510.9313 0.0000
84647.4086 0.0000
84039.7696 0.0000
85222.0217 0.0000
84791.3699 0.0000
84739.6220 0.0000
85600.8099 0.0000
85793.9196 0.0000
86793.1227 0.0000
87692.4217 0.0000
87339.5176 0.0000
87140.7499 0.0000
87515.1404 0.0000
88179.4533 0.0000
89310.2486 0.0000
88253.7404 0.0000
90530.0650 0.0000
91349.5398 0.0000
91889.2640 0.0000
90890.3668 0.0000
91285.4965 0.0000
92276.3244 0.0000
92183.4353 0.0000
90768.9325 0.0000
92380.0399 0.0000
91994.9026 0.0000
91963.9330 0.0000
91880.3527 0.0000
92427.9331 0.0000
93074.1221 0.0000
93098.7946 0.0000
92856.7238 0.0000
92119.3750 0.0000
93219.5072 0.0000
93235.2187 0.0000
93891.8738 0.0000
94726.5521 0.0000
94075.4476 0.0000
95843.4972 0.0000
96019.2591 0.0000
95704.7680 0.0000
96196.3263 0.0000
96491.2084 0.0000
96603.9686 0.0000
96873.7619 0.0000
96836.5811 0.0000
97177.1356 0.0000
96900.9219 0.0000
97219.6938 0.0000
97220.2916 0.0000
98182.0700 0.0000
99433.8615 0.0000
99612.2487 0.0000
99854.0566 0.0000
99600.0405 0.0000
100526.6564 0.0000
100509.9463 0.0000
100865.3872 0.0000
100726.9464 0.0000
100377.5222 0.0000
100762.6502 0.0000
102795.9355 0.0000
102564.0205 0.0000
103501.9374 0.0000
104137.2208 0.0000
104415.9288 0.0000
103821.6555 0.0000
103960.2280 0.0000
103826.6532 0.0000
103953.7885 0.0000
103519.3630 0.0000
103650.7630 0.0000
103894.2658 0.0000
104620.4688 0.0000
104824.4310 0.0000
104559.1628 0.0000
104445.8110 0.0000
104347.1327 0.0000
104790.5474 0.0000
104480.2180 0.0000
105345.7381 0.0000
105587.4339 0.0000
105797.3888 0.0000
105220.0008 0.0000
104894.2632 0.0000
105731.9489 0.0000
105775.1740 0.0000
105139.0642 0.0000
105822.3061 0.0000
105584.5649 0.0000
106564.5057 0.0000
106423.2416 0.0000
106937.2147 0.0000
106187.9816 0.0000
107023.1745 0.0000
107383.1124 0.0000
108082.3955 0.0000
108145.6089 0.0000
108583.8184 0.0000
107991.0537 0.0000
108636.6104 0.0000
107849.8746 0.0000
108852.9536 0.0000
108363.0059 0.0000
107199.9125 0.0000
109453.1332 0.0000
109404.7598 0.0000
110100.3622 0.0000
108689.9391 0.0000
109569.4493 0.0000
109270.2733 0.0000
110197.1715 0.0000
110470.9075 0.0000
110679.4759 0.0000
110467.4655 0.0000
110664.2320 0.0000
110576.4125 0.0000
110560.6939 0.0000
111827.1832 0.0000
113026.7999 0.0000
113612.3950 0.0000
113731.9169 0.0000
114619.6549 0.0000
115004.8204 0.0000
114396.7016 0.0000
114673.9079 0.0000
115383.4654 0.0000
114286.3843 0.0000
115435.6696 0.0000
115996.8938 0.0000
116156.3637 0.0000
116178.3945 0.0000
116502.6552 0.0000
116262.1614 0.0000
116420.0666 0.0000
116654.9375 0.0000
117642.1487 0.0000
116830.7691 0.0000
118126.6419 0.0000
117978.5889 0.0000
118329.9704 0.0000
118686.6810 0.0000
118799.0815 0.0000
118076.3818 0.0000
118632.3274 0.0000
118222.4046 0.0000
118250.1783 0.0000
118561.9768 0.0000
118739.5227 0.0000
118838.5100 0.0000
118311.3061 0.0000
118435.8148 0.0000
119434.1148 0.0000
119492.9118 0.0000
118738.4796 0.0000
120136.8617 0.0000
120349.2657 0.0000
120232.2935 0.0000
120123.3990 0.0000
121146.5385 0.0000
121584.4852 0.0000
121336.1757 0.0000
121250.4933 0.0000
121689.0251 0.0000
121148.5101 0.0000
121889.6156 0.0000
120913.1561 0.0000
122122.6497 0.0000
121551.9204 0.0000
121843.4864 0.0000
121996.9801 0.0000
121620.0178 0.0000
121622.0033 0.0000
121858.7560 0.0000
122311.8813 0.0000
121394.5810 0.0000
122686.1714 0.0000
123443.0399 0.0000
123159.9377 0.0000
123657.5077 0.0000
124029.7078 0.0000
125146.3623 0.0000
124143.4959 0.0000
124852.2954 0.0000
125211.2274 0.0000
124867.3889 0.0000
125720.0240 0.0000
125217.2568 0.0000
125283.3693 0.0000
125601.3589 0.0000
126003.0862 0.0000
125660.2336 0.0000
125354.4454 0.0000
125855.9529 0.0000
126615.5030 0.0000
126645.1530 0.0000
127049.7807 0.0000
126208.8600 0.0000
127105.3562 0.0000
127078.7110 0.0000
127391.4412 0.0000
127614.3337 0.0000
127478.2694 0.0000
127845.1299 0.0000
127695.8498 0.0000
127578.8781 0.0000
128629.2081 0.0000
128751.3304 0.0000
129132.8556 0.0000
129561.5421 0.0000
129464.7877 0.0000
130287.5543 0.0000
129682.7380 0.0000
129729.3068 0.0000
129729.8688 0.0000
129044.6397 0.0000
130384.1133 0.0000
130403.1950 0.0000
131204.9635 0.0000
131425.0365 0.0000
130818.8542 0.0000
131810.1944 0.0000
131685.5045 0.0000
132107.4112 0.0000
131396.6225 0.0000
132234.4357 0.0000
131492.7013 0.0000
132121.7203 0.0000
132197.9908 0.0000
131757.4750 0.0000
132997.5448 0.0000
132512.5107 0.0000
134142.9896 0.0000
133496.7502 0.0000
134012.9363 0.0000
135009.0239 0.0000
135301.7402 0.0000
135454.0370 0.0000
135157.9654 0.0000
135422.6263 0.0000
133662.6401 0.0000
135427.8809 0.0000
135219.5420 0.0000
136079.9376 0.0000
136287.1620 0.0000
136531.9391 0.0000
136660.2683 0.0000
135865.5815 0.0000
136986.6831 0.0000
136696.4483 0.0000
136867.4172 0.0000
136718.4010 0.0000
136533.8212 0.0000
136415.3471 0.0000
135707.7173 0.0000
137046.3702 0.0000
138622.5106 0.0000
139253.4837 0.0000
138501.2108 0.0000
139719.7258 0.0000
138731.1632 0.0000
140303.2420 0.0000
139791.4431 0.0000
140207.1662 0.0000
140570.9985 0.0000
140071.3973 0.0000
140977.9890 0.0000
140066.7161 0.0000
140604.8499 0.0000
141157.5853 0.0000
141834.8807 0.0000
141880.7385 0.0000
141603.6294 0.0000
142096.4209 0.0000
142173.5172 0.0000
141547.7133 0.0000
141636.0596 0.0000
143420.7825 0.0000
143670.5550 0.0000
143086.3069 0.0000
143000.4208 0.0000
143603.2077 0.0000
144203.7526 0.0000
144203.5302 0.0000
145256.8533 0.0000
146052.4117 0.0000
145298.8839 0.0000
145088.4416 0.0000
146303.2187 0.0000
145963.9182 0.0000
146613.1916 0.0000
147611.1439 0.0000
148124.9700 0.0000
148793.0002 0.0000
148250.7310 0.0000
149173.5919 0.0000
148307.3391 0.0000
147909.6583 0.0000
149386.6022 0.0000
148950.9519 0.0000
149417.5885 0.0000
149641.9565 0.0000
150044.0085 0.0000
149405.4284 0.0000
150511.0441 0.0000
150992.5305 0.0000
151038.9430 0.0000
150355.5534 0.0000
152911.6548 0.0000
153253.5387 0.0000
153262.4662 0.0000
152009.0597 0.0000
153723.5535 0.0000
154924.8035 0.0000
155999.8176 0.0000
154929.9930 0.0000
156827.3356 0.0000
157028.0876 0.0000
158140.3154 0.0000
157869.1384 0.0000
157258.5604 0.0000
157932.6399 0.0000
158206.3922 0.0000
158261.5091 0.0000
158845.7266 0.0000
158197.9351 0.0000
158994.2379 0.0000
158578.9899 0.0000
158585.2948 0.0000
158498.7266 0.0000
158538.8949 0.0000
158987.2357 0.0000
159242.1485 0.0000
159851.0991 0.0000
158767.1280 0.0000
160553.7883 0.0000
160437.7384 0.0000
160946.8944 0.0000
161692.6655 0.0000
162081.7557 0.0000
162703.4525 0.0000
164089.8527 0.0000
164025.3376 0.0000
164133.0503 0.0000
164449.2915 0.0000
165487.4283 0.0000
164567.2950 0.0000
164922.5973 0.0000
165469.0838 0.0000
165112.2135 0.0000
164528.3088 0.0000
166308.7389 0.0000
166605.0601 0.0000
166533.1119 0.0000
165978.1529 0.0000
166623.0721 0.0000
167145.2706 0.0000
167623.3104 0.0000
167022.6091 0.0000
167778.3444 0.0000
167847.7394 0.0000
168538.0864 0.0000
167864.1718 0.0000
168744.7157 0.0000
169467.8548 0.0000
169313.6620 0.0000
169301.2149 0.0000
169244.9623 0.0000
170294.4913 0.0000
170102.6507 0.0000
169496.7082 0.0000
170599.0932 0.0000
170006.6439 0.0000
171792.5296 0.0000
171480.8272 0.0000
171860.9569 0.0000
171803.3608 0.0000
170830.8784 0.0000
171607.4461 0.0000
171941.6591 0.0000
172091.4129 0.0000
173704.9065 0.0000
174009.3403 0.0000
174484.2438 0.0000
174986.7636 0.0000
175387.6745 0.0000
174671.6937 0.0000
174833.7204 0.0000
175292.0421 0.0000
175842.8831 0.0000
175556.2529 0.0000
175526.2167 0.0000
176216.1645 0.0000
176209.0649 0.0000
176321.1765 0.0000
175934.4080 0.0000
176279.3373 0.0000
176013.2658 0.0000
176258.2558 0.0000
175886.8738 0.0000
176196.6228 0.0000
175629.5381 0.0000
176680.7629 0.0000
176654.3945 0.0000
176396.0726 0.0000
176393.6483 0.0000
175629.4679 0.0000
176548.2775 0.0000
176626.1666 0.0000
175415.2911 0.0000
176543.4301 0.0000
176388.7172 0.0000
177002.6069 0.0000
177780.0425 0.0000
178366.0764 0.0000
179120.2627 0.0000
180345.2117 0.0000
180490.2666 0.0000
180816.3934 0.0000
180708.7837 0.0000
180186.0637 0.0000
180818.4378 0.0000
180614.0718 0.0000
179984.1127 0.0000
181559.0540 0.0000
181424.9888 0.0000
182030.4059 0.0000
182321.9967 0.0000
182197.5298 0.0000
181459.3380 0.0000
181673.7232 0.0000
182622.7916 0.0000
181207.7524 0.0000
183392.1085 0.0000
182637.9846 0.0000
183389.5732 0.0000
183113.6703 0.0000
183369.5493 0.0000
183199.1911 0.0000
183584.7532 0.0000
184142.2742 0.0000
185554.5285 0.0000
185542.8161 0.0000
185506.2503 0.0000
185191.9900 0.0000
185676.5465 0.0000
186279.4032 0.0000
186940.7800 0.0000
186574.5015 0.0000
185913.7460 0.0000
186375.2806 0.0000
186801.1399 0.0000
187339.7162 0.0000
187864.5472 0.0000
188231.6805 0.0000
189355.4656 0.0000
188053.9400 0.0000
189182.7935 0.0000
189295.1629 0.0000
188438.9536 0.0000
189156.0025 0.0000
189889.0027 0.0000
189134.8891 0.0000
189285.5527 0.0000
189778.0513 0.0000
189578.9682 0.0000
190332.9971 0.0000
190269.4055 0.0000
190852.8051 0.0000
190289.6997 0.0000
190713.6581 0.0000
191423.2974 0.0000
191383.1268 0.0000
191211.9344 0.0000
191403.1927 0.0000
192737.1890 0.0000
192987.2223 0.0000
194073.6109 0.0000
193758.5391 0.0000
193313.5177 0.0000
194582.3580 0.0000
194260.2718 0.0000
194131.2641 0.0000
194111.4579 0.0000
194763.9908 0.0000
194799.7953 0.0000
195277.9359 0.0000
195672.2571 0.0000
194674.2504 0.0000
194937.4081 0.0000
196435.8770 0.0000
197031.2689 0.0000
195895.3089 0.0000
196632.4531 0.0000
197389.5775 0.0000
197473.1999 0.0000
197637.0660 0.0000
197183.6445 0.0000
197356.4130 0.0000
197330.4162 0.0000
199117.4526 0.0000
199362.4585 0.0000
199860.6634 0.0000
200101.6149 0.0000
200570.5477 0.0000
201968.3193 0.0000
201909.6428 0.0000
201737.3805 0.0000
201744.6917 0.0000
201208.4407 0.0000
201956.0147 0.0000
201665.6293 0.0000
200845.9498 0.0000
202454.5730 0.0000
202101.5797 0.0000
202471.5134 0.0000
202082.1869 0.0000
201573.6453 0.0000
201929.8393 0.0000
202662.4042 0.0000
202471.3231 0.0000
202367.1090 0.0000
202874.6180 0.0000
202233.0301 0.0000
202126.7099 0.0000
203018.5624 0.0000
203212.9442 0.0000
204138.7312 0.0000
204321.6739 0.0000
204243.3551 0.0000
204890.0203 0.0000
205168.6659 0.0000
204990.6345 0.0000
205507.6727 0.0000
205522.6005 0.0000
205467.9044 0.0000
205196.6099 0.0000
206459.3284 0.0000
206169.4708 0.0000
206080.9950 0.0000
205701.0080 0.0000
206678.8685 0.0000
205944.1476 0.0000
206369.5111 0.0000
206575.0177 0.0000
205853.8953 0.0000
207223.2750 0.0000
207165.9247 0.0000
206790.2588 0.0000
207165.5344 0.0000
207315.7180 0.0000
208098.3491 0.0000
208493.7683 0.0000
208548.5485 0.0000
208839.3603 0.0000
209132.6275 0.0000
209733.9835 0.0000
209204.8282 0.0000
209888.4823 0.0000
210281.6320 0.0000
209889.9550 0.0000
211092.5834 0.0000
210967.6118 0.0000
209940.0621 0.0000
211869.6368 0.0000
211530.0327 0.0000
211497.8723 0.0000
213054.7526 0.0000
213658.2702 0.0000
213130.0562 0.0000
212949.6706 0.0000
212785.2063 0.0000
213297.0387 0.0000
214863.1734 0.0000
214424.4526 0.0000
214371.9540 0.0000
215662.0143 0.0000
214513.6009 0.0000
215387.0343 0.0000
215411.4057 0.0000
214994.0750 0.0000
215478.1427 0.0000
214669.9349 0.0000
214609.1665 0.0000
215839.5949 0.0000
216412.1995 0.0000
215832.4441 0.0000
216687.3885 0.0000
217436.8848 0.0000
216942.1909 0.0000
217548.2874 0.0000
217591.5199 0.0000
217029.4826 0.0000
217597.4433 0.0000
217599.0305 0.0000
216119.7657 0.0000
218276.6029 0.0000
219028.3925 0.0000
219221.9563 0.0000
220058.2929 0.0000
219831.1189 0.0000
219874.5914 0.0000
220687.8327 0.0000
220870.0343 0.0000
220911.0209 0.0000
221196.0944 0.0000
221574.3621 0.0000
222055.2794 0.0000
222267.2001 0.0000
223127.0668 0.0000
222855.5846 0.0000
222309.9853 0.0000
221973.8583 0.0000
222784.6330 0.0000
223157.0526 0.0000
222358.4166 0.0000
223020.9786 0.0000
223281.3673 0.0000
223170.4127 0.0000
223198.4767 0.0000
224087.4766 0.0000
224261.1984 0.0000
224256.1870 0.0000
223991.7259 0.0000
223748.0092 0.0000
224480.8004 0.0000
225057.0272 0.0000
225758.2277 0.0000
226127.1201 0.0000
226318.7584 0.0000
227801.8298 0.0000
227547.8075 0.0000
227687.0129 0.0000
228192.3781 0.0000
227721.1204 0.0000
227307.0963 0.0000
228550.8939 0.0000
228637.7831 0.0000
229442.2367 0.0000
229216.3380 0.0000
230440.7481 0.0000
230305.2812 0.0000
230819.4479 0.0000
231761.4340 0.0000
229858.8044 0.0000
230895.3141 0.0000
231877.7624 0.0000
232718.4404 0.0000
232307.1353 0.0000
231780.1727 0.0000
232635.3207 0.0000
232690.7182 0.0000
232786.2884 0.0000
232730.7430 0.0000
231722.9406 0.0000
231766.6893 0.0000
233484.9731 0.0000
234318.1246 0.0000
234092.6787 0.0000
235042.3352 0.0000
234487.4441 0.0000
235177.1176 0.0000
235684.6227 0.0000
235722.0114 0.0000
236477.1234 0.0000
236207.4085 0.0000
235360.0266 0.0000
236827.1712 0.0000
237184.5467 0.0000
235787.0108 0.0000
236641.5860 0.0000
237007.4325 0.0000
235685.5284 0.0000
237059.1742 0.0000
237183.5447 0.0000
237095.5499 0.0000
237239.4002 0.0000
237211.4004 0.0000
236674.7507 0.0000
237604.3182 0.0000
237809.6481 0.0000
237747.8013 0.0000
238393.3345 0.0000
237591.5707 0.0000
239150.2476 0.0000
238942.0349 0.0000
238454.9756 0.0000
239307.4008 0.0000
239260.9578 0.0000
239286.5816 0.0000
239631.4217 0.0000
239252.2610 0.0000
239861.5658 0.0000
239944.8304 0.0000
239517.7533 0.0000
240259.0676 0.0000
240212.5969 0.0000
240617.4197 0.0000
240367.4988 0.0000
240328.5841 0.0000
240494.8854 0.0000
239517.7344 0.0000
240405.2450 0.0000
241059.4423 0.0000
241625.5013 0.0000
242721.4823 0.0000
242413.5520 0.0000
242878.6980 0.0000
241995.3157 0.0000
242464.9939 0.0000
241856.8229 0.0000
242799.6437 0.0000
242127.0777 0.0000
242681.0731 0.0000
242345.9496 0.0000
243187.7588 0.0000
244112.1325 0.0000
244327.6010 0.0000
243227.5358 0.0000
245454.2400 0.0000
244885.1865 0.0000
245897.6691 0.0000
246532.5664 0.0000
246473.8587 0.0000
246394.0201 0.0000
246501.6278 0.0000
246297.2431 0.0000
246564.6517 0.0000
246273.7316 0.0000
246139.0996 0.0000
246302.9226 0.0000
245896.0630 0.0000
246675.0492 0.0000
247048.7695 0.0000
246567.0215 0.0000
246807.0632 0.0000
245472.2799 0.0000
246299.0849 0.0000
246857.7107 0.0000
247356.3081 0.0000
248136.0326 0.0000
248005.4179 0.0000
247870.4744 0.0000
248456.2288 0.0000
248665.2359 0.0000
248238.9195 0.0000
248474.4125 0.0000
248351.6674 0.0000
248936.0579 0.0000
248902.8313 0.0000
249213.4332 0.0000
249883.3724 0.0000
250388.2602 0.0000
250428.6792 0.0000
250121.4497 0.0000
249604.6369 0.0000
250778.6384 0.0000
250997.0684 0.0000
251501.2731 0.0000
252158.5956 0.0000
251329.0954 0.0000
251804.1423 0.0000
251975.0695 0.0000
251679.6552 0.0000
251903.5159 0.0000
251636.3331 0.0000
252311.0220 0.0000
251853.0843 0.0000
253042.0434 0.0000
252917.2839 0.0000
253259.2590 0.0000
253040.9174 0.0000
254357.0939 0.0000
255252.6528 0.0000
255026.0436 0.0000
255348.0544 0.0000
255253.5059 0.0000
255910.6323 0.0000
255743.1340 0.0000
257059.7622 0.0000
256157.1683 0.0000
255708.0919 0.0000
257808.7592 0.0000
257652.1238 0.0000
258236.0574 0.0000
258279.0646 0.0000
258518.1625 0.0000
258452.9177 0.0000
258552.4698 0.0000
258903.8700 0.0000
258393.1255 0.0000
258133.1729 0.0000
259094.8765 0.0000
259421.0080 0.0000
259749.9132 0.0000
259853.9450 0.0000
259806.3690 0.0000
260823.6404 0.0000
260384.3201 0.0000
260922.9039 0.0000
260553.3247 0.0000
259512.8228 0.0000
260947.0487 0.0000
259950.8930 0.0000
260654.6981 0.0000
260099.2678 0.0000
261156.8913 0.0000
260714.5534 0.0000
260135.9853 0.0000
261374.2599 0.0000
260889.7419 0.0000
260497.3658 0.0000
261350.1412 0.0000
261193.5100 0.0000
260602.6775 0.0000
262576.3199 0.0000
262694.6878 0.0000
262452.6539 0.0000
262997.3480 0.0000
262026.7332 0.0000
263785.2197 0.0000
263777.9326 0.0000
262736.8923 0.0000
263030.7916 0.0000
263440.3116 0.0000
264110.7619 0.0000
263384.6718 0.0000
263873.4179 0.0000
264726.1144 0.0000
265365.4714 0.0000
264751.5664 0.0000
266307.7931 0.0000
266697.8834 0.0000
265942.8186 0.0000
266366.8107 0.0000
265915.5365 0.0000
266300.7627 0.0000
266886.1181 0.0000
267805.6534 0.0000
266876.3053 0.0000
267813.6499 0.0000
267834.4725 0.0000
266886.0921 0.0000
268022.3976 0.0000
269037.1977 0.0000
269533.6008 0.0000
270559.0436 0.0000
270945.8369 0.0000
270853.6773 0.0000
270254.7594 0.0000
271124.9316 0.0000
271196.8706 0.0000
271576.3636 0.0000
272453.3189 0.0000
272102.6128 0.0000
272817.6583 0.0000
273775.8305 0.0000
273507.9067 0.0000
273965.0305 0.0000
273796.4115 0.0000
274882.9537 0.0000
275656.3439 0.0000
276287.1987 0.0000
275940.8942 0.0000
276152.0514 0.0000
275574.9151 0.0000
276902.3030 0.0000
276879.3883 0.0000
276754.4397 0.0000
276492.7197 0.0000
276663.5946 0.0000
277478.8310 0.0000
277248.4038 0.0000
278139.7980 0.0000
278516.7003 0.0000
278353.3520 0.0000
278503.5461 0.0000
278312.6034 0.0000
279343.0666 0.0000
278940.4857 0.0000
280046.5522 0.0000
281100.2126 0.0000
280842.3896 0.0000
281201.6769 0.0000
280057.3891 0.0000
280060.5170 0.0000
281180.6708 0.0000
281256.5229 0.0000
281934.0234 0.0000
281015.9034 0.0000
282128.5059 0.0000
282813.6918 0.0000
283408.2016 0.0000
283415.3114 0.0000
282605.1603 0.0000
283565.1582 0.0000
283711.4954 0.0000
282566.9648 0.0000
284161.5435 0.0000
282743.9628 0.0000
284125.6462 0.0000
284403.9003 0.0000
283830.7793 0.0000
285351.1098 0.0000
285401.0595 0.0000
284500.7771 0.0000
285064.9476 0.0000
285341.2088 0.0000
285765.4973 0.0000
285961.4954 0.0000
284790.2549 0.0000
285153.5669 0.0000
285499.9320 0.0000
286550.8518 0.0000
286980.7438 0.0000
286167.3974 0.0000
287493.9124 0.0000
287109.7097 0.0000
288782.1042 0.0000
289234.7884 0.0000
288705.0540 0.0000
287687.0138 0.0000
290192.0583 0.0000
289923.5915 0.0000
290009.4149 0.0000
290314.2939 0.0000
290005.2194 0.0000
290471.1549 0.0000
290639.3952 0.0000
290069.6563 0.0000
291308.1958 0.0000
