-100.0000 -100.0000
3766.0927 0.0000
4100.0677 0.0000
4817.5559 0.0000
3958.4515 0.0000
5248.2694 0.0000
4598.0962 0.0000
3905.7136 0.0000
5072.0166 0.0000
6219.5592 0.0000
7277.5071 0.0000
6404.6652 0.0000
7433.3381 0.0000
6642.0401 0.0000
7367.2017 0.0000
7860.8780 0.0000
9068.1796 0.0000
9168.8403 0.0000
9286.2367 0.0000
9656.0118 0.0000
10717.3088 0.0000
11046.5873 0.0000
11511.0862 0.0000
10904.5085 0.0000
11946.7415 0.0000
11424.2811 0.0000
11715.0094 0.0000
11457.6063 0.0000
12853.6601 0.0000
12795.7858 0.0000
13957.6218 0.0000
13845.8462 0.0000
13595.7615 0.0000
14433.0250 0.0000
15116.1215 0.0000
14892.9712 0.0000
16108.0778 0.0000
15518.2189 0.0000
16101.2722 0.0000
15500.7138 0.0000
15314.1117 0.0000
17653.4560 0.0000
16904.4035 0.0000
18450.2268 0.0000
19265.5860 0.0000
19595.0933 0.0000
18966.9992 0.0000
20477.1918 0.0000
20769.6443 0.0000
19961.3406 0.0000
21794.2242 0.0000
22253.8366 0.0000
21665.3768 0.0000
21626.6702 0.0000
21328.0090 0.0000
21783.1542 0.0000
22540.4035 0.0000
23239.5221 0.0000
21829.8202 0.0000
23784.9667 0.0000
23306.3644 0.0000
24388.0861 0.0000
25141.4845 0.0000
25072.7537 0.0000
25206.6484 0.0000
25512.0507 0.0000
25893.9634 0.0000
24614.3291 0.0000
24920.4461 0.0000
25734.4399 0.0000
25424.1448 0.0000
26053.1483 0.0000
26673.5804 0.0000
25440.8251 0.0000
26275.4857 0.0000
26627.3389 0.0000
26272.3874 0.0000
26694.0211 0.0000
26971.8620 0.0000
27372.5131 0.0000
27631.8155 0.0000
26977.4923 0.0000
27717.3317 0.0000
26872.1132 0.0000
27254.2933 0.0000
28235.1424 0.0000
27886.6029 0.0000
28140.4221 0.0000
29032.2623 0.0000
28985.9242 0.0000
28664.4314 0.0000
28566.2918 0.0000
29529.6473 0.0000
29399.5711 0.0000
29629.3493 0.0000
29104.8795 0.0000
29671.2009 0.0000
29446.4938 0.0000
29151.6840 0.0000
31017.1089 0.0000
31208.4983 0.0000
32060.8747 0.0000
31537.1236 0.0000
30906.5555 0.0000
32658.2696 0.0000
33583.7979 0.0000
33684.9348 0.0000
33547.8703 0.0000
33678.7921 0.0000
33591.7379 0.0000
34234.8652 0.0000
33826.4320 0.0000
34999.5204 0.0000
35099.4003 0.0000
36183.9798 0.0000
36708.7259 0.0000
36051.7485 0.0000
36356.8530 0.0000
37048.5596 0.0000
37925.6919 0.0000
37769.0922 0.0000
38788.5317 0.0000
39345.5070 0.0000
39813.4871 0.0000
39576.9017 0.0000
40301.1019 0.0000
40054.7565 0.0000
39591.9456 0.0000
40157.2147 0.0000
40641.9671 0.0000
40885.0364 0.0000
40492.9674 0.0000
40972.5583 0.0000
40500.6824 0.0000
41005.3993 0.0000
41085.4969 0.0000
41084.9083 0.0000
40886.7162 0.0000
41901.3347 0.0000
41984.3902 0.0000
41470.3475 0.0000
42507.6506 0.0000
43630.2189 0.0000
43217.1596 0.0000
43034.7460 0.0000
44415.3656 0.0000
43544.0164 0.0000
45004.3681 0.0000
44483.4827 0.0000
44878.1683 0.0000
44758.9774 0.0000
44249.9204 0.0000
45372.5646 0.0000
46556.2536 0.0000
46913.9737 0.0000
47421.3943 0.0000
47805.6977 0.0000
47838.7641 0.0000
47953.3717 0.0000
47697.1739 0.0000
47841.5285 0.0000
47167.0570 0.0000
48162.5608 0.0000
48119.6764 0.0000
49116.2571 0.0000
48810.7548 0.0000
49442.4071 0.0000
49648.3121 0.0000
49519.3938 0.0000
49459.0029 0.0000
49532.6896 0.0000
49390.3470 0.0000
49482.0743 0.0000
49855.9769 0.0000
51091.9280 0.0000
51609.8233 0.0000
51288.6646 0.0000
52201.9347 0.0000
53397.2382 0.0000
53110.5834 0.0000
53432.9465 0.0000
53433.9373 0.0000
53427.4354 0.0000
53689.7481 0.0000
52985.3673 0.0000
53445.8617 0.0000
54436.7596 0.0000
54767.4709 0.0000
54599.9114 0.0000
55147.5070 0.0000
55347.5819 0.0000
54793.0250 0.0000
55353.9367 0.0000
55291.5829 0.0000
55509.8332 0.0000
55089.6715 0.0000
54724.3679 0.0000
55951.8446 0.0000
55943.9104 0.0000
57279.8812 0.0000
57758.9040 0.0000
58091.0516 0.0000
56111.9434 0.0000
58566.4081 0.0000
58908.2759 0.0000
59063.2095 0.0000
58609.1051 0.0000
59302.3492 0.0000
58916.5374 0.0000
59383.7790 0.0000
58768.3147 0.0000
59605.3696 0.0000
59733.4643 0.0000
59246.2035 0.0000
59791.0536 0.0000
60227.8228 0.0000
59729.8960 0.0000
60434.6103 0.0000
60851.7705 0.0000
59993.1659 0.0000
60492.5519 0.0000
61379.2432 0.0000
61770.3818 0.0000
62165.5893 0.0000
62384.3969 0.0000
63257.6941 0.0000
63602.2670 0.0000
63120.5302 0.0000
63263.1168 0.0000
62391.8592 0.0000
63549.9104 0.0000
63318.0731 0.0000
62886.6759 0.0000
63960.7014 0.0000
64449.8388 0.0000
64681.2314 0.0000
65171.5578 0.0000
65538.5120 0.0000
65961.3710 0.0000
65218.4089 0.0000
66526.3423 0.0000
66414.0978 0.0000
65915.2346 0.0000
66972.9968 0.0000
66375.5420 0.0000
67782.6501 0.0000
67517.1508 0.0000
67717.1824 0.0000
67592.4151 0.0000
67745.8121 0.0000
67899.2096 0.0000
68808.9917 0.0000
68084.4819 0.0000
67806.8555 0.0000
69163.9769 0.0000
69286.4834 0.0000
68946.0849 0.0000
69112.1986 0.0000
68671.3121 0.0000
68842.9707 0.0000
69762.1609 0.0000
69660.7360 0.0000
70054.5293 0.0000
69498.7436 0.0000
70789.1487 0.0000
70488.7637 0.0000
70374.8745 0.0000
71236.0043 0.0000
70157.6153 0.0000
71245.3246 0.0000
69858.5841 0.0000
71209.6302 0.0000
70586.2528 0.0000
71009.0579 0.0000
70188.9952 0.0000
71011.0032 0.0000
71254.2828 0.0000
71328.1573 0.0000
71314.1090 0.0000
71916.8997 0.0000
72057.7035 0.0000
73199.5388 0.0000
73230.4808 0.0000
72649.0949 0.0000
71891.2920 0.0000
73400.3219 0.0000
74236.9819 0.0000
73467.0771 0.0000
74002.2061 0.0000
74127.8905 0.0000
73679.6867 0.0000
74389.3997 0.0000
75172.4152 0.0000
75099.0588 0.0000
73951.5509 0.0000
75193.7973 0.0000
74610.7300 0.0000
75631.2504 0.0000
75951.3608 0.0000
77079.6566 0.0000
76966.6154 0.0000
76327.3540 0.0000
77601.5726 0.0000
77232.3966 0.0000
78935.2225 0.0000
78471.9221 0.0000
78644.9390 0.0000
80492.9570 0.0000
81512.6703 0.0000
82990.4932 0.0000
82180.2409 0.0000
82792.9654 0.0000
82686.4834 0.0000
83116.8759 0.0000
83449.1194 0.0000
84554.3577 0.0000
83952.5951 0.0000
83962.5296 0.0000
83783.2476 0.0000
83564.9140 0.0000
84701.3914 0.0000
84093.7524 0.0000
85276.0044 0.0000
84845.3526 0.0000
84793.6048 0.0000
85654.7926 0.0000
85847.9023 0.0000
86847.1054 0.0000
87746.4044 0.0000
87393.5004 0.0000
87194.7326 0.0000
87569.1231 0.0000
88233.4360 0.0000
89364.2313 0.0000
88307.7231 0.0000
90584.0477 0.0000
91403.5225 0.0000
91943.2467 0.0000
90944.3495 0.0000
91339.4792 0.0000
92330.3071 0.0000
92237.4180 0.0000
90822.9152 0.0000
92434.0226 0.0000
92048.8853 0.0000
92017.9157 0.0000
91934.3354 0.0000
92481.9158 0.0000
93128.1049 0.0000
93152.7773 0.0000
92910.7065 0.0000
92173.3577 0.0000
93273.4899 0.0000
93289.2014 0.0000
93945.8565 0.0000
94780.5348 0.0000
94129.4303 0.0000
95897.4800 0.0000
96073.2418 0.0000
95758.7507 0.0000
96250.3091 0.0000
96545.1911 0.0000
96657.9513 0.0000
96927.7446 0.0000
96890.5638 0.0000
97231.1183 0.0000
96954.9046 0.0000
97273.6766 0.0000
97274.2743 0.0000
98236.0528 0.0000
99487.8442 0.0000
99666.2314 0.0000
99908.0393 0.0000
99654.0232 0.0000
100580.6391 0.0000
100563.9290 0.0000
100919.3700 0.0000
100780.9291 0.0000
100431.5050 0.0000
100816.6329 0.0000
102849.9182 0.0000
102618.0033 0.0000
103555.9201 0.0000
104191.2036 0.0000
104469.9115 0.0000
103875.6382 0.0000
104014.2107 0.0000
103880.6360 0.0000
104007.7712 0.0000
103573.3457 0.0000
103704.7457 0.0000
103948.2485 0.0000
104674.4515 0.0000
104878.4137 0.0000
104613.1455 0.0000
104499.7937 0.0000
104401.1154 0.0000
104844.5301 0.0000
104534.2007 0.0000
105399.7208 0.0000
105641.4166 0.0000
105851.3715 0.0000
105273.9836 0.0000
104948.2459 0.0000
105785.9317 0.0000
105829.1567 0.0000
105193.0469 0.0000
105876.2888 0.0000
105638.5477 0.0000
106618.4885 0.0000
106477.2243 0.0000
106991.1974 0.0000
106241.9643 0.0000
107077.1572 0.0000
107437.0951 0.0000
108136.3782 0.0000
108199.5916 0.0000
108637.8011 0.0000
108045.0364 0.0000
108690.5931 0.0000
107903.8573 0.0000
108906.9363 0.0000
108416.9887 0.0000
107253.8952 0.0000
109507.1159 0.0000
109458.7426 0.0000
110154.3449 0.0000
108743.9218 0.0000
109623.4320 0.0000
109324.2560 0.0000
110251.1543 0.0000
110524.8902 0.0000
110733.4586 0.0000
110521.4483 0.0000
110718.2147 0.0000
110630.3952 0.0000
110614.6766 0.0000
111881.1660 0.0000
113080.7826 0.0000
113666.3777 0.0000
113785.8997 0.0000
114673.6376 0.0000
115058.8031 0.0000
114450.6843 0.0000
114727.8906 0.0000
115437.4481 0.0000
114340.3670 0.0000
115489.6523 0.0000
116050.8766 0.0000
116210.3464 0.0000
116232.3773 0.0000
116556.6379 0.0000
116316.1441 0.0000
116474.0494 0.0000
116708.9203 0.0000
117696.1314 0.0000
116884.7519 0.0000
118180.6247 0.0000
118032.5716 0.0000
118383.9531 0.0000
118740.6637 0.0000
118853.0642 0.0000
118130.3645 0.0000
118686.3101 0.0000
118276.3873 0.0000
118304.1610 0.0000
118615.9596 0.0000
118793.5054 0.0000
118892.4927 0.0000
118365.2888 0.0000
118489.7976 0.0000
119488.0975 0.0000
119546.8945 0.0000
118792.4623 0.0000
120190.8444 0.0000
120403.2485 0.0000
120286.2762 0.0000
120177.3818 0.0000
121200.5212 0.0000
121638.4679 0.0000
121390.1584 0.0000
121304.4760 0.0000
121743.0078 0.0000
121202.4928 0.0000
121943.5984 0.0000
120967.1388 0.0000
122176.6324 0.0000
121605.9031 0.0000
121897.4691 0.0000
122050.9629 0.0000
121674.0005 0.0000
121675.9860 0.0000
121912.7387 0.0000
122365.8640 0.0000
121448.5637 0.0000
122740.1541 0.0000
123497.0226 0.0000
123213.9204 0.0000
123711.4905 0.0000
124083.6905 0.0000
125200.3450 0.0000
124197.4786 0.0000
124906.2781 0.0000
125265.2102 0.0000
124921.3716 0.0000
125774.0067 0.0000
125271.2395 0.0000
125337.3520 0.0000
125655.3416 0.0000
126057.0689 0.0000
125714.2163 0.0000
125408.4281 0.0000
125909.9356 0.0000
126669.4857 0.0000
126699.1357 0.0000
127103.7634 0.0000
126262.8428 0.0000
127159.3389 0.0000
127132.6937 0.0000
127445.4239 0.0000
127668.3164 0.0000
127532.2521 0.0000
127899.1126 0.0000
127749.8325 0.0000
127632.8608 0.0000
128683.1908 0.0000
128805.3131 0.0000
129186.8383 0.0000
129615.5249 0.0000
129518.7704 0.0000
130341.5371 0.0000
129736.7207 0.0000
129783.2895 0.0000
129783.8515 0.0000
129098.6224 0.0000
130438.0960 0.0000
130457.1777 0.0000
131258.9462 0.0000
131479.0192 0.0000
130872.8369 0.0000
131864.1772 0.0000
131739.4872 0.0000
132161.3939 0.0000
131450.6052 0.0000
132288.4185 0.0000
131546.6840 0.0000
132175.7030 0.0000
132251.9736 0.0000
131811.4577 0.0000
133051.5275 0.0000
132566.4934 0.0000
134196.9723 0.0000
133550.7329 0.0000
134066.9190 0.0000
135063.0066 0.0000
135355.7229 0.0000
135508.0197 0.0000
135211.9481 0.0000
135476.6090 0.0000
133716.6228 0.0000
135481.8637 0.0000
135273.5247 0.0000
136133.9203 0.0000
136341.1447 0.0000
136585.9218 0.0000
136714.2511 0.0000
135919.5642 0.0000
137040.6658 0.0000
136750.4310 0.0000
136921.4000 0.0000
136772.3837 0.0000
136587.8040 0.0000
136469.3298 0.0000
135761.7001 0.0000
137100.3529 0.0000
138676.4933 0.0000
139307.4664 0.0000
138555.1935 0.0000
139773.7085 0.0000
138785.1459 0.0000
140357.2247 0.0000
139845.4258 0.0000
140261.1489 0.0000
140624.9812 0.0000
140125.3800 0.0000
141031.9717 0.0000
140120.6988 0.0000
140658.8326 0.0000
141211.5680 0.0000
141888.8634 0.0000
141934.7212 0.0000
141657.6121 0.0000
142150.4036 0.0000
142227.4999 0.0000
141601.6960 0.0000
141690.0423 0.0000
143474.7652 0.0000
143724.5377 0.0000
143140.2896 0.0000
143054.4035 0.0000
143657.1904 0.0000
144257.7354 0.0000
144257.5129 0.0000
145310.6135 0.0000
146106.1720 0.0000
145352.6441 0.0000
145142.2019 0.0000
146356.9789 0.0000
146017.6784 0.0000
146666.9518 0.0000
147664.9042 0.0000
148178.7303 0.0000
148846.7604 0.0000
148304.4912 0.0000
149227.3522 0.0000
148361.0993 0.0000
147963.4185 0.0000
149440.3625 0.0000
149004.7121 0.0000
149471.3487 0.0000
149695.7167 0.0000
150097.7687 0.0000
149459.1886 0.0000
150564.8044 0.0000
151046.2908 0.0000
151092.7032 0.0000
150409.3137 0.0000
152965.4150 0.0000
153307.2989 0.0000
153316.2265 0.0000
152062.8200 0.0000
153777.3138 0.0000
154978.5638 0.0000
156053.5779 0.0000
154983.7533 0.0000
156881.0959 0.0000
157081.8478 0.0000
158194.0756 0.0000
157922.8987 0.0000
157312.3207 0.0000
157986.4001 0.0000
158260.1524 0.0000
158315.2693 0.0000
158899.4868 0.0000
158251.6953 0.0000
159047.9982 0.0000
158632.7502 0.0000
158639.0551 0.0000
158552.4868 0.0000
158592.6552 0.0000
159040.9959 0.0000
159295.9087 0.0000
159904.8594 0.0000
158820.8883 0.0000
160607.5486 0.0000
160491.4986 0.0000
161000.6546 0.0000
161746.4258 0.0000
162135.5159 0.0000
162757.2127 0.0000
164143.6130 0.0000
164079.0979 0.0000
164186.8105 0.0000
164503.0517 0.0000
165541.1886 0.0000
164621.0552 0.0000
164976.3576 0.0000
165522.8440 0.0000
165165.9737 0.0000
164582.0691 0.0000
166362.4992 0.0000
166658.8203 0.0000
166586.8722 0.0000
166031.9131 0.0000
166676.8324 0.0000
167199.0308 0.0000
167677.0706 0.0000
167076.3694 0.0000
167832.1047 0.0000
167901.4997 0.0000
168591.8466 0.0000
167917.9320 0.0000
168798.4759 0.0000
169521.6151 0.0000
169367.4222 0.0000
169354.9752 0.0000
169298.7225 0.0000
170348.2515 0.0000
170156.4109 0.0000
169550.4684 0.0000
170652.8535 0.0000
170060.4041 0.0000
171846.2898 0.0000
171534.5875 0.0000
171914.7171 0.0000
171857.1210 0.0000
170884.6386 0.0000
171661.2063 0.0000
171995.4194 0.0000
172145.1732 0.0000
173758.6668 0.0000
174063.1005 0.0000
174538.0040 0.0000
175040.5239 0.0000
175441.4347 0.0000
174725.4540 0.0000
174887.4807 0.0000
175345.8023 0.0000
175896.6434 0.0000
175610.0132 0.0000
175579.9769 0.0000
176269.9247 0.0000
176262.8252 0.0000
176374.9368 0.0000
175988.1682 0.0000
176333.0976 0.0000
176067.0260 0.0000
176312.0160 0.0000
175940.6340 0.0000
176250.3830 0.0000
175683.2983 0.0000
176734.5232 0.0000
176708.1547 0.0000
176449.8328 0.0000
176447.4085 0.0000
175683.2281 0.0000
176602.0377 0.0000
176679.9268 0.0000
175469.0513 0.0000
176597.1904 0.0000
176442.4774 0.0000
177056.3672 0.0000
177833.8028 0.0000
178419.8367 0.0000
179174.0230 0.0000
180398.9720 0.0000
180544.0268 0.0000
180870.1537 0.0000
180762.5439 0.0000
180239.8239 0.0000
180872.1981 0.0000
180667.8320 0.0000
180037.8729 0.0000
181612.8143 0.0000
181478.7491 0.0000
182084.1662 0.0000
182375.7569 0.0000
182251.2900 0.0000
181513.0982 0.0000
181727.4834 0.0000
182676.5519 0.0000
181261.5126 0.0000
183445.8687 0.0000
182691.7448 0.0000
183443.3334 0.0000
183164.8952 0.0000
183420.7743 0.0000
183250.4160 0.0000
183635.9781 0.0000
184193.4992 0.0000
185605.7535 0.0000
185594.0411 0.0000
185557.4753 0.0000
185243.2149 0.0000
185727.7715 0.0000
186330.6281 0.0000
186992.0050 0.0000
186625.7264 0.0000
185964.9709 0.0000
186426.5055 0.0000
186852.3649 0.0000
187390.9412 0.0000
187915.7721 0.0000
188282.9054 0.0000
189406.6906 0.0000
188105.1649 0.0000
189234.0184 0.0000
189346.3878 0.0000
188490.1786 0.0000
189207.2275 0.0000
189940.2276 0.0000
189186.1141 0.0000
189336.7777 0.0000
189829.2763 0.0000
189630.1932 0.0000
190384.2221 0.0000
190320.6304 0.0000
190904.0301 0.0000
190340.9247 0.0000
190764.8830 0.0000
191474.5223 0.0000
191434.3518 0.0000
191263.1593 0.0000
191454.4177 0.0000
192788.4140 0.0000
193038.4473 0.0000
194124.8359 0.0000
193809.7640 0.0000
193364.7427 0.0000
194633.5829 0.0000
194311.4967 0.0000
194182.4891 0.0000
194162.6829 0.0000
194815.2158 0.0000
194851.0203 0.0000
195329.1608 0.0000
195723.4821 0.0000
194725.4754 0.0000
194988.6331 0.0000
196487.1019 0.0000
197082.4938 0.0000
195946.5338 0.0000
196683.6781 0.0000
197440.8024 0.0000
197524.4249 0.0000
197688.2909 0.0000
197234.8694 0.0000
197407.6379 0.0000
197381.6412 0.0000
199168.6776 0.0000
199413.6834 0.0000
199911.8883 0.0000
200152.8398 0.0000
200621.7727 0.0000
202019.5442 0.0000
201960.8678 0.0000
201788.6055 0.0000
201795.9167 0.0000
201259.6656 0.0000
202007.2396 0.0000
201716.8542 0.0000
200897.1748 0.0000
202505.7980 0.0000
202152.8046 0.0000
202522.7384 0.0000
202133.4119 0.0000
201624.8703 0.0000
201981.0643 0.0000
202713.6291 0.0000
202522.5480 0.0000
202418.3339 0.0000
202925.8429 0.0000
202284.2551 0.0000
202177.9348 0.0000
203069.7873 0.0000
203264.1692 0.0000
204189.9561 0.0000
204372.8988 0.0000
204294.5801 0.0000
204941.2453 0.0000
205219.8908 0.0000
205041.8595 0.0000
205558.8976 0.0000
205573.8255 0.0000
205519.1294 0.0000
205247.8348 0.0000
206510.5534 0.0000
206220.6957 0.0000
206132.2199 0.0000
205752.2330 0.0000
206730.0934 0.0000
205995.3725 0.0000
206420.7361 0.0000
206626.2427 0.0000
205905.1202 0.0000
207274.5000 0.0000
207217.1497 0.0000
206841.4837 0.0000
207216.7594 0.0000
207366.9429 0.0000
208149.5740 0.0000
208544.9933 0.0000
208599.7734 0.0000
208890.5852 0.0000
209183.8524 0.0000
209785.2085 0.0000
209256.0532 0.0000
209939.7072 0.0000
210332.8570 0.0000
209941.1800 0.0000
211143.8084 0.0000
211018.8367 0.0000
209991.2870 0.0000
211920.8618 0.0000
211581.2576 0.0000
211549.0973 0.0000
213105.9775 0.0000
213709.4952 0.0000
213181.2811 0.0000
213000.8955 0.0000
212836.4313 0.0000
213348.2637 0.0000
214914.3983 0.0000
214475.6776 0.0000
214423.1789 0.0000
215713.2393 0.0000
214564.8258 0.0000
215438.2593 0.0000
215462.6307 0.0000
215045.3000 0.0000
215529.3677 0.0000
214721.1598 0.0000
214660.3914 0.0000
215890.8199 0.0000
216463.4244 0.0000
215883.6691 0.0000
216738.6134 0.0000
217488.1097 0.0000
216993.4159 0.0000
217599.5123 0.0000
217642.7448 0.0000
217080.7075 0.0000
217648.6683 0.0000
217650.2554 0.0000
216170.9906 0.0000
218327.8278 0.0000
219079.6174 0.0000
219273.1812 0.0000
220109.5179 0.0000
219882.3438 0.0000
219925.8164 0.0000
220739.0576 0.0000
220921.2593 0.0000
220962.2459 0.0000
221247.3193 0.0000
221625.5871 0.0000
222106.5043 0.0000
222318.4251 0.0000
223178.2918 0.0000
222906.8095 0.0000
222361.2103 0.0000
222025.0833 0.0000
222835.8579 0.0000
223208.2775 0.0000
222409.6416 0.0000
223072.2035 0.0000
223332.5923 0.0000
223221.6377 0.0000
223249.7017 0.0000
224138.7015 0.0000
224312.4234 0.0000
224307.4120 0.0000
224042.9508 0.0000
223799.2341 0.0000
224532.0254 0.0000
225108.2522 0.0000
225809.4527 0.0000
226178.3451 0.0000
226369.9833 0.0000
227853.0548 0.0000
227599.0324 0.0000
227738.2379 0.0000
228243.6031 0.0000
227772.3454 0.0000
227358.3212 0.0000
228602.1189 0.0000
228689.0081 0.0000
229493.4617 0.0000
229267.5630 0.0000
230491.9731 0.0000
230356.5062 0.0000
230870.6729 0.0000
231812.6589 0.0000
229910.0294 0.0000
230946.5390 0.0000
231928.9873 0.0000
232769.6654 0.0000
232358.3603 0.0000
231831.3976 0.0000
232686.5457 0.0000
232741.9431 0.0000
232837.5134 0.0000
232781.9679 0.0000
231774.1656 0.0000
231817.9142 0.0000
233536.1981 0.0000
234369.3495 0.0000
234143.9037 0.0000
235093.5602 0.0000
234538.6690 0.0000
235228.3425 0.0000
235735.8477 0.0000
235773.2363 0.0000
236528.3484 0.0000
236258.6335 0.0000
235411.2516 0.0000
236878.3961 0.0000
237235.7716 0.0000
235838.2357 0.0000
236692.8110 0.0000
237058.6574 0.0000
235736.7534 0.0000
237110.3992 0.0000
237234.7697 0.0000
237145.7729 0.0000
237289.6232 0.0000
237261.6234 0.0000
236724.9737 0.0000
237654.5412 0.0000
237859.8711 0.0000
237798.0243 0.0000
238443.5575 0.0000
237641.7936 0.0000
239200.4705 0.0000
238992.2579 0.0000
238505.1986 0.0000
239357.6238 0.0000
239311.1808 0.0000
239336.8046 0.0000
239681.6446 0.0000
239302.4840 0.0000
239911.7888 0.0000
239995.0534 0.0000
239567.9762 0.0000
240309.2906 0.0000
240262.8199 0.0000
240667.6426 0.0000
240417.7218 0.0000
240378.8071 0.0000
240545.1084 0.0000
239567.9574 0.0000
240455.4680 0.0000
241109.6652 0.0000
241675.7243 0.0000
242771.7053 0.0000
242463.7750 0.0000
242928.9210 0.0000
242045.5387 0.0000
242515.2169 0.0000
241907.0459 0.0000
242849.8667 0.0000
242177.3007 0.0000
242731.2961 0.0000
242396.1726 0.0000
243237.9818 0.0000
244162.3555 0.0000
244377.8239 0.0000
243277.7588 0.0000
245504.4630 0.0000
244935.4095 0.0000
245947.8921 0.0000
246582.7894 0.0000
246524.0816 0.0000
246444.2430 0.0000
246551.8508 0.0000
246347.4661 0.0000
246614.8746 0.0000
246323.9545 0.0000
246189.3226 0.0000
246353.1456 0.0000
245946.2860 0.0000
246725.2722 0.0000
247098.9925 0.0000
246617.2444 0.0000
246857.2862 0.0000
245522.5029 0.0000
246349.3078 0.0000
246907.9337 0.0000
247406.5311 0.0000
248186.2556 0.0000
248055.6409 0.0000
247920.6974 0.0000
248506.4518 0.0000
248715.4589 0.0000
248289.1424 0.0000
248524.6355 0.0000
248401.8904 0.0000
248986.2809 0.0000
248953.0543 0.0000
249263.6562 0.0000
249933.5954 0.0000
250438.4832 0.0000
250478.9022 0.0000
250171.6727 0.0000
249654.8599 0.0000
250828.8614 0.0000
251047.2914 0.0000
251551.4961 0.0000
252208.8186 0.0000
251379.3183 0.0000
251854.3653 0.0000
252025.2925 0.0000
251729.8782 0.0000
251953.7389 0.0000
251686.5561 0.0000
252361.2449 0.0000
251903.3072 0.0000
253092.2664 0.0000
252967.5069 0.0000
253309.4819 0.0000
253091.1404 0.0000
254407.3169 0.0000
255302.8757 0.0000
255076.2666 0.0000
255398.2774 0.0000
255303.7289 0.0000
255960.8553 0.0000
255793.3570 0.0000
257109.9852 0.0000
256207.3913 0.0000
255758.3149 0.0000
257858.9822 0.0000
257702.3468 0.0000
258286.2803 0.0000
258329.2875 0.0000
258568.3855 0.0000
258503.1406 0.0000
258602.6928 0.0000
258954.0929 0.0000
258443.3484 0.0000
258183.3959 0.0000
259145.0995 0.0000
259471.2309 0.0000
259800.1362 0.0000
259904.1680 0.0000
259856.5920 0.0000
260873.8634 0.0000
260434.5430 0.0000
260973.1269 0.0000
260603.5477 0.0000
259563.0458 0.0000
260997.2717 0.0000
260001.1160 0.0000
260704.9211 0.0000
260149.4907 0.0000
261207.1143 0.0000
260764.7764 0.0000
260186.2083 0.0000
261424.4829 0.0000
260939.9649 0.0000
260547.5888 0.0000
261400.3642 0.0000
261243.7330 0.0000
260652.9005 0.0000
262626.5429 0.0000
262744.9108 0.0000
262502.8769 0.0000
263047.5709 0.0000
262076.9561 0.0000
263835.4427 0.0000
263828.1555 0.0000
262787.1153 0.0000
263081.0146 0.0000
263490.5346 0.0000
264160.9849 0.0000
263434.8948 0.0000
263923.6408 0.0000
264776.3373 0.0000
265415.6943 0.0000
264801.7894 0.0000
266358.0160 0.0000
266748.1064 0.0000
265993.0415 0.0000
266417.0337 0.0000
265965.7595 0.0000
266350.9857 0.0000
266936.3411 0.0000
267855.8763 0.0000
266926.5282 0.0000
267863.8729 0.0000
267884.6955 0.0000
266936.3150 0.0000
268072.6205 0.0000
269087.4207 0.0000
269583.8238 0.0000
270609.2666 0.0000
270996.0599 0.0000
270903.9003 0.0000
270304.9824 0.0000
271175.1546 0.0000
271247.0936 0.0000
271626.5866 0.0000
272503.5419 0.0000
272152.8358 0.0000
272867.8813 0.0000
273826.0534 0.0000
273558.1297 0.0000
274015.2535 0.0000
273846.6345 0.0000
274933.1767 0.0000
275706.5669 0.0000
276337.4217 0.0000
275991.1171 0.0000
276202.2744 0.0000
275625.1381 0.0000
276952.5259 0.0000
276929.6113 0.0000
276804.6627 0.0000
276542.9426 0.0000
276713.8176 0.0000
277529.0540 0.0000
277298.6268 0.0000
278190.0210 0.0000
278566.9233 0.0000
278403.5750 0.0000
278553.7691 0.0000
278362.8264 0.0000
279393.2896 0.0000
278990.7087 0.0000
280096.7752 0.0000
281150.4356 0.0000
280892.6126 0.0000
281251.8998 0.0000
280107.6121 0.0000
280110.7400 0.0000
281230.8938 0.0000
281306.7459 0.0000
281984.2464 0.0000
281066.1264 0.0000
282178.7289 0.0000
282863.9148 0.0000
283458.4246 0.0000
283465.5343 0.0000
282655.3833 0.0000
283615.3812 0.0000
283761.7184 0.0000
282617.1877 0.0000
284211.7665 0.0000
282794.1858 0.0000
284175.8692 0.0000
284454.1233 0.0000
283881.0023 0.0000
285401.3328 0.0000
285451.2824 0.0000
284551.0001 0.0000
285115.1705 0.0000
285391.4318 0.0000
285815.7203 0.0000
286011.7183 0.0000
284840.4779 0.0000
285203.7898 0.0000
285550.1549 0.0000
286601.0748 0.0000
287030.9668 0.0000
286217.6203 0.0000
287544.1354 0.0000
287159.9327 0.0000
288832.3272 0.0000
289285.0114 0.0000
288755.2769 0.0000
287737.2368 0.0000
290242.2813 0.0000
289973.8145 0.0000
290059.6379 0.0000
290364.5169 0.0000
290055.4424 0.0000
290521.3779 0.0000
290689.6182 0.0000
290119.8793 0.0000
291358.4187 0.0000
