0.0123 0.0168 0.0664 0.3381 0.6124 0.4860 0.1509 0.0336 0.0107 0.0222
0.0472 0.1657 0.3931 0.4989 0.3590 0.1486 0.0379 0.0262 0.0398 0.1815
0.1654 0.3968 0.5001 0.3886 0.1664 0.0762 0.0380 0.0577 0.1480 0.3926
0.6319 0.5044 0.2076 0.0820 0.0390 0.0698 0.1803 0.4277 0.6376 0.4625
0.5145 0.2508 0.0779 0.0534 0.0552 0.1409 0.3359 0.5042 0.5271 0.2325
0.2168 0.0304 0.0100 0.0291 0.1383 0.4564 0.6825 0.5629 0.2306 0.0324
0.0948 0.0211 0.0142 0.0584 0.2478 0.5000 0.5507 0.3268 0.0965 0.0242
0.0119 0.0150 0.0590 0.3251 0.6196 0.5065 0.1637 0.0352 0.0103 0.0199
0.0333 0.0967 0.2731 0.4608 0.4237 0.2107 0.0537 0.0274 0.0283 0.1110
0.1121 0.3682 0.5593 0.4826 0.2178 0.0792 0.0278 0.0359 0.0969 0.3717
0.5929 0.5067 0.2355 0.0972 0.0438 0.0682 0.1550 0.3733 0.5953 0.4673
0.5923 0.3700 0.1230 0.0618 0.0441 0.1002 0.2634 0.4891 0.6027 0.3383
0.2369 0.0367 0.0118 0.0305 0.1283 0.4234 0.6572 0.5596 0.2512 0.0386
0.1541 0.0236 0.0101 0.0361 0.1796 0.4940 0.6558 0.4799 0.1622 0.0260
0.0124 0.0142 0.0527 0.3042 0.6120 0.5181 0.1797 0.0389 0.0108 0.0189
0.0206 0.0431 0.1478 0.4049 0.5159 0.3262 0.0875 0.0297 0.0176 0.0529
0.0856 0.3317 0.5702 0.5284 0.2579 0.0859 0.0248 0.0279 0.0726 0.3405
0.4835 0.4869 0.2913 0.1397 0.0596 0.0690 0.1131 0.2614 0.4779 0.4551
0.6362 0.4535 0.1618 0.0681 0.0385 0.0806 0.2227 0.4771 0.6450 0.4137
0.2879 0.0572 0.0178 0.0343 0.1077 0.3477 0.5908 0.5483 0.3029 0.0582
0.1879 0.0250 0.0089 0.0296 0.1551 0.4889 0.6940 0.5461 0.1999 0.0271
0.0158 0.0146 0.0439 0.2541 0.5678 0.5205 0.2162 0.0524 0.0141 0.0190
0.0145 0.0232 0.0888 0.3639 0.5831 0.4295 0.1243 0.0316 0.0124 0.0299
0.0693 0.2826 0.5406 0.5393 0.2918 0.0983 0.0258 0.0251 0.0584 0.2952
0.3211 0.4542 0.3880 0.2330 0.0950 0.0706 0.0684 0.1375 0.3055 0.4344
0.6536 0.4992 0.1893 0.0733 0.0365 0.0715 0.1993 0.4633 0.6612 0.4560
0.3924 0.1219 0.0368 0.0425 0.0782 0.2314 0.4651 0.5274 0.4072 0.1178
0.2008 0.0262 0.0088 0.0282 0.1472 0.4828 0.7007 0.5637 0.2141 0.0282
0.0316 0.0165 0.0282 0.1504 0.4382 0.5153 0.3297 0.1126 0.0297 0.0206
0.0119 0.0164 0.0660 0.3409 0.6181 0.4899 0.1505 0.0330 0.0103 0.0217
0.0523 0.1964 0.4408 0.5157 0.3406 0.1312 0.0331 0.0253 0.0440 0.2121
0.1735 0.4102 0.5068 0.3855 0.1605 0.0737 0.0377 0.0593 0.1556 0.4047
0.6423 0.5162 0.2120 0.0815 0.0377 0.0679 0.1788 0.4325 0.6481 0.4732
0.5296 0.2710 0.0848 0.0548 0.0529 0.1324 0.3220 0.5020 0.5419 0.2504
0.2133 0.0292 0.0096 0.0287 0.1402 0.4637 0.6888 0.5651 0.2271 0.0312
0.0971 0.0210 0.0137 0.0564 0.2443 0.5023 0.5599 0.3361 0.0991 0.0240
0.0114 0.0143 0.0573 0.3258 0.6270 0.5145 0.1657 0.0347 0.0099 0.0191
0.0308 0.0859 0.2516 0.4539 0.4386 0.2259 0.0575 0.0275 0.0262 0.0996
0.1033 0.3685 0.5801 0.5079 0.2296 0.0784 0.0253 0.0318 0.0885 0.3733
0.5714 0.5093 0.2530 0.1069 0.0466 0.0671 0.1418 0.3442 0.5718 0.4711
0.6231 0.4249 0.1472 0.0655 0.0401 0.0868 0.2369 0.4831 0.6326 0.3877
0.2479 0.0405 0.0129 0.0312 0.1234 0.4062 0.6433 0.5575 0.2624 0.0423
0.1737 0.0241 0.0091 0.0316 0.1645 0.4939 0.6831 0.5231 0.1842 0.0263
0.0125 0.0139 0.0506 0.2978 0.6109 0.5233 0.1855 0.0401 0.0109 0.0184
0.0170 0.0312 0.1140 0.3846 0.5526 0.3791 0.1049 0.0304 0.0146 0.0392
0.0790 0.3267 0.5818 0.5472 0.2705 0.0865 0.0233 0.0253 0.0666 0.3368
0.4029 0.4777 0.3442 0.1832 0.0747 0.0685 0.0866 0.1910 0.3914 0.4514
0.6582 0.5003 0.1875 0.0721 0.0359 0.0714 0.2017 0.4690 0.6660 0.4567
0.3528 0.0932 0.0283 0.0393 0.0879 0.2703 0.5112 0.5352 0.3679 0.0917
0.1973 0.0254 0.0086 0.0282 0.1493 0.4877 0.7033 0.5628 0.2104 0.0274
0.0223 0.0153 0.0347 0.1958 0.5034 0.5201 0.2716 0.0779 0.0205 0.0195
0.0122 0.0172 0.0691 0.3459 0.6149 0.4816 0.1458 0.0324 0.0105 0.0226
0.0604 0.2427 0.5015 0.5341 0.3153 0.1114 0.0282 0.0246 0.0507 0.2572
0.1998 0.4257 0.4899 0.3547 0.1440 0.0718 0.0416 0.0699 0.1813 0.4169
0.6516 0.5233 0.2124 0.0800 0.0367 0.0668 0.1801 0.4399 0.6578 0.4793
0.5267 0.2666 0.0832 0.0544 0.0533 0.1341 0.3251 0.5028 0.5391 0.2465
0.2095 0.0280 0.0092 0.0283 0.1423 0.4709 0.6945 0.5664 0.2233 0.0300
0.0893 0.0204 0.0143 0.0607 0.2570 0.5047 0.5440 0.3141 0.0906 0.0235
0.0111 0.0141 0.0573 0.3289 0.6316 0.5169 0.1647 0.0340 0.0096 0.0188
0.0335 0.0993 0.2805 0.4658 0.4227 0.2071 0.0522 0.0269 0.0284 0.1138
0.1055 0.3788 0.5900 0.5112 0.2265 0.0763 0.0246 0.0317 0.0904 0.3829
0.5715 0.5147 0.2587 0.1087 0.0465 0.0661 0.1387 0.3402 0.5717 0.4764
0.6392 0.4547 0.1613 0.0675 0.0382 0.0804 0.2239 0.4802 0.6481 0.4147
0.2534 0.0425 0.0135 0.0316 0.1210 0.3978 0.6362 0.5565 0.2680 0.0442
0.1797 0.0242 0.0088 0.0304 0.1604 0.4942 0.6912 0.5358 0.1910 0.0263
0.0124 0.0137 0.0500 0.2966 0.6115 0.5252 0.1869 0.0403 0.0109 0.0182
0.0159 0.0277 0.1037 0.3776 0.5657 0.3988 0.1118 0.0307 0.0136 0.0352
0.0779 0.3291 0.5889 0.5537 0.2728 0.0857 0.0226 0.0246 0.0655 0.3394
0.3766 0.4753 0.3641 0.2006 0.0805 0.0682 0.0788 0.1704 0.3634 0.4508
0.6637 0.5150 0.1969 0.0738 0.0353 0.0687 0.1946 0.4647 0.6712 0.4705
0.3962 0.1247 0.0376 0.0428 0.0773 0.2281 0.4612 0.5270 0.4109 0.1204
0.1994 0.0255 0.0085 0.0278 0.1481 0.4874 0.7054 0.5664 0.2128 0.0275
0.0296 0.0161 0.0289 0.1567 0.4501 0.5183 0.3215 0.1063 0.0277 0.0201
0.0114 0.0154 0.0629 0.3392 0.6265 0.5012 0.1545 0.0328 0.0098 0.0204
0.0547 0.2135 0.4666 0.5257 0.3324 0.1231 0.0308 0.0247 0.0460 0.2290
0.1534 0.4119 0.5426 0.4256 0.1757 0.0723 0.0323 0.0489 0.1356 0.4085
0.6342 0.5284 0.2292 0.0878 0.0387 0.0653 0.1653 0.4109 0.6387 0.4855
0.6026 0.3860 0.1294 0.0626 0.0427 0.0960 0.2561 0.4887 0.6127 0.3526
0.2200 0.0311 0.0101 0.0291 0.1366 0.4527 0.6811 0.5645 0.2341 0.0330
0.1448 0.0227 0.0102 0.0378 0.1877 0.4991 0.6487 0.4636 0.1519 0.0252
0.0111 0.0135 0.0544 0.3215 0.6321 0.5246 0.1712 0.0350 0.0096 0.0181
0.0226 0.0514 0.1711 0.4195 0.4981 0.2987 0.0781 0.0288 0.0193 0.0622
0.0883 0.3623 0.6087 0.5488 0.2529 0.0785 0.0219 0.0260 0.0746 0.3698
0.4744 0.4987 0.3123 0.1498 0.0611 0.0665 0.1039 0.2445 0.4673 0.4670
0.6648 0.5092 0.1911 0.0720 0.0352 0.0699 0.1998 0.4712 0.6727 0.4648
0.3331 0.0808 0.0247 0.0377 0.0933 0.2918 0.5350 0.5393 0.3483 0.0803
0.1955 0.0249 0.0084 0.0279 0.1504 0.4916 0.7066 0.5639 0.2087 0.0269
0.0180 0.0146 0.0392 0.2282 0.5443 0.5241 0.2399 0.0617 0.0162 0.0188
0.0120 0.0169 0.0685 0.3463 0.6175 0.4842 0.1463 0.0323 0.0103 0.0223
0.0651 0.2722 0.5375 0.5460 0.3023 0.1012 0.0256 0.0240 0.0547 0.2857
0.2059 0.4333 0.4924 0.3516 0.1406 0.0705 0.0417 0.0715 0.1872 0.4236
0.6518 0.5312 0.2199 0.0821 0.0366 0.0653 0.1746 0.4335 0.6575 0.4870
0.5679 0.3277 0.1056 0.0586 0.0473 0.1123 0.2870 0.4954 0.5791 0.3006
0.2095 0.0279 0.0092 0.0282 0.1422 0.4716 0.6955 0.5673 0.2233 0.0299
0.1182 0.0216 0.0117 0.0460 0.2154 0.5028 0.6072 0.3987 0.1225 0.0243
0.0107 0.0134 0.0552 0.3270 0.6370 0.5251 0.1682 0.0340 0.0093 0.0180
0.0263 0.0668 0.2098 0.4382 0.4688 0.2601 0.0666 0.0279 0.0224 0.0792
0.0930 0.3728 0.6119 0.5436 0.2451 0.0765 0.0220 0.0270 0.0787 0.3793
0.5122 0.5076 0.2940 0.1336 0.0550 0.0659 0.1151 0.2775 0.5077 0.4732
0.6645 0.5067 0.1891 0.0716 0.0352 0.0703 0.2015 0.4729 0.6725 0.4625
0.3052 0.0654 0.0202 0.0356 0.1018 0.3253 0.5696 0.5451 0.3203 0.0660
0.1941 0.0245 0.0083 0.0279 0.1512 0.4940 0.7081 0.5639 0.2072 0.0265
0.0156 0.0141 0.0424 0.2507 0.5700 0.5266 0.2211 0.0531 0.0140 0.0184
0.0118 0.0166 0.0674 0.3455 0.6200 0.4878 0.1476 0.0322 0.0102 0.0219
0.0671 0.2842 0.5515 0.5508 0.2973 0.0975 0.0246 0.0238 0.0562 0.2973
0.2046 0.4351 0.4967 0.3549 0.1412 0.0701 0.0411 0.0704 0.1859 0.4255
0.6486 0.5339 0.2248 0.0839 0.0370 0.0647 0.1707 0.4267 0.6539 0.4898
0.5913 0.3663 0.1210 0.0612 0.0441 0.1011 0.2662 0.4911 0.6019 0.3350
0.2106 0.0282 0.0092 0.0283 0.1416 0.4698 0.6943 0.5672 0.2244 0.0302
0.1327 0.0221 0.0107 0.0410 0.1994 0.5018 0.6325 0.4364 0.1385 0.0247
0.0107 0.0133 0.0546 0.3261 0.6382 0.5273 0.1693 0.0340 0.0092 0.0178
0.0239 0.0566 0.1848 0.4268 0.4878 0.2842 0.0736 0.0284 0.0203 0.0680
0.0899 0.3725 0.6192 0.5532 0.2501 0.0763 0.0212 0.0258 0.0759 0.3795
0.4736 0.5018 0.3167 0.1516 0.0613 0.0659 0.1022 0.2418 0.4662 0.4700
0.6716 0.5247 0.2005 0.0735 0.0344 0.0671 0.1930 0.4682 0.6791 0.4794
0.3663 0.1022 0.0309 0.0403 0.0843 0.2563 0.4955 0.5328 0.3813 0.0999
0.1970 0.0247 0.0083 0.0275 0.1495 0.4930 0.7101 0.5682 0.2103 0.0267
0.0221 0.0151 0.0341 0.1949 0.5054 0.5234 0.2741 0.0780 0.0203 0.0192
0.0110 0.0146 0.0605 0.3378 0.6326 0.5098 0.1577 0.0327 0.0095 0.0195
0.0585 0.2372 0.4982 0.5362 0.3206 0.1133 0.0283 0.0242 0.0491 0.2521
0.1534 0.4170 0.5498 0.4301 0.1756 0.0713 0.0315 0.0481 0.1355 0.4134
0.6177 0.5306 0.2430 0.0948 0.0406 0.0645 0.1541 0.3866 0.6207 0.4887
0.6428 0.4601 0.1635 0.0676 0.0377 0.0792 0.2221 0.4808 0.6517 0.4196
0.2281 0.0336 0.0108 0.0296 0.1325 0.4389 0.6704 0.5629 0.2423 0.0355
0.1787 0.0237 0.0086 0.0301 0.1611 0.4979 0.6949 0.5379 0.1900 0.0258
0.0111 0.0131 0.0521 0.3151 0.6317 0.5302 0.1768 0.0360 0.0096 0.0176
0.0149 0.0250 0.0955 0.3722 0.5777 0.4163 0.1179 0.0308 0.0128 0.0320
0.0802 0.3513 0.6153 0.5666 0.2680 0.0803 0.0208 0.0236 0.0672 0.3606
0.3358 0.4734 0.3996 0.2323 0.0908 0.0673 0.0669 0.1402 0.3200 0.4518
0.6656 0.5380 0.2170 0.0789 0.0351 0.0645 0.1791 0.4479 0.6719 0.4926
0.5413 0.2868 0.0903 0.0557 0.0510 0.1260 0.3117 0.5006 0.5531 0.2645
0.2020 0.0258 0.0085 0.0276 0.1465 0.4858 0.7061 0.5695 0.2156 0.0278
0.0920 0.0203 0.0137 0.0582 0.2524 0.5073 0.5553 0.3255 0.0937 0.0233
0.0104 0.0132 0.0551 0.3300 0.6419 0.5280 0.1674 0.0333 0.0090 0.0177
0.0304 0.0855 0.2527 0.4566 0.4411 0.2263 0.0570 0.0271 0.0258 0.0992
0.0963 0.3845 0.6200 0.5439 0.2397 0.0742 0.0216 0.0272 0.0816 0.3900
0.4918 0.5074 0.3093 0.1441 0.0582 0.0654 0.1068 0.2564 0.4856 0.4743
0.6745 0.5318 0.2051 0.0742 0.0341 0.0659 0.1899 0.4664 0.6818 0.4860
0.3796 0.1117 0.0337 0.0413 0.0810 0.2432 0.4802 0.5303 0.3943 0.1086
0.1968 0.0245 0.0082 0.0273 0.1496 0.4947 0.7121 0.5698 0.2102 0.0265
0.0248 0.0153 0.0316 0.1781 0.4838 0.5230 0.2942 0.0887 0.0229 0.0194
0.0106 0.0137 0.0574 0.3343 0.6393 0.5209 0.1628 0.0328 0.0092 0.0184
0.0552 0.2188 0.4756 0.5302 0.3309 0.1206 0.0300 0.0243 0.0463 0.2343
0.1333 0.4108 0.5775 0.4687 0.1938 0.0713 0.0275 0.0399 0.1162 0.4100
0.5667 0.5235 0.2719 0.1139 0.0472 0.0644 0.1314 0.3276 0.5659 0.4851
0.6733 0.5227 0.1976 0.0724 0.0342 0.0675 0.1958 0.4724 0.6810 0.4773
0.2895 0.0577 0.0179 0.0343 0.1069 0.3454 0.5894 0.5486 0.3044 0.0587
0.1946 0.0242 0.0081 0.0274 0.1510 0.4969 0.7124 0.5679 0.2078 0.0262
0.0141 0.0137 0.0445 0.2676 0.5891 0.5296 0.2088 0.0476 0.0125 0.0180
0.0109 0.0145 0.0604 0.3382 0.6339 0.5109 0.1578 0.0325 0.0094 0.0194
0.0679 0.2925 0.5625 0.5558 0.2951 0.0949 0.0238 0.0235 0.0569 0.3053
0.1704 0.4284 0.5380 0.4070 0.1626 0.0698 0.0338 0.0543 0.1519 0.4225
0.5840 0.5282 0.2645 0.1079 0.0449 0.0640 0.1374 0.3451 0.5844 0.4886
0.6747 0.5245 0.1983 0.0724 0.0340 0.0672 0.1954 0.4730 0.6824 0.4790
0.2729 0.0503 0.0157 0.0330 0.1128 0.3681 0.6106 0.5523 0.2876 0.0517
0.1941 0.0241 0.0081 0.0274 0.1513 0.4976 0.7128 0.5679 0.2074 0.0261
0.0129 0.0134 0.0468 0.2836 0.6050 0.5308 0.1976 0.0432 0.0114 0.0177
0.0109 0.0144 0.0599 0.3377 0.6349 0.5125 0.1585 0.0325 0.0094 0.0192
0.0703 0.3063 0.5771 0.5604 0.2894 0.0911 0.0229 0.0233 0.0589 0.3185
0.1815 0.4332 0.5275 0.3911 0.1551 0.0694 0.0357 0.0588 0.1627 0.4259
0.5494 0.5220 0.2829 0.1212 0.0496 0.0642 0.1241 0.3085 0.5472 0.4848
0.6795 0.5395 0.2088 0.0744 0.0335 0.0646 0.1878 0.4675 0.6868 0.4931
0.3568 0.0954 0.0289 0.0393 0.0863 0.2650 0.5062 0.5348 0.3714 0.0939
0.1958 0.0242 0.0080 0.0272 0.1502 0.4972 0.7143 0.5707 0.2093 0.0261
0.0201 0.0146 0.0357 0.2076 0.5230 0.5261 0.2612 0.0709 0.0183 0.0188
0.0103 0.0132 0.0557 0.3325 0.6434 0.5275 0.1658 0.0328 0.0090 0.0178
0.0579 0.2353 0.4972 0.5370 0.3224 0.1139 0.0283 0.0241 0.0486 0.2504
0.1301 0.4128 0.5864 0.4780 0.1970 0.0707 0.0265 0.0382 0.1131 0.4123
0.4705 0.5068 0.3253 0.1556 0.0618 0.0649 0.0989 0.2357 0.4626 0.4751
0.6315 0.5391 0.2421 0.0919 0.0390 0.0633 0.1566 0.3983 0.6351 0.4961
0.6583 0.4890 0.1779 0.0693 0.0358 0.0734 0.2101 0.4784 0.6665 0.4463
0.2078 0.0273 0.0090 0.0279 0.1428 0.4744 0.6983 0.5683 0.2214 0.0293
0.1841 0.0236 0.0083 0.0289 0.1575 0.4994 0.7035 0.5505 0.1962 0.0257
0.0103 0.0128 0.0533 0.3263 0.6437 0.5336 0.1712 0.0337 0.0090 0.0172
0.0122 0.0178 0.0719 0.3510 0.6136 0.4754 0.1416 0.0318 0.0106 0.0234
0.0819 0.3698 0.6371 0.5780 0.2645 0.0762 0.0194 0.0228 0.0685 0.3784
0.3019 0.4701 0.4294 0.2617 0.1008 0.0669 0.0583 0.1181 0.2845 0.4510
0.4865 0.5111 0.3180 0.1486 0.0591 0.0645 0.1030 0.2487 0.4796 0.4782
0.5173 0.5177 0.3020 0.1352 0.0542 0.0642 0.1123 0.2760 0.5126 0.4826
0.5993 0.5343 0.2601 0.1034 0.0429 0.0633 0.1417 0.3596 0.6006 0.4935
0.6838 0.5439 0.2100 0.0740 0.0330 0.0639 0.1876 0.4701 0.6911 0.4972
0.5284 0.2689 0.0840 0.0546 0.0530 0.1332 0.3236 0.5025 0.5406 0.2485
0.2227 0.0348 0.0117 0.0316 0.1352 0.4317 0.6537 0.5451 0.2358 0.0368
0.0263 0.0189 0.0401 0.1969 0.4721 0.4845 0.2555 0.0808 0.0241 0.0237
0.0228 0.0482 0.1569 0.4028 0.4969 0.3098 0.0849 0.0307 0.0195 0.0584
0.0987 0.3038 0.4897 0.4575 0.2367 0.0953 0.0337 0.0379 0.0855 0.3110
0.5756 0.4489 0.1915 0.0866 0.0461 0.0796 0.1837 0.3979 0.5800 0.4132
0.5088 0.2524 0.0802 0.0551 0.0561 0.1399 0.3285 0.4949 0.5208 0.2342
0.2664 0.0544 0.0182 0.0367 0.1156 0.3543 0.5794 0.5242 0.2796 0.0558
0.0941 0.0297 0.0232 0.0786 0.2484 0.4344 0.4438 0.2624 0.0939 0.0337
0.0254 0.0340 0.0917 0.3028 0.4775 0.3736 0.1384 0.0477 0.0224 0.0416
0.0586 0.1585 0.3283 0.4257 0.3214 0.1569 0.0505 0.0367 0.0506 0.1719
0.2463 0.3562 0.3326 0.2405 0.1215 0.0902 0.0754 0.1213 0.2319 0.3464
0.5634 0.4027 0.1595 0.0781 0.0478 0.0902 0.2114 0.4208 0.5696 0.3705
0.4466 0.1819 0.0572 0.0502 0.0669 0.1781 0.3839 0.5010 0.4595 0.1718
0.2428 0.0479 0.0169 0.0373 0.1254 0.3743 0.5868 0.5111 0.2547 0.0498
0.0752 0.0290 0.0277 0.0981 0.2836 0.4329 0.3898 0.2080 0.0737 0.0333
0.0273 0.0390 0.1034 0.3124 0.4637 0.3508 0.1276 0.0466 0.0240 0.0472
0.0666 0.1736 0.3349 0.4129 0.2996 0.1482 0.0510 0.0400 0.0579 0.1862
0.2783 0.3599 0.3049 0.2115 0.1091 0.0907 0.0868 0.1452 0.2652 0.3476
0.5597 0.3840 0.1469 0.0743 0.0484 0.0950 0.2247 0.4323 0.5667 0.3532
0.4154 0.1506 0.0471 0.0474 0.0731 0.2021 0.4173 0.5070 0.4289 0.1440
0.2277 0.0431 0.0156 0.0371 0.1325 0.3917 0.5977 0.5068 0.2391 0.0452
0.0636 0.0272 0.0297 0.1109 0.3112 0.4402 0.3647 0.1796 0.0617 0.0317
0.0264 0.0393 0.1072 0.3214 0.4694 0.3486 0.1230 0.0445 0.0232 0.0477
0.0679 0.1815 0.3482 0.4193 0.2964 0.1434 0.0489 0.0392 0.0589 0.1941
0.2885 0.3680 0.3058 0.2076 0.1055 0.0890 0.0876 0.1498 0.2755 0.3545
0.5664 0.3852 0.1448 0.0726 0.0475 0.0949 0.2286 0.4402 0.5739 0.3539
0.4031 0.1379 0.0428 0.0458 0.0758 0.2140 0.4347 0.5122 0.4169 0.1324
0.2202 0.0392 0.0142 0.0357 0.1363 0.4083 0.6152 0.5135 0.2317 0.0414
0.0554 0.0248 0.0297 0.1187 0.3352 0.4538 0.3555 0.1632 0.0534 0.0292
0.0237 0.0366 0.1070 0.3340 0.4902 0.3585 0.1199 0.0410 0.0207 0.0448
0.0662 0.1879 0.3675 0.4357 0.3005 0.1392 0.0454 0.0366 0.0572 0.2008
0.2941 0.3793 0.3150 0.2097 0.1036 0.0863 0.0853 0.1492 0.2809 0.3649
0.5778 0.3952 0.1469 0.0717 0.0459 0.0927 0.2283 0.4466 0.5856 0.3626
0.3980 0.1321 0.0408 0.0449 0.0769 0.2199 0.4438 0.5155 0.4120 0.1272
0.2148 0.0376 0.0137 0.0355 0.1391 0.4158 0.6204 0.5128 0.2261 0.0397
0.0481 0.0239 0.0320 0.1326 0.3600 0.4572 0.3314 0.1420 0.0459 0.0284
0.0236 0.0381 0.1132 0.3433 0.4908 0.3511 0.1143 0.0394 0.0206 0.0466
0.0696 0.2016 0.3852 0.4405 0.2922 0.1322 0.0433 0.0365 0.0601 0.2142
0.3224 0.3899 0.3028 0.1929 0.0949 0.0848 0.0921 0.1676 0.3102 0.3730
0.5790 0.3901 0.1426 0.0701 0.0458 0.0941 0.2338 0.4529 0.5872 0.3577
0.3827 0.1190 0.0367 0.0434 0.0804 0.2343 0.4626 0.5196 0.3969 0.1154
0.2077 0.0354 0.0130 0.0352 0.1430 0.4259 0.6273 0.5117 0.2188 0.0376
0.0424 0.0227 0.0336 0.1446 0.3831 0.4629 0.3142 0.1263 0.0401 0.0274
0.0229 0.0385 0.1178 0.3535 0.4969 0.3485 0.1096 0.0374 0.0198 0.0472
0.0708 0.2174 0.4132 0.4561 0.2891 0.1244 0.0395 0.0346 0.0609 0.2298
0.3301 0.4043 0.3142 0.1953 0.0926 0.0817 0.0891 0.1670 0.3176 0.3862
0.5926 0.4102 0.1510 0.0710 0.0440 0.0894 0.2263 0.4536 0.6006 0.3757
0.3921 0.1255 0.0385 0.0438 0.0783 0.2271 0.4550 0.5200 0.4064 0.1212
0.2094 0.0347 0.0125 0.0342 0.1421 0.4302 0.6358 0.5196 0.2208 0.0368
0.0422 0.0220 0.0323 0.1416 0.3838 0.4689 0.3219 0.1289 0.0400 0.0265
0.0214 0.0349 0.1094 0.3495 0.5092 0.3643 0.1149 0.0374 0.0186 0.0431
0.0671 0.2073 0.4053 0.4585 0.2980 0.1287 0.0400 0.0337 0.0576 0.2203
0.3226 0.4000 0.3154 0.1986 0.0947 0.0824 0.0880 0.1628 0.3099 0.3826
0.5903 0.4040 0.1475 0.0701 0.0443 0.0908 0.2300 0.4559 0.5986 0.3701
0.3787 0.1145 0.0351 0.0425 0.0814 0.2400 0.4715 0.5234 0.3932 0.1112
0.2058 0.0327 0.0117 0.0332 0.1441 0.4409 0.6475 0.5254 0.2174 0.0348
0.0373 0.0206 0.0329 0.1515 0.4066 0.4784 0.3109 0.1167 0.0351 0.0251
0.0199 0.0330 0.1076 0.3556 0.5229 0.3730 0.1145 0.0357 0.0173 0.0410
0.0660 0.2143 0.4236 0.4725 0.3006 0.1250 0.0374 0.0319 0.0565 0.2276
0.3149 0.4093 0.3344 0.2105 0.0970 0.0799 0.0816 0.1522 0.3012 0.3919
0.6032 0.4234 0.1558 0.0710 0.0426 0.0865 0.2229 0.4566 0.6113 0.3875
0.3911 0.1238 0.0378 0.0434 0.0785 0.2291 0.4587 0.5220 0.4056 0.1196
0.2086 0.0330 0.0117 0.0330 0.1426 0.4392 0.6483 0.5286 0.2205 0.0352
0.0385 0.0206 0.0320 0.1470 0.4006 0.4789 0.3179 0.1213 0.0364 0.0251
0.0196 0.0326 0.1073 0.3570 0.5259 0.3748 0.1143 0.0354 0.0170 0.0405
0.0661 0.2172 0.4291 0.4758 0.3003 0.1236 0.0368 0.0315 0.0565 0.2305
0.3171 0.4118 0.3355 0.2101 0.0963 0.0795 0.0814 0.1528 0.3035 0.3942
0.6056 0.4254 0.1561 0.0707 0.0423 0.0861 0.2230 0.4583 0.6138 0.3892
0.3818 0.1158 0.0353 0.0424 0.0807 0.2385 0.4709 0.5249 0.3964 0.1124
0.2061 0.0313 0.0110 0.0319 0.1440 0.4491 0.6599 0.5354 0.2182 0.0334
0.0371 0.0196 0.0308 0.1465 0.4079 0.4879 0.3229 0.1205 0.0350 0.0239
0.0177 0.0282 0.0966 0.3525 0.5451 0.3986 0.1218 0.0350 0.0154 0.0355
0.0611 0.2060 0.4247 0.4840 0.3137 0.1282 0.0365 0.0298 0.0520 0.2201
0.2871 0.4090 0.3612 0.2352 0.1059 0.0790 0.0719 0.1309 0.2719 0.3937
0.6123 0.4410 0.1648 0.0724 0.0414 0.0826 0.2150 0.4540 0.6200 0.4034
0.4015 0.1313 0.0399 0.0439 0.0762 0.2210 0.4497 0.5220 0.4160 0.1264
0.2101 0.0314 0.0108 0.0312 0.1418 0.4490 0.6644 0.5426 0.2227 0.0335
0.0416 0.0196 0.0278 0.1312 0.3866 0.4906 0.3500 0.1382 0.0397 0.0238
0.0165 0.0254 0.0893 0.3488 0.5587 0.4165 0.1277 0.0349 0.0143 0.0322
0.0578 0.1996 0.4241 0.4913 0.3233 0.1308 0.0360 0.0286 0.0490 0.2142
0.2572 0.4075 0.3912 0.2649 0.1168 0.0781 0.0626 0.1102 0.2409 0.3945
0.6207 0.4593 0.1749 0.0742 0.0404 0.0788 0.2064 0.4502 0.6281 0.4202
0.4250 0.1517 0.0461 0.0458 0.0712 0.2018 0.4248 0.5183 0.4392 0.1446
0.2139 0.0318 0.0108 0.0308 0.1398 0.4474 0.6665 0.5476 0.2269 0.0338
0.0459 0.0198 0.0257 0.1198 0.3690 0.4918 0.3721 0.1543 0.0441 0.0238
0.0158 0.0235 0.0839 0.3445 0.5672 0.4295 0.1329 0.0351 0.0137 0.0301
0.0548 0.1892 0.4138 0.4920 0.3326 0.1359 0.0367 0.0280 0.0464 0.2042
0.2215 0.4012 0.4252 0.3036 0.1326 0.0780 0.0532 0.0889 0.2043 0.3914
0.6237 0.4744 0.1859 0.0770 0.0400 0.0756 0.1968 0.4415 0.6304 0.4343
0.4608 0.1876 0.0573 0.0489 0.0643 0.1748 0.3872 0.5120 0.4745 0.1766
0.2205 0.0330 0.0110 0.0306 0.1363 0.4412 0.6651 0.5522 0.2339 0.0350
0.0579 0.0205 0.0218 0.0971 0.3278 0.4915 0.4227 0.1971 0.0567 0.0243
0.0149 0.0211 0.0765 0.3371 0.5778 0.4480 0.1412 0.0356 0.0129 0.0273
0.0498 0.1684 0.3878 0.4882 0.3496 0.1475 0.0391 0.0277 0.0422 0.1838
0.1857 0.3912 0.4601 0.3483 0.1526 0.0785 0.0448 0.0700 0.1684 0.3851
0.6222 0.4842 0.1953 0.0800 0.0402 0.0736 0.1884 0.4311 0.6283 0.4438
0.4915 0.2229 0.0687 0.0516 0.0589 0.1543 0.3564 0.5067 0.5046 0.2079
0.2252 0.0339 0.0112 0.0304 0.1340 0.4368 0.6640 0.5553 0.2390 0.0359
0.0758 0.0213 0.0178 0.0754 0.2828 0.4917 0.4847 0.2581 0.0757 0.0248
0.0140 0.0187 0.0686 0.3284 0.5897 0.4694 0.1514 0.0363 0.0122 0.0243
0.0431 0.1380 0.3429 0.4775 0.3759 0.1687 0.0441 0.0276 0.0365 0.1534
0.1560 0.3777 0.4876 0.3898 0.1737 0.0800 0.0388 0.0564 0.1393 0.3753
0.6146 0.4878 0.2032 0.0836 0.0411 0.0726 0.1808 0.4177 0.6199 0.4477
0.5155 0.2537 0.0792 0.0539 0.0550 0.1396 0.3328 0.5023 0.5280 0.2351
0.2294 0.0349 0.0114 0.0305 0.1319 0.4317 0.6612 0.5566 0.2434 0.0369
0.0962 0.0222 0.0150 0.0599 0.2455 0.4911 0.5400 0.3222 0.0978 0.0254
0.0136 0.0171 0.0627 0.3187 0.5955 0.4852 0.1611 0.0375 0.0118 0.0224
0.0361 0.1058 0.2865 0.4604 0.4086 0.1998 0.0520 0.0281 0.0307 0.1204
0.1243 0.3606 0.5213 0.4436 0.2035 0.0820 0.0325 0.0429 0.1088 0.3626
0.5897 0.4921 0.2231 0.0940 0.0442 0.0710 0.1625 0.3809 0.5927 0.4534
0.5642 0.3254 0.1055 0.0590 0.0479 0.1131 0.2867 0.4929 0.5754 0.2986
0.2448 0.0399 0.0128 0.0314 0.1247 0.4085 0.6434 0.5552 0.2591 0.0417
0.1283 0.0237 0.0123 0.0454 0.2039 0.4872 0.6025 0.4085 0.1330 0.0265
0.0136 0.0163 0.0582 0.3072 0.5944 0.4951 0.1707 0.0395 0.0119 0.0213
0.0305 0.0810 0.2370 0.4432 0.4410 0.2341 0.0611 0.0285 0.0259 0.0943
0.1054 0.3490 0.5457 0.4830 0.2268 0.0833 0.0285 0.0352 0.0909 0.3541
0.5587 0.4932 0.2447 0.1068 0.0483 0.0699 0.1447 0.3412 0.5591 0.4564
0.5995 0.3850 0.1300 0.0632 0.0431 0.0962 0.2547 0.4855 0.6096 0.3518
0.2631 0.0468 0.0148 0.0326 0.1170 0.3815 0.6209 0.5523 0.2778 0.0483
0.1590 0.0248 0.0105 0.0363 0.1756 0.4853 0.6504 0.4811 0.1672 0.0272
0.0141 0.0155 0.0527 0.2894 0.5880 0.5057 0.1853 0.0431 0.0125 0.0203
0.0235 0.0528 0.1718 0.4151 0.4907 0.2951 0.0786 0.0296 0.0201 0.0637
0.0888 0.3301 0.5586 0.5158 0.2523 0.0867 0.0260 0.0295 0.0757 0.3383
0.4924 0.4850 0.2825 0.1343 0.0582 0.0696 0.1178 0.2719 0.4876 0.4527
0.6293 0.4415 0.1563 0.0674 0.0394 0.0831 0.2274 0.4775 0.6383 0.4028
0.3021 0.0643 0.0199 0.0355 0.1029 0.3284 0.5717 0.5444 0.3171 0.0649
0.1838 0.0260 0.0096 0.0315 0.1576 0.4812 0.6783 0.5292 0.1949 0.0282
0.0168 0.0155 0.0452 0.2516 0.5562 0.5104 0.2145 0.0539 0.0150 0.0201
0.0180 0.0334 0.1189 0.3844 0.5416 0.3680 0.1026 0.0310 0.0155 0.0418
0.0761 0.2977 0.5439 0.5284 0.2767 0.0945 0.0261 0.0269 0.0644 0.3089
0.3915 0.4644 0.3371 0.1840 0.0772 0.0708 0.0878 0.1883 0.3799 0.4394
0.6430 0.4741 0.1745 0.0708 0.0377 0.0763 0.2110 0.4692 0.6512 0.4328
0.3566 0.0961 0.0292 0.0398 0.0869 0.2658 0.5056 0.5336 0.3717 0.0943
0.1971 0.0270 0.0093 0.0297 0.1493 0.4763 0.6877 0.5496 0.2096 0.0291
0.0231 0.0162 0.0364 0.1978 0.4969 0.5103 0.2652 0.0777 0.0212 0.0206
0.0149 0.0238 0.0892 0.3609 0.5773 0.4258 0.1247 0.0323 0.0129 0.0305
0.0651 0.2534 0.5036 0.5250 0.3026 0.1080 0.0286 0.0260 0.0549 0.2670
0.2769 0.4361 0.4091 0.2638 0.1093 0.0727 0.0605 0.1136 0.2600 0.4203
0.6456 0.4942 0.1899 0.0747 0.0374 0.0723 0.1972 0.4558 0.6529 0.4518
0.4321 0.1569 0.0474 0.0460 0.0697 0.1974 0.4204 0.5194 0.4464 0.1493
0.2074 0.0283 0.0095 0.0290 0.1434 0.4685 0.6889 0.5599 0.2208 0.0303
0.0413 0.0180 0.0248 0.1236 0.3883 0.5069 0.3723 0.1460 0.0395 0.0219
0.0129 0.0184 0.0714 0.3434 0.6036 0.4710 0.1442 0.0334 0.0112 0.0240
0.0533 0.1985 0.4407 0.5130 0.3372 0.1304 0.0333 0.0257 0.0449 0.2140
0.1766 0.4080 0.4986 0.3780 0.1584 0.0744 0.0389 0.0613 0.1588 0.4022
0.6401 0.5118 0.2092 0.0811 0.0380 0.0686 0.1805 0.4331 0.6460 0.4691
0.5276 0.2686 0.0841 0.0547 0.0532 0.1334 0.3234 0.5019 0.5399 0.2483
0.2194 0.0313 0.0102 0.0293 0.1369 0.4515 0.6786 0.5620 0.2333 0.0332
0.0852 0.0208 0.0154 0.0650 0.2642 0.4996 0.5249 0.2961 0.0861 0.0241
0.0122 0.0158 0.0615 0.3284 0.6151 0.4982 0.1595 0.0349 0.0106 0.0208
0.0381 0.1198 0.3173 0.4759 0.3983 0.1845 0.0468 0.0269 0.0323 0.1350
0.1209 0.3778 0.5545 0.4685 0.2073 0.0777 0.0289 0.0387 0.1051 0.3797
0.6011 0.5099 0.2332 0.0950 0.0427 0.0679 0.1576 0.3815 0.6040 0.4698
0.5950 0.3746 0.1250 0.0621 0.0437 0.0989 0.2610 0.4886 0.6053 0.3425
0.2401 0.0378 0.0122 0.0307 0.1269 0.4180 0.6527 0.5586 0.2545 0.0397
0.1489 0.0236 0.0104 0.0377 0.1840 0.4929 0.6463 0.4665 0.1563 0.0261
0.0123 0.0145 0.0545 0.3094 0.6130 0.5141 0.1752 0.0380 0.0108 0.0192
0.0242 0.0567 0.1832 0.4234 0.4852 0.2843 0.0745 0.0289 0.0206 0.0680
0.0904 0.3481 0.5821 0.5283 0.2495 0.0822 0.0241 0.0283 0.0768 0.3556
0.5138 0.4973 0.2809 0.1286 0.0548 0.0678 0.1209 0.2864 0.5101 0.4632
0.6394 0.4582 0.1638 0.0682 0.0381 0.0796 0.2212 0.4776 0.6482 0.4180
0.2891 0.0578 0.0180 0.0344 0.1072 0.3459 0.5892 0.5480 0.3041 0.0588
0.1850 0.0251 0.0090 0.0303 0.1569 0.4880 0.6892 0.5394 0.1966 0.0272
0.0149 0.0146 0.0464 0.2673 0.5791 0.5187 0.2052 0.0484 0.0132 0.0191
0.0162 0.0284 0.1050 0.3770 0.5617 0.3950 0.1112 0.0310 0.0139 0.0360
0.0750 0.3081 0.5646 0.5436 0.2790 0.0912 0.0243 0.0253 0.0631 0.3192
0.3528 0.4648 0.3719 0.2129 0.0864 0.0695 0.0748 0.1566 0.3385 0.4424
0.6573 0.5038 0.1911 0.0732 0.0360 0.0707 0.1984 0.4647 0.6649 0.4602
0.3972 0.1258 0.0379 0.0429 0.0771 0.2270 0.4596 0.5265 0.4120 0.1213
0.2011 0.0264 0.0089 0.0284 0.1470 0.4807 0.6983 0.5621 0.2144 0.0285
0.0288 0.0164 0.0302 0.1626 0.4552 0.5148 0.3114 0.1016 0.0269 0.0205
0.0125 0.0178 0.0705 0.3458 0.6101 0.4762 0.1444 0.0327 0.0108 0.0233
0.0576 0.2254 0.4786 0.5261 0.3234 0.1182 0.0300 0.0250 0.0485 0.2404
0.1905 0.4190 0.4936 0.3638 0.1494 0.0727 0.0405 0.0664 0.1723 0.4114
0.6467 0.5188 0.2115 0.0806 0.0372 0.0675 0.1799 0.4366 0.6527 0.4754
0.5288 0.2698 0.0844 0.0547 0.0530 0.1329 0.3228 0.5022 0.5411 0.2493
0.2136 0.0293 0.0096 0.0287 0.1400 0.4628 0.6879 0.5646 0.2275 0.0313
0.0866 0.0205 0.0148 0.0631 0.2617 0.5029 0.5339 0.3037 0.0877 0.0237
0.0115 0.0148 0.0592 0.3296 0.6254 0.5090 0.1619 0.0342 0.0099 0.0196
0.0372 0.1171 0.3145 0.4771 0.4028 0.1869 0.0470 0.0266 0.0315 0.1324
0.1131 0.3818 0.5770 0.4926 0.2165 0.0762 0.0262 0.0347 0.0976 0.3847
0.5941 0.5165 0.2447 0.0998 0.0436 0.0664 0.1496 0.3671 0.5961 0.4766
0.6215 0.4214 0.1454 0.0652 0.0403 0.0876 0.2388 0.4839 0.6311 0.3844
0.2439 0.0391 0.0125 0.0309 0.1251 0.4125 0.6484 0.5584 0.2584 0.0409
0.1661 0.0239 0.0095 0.0333 0.1701 0.4940 0.6729 0.5067 0.1755 0.0262
0.0121 0.0140 0.0522 0.3050 0.6156 0.5214 0.1802 0.0386 0.0106 0.0185
0.0196 0.0398 0.1391 0.4009 0.5258 0.3389 0.0912 0.0297 0.0167 0.0491
0.0835 0.3420 0.5920 0.5459 0.2618 0.0830 0.0228 0.0259 0.0705 0.3509
0.4419 0.4875 0.3244 0.1634 0.0670 0.0677 0.0965 0.2203 0.4327 0.4583
0.6584 0.4982 0.1855 0.0715 0.0359 0.0719 0.2036 0.4712 0.6664 0.4547
0.3379 0.0838 0.0255 0.0382 0.0919 0.2864 0.5290 0.5382 0.3530 0.0831
0.1956 0.0253 0.0086 0.0284 0.1503 0.4880 0.7018 0.5600 0.2085 0.0274
0.0191 0.0149 0.0384 0.2200 0.5324 0.5209 0.2465 0.0655 0.0173 0.0192
0.0128 0.0189 0.0748 0.3518 0.6055 0.4654 0.1387 0.0321 0.0110 0.0247
0.0653 0.2695 0.5321 0.5422 0.3018 0.1021 0.0261 0.0244 0.0549 0.2831
0.2317 0.4371 0.4636 0.3179 0.1276 0.0708 0.0476 0.0850 0.2133 0.4249
0.6561 0.5236 0.2098 0.0785 0.0361 0.0669 0.1829 0.4461 0.6625 0.4793
0.5112 0.2456 0.0759 0.0529 0.0557 0.1432 0.3402 0.5057 0.5239 0.2280
0.2078 0.0276 0.0091 0.0282 0.1432 0.4737 0.6964 0.5665 0.2216 0.0296
0.0722 0.0196 0.0165 0.0739 0.2909 0.5070 0.4977 0.2593 0.0722 0.0229
0.0112 0.0145 0.0589 0.3319 0.6302 0.5124 0.1617 0.0336 0.0097 0.0193
0.0396 0.1301 0.3389 0.4861 0.3912 0.1747 0.0437 0.0261 0.0335 0.1457
0.1147 0.3880 0.5826 0.4942 0.2145 0.0749 0.0258 0.0346 0.0989 0.3905
0.5992 0.5208 0.2458 0.0991 0.0430 0.0658 0.1497 0.3701 0.6013 0.4805
0.6308 0.4383 0.1532 0.0663 0.0392 0.0838 0.2313 0.4824 0.6400 0.3998
0.2436 0.0389 0.0125 0.0309 0.1252 0.4131 0.6491 0.5587 0.2581 0.0407
0.1720 0.0239 0.0091 0.0318 0.1658 0.4950 0.6823 0.5206 0.1823 0.0261
0.0119 0.0137 0.0519 0.3066 0.6194 0.5243 0.1802 0.0381 0.0104 0.0182
0.0180 0.0346 0.1243 0.3922 0.5418 0.3618 0.0986 0.0300 0.0154 0.0432
0.0817 0.3435 0.5994 0.5538 0.2651 0.0824 0.0221 0.0250 0.0688 0.3527
0.4017 0.4824 0.3513 0.1866 0.0749 0.0676 0.0844 0.1875 0.3898 0.4560
0.6659 0.5161 0.1965 0.0733 0.0350 0.0686 0.1953 0.4669 0.6735 0.4714
0.3877 0.1181 0.0356 0.0421 0.0792 0.2358 0.4707 0.5286 0.4026 0.1144
0.1990 0.0255 0.0086 0.0280 0.1483 0.4870 0.7044 0.5652 0.2123 0.0276
0.0247 0.0156 0.0325 0.1810 0.4843 0.5196 0.2890 0.0872 0.0228 0.0197
0.0118 0.0165 0.0667 0.3436 0.6197 0.4892 0.1490 0.0325 0.0102 0.0217
0.0603 0.2447 0.5055 0.5367 0.3154 0.1105 0.0278 0.0244 0.0507 0.2593
0.1820 0.4236 0.5131 0.3821 0.1548 0.0714 0.0375 0.0610 0.1635 0.4166
0.6449 0.5291 0.2226 0.0840 0.0374 0.0655 0.1715 0.4254 0.6502 0.4855
0.5819 0.3508 0.1147 0.0602 0.0454 0.1054 0.2742 0.4927 0.5928 0.3211
0.2150 0.0296 0.0097 0.0287 0.1392 0.4615 0.6877 0.5657 0.2290 0.0315
0.1240 0.0219 0.0114 0.0442 0.2087 0.5010 0.6155 0.4125 0.1288 0.0246
0.0110 0.0137 0.0555 0.3251 0.6332 0.5223 0.1684 0.0344 0.0095 0.0183
0.0274 0.0711 0.2197 0.4423 0.4615 0.2513 0.0642 0.0278 0.0232 0.0838
0.0938 0.3726 0.6093 0.5407 0.2437 0.0767 0.0222 0.0274 0.0795 0.3789
0.5126 0.5071 0.2932 0.1332 0.0550 0.0660 0.1154 0.2782 0.5081 0.4728
0.6631 0.5035 0.1872 0.0712 0.0354 0.0709 0.2029 0.4735 0.6711 0.4595
0.3072 0.0665 0.0205 0.0357 0.1011 0.3227 0.5669 0.5446 0.3223 0.0670
0.1930 0.0247 0.0084 0.0283 0.1519 0.4923 0.7046 0.5599 0.2059 0.0268
0.0151 0.0141 0.0438 0.2587 0.5767 0.5253 0.2142 0.0506 0.0134 0.0185
0.0129 0.0193 0.0766 0.3546 0.6042 0.4614 0.1363 0.0318 0.0111 0.0252
0.0710 0.3040 0.5709 0.5550 0.2877 0.0919 0.0234 0.0238 0.0596 0.3161
0.2478 0.4476 0.4586 0.3054 0.1205 0.0694 0.0495 0.0916 0.2294 0.4336
0.6588 0.5329 0.2167 0.0800 0.0358 0.0652 0.1781 0.4422 0.6649 0.4881
0.5526 0.3039 0.0966 0.0570 0.0495 0.1201 0.3011 0.4983 0.5642 0.2795
0.2078 0.0274 0.0090 0.0281 0.1432 0.4746 0.6976 0.5675 0.2215 0.0294
0.0929 0.0205 0.0138 0.0582 0.2510 0.5054 0.5543 0.3261 0.0946 0.0235
0.0108 0.0137 0.0565 0.3297 0.6359 0.5212 0.1655 0.0336 0.0094 0.0184
0.0339 0.1017 0.2861 0.4686 0.4205 0.2040 0.0512 0.0267 0.0287 0.1164
0.1011 0.3835 0.6071 0.5284 0.2326 0.0749 0.0229 0.0293 0.0861 0.3883
0.5465 0.5152 0.2773 0.1200 0.0500 0.0654 0.1263 0.3101 0.5445 0.4784
0.6624 0.5008 0.1854 0.0709 0.0354 0.0714 0.2044 0.4747 0.6705 0.4570
0.2873 0.0568 0.0177 0.0342 0.1078 0.3487 0.5922 0.5490 0.3023 0.0578
0.1913 0.0245 0.0084 0.0283 0.1529 0.4941 0.7050 0.5586 0.2040 0.0265
0.0137 0.0138 0.0461 0.2747 0.5935 0.5270 0.2027 0.0458 0.0122 0.0182
0.0129 0.0194 0.0769 0.3553 0.6041 0.4607 0.1358 0.0317 0.0111 0.0253
0.0731 0.3162 0.5837 0.5592 0.2830 0.0887 0.0226 0.0237 0.0613 0.3276
0.2559 0.4513 0.4542 0.2983 0.1172 0.0689 0.0508 0.0953 0.2376 0.4365
0.6581 0.5353 0.2195 0.0809 0.0359 0.0648 0.1760 0.4392 0.6640 0.4905
0.5688 0.3291 0.1061 0.0587 0.0472 0.1118 0.2863 0.4954 0.5800 0.3019
0.2077 0.0274 0.0090 0.0281 0.1432 0.4749 0.6980 0.5678 0.2215 0.0294
0.1035 0.0209 0.0128 0.0524 0.2347 0.5046 0.5786 0.3580 0.1062 0.0238
0.0107 0.0135 0.0558 0.3291 0.6379 0.5241 0.1667 0.0336 0.0093 0.0181
0.0314 0.0900 0.2620 0.4599 0.4349 0.2196 0.0553 0.0270 0.0266 0.1040
0.0969 0.3825 0.6158 0.5403 0.2388 0.0747 0.0219 0.0277 0.0822 0.3880
0.5219 0.5120 0.2919 0.1305 0.0536 0.0653 0.1170 0.2849 0.5180 0.4768
0.6702 0.5184 0.1958 0.0725 0.0346 0.0682 0.1967 0.4713 0.6779 0.4734
0.3265 0.0769 0.0235 0.0372 0.0951 0.2994 0.5432 0.5408 0.3416 0.0767
0.1951 0.0246 0.0083 0.0277 0.1506 0.4938 0.7091 0.5657 0.2083 0.0266
0.0162 0.0142 0.0415 0.2449 0.5639 0.5264 0.2259 0.0551 0.0145 0.0185
0.0117 0.0162 0.0662 0.3444 0.6223 0.4915 0.1492 0.0323 0.0101 0.0215
0.0683 0.2925 0.5613 0.5544 0.2943 0.0950 0.0239 0.0236 0.0572 0.3053
0.1936 0.4340 0.5107 0.3714 0.1475 0.0698 0.0385 0.0648 0.1748 0.4255
0.6392 0.5357 0.2331 0.0879 0.0381 0.0642 0.1635 0.4118 0.6437 0.4922
0.6296 0.4347 0.1511 0.0658 0.0393 0.0845 0.2333 0.4838 0.6389 0.3965
0.2185 0.0305 0.0099 0.0289 0.1374 0.4556 0.6835 0.5653 0.2325 0.0325
0.1615 0.0231 0.0093 0.0335 0.1737 0.4993 0.6740 0.5027 0.1707 0.0254
0.0107 0.0132 0.0536 0.3226 0.6370 0.5292 0.1720 0.0346 0.0093 0.0176
0.0190 0.0382 0.1355 0.4001 0.5316 0.3452 0.0927 0.0295 0.0162 0.0474
0.0849 0.3672 0.6251 0.5650 0.2589 0.0771 0.0204 0.0242 0.0713 0.3753
0.4045 0.4893 0.3578 0.1883 0.0743 0.0664 0.0828 0.1863 0.3924 0.4624
0.6716 0.5374 0.2123 0.0766 0.0344 0.0648 0.1837 0.4573 0.6785 0.4917
0.4916 0.2203 0.0674 0.0509 0.0588 0.1553 0.3599 0.5096 0.5046 0.2057
0.2000 0.0253 0.0084 0.0275 0.1477 0.4893 0.7085 0.5696 0.2135 0.0273
0.0524 0.0180 0.0198 0.0968 0.3454 0.5139 0.4353 0.1930 0.0513 0.0215
0.0105 0.0135 0.0565 0.3325 0.6401 0.5235 0.1646 0.0330 0.0091 0.0181
0.0443 0.1567 0.3854 0.5026 0.3707 0.1540 0.0382 0.0253 0.0373 0.1727
0.1095 0.3975 0.6076 0.5173 0.2210 0.0725 0.0234 0.0313 0.0937 0.4005
0.5465 0.5194 0.2821 0.1216 0.0500 0.0646 0.1241 0.3071 0.5442 0.4825
0.6748 0.5270 0.2005 0.0730 0.0340 0.0667 0.1937 0.4710 0.6824 0.4814
0.3241 0.0755 0.0231 0.0370 0.0958 0.3020 0.5461 0.5413 0.3391 0.0754
0.1952 0.0244 0.0082 0.0275 0.1506 0.4955 0.7113 0.5676 0.2085 0.0264
0.0158 0.0140 0.0417 0.2475 0.5677 0.5277 0.2242 0.0541 0.0142 0.0183
0.0111 0.0150 0.0621 0.3401 0.6303 0.5049 0.1551 0.0325 0.0096 0.0200
0.0682 0.2937 0.5635 0.5559 0.2944 0.0946 0.0237 0.0235 0.0572 0.3065
0.1731 0.4290 0.5346 0.4025 0.1607 0.0699 0.0344 0.0555 0.1545 0.4228
0.6051 0.5319 0.2533 0.1002 0.0422 0.0639 0.1462 0.3690 0.6071 0.4908
0.6671 0.5079 0.1885 0.0710 0.0349 0.0701 0.2023 0.4756 0.6751 0.4636
0.2488 0.0407 0.0130 0.0312 0.1228 0.4047 0.6425 0.5579 0.2633 0.0425
0.1900 0.0240 0.0082 0.0281 0.1538 0.4975 0.7079 0.5599 0.2027 0.0260
0.0115 0.0132 0.0503 0.3055 0.6245 0.5312 0.1831 0.0380 0.0101 0.0176
0.0123 0.0178 0.0720 0.3509 0.6131 0.4749 0.1415 0.0319 0.0106 0.0234
0.0770 0.3416 0.6105 0.5692 0.2745 0.0824 0.0209 0.0231 0.0644 0.3517
0.2520 0.4547 0.4636 0.3056 0.1188 0.0681 0.0490 0.0920 0.2333 0.4401
0.6197 0.5351 0.2463 0.0953 0.0404 0.0637 0.1524 0.3856 0.6226 0.4930
0.6618 0.4967 0.1822 0.0701 0.0355 0.0721 0.2070 0.4772 0.6700 0.4532
0.2273 0.0333 0.0108 0.0295 0.1327 0.4401 0.6716 0.5632 0.2414 0.0352
0.1870 0.0238 0.0083 0.0285 0.1557 0.4984 0.7056 0.5550 0.1994 0.0259
0.0109 0.0130 0.0520 0.3166 0.6347 0.5323 0.1765 0.0356 0.0095 0.0174
0.0125 0.0185 0.0743 0.3534 0.6093 0.4683 0.1386 0.0317 0.0108 0.0243
0.0791 0.3532 0.6212 0.5723 0.2700 0.0798 0.0203 0.0230 0.0662 0.3627
0.2684 0.4599 0.4518 0.2901 0.1123 0.0677 0.0520 0.1003 0.2500 0.4438
0.5989 0.5319 0.2578 0.1028 0.0430 0.0637 0.1429 0.3610 0.6003 0.4912
0.6740 0.5219 0.1964 0.0720 0.0341 0.0676 0.1968 0.4741 0.6818 0.4765
0.2486 0.0406 0.0129 0.0311 0.1226 0.4045 0.6426 0.5580 0.2629 0.0424
0.1929 0.0240 0.0081 0.0275 0.1520 0.4981 0.7121 0.5662 0.2060 0.0260
0.0115 0.0131 0.0501 0.3056 0.6254 0.5322 0.1834 0.0379 0.0100 0.0175
0.0111 0.0150 0.0622 0.3405 0.6306 0.5049 0.1549 0.0324 0.0096 0.0200
0.0761 0.3390 0.6096 0.5703 0.2765 0.0829 0.0209 0.0229 0.0636 0.3495
0.2175 0.4464 0.4953 0.3450 0.1344 0.0684 0.0421 0.0747 0.1985 0.4352
0.5365 0.5205 0.2907 0.1267 0.0514 0.0641 0.1191 0.2951 0.5333 0.4841
0.6740 0.5458 0.2187 0.0779 0.0341 0.0633 0.1793 0.4537 0.6806 0.4997
0.5133 0.2471 0.0761 0.0525 0.0548 0.1409 0.3378 0.5058 0.5253 0.2299
0.1969 0.0243 0.0081 0.0272 0.1496 0.4958 0.7137 0.5712 0.2104 0.0263
0.0627 0.0185 0.0175 0.0823 0.3146 0.5130 0.4746 0.2305 0.0621 0.0219
0.0102 0.0128 0.0543 0.3306 0.6461 0.5324 0.1683 0.0329 0.0088 0.0173
0.0349 0.1077 0.2989 0.4742 0.4148 0.1969 0.0491 0.0264 0.0295 0.1226
0.0970 0.3950 0.6331 0.5516 0.2387 0.0720 0.0206 0.0265 0.0820 0.4001
0.4183 0.4966 0.3553 0.1829 0.0715 0.0654 0.0847 0.1942 0.4069 0.4685
0.5119 0.5163 0.3045 0.1373 0.0550 0.0643 0.1107 0.2713 0.5069 0.4817
0.6146 0.5371 0.2520 0.0980 0.0410 0.0632 0.1483 0.3773 0.6170 0.4952
0.6748 0.5219 0.1959 0.0717 0.0339 0.0674 0.1970 0.4750 0.6824 0.4767
0.2173 0.0300 0.0098 0.0286 0.1371 0.4561 0.6848 0.5658 0.2309 0.0321
0.1909 0.0238 0.0081 0.0278 0.1532 0.4989 0.7108 0.5631 0.2038 0.0259
0.0105 0.0128 0.0528 0.3230 0.6410 0.5336 0.1731 0.0343 0.0091 0.0172
0.0112 0.0153 0.0631 0.3416 0.6290 0.5020 0.1535 0.0323 0.0097 0.0203
0.0800 0.3606 0.6296 0.5764 0.2684 0.0781 0.0198 0.0227 0.0669 0.3698
0.2987 0.4687 0.4308 0.2639 0.1018 0.0671 0.0578 0.1165 0.2812 0.4500
0.5689 0.5270 0.2742 0.1141 0.0469 0.0638 0.1306 0.3276 0.5681 0.4884
0.6791 0.5442 0.2136 0.0757 0.0335 0.0637 0.1841 0.4628 0.6861 0.4977
0.4976 0.2275 0.0697 0.0514 0.0577 0.1513 0.3537 0.5086 0.5104 0.2122
0.1989 0.0250 0.0083 0.0274 0.1483 0.4913 0.7101 0.5700 0.2125 0.0270
0.0440 0.0173 0.0221 0.1123 0.3767 0.5162 0.4003 0.1622 0.0425 0.0210
0.0105 0.0135 0.0565 0.3329 0.6408 0.5240 0.1645 0.0329 0.0091 0.0181
0.0488 0.1824 0.4252 0.5151 0.3528 0.1383 0.0343 0.0249 0.0411 0.1985
0.1212 0.4042 0.5921 0.4922 0.2068 0.0719 0.0254 0.0355 0.1047 0.4052
0.5943 0.5283 0.2572 0.1035 0.0436 0.0643 0.1426 0.3580 0.5955 0.4880
0.6646 0.5034 0.1863 0.0707 0.0352 0.0709 0.2040 0.4757 0.6727 0.4594
0.2699 0.0491 0.0154 0.0328 0.1142 0.3731 0.6147 0.5529 0.2847 0.0505
0.1881 0.0242 0.0085 0.0287 0.1550 0.4952 0.7026 0.5535 0.2004 0.0263
0.0122 0.0135 0.0495 0.2969 0.6145 0.5281 0.1876 0.0401 0.0107 0.0179
0.0142 0.0229 0.0889 0.3664 0.5865 0.4311 0.1237 0.0311 0.0122 0.0296
0.0782 0.3428 0.6088 0.5660 0.2721 0.0822 0.0211 0.0235 0.0655 0.3527
0.3183 0.4690 0.4109 0.2451 0.0958 0.0676 0.0632 0.1297 0.3018 0.4488
0.6690 0.5372 0.2139 0.0775 0.0347 0.0647 0.1820 0.4536 0.6757 0.4916
0.5295 0.2700 0.0843 0.0546 0.0528 0.1326 0.3229 0.5027 0.5417 0.2496
0.2041 0.0264 0.0087 0.0279 0.1453 0.4813 0.7025 0.5683 0.2178 0.0284
0.0638 0.0189 0.0177 0.0819 0.3114 0.5102 0.4743 0.2324 0.0633 0.0223
0.0108 0.0140 0.0579 0.3331 0.6358 0.5179 0.1626 0.0331 0.0094 0.0187
0.0441 0.1554 0.3828 0.5014 0.3713 0.1550 0.0385 0.0254 0.0372 0.1714
0.1109 0.3958 0.6021 0.5118 0.2192 0.0730 0.0239 0.0321 0.0951 0.3986
0.5704 0.5225 0.2681 0.1119 0.0467 0.0647 0.1338 0.3328 0.5700 0.4839
0.6659 0.5069 0.1884 0.0711 0.0350 0.0703 0.2023 0.4748 0.6739 0.4626
0.2830 0.0548 0.0171 0.0338 0.1094 0.3546 0.5978 0.5499 0.2979 0.0559
0.1905 0.0244 0.0084 0.0284 0.1535 0.4947 0.7048 0.5577 0.2031 0.0264
0.0129 0.0136 0.0480 0.2870 0.6054 0.5278 0.1942 0.0425 0.0113 0.0180
0.0134 0.0208 0.0817 0.3600 0.5970 0.4484 0.1306 0.0315 0.0115 0.0270
0.0762 0.3339 0.6013 0.5646 0.2761 0.0843 0.0215 0.0235 0.0639 0.3444
0.2743 0.4582 0.4427 0.2822 0.1101 0.0683 0.0540 0.1045 0.2563 0.4417
0.6614 0.5383 0.2202 0.0805 0.0355 0.0643 0.1760 0.4414 0.6674 0.4932
0.5795 0.3462 0.1128 0.0598 0.0457 0.1066 0.2767 0.4935 0.5903 0.3172
0.2078 0.0274 0.0090 0.0281 0.1432 0.4748 0.6980 0.5678 0.2216 0.0294
0.1064 0.0210 0.0125 0.0509 0.2306 0.5044 0.5850 0.3666 0.1094 0.0239
0.0106 0.0135 0.0558 0.3297 0.6388 0.5246 0.1665 0.0335 0.0092 0.0180
0.0332 0.0984 0.2799 0.4668 0.4247 0.2080 0.0522 0.0267 0.0281 0.1130
0.0960 0.3864 0.6233 0.5465 0.2401 0.0738 0.0213 0.0269 0.0813 0.3919
0.5090 0.5117 0.3012 0.1369 0.0555 0.0650 0.1118 0.2714 0.5040 0.4774
0.6759 0.5309 0.2033 0.0736 0.0339 0.0661 0.1915 0.4693 0.6833 0.4850
0.3706 0.1051 0.0318 0.0406 0.0832 0.2520 0.4906 0.5320 0.3855 0.1027
0.1968 0.0247 0.0082 0.0275 0.1496 0.4932 0.7101 0.5680 0.2101 0.0267
0.0197 0.0147 0.0367 0.2125 0.5274 0.5247 0.2555 0.0686 0.0179 0.0189
0.0112 0.0151 0.0622 0.3399 0.6298 0.5045 0.1551 0.0325 0.0097 0.0201
0.0647 0.2729 0.5405 0.5489 0.3034 0.1009 0.0253 0.0237 0.0542 0.2865
0.1615 0.4233 0.5452 0.4195 0.1692 0.0704 0.0325 0.0509 0.1432 0.4186
0.6149 0.5327 0.2472 0.0965 0.0410 0.0640 0.1512 0.3812 0.6176 0.4910
0.6576 0.4888 0.1781 0.0696 0.0360 0.0736 0.2102 0.4778 0.6659 0.4459
0.2378 0.0368 0.0118 0.0304 0.1278 0.4226 0.6573 0.5605 0.2522 0.0387
0.1835 0.0238 0.0085 0.0293 0.1579 0.4975 0.7003 0.5471 0.1954 0.0260
0.0112 0.0131 0.0518 0.3134 0.6305 0.5304 0.1779 0.0364 0.0097 0.0176
0.0143 0.0234 0.0906 0.3681 0.5846 0.4274 0.1221 0.0310 0.0123 0.0302
0.0803 0.3552 0.6208 0.5700 0.2677 0.0794 0.0204 0.0233 0.0673 0.3645
0.3117 0.4694 0.4182 0.2516 0.0977 0.0674 0.0612 0.1250 0.2948 0.4496
0.6568 0.5404 0.2255 0.0827 0.0360 0.0638 0.1715 0.4329 0.6624 0.4956
0.6081 0.3951 0.1331 0.0630 0.0419 0.0936 0.2517 0.4881 0.6180 0.3609
0.2074 0.0273 0.0090 0.0280 0.1434 0.4758 0.6989 0.5682 0.2212 0.0292
0.1369 0.0222 0.0104 0.0396 0.1952 0.5022 0.6404 0.4475 0.1432 0.0247
0.0105 0.0131 0.0544 0.3279 0.6417 0.5298 0.1691 0.0336 0.0091 0.0176
0.0238 0.0564 0.1846 0.4271 0.4884 0.2846 0.0736 0.0283 0.0202 0.0678
0.0889 0.3804 0.6330 0.5639 0.2519 0.0745 0.0201 0.0246 0.0748 0.3873
0.4227 0.4952 0.3499 0.1793 0.0706 0.0658 0.0867 0.1987 0.4116 0.4669
0.6705 0.5426 0.2181 0.0783 0.0345 0.0638 0.1792 0.4512 0.6769 0.4968
0.5483 0.2970 0.0939 0.0564 0.0499 0.1221 0.3051 0.4994 0.5599 0.2736
0.2005 0.0253 0.0084 0.0275 0.1474 0.4887 0.7083 0.5700 0.2141 0.0273
0.0788 0.0196 0.0152 0.0671 0.2767 0.5095 0.5223 0.2843 0.0794 0.0227
0.0104 0.0132 0.0552 0.3310 0.6430 0.5284 0.1669 0.0331 0.0090 0.0177
0.0367 0.1163 0.3152 0.4798 0.4057 0.1876 0.0467 0.0262 0.0310 0.1316
0.0975 0.3922 0.6279 0.5474 0.2379 0.0727 0.0210 0.0270 0.0826 0.3973
0.4694 0.5058 0.3250 0.1558 0.0620 0.0651 0.0989 0.2353 0.4614 0.4742
0.6718 0.5440 0.2185 0.0782 0.0343 0.0636 0.1791 0.4519 0.6783 0.4981
0.5461 0.2934 0.0926 0.0560 0.0502 0.1232 0.3071 0.4998 0.5576 0.2705
0.1992 0.0250 0.0083 0.0274 0.1482 0.4912 0.7102 0.5704 0.2128 0.0270
0.0744 0.0193 0.0157 0.0707 0.2860 0.5105 0.5103 0.2700 0.0746 0.0225
0.0103 0.0130 0.0549 0.3309 0.6441 0.5297 0.1673 0.0330 0.0089 0.0175
