0.0196 0.0412 0.1683 0.4710 0.5676 0.3452 0.1227 0.0281 0.0251 0.0612
0.0212 0.0850 0.3632 0.6501 0.5692 0.2233 0.0723 0.0195 0.0301 0.1153
0.0744 0.2643 0.5555 0.4985 0.2066 0.0758 0.0806 0.0537 0.1115 0.3322
0.2533 0.2516 0.2027 0.0789 0.0220 0.0384 0.1380 0.2362 0.2859 0.3180
0.2417 0.0653 0.0316 0.0162 0.0247 0.1598 0.5023 0.5073 0.2454 0.1128
0.0948 0.0288 0.0330 0.0382 0.1533 0.4655 0.6806 0.3841 0.1103 0.0608
0.0358 0.0103 0.0165 0.0619 0.3456 0.6380 0.5522 0.1759 0.0371 0.0207
0.0210 0.0287 0.1010 0.3418 0.5338 0.4167 0.1782 0.0402 0.0255 0.0454
0.0191 0.0747 0.3362 0.6529 0.5948 0.2415 0.0711 0.0180 0.0268 0.1016
0.0557 0.2195 0.5435 0.5568 0.2900 0.1004 0.0821 0.0429 0.0850 0.2834
0.2239 0.3387 0.3488 0.1520 0.0291 0.0287 0.0865 0.1567 0.2690 0.3994
0.3069 0.0858 0.0328 0.0131 0.0138 0.1029 0.4290 0.5326 0.3020 0.1379
0.1064 0.0317 0.0333 0.0348 0.1290 0.4295 0.6721 0.4036 0.1224 0.0660
0.0467 0.0130 0.0188 0.0519 0.2850 0.6056 0.6035 0.2287 0.0498 0.0267
0.0234 0.0173 0.0473 0.1963 0.4846 0.5208 0.2862 0.0659 0.0262 0.0299
0.0182 0.0674 0.3101 0.6428 0.6055 0.2571 0.0732 0.0178 0.0252 0.0923
0.0391 0.1633 0.4971 0.6052 0.3984 0.1387 0.0814 0.0324 0.0594 0.2169
0.1700 0.3638 0.4728 0.2630 0.0518 0.0317 0.0707 0.1050 0.2209 0.4237
0.3351 0.1119 0.0419 0.0146 0.0109 0.0732 0.3512 0.5065 0.3302 0.1688
0.1322 0.0379 0.0327 0.0286 0.0876 0.3519 0.6376 0.4325 0.1473 0.0755
0.0666 0.0193 0.0252 0.0449 0.2158 0.5424 0.6509 0.3038 0.0748 0.0407
0.0258 0.0116 0.0251 0.1157 0.4409 0.6028 0.4008 0.0990 0.0273 0.0215
0.0182 0.0588 0.2677 0.6048 0.6011 0.2798 0.0825 0.0195 0.0246 0.0821
0.0274 0.1151 0.4282 0.6382 0.5005 0.1828 0.0758 0.0240 0.0404 0.1551
0.1286 0.3523 0.5419 0.3673 0.0875 0.0396 0.0673 0.0777 0.1780 0.4145
0.3419 0.1725 0.0772 0.0242 0.0104 0.0455 0.2317 0.4141 0.3470 0.2355
0.1923 0.0518 0.0313 0.0199 0.0413 0.2274 0.5639 0.4822 0.2019 0.0952
0.0844 0.0253 0.0306 0.0405 0.1752 0.4967 0.6788 0.3605 0.0976 0.0537
0.0287 0.0092 0.0167 0.0779 0.4028 0.6496 0.4913 0.1336 0.0293 0.0179
0.0190 0.0451 0.1916 0.5098 0.5795 0.3278 0.1096 0.0252 0.0247 0.0658
0.0211 0.0864 0.3695 0.6555 0.5704 0.2208 0.0710 0.0192 0.0302 0.1169
0.0865 0.2961 0.5679 0.4751 0.1666 0.0616 0.0739 0.0577 0.1277 0.3629
0.3035 0.2917 0.2029 0.0662 0.0142 0.0271 0.1169 0.2546 0.3320 0.3533
0.2856 0.0751 0.0303 0.0132 0.0166 0.1242 0.4684 0.5360 0.2825 0.1248
0.0964 0.0291 0.0330 0.0376 0.1507 0.4637 0.6839 0.3896 0.1122 0.0615
0.0350 0.0096 0.0152 0.0595 0.3494 0.6501 0.5594 0.1768 0.0359 0.0193
0.0212 0.0262 0.0888 0.3150 0.5278 0.4352 0.1930 0.0433 0.0254 0.0420
0.0186 0.0732 0.3341 0.6578 0.6024 0.2442 0.0698 0.0174 0.0260 0.0994
0.0535 0.2160 0.5458 0.5680 0.3021 0.1028 0.0809 0.0411 0.0820 0.2791
0.2383 0.3934 0.4025 0.1694 0.0252 0.0218 0.0677 0.1431 0.2864 0.4462
0.3658 0.1048 0.0331 0.0108 0.0086 0.0721 0.3769 0.5563 0.3521 0.1596
0.1167 0.0341 0.0331 0.0320 0.1104 0.3982 0.6608 0.4176 0.1327 0.0699
0.0536 0.0147 0.0203 0.0478 0.2564 0.5866 0.6275 0.2592 0.0581 0.0308
0.0243 0.0139 0.0338 0.1510 0.4652 0.5659 0.3415 0.0805 0.0264 0.0248
0.0179 0.0652 0.3027 0.6413 0.6101 0.2621 0.0734 0.0176 0.0246 0.0894
0.0335 0.1422 0.4722 0.6236 0.4436 0.1557 0.0783 0.0282 0.0504 0.1899
0.1724 0.4052 0.5266 0.2967 0.0501 0.0265 0.0580 0.0935 0.2260 0.4589
0.3898 0.1636 0.0576 0.0161 0.0072 0.0423 0.2518 0.4797 0.3828 0.2245
0.1843 0.0497 0.0313 0.0206 0.0453 0.2419 0.5754 0.4779 0.1947 0.0922
0.0806 0.0239 0.0294 0.0412 0.1832 0.5073 0.6755 0.3502 0.0927 0.0508
0.0275 0.0092 0.0173 0.0832 0.4149 0.6479 0.4748 0.1251 0.0281 0.0178
0.0184 0.0517 0.2297 0.5630 0.5935 0.3025 0.0936 0.0217 0.0244 0.0736
0.0223 0.0924 0.3844 0.6544 0.5567 0.2114 0.0714 0.0199 0.0321 0.1249
0.1069 0.3372 0.5724 0.4322 0.1195 0.0465 0.0662 0.0649 0.1532 0.4007
0.3485 0.3132 0.1893 0.0536 0.0099 0.0216 0.1088 0.2806 0.3709 0.3709
0.3155 0.0815 0.0293 0.0115 0.0129 0.1059 0.4484 0.5548 0.3075 0.1324
0.0961 0.0290 0.0330 0.0377 0.1520 0.4664 0.6862 0.3903 0.1119 0.0614
0.0335 0.0089 0.0143 0.0593 0.3590 0.6605 0.5575 0.1719 0.0340 0.0180
0.0208 0.0279 0.0982 0.3384 0.5357 0.4217 0.1797 0.0402 0.0251 0.0443
0.0184 0.0735 0.3373 0.6629 0.6056 0.2433 0.0685 0.0170 0.0257 0.0995
0.0587 0.2333 0.5569 0.5558 0.2730 0.0924 0.0785 0.0434 0.0896 0.2978
0.2707 0.4476 0.4306 0.1646 0.0188 0.0159 0.0549 0.1435 0.3196 0.4908
0.4191 0.1218 0.0325 0.0090 0.0058 0.0537 0.3396 0.5796 0.3969 0.1780
0.1253 0.0361 0.0328 0.0299 0.0971 0.3733 0.6501 0.4277 0.1409 0.0729
0.0574 0.0159 0.0215 0.0464 0.2430 0.5745 0.6371 0.2742 0.0629 0.0334
0.0247 0.0127 0.0293 0.1349 0.4575 0.5846 0.3659 0.0873 0.0264 0.0230
0.0177 0.0646 0.3009 0.6415 0.6120 0.2635 0.0733 0.0175 0.0243 0.0886
0.0318 0.1359 0.4641 0.6295 0.4582 0.1613 0.0772 0.0270 0.0477 0.1818
0.1814 0.4284 0.5421 0.2977 0.0451 0.0233 0.0528 0.0925 0.2364 0.4781
0.4117 0.2041 0.0739 0.0187 0.0061 0.0311 0.1996 0.4494 0.4064 0.2653
0.2318 0.0604 0.0302 0.0161 0.0274 0.1773 0.5270 0.5110 0.2362 0.1065
0.0863 0.0258 0.0310 0.0399 0.1720 0.4941 0.6837 0.3678 0.1001 0.0550
0.0283 0.0085 0.0150 0.0727 0.4034 0.6640 0.5051 0.1375 0.0286 0.0166
0.0188 0.0458 0.1971 0.5198 0.5836 0.3244 0.1064 0.0244 0.0244 0.0666
0.0203 0.0834 0.3645 0.6617 0.5817 0.2253 0.0693 0.0183 0.0288 0.1127
0.0963 0.3230 0.5790 0.4615 0.1403 0.0516 0.0667 0.0594 0.1401 0.3870
0.3496 0.4305 0.3152 0.0899 0.0098 0.0134 0.0636 0.2075 0.3840 0.4729
0.4150 0.1100 0.0285 0.0082 0.0060 0.0605 0.3709 0.5983 0.3910 0.1644
0.1055 0.0314 0.0333 0.0349 0.1318 0.4363 0.6784 0.4056 0.1218 0.0656
0.0408 0.0106 0.0157 0.0521 0.3127 0.6374 0.5954 0.2093 0.0424 0.0218
0.0226 0.0184 0.0524 0.2156 0.4960 0.5083 0.2664 0.0604 0.0257 0.0312
0.0177 0.0694 0.3243 0.6609 0.6142 0.2518 0.0688 0.0167 0.0246 0.0942
0.0439 0.1849 0.5235 0.5983 0.3625 0.1224 0.0795 0.0348 0.0671 0.2423
0.2455 0.4828 0.5130 0.2229 0.0235 0.0150 0.0453 0.1146 0.3002 0.5208
0.4573 0.1734 0.0472 0.0111 0.0044 0.0332 0.2452 0.5373 0.4365 0.2325
0.1954 0.0520 0.0309 0.0193 0.0400 0.2255 0.5654 0.4874 0.2045 0.0954
0.0793 0.0233 0.0288 0.0412 0.1859 0.5124 0.6761 0.3481 0.0911 0.0496
0.0269 0.0089 0.0168 0.0831 0.4197 0.6528 0.4738 0.1233 0.0274 0.0172
0.0181 0.0548 0.2485 0.5874 0.6006 0.2917 0.0869 0.0203 0.0242 0.0773
0.0226 0.0944 0.3901 0.6560 0.5539 0.2085 0.0711 0.0200 0.0325 0.1274
0.1290 0.3787 0.5772 0.3957 0.0860 0.0351 0.0581 0.0709 0.1795 0.4365
0.3862 0.3917 0.2378 0.0598 0.0074 0.0141 0.0776 0.2596 0.4095 0.4383
0.3966 0.1026 0.0279 0.0085 0.0068 0.0682 0.3898 0.5944 0.3750 0.1563
0.1000 0.0300 0.0333 0.0365 0.1441 0.4560 0.6863 0.3987 0.1163 0.0633
0.0353 0.0089 0.0136 0.0543 0.3450 0.6636 0.5785 0.1861 0.0358 0.0182
0.0217 0.0221 0.0695 0.2667 0.5148 0.4699 0.2242 0.0502 0.0253 0.0364
0.0178 0.0707 0.3304 0.6656 0.6146 0.2489 0.0677 0.0165 0.0247 0.0957
0.0504 0.2088 0.5441 0.5814 0.3196 0.1069 0.0789 0.0386 0.0773 0.2701
0.2777 0.5054 0.4988 0.1942 0.0176 0.0124 0.0425 0.1257 0.3306 0.5383
0.4741 0.1670 0.0415 0.0094 0.0039 0.0332 0.2571 0.5635 0.4483 0.2254
0.1874 0.0501 0.0310 0.0201 0.0438 0.2386 0.5750 0.4822 0.1975 0.0928
0.0768 0.0223 0.0277 0.0414 0.1914 0.5208 0.6743 0.3415 0.0877 0.0474
0.0266 0.0088 0.0167 0.0836 0.4225 0.6544 0.4720 0.1219 0.0271 0.0170
0.0179 0.0567 0.2592 0.6005 0.6045 0.2859 0.0835 0.0195 0.0241 0.0793
0.0226 0.0950 0.3920 0.6566 0.5533 0.2077 0.0710 0.0200 0.0327 0.1282
0.1406 0.3989 0.5794 0.3790 0.0733 0.0306 0.0544 0.0737 0.1930 0.4535
0.4018 0.4410 0.2767 0.0669 0.0066 0.0111 0.0629 0.2418 0.4269 0.4795
0.4465 0.1170 0.0272 0.0072 0.0047 0.0524 0.3569 0.6165 0.4166 0.1718
0.1026 0.0307 0.0334 0.0357 0.1386 0.4479 0.6843 0.4030 0.1190 0.0645
0.0366 0.0091 0.0138 0.0527 0.3360 0.6603 0.5871 0.1939 0.0373 0.0187
0.0224 0.0189 0.0552 0.2250 0.5005 0.5017 0.2577 0.0581 0.0255 0.0320
0.0176 0.0700 0.3291 0.6670 0.6173 0.2502 0.0673 0.0163 0.0244 0.0948
0.0477 0.1997 0.5374 0.5895 0.3363 0.1123 0.0787 0.0369 0.0731 0.2595
0.2857 0.5302 0.5211 0.2012 0.0164 0.0110 0.0381 0.1214 0.3397 0.5581
0.4890 0.2174 0.0593 0.0123 0.0035 0.0236 0.1930 0.5142 0.4683 0.2757
0.2645 0.0677 0.0293 0.0139 0.0201 0.1460 0.4993 0.5322 0.2641 0.1156
0.0858 0.0255 0.0307 0.0398 0.1735 0.4979 0.6863 0.3684 0.0995 0.0544
0.0276 0.0079 0.0137 0.0700 0.4081 0.6761 0.5117 0.1379 0.0276 0.0155
0.0185 0.0484 0.2127 0.5430 0.5905 0.3140 0.0993 0.0228 0.0243 0.0697
0.0200 0.0828 0.3644 0.6648 0.5858 0.2265 0.0686 0.0180 0.0284 0.1117
0.1130 0.3579 0.5854 0.4318 0.1079 0.0410 0.0602 0.0642 0.1607 0.4180
0.3804 0.5213 0.3947 0.1065 0.0077 0.0087 0.0434 0.1832 0.4179 0.5472
0.5005 0.1397 0.0282 0.0063 0.0032 0.0378 0.3110 0.6305 0.4632 0.1955
0.1232 0.0355 0.0328 0.0303 0.1007 0.3818 0.6561 0.4271 0.1390 0.0721
0.0514 0.0134 0.0184 0.0463 0.2638 0.6031 0.6321 0.2565 0.0551 0.0281
0.0246 0.0118 0.0267 0.1263 0.4555 0.5977 0.3797 0.0907 0.0261 0.0216
0.0174 0.0667 0.3147 0.6580 0.6189 0.2579 0.0694 0.0165 0.0240 0.0908
0.0320 0.1379 0.4687 0.6316 0.4565 0.1593 0.0764 0.0269 0.0481 0.1841
0.2384 0.5111 0.5607 0.2576 0.0250 0.0137 0.0391 0.1012 0.2958 0.5440
0.4593 0.4013 0.1917 0.0389 0.0043 0.0111 0.0780 0.3168 0.4680 0.4434
0.4462 0.1153 0.0267 0.0070 0.0048 0.0535 0.3620 0.6196 0.4159 0.1698
0.0971 0.0293 0.0333 0.0374 0.1514 0.4676 0.6919 0.3959 0.1135 0.0622
0.0315 0.0076 0.0119 0.0551 0.3704 0.6861 0.5691 0.1712 0.0313 0.0155
0.0213 0.0239 0.0784 0.2916 0.5236 0.4536 0.2071 0.0462 0.0251 0.0388
0.0176 0.0713 0.3348 0.6709 0.6172 0.2474 0.0665 0.0161 0.0246 0.0964
0.0595 0.2391 0.5638 0.5587 0.2680 0.0892 0.0762 0.0430 0.0908 0.3033
0.3270 0.5680 0.5201 0.1781 0.0116 0.0084 0.0334 0.1305 0.3784 0.5875
0.5093 0.2496 0.0686 0.0131 0.0030 0.0189 0.1643 0.4993 0.4887 0.3058
0.3286 0.0830 0.0282 0.0107 0.0117 0.1012 0.4470 0.5668 0.3179 0.1340
0.0889 0.0266 0.0316 0.0392 0.1683 0.4916 0.6911 0.3778 0.1036 0.0568
0.0279 0.0073 0.0122 0.0635 0.4027 0.6898 0.5328 0.1462 0.0275 0.0145
0.0188 0.0441 0.1879 0.5081 0.5822 0.3316 0.1100 0.0250 0.0243 0.0644
0.0189 0.0777 0.3527 0.6692 0.6007 0.2352 0.0673 0.0170 0.0266 0.1049
0.1100 0.3551 0.5885 0.4407 0.1125 0.0419 0.0599 0.0624 0.1571 0.4153
0.3884 0.5940 0.4836 0.1354 0.0073 0.0064 0.0313 0.1548 0.4317 0.6065
0.5449 0.1930 0.0387 0.0072 0.0023 0.0234 0.2277 0.6004 0.5078 0.2496
0.2396 0.0618 0.0298 0.0154 0.0255 0.1706 0.5234 0.5181 0.2429 0.1082
0.0799 0.0232 0.0284 0.0405 0.1852 0.5152 0.6815 0.3529 0.0917 0.0495
0.0269 0.0078 0.0138 0.0719 0.4151 0.6775 0.5047 0.1334 0.0268 0.0152
0.0178 0.0563 0.2582 0.6005 0.6055 0.2868 0.0835 0.0194 0.0240 0.0789
0.0208 0.0871 0.3756 0.6638 0.5759 0.2197 0.0692 0.0186 0.0297 0.1175
0.1624 0.4372 0.5867 0.3547 0.0554 0.0238 0.0474 0.0776 0.2174 0.4847
0.4247 0.6154 0.4727 0.1189 0.0056 0.0053 0.0290 0.1664 0.4631 0.6227
0.5682 0.1941 0.0354 0.0062 0.0020 0.0219 0.2290 0.6222 0.5262 0.2498
0.2424 0.0624 0.0297 0.0152 0.0248 0.1678 0.5212 0.5201 0.2453 0.1090
0.0776 0.0223 0.0275 0.0407 0.1899 0.5222 0.6793 0.3466 0.0887 0.0475
0.0269 0.0076 0.0135 0.0709 0.4150 0.6799 0.5073 0.1342 0.0267 0.0150
0.0177 0.0583 0.2696 0.6135 0.6090 0.2807 0.0801 0.0187 0.0240 0.0812
0.0211 0.0886 0.3795 0.6634 0.5726 0.2176 0.0695 0.0188 0.0302 0.1195
0.1835 0.4644 0.5844 0.3274 0.0434 0.0197 0.0436 0.0829 0.2401 0.5066
0.4263 0.6385 0.5043 0.1297 0.0055 0.0048 0.0259 0.1564 0.4668 0.6417
0.5614 0.2746 0.0652 0.0107 0.0021 0.0146 0.1490 0.5275 0.5327 0.3270
0.4152 0.1057 0.0269 0.0078 0.0060 0.0636 0.3854 0.6077 0.3899 0.1594
0.0897 0.0268 0.0319 0.0390 0.1672 0.4910 0.6939 0.3813 0.1048 0.0575
0.0277 0.0068 0.0111 0.0594 0.4019 0.7013 0.5460 0.1507 0.0271 0.0136
0.0188 0.0439 0.1871 0.5073 0.5823 0.3323 0.1103 0.0251 0.0243 0.0642
0.0184 0.0758 0.3485 0.6716 0.6073 0.2388 0.0667 0.0166 0.0258 0.1023
0.1307 0.3931 0.5919 0.4058 0.0832 0.0325 0.0535 0.0681 0.1818 0.4479
0.4161 0.6530 0.5367 0.1464 0.0059 0.0047 0.0238 0.1440 0.4600 0.6538
0.4841 0.6222 0.4180 0.0857 0.0036 0.0044 0.0294 0.2006 0.5107 0.6262
0.6143 0.1778 0.0250 0.0040 0.0014 0.0215 0.2582 0.6861 0.5598 0.2316
0.1315 0.0373 0.0325 0.0284 0.0892 0.3583 0.6467 0.4376 0.1473 0.0750
0.0462 0.0114 0.0157 0.0458 0.2841 0.6303 0.6283 0.2413 0.0485 0.0238
0.0259 0.0089 0.0173 0.0883 0.4313 0.6515 0.4587 0.1158 0.0263 0.0171
0.0171 0.0681 0.3238 0.6685 0.6235 0.2545 0.0669 0.0159 0.0238 0.0922
0.0306 0.1333 0.4660 0.6394 0.4731 0.1656 0.0766 0.0260 0.0460 0.1786
0.3388 0.6125 0.5663 0.1958 0.0105 0.0067 0.0270 0.1197 0.3922 0.6228
0.4635 0.6865 0.5355 0.1286 0.0042 0.0036 0.0208 0.1543 0.5016 0.6801
0.4836 0.6970 0.5303 0.1201 0.0036 0.0032 0.0200 0.1605 0.5187 0.6884
0.5039 0.6860 0.4912 0.1012 0.0032 0.0032 0.0217 0.1787 0.5335 0.6786
0.6126 0.2636 0.0487 0.0071 0.0014 0.0134 0.1620 0.5922 0.5718 0.3147
0.3055 0.0805 0.0303 0.0123 0.0141 0.1105 0.4516 0.5461 0.2996 0.1315
0.0844 0.0289 0.0366 0.0469 0.1751 0.4635 0.6427 0.3356 0.0989 0.0598
0.0279 0.0125 0.0261 0.1109 0.4202 0.5911 0.4123 0.1071 0.0298 0.0232
0.0196 0.0624 0.2741 0.5931 0.5818 0.2710 0.0859 0.0211 0.0266 0.0874
0.0439 0.1747 0.5043 0.5799 0.3695 0.1340 0.0906 0.0379 0.0673 0.2340
0.1418 0.1717 0.2237 0.1410 0.0745 0.0912 0.1943 0.1750 0.1778 0.2423
0.1487 0.0536 0.0451 0.0340 0.0685 0.2540 0.5308 0.3914 0.1656 0.0984
0.0871 0.0315 0.0395 0.0488 0.1663 0.4369 0.6199 0.3277 0.1020 0.0639
0.0419 0.0207 0.0394 0.1015 0.3252 0.5061 0.4519 0.1498 0.0477 0.0392
0.0249 0.0425 0.1501 0.3836 0.4977 0.3456 0.1613 0.0410 0.0318 0.0658
0.0295 0.1005 0.3632 0.5678 0.4739 0.2037 0.0956 0.0301 0.0426 0.1403
0.0662 0.1905 0.4441 0.4326 0.2413 0.1147 0.1178 0.0637 0.0975 0.2586
0.1312 0.1167 0.1469 0.1033 0.0858 0.1397 0.2829 0.2154 0.1610 0.1804
0.1212 0.0455 0.0459 0.0411 0.0999 0.3161 0.5638 0.3627 0.1389 0.0868
0.0792 0.0295 0.0393 0.0534 0.1849 0.4516 0.6064 0.3028 0.0928 0.0598
0.0387 0.0219 0.0450 0.1204 0.3476 0.4925 0.4108 0.1288 0.0446 0.0404
0.0250 0.0482 0.1745 0.4159 0.5001 0.3229 0.1474 0.0382 0.0326 0.0732
0.0319 0.1063 0.3692 0.5532 0.4517 0.1963 0.0998 0.0328 0.0462 0.1488
0.0693 0.1867 0.4247 0.4061 0.2284 0.1160 0.1256 0.0693 0.1012 0.2555
0.1302 0.1016 0.1235 0.0895 0.0870 0.1594 0.3207 0.2355 0.1579 0.1621
0.1151 0.0421 0.0438 0.0413 0.1092 0.3403 0.5821 0.3626 0.1325 0.0816
0.0756 0.0281 0.0382 0.0546 0.1940 0.4626 0.6041 0.2938 0.0883 0.0569
0.0365 0.0212 0.0452 0.1276 0.3631 0.4963 0.3956 0.1195 0.0419 0.0389
0.0245 0.0498 0.1841 0.4336 0.5073 0.3164 0.1399 0.0362 0.0321 0.0751
0.0322 0.1096 0.3789 0.5592 0.4501 0.1921 0.0980 0.0326 0.0468 0.1528
0.0713 0.1910 0.4268 0.4014 0.2201 0.1122 0.1243 0.0704 0.1040 0.2602
0.1368 0.0973 0.1104 0.0780 0.0794 0.1610 0.3368 0.2543 0.1634 0.1566
0.1156 0.0408 0.0419 0.0396 0.1087 0.3477 0.5933 0.3708 0.1327 0.0797
0.0751 0.0268 0.0360 0.0525 0.1951 0.4734 0.6139 0.2986 0.0872 0.0547
0.0347 0.0194 0.0413 0.1254 0.3742 0.5129 0.3972 0.1165 0.0393 0.0356
0.0233 0.0506 0.1938 0.4589 0.5230 0.3123 0.1296 0.0329 0.0306 0.0754
0.0313 0.1098 0.3850 0.5715 0.4586 0.1912 0.0942 0.0310 0.0456 0.1523
0.0738 0.2013 0.4399 0.4044 0.2108 0.1051 0.1192 0.0703 0.1076 0.2713
0.1469 0.0984 0.1037 0.0697 0.0695 0.1530 0.3391 0.2701 0.1729 0.1579
0.1178 0.0403 0.0403 0.0378 0.1055 0.3488 0.6000 0.3794 0.1345 0.0789
0.0738 0.0263 0.0355 0.0528 0.1984 0.4779 0.6135 0.2957 0.0857 0.0536
0.0331 0.0192 0.0422 0.1330 0.3868 0.5129 0.3824 0.1089 0.0375 0.0350
0.0229 0.0520 0.2027 0.4744 0.5290 0.3066 0.1238 0.0313 0.0303 0.0770
0.0323 0.1158 0.3989 0.5748 0.4506 0.1843 0.0933 0.0314 0.0473 0.1599
0.0781 0.2053 0.4339 0.3871 0.1958 0.1011 0.1207 0.0743 0.1130 0.2760
0.1515 0.0926 0.0922 0.0614 0.0655 0.1586 0.3591 0.2890 0.1761 0.1504
0.1163 0.0390 0.0392 0.0373 0.1081 0.3584 0.6089 0.3822 0.1329 0.0770
0.0720 0.0253 0.0344 0.0529 0.2031 0.4855 0.6139 0.2921 0.0833 0.0517
0.0319 0.0188 0.0421 0.1378 0.3973 0.5160 0.3731 0.1036 0.0360 0.0341
0.0223 0.0540 0.2155 0.4973 0.5388 0.2993 0.1156 0.0291 0.0296 0.0791
0.0323 0.1193 0.4105 0.5846 0.4514 0.1797 0.0902 0.0306 0.0475 0.1639
0.0828 0.2199 0.4474 0.3856 0.1800 0.0913 0.1135 0.0748 0.1194 0.2911
0.1648 0.1012 0.0944 0.0583 0.0556 0.1390 0.3391 0.2951 0.1894 0.1608
0.1222 0.0399 0.0382 0.0350 0.0993 0.3467 0.6079 0.3933 0.1385 0.0783
0.0736 0.0253 0.0337 0.0509 0.1988 0.4868 0.6225 0.3007 0.0850 0.0519
0.0317 0.0177 0.0389 0.1305 0.3963 0.5279 0.3846 0.1068 0.0355 0.0323
0.0220 0.0512 0.2040 0.4865 0.5404 0.3083 0.1190 0.0296 0.0290 0.0755
0.0312 0.1163 0.4072 0.5897 0.4611 0.1834 0.0891 0.0297 0.0459 0.1598
0.0808 0.2170 0.4482 0.3912 0.1864 0.0936 0.1141 0.0736 0.1169 0.2880
0.1647 0.0961 0.0880 0.0549 0.0556 0.1456 0.3538 0.3045 0.1884 0.1544
0.1210 0.0389 0.0374 0.0346 0.1011 0.3542 0.6151 0.3959 0.1372 0.0769
0.0735 0.0245 0.0323 0.0493 0.1989 0.4941 0.6301 0.3053 0.0846 0.0505
0.0306 0.0168 0.0372 0.1307 0.4048 0.5369 0.3829 0.1041 0.0341 0.0307
0.0212 0.0518 0.2114 0.5050 0.5516 0.3053 0.1125 0.0276 0.0281 0.0757
0.0303 0.1149 0.4083 0.5985 0.4698 0.1843 0.0864 0.0284 0.0445 0.1573
0.0833 0.2344 0.4739 0.4050 0.1789 0.0850 0.1051 0.0711 0.1210 0.3057
0.1814 0.1048 0.0884 0.0507 0.0457 0.1262 0.3343 0.3145 0.2045 0.1647
0.1265 0.0401 0.0370 0.0331 0.0935 0.3408 0.6101 0.4032 0.1425 0.0787
0.0750 0.0250 0.0328 0.0488 0.1952 0.4902 0.6326 0.3101 0.0865 0.0516
0.0308 0.0163 0.0353 0.1252 0.4017 0.5435 0.3923 0.1073 0.0342 0.0299
0.0211 0.0521 0.2137 0.5099 0.5542 0.3043 0.1108 0.0271 0.0279 0.0759
0.0302 0.1150 0.4092 0.6004 0.4711 0.1841 0.0858 0.0281 0.0443 0.1572
0.0845 0.2375 0.4760 0.4036 0.1753 0.0832 0.1040 0.0715 0.1225 0.3088
0.1857 0.1050 0.0862 0.0485 0.0436 0.1240 0.3355 0.3210 0.2083 0.1649
0.1281 0.0397 0.0360 0.0319 0.0916 0.3417 0.6148 0.4095 0.1438 0.0781
0.0755 0.0244 0.0316 0.0470 0.1938 0.4960 0.6413 0.3168 0.0869 0.0507
0.0304 0.0149 0.0315 0.1168 0.4025 0.5606 0.4069 0.1108 0.0333 0.0276
0.0206 0.0497 0.2048 0.5045 0.5586 0.3121 0.1123 0.0271 0.0271 0.0727
0.0281 0.1085 0.4007 0.6112 0.4913 0.1916 0.0830 0.0261 0.0410 0.1482
0.0820 0.2433 0.4942 0.4248 0.1825 0.0817 0.0986 0.0671 0.1200 0.3141
0.1936 0.1175 0.0957 0.0512 0.0399 0.1082 0.3055 0.3107 0.2172 0.1795
0.1366 0.0417 0.0357 0.0300 0.0813 0.3208 0.6052 0.4191 0.1519 0.0811
0.0788 0.0252 0.0318 0.0452 0.1860 0.4912 0.6498 0.3293 0.0909 0.0525
0.0312 0.0139 0.0282 0.1052 0.3934 0.5748 0.4307 0.1197 0.0338 0.0262
0.0204 0.0479 0.1971 0.4982 0.5608 0.3186 0.1142 0.0272 0.0267 0.0702
0.0263 0.1024 0.3915 0.6204 0.5097 0.1988 0.0803 0.0244 0.0382 0.1398
0.0807 0.2504 0.5108 0.4422 0.1860 0.0791 0.0931 0.0637 0.1187 0.3205
0.2058 0.1374 0.1105 0.0549 0.0351 0.0887 0.2665 0.2976 0.2309 0.2021
0.1487 0.0446 0.0352 0.0275 0.0691 0.2934 0.5913 0.4315 0.1632 0.0852
0.0818 0.0259 0.0322 0.0438 0.1791 0.4858 0.6563 0.3402 0.0946 0.0542
0.0318 0.0134 0.0264 0.0985 0.3866 0.5825 0.4462 0.1262 0.0343 0.0255
0.0204 0.0454 0.1849 0.4826 0.5589 0.3282 0.1193 0.0282 0.0265 0.0671
0.0251 0.0979 0.3834 0.6254 0.5225 0.2047 0.0789 0.0233 0.0362 0.1336
0.0770 0.2524 0.5266 0.4661 0.1983 0.0797 0.0891 0.0593 0.1142 0.3218
0.2129 0.1634 0.1350 0.0636 0.0326 0.0722 0.2237 0.2733 0.2406 0.2304
0.1662 0.0491 0.0350 0.0249 0.0554 0.2570 0.5687 0.4456 0.1794 0.0916
0.0866 0.0273 0.0330 0.0421 0.1690 0.4754 0.6629 0.3547 0.1005 0.0572
0.0335 0.0129 0.0239 0.0870 0.3707 0.5930 0.4759 0.1402 0.0358 0.0248
0.0206 0.0411 0.1629 0.4502 0.5529 0.3466 0.1308 0.0306 0.0263 0.0617
0.0235 0.0911 0.3696 0.6308 0.5406 0.2143 0.0773 0.0219 0.0336 0.1244
0.0713 0.2470 0.5364 0.4918 0.2190 0.0838 0.0871 0.0547 0.1069 0.3156
0.2142 0.1912 0.1668 0.0767 0.0321 0.0605 0.1875 0.2454 0.2453 0.2596
0.1855 0.0540 0.0347 0.0224 0.0442 0.2235 0.5458 0.4601 0.1968 0.0983
0.0906 0.0283 0.0334 0.0406 0.1607 0.4673 0.6682 0.3668 0.1053 0.0593
0.0357 0.0123 0.0214 0.0753 0.3523 0.6041 0.5102 0.1582 0.0379 0.0241
0.0209 0.0360 0.1363 0.4058 0.5436 0.3723 0.1484 0.0343 0.0262 0.0552
0.0218 0.0838 0.3532 0.6357 0.5603 0.2258 0.0759 0.0206 0.0309 0.1145
0.0644 0.2331 0.5362 0.5158 0.2483 0.0920 0.0871 0.0502 0.0973 0.3003
0.2040 0.2159 0.2084 0.0983 0.0357 0.0548 0.1603 0.2124 0.2393 0.2852
0.2005 0.0582 0.0347 0.0209 0.0374 0.2000 0.5267 0.4691 0.2103 0.1039
0.0937 0.0290 0.0334 0.0393 0.1541 0.4606 0.6709 0.3754 0.1088 0.0608
0.0382 0.0123 0.0203 0.0675 0.3337 0.6069 0.5375 0.1758 0.0406 0.0245
0.0215 0.0306 0.1081 0.3500 0.5294 0.4050 0.1745 0.0400 0.0263 0.0481
0.0206 0.0780 0.3382 0.6373 0.5750 0.2361 0.0752 0.0197 0.0289 0.1067
0.0556 0.2124 0.5301 0.5460 0.2909 0.1043 0.0860 0.0442 0.0846 0.2766
0.1889 0.2665 0.2980 0.1483 0.0420 0.0450 0.1188 0.1630 0.2308 0.3349
0.2359 0.0695 0.0357 0.0183 0.0260 0.1535 0.4798 0.4849 0.2419 0.1185
0.1005 0.0308 0.0339 0.0372 0.1398 0.4408 0.6688 0.3888 0.1163 0.0642
0.0439 0.0136 0.0211 0.0605 0.3013 0.5928 0.5681 0.2038 0.0472 0.0276
0.0224 0.0249 0.0801 0.2844 0.5100 0.4467 0.2131 0.0489 0.0265 0.0406
0.0197 0.0731 0.3241 0.6366 0.5862 0.2454 0.0751 0.0191 0.0274 0.1002
0.0491 0.1953 0.5224 0.5698 0.3284 0.1154 0.0845 0.0396 0.0749 0.2562
0.1808 0.3104 0.3751 0.1946 0.0459 0.0381 0.0937 0.1339 0.2271 0.3759
0.2713 0.0830 0.0375 0.0167 0.0187 0.1174 0.4315 0.4947 0.2735 0.1352
0.1091 0.0328 0.0338 0.0345 0.1229 0.4152 0.6619 0.4027 0.1251 0.0676
0.0518 0.0156 0.0225 0.0535 0.2652 0.5741 0.6024 0.2405 0.0566 0.0320
0.0236 0.0192 0.0541 0.2125 0.4850 0.5006 0.2708 0.0629 0.0269 0.0328
0.0189 0.0678 0.3059 0.6307 0.5953 0.2568 0.0763 0.0188 0.0261 0.0933
0.0405 0.1666 0.4973 0.5968 0.3863 0.1355 0.0824 0.0337 0.0615 0.2212
0.1624 0.3428 0.4568 0.2609 0.0569 0.0357 0.0773 0.1064 0.2120 0.4057
0.3049 0.1043 0.0438 0.0168 0.0140 0.0855 0.3671 0.4864 0.3050 0.1606
0.1249 0.0367 0.0335 0.0306 0.0969 0.3675 0.6416 0.4213 0.1405 0.0736
0.0639 0.0192 0.0258 0.0478 0.2239 0.5409 0.6354 0.2879 0.0716 0.0401
0.0255 0.0144 0.0343 0.1460 0.4523 0.5607 0.3508 0.0852 0.0278 0.0259
0.0186 0.0619 0.2797 0.6104 0.5961 0.2715 0.0812 0.0196 0.0254 0.0862
0.0323 0.1339 0.4552 0.6197 0.4532 0.1631 0.0795 0.0279 0.0482 0.1799
0.1330 0.3371 0.5097 0.3355 0.0827 0.0415 0.0740 0.0855 0.1819 0.4014
0.3071 0.1317 0.0608 0.0221 0.0137 0.0671 0.2988 0.4363 0.3125 0.1923
0.1498 0.0425 0.0328 0.0258 0.0687 0.3042 0.6090 0.4452 0.1637 0.0823
0.0752 0.0229 0.0291 0.0442 0.1947 0.5118 0.6574 0.3266 0.0860 0.0481
0.0274 0.0120 0.0252 0.1098 0.4253 0.5987 0.4150 0.1065 0.0291 0.0224
0.0189 0.0537 0.2367 0.5642 0.5875 0.2961 0.0935 0.0221 0.0252 0.0765
0.0268 0.1103 0.4164 0.6353 0.5068 0.1885 0.0765 0.0238 0.0392 0.1491
0.1044 0.3122 0.5423 0.4118 0.1253 0.0529 0.0756 0.0693 0.1493 0.3790
0.2919 0.1759 0.1000 0.0360 0.0156 0.0515 0.2196 0.3527 0.3078 0.2408
0.1880 0.0517 0.0322 0.0207 0.0432 0.2303 0.5619 0.4747 0.1983 0.0951
0.0860 0.0264 0.0318 0.0410 0.1714 0.4865 0.6736 0.3604 0.0997 0.0557
0.0302 0.0104 0.0192 0.0820 0.3927 0.6287 0.4830 0.1347 0.0314 0.0202
0.0194 0.0443 0.1853 0.4965 0.5731 0.3314 0.1140 0.0263 0.0251 0.0651
0.0221 0.0896 0.3743 0.6487 0.5578 0.2158 0.0726 0.0201 0.0317 0.1214
0.0836 0.2866 0.5618 0.4779 0.1751 0.0651 0.0760 0.0571 0.1236 0.3539
0.2871 0.2694 0.1928 0.0667 0.0163 0.0316 0.1293 0.2557 0.3160 0.3333
0.2570 0.0692 0.0315 0.0151 0.0214 0.1451 0.4878 0.5161 0.2586 0.1177
0.0952 0.0290 0.0332 0.0383 0.1523 0.4630 0.6790 0.3839 0.1107 0.0612
0.0351 0.0105 0.0174 0.0655 0.3514 0.6328 0.5395 0.1687 0.0365 0.0210
0.0207 0.0315 0.1153 0.3724 0.5416 0.3980 0.1629 0.0369 0.0254 0.0491
0.0197 0.0774 0.3434 0.6521 0.5878 0.2363 0.0714 0.0183 0.0277 0.1052
0.0612 0.2363 0.5536 0.5428 0.2620 0.0910 0.0809 0.0457 0.0931 0.3020
0.2405 0.3433 0.3321 0.1358 0.0248 0.0265 0.0859 0.1677 0.2839 0.4026
0.3120 0.0873 0.0328 0.0128 0.0132 0.0998 0.4245 0.5350 0.3064 0.1397
0.1063 0.0318 0.0335 0.0349 0.1291 0.4288 0.6711 0.4027 0.1224 0.0661
0.0461 0.0130 0.0191 0.0535 0.2885 0.6037 0.5966 0.2235 0.0492 0.0268
0.0227 0.0200 0.0589 0.2318 0.4978 0.4909 0.2524 0.0576 0.0261 0.0337
0.0184 0.0692 0.3172 0.6468 0.6038 0.2529 0.0722 0.0177 0.0255 0.0945
0.0431 0.1790 0.5138 0.5949 0.3676 0.1263 0.0811 0.0349 0.0657 0.2358
0.1986 0.3940 0.4652 0.2312 0.0376 0.0251 0.0643 0.1150 0.2505 0.4487
0.3618 0.1167 0.0394 0.0127 0.0089 0.0652 0.3432 0.5275 0.3519 0.1737
0.1311 0.0377 0.0329 0.0289 0.0889 0.3542 0.6385 0.4311 0.1464 0.0752
0.0641 0.0187 0.0247 0.0460 0.2229 0.5475 0.6439 0.2937 0.0717 0.0391
0.0252 0.0130 0.0300 0.1344 0.4520 0.5798 0.3677 0.0889 0.0271 0.0237
0.0181 0.0619 0.2835 0.6205 0.6037 0.2711 0.0785 0.0187 0.0247 0.0857
0.0305 0.1285 0.4503 0.6299 0.4703 0.1683 0.0772 0.0262 0.0454 0.1724
0.1482 0.3801 0.5389 0.3357 0.0673 0.0324 0.0620 0.0842 0.2001 0.4382
0.3660 0.1790 0.0733 0.0214 0.0086 0.0409 0.2258 0.4322 0.3669 0.2414
0.1958 0.0527 0.0313 0.0195 0.0397 0.2221 0.5600 0.4846 0.2050 0.0963
0.0836 0.0252 0.0307 0.0410 0.1767 0.4967 0.6760 0.3570 0.0967 0.0534
0.0284 0.0097 0.0181 0.0835 0.4077 0.6400 0.4757 0.1276 0.0292 0.0187
0.0188 0.0482 0.2093 0.5343 0.5850 0.3151 0.1020 0.0236 0.0247 0.0697
0.0223 0.0918 0.3816 0.6523 0.5563 0.2125 0.0719 0.0200 0.0320 0.1241
0.0962 0.3155 0.5692 0.4526 0.1417 0.0539 0.0705 0.0615 0.1400 0.3811
0.3222 0.2951 0.1914 0.0589 0.0121 0.0253 0.1166 0.2696 0.3476 0.3556
0.2911 0.0762 0.0301 0.0128 0.0158 0.1206 0.4647 0.5396 0.2872 0.1262
0.0958 0.0290 0.0331 0.0379 0.1520 0.4649 0.6833 0.3878 0.1115 0.0613
0.0342 0.0096 0.0156 0.0621 0.3560 0.6484 0.5491 0.1702 0.0350 0.0193
0.0206 0.0305 0.1109 0.3658 0.5422 0.4042 0.1659 0.0373 0.0252 0.0476
0.0189 0.0754 0.3413 0.6596 0.5983 0.2397 0.0694 0.0175 0.0265 0.1022
0.0622 0.2420 0.5592 0.5442 0.2557 0.0875 0.0783 0.0454 0.0946 0.3073
0.2697 0.4137 0.3871 0.1455 0.0190 0.0182 0.0640 0.1571 0.3157 0.4623
0.3821 0.1070 0.0317 0.0099 0.0076 0.0676 0.3733 0.5694 0.3651 0.1619
0.1138 0.0335 0.0332 0.0327 0.1153 0.4070 0.6644 0.4140 0.1298 0.0689
0.0505 0.0140 0.0197 0.0496 0.2688 0.5947 0.6167 0.2454 0.0543 0.0289
0.0237 0.0157 0.0410 0.1765 0.4773 0.5403 0.3082 0.0714 0.0262 0.0276
0.0179 0.0671 0.3115 0.6481 0.6103 0.2575 0.0718 0.0173 0.0247 0.0917
0.0375 0.1587 0.4933 0.6126 0.4095 0.1414 0.0793 0.0309 0.0568 0.2106
0.1950 0.4268 0.5166 0.2665 0.0390 0.0223 0.0546 0.1017 0.2494 0.4764
0.4068 0.1572 0.0504 0.0136 0.0063 0.0423 0.2647 0.5075 0.3947 0.2172
0.1743 0.0474 0.0315 0.0218 0.0508 0.2593 0.5868 0.4704 0.1858 0.0891
0.0774 0.0229 0.0286 0.0421 0.1898 0.5144 0.6702 0.3400 0.0887 0.0486
0.0269 0.0098 0.0192 0.0918 0.4233 0.6357 0.4526 0.1166 0.0278 0.0187
0.0182 0.0549 0.2478 0.5847 0.5984 0.2916 0.0877 0.0205 0.0244 0.0774
0.0239 0.0999 0.4003 0.6503 0.5383 0.2010 0.0726 0.0211 0.0347 0.1348
0.1224 0.3615 0.5686 0.3996 0.0947 0.0390 0.0622 0.0706 0.1716 0.4220
0.3654 0.2969 0.1626 0.0440 0.0086 0.0222 0.1191 0.3092 0.3825 0.3554
0.3054 0.0788 0.0293 0.0119 0.0140 0.1125 0.4576 0.5503 0.2990 0.1291
0.0945 0.0285 0.0329 0.0381 0.1554 0.4710 0.6864 0.3868 0.1101 0.0605
0.0321 0.0088 0.0145 0.0626 0.3700 0.6611 0.5439 0.1625 0.0326 0.0177
0.0202 0.0326 0.1226 0.3915 0.5503 0.3907 0.1538 0.0345 0.0249 0.0503
0.0188 0.0756 0.3435 0.6630 0.6005 0.2392 0.0685 0.0172 0.0264 0.1023
0.0672 0.2573 0.5675 0.5334 0.2331 0.0797 0.0761 0.0474 0.1017 0.3231
0.2980 0.4477 0.3955 0.1363 0.0148 0.0146 0.0564 0.1619 0.3430 0.4897
0.4157 0.1169 0.0311 0.0088 0.0059 0.0566 0.3517 0.5853 0.3931 0.1724
0.1181 0.0344 0.0330 0.0316 0.1082 0.3949 0.6601 0.4198 0.1340 0.0703
0.0521 0.0142 0.0197 0.0481 0.2618 0.5923 0.6249 0.2542 0.0563 0.0297
0.0238 0.0148 0.0374 0.1645 0.4729 0.5531 0.3230 0.0752 0.0262 0.0261
0.0177 0.0664 0.3099 0.6492 0.6129 0.2589 0.0715 0.0172 0.0245 0.0907
0.0355 0.1515 0.4854 0.6195 0.4255 0.1473 0.0783 0.0295 0.0537 0.2014
0.2026 0.4527 0.5388 0.2739 0.0359 0.0196 0.0490 0.0986 0.2585 0.4976
0.4365 0.1990 0.0640 0.0153 0.0051 0.0300 0.2082 0.4817 0.4248 0.2593
0.2248 0.0588 0.0303 0.0167 0.0293 0.1853 0.5338 0.5065 0.2302 0.1044
0.0848 0.0254 0.0307 0.0404 0.1750 0.4969 0.6809 0.3626 0.0982 0.0540
0.0278 0.0088 0.0162 0.0784 0.4103 0.6555 0.4880 0.1302 0.0282 0.0172
0.0185 0.0498 0.2197 0.5507 0.5910 0.3090 0.0971 0.0224 0.0244 0.0714
0.0214 0.0888 0.3771 0.6583 0.5671 0.2166 0.0703 0.0192 0.0307 0.1200
0.1113 0.3499 0.5789 0.4289 0.1112 0.0430 0.0629 0.0651 0.1587 0.4116
0.3635 0.3988 0.2653 0.0717 0.0088 0.0146 0.0740 0.2364 0.3920 0.4454
0.3917 0.1023 0.0284 0.0088 0.0071 0.0692 0.3898 0.5900 0.3713 0.1560
0.1016 0.0304 0.0333 0.0361 0.1402 0.4494 0.6829 0.4001 0.1179 0.0640
0.0373 0.0098 0.0149 0.0549 0.3331 0.6489 0.5796 0.1923 0.0384 0.0199
0.0219 0.0217 0.0676 0.2607 0.5121 0.4735 0.2287 0.0513 0.0254 0.0359
0.0179 0.0710 0.3304 0.6639 0.6126 0.2484 0.0681 0.0166 0.0249 0.0961
0.0507 0.2088 0.5424 0.5793 0.3171 0.1063 0.0787 0.0387 0.0775 0.2699
0.2723 0.4986 0.4968 0.1963 0.0184 0.0130 0.0436 0.1251 0.3254 0.5329
0.4699 0.1619 0.0403 0.0093 0.0040 0.0347 0.2650 0.5665 0.4441 0.2202
0.1741 0.0472 0.0314 0.0217 0.0511 0.2611 0.5893 0.4715 0.1856 0.0888
0.0741 0.0216 0.0271 0.0423 0.1973 0.5256 0.6679 0.3315 0.0843 0.0457
0.0262 0.0098 0.0196 0.0957 0.4310 0.6345 0.4422 0.1117 0.0270 0.0186
0.0178 0.0593 0.2733 0.6152 0.6073 0.2780 0.0797 0.0188 0.0242 0.0824
0.0249 0.1050 0.4117 0.6495 0.5275 0.1941 0.0727 0.0218 0.0363 0.1414
0.1574 0.4189 0.5728 0.3497 0.0594 0.0264 0.0519 0.0796 0.2116 0.4702
0.4110 0.3770 0.2040 0.0477 0.0062 0.0140 0.0843 0.2909 0.4275 0.4246
0.3918 0.1008 0.0278 0.0086 0.0071 0.0704 0.3948 0.5934 0.3709 0.1543
0.0977 0.0294 0.0332 0.0372 0.1490 0.4630 0.6878 0.3947 0.1139 0.0623
0.0332 0.0086 0.0137 0.0579 0.3605 0.6667 0.5618 0.1728 0.0335 0.0174
0.0209 0.0266 0.0915 0.3237 0.5323 0.4318 0.1878 0.0419 0.0251 0.0424
0.0181 0.0727 0.3369 0.6668 0.6105 0.2447 0.0675 0.0166 0.0252 0.0983
0.0608 0.2414 0.5631 0.5533 0.2619 0.0878 0.0765 0.0439 0.0926 0.3059
0.3079 0.5195 0.4782 0.1677 0.0136 0.0107 0.0411 0.1383 0.3578 0.5486
0.4857 0.1585 0.0365 0.0082 0.0036 0.0341 0.2727 0.5874 0.4557 0.2161
0.1673 0.0456 0.0315 0.0225 0.0554 0.2743 0.5979 0.4666 0.1796 0.0866
0.0709 0.0203 0.0258 0.0427 0.2048 0.5358 0.6643 0.3221 0.0801 0.0430
0.0259 0.0098 0.0198 0.0972 0.4338 0.6339 0.4383 0.1099 0.0268 0.0186
0.0177 0.0609 0.2826 0.6257 0.6104 0.2733 0.0771 0.0182 0.0241 0.0842
0.0255 0.1085 0.4190 0.6484 0.5204 0.1901 0.0731 0.0222 0.0374 0.1460
0.1743 0.4417 0.5717 0.3279 0.0485 0.0225 0.0482 0.0839 0.2298 0.4887
0.4230 0.4122 0.2286 0.0515 0.0056 0.0118 0.0726 0.2775 0.4407 0.4542
0.4281 0.1109 0.0273 0.0076 0.0054 0.0581 0.3708 0.6098 0.4011 0.1653
0.0992 0.0298 0.0333 0.0368 0.1461 0.4590 0.6876 0.3978 0.1155 0.0630
0.0337 0.0086 0.0134 0.0561 0.3559 0.6683 0.5692 0.1776 0.0340 0.0174
0.0213 0.0244 0.0807 0.2970 0.5246 0.4493 0.2037 0.0455 0.0252 0.0395
0.0178 0.0717 0.3346 0.6681 0.6139 0.2466 0.0671 0.0164 0.0249 0.0970
0.0582 0.2343 0.5602 0.5612 0.2748 0.0916 0.0767 0.0424 0.0888 0.2981
0.3169 0.5449 0.5011 0.1739 0.0126 0.0095 0.0368 0.1338 0.3678 0.5690
0.5022 0.1898 0.0451 0.0093 0.0032 0.0267 0.2273 0.5616 0.4741 0.2478
0.2214 0.0577 0.0302 0.0169 0.0305 0.1908 0.5399 0.5059 0.2271 0.1030
0.0801 0.0235 0.0289 0.0408 0.1845 0.5119 0.6788 0.3515 0.0921 0.0501
0.0267 0.0087 0.0162 0.0817 0.4208 0.6575 0.4772 0.1239 0.0271 0.0168
0.0179 0.0560 0.2560 0.5970 0.6039 0.2877 0.0844 0.0197 0.0241 0.0786
0.0221 0.0929 0.3877 0.6585 0.5589 0.2105 0.0704 0.0196 0.0319 0.1253
0.1527 0.4198 0.5828 0.3644 0.0627 0.0267 0.0507 0.0761 0.2066 0.4707
0.4171 0.5149 0.3477 0.0825 0.0059 0.0081 0.0459 0.2119 0.4467 0.5404
0.5050 0.1374 0.0270 0.0060 0.0031 0.0380 0.3167 0.6384 0.4662 0.1929
0.1120 0.0329 0.0332 0.0331 0.1195 0.4165 0.6719 0.4149 0.1283 0.0681
0.0429 0.0109 0.0157 0.0494 0.3009 0.6349 0.6092 0.2221 0.0447 0.0226
0.0235 0.0149 0.0383 0.1698 0.4780 0.5506 0.3159 0.0728 0.0258 0.0263
0.0174 0.0686 0.3238 0.6650 0.6194 0.2534 0.0677 0.0162 0.0241 0.0930
0.0401 0.1717 0.5115 0.6104 0.3893 0.1315 0.0783 0.0322 0.0612 0.2261
0.2829 0.5462 0.5461 0.2169 0.0167 0.0104 0.0351 0.1142 0.3385 0.5711
0.4848 0.3430 0.1312 0.0252 0.0036 0.0132 0.1030 0.3862 0.4814 0.3917
0.4091 0.1044 0.0271 0.0080 0.0063 0.0652 0.3875 0.6040 0.3849 0.1580
0.0939 0.0283 0.0329 0.0382 0.1584 0.4774 0.6927 0.3894 0.1098 0.0604
0.0295 0.0075 0.0121 0.0598 0.3881 0.6875 0.5484 0.1568 0.0292 0.0150
0.0199 0.0334 0.1282 0.4050 0.5557 0.3851 0.1479 0.0331 0.0247 0.0513
0.0181 0.0741 0.3427 0.6705 0.6102 0.2419 0.0667 0.0165 0.0254 0.1000
0.0821 0.2978 0.5817 0.5008 0.1767 0.0610 0.0682 0.0524 0.1217 0.3622
0.3752 0.5930 0.4973 0.1461 0.0080 0.0067 0.0311 0.1476 0.4208 0.6062
0.5393 0.2088 0.0450 0.0083 0.0024 0.0217 0.2078 0.5758 0.5060 0.2654
0.2617 0.0669 0.0294 0.0140 0.0207 0.1489 0.5027 0.5310 0.2616 0.1147
0.0820 0.0241 0.0294 0.0403 0.1810 0.5085 0.6827 0.3580 0.0945 0.0514
0.0269 0.0080 0.0144 0.0742 0.4157 0.6718 0.4980 0.1313 0.0270 0.0157
0.0179 0.0554 0.2526 0.5938 0.6035 0.2898 0.0852 0.0198 0.0241 0.0778
0.0211 0.0883 0.3780 0.6625 0.5720 0.2176 0.0694 0.0188 0.0302 0.1191
0.1607 0.4338 0.5853 0.3559 0.0565 0.0243 0.0479 0.0773 0.2154 0.4818
0.4254 0.5994 0.4496 0.1108 0.0055 0.0057 0.0314 0.1747 0.4621 0.6096
0.5636 0.1718 0.0297 0.0054 0.0020 0.0255 0.2607 0.6455 0.5187 0.2274
0.1688 0.0458 0.0314 0.0223 0.0546 0.2726 0.5980 0.4688 0.1810 0.0870
0.0651 0.0180 0.0231 0.0429 0.2193 0.5573 0.6597 0.3064 0.0725 0.0380
0.0258 0.0093 0.0183 0.0922 0.4331 0.6444 0.4495 0.1129 0.0264 0.0177
0.0174 0.0641 0.3014 0.6463 0.6170 0.2646 0.0721 0.0171 0.0239 0.0877
0.0260 0.1111 0.4255 0.6492 0.5169 0.1874 0.0733 0.0225 0.0382 0.1494
0.2328 0.5158 0.5744 0.2716 0.0262 0.0136 0.0375 0.0963 0.2908 0.5476
0.4433 0.5974 0.4273 0.0986 0.0049 0.0055 0.0321 0.1869 0.4760 0.6073
0.5732 0.1673 0.0273 0.0049 0.0019 0.0256 0.2692 0.6604 0.5254 0.2225
0.1466 0.0408 0.0321 0.0256 0.0724 0.3201 0.6256 0.4504 0.1609 0.0800
0.0571 0.0151 0.0200 0.0442 0.2433 0.5855 0.6470 0.2796 0.0621 0.0318
0.0257 0.0094 0.0188 0.0946 0.4356 0.6413 0.4435 0.1107 0.0263 0.0179
0.0173 0.0661 0.3129 0.6577 0.6202 0.2593 0.0694 0.0165 0.0238 0.0900
0.0280 0.1207 0.4431 0.6443 0.4964 0.1771 0.0746 0.0240 0.0416 0.1620
0.2621 0.5453 0.5719 0.2469 0.0199 0.0110 0.0341 0.1030 0.3197 0.5706
0.4489 0.6288 0.4654 0.1089 0.0047 0.0047 0.0277 0.1746 0.4837 0.6329
0.5897 0.1878 0.0305 0.0051 0.0017 0.0215 0.2400 0.6508 0.5422 0.2427
0.2173 0.0566 0.0302 0.0172 0.0318 0.1966 0.5459 0.5045 0.2238 0.1017
0.0718 0.0202 0.0253 0.0415 0.2027 0.5389 0.6717 0.3290 0.0810 0.0429
0.0265 0.0080 0.0145 0.0757 0.4201 0.6719 0.4928 0.1284 0.0266 0.0156
0.0174 0.0628 0.2945 0.6400 0.6159 0.2681 0.0736 0.0174 0.0239 0.0862
0.0230 0.0975 0.3994 0.6583 0.5505 0.2048 0.0711 0.0202 0.0333 0.1315
0.2463 0.5345 0.5794 0.2640 0.0230 0.0121 0.0350 0.0979 0.3045 0.5622
0.4514 0.6658 0.5172 0.1259 0.0046 0.0040 0.0230 0.1578 0.4897 0.6634
0.5351 0.4631 0.1930 0.0314 0.0025 0.0072 0.0623 0.3421 0.5336 0.4922
0.5706 0.1568 0.0249 0.0046 0.0019 0.0282 0.2890 0.6720 0.5206 0.2112
0.0957 0.0289 0.0336 0.0379 0.1564 0.4754 0.6975 0.3960 0.1124 0.0619
0.0289 0.0065 0.0103 0.0537 0.3891 0.7082 0.5692 0.1635 0.0281 0.0133
0.0216 0.0222 0.0704 0.2706 0.5174 0.4686 0.2213 0.0494 0.0251 0.0365
0.0173 0.0707 0.3350 0.6749 0.6219 0.2485 0.0655 0.0158 0.0241 0.0954
0.0782 0.2922 0.5861 0.5147 0.1901 0.0643 0.0692 0.0507 0.1170 0.3573
0.4161 0.6609 0.5482 0.1513 0.0059 0.0045 0.0228 0.1403 0.4608 0.6602
0.4727 0.6893 0.5299 0.1235 0.0039 0.0034 0.0207 0.1582 0.5092 0.6822
0.5017 0.6703 0.4693 0.0954 0.0032 0.0035 0.0235 0.1859 0.5299 0.6655
0.6420 0.1940 0.0254 0.0037 0.0011 0.0180 0.2382 0.6938 0.5851 0.2469
0.1820 0.0484 0.0309 0.0206 0.0465 0.2476 0.5842 0.4815 0.1936 0.0911
0.0585 0.0154 0.0202 0.0433 0.2384 0.5833 0.6526 0.2865 0.0638 0.0325
0.0267 0.0076 0.0136 0.0718 0.4171 0.6796 0.5044 0.1327 0.0265 0.0150
0.0172 0.0670 0.3180 0.6631 0.6222 0.2571 0.0682 0.0162 0.0238 0.0909
0.0265 0.1145 0.4344 0.6503 0.5139 0.1852 0.0743 0.0230 0.0392 0.1541
0.3141 0.5922 0.5683 0.2106 0.0128 0.0079 0.0291 0.1145 0.3694 0.6071
0.4630 0.6634 0.5009 0.1164 0.0042 0.0040 0.0236 0.1658 0.4987 0.6611
0.5557 0.3580 0.1079 0.0171 0.0022 0.0103 0.1003 0.4448 0.5383 0.4018
0.4713 0.1225 0.0262 0.0064 0.0040 0.0473 0.3479 0.6311 0.4366 0.1772
0.0938 0.0283 0.0330 0.0383 0.1590 0.4783 0.6938 0.3898 0.1098 0.0605
0.0289 0.0072 0.0117 0.0592 0.3925 0.6935 0.5492 0.1553 0.0284 0.0144
0.0196 0.0359 0.1420 0.4315 0.5628 0.3709 0.1370 0.0308 0.0246 0.0544
0.0183 0.0751 0.3458 0.6707 0.6081 0.2400 0.0668 0.0166 0.0257 0.1013
0.0949 0.3265 0.5875 0.4723 0.1429 0.0509 0.0646 0.0574 0.1386 0.3897
0.3906 0.5738 0.4533 0.1233 0.0072 0.0069 0.0345 0.1653 0.4315 0.5900
0.5354 0.1649 0.0314 0.0062 0.0025 0.0287 0.2683 0.6274 0.4954 0.2212
0.1588 0.0436 0.0318 0.0237 0.0617 0.2919 0.6087 0.4599 0.1719 0.0839
0.0653 0.0184 0.0239 0.0439 0.2193 0.5524 0.6551 0.3036 0.0728 0.0388
0.0253 0.0108 0.0230 0.1110 0.4447 0.6159 0.4086 0.0999 0.0265 0.0201
0.0175 0.0644 0.3022 0.6456 0.6155 0.2637 0.0723 0.0172 0.0240 0.0882
0.0292 0.1250 0.4482 0.6389 0.4831 0.1715 0.0750 0.0248 0.0433 0.1675
0.2242 0.4975 0.5637 0.2714 0.0286 0.0151 0.0408 0.0974 0.2817 0.5333
0.4675 0.3646 0.1564 0.0312 0.0041 0.0126 0.0924 0.3520 0.4704 0.4114
0.4037 0.1034 0.0274 0.0082 0.0065 0.0666 0.3893 0.6004 0.3806 0.1570
0.0954 0.0288 0.0331 0.0379 0.1546 0.4710 0.6898 0.3908 0.1113 0.0612
0.0307 0.0081 0.0133 0.0614 0.3795 0.6743 0.5454 0.1591 0.0308 0.0163
0.0199 0.0336 0.1288 0.4054 0.5552 0.3843 0.1477 0.0331 0.0247 0.0515
0.0184 0.0750 0.3442 0.6680 0.6058 0.2400 0.0673 0.0168 0.0258 0.1013
0.0778 0.2873 0.5791 0.5103 0.1909 0.0655 0.0703 0.0511 0.1162 0.3523
0.3583 0.5596 0.4710 0.1420 0.0091 0.0080 0.0358 0.1521 0.4038 0.5795
0.5215 0.1672 0.0340 0.0069 0.0028 0.0293 0.2628 0.6108 0.4850 0.2240
0.1709 0.0464 0.0314 0.0221 0.0531 0.2677 0.5941 0.4697 0.1828 0.0878
0.0694 0.0198 0.0253 0.0430 0.2086 0.5403 0.6621 0.3173 0.0781 0.0419
0.0256 0.0102 0.0212 0.1032 0.4389 0.6260 0.4247 0.1052 0.0266 0.0192
0.0176 0.0629 0.2938 0.6374 0.6136 0.2678 0.0742 0.0176 0.0240 0.0864
0.0271 0.1156 0.4321 0.6445 0.5040 0.1816 0.0738 0.0233 0.0399 0.1553
0.2050 0.4805 0.5710 0.2943 0.0347 0.0173 0.0426 0.0913 0.2623 0.5199
0.4499 0.4372 0.2320 0.0484 0.0046 0.0099 0.0662 0.2839 0.4645 0.4743
0.4575 0.1196 0.0268 0.0068 0.0044 0.0499 0.3522 0.6228 0.4256 0.1744
0.1000 0.0300 0.0334 0.0365 0.1444 0.4567 0.6873 0.3993 0.1164 0.0635
0.0338 0.0085 0.0133 0.0556 0.3552 0.6694 0.5713 0.1787 0.0341 0.0173
0.0211 0.0255 0.0862 0.3111 0.5291 0.4403 0.1951 0.0435 0.0251 0.0410
0.0177 0.0716 0.3349 0.6694 0.6152 0.2467 0.0668 0.0163 0.0247 0.0968
0.0613 0.2434 0.5634 0.5527 0.2575 0.0858 0.0747 0.0436 0.0930 0.3072
0.3488 0.5860 0.5187 0.1668 0.0098 0.0074 0.0314 0.1358 0.3985 0.6015
0.5335 0.2297 0.0540 0.0099 0.0025 0.0196 0.1848 0.5460 0.5047 0.2859
0.2877 0.0732 0.0289 0.0126 0.0164 0.1274 0.4795 0.5453 0.2837 0.1223
0.0856 0.0255 0.0307 0.0399 0.1740 0.4983 0.6858 0.3675 0.0992 0.0543
0.0273 0.0080 0.0142 0.0725 0.4116 0.6724 0.5036 0.1343 0.0274 0.0157
0.0182 0.0523 0.2347 0.5718 0.5977 0.3001 0.0912 0.0211 0.0242 0.0742
0.0206 0.0857 0.3716 0.6633 0.5780 0.2214 0.0690 0.0184 0.0294 0.1157
0.1382 0.4009 0.5866 0.3892 0.0753 0.0305 0.0529 0.0712 0.1902 0.4547
0.4130 0.5713 0.4248 0.1064 0.0061 0.0066 0.0355 0.1805 0.4493 0.5870
0.5429 0.1576 0.0283 0.0056 0.0024 0.0296 0.2819 0.6446 0.4998 0.2134
0.1393 0.0392 0.0323 0.0269 0.0799 0.3376 0.6343 0.4432 0.1541 0.0776
0.0565 0.0152 0.0203 0.0451 0.2455 0.5841 0.6423 0.2752 0.0615 0.0319
0.0249 0.0112 0.0245 0.1180 0.4506 0.6082 0.3947 0.0952 0.0262 0.0207
0.0174 0.0662 0.3126 0.6564 0.6189 0.2591 0.0697 0.0166 0.0239 0.0902
0.0312 0.1347 0.4646 0.6346 0.4642 0.1624 0.0761 0.0263 0.0468 0.1800
0.2561 0.5342 0.5660 0.2474 0.0211 0.0118 0.0358 0.1035 0.3136 0.5621
0.4648 0.5016 0.2864 0.0579 0.0042 0.0075 0.0503 0.2556 0.4829 0.5274
0.5210 0.1401 0.0260 0.0055 0.0028 0.0359 0.3136 0.6495 0.4791 0.1953
0.1039 0.0310 0.0334 0.0354 0.1363 0.4447 0.6844 0.4057 0.1205 0.0651
0.0357 0.0087 0.0130 0.0518 0.3407 0.6685 0.5891 0.1924 0.0361 0.0178
0.0226 0.0179 0.0506 0.2114 0.4960 0.5135 0.2703 0.0611 0.0255 0.0305
0.0174 0.0699 0.3305 0.6707 0.6205 0.2503 0.0664 0.0160 0.0242 0.0945
0.0495 0.2068 0.5430 0.5854 0.3234 0.1072 0.0774 0.0376 0.0758 0.2671
0.3394 0.5973 0.5450 0.1842 0.0105 0.0072 0.0293 0.1260 0.3915 0.6107
0.5019 0.4380 0.1943 0.0348 0.0032 0.0086 0.0682 0.3294 0.5052 0.4726
0.5033 0.1329 0.0259 0.0058 0.0032 0.0399 0.3274 0.6441 0.4636 0.1879
0.0969 0.0292 0.0334 0.0375 0.1524 0.4692 0.6933 0.3962 0.1134 0.0622
0.0305 0.0073 0.0116 0.0558 0.3784 0.6913 0.5644 0.1662 0.0301 0.0149
0.0209 0.0263 0.0904 0.3222 0.5330 0.4339 0.1885 0.0420 0.0250 0.0420
0.0176 0.0717 0.3367 0.6725 0.6175 0.2465 0.0661 0.0161 0.0246 0.0968
0.0710 0.2718 0.5767 0.5296 0.2152 0.0722 0.0714 0.0477 0.1068 0.3365
0.3876 0.6301 0.5354 0.1573 0.0073 0.0055 0.0261 0.1386 0.4346 0.6360
0.5167 0.4505 0.1949 0.0335 0.0029 0.0079 0.0651 0.3340 0.5180 0.4825
0.5299 0.1419 0.0255 0.0053 0.0026 0.0348 0.3120 0.6552 0.4860 0.1968
0.0966 0.0292 0.0335 0.0376 0.1534 0.4708 0.6945 0.3963 0.1132 0.0622
0.0299 0.0071 0.0112 0.0554 0.3821 0.6963 0.5651 0.1649 0.0294 0.0144
0.0210 0.0253 0.0858 0.3109 0.5298 0.4412 0.1951 0.0434 0.0250 0.0408
