0.0098 0.0195 0.0778 0.3637 0.6835 0.4473 0.1506 0.0283 0.0116 0.0259
0.0421 0.1750 0.4000 0.4887 0.3616 0.1122 0.0340 0.0275 0.0557 0.1992
0.1284 0.3977 0.5313 0.4038 0.1736 0.0563 0.0268 0.0501 0.1647 0.4066
0.6100 0.5598 0.2463 0.0707 0.0352 0.0585 0.1229 0.3918 0.6292 0.5026
0.4884 0.2830 0.0859 0.0423 0.0561 0.1429 0.2873 0.4717 0.4861 0.2457
0.2089 0.0509 0.0166 0.0288 0.1577 0.4417 0.6041 0.4684 0.1916 0.0474
0.1399 0.0403 0.0182 0.0400 0.2136 0.4659 0.5592 0.3661 0.1306 0.0394
0.0101 0.0188 0.0720 0.3463 0.6790 0.4582 0.1618 0.0304 0.0119 0.0250
0.0269 0.0948 0.2683 0.4564 0.4613 0.1794 0.0529 0.0271 0.0346 0.1135
0.0955 0.3712 0.5676 0.4751 0.2124 0.0570 0.0219 0.0363 0.1267 0.3886
0.5381 0.5508 0.2897 0.0945 0.0431 0.0559 0.0971 0.3124 0.5662 0.5021
0.5819 0.4165 0.1357 0.0476 0.0407 0.0949 0.2127 0.4712 0.5870 0.3629
0.2239 0.0577 0.0185 0.0294 0.1476 0.4165 0.5836 0.4696 0.2067 0.0534
0.1761 0.0436 0.0160 0.0315 0.1815 0.4657 0.6030 0.4343 0.1616 0.0414
0.0124 0.0195 0.0635 0.3013 0.6460 0.4637 0.1855 0.0379 0.0143 0.0253
0.0150 0.0399 0.1425 0.4119 0.5934 0.3099 0.0935 0.0268 0.0185 0.0509
0.0782 0.3415 0.5711 0.5089 0.2423 0.0605 0.0207 0.0307 0.1054 0.3637
0.3856 0.5093 0.3625 0.1568 0.0666 0.0551 0.0652 0.1902 0.4263 0.4778
0.6358 0.5109 0.1813 0.0523 0.0334 0.0719 0.1704 0.4659 0.6455 0.4496
0.2648 0.0795 0.0247 0.0314 0.1244 0.3534 0.5274 0.4705 0.2486 0.0722
0.1917 0.0452 0.0153 0.0290 0.1702 0.4638 0.6169 0.4594 0.1750 0.0425
0.0228 0.0231 0.0467 0.1953 0.5349 0.4659 0.2586 0.0707 0.0249 0.0280
0.0106 0.0234 0.0936 0.3845 0.6663 0.4083 0.1299 0.0268 0.0127 0.0310
0.0656 0.3006 0.5471 0.5200 0.2722 0.0681 0.0218 0.0281 0.0888 0.3256
0.2306 0.4590 0.4575 0.2699 0.1098 0.0543 0.0400 0.0968 0.2749 0.4484
0.6528 0.5608 0.2169 0.0577 0.0310 0.0612 0.1449 0.4487 0.6661 0.4983
0.3626 0.1493 0.0446 0.0360 0.0863 0.2390 0.4100 0.4717 0.3512 0.1318
0.1983 0.0465 0.0154 0.0284 0.1655 0.4599 0.6183 0.4671 0.1810 0.0435
0.0665 0.0317 0.0271 0.0807 0.3343 0.4670 0.4243 0.1966 0.0659 0.0339
0.0094 0.0191 0.0786 0.3710 0.6905 0.4491 0.1483 0.0272 0.0112 0.0256
0.0492 0.2170 0.4586 0.5051 0.3285 0.0928 0.0283 0.0272 0.0658 0.2426
0.1323 0.4097 0.5413 0.4055 0.1693 0.0543 0.0260 0.0503 0.1698 0.4178
0.6228 0.5732 0.2518 0.0699 0.0337 0.0565 0.1211 0.3977 0.6418 0.5149
0.5091 0.3091 0.0945 0.0432 0.0523 0.1314 0.2709 0.4726 0.5083 0.2682
0.2070 0.0498 0.0163 0.0286 0.1592 0.4461 0.6083 0.4692 0.1896 0.0465
0.1461 0.0407 0.0176 0.0381 0.2075 0.4671 0.5690 0.3793 0.1358 0.0396
0.0098 0.0183 0.0719 0.3511 0.6857 0.4617 0.1610 0.0295 0.0115 0.0244
0.0253 0.0876 0.2552 0.4542 0.4750 0.1893 0.0555 0.0268 0.0325 0.1056
0.0905 0.3723 0.5829 0.4940 0.2195 0.0559 0.0205 0.0336 0.1211 0.3914
0.4971 0.5458 0.3157 0.1107 0.0483 0.0545 0.0849 0.2721 0.5299 0.5018
0.6215 0.4807 0.1642 0.0501 0.0353 0.0788 0.1849 0.4711 0.6295 0.4211
0.2340 0.0626 0.0199 0.0299 0.1414 0.4004 0.5699 0.4703 0.2169 0.0576
0.1860 0.0443 0.0154 0.0296 0.1742 0.4663 0.6145 0.4520 0.1700 0.0418
0.0136 0.0199 0.0599 0.2814 0.6298 0.4659 0.1973 0.0421 0.0155 0.0255
0.0123 0.0298 0.1142 0.3991 0.6355 0.3620 0.1114 0.0265 0.0150 0.0389
0.0741 0.3402 0.5823 0.5249 0.2501 0.0599 0.0197 0.0286 0.1006 0.3639
0.2939 0.4874 0.4233 0.2181 0.0879 0.0534 0.0482 0.1295 0.3390 0.4677
0.6618 0.5635 0.2134 0.0558 0.0301 0.0613 0.1484 0.4591 0.6741 0.4999
0.3247 0.1189 0.0359 0.0342 0.0989 0.2783 0.4532 0.4715 0.3110 0.1060
0.1964 0.0457 0.0152 0.0283 0.1670 0.4629 0.6205 0.4666 0.1792 0.0429
0.0458 0.0283 0.0328 0.1115 0.4025 0.4674 0.3622 0.1396 0.0469 0.0316
0.0094 0.0195 0.0809 0.3762 0.6903 0.4442 0.1446 0.0267 0.0112 0.0261
0.0583 0.2687 0.5194 0.5196 0.2941 0.0758 0.0236 0.0272 0.0788 0.2947
0.1463 0.4235 0.5350 0.3854 0.1571 0.0532 0.0272 0.0554 0.1857 0.4286
0.6378 0.5829 0.2515 0.0675 0.0321 0.0554 0.1227 0.4098 0.6558 0.5232
0.5061 0.3047 0.0929 0.0430 0.0529 0.1333 0.2740 0.4730 0.5050 0.2644
0.2047 0.0488 0.0159 0.0284 0.1609 0.4506 0.6122 0.4694 0.1872 0.0455
0.1437 0.0403 0.0177 0.0386 0.2099 0.4678 0.5669 0.3752 0.1337 0.0393
0.0093 0.0180 0.0729 0.3593 0.6928 0.4628 0.1578 0.0283 0.0110 0.0241
0.0287 0.1056 0.2914 0.4659 0.4462 0.1655 0.0484 0.0267 0.0371 0.1256
0.0918 0.3812 0.5927 0.4984 0.2167 0.0542 0.0198 0.0332 0.1232 0.4002
0.4912 0.5500 0.3260 0.1152 0.0490 0.0533 0.0812 0.2633 0.5253 0.5068
0.6414 0.5134 0.1802 0.0513 0.0328 0.0717 0.1722 0.4716 0.6506 0.4514
0.2386 0.0649 0.0206 0.0301 0.1386 0.3931 0.5636 0.4705 0.2216 0.0596
0.1889 0.0445 0.0152 0.0291 0.1722 0.4666 0.6179 0.4572 0.1725 0.0419
0.0141 0.0200 0.0587 0.2742 0.6236 0.4667 0.2019 0.0437 0.0160 0.0256
0.0115 0.0270 0.1060 0.3951 0.6493 0.3801 0.1179 0.0264 0.0139 0.0355
0.0739 0.3446 0.5902 0.5308 0.2501 0.0587 0.0191 0.0281 0.1006 0.3687
0.2677 0.4816 0.4445 0.2415 0.0958 0.0527 0.0436 0.1138 0.3134 0.4656
0.6668 0.5791 0.2257 0.0576 0.0294 0.0582 0.1407 0.4533 0.6802 0.5154
0.3681 0.1539 0.0458 0.0362 0.0847 0.2341 0.4046 0.4721 0.3570 0.1357
0.1977 0.0459 0.0152 0.0282 0.1661 0.4625 0.6212 0.4683 0.1803 0.0430
0.0694 0.0320 0.0264 0.0774 0.3269 0.4680 0.4331 0.2048 0.0685 0.0341
0.0090 0.0184 0.0773 0.3735 0.6973 0.4551 0.1493 0.0267 0.0108 0.0248
0.0534 0.2437 0.4932 0.5156 0.3113 0.0831 0.0254 0.0269 0.0719 0.2698
0.1186 0.4091 0.5693 0.4415 0.1822 0.0526 0.0229 0.0432 0.1548 0.4208
0.5974 0.5809 0.2802 0.0809 0.0361 0.0533 0.1054 0.3592 0.6210 0.5261
0.5970 0.4377 0.1438 0.0480 0.0386 0.0894 0.2044 0.4736 0.6029 0.3817
0.2129 0.0524 0.0170 0.0288 0.1550 0.4363 0.6006 0.4701 0.1955 0.0486
0.1759 0.0432 0.0157 0.0313 0.1818 0.4679 0.6058 0.4358 0.1613 0.0410
0.0100 0.0181 0.0694 0.3425 0.6825 0.4660 0.1663 0.0306 0.0117 0.0241
0.0173 0.0506 0.1722 0.4274 0.5606 0.2693 0.0794 0.0264 0.0217 0.0636
0.0813 0.3693 0.6046 0.5258 0.2342 0.0548 0.0184 0.0293 0.1105 0.3916
0.3585 0.5149 0.3956 0.1791 0.0717 0.0523 0.0564 0.1657 0.4024 0.4869
0.6717 0.5739 0.2169 0.0552 0.0291 0.0597 0.1471 0.4647 0.6838 0.5094
0.3101 0.1083 0.0328 0.0335 0.1045 0.2952 0.4709 0.4715 0.2956 0.0969
0.1956 0.0452 0.0150 0.0282 0.1677 0.4653 0.6228 0.4672 0.1782 0.0424
0.0358 0.0262 0.0370 0.1366 0.4496 0.4680 0.3242 0.1104 0.0374 0.0301
0.0092 0.0193 0.0809 0.3783 0.6928 0.4453 0.1441 0.0264 0.0110 0.0259
0.0641 0.3028 0.5564 0.5296 0.2753 0.0671 0.0210 0.0270 0.0872 0.3285
0.1478 0.4295 0.5411 0.3877 0.1556 0.0522 0.0267 0.0552 0.1878 0.4343
0.6323 0.5897 0.2635 0.0710 0.0325 0.0537 0.1160 0.3968 0.6519 0.5310
0.5564 0.3748 0.1182 0.0456 0.0445 0.1075 0.2345 0.4737 0.5592 0.3255
0.2053 0.0489 0.0160 0.0284 0.1605 0.4502 0.6121 0.4700 0.1877 0.0456
0.1656 0.0422 0.0163 0.0333 0.1900 0.4685 0.5950 0.4176 0.1524 0.0404
0.0093 0.0177 0.0719 0.3581 0.6945 0.4660 0.1595 0.0284 0.0109 0.0238
0.0216 0.0706 0.2204 0.4453 0.5102 0.2184 0.0637 0.0265 0.0275 0.0867
0.0844 0.3776 0.6079 0.5223 0.2284 0.0536 0.0184 0.0300 0.1145 0.3990
0.4012 0.5292 0.3756 0.1567 0.0632 0.0521 0.0629 0.1931 0.4429 0.4962
0.6721 0.5713 0.2139 0.0545 0.0291 0.0603 0.1492 0.4675 0.6839 0.5067
0.2856 0.0919 0.0282 0.0323 0.1147 0.3257 0.5014 0.4713 0.2700 0.0829
0.1949 0.0449 0.0149 0.0281 0.1682 0.4667 0.6240 0.4673 0.1775 0.0422
0.0293 0.0246 0.0408 0.1601 0.4878 0.4683 0.2952 0.0910 0.0312 0.0290
0.0092 0.0191 0.0806 0.3789 0.6943 0.4466 0.1444 0.0263 0.0109 0.0257
0.0666 0.3168 0.5708 0.5336 0.2682 0.0639 0.0201 0.0270 0.0907 0.3424
0.1462 0.4305 0.5457 0.3923 0.1567 0.0518 0.0261 0.0541 0.1862 0.4358
0.6227 0.5906 0.2720 0.0746 0.0334 0.0529 0.1112 0.3836 0.6439 0.5331
0.5854 0.4187 0.1356 0.0472 0.0403 0.0945 0.2133 0.4741 0.5903 0.3645
0.2065 0.0494 0.0161 0.0284 0.1597 0.4481 0.6105 0.4701 0.1889 0.0460
0.1736 0.0428 0.0158 0.0316 0.1836 0.4686 0.6043 0.4323 0.1592 0.0408
0.0093 0.0177 0.0714 0.3566 0.6941 0.4669 0.1604 0.0286 0.0110 0.0237
0.0194 0.0600 0.1959 0.4372 0.5354 0.2424 0.0708 0.0264 0.0244 0.0745
0.0826 0.3779 0.6134 0.5294 0.2312 0.0532 0.0179 0.0291 0.1125 0.4000
0.3498 0.5155 0.4051 0.1863 0.0735 0.0516 0.0541 0.1587 0.3944 0.4887
0.6797 0.5919 0.2296 0.0566 0.0281 0.0564 0.1396 0.4614 0.6928 0.5271
0.3429 0.1328 0.0398 0.0350 0.0926 0.2591 0.4327 0.4720 0.3302 0.1178
0.1963 0.0452 0.0149 0.0280 0.1672 0.4659 0.6244 0.4689 0.1788 0.0424
0.0571 0.0301 0.0290 0.0918 0.3619 0.4687 0.4004 0.1720 0.0573 0.0328
0.0088 0.0180 0.0766 0.3755 0.7017 0.4589 0.1498 0.0263 0.0105 0.0243
0.0597 0.2808 0.5355 0.5266 0.2888 0.0723 0.0223 0.0268 0.0810 0.3071
0.1179 0.4131 0.5768 0.4475 0.1827 0.0517 0.0222 0.0423 0.1543 0.4251
0.5590 0.5759 0.3043 0.0943 0.0403 0.0521 0.0930 0.3177 0.5874 0.5255
0.6472 0.5207 0.1829 0.0512 0.0321 0.0704 0.1705 0.4738 0.6565 0.4580
0.2209 0.0560 0.0180 0.0292 0.1497 0.4227 0.5894 0.4705 0.2035 0.0519
0.1898 0.0442 0.0150 0.0287 0.1717 0.4685 0.6214 0.4605 0.1731 0.0416
0.0112 0.0186 0.0649 0.3170 0.6635 0.4681 0.1791 0.0348 0.0130 0.0244
0.0111 0.0259 0.1029 0.3948 0.6563 0.3880 0.1203 0.0262 0.0134 0.0341
0.0767 0.3656 0.6133 0.5410 0.2428 0.0546 0.0176 0.0274 0.1049 0.3895
0.2250 0.4721 0.4841 0.2879 0.1114 0.0513 0.0362 0.0896 0.2707 0.4627
0.6580 0.6014 0.2570 0.0655 0.0299 0.0529 0.1217 0.4221 0.6753 0.5400
0.5280 0.3336 0.1029 0.0440 0.0491 0.1218 0.2571 0.4739 0.5285 0.2894
0.2001 0.0466 0.0153 0.0281 0.1644 0.4600 0.6202 0.4700 0.1825 0.0436
0.1579 0.0414 0.0167 0.0349 0.1966 0.4691 0.5867 0.4039 0.1459 0.0399
0.0088 0.0174 0.0733 0.3687 0.7032 0.4670 0.1554 0.0269 0.0104 0.0234
0.0285 0.1058 0.2931 0.4681 0.4472 0.1650 0.0480 0.0264 0.0370 0.1259
0.0865 0.3867 0.6152 0.5233 0.2241 0.0522 0.0180 0.0301 0.1175 0.4077
0.3668 0.5229 0.3988 0.1774 0.0697 0.0513 0.0561 0.1685 0.4109 0.4940
0.6824 0.5994 0.2357 0.0575 0.0278 0.0550 0.1361 0.4589 0.6959 0.5347
0.3593 0.1462 0.0436 0.0358 0.0874 0.2427 0.4146 0.4723 0.3476 0.1291
0.1962 0.0450 0.0148 0.0279 0.1674 0.4668 0.6255 0.4696 0.1787 0.0422
0.0751 0.0326 0.0251 0.0718 0.3133 0.4690 0.4484 0.2201 0.0736 0.0344
0.0086 0.0175 0.0752 0.3751 0.7054 0.4639 0.1517 0.0262 0.0103 0.0237
0.0586 0.2754 0.5305 0.5262 0.2925 0.0737 0.0227 0.0267 0.0794 0.3017
0.1064 0.4072 0.5941 0.4757 0.1956 0.0513 0.0204 0.0374 0.1412 0.4224
0.4651 0.5531 0.3519 0.1300 0.0525 0.0512 0.0721 0.2362 0.5028 0.5131
0.6844 0.5903 0.2244 0.0549 0.0277 0.0570 0.1435 0.4697 0.6966 0.5248
0.2757 0.0857 0.0264 0.0319 0.1192 0.3390 0.5143 0.4713 0.2597 0.0776
0.1950 0.0446 0.0148 0.0279 0.1682 0.4683 0.6263 0.4690 0.1775 0.0419
0.0293 0.0246 0.0406 0.1597 0.4877 0.4689 0.2961 0.0913 0.0312 0.0289
0.0088 0.0180 0.0770 0.3772 0.7027 0.4585 0.1490 0.0261 0.0104 0.0243
0.0698 0.3364 0.5912 0.5403 0.2592 0.0597 0.0188 0.0267 0.0954 0.3618
0.1252 0.4223 0.5747 0.4363 0.1748 0.0509 0.0227 0.0446 0.1630 0.4326
0.4880 0.5610 0.3431 0.1213 0.0492 0.0510 0.0759 0.2532 0.5239 0.5185
0.6874 0.5937 0.2256 0.0548 0.0274 0.0565 0.1430 0.4713 0.6995 0.5279
0.2628 0.0780 0.0243 0.0312 0.1255 0.3570 0.5312 0.4712 0.2464 0.0710
0.1948 0.0445 0.0147 0.0279 0.1684 0.4688 0.6267 0.4690 0.1773 0.0418
0.0241 0.0232 0.0447 0.1857 0.5250 0.4689 0.2691 0.0753 0.0261 0.0279
0.0087 0.0180 0.0770 0.3774 0.7030 0.4588 0.1490 0.0261 0.0104 0.0242
0.0721 0.3489 0.6028 0.5432 0.2532 0.0573 0.0181 0.0267 0.0987 0.3739
0.1302 0.4262 0.5701 0.4269 0.1700 0.0508 0.0233 0.0466 0.1687 0.4353
0.4307 0.5456 0.3715 0.1462 0.0578 0.0507 0.0653 0.2095 0.4714 0.5094
0.6905 0.6098 0.2408 0.0573 0.0269 0.0534 0.1340 0.4621 0.7040 0.5445
0.3443 0.1338 0.0400 0.0351 0.0922 0.2578 0.4314 0.4722 0.3316 0.1186
0.1955 0.0447 0.0147 0.0278 0.1679 0.4684 0.6270 0.4699 0.1780 0.0419
0.0727 0.0323 0.0255 0.0738 0.3187 0.4692 0.4431 0.2143 0.0715 0.0342
0.0085 0.0173 0.0746 0.3755 0.7076 0.4663 0.1524 0.0261 0.0101 0.0234
0.0647 0.3100 0.5665 0.5352 0.2732 0.0652 0.0203 0.0266 0.0882 0.3360
0.1041 0.4084 0.6014 0.4843 0.1983 0.0507 0.0197 0.0361 0.1387 0.4243
0.3297 0.5153 0.4251 0.2029 0.0779 0.0504 0.0495 0.1440 0.3759 0.4912
0.5723 0.5863 0.3069 0.0924 0.0386 0.0508 0.0929 0.3252 0.6002 0.5348
0.6692 0.5570 0.2020 0.0525 0.0295 0.0633 0.1576 0.4752 0.6797 0.4922
0.2067 0.0494 0.0161 0.0284 0.1596 0.4481 0.6107 0.4704 0.1891 0.0461
0.1928 0.0442 0.0147 0.0281 0.1695 0.4693 0.6258 0.4667 0.1757 0.0415
0.0095 0.0176 0.0700 0.3506 0.6911 0.4688 0.1637 0.0293 0.0111 0.0236
0.0098 0.0214 0.0886 0.3862 0.6815 0.4246 0.1345 0.0261 0.0117 0.0285
0.0790 0.3835 0.6324 0.5497 0.2370 0.0514 0.0165 0.0269 0.1086 0.4072
0.1928 0.4628 0.5159 0.3298 0.1263 0.0503 0.0311 0.0731 0.2375 0.4590
0.3383 0.5197 0.4225 0.1982 0.0758 0.0501 0.0503 0.1484 0.3844 0.4945
0.3725 0.5311 0.4050 0.1778 0.0683 0.0501 0.0551 0.1690 0.4172 0.5018
0.4997 0.5686 0.3434 0.1185 0.0475 0.0502 0.0764 0.2598 0.5351 0.5249
0.6993 0.6172 0.2420 0.0562 0.0261 0.0525 0.1343 0.4691 0.7124 0.5511
0.5083 0.3075 0.0939 0.0431 0.0525 0.1321 0.2722 0.4731 0.5074 0.2668
0.2078 0.0521 0.0173 0.0297 0.1579 0.4352 0.5942 0.4611 0.1911 0.0486
0.0339 0.0269 0.0405 0.1481 0.4584 0.4571 0.3031 0.1014 0.0358 0.0312
0.0155 0.0398 0.1382 0.4010 0.5872 0.3124 0.0970 0.0281 0.0191 0.0507
0.0881 0.3235 0.5119 0.4507 0.2275 0.0674 0.0264 0.0384 0.1155 0.3414
0.5404 0.4970 0.2279 0.0773 0.0439 0.0681 0.1269 0.3544 0.5613 0.4471
0.4703 0.2718 0.0847 0.0436 0.0592 0.1470 0.2870 0.4600 0.4685 0.2369
0.2343 0.0689 0.0230 0.0328 0.1397 0.3768 0.5357 0.4496 0.2194 0.0636
0.1060 0.0423 0.0261 0.0600 0.2526 0.4317 0.4584 0.2694 0.1028 0.0429
0.0197 0.0316 0.0826 0.2838 0.5517 0.3803 0.1616 0.0460 0.0228 0.0391
0.0458 0.1433 0.3031 0.4063 0.3540 0.1400 0.0506 0.0370 0.0582 0.1621
0.1904 0.3607 0.3683 0.2497 0.1332 0.0735 0.0530 0.0988 0.2253 0.3559
0.5296 0.4425 0.1824 0.0666 0.0464 0.0818 0.1574 0.3833 0.5448 0.3941
0.3995 0.1954 0.0608 0.0407 0.0752 0.1936 0.3459 0.4553 0.3930 0.1719
0.2174 0.0631 0.0220 0.0336 0.1495 0.3916 0.5416 0.4379 0.2032 0.0587
0.0854 0.0401 0.0299 0.0744 0.2871 0.4282 0.4145 0.2212 0.0846 0.0418
0.0207 0.0350 0.0911 0.2928 0.5401 0.3599 0.1497 0.0450 0.0241 0.0430
0.0521 0.1579 0.3116 0.3939 0.3292 0.1316 0.0501 0.0401 0.0659 0.1761
0.2167 0.3667 0.3423 0.2194 0.1202 0.0749 0.0603 0.1168 0.2517 0.3575
0.5276 0.4222 0.1662 0.0623 0.0471 0.0878 0.1715 0.3970 0.5404 0.3744
0.3666 0.1632 0.0508 0.0389 0.0843 0.2219 0.3804 0.4557 0.3578 0.1443
0.2080 0.0593 0.0210 0.0337 0.1557 0.4035 0.5496 0.4339 0.1941 0.0554
0.0743 0.0379 0.0316 0.0835 0.3112 0.4314 0.3944 0.1967 0.0743 0.0401
0.0199 0.0352 0.0949 0.3040 0.5471 0.3562 0.1435 0.0426 0.0233 0.0434
0.0537 0.1671 0.3266 0.4005 0.3226 0.1254 0.0475 0.0395 0.0682 0.1857
0.2247 0.3751 0.3445 0.2159 0.1163 0.0735 0.0604 0.1199 0.2603 0.3648
0.5367 0.4247 0.1636 0.0604 0.0459 0.0879 0.1751 0.4063 0.5487 0.3759
0.3571 0.1527 0.0472 0.0380 0.0874 0.2331 0.3952 0.4586 0.3472 0.1353
0.2043 0.0562 0.0198 0.0328 0.1587 0.4149 0.5623 0.4380 0.1899 0.0526
0.0679 0.0358 0.0318 0.0881 0.3276 0.4385 0.3888 0.1850 0.0682 0.0383
0.0177 0.0330 0.0963 0.3210 0.5697 0.3627 0.1387 0.0387 0.0209 0.0413
0.0529 0.1745 0.3467 0.4170 0.3235 0.1195 0.0437 0.0372 0.0678 0.1942
0.2279 0.3878 0.3583 0.2210 0.1143 0.0704 0.0574 0.1178 0.2648 0.3770
0.5529 0.4386 0.1666 0.0591 0.0436 0.0850 0.1741 0.4154 0.5646 0.3876
0.3520 0.1469 0.0452 0.0373 0.0891 0.2400 0.4045 0.4609 0.3415 0.1302
0.2012 0.0547 0.0194 0.0326 0.1610 0.4202 0.5667 0.4377 0.1867 0.0513
0.0597 0.0342 0.0336 0.0981 0.3507 0.4400 0.3693 0.1650 0.0606 0.0372
0.0173 0.0337 0.1012 0.3321 0.5734 0.3562 0.1322 0.0369 0.0205 0.0423
0.0567 0.1917 0.3696 0.4229 0.3094 0.1103 0.0406 0.0372 0.0730 0.2117
0.2522 0.4009 0.3483 0.2033 0.1045 0.0694 0.0612 0.1316 0.2896 0.3865
0.5548 0.4322 0.1604 0.0572 0.0435 0.0872 0.1804 0.4230 0.5654 0.3811
0.3383 0.1347 0.0414 0.0364 0.0936 0.2548 0.4218 0.4620 0.3267 0.1198
0.1973 0.0529 0.0188 0.0325 0.1639 0.4267 0.5718 0.4369 0.1828 0.0498
0.0535 0.0328 0.0351 0.1070 0.3709 0.4425 0.3546 0.1500 0.0547 0.0361
0.0165 0.0337 0.1051 0.3446 0.5818 0.3535 0.1267 0.0348 0.0197 0.0425
0.0586 0.2088 0.3987 0.4379 0.3013 0.1015 0.0366 0.0357 0.0761 0.2297
0.2554 0.4146 0.3638 0.2091 0.1028 0.0662 0.0579 0.1287 0.2941 0.3998
0.5724 0.4565 0.1710 0.0577 0.0410 0.0814 0.1722 0.4258 0.5839 0.4030
0.3477 0.1412 0.0431 0.0365 0.0906 0.2471 0.4145 0.4641 0.3364 0.1253
0.1989 0.0525 0.0184 0.0319 0.1631 0.4296 0.5774 0.4420 0.1840 0.0493
0.0552 0.0326 0.0339 0.1029 0.3656 0.4458 0.3641 0.1560 0.0562 0.0358
0.0156 0.0313 0.0999 0.3433 0.5935 0.3664 0.1314 0.0345 0.0186 0.0398
0.0560 0.2012 0.3930 0.4409 0.3098 0.1045 0.0370 0.0349 0.0728 0.2223
0.2503 0.4104 0.3637 0.2116 0.1047 0.0668 0.0576 0.1265 0.2888 0.3964
0.5698 0.4495 0.1667 0.0570 0.0414 0.0833 0.1760 0.4281 0.5807 0.3964
0.3373 0.1322 0.0404 0.0359 0.0941 0.2585 0.4277 0.4649 0.3253 0.1176
0.1977 0.0511 0.0178 0.0313 0.1643 0.4359 0.5851 0.4455 0.1824 0.0479
0.0509 0.0313 0.0344 0.1086 0.3811 0.4500 0.3564 0.1463 0.0521 0.0346
0.0144 0.0298 0.0995 0.3529 0.6084 0.3732 0.1300 0.0326 0.0172 0.0381
0.0556 0.2092 0.4120 0.4550 0.3097 0.0999 0.0345 0.0332 0.0727 0.2312
0.2423 0.4200 0.3866 0.2269 0.1072 0.0637 0.0525 0.1171 0.2821 0.4072
0.5858 0.4713 0.1762 0.0573 0.0392 0.0784 0.1690 0.4310 0.5973 0.4161
0.3488 0.1411 0.0429 0.0363 0.0904 0.2475 0.4160 0.4658 0.3373 0.1251
0.1997 0.0515 0.0178 0.0311 0.1629 0.4348 0.5856 0.4478 0.1842 0.0483
0.0530 0.0316 0.0336 0.1046 0.3737 0.4508 0.3639 0.1523 0.0540 0.0348
0.0142 0.0294 0.0994 0.3552 0.6120 0.3748 0.1298 0.0322 0.0169 0.0377
0.0559 0.2126 0.4180 0.4582 0.3083 0.0983 0.0337 0.0329 0.0733 0.2349
0.2431 0.4224 0.3891 0.2277 0.1067 0.0632 0.0520 0.1168 0.2832 0.4095
0.5900 0.4748 0.1768 0.0569 0.0387 0.0777 0.1690 0.4337 0.6014 0.4191
0.3402 0.1334 0.0405 0.0357 0.0933 0.2573 0.4275 0.4669 0.3280 0.1185
0.1991 0.0503 0.0172 0.0305 0.1637 0.4405 0.5928 0.4516 0.1832 0.0471
0.0540 0.0312 0.0324 0.1014 0.3707 0.4549 0.3725 0.1569 0.0548 0.0343
0.0131 0.0267 0.0934 0.3556 0.6285 0.3920 0.1352 0.0314 0.0156 0.0345
0.0520 0.2027 0.4141 0.4665 0.3216 0.1015 0.0337 0.0314 0.0683 0.2257
0.2180 0.4174 0.4135 0.2550 0.1170 0.0620 0.0463 0.1008 0.2582 0.4084
0.5968 0.4920 0.1878 0.0587 0.0377 0.0737 0.1603 0.4288 0.6095 0.4354
0.3613 0.1506 0.0454 0.0366 0.0865 0.2369 0.4052 0.4677 0.3503 0.1331
0.2019 0.0505 0.0171 0.0300 0.1619 0.4403 0.5953 0.4560 0.1856 0.0473
0.0630 0.0325 0.0296 0.0880 0.3430 0.4569 0.4010 0.1819 0.0631 0.0350
0.0123 0.0248 0.0888 0.3551 0.6404 0.4055 0.1398 0.0310 0.0146 0.0322
0.0492 0.1959 0.4122 0.4736 0.3318 0.1038 0.0336 0.0302 0.0648 0.2193
0.1926 0.4129 0.4424 0.2882 0.1291 0.0605 0.0405 0.0852 0.2325 0.4083
0.6073 0.5141 0.2017 0.0606 0.0362 0.0689 0.1507 0.4247 0.6213 0.4564
0.3847 0.1712 0.0514 0.0376 0.0797 0.2161 0.3813 0.4686 0.3752 0.1506
0.2044 0.0510 0.0171 0.0297 0.1603 0.4392 0.5964 0.4592 0.1879 0.0476
0.0709 0.0335 0.0277 0.0788 0.3222 0.4581 0.4230 0.2031 0.0702 0.0356
0.0119 0.0236 0.0854 0.3526 0.6468 0.4149 0.1440 0.0310 0.0142 0.0308
0.0465 0.1855 0.4018 0.4750 0.3430 0.1083 0.0345 0.0296 0.0612 0.2090
0.1672 0.4045 0.4697 0.3249 0.1440 0.0596 0.0355 0.0713 0.2059 0.4047
0.6069 0.5286 0.2159 0.0640 0.0360 0.0653 0.1407 0.4127 0.6227 0.4711
0.4243 0.2105 0.0632 0.0395 0.0696 0.1843 0.3421 0.4691 0.4176 0.1840
0.2091 0.0524 0.0173 0.0296 0.1571 0.4345 0.5945 0.4625 0.1923 0.0488
0.0890 0.0358 0.0243 0.0636 0.2834 0.4593 0.4654 0.2490 0.0865 0.0370
0.0116 0.0222 0.0806 0.3467 0.6530 0.4273 0.1506 0.0314 0.0137 0.0291
0.0416 0.1635 0.3744 0.4725 0.3659 0.1199 0.0374 0.0289 0.0546 0.1865
0.1430 0.3934 0.4958 0.3646 0.1616 0.0592 0.0312 0.0591 0.1799 0.3986
0.6006 0.5374 0.2291 0.0681 0.0365 0.0628 0.1318 0.3974 0.6184 0.4809
0.4599 0.2501 0.0755 0.0412 0.0617 0.1595 0.3095 0.4695 0.4557 0.2177
0.2128 0.0535 0.0176 0.0294 0.1547 0.4307 0.5928 0.4650 0.1958 0.0498
0.1117 0.0382 0.0213 0.0510 0.2471 0.4608 0.5094 0.3024 0.1063 0.0385
0.0114 0.0210 0.0757 0.3392 0.6576 0.4397 0.1582 0.0322 0.0134 0.0275
0.0350 0.1315 0.3277 0.4643 0.4031 0.1420 0.0434 0.0283 0.0456 0.1529
0.1234 0.3798 0.5144 0.3993 0.1796 0.0596 0.0282 0.0503 0.1580 0.3895
0.5866 0.5397 0.2413 0.0732 0.0379 0.0613 0.1235 0.3778 0.6065 0.4849
0.4875 0.2839 0.0866 0.0426 0.0562 0.1422 0.2852 0.4696 0.4855 0.2467
0.2159 0.0547 0.0178 0.0294 0.1527 0.4267 0.5902 0.4663 0.1989 0.0508
0.1320 0.0402 0.0193 0.0431 0.2218 0.4617 0.5421 0.3466 0.1240 0.0397
0.0117 0.0204 0.0715 0.3270 0.6547 0.4481 0.1667 0.0338 0.0136 0.0267
0.0282 0.0977 0.2691 0.4502 0.4518 0.1766 0.0532 0.0280 0.0362 0.1164
0.1029 0.3624 0.5349 0.4414 0.2035 0.0603 0.0251 0.0414 0.1344 0.3772
0.5417 0.5370 0.2706 0.0886 0.0430 0.0590 0.1053 0.3263 0.5675 0.4875
0.5467 0.3655 0.1160 0.0460 0.0459 0.1101 0.2366 0.4692 0.5494 0.3177
0.2274 0.0599 0.0193 0.0298 0.1452 0.4086 0.5756 0.4678 0.2104 0.0553
0.1564 0.0426 0.0176 0.0363 0.1974 0.4613 0.5741 0.3945 0.1450 0.0411
0.0125 0.0204 0.0668 0.3075 0.6428 0.4538 0.1784 0.0371 0.0145 0.0264
0.0226 0.0715 0.2168 0.4358 0.5022 0.2183 0.0654 0.0276 0.0286 0.0873
0.0907 0.3525 0.5515 0.4724 0.2209 0.0605 0.0230 0.0361 0.1202 0.3707
0.4908 0.5305 0.3016 0.1079 0.0495 0.0572 0.0894 0.2757 0.5224 0.4869
0.5898 0.4327 0.1436 0.0488 0.0395 0.0903 0.2037 0.4681 0.5959 0.3776
0.2419 0.0671 0.0213 0.0304 0.1366 0.3863 0.5566 0.4690 0.2251 0.0615
0.1755 0.0443 0.0164 0.0322 0.1817 0.4614 0.5965 0.4294 0.1614 0.0421
0.0147 0.0209 0.0602 0.2734 0.6159 0.4590 0.1990 0.0443 0.0167 0.0266
0.0166 0.0454 0.1554 0.4140 0.5719 0.2887 0.0874 0.0273 0.0205 0.0574
0.0795 0.3362 0.5587 0.4980 0.2405 0.0621 0.0218 0.0319 0.1066 0.3577
0.3992 0.5098 0.3510 0.1482 0.0641 0.0558 0.0688 0.2015 0.4386 0.4767
0.6265 0.4968 0.1748 0.0519 0.0345 0.0748 0.1752 0.4646 0.6358 0.4366
0.2735 0.0849 0.0263 0.0319 0.1201 0.3403 0.5146 0.4698 0.2577 0.0770
0.1886 0.0457 0.0159 0.0300 0.1720 0.4597 0.6082 0.4507 0.1727 0.0431
0.0217 0.0231 0.0490 0.2058 0.5445 0.4620 0.2476 0.0662 0.0238 0.0282
0.0127 0.0301 0.1128 0.3926 0.6304 0.3619 0.1133 0.0274 0.0154 0.0391
0.0696 0.3069 0.5432 0.5082 0.2626 0.0674 0.0224 0.0297 0.0937 0.3307
0.2923 0.4764 0.4093 0.2125 0.0888 0.0555 0.0507 0.1325 0.3362 0.4568
0.6420 0.5337 0.1979 0.0551 0.0324 0.0668 0.1575 0.4559 0.6536 0.4719
0.3220 0.1174 0.0355 0.0342 0.0999 0.2804 0.4548 0.4706 0.3083 0.1047
0.1957 0.0468 0.0158 0.0291 0.1670 0.4567 0.6115 0.4601 0.1790 0.0439
0.0378 0.0271 0.0370 0.1328 0.4387 0.4635 0.3269 0.1147 0.0394 0.0310
0.0109 0.0234 0.0916 0.3775 0.6625 0.4102 0.1330 0.0277 0.0130 0.0309
0.0601 0.2666 0.5078 0.5072 0.2895 0.0772 0.0247 0.0286 0.0808 0.2916
0.2019 0.4395 0.4683 0.2956 0.1231 0.0557 0.0373 0.0841 0.2444 0.4337
0.6389 0.5530 0.2187 0.0601 0.0324 0.0620 0.1422 0.4358 0.6532 0.4920
0.3991 0.1831 0.0545 0.0379 0.0760 0.2060 0.3706 0.4713 0.3901 0.1605
0.2021 0.0484 0.0160 0.0287 0.1625 0.4511 0.6103 0.4657 0.1850 0.0453
0.0765 0.0334 0.0255 0.0717 0.3096 0.4648 0.4458 0.2213 0.0750 0.0352
0.0100 0.0202 0.0803 0.3663 0.6794 0.4401 0.1471 0.0282 0.0119 0.0268
0.0481 0.2081 0.4445 0.4989 0.3335 0.0966 0.0297 0.0276 0.0642 0.2333
0.1345 0.4074 0.5335 0.3979 0.1676 0.0551 0.0268 0.0518 0.1719 0.4149
0.6212 0.5687 0.2480 0.0693 0.0339 0.0573 0.1230 0.3992 0.6399 0.5105
0.5052 0.3045 0.0931 0.0431 0.0530 0.1333 0.2734 0.4720 0.5042 0.2643
0.2104 0.0516 0.0168 0.0289 0.1567 0.4389 0.6017 0.4683 0.1930 0.0480
0.1306 0.0395 0.0190 0.0430 0.2237 0.4652 0.5451 0.3465 0.1226 0.0390
0.0101 0.0191 0.0735 0.3496 0.6787 0.4547 0.1591 0.0300 0.0119 0.0253
0.0316 0.1190 0.3129 0.4683 0.4247 0.1520 0.0451 0.0272 0.0411 0.1400
0.1012 0.3798 0.5659 0.4646 0.2041 0.0561 0.0224 0.0382 0.1337 0.3957
0.5495 0.5547 0.2857 0.0912 0.0417 0.0558 0.0995 0.3223 0.5765 0.5048
0.5857 0.4224 0.1381 0.0478 0.0401 0.0933 0.2100 0.4713 0.5910 0.3682
0.2262 0.0588 0.0189 0.0296 0.1462 0.4126 0.5801 0.4695 0.2090 0.0543
0.1730 0.0434 0.0162 0.0322 0.1838 0.4650 0.5987 0.4281 0.1590 0.0414
0.0118 0.0193 0.0657 0.3126 0.6546 0.4621 0.1790 0.0358 0.0136 0.0252
0.0176 0.0507 0.1711 0.4241 0.5580 0.2695 0.0802 0.0268 0.0219 0.0637
0.0816 0.3546 0.5813 0.5092 0.2351 0.0581 0.0202 0.0310 0.1100 0.3762
0.4185 0.5237 0.3526 0.1430 0.0604 0.0542 0.0695 0.2109 0.4577 0.4885
0.6400 0.5160 0.1833 0.0522 0.0329 0.0710 0.1693 0.4676 0.6498 0.4542
0.2656 0.0799 0.0249 0.0315 0.1240 0.3522 0.5263 0.4705 0.2494 0.0726
0.1902 0.0451 0.0154 0.0293 0.1712 0.4634 0.6148 0.4565 0.1738 0.0425
0.0193 0.0221 0.0510 0.2215 0.5662 0.4650 0.2365 0.0597 0.0214 0.0273
0.0115 0.0267 0.1041 0.3914 0.6491 0.3830 0.1199 0.0268 0.0140 0.0351
0.0703 0.3219 0.5661 0.5222 0.2597 0.0635 0.0207 0.0285 0.0952 0.3463
0.2527 0.4707 0.4468 0.2510 0.1012 0.0537 0.0426 0.1074 0.2977 0.4568
0.6584 0.5665 0.2188 0.0574 0.0304 0.0604 0.1443 0.4519 0.6715 0.5035
0.3657 0.1520 0.0453 0.0362 0.0854 0.2361 0.4067 0.4717 0.3544 0.1341
0.1985 0.0467 0.0155 0.0285 0.1653 0.4587 0.6170 0.4664 0.1812 0.0437
0.0583 0.0305 0.0291 0.0908 0.3578 0.4665 0.4010 0.1742 0.0585 0.0332
0.0096 0.0198 0.0809 0.3732 0.6865 0.4422 0.1451 0.0272 0.0114 0.0264
0.0544 0.2457 0.4923 0.5121 0.3079 0.0828 0.0256 0.0274 0.0732 0.2716
0.1420 0.4177 0.5343 0.3897 0.1608 0.0539 0.0271 0.0542 0.1808 0.4236
0.6301 0.5769 0.2505 0.0684 0.0329 0.0562 0.1225 0.4044 0.6485 0.5179
0.5080 0.3076 0.0940 0.0431 0.0525 0.1320 0.2719 0.4727 0.5072 0.2669
0.2072 0.0500 0.0163 0.0286 0.1590 0.4456 0.6077 0.4690 0.1898 0.0466
0.1374 0.0399 0.0183 0.0406 0.2163 0.4668 0.5570 0.3617 0.1283 0.0391
0.0096 0.0184 0.0734 0.3569 0.6884 0.4596 0.1577 0.0288 0.0113 0.0246
0.0317 0.1211 0.3187 0.4724 0.4237 0.1497 0.0441 0.0268 0.0413 0.1424
0.0962 0.3833 0.5840 0.4849 0.2104 0.0545 0.0207 0.0352 0.1283 0.4008
0.5309 0.5584 0.3046 0.1001 0.0438 0.0539 0.0909 0.2991 0.5609 0.5107
0.6189 0.4753 0.1614 0.0498 0.0356 0.0801 0.1875 0.4720 0.6266 0.4161
0.2301 0.0606 0.0194 0.0297 0.1437 0.4067 0.5754 0.4701 0.2129 0.0559
0.1827 0.0440 0.0156 0.0302 0.1766 0.4661 0.6107 0.4461 0.1672 0.0417
0.0124 0.0194 0.0631 0.3005 0.6466 0.4652 0.1865 0.0380 0.0142 0.0251
0.0141 0.0367 0.1343 0.4095 0.6066 0.3242 0.0979 0.0266 0.0173 0.0472
0.0774 0.3518 0.5900 0.5234 0.2428 0.0579 0.0193 0.0291 0.1050 0.3748
0.3297 0.5012 0.4050 0.1942 0.0784 0.0531 0.0532 0.1499 0.3741 0.4768
0.6631 0.5614 0.2104 0.0550 0.0300 0.0619 0.1506 0.4628 0.6750 0.4976
0.3103 0.1086 0.0329 0.0335 0.1043 0.2947 0.4702 0.4713 0.2959 0.0972
0.1955 0.0456 0.0152 0.0284 0.1676 0.4632 0.6200 0.4654 0.1784 0.0428
0.0353 0.0262 0.0374 0.1386 0.4521 0.4670 0.3210 0.1086 0.0370 0.0302
0.0097 0.0204 0.0842 0.3790 0.6846 0.4347 0.1403 0.0267 0.0115 0.0273
0.0630 0.2933 0.5447 0.5247 0.2792 0.0695 0.0218 0.0273 0.0854 0.3190
0.1651 0.4351 0.5189 0.3561 0.1434 0.0530 0.0296 0.0636 0.2065 0.4362
0.6465 0.5847 0.2469 0.0651 0.0312 0.0556 0.1260 0.4202 0.6635 0.5240
0.4896 0.2832 0.0857 0.0421 0.0559 0.1429 0.2880 0.4730 0.4872 0.2459
0.2033 0.0482 0.0158 0.0284 0.1619 0.4529 0.6139 0.4692 0.1859 0.0450
0.1292 0.0390 0.0189 0.0430 0.2255 0.4677 0.5464 0.3454 0.1212 0.0385
0.0092 0.0181 0.0742 0.3639 0.6948 0.4609 0.1552 0.0278 0.0109 0.0243
0.0354 0.1420 0.3546 0.4826 0.3988 0.1323 0.0391 0.0267 0.0465 0.1648
0.0971 0.3887 0.5898 0.4874 0.2087 0.0536 0.0203 0.0350 0.1296 0.4062
0.5355 0.5632 0.3070 0.0998 0.0432 0.0532 0.0904 0.3008 0.5655 0.5151
0.6306 0.4942 0.1703 0.0504 0.0341 0.0759 0.1800 0.4724 0.6390 0.4335
0.2307 0.0609 0.0194 0.0297 0.1434 0.4059 0.5748 0.4703 0.2135 0.0561
0.1858 0.0442 0.0153 0.0296 0.1744 0.4668 0.6149 0.4520 0.1698 0.0417
0.0123 0.0192 0.0629 0.3010 0.6480 0.4662 0.1866 0.0379 0.0141 0.0250
0.0129 0.0323 0.1221 0.4041 0.6249 0.3467 0.1056 0.0264 0.0158 0.0419
0.0766 0.3550 0.5974 0.5301 0.2440 0.0570 0.0187 0.0284 0.1043 0.3785
0.2878 0.4905 0.4343 0.2263 0.0895 0.0524 0.0461 0.1242 0.3336 0.4717
0.6708 0.5809 0.2246 0.0568 0.0290 0.0581 0.1418 0.4577 0.6839 0.5168
0.3598 0.1467 0.0438 0.0359 0.0872 0.2420 0.4137 0.4720 0.3481 0.1296
0.1975 0.0459 0.0152 0.0282 0.1662 0.4623 0.6207 0.4678 0.1801 0.0430
0.0549 0.0298 0.0298 0.0954 0.3691 0.4677 0.3923 0.1653 0.0553 0.0326
0.0092 0.0190 0.0793 0.3756 0.6939 0.4492 0.1465 0.0266 0.0110 0.0255
0.0588 0.2735 0.5260 0.5227 0.2920 0.0744 0.0230 0.0270 0.0796 0.2996
0.1348 0.4205 0.5525 0.4098 0.1665 0.0525 0.0250 0.0498 0.1732 0.4282
0.6191 0.5852 0.2685 0.0744 0.0338 0.0538 0.1125 0.3833 0.6401 0.5280
0.5722 0.3987 0.1276 0.0465 0.0422 0.1002 0.2225 0.4736 0.5762 0.3467
0.2090 0.0506 0.0165 0.0286 0.1578 0.4433 0.6064 0.4699 0.1915 0.0471
0.1663 0.0423 0.0163 0.0332 0.1893 0.4679 0.5950 0.4185 0.1531 0.0405
0.0096 0.0180 0.0712 0.3520 0.6892 0.4651 0.1618 0.0293 0.0113 0.0240
0.0220 0.0720 0.2233 0.4460 0.5068 0.2156 0.0629 0.0265 0.0280 0.0883
0.0847 0.3768 0.6057 0.5200 0.2279 0.0539 0.0185 0.0302 0.1148 0.3981
0.4013 0.5288 0.3749 0.1564 0.0632 0.0522 0.0630 0.1934 0.4429 0.4958
0.6709 0.5684 0.2118 0.0542 0.0292 0.0609 0.1505 0.4682 0.6825 0.5037
0.2850 0.0916 0.0281 0.0323 0.1149 0.3264 0.5020 0.4712 0.2694 0.0826
0.1944 0.0451 0.0150 0.0283 0.1685 0.4657 0.6223 0.4657 0.1772 0.0423
0.0245 0.0234 0.0447 0.1842 0.5219 0.4677 0.2698 0.0762 0.0265 0.0281
0.0097 0.0207 0.0858 0.3822 0.6842 0.4313 0.1381 0.0264 0.0116 0.0277
0.0690 0.3278 0.5800 0.5344 0.2617 0.0617 0.0195 0.0272 0.0941 0.3530
0.1715 0.4440 0.5215 0.3518 0.1390 0.0519 0.0296 0.0653 0.2138 0.4440
0.6463 0.5940 0.2576 0.0675 0.0311 0.0537 0.1203 0.4122 0.6645 0.5337
0.5387 0.3490 0.1085 0.0446 0.0473 0.1162 0.2483 0.4737 0.5401 0.3029
0.2038 0.0483 0.0158 0.0283 0.1616 0.4528 0.6141 0.4698 0.1862 0.0451
0.1507 0.0409 0.0172 0.0367 0.2031 0.4683 0.5767 0.3894 0.1397 0.0397
0.0091 0.0177 0.0731 0.3635 0.6975 0.4646 0.1567 0.0277 0.0107 0.0238
0.0300 0.1134 0.3066 0.4711 0.4356 0.1569 0.0459 0.0266 0.0390 0.1342
0.0892 0.3854 0.6058 0.5119 0.2201 0.0529 0.0187 0.0315 0.1205 0.4054
0.4450 0.5428 0.3552 0.1365 0.0557 0.0520 0.0702 0.2238 0.4838 0.5049
0.6703 0.5653 0.2092 0.0538 0.0293 0.0615 0.1523 0.4700 0.6817 0.5007
0.2692 0.0818 0.0253 0.0316 0.1223 0.3478 0.5225 0.4711 0.2530 0.0742
0.1937 0.0448 0.0150 0.0283 0.1690 0.4668 0.6230 0.4654 0.1766 0.0421
0.0205 0.0222 0.0486 0.2099 0.5551 0.4679 0.2471 0.0640 0.0226 0.0272
0.0097 0.0208 0.0864 0.3832 0.6838 0.4299 0.1372 0.0263 0.0116 0.0278
0.0712 0.3398 0.5916 0.5375 0.2560 0.0593 0.0188 0.0271 0.0972 0.3647
0.1749 0.4470 0.5204 0.3480 0.1368 0.0516 0.0299 0.0666 0.2176 0.4464
0.6428 0.5959 0.2625 0.0691 0.0314 0.0531 0.1175 0.4059 0.6617 0.5361
0.5586 0.3778 0.1193 0.0457 0.0442 0.1066 0.2331 0.4739 0.5615 0.3282
0.2040 0.0483 0.0158 0.0283 0.1615 0.4526 0.6141 0.4700 0.1864 0.0451
0.1591 0.0416 0.0166 0.0347 0.1955 0.4685 0.5874 0.4056 0.1469 0.0401
0.0090 0.0176 0.0729 0.3636 0.6984 0.4657 0.1571 0.0277 0.0107 0.0237
0.0275 0.1004 0.2826 0.4647 0.4551 0.1714 0.0499 0.0265 0.0356 0.1200
0.0868 0.3849 0.6118 0.5205 0.2239 0.0526 0.0182 0.0304 0.1177 0.4057
0.4074 0.5337 0.3761 0.1549 0.0620 0.0516 0.0631 0.1960 0.4491 0.5001
0.6794 0.5850 0.2226 0.0553 0.0282 0.0578 0.1441 0.4667 0.6917 0.5200
0.3054 0.1050 0.0319 0.0333 0.1063 0.3009 0.4768 0.4716 0.2907 0.0941
0.1954 0.0450 0.0149 0.0281 0.1679 0.4665 0.6243 0.4679 0.1780 0.0422
0.0327 0.0254 0.0386 0.1468 0.4669 0.4684 0.3112 0.1013 0.0344 0.0296
0.0091 0.0188 0.0797 0.3784 0.6964 0.4496 0.1455 0.0263 0.0108 0.0253
0.0680 0.3255 0.5799 0.5365 0.2641 0.0620 0.0195 0.0269 0.0928 0.3510
0.1385 0.4284 0.5571 0.4084 0.1629 0.0514 0.0248 0.0505 0.1778 0.4355
0.5994 0.5882 0.2875 0.0824 0.0358 0.0520 0.1025 0.3560 0.6236 0.5335
0.6313 0.4932 0.1689 0.0500 0.0341 0.0763 0.1814 0.4743 0.6395 0.4323
0.2130 0.0523 0.0169 0.0287 0.1550 0.4366 0.6010 0.4703 0.1955 0.0486
0.1845 0.0437 0.0152 0.0296 0.1755 0.4686 0.6160 0.4514 0.1685 0.0413
0.0098 0.0179 0.0694 0.3448 0.6856 0.4676 0.1659 0.0302 0.0115 0.0239
0.0144 0.0385 0.1403 0.4145 0.6014 0.3154 0.0942 0.0263 0.0178 0.0493
0.0797 0.3754 0.6185 0.5386 0.2365 0.0532 0.0174 0.0279 0.1089 0.3985
0.2778 0.4932 0.4496 0.2387 0.0923 0.0512 0.0432 0.1165 0.3243 0.4759
0.6724 0.6037 0.2483 0.0615 0.0286 0.0534 0.1278 0.4406 0.6878 0.5405
0.4743 0.2639 0.0792 0.0413 0.0589 0.1526 0.3019 0.4734 0.4707 0.2292
0.1984 0.0459 0.0151 0.0280 0.1657 0.4629 0.6225 0.4698 0.1808 0.0430
0.1245 0.0383 0.0191 0.0444 0.2311 0.4690 0.5413 0.3365 0.1171 0.0380
0.0087 0.0175 0.0744 0.3724 0.7046 0.4653 0.1533 0.0265 0.0103 0.0236
0.0451 0.1987 0.4391 0.5050 0.3458 0.0999 0.0299 0.0266 0.0603 0.2242
0.0937 0.3961 0.6095 0.5067 0.2127 0.0515 0.0187 0.0325 0.1262 0.4150
0.4331 0.5441 0.3674 0.1440 0.0575 0.0511 0.0664 0.2124 0.4734 0.5076
0.6862 0.5957 0.2288 0.0555 0.0275 0.0560 0.1409 0.4677 0.6987 0.5302
0.3049 0.1047 0.0318 0.0332 0.1065 0.3015 0.4774 0.4717 0.2903 0.0938
0.1953 0.0448 0.0148 0.0280 0.1680 0.4675 0.6255 0.4687 0.1779 0.0420
0.0353 0.0260 0.0370 0.1375 0.4518 0.4687 0.3234 0.1094 0.0370 0.0300
0.0088 0.0182 0.0777 0.3774 0.7011 0.4563 0.1482 0.0262 0.0105 0.0245
0.0691 0.3329 0.5876 0.5392 0.2609 0.0605 0.0190 0.0268 0.0945 0.3582
0.1262 0.4226 0.5730 0.4340 0.1739 0.0510 0.0229 0.0451 0.1640 0.4326
0.5274 0.5717 0.3245 0.1066 0.0440 0.0511 0.0839 0.2861 0.5596 0.5249
0.6780 0.5745 0.2129 0.0535 0.0285 0.0600 0.1506 0.4734 0.6893 0.5091
0.2396 0.0653 0.0207 0.0301 0.1381 0.3920 0.5629 0.4709 0.2226 0.0600
0.1935 0.0445 0.0148 0.0281 0.1692 0.4686 0.6253 0.4667 0.1762 0.0417
0.0142 0.0199 0.0578 0.2713 0.6225 0.4686 0.2044 0.0443 0.0161 0.0254
0.0094 0.0202 0.0845 0.3830 0.6885 0.4358 0.1393 0.0261 0.0113 0.0270
0.0754 0.3642 0.6152 0.5449 0.2454 0.0547 0.0174 0.0269 0.1033 0.3886
0.1681 0.4479 0.5328 0.3618 0.1408 0.0508 0.0283 0.0627 0.2107 0.4487
0.5536 0.5792 0.3129 0.0977 0.0408 0.0511 0.0895 0.3092 0.5832 0.5296
0.6719 0.5628 0.2056 0.0528 0.0292 0.0622 0.1552 0.4744 0.6827 0.4978
0.2219 0.0565 0.0181 0.0292 0.1490 0.4212 0.5881 0.4706 0.2045 0.0522
0.1928 0.0443 0.0148 0.0282 0.1697 0.4690 0.6252 0.4660 0.1757 0.0416
0.0116 0.0187 0.0638 0.3106 0.6585 0.4687 0.1826 0.0359 0.0133 0.0245
0.0097 0.0210 0.0874 0.3851 0.6835 0.4278 0.1359 0.0261 0.0116 0.0281
0.0769 0.3720 0.6219 0.5465 0.2417 0.0533 0.0171 0.0269 0.1056 0.3961
0.1766 0.4530 0.5266 0.3501 0.1355 0.0507 0.0293 0.0663 0.2199 0.4522
0.5120 0.5687 0.3333 0.1126 0.0459 0.0508 0.0802 0.2721 0.5458 0.5236
0.6872 0.5910 0.2230 0.0543 0.0274 0.0571 0.1448 0.4732 0.6991 0.5251
0.2421 0.0666 0.0210 0.0302 0.1366 0.3881 0.5594 0.4709 0.2251 0.0611
0.1944 0.0445 0.0147 0.0279 0.1686 0.4690 0.6268 0.4687 0.1770 0.0417
0.0160 0.0206 0.0545 0.2496 0.6009 0.4689 0.2182 0.0501 0.0180 0.0259
0.0089 0.0184 0.0786 0.3788 0.7002 0.4539 0.1468 0.0261 0.0106 0.0248
0.0759 0.3687 0.6203 0.5475 0.2440 0.0538 0.0171 0.0267 0.1041 0.3930
0.1473 0.4383 0.5550 0.3970 0.1554 0.0505 0.0253 0.0534 0.1880 0.4434
0.4064 0.5398 0.3854 0.1587 0.0619 0.0504 0.0609 0.1919 0.4490 0.5065
0.6718 0.6128 0.2594 0.0638 0.0285 0.0515 0.1218 0.4320 0.6884 0.5503
0.5073 0.3055 0.0930 0.0429 0.0527 0.1331 0.2741 0.4739 0.5062 0.2650
0.1964 0.0450 0.0148 0.0279 0.1673 0.4672 0.6261 0.4702 0.1788 0.0421
0.1569 0.0412 0.0167 0.0350 0.1974 0.4694 0.5860 0.4024 0.1450 0.0398
0.0085 0.0171 0.0739 0.3743 0.7084 0.4683 0.1535 0.0262 0.0101 0.0232
0.0418 0.1804 0.4146 0.4997 0.3618 0.1085 0.0322 0.0265 0.0557 0.2054
0.0869 0.3948 0.6258 0.5300 0.2228 0.0506 0.0173 0.0295 0.1184 0.4159
0.2748 0.4971 0.4587 0.2446 0.0930 0.0503 0.0417 0.1132 0.3219 0.4803
0.3684 0.5294 0.4065 0.1799 0.0692 0.0501 0.0547 0.1667 0.4132 0.5006
0.5315 0.5770 0.3281 0.1067 0.0434 0.0503 0.0830 0.2868 0.5639 0.5300
0.6900 0.5936 0.2236 0.0540 0.0272 0.0567 0.1448 0.4753 0.7018 0.5274
0.2160 0.0537 0.0173 0.0289 0.1530 0.4315 0.5969 0.4706 0.1985 0.0498
0.1940 0.0443 0.0147 0.0279 0.1687 0.4692 0.6270 0.4688 0.1768 0.0416
0.0107 0.0183 0.0662 0.3263 0.6719 0.4689 0.1749 0.0331 0.0124 0.0241
0.0091 0.0191 0.0808 0.3806 0.6959 0.4470 0.1438 0.0261 0.0108 0.0256
0.0784 0.3813 0.6311 0.5500 0.2383 0.0517 0.0165 0.0268 0.1077 0.4052
0.1924 0.4621 0.5155 0.3299 0.1265 0.0504 0.0311 0.0731 0.2370 0.4583
0.4561 0.5544 0.3613 0.1355 0.0538 0.0505 0.0691 0.2271 0.4950 0.5154
0.6862 0.6139 0.2490 0.0595 0.0272 0.0522 0.1289 0.4521 0.7008 0.5495
0.4853 0.2773 0.0836 0.0418 0.0568 0.1459 0.2925 0.4736 0.4825 0.2407
0.1977 0.0456 0.0150 0.0280 0.1662 0.4643 0.6237 0.4699 0.1801 0.0427
0.1172 0.0375 0.0197 0.0471 0.2403 0.4691 0.5302 0.3208 0.1108 0.0376
0.0086 0.0174 0.0746 0.3739 0.7058 0.4654 0.1527 0.0263 0.0102 0.0235
0.0521 0.2386 0.4892 0.5168 0.3160 0.0846 0.0257 0.0266 0.0701 0.2649
0.1001 0.4019 0.6017 0.4908 0.2038 0.0514 0.0195 0.0349 0.1338 0.4188
0.5121 0.5657 0.3293 0.1114 0.0460 0.0514 0.0814 0.2741 0.5455 0.5206
0.6742 0.5688 0.2100 0.0534 0.0289 0.0610 0.1522 0.4726 0.6853 0.5038
0.2547 0.0735 0.0230 0.0308 0.1297 0.3687 0.5419 0.4710 0.2380 0.0670
0.1926 0.0446 0.0150 0.0284 0.1698 0.4674 0.6226 0.4641 0.1755 0.0419
0.0149 0.0202 0.0568 0.2633 0.6139 0.4678 0.2089 0.0464 0.0169 0.0257
0.0104 0.0233 0.0947 0.3893 0.6697 0.4080 0.1282 0.0262 0.0125 0.0309
0.0752 0.3596 0.6090 0.5410 0.2462 0.0556 0.0178 0.0273 0.1029 0.3838
0.2125 0.4666 0.4931 0.3016 0.1169 0.0513 0.0345 0.0836 0.2577 0.4593
0.6666 0.6026 0.2516 0.0630 0.0291 0.0532 0.1254 0.4333 0.6828 0.5401
0.5134 0.3139 0.0959 0.0433 0.0516 0.1295 0.2687 0.4737 0.5128 0.2723
0.2011 0.0471 0.0155 0.0282 0.1636 0.4576 0.6181 0.4697 0.1836 0.0440
0.1292 0.0388 0.0188 0.0429 0.2256 0.4685 0.5475 0.3460 0.1211 0.0384
0.0089 0.0177 0.0745 0.3699 0.7012 0.4634 0.1536 0.0269 0.0105 0.0238
0.0424 0.1827 0.4169 0.4992 0.3590 0.1074 0.0320 0.0266 0.0564 0.2077
0.0946 0.3949 0.6053 0.5023 0.2116 0.0519 0.0190 0.0331 0.1272 0.4134
0.4748 0.5541 0.3450 0.1252 0.0511 0.0515 0.0746 0.2447 0.5114 0.5130
0.6756 0.5727 0.2129 0.0538 0.0287 0.0602 0.1503 0.4714 0.6870 0.5076
0.2660 0.0800 0.0248 0.0314 0.1238 0.3523 0.5267 0.4711 0.2497 0.0726
0.1935 0.0447 0.0149 0.0283 0.1692 0.4671 0.6231 0.4653 0.1763 0.0420
0.0175 0.0212 0.0526 0.2358 0.5851 0.4679 0.2273 0.0544 0.0195 0.0264
0.0099 0.0217 0.0894 0.3857 0.6788 0.4219 0.1338 0.0262 0.0119 0.0289
0.0738 0.3537 0.6044 0.5407 0.2494 0.0566 0.0181 0.0271 0.1010 0.3782
0.1840 0.4535 0.5158 0.3372 0.1314 0.0513 0.0307 0.0702 0.2276 0.4512
0.6479 0.6000 0.2634 0.0685 0.0309 0.0526 0.1175 0.4093 0.6665 0.5399
0.5712 0.3966 0.1266 0.0464 0.0423 0.1008 0.2238 0.4741 0.5751 0.3448
0.2042 0.0484 0.0158 0.0283 0.1613 0.4523 0.6139 0.4700 0.1866 0.0452
0.1615 0.0418 0.0165 0.0341 0.1934 0.4686 0.5904 0.4102 0.1490 0.0402
0.0090 0.0176 0.0731 0.3653 0.6999 0.4659 0.1564 0.0274 0.0106 0.0236
0.0292 0.1094 0.2996 0.4697 0.4418 0.1611 0.0469 0.0265 0.0379 0.1298
0.0862 0.3877 0.6177 0.5257 0.2246 0.0519 0.0178 0.0298 0.1171 0.4089
0.3839 0.5295 0.3919 0.1686 0.0663 0.0511 0.0584 0.1788 0.4273 0.4986
0.6865 0.5997 0.2328 0.0563 0.0274 0.0552 0.1384 0.4647 0.6994 0.5344
0.3472 0.1362 0.0407 0.0352 0.0912 0.2547 0.4279 0.4721 0.3348 0.1207
0.1962 0.0452 0.0149 0.0280 0.1673 0.4661 0.6245 0.4689 0.1787 0.0423
0.0487 0.0286 0.0315 0.1053 0.3912 0.4686 0.3738 0.1484 0.0496 0.0318
0.0088 0.0182 0.0775 0.3767 0.7008 0.4566 0.1486 0.0263 0.0105 0.0245
0.0653 0.3120 0.5675 0.5342 0.2715 0.0648 0.0202 0.0268 0.0891 0.3379
0.1208 0.4179 0.5775 0.4440 0.1794 0.0512 0.0223 0.0431 0.1578 0.4292
0.5488 0.5763 0.3131 0.0988 0.0414 0.0514 0.0891 0.3059 0.5786 0.5272
0.6658 0.5527 0.2001 0.0525 0.0299 0.0641 0.1586 0.4739 0.6763 0.4882
0.2293 0.0601 0.0192 0.0296 0.1443 0.4086 0.5773 0.4707 0.2121 0.0554
0.1914 0.0443 0.0149 0.0285 0.1706 0.4685 0.6230 0.4631 0.1745 0.0417
0.0117 0.0188 0.0635 0.3080 0.6559 0.4682 0.1838 0.0364 0.0135 0.0246
0.0106 0.0242 0.0978 0.3917 0.6650 0.4004 0.1250 0.0262 0.0128 0.0321
0.0771 0.3700 0.6185 0.5437 0.2416 0.0538 0.0173 0.0272 0.1056 0.3939
0.2058 0.4655 0.5009 0.3110 0.1199 0.0509 0.0333 0.0799 0.2508 0.4593
0.6345 0.5994 0.2734 0.0729 0.0321 0.0519 0.1115 0.3918 0.6550 0.5409
0.6069 0.4524 0.1499 0.0484 0.0373 0.0858 0.1985 0.4746 0.6133 0.3950
0.2046 0.0485 0.0158 0.0283 0.1611 0.4518 0.6136 0.4702 0.1870 0.0453
0.1779 0.0431 0.0155 0.0307 0.1803 0.4690 0.6096 0.4404 0.1629 0.0409
0.0090 0.0175 0.0722 0.3629 0.6995 0.4677 0.1580 0.0277 0.0106 0.0235
0.0199 0.0627 0.2026 0.4400 0.5291 0.2356 0.0687 0.0263 0.0252 0.0777
0.0822 0.3843 0.6240 0.5376 0.2314 0.0519 0.0172 0.0283 0.1123 0.4068
0.2870 0.4988 0.4474 0.2329 0.0894 0.0508 0.0439 0.1206 0.3337 0.4803
0.6659 0.6081 0.2586 0.0646 0.0291 0.0521 0.1217 0.4276 0.6828 0.5461
0.5387 0.3486 0.1082 0.0446 0.0474 0.1164 0.2487 0.4741 0.5401 0.3025
0.1991 0.0461 0.0152 0.0280 0.1652 0.4620 0.6218 0.4701 0.1815 0.0432
0.1535 0.0410 0.0169 0.0359 0.2005 0.4692 0.5815 0.3956 0.1421 0.0397
0.0086 0.0173 0.0738 0.3718 0.7056 0.4671 0.1541 0.0265 0.0102 0.0234
0.0372 0.1537 0.3749 0.4898 0.3875 0.1239 0.0365 0.0265 0.0491 0.1774
0.0871 0.3922 0.6216 0.5268 0.2228 0.0512 0.0175 0.0298 0.1184 0.4132
0.3300 0.5147 0.4238 0.2022 0.0778 0.0506 0.0497 0.1445 0.3761 0.4905
0.6676 0.6099 0.2594 0.0645 0.0289 0.0518 0.1214 0.4285 0.6844 0.5477
0.5396 0.3499 0.1087 0.0446 0.0472 0.1160 0.2481 0.4741 0.5411 0.3036
0.1981 0.0457 0.0150 0.0280 0.1659 0.4638 0.6233 0.4701 0.1805 0.0428
0.1543 0.0410 0.0169 0.0357 0.1998 0.4693 0.5826 0.3972 0.1428 0.0397
0.0086 0.0172 0.0739 0.3728 0.7067 0.4676 0.1539 0.0264 0.0102 0.0233
