0.00000000
0.00000000
0.00000000
0.00000000
0.00000000
0.00000000
0.00000000
0.00000000
0.00000000
0.00000000
0.00000000
0.00000000
0.00000000
0.00000000
0.00000000
0.00000000
0.00000000
0.00000000
0.00000000
0.00000000
0.00000000
0.00000000
0.00000000
0.00000000
0.00000000
0.35684024
0.35684024
0.35684024
0.35684024
0.35684024
0.35684024
0.35684024
0.35684024
0.35684024
0.35684024
0.35684024
0.35684024
0.35684024
0.35684024
0.35684024
0.35684024
0.35684024
0.35684024
0.35684024
0.35684024
0.35684024
0.35684024
0.35684024
0.35684024
0.35684024
0.35684024
0.35684024
0.35684024
0.35684024
0.35684024
0.35684024
0.35684024
0.35684024
0.35684024
0.35684024
0.35684024
0.35684024
