0.00000000
0.00000000
0.00000000
0.00000000
0.00000000
0.00000000
0.00000000
0.00000000
0.00000000
0.00000000
0.00000000
0.00000000
0.00000000
0.00000000
0.00000000
0.00000000
0.00000000
0.00000000
0.00000000
0.00000000
0.00000000
0.00000000
0.00000000
0.00000000
0.00000000
0.35253268
0.35253268
0.35253268
0.35253268
0.35253268
0.35253268
0.35253268
0.35253268
0.35253268
0.35253268
0.35253268
0.35253268
0.35253268
0.35253268
0.35253268
0.35253268
0.35253268
0.35253268
0.35253268
0.35253268
0.35253268
0.35253268
0.35253268
0.35253268
0.35253268
0.35253268
0.35253268
0.35253268
0.35253268
0.35253268
0.35253268
0.35253268
0.35253268
0.35253268
0.35253268
0.34813882
0.34813882
