0.00000000
0.00000000
0.00000000
0.00000000
0.00000000
0.00000000
0.00000000
0.00000000
0.00000000
0.00000000
0.00000000
0.00000000
0.00000000
0.00000000
0.00000000
0.00000000
0.00000000
0.00000000
0.00000000
0.00000000
0.00000000
0.00000000
0.00000000
0.00000000
0.00000000
0.34423069
0.34423069
0.34423069
0.34423069
0.34423069
0.34423069
0.34423069
0.34423069
0.34423069
0.34423069
0.34423069
0.34423069
0.34423069
0.34423069
0.34423069
0.34423069
0.34423069
0.34423069
0.34423069
0.34423069
0.34423069
0.34423069
0.34423069
0.34423069
0.34423069
0.34423069
0.34423069
0.34423069
0.34423069
0.34423069
0.34423069
0.34423069
0.34423069
0.34423069
0.34423069
0.34423069
0.34423069
