0.00000000 0.00000000 0.00000000 0.00000000 0.00000000 0.00000000 0.00000000 0.00000000 0.00000000 0.00000000
0.00000000 0.00000000 0.00000000 0.00000000 0.00000000 0.00000000 0.00000000 0.00000000 0.00000000 0.00000000
0.00000000 0.00000000 0.00000000 0.00000000 0.00000000 0.00000000 0.00000000 0.00000000 0.00000000 0.00000000
0.00000000 0.00000000 0.00000000 0.00000000 0.00000000 0.00000000 0.00000000 0.00000000 0.00000000 0.00000000
0.00000000 0.00000000 0.00000000 0.00000000 0.00000000 0.00000000 0.00000000 0.00000000 0.00000000 0.00000000
0.00000000 0.00000000 0.00000000 0.00000000 0.00000000 0.00000000 0.00000000 0.00000000 0.00000000 0.00000000
0.00000000 0.00000000 0.00000000 0.00000000 0.00000000 0.00000000 0.00000000 0.00000000 0.00000000 0.00000000
0.00000000 0.00000000 0.00000000 0.00000000 0.00000000 0.00000000 0.00000000 0.00000000 0.00000000 0.00000000
0.00000000 0.00000000 0.00000000 0.00000000 0.00000000 0.00000000 0.00000000 0.00000000 0.00000000 0.00000000
0.00000000 0.00000000 0.00000000 0.00000000 0.00000000 0.00000000 0.00000000 0.00000000 0.00000000 0.00000000
0.00000000 0.00000000 0.00000000 0.00000000 0.00000000 0.00000000 0.00000000 0.00000000 0.00000000 0.00000000
0.00000000 0.00000000 0.00000000 0.00000000 0.00000000 0.00000000 0.00000000 0.00000000 0.00000000 0.00000000
0.00000000 0.00000000 0.00000000 0.00000000 0.00000000 0.00000000 0.00000000 0.00000000 0.00000000 0.00000000
0.00000000 0.00000000 0.00000000 0.00000000 0.00000000 0.00000000 0.00000000 0.00000000 0.00000000 0.00000000
0.00000000 0.00000000 0.00000000 0.00000000 0.00000000 0.00000000 0.00000000 0.00000000 0.00000000 0.00000000
0.00000000 0.00000000 0.00000000 0.00000000 0.00000000 0.00000000 0.00000000 0.00000000 0.00000000 0.00000000
0.00000000 0.00000000 0.00000000 0.00000000 0.00000000 0.00000000 0.00000000 0.00000000 0.00000000 0.00000000
0.00000000 0.00000000 0.00000000 0.00000000 0.00000000 0.00000000 0.00000000 0.00000000 0.00000000 0.00000000
0.00000000 0.00000000 0.00000000 0.00000000 0.00000000 0.00000000 0.00000000 0.00000000 0.00000000 0.00000000
0.00000000 0.00000000 0.00000000 0.00000000 0.00000000 0.00000000 0.00000000 0.00000000 0.00000000 0.00000000
0.00000000 0.00000000 0.00000000 0.00000000 0.00000000 0.00000000 0.00000000 0.00000000 0.00000000 0.00000000
0.00000000 0.00000000 0.00000000 0.00000000 0.00000000 0.00000000 0.00000000 0.00000000 0.00000000 0.00000000
0.00000000 0.00000000 0.00000000 0.00000000 0.00000000 0.00000000 0.00000000 0.00000000 0.00000000 0.00000000
0.00000000 0.00000000 0.00000000 0.00000000 0.00000000 0.00000000 0.00000000 0.00000000 0.00000000 0.00000000
0.00000000 0.00000000 0.00000000 0.00000000 0.00000000 0.00000000 0.00000000 0.00000000 0.00000000 0.00000000
0.30401154 0.30494902 0.36763147 0.42485848 0.40785625 0.30952536 0.33413714 0.28637282 0.26129730 0.38711567
0.30401154 0.30494902 0.36763147 0.42485848 0.40785625 0.30952536 0.33413714 0.28637282 0.26129730 0.38711567
0.30401154 0.30494902 0.36763147 0.42485848 0.40785625 0.30952536 0.33413714 0.28637282 0.26129730 0.38711567
0.30401154 0.30494902 0.36763147 0.42485848 0.40785625 0.30952536 0.33413714 0.28637282 0.26129730 0.38711567
0.30401154 0.30494902 0.36763147 0.42485848 0.40785625 0.30952536 0.33413714 0.28637282 0.26129730 0.38711567
0.30401154 0.30494902 0.36763147 0.42485848 0.40785625 0.30952536 0.33413714 0.28637282 0.26129730 0.38711567
0.30401154 0.30494902 0.36763147 0.42485848 0.40785625 0.30952536 0.33413714 0.28637282 0.26129730 0.38711567
0.30401154 0.30494902 0.36763147 0.42485848 0.40785625 0.30952536 0.33413714 0.28637282 0.26129730 0.38711567
0.30401154 0.30494902 0.36763147 0.42485848 0.40785625 0.30952536 0.33413714 0.28637282 0.26129730 0.38711567
0.30401154 0.30494902 0.36763147 0.42485848 0.40785625 0.30952536 0.33413714 0.28637282 0.26129730 0.38711567
0.30401154 0.30494902 0.36763147 0.42485848 0.40785625 0.30952536 0.33413714 0.28637282 0.26129730 0.38711567
0.30401154 0.30494902 0.36763147 0.42485848 0.40785625 0.30952536 0.33413714 0.28637282 0.26129730 0.38711567
0.30401154 0.30494902 0.36763147 0.42485848 0.40785625 0.30952536 0.33413714 0.28637282 0.26129730 0.38711567
0.30401154 0.30494902 0.36763147 0.42485848 0.40785625 0.30952536 0.33413714 0.28637282 0.26129730 0.38711567
0.30401154 0.30494902 0.36763147 0.42485848 0.40785625 0.30952536 0.33413714 0.28637282 0.26129730 0.38711567
0.30401154 0.30494902 0.36763147 0.42485848 0.40785625 0.30952536 0.33413714 0.28637282 0.26129730 0.38711567
0.30401154 0.30494902 0.36763147 0.42485848 0.40785625 0.30952536 0.33413714 0.28637282 0.26129730 0.38711567
0.30401154 0.30494902 0.36763147 0.42485848 0.40785625 0.30952536 0.33413714 0.28637282 0.26129730 0.38711567
0.30401154 0.30494902 0.36763147 0.42485848 0.40785625 0.30952536 0.33413714 0.28637282 0.26129730 0.38711567
0.30401154 0.30494902 0.36763147 0.42485848 0.40785625 0.30952536 0.33413714 0.28637282 0.26129730 0.38711567
0.30401154 0.30494902 0.36763147 0.42485848 0.40785625 0.30952536 0.33413714 0.28637282 0.26129730 0.38711567
0.30401154 0.30494902 0.36763147 0.42485848 0.40785625 0.30952536 0.33413714 0.28637282 0.26129730 0.38711567
0.30401154 0.30494902 0.36763147 0.42485848 0.40785625 0.30952536 0.33413714 0.28637282 0.26129730 0.38711567
0.30401154 0.30494902 0.36763147 0.42485848 0.40785625 0.30952536 0.33413714 0.28637282 0.26129730 0.38711567
0.30401154 0.30494902 0.36763147 0.42485848 0.40785625 0.30952536 0.33413714 0.28637282 0.26129730 0.38711567
0.30401154 0.30494902 0.36763147 0.42485848 0.40785625 0.30952536 0.33413714 0.28637282 0.26129730 0.38711567
0.30401154 0.30494902 0.36763147 0.42485848 0.40785625 0.30952536 0.33413714 0.28637282 0.26129730 0.38711567
0.30401154 0.30494902 0.36763147 0.42485848 0.40785625 0.30952536 0.33413714 0.28637282 0.26129730 0.38711567
0.30401154 0.30494902 0.36763147 0.42485848 0.40785625 0.30952536 0.33413714 0.28637282 0.26129730 0.38711567
0.30401154 0.30494902 0.36763147 0.42485848 0.40785625 0.30952536 0.33413714 0.28637282 0.26129730 0.38711567
0.30401154 0.30494902 0.36763147 0.42485848 0.40785625 0.30952536 0.33413714 0.28637282 0.26129730 0.38711567
0.30401154 0.30494902 0.36763147 0.42485848 0.40785625 0.30952536 0.33413714 0.28637282 0.26129730 0.38711567
0.30401154 0.30494902 0.36763147 0.42485848 0.40785625 0.30952536 0.33413714 0.28637282 0.26129730 0.38711567
0.30401154 0.30494902 0.36763147 0.42485848 0.40785625 0.30952536 0.33413714 0.28637282 0.26129730 0.38711567
0.30401154 0.30494902 0.36763147 0.42485848 0.40785625 0.30952536 0.33413714 0.28637282 0.26129730 0.38711567
0.30677906 0.30676605 0.36830351 0.42634400 0.39973998 0.31435025 0.32715413 0.28861111 0.26041235 0.38015210
0.30677906 0.30676605 0.36830351 0.42634400 0.39973998 0.31435025 0.32715413 0.28861111 0.26041235 0.38015210
