0.00000000 0.00000000 0.00000000 0.00000000 0.00000000 0.00000000 0.00000000 0.00000000 0.00000000 0.00000000
0.00000000 0.00000000 0.00000000 0.00000000 0.00000000 0.00000000 0.00000000 0.00000000 0.00000000 0.00000000
0.00000000 0.00000000 0.00000000 0.00000000 0.00000000 0.00000000 0.00000000 0.00000000 0.00000000 0.00000000
0.00000000 0.00000000 0.00000000 0.00000000 0.00000000 0.00000000 0.00000000 0.00000000 0.00000000 0.00000000
0.00000000 0.00000000 0.00000000 0.00000000 0.00000000 0.00000000 0.00000000 0.00000000 0.00000000 0.00000000
0.00000000 0.00000000 0.00000000 0.00000000 0.00000000 0.00000000 0.00000000 0.00000000 0.00000000 0.00000000
0.00000000 0.00000000 0.00000000 0.00000000 0.00000000 0.00000000 0.00000000 0.00000000 0.00000000 0.00000000
0.00000000 0.00000000 0.00000000 0.00000000 0.00000000 0.00000000 0.00000000 0.00000000 0.00000000 0.00000000
0.00000000 0.00000000 0.00000000 0.00000000 0.00000000 0.00000000 0.00000000 0.00000000 0.00000000 0.00000000
0.00000000 0.00000000 0.00000000 0.00000000 0.00000000 0.00000000 0.00000000 0.00000000 0.00000000 0.00000000
0.00000000 0.00000000 0.00000000 0.00000000 0.00000000 0.00000000 0.00000000 0.00000000 0.00000000 0.00000000
0.00000000 0.00000000 0.00000000 0.00000000 0.00000000 0.00000000 0.00000000 0.00000000 0.00000000 0.00000000
0.00000000 0.00000000 0.00000000 0.00000000 0.00000000 0.00000000 0.00000000 0.00000000 0.00000000 0.00000000
0.00000000 0.00000000 0.00000000 0.00000000 0.00000000 0.00000000 0.00000000 0.00000000 0.00000000 0.00000000
0.00000000 0.00000000 0.00000000 0.00000000 0.00000000 0.00000000 0.00000000 0.00000000 0.00000000 0.00000000
0.00000000 0.00000000 0.00000000 0.00000000 0.00000000 0.00000000 0.00000000 0.00000000 0.00000000 0.00000000
0.00000000 0.00000000 0.00000000 0.00000000 0.00000000 0.00000000 0.00000000 0.00000000 0.00000000 0.00000000
0.00000000 0.00000000 0.00000000 0.00000000 0.00000000 0.00000000 0.00000000 0.00000000 0.00000000 0.00000000
0.00000000 0.00000000 0.00000000 0.00000000 0.00000000 0.00000000 0.00000000 0.00000000 0.00000000 0.00000000
0.00000000 0.00000000 0.00000000 0.00000000 0.00000000 0.00000000 0.00000000 0.00000000 0.00000000 0.00000000
0.00000000 0.00000000 0.00000000 0.00000000 0.00000000 0.00000000 0.00000000 0.00000000 0.00000000 0.00000000
0.00000000 0.00000000 0.00000000 0.00000000 0.00000000 0.00000000 0.00000000 0.00000000 0.00000000 0.00000000
0.00000000 0.00000000 0.00000000 0.00000000 0.00000000 0.00000000 0.00000000 0.00000000 0.00000000 0.00000000
0.00000000 0.00000000 0.00000000 0.00000000 0.00000000 0.00000000 0.00000000 0.00000000 0.00000000 0.00000000
0.00000000 0.00000000 0.00000000 0.00000000 0.00000000 0.00000000 0.00000000 0.00000000 0.00000000 0.00000000
0.30863093 0.41636720 0.25916790 0.40898952 0.33715610 0.46134741 0.23341822 0.35674865 0.34142755 0.23885242
0.30863093 0.41636720 0.25916790 0.40898952 0.33715610 0.46134741 0.23341822 0.35674865 0.34142755 0.23885242
0.30863093 0.41636720 0.25916790 0.40898952 0.33715610 0.46134741 0.23341822 0.35674865 0.34142755 0.23885242
0.30863093 0.41636720 0.25916790 0.40898952 0.33715610 0.46134741 0.23341822 0.35674865 0.34142755 0.23885242
0.30863093 0.41636720 0.25916790 0.40898952 0.33715610 0.46134741 0.23341822 0.35674865 0.34142755 0.23885242
0.30863093 0.41636720 0.25916790 0.40898952 0.33715610 0.46134741 0.23341822 0.35674865 0.34142755 0.23885242
0.30863093 0.41636720 0.25916790 0.40898952 0.33715610 0.46134741 0.23341822 0.35674865 0.34142755 0.23885242
0.30863093 0.41636720 0.25916790 0.40898952 0.33715610 0.46134741 0.23341822 0.35674865 0.34142755 0.23885242
0.30863093 0.41636720 0.25916790 0.40898952 0.33715610 0.46134741 0.23341822 0.35674865 0.34142755 0.23885242
0.30863093 0.41636720 0.25916790 0.40898952 0.33715610 0.46134741 0.23341822 0.35674865 0.34142755 0.23885242
0.30863093 0.41636720 0.25916790 0.40898952 0.33715610 0.46134741 0.23341822 0.35674865 0.34142755 0.23885242
0.30863093 0.41636720 0.25916790 0.40898952 0.33715610 0.46134741 0.23341822 0.35674865 0.34142755 0.23885242
0.30863093 0.41636720 0.25916790 0.40898952 0.33715610 0.46134741 0.23341822 0.35674865 0.34142755 0.23885242
0.30863093 0.41636720 0.25916790 0.40898952 0.33715610 0.46134741 0.23341822 0.35674865 0.34142755 0.23885242
0.30863093 0.41636720 0.25916790 0.40898952 0.33715610 0.46134741 0.23341822 0.35674865 0.34142755 0.23885242
0.30863093 0.41636720 0.25916790 0.40898952 0.33715610 0.46134741 0.23341822 0.35674865 0.34142755 0.23885242
0.30863093 0.41636720 0.25916790 0.40898952 0.33715610 0.46134741 0.23341822 0.35674865 0.34142755 0.23885242
0.30863093 0.41636720 0.25916790 0.40898952 0.33715610 0.46134741 0.23341822 0.35674865 0.34142755 0.23885242
0.30863093 0.41636720 0.25916790 0.40898952 0.33715610 0.46134741 0.23341822 0.35674865 0.34142755 0.23885242
0.30863093 0.41636720 0.25916790 0.40898952 0.33715610 0.46134741 0.23341822 0.35674865 0.34142755 0.23885242
0.30863093 0.41636720 0.25916790 0.40898952 0.33715610 0.46134741 0.23341822 0.35674865 0.34142755 0.23885242
0.30863093 0.41636720 0.25916790 0.40898952 0.33715610 0.46134741 0.23341822 0.35674865 0.34142755 0.23885242
0.30863093 0.41636720 0.25916790 0.40898952 0.33715610 0.46134741 0.23341822 0.35674865 0.34142755 0.23885242
0.30863093 0.41636720 0.25916790 0.40898952 0.33715610 0.46134741 0.23341822 0.35674865 0.34142755 0.23885242
0.30863093 0.41636720 0.25916790 0.40898952 0.33715610 0.46134741 0.23341822 0.35674865 0.34142755 0.23885242
0.30863093 0.41636720 0.25916790 0.40898952 0.33715610 0.46134741 0.23341822 0.35674865 0.34142755 0.23885242
0.30863093 0.41636720 0.25916790 0.40898952 0.33715610 0.46134741 0.23341822 0.35674865 0.34142755 0.23885242
0.30863093 0.41636720 0.25916790 0.40898952 0.33715610 0.46134741 0.23341822 0.35674865 0.34142755 0.23885242
0.30863093 0.41636720 0.25916790 0.40898952 0.33715610 0.46134741 0.23341822 0.35674865 0.34142755 0.23885242
0.30863093 0.41636720 0.25916790 0.40898952 0.33715610 0.46134741 0.23341822 0.35674865 0.34142755 0.23885242
0.30863093 0.41636720 0.25916790 0.40898952 0.33715610 0.46134741 0.23341822 0.35674865 0.34142755 0.23885242
0.30863093 0.41636720 0.25916790 0.40898952 0.33715610 0.46134741 0.23341822 0.35674865 0.34142755 0.23885242
0.30863093 0.41636720 0.25916790 0.40898952 0.33715610 0.46134741 0.23341822 0.35674865 0.34142755 0.23885242
0.30863093 0.41636720 0.25916790 0.40898952 0.33715610 0.46134741 0.23341822 0.35674865 0.34142755 0.23885242
0.30863093 0.41636720 0.25916790 0.40898952 0.33715610 0.46134741 0.23341822 0.35674865 0.34142755 0.23885242
0.30863093 0.41636720 0.25916790 0.40898952 0.33715610 0.46134741 0.23341822 0.35674865 0.34142755 0.23885242
0.30863093 0.41636720 0.25916790 0.40898952 0.33715610 0.46134741 0.23341822 0.35674865 0.34142755 0.23885242
