0.0693 0.0390 0.1151 0.3773 0.5761 0.2935 0.1245 0.0992 0.1142 0.1210
0.1170 0.1802 0.3837 0.4154 0.1714 0.1053 0.0735 0.1179 0.2876 0.3415
0.4197 0.4626 0.2158 0.0853 0.0272 0.0466 0.1885 0.3605 0.6209 0.4139
0.6424 0.3170 0.0724 0.0585 0.0349 0.0519 0.3441 0.7012 0.7436 0.2369
0.4618 0.1045 0.0165 0.0242 0.1092 0.2300 0.6826 0.7043 0.3871 0.0599
0.1953 0.0659 0.0139 0.0148 0.1228 0.5014 0.7942 0.4731 0.1321 0.0270
0.0491 0.0371 0.0469 0.0800 0.3516 0.6043 0.5033 0.1363 0.0541 0.0466
0.0565 0.0340 0.0971 0.3144 0.5825 0.3768 0.1676 0.0945 0.0883 0.1005
0.0989 0.1344 0.3494 0.4583 0.2378 0.1239 0.0700 0.1050 0.2180 0.2552
0.3369 0.4485 0.2822 0.1204 0.0349 0.0497 0.1452 0.2704 0.5662 0.4610
0.6432 0.3825 0.0980 0.0652 0.0285 0.0403 0.2810 0.6572 0.7667 0.2995
0.5401 0.1350 0.0219 0.0316 0.0924 0.1563 0.5988 0.7287 0.5042 0.0861
0.2342 0.0693 0.0132 0.0142 0.1207 0.4820 0.8133 0.5518 0.1549 0.0288
0.0701 0.0436 0.0322 0.0458 0.2560 0.5891 0.6094 0.1958 0.0655 0.0372
0.0456 0.0317 0.0858 0.2475 0.5588 0.4693 0.2301 0.0907 0.0681 0.0845
0.0920 0.0882 0.2565 0.4617 0.3413 0.1536 0.0766 0.1060 0.1693 0.1710
0.2481 0.3664 0.3357 0.1939 0.0556 0.0608 0.1125 0.2073 0.4943 0.4593
0.5782 0.4518 0.1389 0.0656 0.0243 0.0383 0.2387 0.5416 0.7275 0.3620
0.6072 0.1924 0.0335 0.0405 0.0652 0.1003 0.5069 0.7433 0.6254 0.1303
0.2830 0.0739 0.0129 0.0147 0.1177 0.4293 0.8063 0.6161 0.1932 0.0331
0.1124 0.0535 0.0206 0.0245 0.1705 0.5512 0.7094 0.2972 0.0884 0.0298
0.0382 0.0310 0.0769 0.1870 0.5158 0.5525 0.3077 0.0897 0.0537 0.0703
0.0856 0.0565 0.1729 0.4516 0.4823 0.1962 0.0861 0.1044 0.1413 0.1344
0.1360 0.2676 0.4439 0.3555 0.1113 0.0835 0.0735 0.1183 0.3446 0.4450
0.5081 0.5329 0.2021 0.0677 0.0216 0.0358 0.1948 0.4106 0.6809 0.4475
0.6626 0.2705 0.0536 0.0531 0.0443 0.0609 0.3988 0.7460 0.7324 0.1990
0.3731 0.0847 0.0128 0.0161 0.1071 0.3237 0.7672 0.6810 0.2776 0.0418
0.1546 0.0611 0.0155 0.0165 0.1308 0.5257 0.7687 0.3894 0.1092 0.0263
0.0366 0.0321 0.0652 0.1321 0.4529 0.6082 0.3989 0.0979 0.0468 0.0575
0.0701 0.0377 0.1169 0.4007 0.5884 0.2792 0.1142 0.0981 0.1041 0.1017
0.0998 0.1814 0.4334 0.4550 0.1780 0.1061 0.0644 0.0983 0.2357 0.3100
0.4201 0.5514 0.2628 0.0785 0.0228 0.0389 0.1655 0.3080 0.6183 0.4920
0.6924 0.3481 0.0812 0.0699 0.0343 0.0383 0.2878 0.7179 0.7967 0.2848
0.4736 0.1057 0.0162 0.0236 0.1040 0.2159 0.6758 0.7155 0.4031 0.0622
0.2038 0.0670 0.0131 0.0135 0.1165 0.5039 0.8090 0.4954 0.1345 0.0261
0.0480 0.0370 0.0457 0.0751 0.3432 0.6165 0.5207 0.1367 0.0519 0.0446
0.0540 0.0322 0.0931 0.3079 0.5907 0.3932 0.1746 0.0929 0.0798 0.0896
0.0900 0.1171 0.3380 0.4754 0.2587 0.1324 0.0697 0.1007 0.1661 0.1762
0.2889 0.4859 0.3564 0.1390 0.0372 0.0478 0.1160 0.2010 0.5241 0.5277
0.6329 0.4546 0.1323 0.0710 0.0258 0.0325 0.2258 0.5899 0.7704 0.3795
0.5809 0.1619 0.0265 0.0348 0.0767 0.1250 0.5604 0.7453 0.5704 0.1060
0.2582 0.0710 0.0124 0.0131 0.1127 0.4583 0.8200 0.5971 0.1717 0.0300
0.0871 0.0481 0.0256 0.0327 0.2079 0.5772 0.6670 0.2406 0.0741 0.0326
0.0407 0.0305 0.0813 0.2199 0.5465 0.5151 0.2646 0.0882 0.0579 0.0743
0.0804 0.0662 0.2227 0.4830 0.4175 0.1750 0.0763 0.0976 0.1141 0.1017
0.1607 0.3440 0.4604 0.2960 0.0817 0.0688 0.0757 0.1225 0.3888 0.5085
0.5331 0.5827 0.2276 0.0711 0.0210 0.0290 0.1658 0.3906 0.7041 0.5111
0.6927 0.2631 0.0497 0.0563 0.0491 0.0557 0.3849 0.7658 0.7550 0.2032
0.3456 0.0798 0.0117 0.0137 0.0975 0.3360 0.7800 0.6753 0.2556 0.0391
0.1484 0.0604 0.0156 0.0166 0.1312 0.5301 0.7651 0.3755 0.1055 0.0260
0.0352 0.0311 0.0696 0.1484 0.4774 0.6023 0.3721 0.0920 0.0463 0.0603
0.0696 0.0378 0.1272 0.4342 0.5887 0.2590 0.1010 0.0947 0.0903 0.0807
0.0940 0.2008 0.4813 0.4703 0.1704 0.1002 0.0578 0.0864 0.2246 0.3319
0.4171 0.6210 0.3156 0.0787 0.0211 0.0325 0.1388 0.2592 0.6164 0.5701
0.7179 0.3643 0.0836 0.0729 0.0334 0.0336 0.2723 0.7318 0.8183 0.3048
0.4629 0.1017 0.0154 0.0219 0.0985 0.2106 0.6727 0.7159 0.3986 0.0621
0.2060 0.0675 0.0126 0.0127 0.1115 0.5044 0.8148 0.5006 0.1346 0.0254
0.0458 0.0364 0.0468 0.0769 0.3494 0.6238 0.5184 0.1319 0.0499 0.0446
0.0531 0.0306 0.0912 0.3156 0.6039 0.3931 0.1707 0.0916 0.0722 0.0771
0.0722 0.1031 0.3674 0.5309 0.2942 0.1392 0.0602 0.0815 0.1042 0.1107
0.2683 0.5360 0.4169 0.1439 0.0358 0.0443 0.1004 0.1633 0.5033 0.5861
0.6153 0.5293 0.1700 0.0701 0.0228 0.0283 0.1946 0.5188 0.7601 0.4533
0.6149 0.1785 0.0297 0.0392 0.0713 0.1019 0.5159 0.7563 0.6232 0.1247
0.2650 0.0705 0.0119 0.0124 0.1036 0.4276 0.8116 0.6143 0.1833 0.0319
0.1022 0.0516 0.0218 0.0261 0.1794 0.5643 0.7006 0.2762 0.0819 0.0300
0.0387 0.0300 0.0796 0.2096 0.5420 0.5338 0.2792 0.0870 0.0537 0.0697
0.0735 0.0573 0.2115 0.4981 0.4547 0.1861 0.0752 0.0918 0.0870 0.0714
0.1255 0.3273 0.5253 0.3619 0.1005 0.0741 0.0616 0.0922 0.3296 0.5185
0.5057 0.6494 0.2857 0.0715 0.0194 0.0256 0.1391 0.3153 0.6842 0.5871
0.7402 0.3022 0.0609 0.0718 0.0454 0.0379 0.3036 0.7739 0.8166 0.2602
0.3723 0.0815 0.0117 0.0143 0.0889 0.2704 0.7352 0.6909 0.3004 0.0465
0.1652 0.0631 0.0141 0.0143 0.1193 0.5230 0.7858 0.4113 0.1131 0.0248
0.0352 0.0317 0.0644 0.1273 0.4493 0.6213 0.4115 0.0966 0.0443 0.0551
0.0611 0.0311 0.1072 0.4077 0.6268 0.3066 0.1172 0.0907 0.0695 0.0605
0.0685 0.1452 0.4808 0.5518 0.2426 0.1183 0.0494 0.0668 0.1193 0.1770
0.3249 0.6507 0.4326 0.1052 0.0252 0.0328 0.0994 0.1630 0.5446 0.6529
0.6786 0.4615 0.1233 0.0694 0.0253 0.0298 0.2349 0.6423 0.7991 0.3833
0.5416 0.1282 0.0203 0.0298 0.0876 0.1404 0.5785 0.7382 0.5174 0.0902
0.2348 0.0687 0.0119 0.0119 0.1058 0.4738 0.8229 0.5691 0.1555 0.0279
0.0678 0.0433 0.0318 0.0440 0.2525 0.6003 0.6198 0.1932 0.0627 0.0360
0.0438 0.0291 0.0830 0.2569 0.5813 0.4742 0.2246 0.0878 0.0580 0.0679
0.0676 0.0699 0.2841 0.5358 0.3784 0.1627 0.0649 0.0836 0.0667 0.0516
0.1371 0.4423 0.5786 0.3003 0.0740 0.0599 0.0583 0.0792 0.3557 0.6287
0.5173 0.6785 0.3010 0.0695 0.0187 0.0236 0.1331 0.3064 0.6896 0.6180
0.7458 0.2750 0.0528 0.0712 0.0534 0.0403 0.3155 0.7859 0.8112 0.2435
0.3305 0.0743 0.0105 0.0114 0.0760 0.2732 0.7401 0.6772 0.2725 0.0440
0.1504 0.0610 0.0151 0.0155 0.1257 0.5310 0.7720 0.3794 0.1055 0.0252
0.0339 0.0304 0.0714 0.1554 0.4898 0.6047 0.3633 0.0886 0.0447 0.0597
0.0627 0.0329 0.1267 0.4617 0.6139 0.2648 0.0955 0.0881 0.0606 0.0462
0.0723 0.1854 0.5327 0.5348 0.2047 0.1054 0.0469 0.0634 0.1499 0.2634
0.3717 0.6930 0.4285 0.0940 0.0221 0.0270 0.0964 0.1737 0.5843 0.6808
0.7085 0.4224 0.1030 0.0702 0.0277 0.0307 0.2542 0.6971 0.8158 0.3489
0.4951 0.1081 0.0167 0.0245 0.0882 0.1555 0.5991 0.7263 0.4657 0.0786
0.2228 0.0681 0.0119 0.0117 0.1054 0.4875 0.8236 0.5455 0.1460 0.0264
0.0527 0.0390 0.0394 0.0587 0.3022 0.6237 0.5729 0.1545 0.0530 0.0396
0.0452 0.0270 0.0808 0.2793 0.6074 0.4555 0.2057 0.0877 0.0524 0.0547
0.0602 0.0641 0.2969 0.5662 0.3901 0.1637 0.0601 0.0763 0.0440 0.0296
0.1436 0.4890 0.5945 0.2754 0.0652 0.0547 0.0575 0.0755 0.3613 0.6572
0.5234 0.6869 0.3035 0.0681 0.0184 0.0231 0.1334 0.3080 0.6923 0.6252
0.7466 0.2631 0.0499 0.0719 0.0577 0.0410 0.3144 0.7869 0.8083 0.2383
0.3155 0.0700 0.0098 0.0102 0.0642 0.2356 0.7077 0.6738 0.2813 0.0477
0.1428 0.0598 0.0156 0.0162 0.1298 0.5380 0.7669 0.3653 0.1013 0.0254
0.0330 0.0297 0.0721 0.1593 0.4980 0.6079 0.3594 0.0865 0.0429 0.0580
0.0570 0.0277 0.1196 0.4828 0.6453 0.2755 0.0928 0.0836 0.0402 0.0253
0.0654 0.1703 0.5351 0.5578 0.2252 0.1086 0.0440 0.0575 0.1148 0.2012
0.3090 0.7075 0.5156 0.1178 0.0260 0.0272 0.0745 0.1222 0.5307 0.7297
0.6853 0.4781 0.1271 0.0678 0.0244 0.0292 0.2331 0.6384 0.7995 0.3964
0.5183 0.1146 0.0179 0.0265 0.0802 0.1242 0.5448 0.7328 0.5147 0.0930
0.2317 0.0677 0.0114 0.0110 0.0969 0.4548 0.8163 0.5688 0.1580 0.0283
0.0609 0.0416 0.0343 0.0482 0.2686 0.6138 0.6074 0.1772 0.0578 0.0367
0.0425 0.0263 0.0782 0.2632 0.6022 0.4801 0.2224 0.0865 0.0479 0.0506
0.0507 0.0471 0.2663 0.5952 0.4602 0.1841 0.0588 0.0691 0.0234 0.0123
0.1030 0.4691 0.6750 0.3585 0.0868 0.0597 0.0429 0.0497 0.2877 0.6774
0.4696 0.7443 0.3872 0.0699 0.0173 0.0215 0.1093 0.2224 0.6502 0.6971
0.7729 0.3187 0.0636 0.0789 0.0444 0.0317 0.2721 0.7861 0.8434 0.2883
0.3337 0.0680 0.0096 0.0105 0.0494 0.1373 0.5757 0.6821 0.3613 0.0679
0.1686 0.0641 0.0134 0.0132 0.1122 0.5222 0.7933 0.4168 0.1137 0.0238
0.0324 0.0305 0.0666 0.1325 0.4630 0.6342 0.4079 0.0908 0.0406 0.0534
0.0515 0.0223 0.0918 0.4337 0.6870 0.3362 0.1159 0.0832 0.0336 0.0211
0.0543 0.0976 0.4358 0.6029 0.3200 0.1336 0.0454 0.0575 0.0461 0.0476
0.2093 0.6667 0.6128 0.1801 0.0386 0.0334 0.0553 0.0764 0.4285 0.7466
0.5887 0.6338 0.2356 0.0664 0.0198 0.0247 0.1613 0.4108 0.7315 0.5607
0.6277 0.1687 0.0283 0.0415 0.0727 0.0842 0.4596 0.7588 0.6502 0.1379
0.2554 0.0635 0.0099 0.0095 0.0654 0.2819 0.7274 0.6267 0.2250 0.0424
0.0982 0.0511 0.0219 0.0256 0.1785 0.5750 0.7063 0.2705 0.0784 0.0293
0.0355 0.0268 0.0743 0.2068 0.5597 0.5581 0.2900 0.0840 0.0417 0.0503
0.0454 0.0282 0.1802 0.5921 0.6003 0.2330 0.0661 0.0680 0.0151 0.0064
0.0688 0.3161 0.6753 0.5058 0.1531 0.0809 0.0358 0.0411 0.1791 0.5002
0.3459 0.7542 0.5163 0.0982 0.0217 0.0234 0.0766 0.1273 0.5522 0.7506
0.7267 0.4431 0.1030 0.0663 0.0253 0.0311 0.2436 0.6753 0.8097 0.3571
0.4479 0.0860 0.0130 0.0184 0.0561 0.0828 0.4413 0.7131 0.5122 0.1042
0.2163 0.0673 0.0114 0.0108 0.0950 0.4675 0.8133 0.5326 0.1465 0.0264
0.0469 0.0372 0.0429 0.0657 0.3243 0.6362 0.5550 0.1397 0.0486 0.0407
0.0408 0.0212 0.0699 0.2892 0.6510 0.4786 0.2071 0.0841 0.0313 0.0253
0.0446 0.0384 0.2599 0.6309 0.4924 0.1856 0.0538 0.0636 0.0117 0.0043
0.0926 0.5097 0.7178 0.3611 0.0870 0.0562 0.0371 0.0382 0.2442 0.6889
0.4356 0.7746 0.4443 0.0723 0.0171 0.0207 0.0949 0.1762 0.6192 0.7377
0.7758 0.3468 0.0692 0.0753 0.0372 0.0318 0.2607 0.7633 0.8385 0.3000
0.3263 0.0606 0.0086 0.0093 0.0307 0.0618 0.3843 0.6798 0.4555 0.1040
0.1805 0.0660 0.0125 0.0119 0.1038 0.5136 0.8039 0.4400 0.1196 0.0232
0.0321 0.0307 0.0632 0.1197 0.4458 0.6484 0.4352 0.0932 0.0387 0.0494
0.0394 0.0150 0.0703 0.4156 0.7438 0.4177 0.1378 0.0752 0.0150 0.0073
0.0432 0.0510 0.3320 0.6465 0.4458 0.1614 0.0452 0.0538 0.0124 0.0061
0.1060 0.5940 0.7411 0.3269 0.0755 0.0432 0.0322 0.0339 0.2420 0.7187
0.4762 0.7805 0.4166 0.0656 0.0157 0.0210 0.0954 0.1776 0.6232 0.7304
0.7930 0.2994 0.0569 0.0843 0.0500 0.0320 0.2247 0.7489 0.8331 0.2898
0.2789 0.0534 0.0074 0.0068 0.0223 0.0535 0.3600 0.6644 0.4338 0.1055
0.1580 0.0628 0.0139 0.0137 0.1150 0.5292 0.7863 0.3948 0.1080 0.0238
0.0301 0.0279 0.0689 0.1502 0.4994 0.6364 0.3828 0.0839 0.0354 0.0472
0.0367 0.0126 0.0798 0.5196 0.7762 0.3707 0.1002 0.0676 0.0081 0.0027
0.0432 0.0704 0.4024 0.6394 0.3986 0.1438 0.0403 0.0461 0.0161 0.0117
0.0748 0.5505 0.7814 0.4075 0.1083 0.0474 0.0241 0.0217 0.1399 0.6249
0.4911 0.8032 0.4305 0.0625 0.0137 0.0235 0.0721 0.1114 0.5569 0.7436
0.8134 0.3138 0.0550 0.0811 0.0428 0.0356 0.1639 0.6268 0.7936 0.2946
0.2645 0.0493 0.0068 0.0060 0.0167 0.0362 0.2836 0.6591 0.4686 0.1258
0.1539 0.0622 0.0141 0.0140 0.1168 0.5320 0.7832 0.3869 0.1059 0.0239
0.0297 0.0266 0.0680 0.1561 0.5139 0.6354 0.3747 0.0827 0.0329 0.0422
0.0313 0.0104 0.0753 0.5322 0.7944 0.3994 0.1026 0.0628 0.0047 0.0013
0.0407 0.0600 0.3739 0.6466 0.4319 0.1484 0.0396 0.0442 0.0104 0.0061
0.0642 0.5015 0.7762 0.4390 0.1316 0.0513 0.0224 0.0188 0.0919 0.4885
0.4175 0.8105 0.5131 0.0801 0.0149 0.0301 0.0387 0.0398 0.3930 0.7623
0.8293 0.4207 0.0670 0.0608 0.0207 0.0516 0.1144 0.3519 0.6785 0.3008
0.2941 0.0498 0.0070 0.0070 0.0152 0.0222 0.1974 0.6669 0.5525 0.1643
0.1877 0.0669 0.0116 0.0107 0.0927 0.4888 0.8005 0.4508 0.1265 0.0232
0.0304 0.0291 0.0621 0.1199 0.4549 0.6605 0.4402 0.0906 0.0343 0.0430
0.0237 0.0082 0.0537 0.4149 0.8019 0.5399 0.1669 0.0604 0.0031 0.0009
0.0379 0.0314 0.2611 0.6739 0.5340 0.1799 0.0454 0.0535 0.0047 0.0012
0.0471 0.3548 0.7272 0.5011 0.2019 0.0646 0.0210 0.0157 0.0309 0.1582
0.1032 0.5990 0.7516 0.3571 0.0799 0.0675 0.0104 0.0051 0.0593 0.5489
0.6343 0.8459 0.3744 0.0484 0.0074 0.0459 0.0191 0.0118 0.2768 0.7290
0.8311 0.2137 0.0264 0.0602 0.0286 0.0243 0.0264 0.2152 0.6579 0.3415
0.2321 0.0443 0.0060 0.0047 0.0120 0.0274 0.2375 0.6439 0.4720 0.1384
0.1235 0.0566 0.0173 0.0183 0.1417 0.5561 0.7515 0.3269 0.0905 0.0259
0.0258 0.0144 0.0474 0.1925 0.6368 0.6489 0.3440 0.0786 0.0092 0.0053
0.0297 0.0141 0.1344 0.6220 0.6854 0.3031 0.0736 0.0590 0.0025 0.0004
0.0349 0.0722 0.3995 0.6076 0.4357 0.1299 0.0323 0.0276 0.0040 0.0026
0.0393 0.2716 0.6792 0.5268 0.2722 0.0725 0.0197 0.0132 0.0109 0.0428
0.0753 0.3469 0.6125 0.4463 0.1480 0.1627 0.0031 0.0006 0.0020 0.0344
0.0797 0.3352 0.5823 0.4289 0.1468 0.1653 0.0032 0.0006 0.0017 0.0254
0.4551 0.8080 0.4792 0.0810 0.0123 0.0609 0.0107 0.0041 0.1010 0.5877
0.8637 0.4585 0.0615 0.0529 0.0138 0.0686 0.0537 0.1299 0.5299 0.3044
0.3741 0.0900 0.0109 0.0104 0.0454 0.2544 0.5486 0.4416 0.2220 0.0534
0.2325 0.0727 0.0115 0.0122 0.0975 0.4387 0.7799 0.4827 0.1580 0.0253
0.0493 0.0345 0.0836 0.2259 0.5282 0.4608 0.2429 0.0969 0.0758 0.0923
0.0970 0.0966 0.2385 0.3968 0.3127 0.1704 0.0960 0.1166 0.2283 0.2632
0.3523 0.2854 0.1840 0.1444 0.0536 0.0662 0.1779 0.3733 0.5826 0.3225
0.5430 0.2477 0.0611 0.0547 0.0462 0.0788 0.3832 0.6378 0.6381 0.1810
0.4024 0.1050 0.0221 0.0337 0.1191 0.2174 0.5911 0.6083 0.3680 0.0690
0.1971 0.0660 0.0194 0.0275 0.1570 0.4052 0.6582 0.4061 0.1618 0.0394
0.0799 0.0430 0.0523 0.1198 0.3776 0.4377 0.3620 0.1641 0.0997 0.0702
0.0875 0.0512 0.1198 0.3353 0.4858 0.2570 0.1339 0.1207 0.1652 0.1665
0.1629 0.1459 0.2220 0.3036 0.1891 0.1181 0.1113 0.1793 0.3541 0.3076
0.3917 0.2547 0.1223 0.1046 0.0573 0.0757 0.2338 0.4336 0.5717 0.2573
0.4908 0.1909 0.0500 0.0570 0.0684 0.1012 0.3961 0.6034 0.5657 0.1497
0.3510 0.0926 0.0218 0.0348 0.1354 0.2471 0.5883 0.5587 0.3172 0.0629
0.1678 0.0611 0.0232 0.0359 0.1865 0.4128 0.6079 0.3511 0.1474 0.0435
0.0759 0.0420 0.0593 0.1440 0.4078 0.4248 0.3214 0.1505 0.1007 0.0781
0.0958 0.0557 0.1257 0.3421 0.4652 0.2335 0.1264 0.1267 0.1842 0.1792
0.1753 0.1506 0.2107 0.2836 0.1766 0.1151 0.1183 0.1937 0.3689 0.3023
0.3983 0.2451 0.1117 0.0991 0.0587 0.0786 0.2474 0.4482 0.5689 0.2423
0.4845 0.1749 0.0454 0.0569 0.0776 0.1078 0.4031 0.6020 0.5488 0.1400
0.3223 0.0866 0.0213 0.0340 0.1427 0.2730 0.6028 0.5376 0.2857 0.0584
0.1538 0.0586 0.0245 0.0385 0.1978 0.4257 0.5973 0.3286 0.1374 0.0438
0.0710 0.0408 0.0633 0.1571 0.4272 0.4286 0.3055 0.1406 0.0970 0.0810
0.0975 0.0572 0.1305 0.3513 0.4616 0.2252 0.1213 0.1267 0.1904 0.1860
0.1787 0.1573 0.2139 0.2765 0.1662 0.1125 0.1198 0.1965 0.3751 0.3062
0.4103 0.2525 0.1109 0.0960 0.0559 0.0760 0.2496 0.4580 0.5797 0.2446
0.4856 0.1734 0.0449 0.0564 0.0787 0.1101 0.4110 0.6082 0.5467 0.1386
0.3170 0.0847 0.0202 0.0313 0.1415 0.2891 0.6270 0.5429 0.2733 0.0546
0.1475 0.0576 0.0240 0.0367 0.1962 0.4424 0.6119 0.3242 0.1297 0.0418
0.0639 0.0390 0.0656 0.1615 0.4413 0.4503 0.3067 0.1304 0.0881 0.0795
0.0963 0.0571 0.1351 0.3650 0.4692 0.2215 0.1155 0.1234 0.1907 0.1903
0.1765 0.1665 0.2316 0.2842 0.1585 0.1086 0.1147 0.1909 0.3797 0.3223
0.4219 0.2672 0.1136 0.0920 0.0506 0.0730 0.2540 0.4689 0.5927 0.2504
0.5008 0.1774 0.0436 0.0539 0.0755 0.1082 0.4219 0.6252 0.5578 0.1380
0.3138 0.0835 0.0193 0.0292 0.1395 0.3021 0.6472 0.5485 0.2642 0.0518
0.1428 0.0569 0.0238 0.0358 0.1954 0.4520 0.6178 0.3186 0.1248 0.0407
0.0628 0.0385 0.0682 0.1725 0.4545 0.4452 0.2921 0.1261 0.0884 0.0824
0.0976 0.0598 0.1434 0.3747 0.4592 0.2124 0.1105 0.1228 0.1977 0.2001
0.1857 0.1773 0.2323 0.2699 0.1430 0.1045 0.1189 0.2005 0.3941 0.3253
0.4418 0.2719 0.1071 0.0858 0.0480 0.0712 0.2645 0.4901 0.6057 0.2454
0.4956 0.1708 0.0417 0.0528 0.0790 0.1136 0.4327 0.6262 0.5461 0.1326
0.3060 0.0816 0.0187 0.0280 0.1407 0.3154 0.6599 0.5467 0.2533 0.0495
0.1337 0.0555 0.0244 0.0365 0.2003 0.4656 0.6180 0.3053 0.1174 0.0402
0.0610 0.0379 0.0703 0.1808 0.4658 0.4453 0.2830 0.1220 0.0872 0.0841
0.0972 0.0619 0.1505 0.3810 0.4517 0.2078 0.1073 0.1210 0.1998 0.2059
0.1900 0.1945 0.2480 0.2661 0.1294 0.0980 0.1160 0.1990 0.4057 0.3434
0.4514 0.2927 0.1128 0.0824 0.0428 0.0676 0.2657 0.4947 0.6174 0.2565
0.5125 0.1825 0.0427 0.0506 0.0712 0.1083 0.4394 0.6422 0.5647 0.1366
0.3180 0.0828 0.0181 0.0267 0.1372 0.3139 0.6720 0.5651 0.2598 0.0490
0.1343 0.0558 0.0234 0.0337 0.1927 0.4746 0.6362 0.3116 0.1152 0.0384
0.0594 0.0374 0.0693 0.1761 0.4649 0.4558 0.2910 0.1210 0.0840 0.0817
0.0939 0.0591 0.1474 0.3823 0.4649 0.2157 0.1087 0.1186 0.1919 0.2001
0.1858 0.1885 0.2478 0.2726 0.1341 0.1002 0.1152 0.1969 0.4002 0.3392
0.4530 0.2900 0.1116 0.0833 0.0436 0.0672 0.2633 0.4951 0.6189 0.2559
0.5077 0.1782 0.0424 0.0515 0.0743 0.1108 0.4401 0.6401 0.5585 0.1354
0.3120 0.0814 0.0177 0.0258 0.1381 0.3260 0.6841 0.5658 0.2510 0.0473
0.1306 0.0553 0.0231 0.0325 0.1912 0.4863 0.6466 0.3096 0.1108 0.0372
0.0547 0.0363 0.0699 0.1738 0.4693 0.4772 0.2998 0.1153 0.0771 0.0788
0.0949 0.0592 0.1514 0.3981 0.4739 0.2079 0.1019 0.1167 0.1952 0.2048
0.1768 0.1978 0.2731 0.2843 0.1298 0.0990 0.1095 0.1851 0.3953 0.3571
0.4687 0.3152 0.1159 0.0780 0.0378 0.0628 0.2659 0.5036 0.6348 0.2666
0.5285 0.1899 0.0434 0.0503 0.0679 0.1036 0.4408 0.6566 0.5816 0.1410
0.3171 0.0825 0.0175 0.0251 0.1349 0.3263 0.6917 0.5752 0.2536 0.0471
0.1392 0.0568 0.0216 0.0297 0.1803 0.4807 0.6606 0.3262 0.1154 0.0360
0.0542 0.0362 0.0695 0.1717 0.4682 0.4816 0.3036 0.1150 0.0759 0.0779
0.0936 0.0591 0.1522 0.3978 0.4738 0.2097 0.1022 0.1155 0.1924 0.2037
0.1779 0.2016 0.2780 0.2860 0.1277 0.0971 0.1079 0.1846 0.3991 0.3627
0.4679 0.3183 0.1173 0.0774 0.0371 0.0629 0.2673 0.5036 0.6347 0.2678
0.5359 0.1908 0.0428 0.0498 0.0676 0.1023 0.4428 0.6632 0.5872 0.1410
0.3141 0.0812 0.0171 0.0244 0.1361 0.3367 0.7034 0.5796 0.2473 0.0458
0.1351 0.0563 0.0213 0.0285 0.1784 0.4942 0.6728 0.3245 0.1105 0.0347
0.0503 0.0353 0.0687 0.1641 0.4668 0.5058 0.3199 0.1114 0.0694 0.0737
0.0907 0.0552 0.1462 0.4019 0.4960 0.2176 0.1025 0.1131 0.1831 0.1942
0.1642 0.1979 0.2959 0.3059 0.1350 0.0997 0.1016 0.1698 0.3819 0.3687
0.4681 0.3351 0.1262 0.0788 0.0353 0.0596 0.2558 0.4923 0.6404 0.2840
0.5428 0.2057 0.0464 0.0497 0.0604 0.0969 0.4385 0.6668 0.6024 0.1495
0.3354 0.0841 0.0170 0.0244 0.1331 0.3207 0.7017 0.6007 0.2656 0.0475
0.1424 0.0577 0.0199 0.0256 0.1672 0.4955 0.6934 0.3431 0.1130 0.0332
0.0495 0.0352 0.0657 0.1514 0.4546 0.5212 0.3411 0.1132 0.0664 0.0695
0.0855 0.0516 0.1395 0.3956 0.5132 0.2331 0.1071 0.1095 0.1681 0.1808
0.1526 0.1991 0.3209 0.3296 0.1418 0.0994 0.0927 0.1538 0.3679 0.3829
0.4561 0.3547 0.1418 0.0818 0.0336 0.0575 0.2427 0.4696 0.6376 0.3055
0.5623 0.2268 0.0500 0.0489 0.0521 0.0883 0.4337 0.6791 0.6294 0.1604
0.3548 0.0871 0.0168 0.0242 0.1291 0.3068 0.7012 0.6193 0.2825 0.0490
0.1510 0.0593 0.0186 0.0232 0.1574 0.4940 0.7107 0.3628 0.1166 0.0320
0.0490 0.0353 0.0631 0.1401 0.4421 0.5338 0.3610 0.1153 0.0642 0.0659
0.0831 0.0490 0.1340 0.3936 0.5282 0.2422 0.1093 0.1079 0.1607 0.1735
0.1430 0.1936 0.3320 0.3455 0.1496 0.1025 0.0892 0.1446 0.3526 0.3824
0.4448 0.3787 0.1579 0.0832 0.0321 0.0547 0.2267 0.4390 0.6322 0.3301
0.5761 0.2507 0.0563 0.0505 0.0454 0.0788 0.4147 0.6813 0.6559 0.1773
0.3831 0.0927 0.0174 0.0252 0.1243 0.2807 0.6887 0.6400 0.3126 0.0533
0.1707 0.0625 0.0167 0.0198 0.1421 0.4846 0.7361 0.4023 0.1265 0.0304
0.0497 0.0359 0.0581 0.1210 0.4165 0.5501 0.3969 0.1217 0.0621 0.0604
0.0783 0.0451 0.1247 0.3826 0.5476 0.2627 0.1165 0.1054 0.1469 0.1602
0.1313 0.1818 0.3400 0.3682 0.1651 0.1078 0.0851 0.1342 0.3308 0.3749
0.4279 0.3942 0.1758 0.0878 0.0319 0.0531 0.2100 0.4074 0.6237 0.3532
0.5862 0.2728 0.0626 0.0521 0.0404 0.0712 0.3964 0.6803 0.6768 0.1935
0.4137 0.0990 0.0179 0.0262 0.1188 0.2543 0.6750 0.6605 0.3461 0.0580
0.1857 0.0647 0.0155 0.0178 0.1331 0.4812 0.7558 0.4341 0.1334 0.0295
0.0510 0.0368 0.0527 0.1024 0.3876 0.5654 0.4376 0.1301 0.0606 0.0549
0.0706 0.0408 0.1132 0.3573 0.5620 0.2999 0.1329 0.1022 0.1264 0.1403
0.1218 0.1643 0.3369 0.3935 0.1895 0.1137 0.0809 0.1259 0.3069 0.3559
0.4020 0.3868 0.1919 0.0991 0.0346 0.0543 0.1946 0.3802 0.6097 0.3652
0.5878 0.2891 0.0676 0.0526 0.0368 0.0671 0.3844 0.6744 0.6864 0.2042
0.4422 0.1050 0.0186 0.0279 0.1152 0.2284 0.6543 0.6747 0.3803 0.0634
0.1935 0.0655 0.0151 0.0173 0.1316 0.4813 0.7657 0.4535 0.1370 0.0295
0.0541 0.0380 0.0476 0.0864 0.3576 0.5733 0.4761 0.1417 0.0610 0.0503
0.0632 0.0376 0.1035 0.3261 0.5661 0.3427 0.1549 0.0995 0.1083 0.1232
0.1144 0.1432 0.3194 0.4138 0.2231 0.1218 0.0787 0.1203 0.2812 0.3259
0.3508 0.3873 0.2312 0.1195 0.0394 0.0558 0.1654 0.3158 0.5739 0.3994
0.5905 0.3252 0.0811 0.0560 0.0318 0.0580 0.3480 0.6545 0.7062 0.2345
0.4971 0.1231 0.0214 0.0316 0.1024 0.1801 0.6094 0.6993 0.4549 0.0782
0.2192 0.0685 0.0142 0.0161 0.1256 0.4695 0.7830 0.5023 0.1514 0.0297
0.0661 0.0417 0.0381 0.0620 0.2984 0.5670 0.5419 0.1751 0.0675 0.0438
0.0573 0.0355 0.0963 0.2970 0.5648 0.3829 0.1779 0.0971 0.0945 0.1107
0.1059 0.1264 0.3058 0.4300 0.2569 0.1316 0.0773 0.1133 0.2536 0.2988
0.3113 0.3867 0.2692 0.1408 0.0438 0.0570 0.1437 0.2695 0.5457 0.4278
0.5938 0.3642 0.0962 0.0595 0.0283 0.0497 0.3100 0.6288 0.7223 0.2707
0.5409 0.1453 0.0252 0.0350 0.0878 0.1445 0.5688 0.7166 0.5216 0.0951
0.2436 0.0709 0.0138 0.0158 0.1243 0.4573 0.7937 0.5470 0.1663 0.0309
0.0811 0.0459 0.0301 0.0436 0.2433 0.5612 0.6096 0.2161 0.0748 0.0378
0.0502 0.0335 0.0882 0.2566 0.5530 0.4395 0.2159 0.0947 0.0785 0.0952
0.0982 0.1008 0.2677 0.4449 0.3203 0.1477 0.0776 0.1082 0.2187 0.2516
0.2477 0.3599 0.3262 0.1900 0.0569 0.0626 0.1159 0.2094 0.4921 0.4547
0.5757 0.4166 0.1222 0.0627 0.0253 0.0435 0.2677 0.5708 0.7201 0.3217
0.5843 0.1824 0.0324 0.0394 0.0685 0.1101 0.5188 0.7301 0.5975 0.1220
0.2758 0.0743 0.0137 0.0161 0.1229 0.4281 0.7922 0.5901 0.1907 0.0335
0.1081 0.0520 0.0227 0.0291 0.1882 0.5407 0.6771 0.2801 0.0891 0.0326
0.0440 0.0325 0.0804 0.2105 0.5258 0.5020 0.2693 0.0938 0.0650 0.0811
0.0927 0.0740 0.2094 0.4467 0.4132 0.1733 0.0822 0.1067 0.1885 0.2053
0.1853 0.3038 0.3766 0.2671 0.0827 0.0739 0.0934 0.1608 0.4243 0.4566
0.5319 0.4500 0.1489 0.0643 0.0238 0.0434 0.2448 0.5019 0.6919 0.3556
0.6092 0.2233 0.0422 0.0440 0.0534 0.0870 0.4699 0.7305 0.6536 0.1524
0.3204 0.0796 0.0139 0.0173 0.1206 0.3788 0.7763 0.6305 0.2300 0.0381
0.1325 0.0570 0.0186 0.0218 0.1556 0.5265 0.7229 0.3353 0.1011 0.0294
0.0421 0.0326 0.0728 0.1737 0.4935 0.5400 0.3187 0.0977 0.0587 0.0712
0.0858 0.0564 0.1622 0.4263 0.4916 0.2106 0.0941 0.1056 0.1647 0.1760
0.1515 0.2470 0.3869 0.3307 0.1123 0.0868 0.0844 0.1415 0.3722 0.4211
0.4784 0.4821 0.1840 0.0682 0.0236 0.0433 0.2151 0.4167 0.6540 0.3972
0.6308 0.2686 0.0560 0.0517 0.0431 0.0666 0.4053 0.7223 0.7065 0.1930
0.3840 0.0892 0.0145 0.0193 0.1148 0.3108 0.7451 0.6714 0.2931 0.0456
0.1670 0.0627 0.0152 0.0165 0.1291 0.5079 0.7657 0.4068 0.1182 0.0271
0.0418 0.0336 0.0621 0.1279 0.4385 0.5827 0.3965 0.1073 0.0531 0.0590
0.0742 0.0428 0.1266 0.3982 0.5635 0.2651 0.1117 0.1000 0.1289 0.1385
0.1092 0.2000 0.4283 0.4233 0.1626 0.1025 0.0683 0.1043 0.2840 0.3835
0.4165 0.5229 0.2482 0.0806 0.0244 0.0416 0.1724 0.3207 0.6152 0.4675
0.6763 0.3333 0.0768 0.0656 0.0350 0.0432 0.3108 0.7162 0.7789 0.2643
0.4613 0.1060 0.0166 0.0235 0.1049 0.2289 0.6854 0.7059 0.3878 0.0601
0.2021 0.0671 0.0134 0.0141 0.1177 0.4937 0.7961 0.4799 0.1360 0.0266
0.0488 0.0368 0.0483 0.0848 0.3609 0.5985 0.4887 0.1335 0.0547 0.0482
0.0625 0.0360 0.1038 0.3429 0.5857 0.3377 0.1460 0.0965 0.1024 0.1148
0.0995 0.1515 0.3756 0.4472 0.2120 0.1202 0.0707 0.1040 0.2370 0.2969
0.3544 0.4862 0.2845 0.1068 0.0307 0.0458 0.1469 0.2697 0.5758 0.4790
0.6510 0.3887 0.1011 0.0685 0.0292 0.0378 0.2666 0.6552 0.7748 0.3132
0.5403 0.1367 0.0221 0.0313 0.0904 0.1560 0.6006 0.7296 0.5052 0.0865
0.2360 0.0699 0.0130 0.0140 0.1183 0.4783 0.8124 0.5503 0.1561 0.0285
0.0712 0.0437 0.0323 0.0467 0.2576 0.5830 0.6034 0.1965 0.0669 0.0378
0.0486 0.0323 0.0886 0.2652 0.5665 0.4422 0.2106 0.0917 0.0740 0.0900
0.0904 0.1038 0.3010 0.4718 0.3066 0.1430 0.0713 0.0998 0.1817 0.2064
0.2345 0.4122 0.3817 0.1912 0.0520 0.0573 0.1026 0.1760 0.4783 0.5098
0.6046 0.4787 0.1470 0.0684 0.0237 0.0330 0.2196 0.5465 0.7512 0.3949
0.6069 0.1921 0.0328 0.0389 0.0640 0.1025 0.5181 0.7472 0.6219 0.1277
0.2817 0.0739 0.0128 0.0144 0.1154 0.4297 0.8073 0.6137 0.1919 0.0326
0.1088 0.0527 0.0214 0.0259 0.1768 0.5517 0.6994 0.2877 0.0869 0.0305
0.0408 0.0314 0.0794 0.2042 0.5285 0.5244 0.2815 0.0905 0.0588 0.0755
0.0847 0.0666 0.2069 0.4637 0.4377 0.1813 0.0801 0.1001 0.1487 0.1532
0.1435 0.3093 0.4652 0.3300 0.0963 0.0760 0.0725 0.1147 0.3641 0.4933
0.5163 0.5689 0.2238 0.0701 0.0211 0.0314 0.1734 0.3871 0.6904 0.4929
0.6904 0.2769 0.0546 0.0584 0.0456 0.0526 0.3687 0.7573 0.7616 0.2150
0.3676 0.0843 0.0127 0.0157 0.1047 0.3256 0.7689 0.6787 0.2738 0.0414
0.1580 0.0617 0.0152 0.0161 0.1280 0.5204 0.7688 0.3927 0.1114 0.0261
0.0379 0.0322 0.0666 0.1405 0.4620 0.5927 0.3803 0.0980 0.0494 0.0602
0.0732 0.0418 0.1302 0.4164 0.5688 0.2569 0.1050 0.0979 0.1154 0.1164
0.1028 0.2047 0.4579 0.4436 0.1613 0.1001 0.0633 0.0963 0.2589 0.3635
0.4183 0.5836 0.2836 0.0770 0.0219 0.0362 0.1552 0.2856 0.6151 0.5248
0.7044 0.3522 0.0815 0.0717 0.0345 0.0362 0.2806 0.7252 0.8067 0.2924
0.4668 0.1046 0.0160 0.0227 0.1019 0.2197 0.6817 0.7145 0.3960 0.0610
0.2042 0.0675 0.0129 0.0131 0.1133 0.5009 0.8081 0.4912 0.1348 0.0257
0.0478 0.0368 0.0470 0.0795 0.3522 0.6104 0.5064 0.1343 0.0526 0.0461
0.0571 0.0331 0.0980 0.3306 0.5960 0.3654 0.1571 0.0931 0.0852 0.0940
0.0807 0.1314 0.4004 0.5055 0.2500 0.1272 0.0609 0.0851 0.1595 0.2053
0.3073 0.5348 0.3658 0.1219 0.0317 0.0433 0.1176 0.2002 0.5371 0.5547
0.6509 0.4606 0.1299 0.0703 0.0252 0.0310 0.2267 0.6075 0.7828 0.3834
0.5768 0.1539 0.0250 0.0344 0.0809 0.1277 0.5623 0.7447 0.5620 0.1025
0.2491 0.0703 0.0125 0.0131 0.1130 0.4667 0.8199 0.5837 0.1651 0.0294
0.0847 0.0474 0.0266 0.0348 0.2157 0.5761 0.6551 0.2330 0.0734 0.0335
0.0430 0.0309 0.0837 0.2363 0.5565 0.4904 0.2439 0.0889 0.0622 0.0784
0.0783 0.0772 0.2641 0.4974 0.3794 0.1635 0.0708 0.0920 0.1190 0.1176
0.1697 0.3875 0.4747 0.2696 0.0710 0.0632 0.0758 0.1196 0.4035 0.5459
0.5468 0.5920 0.2281 0.0706 0.0207 0.0276 0.1636 0.3978 0.7141 0.5205
0.6945 0.2535 0.0470 0.0559 0.0522 0.0570 0.3898 0.7694 0.7517 0.1974
0.3317 0.0781 0.0116 0.0132 0.0970 0.3493 0.7864 0.6673 0.2428 0.0377
0.1428 0.0594 0.0162 0.0174 0.1352 0.5322 0.7573 0.3627 0.1029 0.0264
0.0362 0.0310 0.0722 0.1622 0.4927 0.5845 0.3472 0.0909 0.0488 0.0637
0.0728 0.0433 0.1456 0.4483 0.5552 0.2357 0.0933 0.0951 0.1006 0.0927
0.0921 0.2254 0.5171 0.4683 0.1599 0.0957 0.0547 0.0791 0.2369 0.3909
0.4362 0.6422 0.3215 0.0776 0.0204 0.0295 0.1323 0.2598 0.6324 0.5919
0.7254 0.3563 0.0801 0.0734 0.0347 0.0337 0.2761 0.7427 0.8219 0.2998
0.4490 0.0975 0.0146 0.0206 0.0980 0.2184 0.6813 0.7122 0.3830 0.0594
0.1981 0.0669 0.0128 0.0128 0.1115 0.5069 0.8095 0.4818 0.1304 0.0250
0.0436 0.0354 0.0501 0.0860 0.3698 0.6215 0.4943 0.1240 0.0490 0.0469
0.0561 0.0312 0.0958 0.3408 0.6114 0.3651 0.1526 0.0915 0.0756 0.0785
0.0720 0.1196 0.4100 0.5356 0.2692 0.1305 0.0565 0.0771 0.1167 0.1426
0.2779 0.5713 0.4260 0.1311 0.0323 0.0414 0.1007 0.1596 0.5081 0.6067
0.6410 0.5046 0.1504 0.0693 0.0235 0.0288 0.2103 0.5687 0.7764 0.4256
0.5888 0.1616 0.0263 0.0354 0.0763 0.1177 0.5466 0.7495 0.5830 0.1099
0.2567 0.0702 0.0120 0.0125 0.1067 0.4471 0.8176 0.6015 0.1736 0.0304
0.0885 0.0485 0.0250 0.0315 0.2033 0.5771 0.6728 0.2443 0.0746 0.0321
0.0410 0.0300 0.0814 0.2275 0.5559 0.5080 0.2559 0.0877 0.0570 0.0717
0.0708 0.0655 0.2510 0.5176 0.4212 0.1743 0.0689 0.0858 0.0872 0.0783
0.1302 0.3706 0.5469 0.3380 0.0889 0.0683 0.0605 0.0875 0.3438 0.5670
0.5009 0.6752 0.3075 0.0709 0.0187 0.0242 0.1306 0.2926 0.6795 0.6161
0.7521 0.3006 0.0598 0.0744 0.0472 0.0361 0.2958 0.7818 0.8255 0.2651
0.3589 0.0799 0.0114 0.0133 0.0850 0.2764 0.7414 0.6863 0.2892 0.0452
0.1675 0.0637 0.0139 0.0140 0.1167 0.5189 0.7856 0.4122 0.1145 0.0246
0.0352 0.0314 0.0672 0.1388 0.4652 0.6108 0.3892 0.0939 0.0454 0.0578
0.0657 0.0351 0.1228 0.4361 0.6088 0.2715 0.1022 0.0910 0.0802 0.0716
0.0707 0.1745 0.5215 0.5398 0.2146 0.1105 0.0481 0.0644 0.1491 0.2581
0.3794 0.6682 0.3936 0.0896 0.0218 0.0293 0.1088 0.1960 0.5897 0.6446
0.6976 0.4278 0.1075 0.0708 0.0275 0.0307 0.2473 0.6803 0.8100 0.3551
0.5181 0.1165 0.0182 0.0273 0.0924 0.1551 0.5988 0.7316 0.4838 0.0813
0.2231 0.0683 0.0122 0.0122 0.1086 0.4901 0.8227 0.5442 0.1460 0.0267
0.0597 0.0409 0.0361 0.0529 0.2820 0.6077 0.5872 0.1711 0.0583 0.0386
0.0470 0.0293 0.0857 0.2802 0.5939 0.4430 0.2014 0.0887 0.0621 0.0700
0.0601 0.0752 0.3321 0.5661 0.3709 0.1594 0.0579 0.0722 0.0596 0.0533
0.1566 0.5001 0.5754 0.2540 0.0600 0.0528 0.0613 0.0827 0.3802 0.6548
0.5326 0.6687 0.2858 0.0686 0.0188 0.0238 0.1401 0.3308 0.7003 0.6046
0.7369 0.2537 0.0475 0.0686 0.0593 0.0444 0.3300 0.7849 0.7958 0.2260
0.3122 0.0724 0.0104 0.0108 0.0759 0.2947 0.7548 0.6668 0.2521 0.0413
0.1410 0.0594 0.0160 0.0169 0.1331 0.5360 0.7603 0.3596 0.1012 0.0259
0.0349 0.0301 0.0742 0.1720 0.5085 0.5851 0.3353 0.0872 0.0467 0.0626
0.0628 0.0378 0.1565 0.4998 0.5836 0.2350 0.0815 0.0838 0.0613 0.0481
0.0691 0.2321 0.6022 0.5334 0.1845 0.0968 0.0417 0.0528 0.1722 0.3855
0.3946 0.7171 0.4294 0.0872 0.0203 0.0247 0.0960 0.1783 0.6006 0.6954
0.7214 0.4112 0.0964 0.0701 0.0284 0.0309 0.2604 0.7148 0.8218 0.3386
0.4760 0.1007 0.0154 0.0224 0.0848 0.1530 0.5936 0.7211 0.4527 0.0769
0.2130 0.0680 0.0120 0.0117 0.1052 0.4962 0.8205 0.5195 0.1390 0.0253
0.0496 0.0378 0.0428 0.0672 0.3250 0.6215 0.5447 0.1436 0.0519 0.0420
0.0492 0.0280 0.0865 0.3103 0.6173 0.4150 0.1781 0.0883 0.0590 0.0604
0.0575 0.0768 0.3535 0.5808 0.3584 0.1538 0.0547 0.0689 0.0490 0.0412
0.1500 0.5461 0.6154 0.2475 0.0567 0.0492 0.0559 0.0697 0.3643 0.6924
0.5336 0.6835 0.2959 0.0676 0.0185 0.0231 0.1372 0.3219 0.6986 0.6205
0.7351 0.2441 0.0453 0.0683 0.0625 0.0454 0.3308 0.7847 0.7911 0.2211
0.3023 0.0694 0.0098 0.0100 0.0668 0.2632 0.7306 0.6649 0.2596 0.0440
0.1335 0.0581 0.0167 0.0178 0.1381 0.5431 0.7543 0.3453 0.0970 0.0261
0.0350 0.0296 0.0750 0.1798 0.5189 0.5785 0.3241 0.0863 0.0466 0.0621
0.0563 0.0342 0.1575 0.5137 0.5946 0.2460 0.0810 0.0787 0.0433 0.0304
0.0648 0.2319 0.6166 0.5462 0.1921 0.0961 0.0389 0.0475 0.1494 0.3575
0.3547 0.7317 0.4856 0.0982 0.0220 0.0246 0.0822 0.1424 0.5662 0.7282
0.7112 0.4423 0.1077 0.0678 0.0259 0.0303 0.2511 0.6864 0.8136 0.3613
0.4874 0.1024 0.0157 0.0232 0.0776 0.1264 0.5462 0.7242 0.4875 0.0875
0.2201 0.0681 0.0117 0.0113 0.1011 0.4818 0.8205 0.5382 0.1455 0.0261
0.0529 0.0390 0.0396 0.0598 0.3048 0.6204 0.5677 0.1541 0.0535 0.0400
0.0463 0.0264 0.0823 0.2994 0.6223 0.4371 0.1892 0.0867 0.0513 0.0514
0.0515 0.0613 0.3252 0.6004 0.4063 0.1661 0.0539 0.0650 0.0307 0.0208
0.1080 0.5208 0.6896 0.3258 0.0761 0.0545 0.0424 0.0467 0.2909 0.7067
0.4920 0.7380 0.3650 0.0673 0.0171 0.0215 0.1166 0.2462 0.6652 0.6844
0.7747 0.2917 0.0570 0.0817 0.0525 0.0327 0.2686 0.7881 0.8391 0.2766
0.3158 0.0664 0.0093 0.0096 0.0496 0.1587 0.6135 0.6758 0.3302 0.0610
0.1534 0.0618 0.0145 0.0147 0.1209 0.5310 0.7787 0.3859 0.1063 0.0245
0.0333 0.0298 0.0708 0.1553 0.4933 0.6092 0.3651 0.0877 0.0427 0.0568
0.0497 0.0250 0.1220 0.5025 0.6749 0.2944 0.0901 0.0745 0.0317 0.0208
0.0537 0.1485 0.5453 0.5969 0.2669 0.1154 0.0388 0.0463 0.0706 0.1276
0.2151 0.6934 0.6283 0.1749 0.0371 0.0306 0.0522 0.0722 0.4241 0.7586
0.6245 0.6026 0.2015 0.0648 0.0200 0.0262 0.1761 0.4610 0.7466 0.5194
0.5812 0.1409 0.0228 0.0337 0.0716 0.0906 0.4680 0.7437 0.6025 0.1228
0.2433 0.0646 0.0105 0.0100 0.0760 0.3441 0.7637 0.6041 0.1957 0.0365
0.0821 0.0473 0.0259 0.0325 0.2092 0.5900 0.6707 0.2318 0.0699 0.0319
0.0391 0.0262 0.0759 0.2383 0.5878 0.5156 0.2500 0.0849 0.0441 0.0491
0.0457 0.0371 0.2328 0.6021 0.5225 0.2066 0.0607 0.0656 0.0167 0.0078
0.0676 0.3941 0.7267 0.4783 0.1327 0.0714 0.0321 0.0330 0.1867 0.6061
0.3851 0.7701 0.4890 0.0839 0.0190 0.0219 0.0844 0.1458 0.5813 0.7483
0.7538 0.4024 0.0854 0.0677 0.0279 0.0323 0.2568 0.7184 0.8226 0.3238
0.3983 0.0741 0.0109 0.0141 0.0452 0.0741 0.4179 0.7000 0.4888 0.1035
0.2010 0.0676 0.0117 0.0110 0.0985 0.4955 0.8140 0.4879 0.1323 0.0240
0.0394 0.0341 0.0519 0.0881 0.3799 0.6404 0.4964 0.1156 0.0443 0.0456
0.0431 0.0204 0.0762 0.3502 0.6839 0.4284 0.1636 0.0809 0.0299 0.0220
0.0420 0.0487 0.3250 0.6468 0.4602 0.1694 0.0463 0.0533 0.0128 0.0065
0.0813 0.5356 0.7569 0.3832 0.0959 0.0519 0.0297 0.0278 0.1849 0.6661
0.4668 0.7783 0.4216 0.0663 0.0159 0.0206 0.1017 0.1934 0.6337 0.7297
0.7927 0.3179 0.0604 0.0809 0.0441 0.0326 0.2255 0.7372 0.8298 0.2936
0.2958 0.0570 0.0079 0.0077 0.0273 0.0663 0.4045 0.6698 0.4219 0.0965
0.1608 0.0632 0.0137 0.0135 0.1140 0.5268 0.7878 0.4001 0.1096 0.0238
0.0321 0.0292 0.0694 0.1501 0.4910 0.6215 0.3769 0.0870 0.0400 0.0530
0.0382 0.0167 0.0995 0.5132 0.7420 0.3555 0.0975 0.0656 0.0140 0.0071
0.0440 0.0923 0.4643 0.6335 0.3598 0.1332 0.0376 0.0421 0.0242 0.0262
0.0941 0.5900 0.7612 0.3518 0.0860 0.0430 0.0280 0.0277 0.1908 0.6809
0.5201 0.7741 0.3793 0.0615 0.0147 0.0230 0.0934 0.1725 0.6160 0.7093
0.7970 0.2518 0.0444 0.0847 0.0602 0.0339 0.1744 0.6797 0.8004 0.2746
0.2637 0.0536 0.0073 0.0064 0.0244 0.0727 0.4291 0.6566 0.3838 0.0885
0.1320 0.0581 0.0164 0.0172 0.1356 0.5476 0.7586 0.3435 0.0953 0.0256
0.0326 0.0264 0.0712 0.1844 0.5434 0.5938 0.3249 0.0830 0.0368 0.0454
0.0373 0.0180 0.1294 0.5814 0.7000 0.2975 0.0766 0.0632 0.0084 0.0029
0.0464 0.1595 0.5804 0.6012 0.2787 0.1085 0.0326 0.0339 0.0423 0.0882
0.1161 0.6320 0.7404 0.2964 0.0698 0.0383 0.0317 0.0332 0.2255 0.7004
0.5549 0.7830 0.3640 0.0587 0.0129 0.0272 0.0681 0.1054 0.5454 0.7036
0.7825 0.2208 0.0373 0.0772 0.0623 0.0347 0.1612 0.6515 0.7769 0.2613
0.2497 0.0505 0.0069 0.0058 0.0200 0.0575 0.3762 0.6497 0.4000 0.0986
0.1249 0.0568 0.0172 0.0183 0.1418 0.5538 0.7508 0.3291 0.0915 0.0260
0.0317 0.0238 0.0670 0.1908 0.5667 0.5983 0.3205 0.0818 0.0301 0.0331
0.0339 0.0157 0.1298 0.6069 0.7051 0.2977 0.0730 0.0607 0.0048 0.0012
0.0456 0.1529 0.5633 0.5927 0.2873 0.1076 0.0323 0.0325 0.0317 0.0598
0.0774 0.5535 0.7726 0.3925 0.1083 0.0461 0.0245 0.0219 0.1242 0.5755
0.5465 0.8301 0.4201 0.0563 0.0102 0.0324 0.0361 0.0346 0.4002 0.7448
0.8422 0.3168 0.0483 0.0786 0.0372 0.0414 0.0896 0.3985 0.7158 0.2983
0.2511 0.0470 0.0064 0.0053 0.0143 0.0315 0.2605 0.6542 0.4733 0.1324
0.1531 0.0621 0.0142 0.0140 0.1167 0.5326 0.7826 0.3845 0.1054 0.0238
0.0295 0.0236 0.0645 0.1706 0.5488 0.6287 0.3547 0.0814 0.0272 0.0306
0.0278 0.0105 0.0925 0.5811 0.7834 0.3799 0.0884 0.0561 0.0031 0.0008
0.0361 0.0605 0.3860 0.6473 0.4521 0.1450 0.0355 0.0352 0.0064 0.0039
0.0477 0.3512 0.7158 0.4901 0.2083 0.0634 0.0211 0.0154 0.0249 0.1216
0.2576 0.7488 0.6414 0.1741 0.0265 0.0678 0.0083 0.0032 0.0851 0.6713
0.8024 0.6267 0.1232 0.0476 0.0101 0.0642 0.0469 0.0685 0.4468 0.4262
0.4336 0.0641 0.0081 0.0105 0.0134 0.0156 0.0682 0.4551 0.5759 0.2342
0.1886 0.0486 0.0074 0.0060 0.0210 0.0727 0.3565 0.5129 0.3167 0.0801
0.0466 0.0368 0.0414 0.0626 0.3195 0.6430 0.5675 0.1413 0.0463 0.0374
0.0196 0.0121 0.0553 0.2304 0.6278 0.6530 0.3178 0.0670 0.0031 0.0011
0.0368 0.0238 0.2183 0.6796 0.5750 0.1997 0.0497 0.0589 0.0036 0.0007
0.0337 0.1804 0.5984 0.5513 0.3293 0.0892 0.0221 0.0144 0.0058 0.0131
0.0542 0.3337 0.6751 0.4860 0.1974 0.0960 0.0095 0.0039 0.0076 0.0616
0.0879 0.4030 0.6281 0.4138 0.1208 0.1513 0.0032 0.0006 0.0032 0.0615
0.5821 0.8578 0.4308 0.0525 0.0074 0.0495 0.0143 0.0068 0.1991 0.7227
0.8732 0.2998 0.0359 0.0650 0.0177 0.0226 0.0159 0.1338 0.6552 0.4076
0.2351 0.0443 0.0060 0.0047 0.0117 0.0262 0.2310 0.6472 0.4801 0.1419
0.1601 0.0634 0.0135 0.0131 0.1111 0.5276 0.7893 0.3965 0.1086 0.0232
0.0257 0.0167 0.0515 0.1768 0.6030 0.6578 0.3635 0.0787 0.0121 0.0087
0.0262 0.0111 0.1076 0.5939 0.7306 0.3609 0.0872 0.0573 0.0019 0.0003
0.0392 0.0522 0.3205 0.6155 0.4594 0.1439 0.0391 0.0395 0.0042 0.0016
0.0523 0.3959 0.7345 0.4731 0.1849 0.0593 0.0213 0.0162 0.0350 0.1887
0.4263 0.8210 0.5364 0.0919 0.0128 0.0561 0.0108 0.0046 0.1475 0.7314
0.8415 0.5118 0.0776 0.0504 0.0126 0.0688 0.0621 0.1267 0.5207 0.3252
0.3635 0.0621 0.0090 0.0104 0.0223 0.0284 0.2221 0.6747 0.5725 0.1604
0.2085 0.0689 0.0109 0.0099 0.0878 0.4733 0.8113 0.4943 0.1387 0.0236
0.0375 0.0333 0.0545 0.0949 0.3951 0.6423 0.4817 0.1099 0.0430 0.0466
0.0387 0.0176 0.0730 0.3633 0.7072 0.4467 0.1627 0.0761 0.0206 0.0133
0.0422 0.0436 0.3027 0.6504 0.4729 0.1703 0.0469 0.0557 0.0102 0.0041
0.1163 0.5865 0.7124 0.3020 0.0695 0.0439 0.0368 0.0402 0.2607 0.7005
0.5236 0.7345 0.3418 0.0642 0.0167 0.0219 0.1223 0.2654 0.6749 0.6727
0.7662 0.2385 0.0443 0.0802 0.0679 0.0367 0.2545 0.7671 0.8119 0.2490
0.2820 0.0643 0.0092 0.0087 0.0525 0.2073 0.6727 0.6548 0.2752 0.0507
0.1310 0.0577 0.0169 0.0181 0.1398 0.5443 0.7509 0.3395 0.0958 0.0263
0.0362 0.0290 0.0767 0.1974 0.5389 0.5584 0.2984 0.0853 0.0475 0.0618
0.0483 0.0352 0.1958 0.5651 0.5802 0.2345 0.0689 0.0675 0.0292 0.0195
0.0606 0.2851 0.6799 0.5426 0.1766 0.0872 0.0336 0.0373 0.1505 0.4508
0.3770 0.7536 0.4812 0.0879 0.0198 0.0230 0.0855 0.1489 0.5776 0.7336
0.7434 0.4096 0.0898 0.0675 0.0275 0.0316 0.2643 0.7249 0.8251 0.3300
0.4316 0.0865 0.0129 0.0174 0.0633 0.1163 0.5265 0.7090 0.4562 0.0850
0.2072 0.0683 0.0118 0.0112 0.1006 0.4967 0.8177 0.4996 0.1351 0.0242
0.0432 0.0354 0.0492 0.0829 0.3647 0.6277 0.5041 0.1245 0.0479 0.0455
0.0501 0.0264 0.0905 0.3568 0.6484 0.3835 0.1495 0.0846 0.0525 0.0489
0.0496 0.0794 0.4010 0.6145 0.3664 0.1498 0.0469 0.0561 0.0361 0.0336
0.1129 0.5762 0.7106 0.3023 0.0686 0.0477 0.0395 0.0420 0.2847 0.7304
0.5165 0.7269 0.3399 0.0655 0.0172 0.0218 0.1254 0.2757 0.6800 0.6673
0.7651 0.2513 0.0476 0.0801 0.0645 0.0364 0.2724 0.7826 0.8202 0.2520
0.2927 0.0656 0.0092 0.0089 0.0533 0.2042 0.6725 0.6626 0.2837 0.0513
0.1355 0.0586 0.0164 0.0173 0.1354 0.5416 0.7572 0.3490 0.0979 0.0258
0.0356 0.0292 0.0757 0.1881 0.5291 0.5692 0.3117 0.0858 0.0468 0.0615
0.0486 0.0330 0.1796 0.5546 0.6046 0.2462 0.0721 0.0683 0.0311 0.0217
0.0587 0.2539 0.6594 0.5577 0.1927 0.0924 0.0343 0.0387 0.1340 0.3825
0.3088 0.7392 0.5448 0.1138 0.0247 0.0251 0.0699 0.1109 0.5182 0.7499
0.7085 0.4738 0.1175 0.0651 0.0236 0.0303 0.2356 0.6453 0.8007 0.3831
0.4867 0.1013 0.0156 0.0224 0.0675 0.1033 0.4962 0.7226 0.5135 0.0983
0.2251 0.0682 0.0113 0.0108 0.0962 0.4662 0.8178 0.5488 0.1511 0.0267
0.0540 0.0394 0.0387 0.0575 0.2982 0.6202 0.5753 0.1576 0.0540 0.0393
0.0441 0.0245 0.0806 0.3089 0.6410 0.4434 0.1853 0.0835 0.0438 0.0419
0.0429 0.0545 0.3381 0.6337 0.4498 0.1725 0.0478 0.0531 0.0187 0.0125
0.0726 0.4840 0.7496 0.4136 0.1083 0.0600 0.0308 0.0281 0.1714 0.6300
0.4523 0.7782 0.4323 0.0679 0.0161 0.0206 0.1010 0.1897 0.6292 0.7315
0.7906 0.3380 0.0644 0.0769 0.0386 0.0333 0.2274 0.7235 0.8249 0.2971
0.3183 0.0624 0.0088 0.0091 0.0353 0.0872 0.4661 0.6769 0.4063 0.0860
0.1733 0.0651 0.0130 0.0126 0.1080 0.5181 0.7970 0.4235 0.1160 0.0234
0.0328 0.0303 0.0677 0.1391 0.4722 0.6259 0.3944 0.0900 0.0413 0.0543
0.0446 0.0207 0.1042 0.4874 0.7138 0.3351 0.0998 0.0715 0.0250 0.0159
0.0472 0.1053 0.4854 0.6239 0.3307 0.1300 0.0389 0.0450 0.0368 0.0473
0.1286 0.6328 0.7228 0.2813 0.0624 0.0383 0.0353 0.0398 0.2840 0.7409
0.5457 0.7234 0.3194 0.0633 0.0167 0.0230 0.1229 0.2709 0.6757 0.6558
0.7286 0.2037 0.0360 0.0655 0.0705 0.0452 0.2834 0.7505 0.7656 0.2126
0.2627 0.0592 0.0085 0.0077 0.0412 0.1582 0.6045 0.6456 0.2935 0.0590
0.1144 0.0546 0.0189 0.0210 0.1555 0.5606 0.7332 0.3063 0.0867 0.0274
0.0356 0.0266 0.0739 0.2077 0.5623 0.5569 0.2886 0.0840 0.0412 0.0493
0.0408 0.0269 0.1830 0.5945 0.6123 0.2486 0.0670 0.0627 0.0127 0.0056
0.0567 0.2721 0.6742 0.5469 0.1891 0.0872 0.0320 0.0337 0.1092 0.3439
0.2028 0.7136 0.6605 0.1799 0.0385 0.0294 0.0472 0.0614 0.3889 0.7674
0.6698 0.5969 0.1772 0.0611 0.0182 0.0304 0.1529 0.3950 0.7167 0.4930
0.5266 0.1094 0.0170 0.0252 0.0546 0.0642 0.3715 0.7182 0.5955 0.1342
0.2327 0.0635 0.0102 0.0095 0.0705 0.3336 0.7519 0.5855 0.1921 0.0362
0.0673 0.0435 0.0308 0.0412 0.2445 0.6085 0.6344 0.1953 0.0611 0.0345
0.0383 0.0222 0.0702 0.2613 0.6292 0.5089 0.2322 0.0830 0.0325 0.0296
0.0384 0.0311 0.2403 0.6436 0.5494 0.2073 0.0538 0.0569 0.0077 0.0027
0.0517 0.3673 0.7386 0.5024 0.1670 0.0729 0.0261 0.0216 0.0792 0.3718
0.2650 0.7487 0.6055 0.1313 0.0286 0.0257 0.0582 0.0824 0.4457 0.7583
0.7554 0.5179 0.1121 0.0576 0.0175 0.0402 0.1443 0.3902 0.7031 0.3850
0.4305 0.0747 0.0111 0.0152 0.0317 0.0341 0.2467 0.6924 0.5995 0.1590
0.2167 0.0664 0.0107 0.0098 0.0817 0.4193 0.7907 0.5323 0.1572 0.0281
0.0479 0.0374 0.0422 0.0645 0.3208 0.6336 0.5577 0.1422 0.0492 0.0402
0.0359 0.0172 0.0666 0.3184 0.6962 0.4927 0.1944 0.0764 0.0195 0.0133
0.0381 0.0339 0.2672 0.6603 0.5264 0.1888 0.0482 0.0539 0.0066 0.0022
0.0435 0.3265 0.7219 0.5141 0.2068 0.0736 0.0228 0.0164 0.0328 0.1640
0.2403 0.7376 0.6262 0.1472 0.0322 0.0283 0.0490 0.0620 0.3714 0.7340
0.7860 0.5740 0.1148 0.0517 0.0128 0.0533 0.0773 0.1586 0.5625 0.4001
0.4290 0.0695 0.0102 0.0139 0.0236 0.0216 0.1620 0.6620 0.6350 0.1960
0.2128 0.0639 0.0102 0.0091 0.0687 0.3534 0.7483 0.5290 0.1726 0.0320
0.0488 0.0377 0.0412 0.0624 0.3156 0.6331 0.5638 0.1451 0.0495 0.0394
0.0312 0.0148 0.0614 0.3110 0.7094 0.5297 0.2092 0.0725 0.0127 0.0075
