0.0691 0.2630 0.3904 0.5675 0.5288 0.1573 0.0892 0.0596 0.0753 0.2623
0.1290 0.5494 0.6527 0.3660 0.1014 0.0256 0.0383 0.0815 0.2322 0.6403
0.2565 0.6851 0.5636 0.1802 0.0487 0.0222 0.0659 0.1837 0.4714 0.7145
0.6187 0.6374 0.1676 0.0480 0.0381 0.0946 0.4386 0.6457 0.7396 0.4055
0.5105 0.1970 0.0828 0.0705 0.0725 0.1845 0.5483 0.6492 0.4263 0.1050
0.2256 0.1746 0.0821 0.2072 0.4040 0.7079 0.7410 0.3306 0.1319 0.0333
0.0847 0.1318 0.1663 0.4977 0.5923 0.5074 0.3119 0.1002 0.0565 0.0632
0.0625 0.2103 0.3256 0.5705 0.5823 0.2059 0.1041 0.0586 0.0629 0.2062
0.1117 0.4935 0.6236 0.4138 0.1449 0.0342 0.0418 0.0731 0.1864 0.5769
0.2084 0.6744 0.6347 0.2193 0.0491 0.0168 0.0441 0.1370 0.4131 0.7480
0.5815 0.6848 0.2100 0.0560 0.0391 0.0812 0.3721 0.5837 0.7322 0.4726
0.5886 0.2627 0.0920 0.0471 0.0404 0.1068 0.4878 0.7080 0.5662 0.1744
0.2515 0.1553 0.0739 0.1505 0.3016 0.6227 0.7241 0.3857 0.1534 0.0375
0.1153 0.1447 0.1334 0.4189 0.5649 0.6130 0.4680 0.1469 0.0705 0.0470
0.0583 0.1623 0.2602 0.5622 0.6133 0.2703 0.1267 0.0598 0.0536 0.1526
0.0934 0.4072 0.5491 0.4721 0.2485 0.0582 0.0532 0.0668 0.1360 0.4642
0.1768 0.6528 0.6691 0.2597 0.0544 0.0160 0.0363 0.1106 0.3581 0.7462
0.4672 0.7056 0.3161 0.0845 0.0438 0.0540 0.2270 0.4299 0.6633 0.5745
0.6389 0.3904 0.1103 0.0369 0.0288 0.0775 0.4505 0.7272 0.6828 0.2752
0.3193 0.1351 0.0694 0.1133 0.1928 0.4608 0.6747 0.4815 0.2023 0.0453
0.1642 0.1702 0.1074 0.3099 0.5060 0.6971 0.6464 0.2258 0.0952 0.0370
0.0552 0.1145 0.1803 0.5112 0.6098 0.3487 0.1585 0.0647 0.0478 0.1083
0.0807 0.3378 0.4629 0.5202 0.4022 0.0988 0.0700 0.0639 0.1031 0.3639
0.1468 0.6168 0.6912 0.3104 0.0651 0.0164 0.0312 0.0887 0.2960 0.7292
0.3496 0.7096 0.4576 0.1236 0.0434 0.0299 0.1118 0.2823 0.5788 0.6813
0.6613 0.5181 0.1308 0.0336 0.0253 0.0684 0.4275 0.7201 0.7471 0.3674
0.4199 0.1294 0.0680 0.0763 0.0990 0.2643 0.5999 0.5981 0.2967 0.0650
0.1910 0.1697 0.0847 0.2020 0.4165 0.7121 0.7279 0.2910 0.1140 0.0346
0.0561 0.0792 0.1094 0.4262 0.5884 0.4554 0.2190 0.0776 0.0460 0.0719
0.0681 0.2536 0.3575 0.5423 0.5393 0.1614 0.0907 0.0614 0.0771 0.2653
0.1272 0.5587 0.6735 0.3590 0.0876 0.0215 0.0335 0.0783 0.2383 0.6684
0.2463 0.6965 0.5970 0.1809 0.0439 0.0175 0.0536 0.1707 0.4746 0.7521
0.6430 0.6385 0.1646 0.0397 0.0298 0.0751 0.4106 0.6685 0.7646 0.4390
0.5429 0.1676 0.0757 0.0517 0.0483 0.1292 0.5133 0.6977 0.4596 0.1148
0.2087 0.1552 0.0718 0.1350 0.3184 0.6654 0.7403 0.3430 0.1311 0.0368
0.0711 0.0840 0.0967 0.3849 0.5637 0.5429 0.3197 0.1024 0.0519 0.0542
0.0600 0.1869 0.2773 0.5496 0.6107 0.2334 0.1132 0.0602 0.0604 0.1885
0.1049 0.4638 0.6143 0.4243 0.1495 0.0363 0.0416 0.0694 0.1709 0.5529
0.1855 0.6766 0.6790 0.2394 0.0472 0.0134 0.0335 0.1153 0.3897 0.7779
0.5563 0.7038 0.2442 0.0587 0.0365 0.0624 0.3042 0.5426 0.7289 0.5364
0.6456 0.2756 0.0917 0.0313 0.0229 0.0623 0.4325 0.7595 0.6523 0.2320
0.2594 0.1275 0.0629 0.0866 0.1906 0.5073 0.7020 0.4386 0.1697 0.0440
0.1198 0.1284 0.0999 0.3131 0.5094 0.6427 0.5346 0.1735 0.0755 0.0422
0.0534 0.1134 0.1650 0.4844 0.6208 0.3359 0.1498 0.0648 0.0500 0.1199
0.0850 0.3595 0.4906 0.4796 0.3092 0.0745 0.0595 0.0651 0.1189 0.4156
0.1582 0.6458 0.6996 0.2830 0.0544 0.0140 0.0297 0.0949 0.3315 0.7608
0.3740 0.7146 0.4363 0.1097 0.0405 0.0292 0.1186 0.3090 0.6068 0.6858
0.6862 0.4669 0.1193 0.0264 0.0184 0.0508 0.3972 0.7523 0.7602 0.3733
0.3939 0.1069 0.0606 0.0628 0.0894 0.2592 0.6057 0.5982 0.2707 0.0602
0.1735 0.1599 0.0833 0.1795 0.3913 0.6900 0.7100 0.2769 0.1077 0.0371
0.0512 0.0656 0.0846 0.3799 0.5883 0.4615 0.2118 0.0771 0.0452 0.0717
0.0695 0.2563 0.3409 0.5084 0.5174 0.1521 0.0883 0.0640 0.0837 0.2834
0.1319 0.5803 0.6883 0.3429 0.0756 0.0185 0.0310 0.0798 0.2567 0.6975
0.2450 0.7033 0.6090 0.1767 0.0413 0.0153 0.0486 0.1683 0.4829 0.7724
0.6655 0.6315 0.1582 0.0331 0.0238 0.0620 0.3837 0.6852 0.7804 0.4585
0.5588 0.1372 0.0684 0.0413 0.0365 0.1009 0.4911 0.7291 0.4674 0.1148
0.1904 0.1420 0.0644 0.0897 0.2537 0.6287 0.7396 0.3478 0.1289 0.0408
0.0598 0.0521 0.0524 0.2792 0.5351 0.5783 0.3263 0.1058 0.0487 0.0468
0.0582 0.1648 0.2218 0.5012 0.6206 0.2545 0.1210 0.0638 0.0615 0.1801
0.1017 0.4539 0.6174 0.4215 0.1402 0.0344 0.0392 0.0671 0.1678 0.5560
0.1875 0.6836 0.6862 0.2328 0.0437 0.0123 0.0318 0.1158 0.3998 0.7902
0.5283 0.7091 0.2788 0.0615 0.0335 0.0475 0.2363 0.4926 0.7140 0.5872
0.6848 0.2846 0.0907 0.0229 0.0150 0.0415 0.3885 0.7899 0.7070 0.2809
0.2696 0.1089 0.0566 0.0609 0.1365 0.4231 0.6825 0.4794 0.1820 0.0482
0.1139 0.1073 0.0751 0.2252 0.4498 0.6449 0.5594 0.1880 0.0767 0.0409
0.0506 0.0877 0.1132 0.4169 0.6194 0.3805 0.1668 0.0697 0.0493 0.1040
0.0820 0.3404 0.4598 0.4789 0.3419 0.0835 0.0632 0.0653 0.1133 0.3961
0.1514 0.6386 0.7078 0.2938 0.0551 0.0136 0.0281 0.0897 0.3183 0.7603
0.3336 0.7171 0.4950 0.1230 0.0388 0.0219 0.0853 0.2597 0.5784 0.7307
0.7017 0.5088 0.1245 0.0235 0.0158 0.0444 0.3679 0.7490 0.7823 0.4167
0.4471 0.0925 0.0559 0.0420 0.0518 0.1618 0.5560 0.6698 0.3250 0.0733
0.1679 0.1465 0.0706 0.1087 0.2981 0.6541 0.7261 0.3031 0.1132 0.0406
0.0479 0.0391 0.0392 0.2577 0.5557 0.5546 0.2655 0.0918 0.0448 0.0516
0.0643 0.2073 0.2584 0.4817 0.5766 0.1990 0.1049 0.0664 0.0756 0.2361
0.1137 0.5174 0.6720 0.3903 0.0968 0.0235 0.0326 0.0701 0.2045 0.6346
0.2126 0.7009 0.6620 0.2003 0.0399 0.0120 0.0355 0.1368 0.4475 0.7998
0.6371 0.6790 0.1925 0.0366 0.0237 0.0528 0.3020 0.6111 0.7676 0.5221
0.6508 0.1740 0.0733 0.0248 0.0171 0.0478 0.4095 0.7913 0.6155 0.1916
0.2011 0.1174 0.0543 0.0500 0.1560 0.5155 0.7217 0.4047 0.1460 0.0477
0.0684 0.0464 0.0350 0.1757 0.4594 0.6359 0.4353 0.1421 0.0562 0.0385
0.0526 0.1065 0.1270 0.4216 0.6383 0.3436 0.1531 0.0699 0.0550 0.1292
0.0883 0.3756 0.5400 0.4535 0.2128 0.0538 0.0487 0.0639 0.1312 0.4594
0.1603 0.6594 0.7124 0.2731 0.0488 0.0120 0.0271 0.0948 0.3460 0.7830
0.3867 0.7215 0.4371 0.0978 0.0353 0.0243 0.1043 0.3118 0.6242 0.7142
0.7298 0.4106 0.1058 0.0170 0.0102 0.0293 0.3245 0.7873 0.7858 0.4047
0.3785 0.0785 0.0487 0.0318 0.0507 0.1857 0.5861 0.6379 0.2717 0.0665
0.1486 0.1343 0.0696 0.1111 0.3049 0.6400 0.6938 0.2749 0.1030 0.0424
0.0459 0.0403 0.0397 0.2619 0.5756 0.5315 0.2416 0.0874 0.0453 0.0584
0.0687 0.2375 0.2932 0.4731 0.5294 0.1644 0.0941 0.0674 0.0854 0.2752
0.1222 0.5547 0.6913 0.3659 0.0807 0.0194 0.0301 0.0735 0.2319 0.6777
0.2307 0.7090 0.6404 0.1819 0.0389 0.0124 0.0392 0.1529 0.4761 0.8005
0.6773 0.6479 0.1638 0.0283 0.0188 0.0487 0.3078 0.6545 0.7828 0.5005
0.6175 0.1309 0.0652 0.0266 0.0199 0.0566 0.4322 0.7830 0.5475 0.1487
0.1675 0.1088 0.0475 0.0280 0.1153 0.4855 0.7274 0.3933 0.1374 0.0549
0.0526 0.0217 0.0130 0.0993 0.4306 0.6881 0.4394 0.1465 0.0511 0.0307
0.0522 0.0925 0.0927 0.3611 0.6419 0.3733 0.1676 0.0768 0.0580 0.1229
0.0859 0.3593 0.5486 0.4549 0.1906 0.0515 0.0464 0.0615 0.1260 0.4496
0.1641 0.6652 0.7123 0.2651 0.0466 0.0116 0.0270 0.0973 0.3563 0.7891
0.4128 0.7209 0.4105 0.0866 0.0328 0.0250 0.1097 0.3310 0.6397 0.7048
0.7377 0.3784 0.1000 0.0153 0.0088 0.0258 0.3073 0.7953 0.7838 0.3982
0.3478 0.0629 0.0403 0.0167 0.0317 0.1465 0.5797 0.6558 0.2651 0.0738
0.1287 0.1056 0.0511 0.0633 0.2320 0.6051 0.6892 0.2823 0.1007 0.0456
0.0427 0.0257 0.0192 0.1764 0.5629 0.6049 0.2826 0.1008 0.0460 0.0467
0.0669 0.2097 0.2428 0.4384 0.5400 0.1847 0.1026 0.0707 0.0842 0.2543
0.1148 0.5272 0.6865 0.3886 0.0893 0.0216 0.0308 0.0695 0.2093 0.6486
0.2179 0.7084 0.6604 0.1905 0.0387 0.0111 0.0341 0.1405 0.4623 0.8127
0.6769 0.6609 0.1711 0.0265 0.0168 0.0423 0.2483 0.6094 0.7724 0.5262
0.6498 0.1350 0.0649 0.0212 0.0145 0.0417 0.3959 0.8033 0.5931 0.1742
0.1584 0.0940 0.0406 0.0151 0.0728 0.4055 0.7183 0.4204 0.1433 0.0641
0.0476 0.0145 0.0071 0.0542 0.3630 0.7107 0.4775 0.1655 0.0518 0.0272
0.0509 0.0800 0.0730 0.3312 0.6563 0.4112 0.1834 0.0806 0.0570 0.1108
0.0735 0.2755 0.4728 0.4738 0.2395 0.0740 0.0544 0.0576 0.0970 0.3537
0.1501 0.6363 0.7130 0.2944 0.0536 0.0130 0.0269 0.0887 0.3167 0.7644
0.3492 0.7212 0.4915 0.1040 0.0320 0.0168 0.0652 0.2480 0.5871 0.7607
0.7560 0.4508 0.1067 0.0130 0.0073 0.0228 0.2438 0.7570 0.7960 0.4529
0.4277 0.0544 0.0387 0.0131 0.0188 0.0828 0.5169 0.7341 0.3328 0.0876
0.1282 0.1077 0.0479 0.0290 0.1364 0.5256 0.7140 0.3235 0.1123 0.0565
0.0398 0.0149 0.0087 0.1072 0.5162 0.6867 0.3462 0.1189 0.0450 0.0329
0.0614 0.1576 0.1588 0.3995 0.6141 0.2590 0.1300 0.0757 0.0751 0.1984
0.0953 0.4319 0.6461 0.4490 0.1270 0.0325 0.0357 0.0606 0.1509 0.5383
0.1935 0.6943 0.6886 0.2175 0.0405 0.0106 0.0295 0.1200 0.4211 0.8114
0.5854 0.7008 0.2474 0.0394 0.0205 0.0337 0.1524 0.4522 0.7116 0.6065
0.7218 0.2172 0.0768 0.0147 0.0084 0.0244 0.3140 0.8174 0.7167 0.2869
0.1967 0.0606 0.0309 0.0058 0.0247 0.1961 0.6541 0.5537 0.1884 0.0836
0.0609 0.0156 0.0049 0.0163 0.1995 0.7141 0.6451 0.2623 0.0715 0.0271
0.0441 0.0316 0.0198 0.1772 0.6182 0.5823 0.2678 0.1027 0.0521 0.0595
0.0614 0.1786 0.2748 0.4567 0.4363 0.1628 0.0884 0.0621 0.0725 0.2297
0.1155 0.5295 0.6957 0.3949 0.0881 0.0210 0.0303 0.0692 0.2082 0.6495
0.2510 0.7172 0.6208 0.1553 0.0351 0.0109 0.0358 0.1600 0.5003 0.8152
0.7348 0.6097 0.1356 0.0157 0.0094 0.0303 0.1697 0.5936 0.7641 0.5081
0.5984 0.0888 0.0529 0.0183 0.0147 0.0467 0.4203 0.7971 0.5084 0.1331
0.1199 0.0828 0.0329 0.0057 0.0407 0.3443 0.7211 0.4102 0.1344 0.0822
0.0360 0.0070 0.0028 0.0287 0.3301 0.7424 0.4709 0.1677 0.0470 0.0230
0.0507 0.0645 0.0434 0.2537 0.6729 0.4688 0.2146 0.0938 0.0617 0.1011
0.0626 0.2081 0.4420 0.5144 0.2624 0.0950 0.0586 0.0509 0.0717 0.2691
0.1478 0.6253 0.7098 0.3001 0.0555 0.0134 0.0272 0.0878 0.3073 0.7554
0.3276 0.7220 0.5235 0.1035 0.0286 0.0129 0.0397 0.1865 0.5406 0.7871
0.7758 0.4700 0.1041 0.0102 0.0055 0.0187 0.1756 0.7143 0.7905 0.4785
0.4302 0.0394 0.0301 0.0049 0.0076 0.0425 0.4737 0.7864 0.3677 0.1128
0.1008 0.0787 0.0306 0.0058 0.0470 0.3790 0.7155 0.3674 0.1190 0.0808
0.0353 0.0078 0.0033 0.0522 0.4587 0.7540 0.4125 0.1424 0.0447 0.0241
0.0557 0.0914 0.0637 0.2825 0.6657 0.3925 0.1861 0.0919 0.0707 0.1354
0.0646 0.2501 0.5468 0.5697 0.2433 0.0757 0.0496 0.0465 0.0725 0.3042
0.1631 0.6437 0.6968 0.2675 0.0508 0.0124 0.0281 0.0993 0.3433 0.7735
0.4152 0.7173 0.4244 0.0628 0.0196 0.0140 0.0307 0.1698 0.5324 0.7466
0.7908 0.3650 0.0877 0.0080 0.0039 0.0137 0.1526 0.7438 0.7782 0.4439
0.3036 0.0253 0.0189 0.0010 0.0028 0.0292 0.4935 0.7834 0.3159 0.1417
0.0747 0.0235 0.0049 0.0015 0.0353 0.5209 0.7779 0.4306 0.1147 0.0502
0.0361 0.0086 0.0033 0.0597 0.5225 0.7609 0.4036 0.1411 0.0468 0.0260
0.0540 0.0909 0.0723 0.3120 0.6689 0.3861 0.1787 0.0861 0.0651 0.1310
0.0649 0.2688 0.5912 0.5989 0.2438 0.0699 0.0464 0.0443 0.0716 0.3174
0.1435 0.5791 0.6744 0.3145 0.0715 0.0166 0.0304 0.0882 0.2737 0.7091
0.4596 0.7108 0.3835 0.0440 0.0135 0.0119 0.0170 0.1237 0.4864 0.7367
0.8069 0.3455 0.0798 0.0061 0.0028 0.0113 0.0933 0.6729 0.7406 0.4328
0.2553 0.0182 0.0134 0.0002 0.0010 0.0162 0.4768 0.8083 0.3208 0.1881
0.0550 0.0069 0.0008 0.0003 0.0189 0.6128 0.8344 0.5195 0.1170 0.0350
0.0359 0.0081 0.0028 0.0542 0.5334 0.7735 0.4168 0.1465 0.0478 0.0254
0.0489 0.0604 0.0423 0.2669 0.7016 0.4851 0.2180 0.0920 0.0570 0.0944
0.0574 0.2241 0.5660 0.6384 0.2923 0.0893 0.0509 0.0405 0.0563 0.2570
0.1277 0.5174 0.6551 0.3612 0.0940 0.0218 0.0329 0.0789 0.2185 0.6388
0.3600 0.7130 0.4901 0.0594 0.0141 0.0078 0.0063 0.0563 0.3595 0.7885
0.8271 0.4458 0.0845 0.0047 0.0021 0.0101 0.0482 0.5324 0.7242 0.4907
0.3131 0.0200 0.0149 0.0003 0.0010 0.0131 0.4383 0.8306 0.3722 0.2001
0.0650 0.0247 0.0051 0.0003 0.0096 0.3164 0.7785 0.4860 0.1309 0.0881
0.0304 0.0051 0.0018 0.0268 0.3946 0.7648 0.4379 0.1567 0.0442 0.0226
0.0469 0.0360 0.0146 0.1602 0.7425 0.6306 0.3055 0.1191 0.0601 0.0675
0.0436 0.1063 0.3462 0.6056 0.3874 0.1851 0.0771 0.0403 0.0360 0.1302
0.0939 0.3993 0.6480 0.4884 0.1491 0.0359 0.0376 0.0599 0.1311 0.4900
0.1982 0.5563 0.5383 0.1557 0.0401 0.0144 0.0046 0.0222 0.1364 0.6404
0.6079 0.6763 0.2533 0.0172 0.0058 0.0101 0.0087 0.1017 0.4642 0.6765
0.7758 0.2222 0.0624 0.0065 0.0033 0.0151 0.0769 0.5837 0.5921 0.2902
0.1360 0.0161 0.0093 0.0001 0.0005 0.0169 0.5390 0.7552 0.2511 0.2395
0.0119 0.0013 0.0003 0.0001 0.0064 0.2814 0.4887 0.2941 0.0547 0.0723
0.0398 0.0099 0.0021 0.0494 0.6638 0.8048 0.4579 0.1696 0.0589 0.0303
0.0352 0.0184 0.0175 0.1977 0.5964 0.6199 0.2607 0.0870 0.0350 0.0386
0.0477 0.1856 0.5905 0.7353 0.3872 0.1176 0.0540 0.0329 0.0374 0.1903
0.0805 0.2560 0.5252 0.5215 0.2379 0.0702 0.0203 0.0235 0.0449 0.2666
0.1032 0.2149 0.4070 0.3369 0.1423 0.0595 0.0030 0.0054 0.0174 0.1982
0.1151 0.2116 0.3896 0.2854 0.1116 0.0492 0.0024 0.0052 0.0178 0.2072
0.4320 0.6394 0.4072 0.0279 0.0056 0.0042 0.0015 0.0270 0.2553 0.7685
0.8581 0.4184 0.0706 0.0026 0.0010 0.0066 0.0157 0.3655 0.6471 0.4839
0.4434 0.1819 0.0826 0.1071 0.1266 0.3017 0.5939 0.5668 0.3218 0.0712
0.1511 0.2267 0.1971 0.4672 0.5332 0.5553 0.4617 0.1630 0.0948 0.0617
0.0846 0.2985 0.4166 0.6133 0.5629 0.2053 0.1258 0.0697 0.0782 0.2144
0.1122 0.4392 0.5223 0.4636 0.2828 0.0730 0.0722 0.0826 0.1536 0.4365
0.2602 0.6226 0.4866 0.2057 0.0685 0.0457 0.1098 0.1980 0.4123 0.5597
0.5432 0.6106 0.1748 0.0791 0.0701 0.1617 0.4827 0.5620 0.6415 0.3124
0.4395 0.3667 0.1184 0.1457 0.1822 0.3815 0.6204 0.5026 0.3912 0.1080
0.2800 0.2781 0.1220 0.3361 0.4745 0.6783 0.6867 0.3208 0.1791 0.0467
0.1491 0.2836 0.2605 0.5030 0.5129 0.4181 0.3383 0.1428 0.1100 0.1021
0.1148 0.3768 0.4399 0.5026 0.3787 0.1420 0.1200 0.0913 0.1266 0.2889
0.1717 0.5455 0.5182 0.3253 0.1463 0.0549 0.0846 0.1258 0.2652 0.5170
0.3657 0.6402 0.3311 0.1465 0.0844 0.0886 0.2344 0.3252 0.5115 0.4591
0.5164 0.5622 0.1598 0.0948 0.0952 0.2132 0.5235 0.5438 0.5825 0.2480
0.3988 0.3477 0.1183 0.1848 0.2455 0.4697 0.6468 0.4562 0.3300 0.0862
0.2697 0.2787 0.1273 0.3512 0.4871 0.6747 0.6735 0.3060 0.1722 0.0477
0.1446 0.2881 0.2741 0.5067 0.5041 0.3898 0.3130 0.1364 0.1097 0.1111
0.1196 0.3922 0.4473 0.4852 0.3500 0.1308 0.1167 0.0943 0.1365 0.3071
0.1891 0.5557 0.4928 0.3017 0.1411 0.0599 0.0978 0.1422 0.2881 0.5052
0.3826 0.6342 0.3054 0.1410 0.0880 0.1027 0.2677 0.3484 0.5191 0.4276
0.5091 0.5412 0.1535 0.0998 0.1040 0.2334 0.5396 0.5406 0.5618 0.2255
0.3812 0.3269 0.1157 0.2025 0.2755 0.5075 0.6588 0.4399 0.3003 0.0755
0.2601 0.2723 0.1290 0.3646 0.5020 0.6811 0.6696 0.2949 0.1630 0.0463
0.1368 0.2843 0.2854 0.5199 0.5093 0.3741 0.2919 0.1276 0.1044 0.1155
0.1199 0.3949 0.4502 0.4826 0.3442 0.1276 0.1148 0.0943 0.1381 0.3122
0.1844 0.5591 0.5083 0.3045 0.1357 0.0548 0.0899 0.1366 0.2865 0.5225
0.3895 0.6409 0.3044 0.1363 0.0850 0.1003 0.2685 0.3552 0.5306 0.4356
0.5156 0.5294 0.1487 0.0961 0.1002 0.2292 0.5427 0.5521 0.5646 0.2214
0.3732 0.3086 0.1125 0.2089 0.2870 0.5245 0.6657 0.4354 0.2840 0.0692
0.2536 0.2622 0.1266 0.3729 0.5174 0.6964 0.6767 0.2899 0.1544 0.0432
0.1256 0.2720 0.2955 0.5428 0.5268 0.3670 0.2719 0.1161 0.0945 0.1154
0.1112 0.3902 0.4693 0.4987 0.3485 0.1173 0.1015 0.0859 0.1300 0.3264
0.1819 0.5668 0.5244 0.3029 0.1278 0.0491 0.0822 0.1326 0.2900 0.5454
0.3966 0.6472 0.3062 0.1308 0.0793 0.0951 0.2651 0.3616 0.5431 0.4470
0.5242 0.5265 0.1465 0.0911 0.0938 0.2192 0.5407 0.5634 0.5744 0.2250
0.3696 0.2974 0.1102 0.2108 0.2917 0.5317 0.6692 0.4346 0.2759 0.0659
0.2449 0.2584 0.1296 0.3844 0.5271 0.6960 0.6683 0.2791 0.1477 0.0431
0.1173 0.2727 0.3150 0.5554 0.5259 0.3366 0.2414 0.1063 0.0906 0.1263
0.1136 0.3990 0.4717 0.4898 0.3386 0.1127 0.1003 0.0875 0.1354 0.3373
0.1838 0.5719 0.5306 0.2974 0.1197 0.0465 0.0799 0.1332 0.2962 0.5552
0.4115 0.6511 0.2945 0.1240 0.0776 0.0989 0.2812 0.3794 0.5580 0.4411
0.5236 0.5129 0.1429 0.0913 0.0950 0.2223 0.5449 0.5664 0.5677 0.2167
0.3618 0.2848 0.1080 0.2172 0.3037 0.5474 0.6750 0.4291 0.2627 0.0615
0.2366 0.2526 0.1315 0.3955 0.5381 0.6986 0.6627 0.2695 0.1406 0.0423
0.1116 0.2695 0.3250 0.5655 0.5299 0.3233 0.2257 0.1002 0.0869 0.1309
0.1085 0.4014 0.4895 0.4962 0.3336 0.1019 0.0896 0.0822 0.1328 0.3575
0.1789 0.5851 0.5578 0.2960 0.1091 0.0387 0.0685 0.1261 0.3014 0.5934
0.4160 0.6621 0.3031 0.1185 0.0711 0.0882 0.2661 0.3815 0.5732 0.4679
0.5369 0.5224 0.1437 0.0839 0.0847 0.2023 0.5350 0.5802 0.5897 0.2323
0.3682 0.2791 0.1060 0.2064 0.2876 0.5305 0.6716 0.4400 0.2687 0.0625
0.2352 0.2471 0.1288 0.3964 0.5436 0.7078 0.6698 0.2699 0.1376 0.0405
0.1089 0.2628 0.3232 0.5723 0.5392 0.3295 0.2257 0.0981 0.0836 0.1272
0.1078 0.3910 0.4778 0.5031 0.3512 0.1109 0.0950 0.0827 0.1282 0.3387
0.1732 0.5749 0.5614 0.3065 0.1119 0.0394 0.0675 0.1215 0.2887 0.5840
0.4128 0.6613 0.3047 0.1204 0.0721 0.0890 0.2653 0.3777 0.5692 0.4662
0.5371 0.5105 0.1408 0.0835 0.0846 0.2028 0.5370 0.5836 0.5852 0.2262
0.3620 0.2645 0.1034 0.2088 0.2931 0.5395 0.6754 0.4376 0.2572 0.0587
0.2326 0.2390 0.1247 0.3959 0.5509 0.7206 0.6802 0.2703 0.1332 0.0381
0.0962 0.2468 0.3380 0.5967 0.5537 0.3122 0.1982 0.0856 0.0737 0.1304
0.1026 0.3916 0.4912 0.5110 0.3535 0.1030 0.0863 0.0777 0.1247 0.3549
0.1713 0.5808 0.5749 0.3047 0.1056 0.0357 0.0623 0.1185 0.2918 0.6030
0.3988 0.6687 0.3311 0.1228 0.0665 0.0749 0.2311 0.3567 0.5668 0.5018
0.5534 0.5232 0.1416 0.0753 0.0740 0.1807 0.5254 0.6002 0.6122 0.2464
0.3687 0.2626 0.1026 0.2006 0.2792 0.5228 0.6708 0.4469 0.2642 0.0603
0.2331 0.2390 0.1241 0.3930 0.5488 0.7212 0.6819 0.2715 0.1337 0.0380
0.0965 0.2472 0.3372 0.5971 0.5560 0.3144 0.1998 0.0860 0.0737 0.1298
0.1000 0.3897 0.4965 0.5159 0.3560 0.1003 0.0830 0.0754 0.1223 0.3598
0.1729 0.5849 0.5765 0.3009 0.1029 0.0349 0.0618 0.1195 0.2964 0.6085
0.4004 0.6689 0.3310 0.1217 0.0654 0.0740 0.2305 0.3585 0.5690 0.5033
0.5560 0.5212 0.1409 0.0739 0.0722 0.1777 0.5244 0.6039 0.6148 0.2473
0.3676 0.2474 0.0993 0.1958 0.2736 0.5178 0.6708 0.4521 0.2587 0.0580
0.2310 0.2296 0.1187 0.3874 0.5530 0.7343 0.6946 0.2739 0.1296 0.0355
0.0905 0.2296 0.3291 0.6075 0.5727 0.3261 0.1982 0.0817 0.0675 0.1219
0.0952 0.3725 0.4885 0.5315 0.3816 0.1080 0.0843 0.0725 0.1130 0.3415
0.1598 0.5762 0.5975 0.3196 0.1046 0.0323 0.0546 0.1079 0.2775 0.6171
0.3821 0.6745 0.3594 0.1271 0.0625 0.0633 0.1993 0.3334 0.5604 0.5358
0.5675 0.5371 0.1436 0.0687 0.0651 0.1615 0.5128 0.6135 0.6365 0.2676
0.3822 0.2453 0.0980 0.1772 0.2425 0.4790 0.6598 0.4723 0.2757 0.0623
0.2339 0.2252 0.1139 0.3762 0.5485 0.7415 0.7063 0.2812 0.1302 0.0342
0.0909 0.2213 0.3153 0.6062 0.5808 0.3474 0.2108 0.0835 0.0660 0.1128
0.0882 0.3556 0.4872 0.5490 0.4066 0.1107 0.0809 0.0674 0.1033 0.3339
0.1527 0.5776 0.6142 0.3278 0.1036 0.0296 0.0492 0.1012 0.2711 0.6336
0.3649 0.6782 0.3886 0.1316 0.0586 0.0531 0.1701 0.3105 0.5526 0.5690
0.5805 0.5574 0.1476 0.0631 0.0574 0.1445 0.4991 0.6235 0.6614 0.2931
0.3989 0.2453 0.0970 0.1596 0.2125 0.4372 0.6473 0.4940 0.2963 0.0678
0.2372 0.2220 0.1099 0.3640 0.5416 0.7454 0.7155 0.2888 0.1317 0.0333
0.0887 0.2128 0.3092 0.6080 0.5857 0.3551 0.2120 0.0823 0.0636 0.1086
0.0862 0.3469 0.4800 0.5569 0.4252 0.1167 0.0827 0.0665 0.0991 0.3231
0.1467 0.5700 0.6203 0.3389 0.1068 0.0293 0.0472 0.0965 0.2599 0.6318
0.3199 0.6796 0.4507 0.1507 0.0571 0.0398 0.1227 0.2565 0.5181 0.6219
0.5932 0.5871 0.1538 0.0581 0.0511 0.1283 0.4830 0.6311 0.6890 0.3276
0.4272 0.2478 0.0963 0.1353 0.1704 0.3710 0.6252 0.5282 0.3326 0.0783
0.2430 0.2181 0.1045 0.3415 0.5239 0.7458 0.7263 0.3017 0.1355 0.0327
0.0894 0.2046 0.2950 0.6049 0.5916 0.3780 0.2267 0.0845 0.0624 0.0998
0.0826 0.3304 0.4676 0.5705 0.4554 0.1278 0.0858 0.0647 0.0920 0.3033
0.1390 0.5564 0.6225 0.3556 0.1152 0.0303 0.0461 0.0912 0.2434 0.6215
0.2848 0.6781 0.5020 0.1689 0.0558 0.0317 0.0935 0.2168 0.4871 0.6589
0.5988 0.6116 0.1608 0.0558 0.0476 0.1182 0.4689 0.6312 0.7062 0.3555
0.4554 0.2501 0.0956 0.1138 0.1349 0.3090 0.6024 0.5620 0.3709 0.0903
0.2466 0.2113 0.0992 0.3164 0.5022 0.7417 0.7334 0.3136 0.1382 0.0324
0.0958 0.1971 0.2653 0.5895 0.5987 0.4290 0.2684 0.0939 0.0637 0.0851
0.0767 0.2997 0.4454 0.5888 0.4959 0.1466 0.0904 0.0617 0.0809 0.2710
0.1300 0.5369 0.6204 0.3779 0.1297 0.0327 0.0458 0.0854 0.2225 0.6026
0.2689 0.6735 0.5237 0.1794 0.0557 0.0293 0.0836 0.1999 0.4688 0.6684
0.5930 0.6296 0.1697 0.0575 0.0478 0.1161 0.4578 0.6186 0.7082 0.3712
0.4781 0.2621 0.0967 0.1000 0.1132 0.2674 0.5851 0.5849 0.4067 0.1035
0.2512 0.2052 0.0955 0.2960 0.4803 0.7325 0.7356 0.3251 0.1415 0.0325
0.1071 0.1934 0.2319 0.5640 0.6017 0.4916 0.3300 0.1096 0.0677 0.0710
0.0723 0.2695 0.4187 0.6021 0.5302 0.1704 0.0977 0.0600 0.0720 0.2369
0.1202 0.5108 0.6118 0.4050 0.1528 0.0370 0.0468 0.0797 0.1985 0.5738
0.2299 0.6676 0.5806 0.2076 0.0565 0.0232 0.0607 0.1605 0.4263 0.7030
0.5787 0.6632 0.1925 0.0603 0.0466 0.1036 0.4194 0.5903 0.7133 0.4163
0.5283 0.2937 0.1002 0.0749 0.0758 0.1892 0.5453 0.6329 0.4908 0.1403
0.2644 0.1990 0.0916 0.2655 0.4368 0.7053 0.7322 0.3482 0.1519 0.0340
0.1177 0.1922 0.2089 0.5389 0.5974 0.5386 0.3850 0.1247 0.0718 0.0617
0.0695 0.2520 0.4021 0.6111 0.5546 0.1871 0.1023 0.0588 0.0667 0.2177
0.1126 0.4884 0.5982 0.4278 0.1818 0.0421 0.0486 0.0760 0.1799 0.5475
0.2052 0.6624 0.6210 0.2291 0.0558 0.0195 0.0481 0.1366 0.3969 0.7251
0.5520 0.6856 0.2240 0.0655 0.0455 0.0873 0.3629 0.5481 0.7068 0.4664
0.5718 0.3343 0.1049 0.0580 0.0532 0.1374 0.5104 0.6698 0.5694 0.1855
0.2821 0.1868 0.0865 0.2233 0.3711 0.6534 0.7206 0.3816 0.1667 0.0367
0.1388 0.1914 0.1714 0.4885 0.5899 0.6161 0.4873 0.1565 0.0805 0.0492
0.0654 0.2178 0.3627 0.6135 0.5806 0.2200 0.1127 0.0581 0.0593 0.1840
0.1020 0.4497 0.5696 0.4623 0.2381 0.0532 0.0531 0.0712 0.1532 0.4989
0.1827 0.6521 0.6528 0.2545 0.0574 0.0174 0.0398 0.1167 0.3637 0.7360
0.4906 0.7009 0.2873 0.0798 0.0451 0.0642 0.2664 0.4623 0.6743 0.5388
0.6135 0.4023 0.1138 0.0453 0.0380 0.1007 0.4761 0.6980 0.6521 0.2516
0.3173 0.1782 0.0835 0.1851 0.2925 0.5671 0.6957 0.4315 0.1961 0.0421
0.1733 0.1983 0.1356 0.4186 0.5701 0.6936 0.6123 0.2086 0.0967 0.0390
0.0643 0.1909 0.3267 0.6143 0.5978 0.2626 0.1305 0.0597 0.0541 0.1503
0.0911 0.3989 0.5260 0.5017 0.3218 0.0733 0.0612 0.0669 0.1251 0.4300
0.1649 0.6329 0.6659 0.2828 0.0639 0.0178 0.0367 0.1033 0.3277 0.7261
0.4153 0.7031 0.3668 0.1023 0.0461 0.0462 0.1802 0.3647 0.6215 0.6032
0.6298 0.4832 0.1268 0.0424 0.0346 0.0922 0.4627 0.6966 0.6991 0.3072
0.3672 0.1715 0.0808 0.1421 0.2044 0.4435 0.6579 0.4977 0.2434 0.0520
0.1973 0.1988 0.1142 0.3641 0.5472 0.7328 0.6838 0.2492 0.1084 0.0339
0.0655 0.1720 0.2932 0.6043 0.6005 0.3046 0.1521 0.0634 0.0520 0.1251
0.0835 0.3554 0.4852 0.5406 0.4138 0.1004 0.0722 0.0644 0.1035 0.3624
0.1489 0.6029 0.6676 0.3157 0.0748 0.0198 0.0362 0.0927 0.2875 0.6985
0.3189 0.6995 0.4816 0.1419 0.0483 0.0296 0.1006 0.2501 0.5408 0.6797
0.6372 0.5630 0.1421 0.0418 0.0337 0.0888 0.4527 0.6870 0.7332 0.3618
0.4334 0.1726 0.0800 0.1032 0.1271 0.3037 0.6069 0.5745 0.3166 0.0697
0.2154 0.1922 0.0956 0.2884 0.4939 0.7434 0.7303 0.2909 0.1205 0.0318
0.0675 0.1463 0.2395 0.5754 0.6022 0.3710 0.1900 0.0705 0.0501 0.0966
0.0737 0.3010 0.4319 0.5659 0.4982 0.1333 0.0817 0.0606 0.0843 0.3012
0.1323 0.5699 0.6667 0.3523 0.0909 0.0222 0.0353 0.0823 0.2479 0.6713
0.2522 0.6941 0.5816 0.1787 0.0460 0.0192 0.0585 0.1777 0.4772 0.7397
0.6382 0.6321 0.1626 0.0415 0.0318 0.0808 0.4241 0.6677 0.7579 0.4236
0.5168 0.1985 0.0831 0.0681 0.0687 0.1761 0.5428 0.6550 0.4355 0.1084
0.2292 0.1818 0.0851 0.2278 0.4266 0.7188 0.7417 0.3263 0.1325 0.0328
0.0769 0.1374 0.1982 0.5379 0.5969 0.4513 0.2565 0.0858 0.0528 0.0742
0.0671 0.2517 0.3826 0.5869 0.5620 0.1754 0.0951 0.0585 0.0696 0.2403
0.1167 0.5132 0.6358 0.3998 0.1300 0.0307 0.0401 0.0753 0.2002 0.6010
0.2081 0.6807 0.6414 0.2172 0.0478 0.0158 0.0422 0.1359 0.4184 0.7593
0.5903 0.6851 0.2059 0.0530 0.0375 0.0781 0.3716 0.5945 0.7405 0.4788
0.5925 0.2608 0.0916 0.0458 0.0387 0.1026 0.4836 0.7124 0.5710 0.1768
0.2537 0.1638 0.0773 0.1722 0.3308 0.6445 0.7274 0.3767 0.1523 0.0363
0.1089 0.1510 0.1553 0.4618 0.5772 0.5788 0.4202 0.1314 0.0670 0.0522
0.0594 0.1812 0.2904 0.5696 0.6007 0.2396 0.1148 0.0583 0.0567 0.1744
0.1005 0.4483 0.5794 0.4516 0.2127 0.0475 0.0485 0.0694 0.1557 0.5157
0.1769 0.6625 0.6799 0.2543 0.0510 0.0143 0.0335 0.1095 0.3674 0.7648
0.4939 0.7099 0.2997 0.0749 0.0397 0.0532 0.2399 0.4607 0.6878 0.5758
0.6511 0.3673 0.1058 0.0329 0.0246 0.0666 0.4347 0.7431 0.6908 0.2790
0.3117 0.1439 0.0719 0.1257 0.2160 0.4948 0.6840 0.4637 0.1963 0.0440
0.1560 0.1736 0.1219 0.3643 0.5377 0.6817 0.6046 0.2028 0.0895 0.0391
0.0567 0.1394 0.2295 0.5492 0.6085 0.3034 0.1394 0.0609 0.0499 0.1291
0.0858 0.3737 0.4970 0.5022 0.3518 0.0802 0.0627 0.0654 0.1170 0.4126
0.1540 0.6339 0.6940 0.2938 0.0594 0.0151 0.0307 0.0930 0.3170 0.7469
0.3497 0.7119 0.4627 0.1210 0.0419 0.0276 0.1060 0.2816 0.5836 0.6944
0.6736 0.5131 0.1286 0.0303 0.0220 0.0602 0.4124 0.7313 0.7584 0.3806
0.4207 0.1324 0.0692 0.0812 0.1046 0.2729 0.6021 0.5940 0.2955 0.0641
0.1939 0.1769 0.0909 0.2403 0.4539 0.7235 0.7213 0.2812 0.1126 0.0337
0.0570 0.1009 0.1566 0.4913 0.5967 0.3984 0.1880 0.0700 0.0463 0.0873
0.0720 0.2877 0.3996 0.5454 0.5103 0.1379 0.0829 0.0616 0.0846 0.3007
0.1329 0.5785 0.6811 0.3442 0.0797 0.0196 0.0325 0.0812 0.2557 0.6900
0.2458 0.7001 0.6013 0.1790 0.0432 0.0166 0.0515 0.1699 0.4786 0.7615
0.6532 0.6343 0.1609 0.0367 0.0272 0.0697 0.4035 0.6790 0.7724 0.4458
0.5443 0.1606 0.0742 0.0505 0.0468 0.1255 0.5106 0.7020 0.4576 0.1131
0.2104 0.1622 0.0753 0.1573 0.3509 0.6859 0.7422 0.3336 0.1291 0.0354
0.0672 0.0914 0.1193 0.4300 0.5738 0.4979 0.2755 0.0906 0.0496 0.0621
0.0619 0.2075 0.3010 0.5481 0.5953 0.2079 0.1046 0.0601 0.0652 0.2136
0.1097 0.4938 0.6380 0.4084 0.1288 0.0303 0.0379 0.0706 0.1879 0.5939
0.1977 0.6853 0.6691 0.2225 0.0441 0.0132 0.0353 0.1250 0.4131 0.7825
0.5728 0.6993 0.2340 0.0535 0.0333 0.0602 0.3048 0.5577 0.7379 0.5342
0.6489 0.2594 0.0886 0.0298 0.0215 0.0587 0.4267 0.7661 0.6504 0.2283
0.2553 0.1367 0.0667 0.1080 0.2307 0.5551 0.7117 0.4172 0.1620 0.0409
0.1086 0.1244 0.1093 0.3499 0.5279 0.6149 0.4787 0.1520 0.0694 0.0456
0.0549 0.1348 0.2025 0.5147 0.6211 0.2983 0.1349 0.0620 0.0522 0.1397
0.0900 0.3930 0.5290 0.4674 0.2631 0.0607 0.0534 0.0660 0.1322 0.4594
0.1637 0.6555 0.6996 0.2719 0.0514 0.0133 0.0296 0.0984 0.3461 0.7703
0.3959 0.7159 0.4141 0.1003 0.0388 0.0306 0.1298 0.3333 0.6257 0.6774
0.6936 0.4381 0.1139 0.0243 0.0164 0.0456 0.3860 0.7634 0.7603 0.3684
0.3758 0.1091 0.0612 0.0680 0.1021 0.2916 0.6200 0.5768 0.2539 0.0567
0.1695 0.1623 0.0903 0.2179 0.4300 0.6940 0.6898 0.2581 0.1028 0.0369
0.0519 0.0807 0.1137 0.4289 0.5979 0.4137 0.1863 0.0711 0.0459 0.0851
0.0735 0.2910 0.3885 0.5154 0.4827 0.1282 0.0800 0.0637 0.0913 0.3193
0.1348 0.5937 0.6961 0.3342 0.0705 0.0171 0.0298 0.0808 0.2679 0.7144
0.2617 0.7087 0.5885 0.1638 0.0406 0.0162 0.0538 0.1845 0.5050 0.7685
0.6764 0.6112 0.1504 0.0302 0.0214 0.0572 0.3771 0.6988 0.7833 0.4536
0.5430 0.1294 0.0667 0.0426 0.0393 0.1099 0.5014 0.7200 0.4438 0.1062
0.1908 0.1489 0.0683 0.1097 0.2906 0.6555 0.7411 0.3345 0.1252 0.0388
0.0563 0.0530 0.0580 0.3026 0.5457 0.5502 0.2915 0.0964 0.0468 0.0512
0.0604 0.1846 0.2455 0.5054 0.6083 0.2294 0.1129 0.0636 0.0659 0.2023
0.1064 0.4794 0.6401 0.4131 0.1243 0.0301 0.0369 0.0683 0.1804 0.5848
0.1928 0.6883 0.6827 0.2246 0.0423 0.0120 0.0322 0.1200 0.4114 0.7945
0.5734 0.7028 0.2412 0.0509 0.0302 0.0523 0.2729 0.5449 0.7393 0.5582
0.6727 0.2537 0.0864 0.0244 0.0164 0.0453 0.3982 0.7864 0.6793 0.2509
0.2507 0.1170 0.0582 0.0667 0.1593 0.4737 0.6985 0.4490 0.1694 0.0464
0.1027 0.0991 0.0771 0.2601 0.4820 0.6328 0.5084 0.1652 0.0697 0.0420
0.0513 0.0954 0.1225 0.4219 0.6172 0.3584 0.1580 0.0690 0.0514 0.1144
0.0857 0.3673 0.4981 0.4726 0.2962 0.0696 0.0570 0.0652 0.1228 0.4315
0.1557 0.6466 0.7081 0.2845 0.0525 0.0131 0.0280 0.0925 0.3300 0.7683
0.3311 0.7183 0.5016 0.1219 0.0377 0.0203 0.0796 0.2542 0.5780 0.7411
0.7184 0.4814 0.1179 0.0198 0.0126 0.0360 0.3427 0.7652 0.7909 0.4253
0.4348 0.0934 0.0565 0.0464 0.0590 0.1810 0.5673 0.6549 0.3093 0.0688
0.1691 0.1517 0.0756 0.1340 0.3346 0.6687 0.7185 0.2906 0.1105 0.0393
0.0480 0.0495 0.0569 0.3131 0.5724 0.4994 0.2281 0.0821 0.0445 0.0627
0.0688 0.2525 0.3240 0.5063 0.5464 0.1617 0.0920 0.0648 0.0829 0.2789
0.1192 0.5415 0.6837 0.3754 0.0873 0.0210 0.0312 0.0725 0.2216 0.6617
0.2292 0.7060 0.6406 0.1853 0.0391 0.0128 0.0400 0.1517 0.4706 0.7941
0.6557 0.6620 0.1760 0.0331 0.0223 0.0537 0.3190 0.6379 0.7744 0.5023
0.6261 0.1555 0.0704 0.0278 0.0206 0.0575 0.4315 0.7793 0.5727 0.1643
0.1951 0.1267 0.0579 0.0629 0.1916 0.5654 0.7309 0.3799 0.1379 0.0446
0.0609 0.0411 0.0336 0.1904 0.4808 0.6230 0.3887 0.1264 0.0517 0.0397
0.0549 0.1298 0.1612 0.4551 0.6382 0.3048 0.1388 0.0674 0.0579 0.1508
0.0882 0.3801 0.5637 0.4570 0.1915 0.0488 0.0453 0.0620 0.1316 0.4698
0.1677 0.6671 0.7070 0.2601 0.0465 0.0118 0.0279 0.1003 0.3623 0.7879
0.4218 0.7183 0.3985 0.0845 0.0328 0.0265 0.1182 0.3445 0.6456 0.6940
0.7329 0.3723 0.0998 0.0159 0.0093 0.0270 0.3162 0.7951 0.7787 0.3883
0.3469 0.0830 0.0498 0.0367 0.0649 0.2338 0.6122 0.6001 0.2437 0.0606
0.1399 0.1278 0.0715 0.1396 0.3478 0.6473 0.6630 0.2496 0.0954 0.0413
0.0464 0.0490 0.0517 0.2965 0.5895 0.4876 0.2156 0.0817 0.0464 0.0695
0.0731 0.2756 0.3476 0.4783 0.4774 0.1319 0.0824 0.0668 0.0947 0.3189
0.1213 0.5529 0.6954 0.3719 0.0815 0.0194 0.0299 0.0727 0.2284 0.6756
0.2470 0.7136 0.6214 0.1672 0.0374 0.0127 0.0425 0.1673 0.4985 0.7990
0.6967 0.6269 0.1516 0.0239 0.0156 0.0432 0.2815 0.6585 0.7830 0.4949
0.6029 0.1178 0.0621 0.0265 0.0207 0.0598 0.4404 0.7793 0.5220 0.1364
0.1718 0.1231 0.0544 0.0471 0.1695 0.5595 0.7355 0.3649 0.1301 0.0479
0.0487 0.0239 0.0173 0.1355 0.4689 0.6505 0.3714 0.1231 0.0471 0.0351
0.0564 0.1380 0.1587 0.4420 0.6453 0.2963 0.1376 0.0696 0.0621 0.1634
0.0883 0.3820 0.5881 0.4608 0.1683 0.0443 0.0423 0.0603 0.1314 0.4757
0.1696 0.6715 0.7087 0.2550 0.0450 0.0113 0.0273 0.1014 0.3693 0.7945
0.4536 0.7182 0.3685 0.0725 0.0298 0.0270 0.1217 0.3634 0.6614 0.6845
0.7409 0.3388 0.0939 0.0143 0.0080 0.0236 0.2975 0.8026 0.7754 0.3807
0.3179 0.0703 0.0426 0.0209 0.0438 0.1959 0.6092 0.6119 0.2381 0.0671
0.1190 0.0942 0.0500 0.0971 0.3063 0.6380 0.6482 0.2457 0.0894 0.0410
0.0455 0.0427 0.0398 0.2594 0.5914 0.5143 0.2293 0.0866 0.0473 0.0655
0.0709 0.2511 0.3130 0.4615 0.4844 0.1435 0.0867 0.0678 0.0915 0.2989
0.1138 0.5257 0.6916 0.3970 0.0909 0.0216 0.0306 0.0685 0.2052 0.6454
0.2402 0.7139 0.6322 0.1698 0.0373 0.0117 0.0387 0.1599 0.4925 0.8087
0.7027 0.6343 0.1527 0.0218 0.0137 0.0387 0.2329 0.6221 0.7739 0.5090
0.6238 0.1176 0.0614 0.0226 0.0167 0.0487 0.4170 0.7941 0.5502 0.1501
0.1608 0.1093 0.0472 0.0270 0.1158 0.4931 0.7303 0.3847 0.1337 0.0552
0.0448 0.0159 0.0093 0.0823 0.4214 0.6903 0.4125 0.1391 0.0474 0.0296
0.0544 0.1121 0.1135 0.3883 0.6546 0.3416 0.1559 0.0750 0.0613 0.1427
0.0761 0.3098 0.5450 0.5040 0.2163 0.0614 0.0481 0.0548 0.0999 0.3846
0.1566 0.6476 0.7116 0.2799 0.0503 0.0122 0.0269 0.0930 0.3344 0.7758
0.3990 0.7205 0.4344 0.0840 0.0289 0.0194 0.0765 0.2814 0.6146 0.7337
0.7602 0.3957 0.0984 0.0120 0.0065 0.0204 0.2409 0.7755 0.7901 0.4311
0.3744 0.0543 0.0371 0.0119 0.0211 0.1029 0.5478 0.7003 0.2938 0.0829
0.1254 0.1003 0.0469 0.0498 0.2027 0.5894 0.6948 0.2914 0.1022 0.0473
0.0412 0.0207 0.0137 0.1436 0.5469 0.6333 0.3007 0.1072 0.0463 0.0420
0.0654 0.2003 0.2231 0.4381 0.5772 0.2032 0.1091 0.0715 0.0813 0.2420
0.0896 0.4113 0.6568 0.4913 0.1443 0.0360 0.0364 0.0563 0.1319 0.5032
0.2030 0.6977 0.6765 0.2042 0.0396 0.0105 0.0304 0.1275 0.4368 0.8142
0.6530 0.6814 0.1966 0.0261 0.0144 0.0327 0.1345 0.4608 0.7176 0.5695
0.7025 0.1764 0.0704 0.0158 0.0094 0.0277 0.3261 0.8117 0.6717 0.2405
0.1711 0.0745 0.0344 0.0082 0.0397 0.2852 0.6896 0.4861 0.1635 0.0752
0.0478 0.0117 0.0045 0.0262 0.2699 0.7182 0.5450 0.2019 0.0569 0.0258
0.0479 0.0535 0.0400 0.2511 0.6453 0.4898 0.2197 0.0908 0.0555 0.0853
0.0608 0.1971 0.3767 0.5197 0.3705 0.1275 0.0715 0.0537 0.0677 0.2442
0.1176 0.5361 0.6979 0.3884 0.0852 0.0201 0.0299 0.0704 0.2142 0.6585
0.2817 0.7207 0.5822 0.1312 0.0322 0.0115 0.0377 0.1736 0.5222 0.8071
0.7623 0.5539 0.1176 0.0118 0.0067 0.0236 0.1502 0.6242 0.7691 0.4954
0.5464 0.0683 0.0456 0.0150 0.0143 0.0513 0.4460 0.7884 0.4486 0.1148
0.1236 0.0965 0.0395 0.0115 0.0700 0.4282 0.7263 0.3718 0.1248 0.0699
0.0365 0.0087 0.0041 0.0522 0.4174 0.7331 0.4146 0.1428 0.0447 0.0250
0.0554 0.1013 0.0807 0.3242 0.6697 0.3728 0.1740 0.0850 0.0673 0.1404
0.0564 0.1986 0.4999 0.6066 0.3067 0.1037 0.0570 0.0430 0.0557 0.2349
0.1403 0.5888 0.6941 0.3221 0.0657 0.0158 0.0294 0.0853 0.2757 0.7177
0.4062 0.7167 0.4358 0.0672 0.0205 0.0140 0.0342 0.1823 0.5438 0.7509
0.7916 0.3943 0.0902 0.0079 0.0039 0.0144 0.1345 0.7070 0.7689 0.4512
0.3619 0.0353 0.0263 0.0033 0.0068 0.0473 0.5027 0.7636 0.3228 0.1118
0.0998 0.0591 0.0209 0.0114 0.0937 0.5304 0.7216 0.3415 0.1067 0.0528
0.0384 0.0125 0.0062 0.0872 0.5254 0.7086 0.3583 0.1258 0.0466 0.0318
0.0578 0.1256 0.1155 0.3666 0.6472 0.3116 0.1491 0.0794 0.0698 0.1667
0.0627 0.2612 0.6004 0.6265 0.2644 0.0746 0.0472 0.0424 0.0655 0.2992
0.1616 0.6225 0.6783 0.2720 0.0573 0.0137 0.0296 0.0996 0.3266 0.7534
0.5316 0.7057 0.3103 0.0347 0.0127 0.0163 0.0286 0.1791 0.5481 0.6834
0.7834 0.2871 0.0773 0.0079 0.0039 0.0139 0.1453 0.7375 0.7354 0.3797
0.2281 0.0308 0.0194 0.0010 0.0042 0.0516 0.5581 0.7111 0.2553 0.1316
0.0534 0.0081 0.0015 0.0020 0.0693 0.6937 0.7490 0.3771 0.0871 0.0274
0.0402 0.0155 0.0068 0.0957 0.5849 0.6973 0.3468 0.1265 0.0511 0.0383
0.0513 0.1067 0.1364 0.4318 0.6357 0.3171 0.1396 0.0672 0.0538 0.1371
0.0675 0.2972 0.6316 0.6118 0.2340 0.0616 0.0432 0.0439 0.0755 0.3446
0.1833 0.6478 0.6586 0.2300 0.0506 0.0124 0.0283 0.1078 0.3629 0.7747
0.5665 0.6967 0.2792 0.0275 0.0103 0.0156 0.0228 0.1629 0.5330 0.6670
0.7744 0.2528 0.0733 0.0083 0.0041 0.0148 0.1529 0.7409 0.7137 0.3464
0.1809 0.0258 0.0152 0.0004 0.0023 0.0399 0.5644 0.7108 0.2428 0.1604
0.0327 0.0031 0.0005 0.0005 0.0350 0.6447 0.7152 0.3778 0.0762 0.0289
0.0400 0.0137 0.0048 0.0790 0.6098 0.7307 0.3766 0.1380 0.0535 0.0361
0.0441 0.0644 0.0858 0.3912 0.6418 0.4068 0.1659 0.0675 0.0429 0.0907
0.0658 0.2882 0.6314 0.6242 0.2439 0.0645 0.0437 0.0429 0.0714 0.3310
0.1564 0.5785 0.6425 0.2788 0.0695 0.0165 0.0268 0.0842 0.2702 0.7051
0.4779 0.7050 0.3681 0.0347 0.0101 0.0098 0.0088 0.0815 0.4232 0.7346
0.8131 0.3217 0.0741 0.0053 0.0024 0.0104 0.0715 0.6315 0.7107 0.4146
0.2163 0.0147 0.0107 0.0001 0.0006 0.0120 0.4757 0.8152 0.3116 0.2188
0.0335 0.0023 0.0002 0.0001 0.0117 0.6077 0.8107 0.5124 0.0992 0.0318
0.0367 0.0084 0.0025 0.0522 0.5679 0.7821 0.4253 0.1524 0.0508 0.0266
0.0433 0.0468 0.0377 0.2969 0.7440 0.5500 0.2352 0.0851 0.0446 0.0709
0.0467 0.1702 0.5555 0.7232 0.3944 0.1285 0.0574 0.0335 0.0364 0.1771
0.0980 0.3763 0.6067 0.4677 0.1628 0.0401 0.0348 0.0553 0.1172 0.4538
0.3045 0.6628 0.5085 0.0669 0.0144 0.0071 0.0024 0.0231 0.2116 0.7586
0.8180 0.5584 0.0981 0.0048 0.0023 0.0118 0.0240 0.3236 0.6545 0.5221
0.4686 0.0438 0.0265 0.0017 0.0026 0.0200 0.3389 0.7820 0.4271 0.1791
0.0697 0.0503 0.0171 0.0004 0.0058 0.1499 0.7030 0.4562 0.1372 0.1614
0.0183 0.0026 0.0009 0.0021 0.0822 0.5447 0.4180 0.1868 0.0436 0.0382
0.0460 0.0233 0.0061 0.0942 0.7396 0.7185 0.3794 0.1473 0.0656 0.0529
0.0327 0.0248 0.0597 0.3432 0.4312 0.4462 0.1606 0.0564 0.0270 0.0451
0.0586 0.2349 0.6147 0.6787 0.3051 0.0836 0.0487 0.0393 0.0534 0.2569
0.1016 0.2668 0.4634 0.3733 0.1533 0.0560 0.0057 0.0096 0.0292 0.2589
0.1293 0.2692 0.4156 0.2514 0.0908 0.0391 0.0025 0.0063 0.0258 0.2735
0.5139 0.6609 0.3462 0.0202 0.0047 0.0049 0.0024 0.0427 0.3341 0.7559
0.8281 0.3008 0.0616 0.0035 0.0016 0.0095 0.0220 0.3784 0.5586 0.3592
0.1674 0.0109 0.0077 0.0000 0.0002 0.0077 0.4735 0.8248 0.2997 0.2721
0.0118 0.0011 0.0002 0.0000 0.0038 0.2556 0.5356 0.3405 0.0608 0.0782
0.0386 0.0088 0.0019 0.0469 0.6524 0.8127 0.4648 0.1695 0.0566 0.0279
0.0373 0.0165 0.0093 0.1400 0.6679 0.6949 0.3246 0.1097 0.0416 0.0370
0.0521 0.2040 0.5803 0.6909 0.3382 0.1026 0.0522 0.0362 0.0456 0.2216
0.1209 0.4355 0.5923 0.3611 0.1127 0.0293 0.0205 0.0448 0.1285 0.5215
0.3665 0.6924 0.4740 0.0470 0.0102 0.0061 0.0025 0.0292 0.2671 0.7803
0.8326 0.4978 0.0863 0.0041 0.0019 0.0101 0.0285 0.4028 0.6822 0.5040
0.5250 0.0568 0.0390 0.0090 0.0096 0.0411 0.4221 0.7896 0.4335 0.1218
0.1085 0.0863 0.0340 0.0062 0.0467 0.3726 0.7216 0.3782 0.1242 0.0817
0.0351 0.0082 0.0037 0.0487 0.4190 0.7327 0.4087 0.1421 0.0444 0.0254
0.0553 0.0952 0.0685 0.3034 0.6877 0.3966 0.1856 0.0892 0.0683 0.1353
0.0591 0.2098 0.5022 0.5821 0.2778 0.0944 0.0551 0.0449 0.0616 0.2546
0.1652 0.6512 0.7017 0.2632 0.0480 0.0119 0.0277 0.1000 0.3512 0.7801
0.5145 0.7100 0.3199 0.0455 0.0182 0.0214 0.0633 0.2777 0.6205 0.6759
0.7662 0.2956 0.0829 0.0102 0.0052 0.0168 0.2117 0.7837 0.7591 0.3784
0.2820 0.0665 0.0390 0.0153 0.0385 0.1985 0.6223 0.5962 0.2214 0.0695
0.0904 0.0549 0.0279 0.0681 0.2874 0.6426 0.6058 0.2260 0.0775 0.0381
0.0460 0.0469 0.0415 0.2609 0.6079 0.4966 0.2196 0.0864 0.0498 0.0736
0.0666 0.2326 0.3277 0.4938 0.4869 0.1478 0.0847 0.0626 0.0804 0.2743
0.1023 0.4739 0.6821 0.4455 0.1126 0.0270 0.0329 0.0623 0.1671 0.5813
0.2607 0.7168 0.6092 0.1507 0.0344 0.0117 0.0401 0.1724 0.5134 0.8073
0.7479 0.5773 0.1257 0.0139 0.0081 0.0275 0.1706 0.6221 0.7697 0.4961
0.5815 0.0930 0.0552 0.0231 0.0192 0.0591 0.4438 0.7800 0.4833 0.1207
0.1586 0.1227 0.0535 0.0418 0.1634 0.5608 0.7366 0.3515 0.1245 0.0497
0.0428 0.0186 0.0130 0.1221 0.4779 0.6562 0.3467 0.1168 0.0445 0.0344
0.0590 0.1549 0.1668 0.4331 0.6425 0.2745 0.1322 0.0716 0.0684 0.1854
0.0741 0.3132 0.5869 0.5426 0.2145 0.0589 0.0453 0.0508 0.0926 0.3785
0.1630 0.6527 0.7049 0.2673 0.0488 0.0120 0.0275 0.0981 0.3482 0.7805
0.4753 0.7151 0.3553 0.0590 0.0232 0.0225 0.0842 0.3143 0.6404 0.6924
0.7630 0.3194 0.0873 0.0109 0.0057 0.0179 0.2304 0.7899 0.7717 0.3920
0.3047 0.0639 0.0389 0.0151 0.0344 0.1736 0.6054 0.6214 0.2374 0.0717
0.1031 0.0705 0.0359 0.0748 0.2850 0.6377 0.6315 0.2394 0.0838 0.0397
0.0450 0.0404 0.0345 0.2379 0.5937 0.5214 0.2324 0.0893 0.0488 0.0660
0.0672 0.2328 0.3076 0.4822 0.5096 0.1560 0.0890 0.0649 0.0824 0.2743
0.0982 0.4553 0.6764 0.4617 0.1220 0.0295 0.0339 0.0603 0.1551 0.5573
0.2346 0.7119 0.6413 0.1705 0.0362 0.0107 0.0345 0.1510 0.4834 0.8162
0.7249 0.6279 0.1435 0.0167 0.0099 0.0311 0.1559 0.5572 0.7524 0.5164
0.6354 0.1172 0.0607 0.0207 0.0147 0.0435 0.3991 0.7989 0.5622 0.1573
0.1543 0.1029 0.0438 0.0199 0.0937 0.4587 0.7279 0.3941 0.1354 0.0597
0.0424 0.0132 0.0072 0.0673 0.4038 0.7013 0.4204 0.1430 0.0468 0.0281
0.0536 0.0929 0.0797 0.3254 0.6492 0.3781 0.1734 0.0825 0.0635 0.1300
0.0525 0.1824 0.4855 0.6460 0.3800 0.1267 0.0627 0.0409 0.0474 0.2033
0.1285 0.5565 0.6929 0.3560 0.0756 0.0182 0.0302 0.0780 0.2408 0.6819
0.3610 0.7193 0.4877 0.0850 0.0237 0.0131 0.0350 0.1772 0.5352 0.7712
0.7918 0.4284 0.0939 0.0080 0.0040 0.0150 0.1276 0.6845 0.7696 0.4657
0.4271 0.0490 0.0359 0.0101 0.0148 0.0697 0.5057 0.7487 0.3387 0.0924
0.1242 0.1021 0.0454 0.0293 0.1403 0.5322 0.7090 0.3174 0.1096 0.0553
0.0396 0.0158 0.0094 0.1128 0.5249 0.6730 0.3314 0.1156 0.0454 0.0353
0.0619 0.1614 0.1592 0.3968 0.6168 0.2554 0.1292 0.0763 0.0768 0.2041
0.0707 0.3061 0.6167 0.5820 0.2204 0.0594 0.0437 0.0468 0.0831 0.3610
0.1778 0.6644 0.6883 0.2405 0.0463 0.0114 0.0287 0.1095 0.3786 0.7914
0.5709 0.7026 0.2696 0.0340 0.0148 0.0228 0.0617 0.2875 0.6295 0.6433
0.7559 0.2481 0.0770 0.0107 0.0056 0.0178 0.2231 0.7898 0.7337 0.3358
0.2116 0.0479 0.0265 0.0033 0.0135 0.1255 0.6196 0.6152 0.2122 0.0974
0.0534 0.0109 0.0030 0.0093 0.1588 0.7145 0.6547 0.2765 0.0705 0.0260
0.0437 0.0286 0.0165 0.1582 0.6111 0.5985 0.2787 0.1071 0.0530 0.0568
0.0534 0.1455 0.2485 0.5228 0.5625 0.2247 0.1033 0.0565 0.0538 0.1723
0.0907 0.4199 0.6711 0.4967 0.1402 0.0341 0.0353 0.0561 0.1332 0.5119
0.2208 0.7010 0.6490 0.1770 0.0377 0.0101 0.0275 0.1273 0.4443 0.8172
0.7240 0.6471 0.1507 0.0144 0.0078 0.0251 0.0795 0.4124 0.6979 0.5425
0.6717 0.1312 0.0615 0.0160 0.0104 0.0320 0.3357 0.7994 0.6028 0.1899
0.1277 0.0689 0.0283 0.0034 0.0246 0.2581 0.7032 0.4640 0.1500 0.0928
0.0339 0.0057 0.0020 0.0144 0.2356 0.7228 0.5039 0.1899 0.0491 0.0237
0.0486 0.0495 0.0293 0.2110 0.6693 0.5231 0.2412 0.1007 0.0601 0.0845
0.0440 0.1048 0.3055 0.5920 0.4470 0.2094 0.0860 0.0430 0.0368 0.1272
0.0873 0.3924 0.6618 0.5182 0.1556 0.0382 0.0373 0.0548 0.1203 0.4745
0.2660 0.7088 0.5956 0.1242 0.0278 0.0092 0.0185 0.1065 0.4332 0.8125
0.7819 0.5857 0.1141 0.0083 0.0044 0.0186 0.0574 0.4244 0.6981 0.5116
0.5907 0.0800 0.0480 0.0131 0.0111 0.0396 0.3930 0.7942 0.4988 0.1390
0.1052 0.0746 0.0285 0.0031 0.0267 0.2943 0.7182 0.4172 0.1338 0.0961
0.0307 0.0052 0.0020 0.0206 0.2984 0.7330 0.4503 0.1638 0.0443 0.0232
0.0516 0.0609 0.0337 0.2201 0.6901 0.4957 0.2324 0.1025 0.0662 0.1003
0.0423 0.1066 0.3636 0.6444 0.4332 0.1964 0.0784 0.0383 0.0326 0.1230
0.0792 0.3443 0.6463 0.5600 0.1891 0.0471 0.0403 0.0509 0.0979 0.4109
0.2833 0.6985 0.5623 0.0985 0.0220 0.0085 0.0091 0.0634 0.3496 0.7949
0.7991 0.5718 0.1061 0.0064 0.0032 0.0150 0.0365 0.3659 0.6718 0.5148
0.5711 0.0717 0.0428 0.0088 0.0083 0.0342 0.3729 0.7884 0.4837 0.1464
0.0931 0.0664 0.0246 0.0016 0.0170 0.2434 0.7134 0.4284 0.1346 0.1127
0.0272 0.0042 0.0015 0.0126 0.2393 0.7089 0.4476 0.1694 0.0439 0.0247
0.0503 0.0484 0.0218 0.1788 0.7061 0.5563 0.2664 0.1132 0.0666 0.0864
