0.0633 0.0291 0.1767 0.5526 0.5931 0.2533 0.1235 0.1149 0.0719 0.0954
0.0783 0.1832 0.5854 0.5546 0.1964 0.0527 0.0610 0.1210 0.1722 0.4207
0.2395 0.4674 0.4443 0.1695 0.0590 0.0203 0.0465 0.2478 0.5507 0.6527
0.6348 0.2702 0.0981 0.0364 0.0698 0.0779 0.3116 0.6811 0.6958 0.2555
0.4669 0.0975 0.1125 0.0904 0.1238 0.2504 0.5791 0.7047 0.2810 0.0727
0.1125 0.0266 0.0485 0.0698 0.2810 0.6121 0.6307 0.3417 0.0485 0.0241
0.0838 0.0310 0.0574 0.1818 0.5285 0.7132 0.3865 0.1386 0.0238 0.0232
0.0618 0.0228 0.1345 0.5183 0.6320 0.3058 0.1392 0.1173 0.0638 0.0741
0.0658 0.1429 0.5509 0.6024 0.2646 0.0728 0.0638 0.0994 0.1285 0.3517
0.1898 0.4463 0.5074 0.2247 0.0645 0.0175 0.0374 0.2090 0.5159 0.6817
0.5958 0.3327 0.1273 0.0410 0.0633 0.0571 0.2293 0.6122 0.7141 0.3408
0.5649 0.1436 0.0897 0.0554 0.0959 0.1649 0.4769 0.7285 0.4632 0.1156
0.1510 0.0308 0.0603 0.0635 0.2012 0.5166 0.6869 0.4736 0.0744 0.0293
0.0830 0.0298 0.0478 0.1154 0.4495 0.7328 0.4799 0.1660 0.0240 0.0206
0.0645 0.0193 0.0960 0.4318 0.6399 0.3966 0.1830 0.1294 0.0541 0.0528
0.0586 0.0905 0.4351 0.6195 0.3819 0.1165 0.0725 0.0881 0.0947 0.2464
0.1408 0.3592 0.5606 0.3257 0.0847 0.0209 0.0399 0.1816 0.4079 0.6350
0.4750 0.4278 0.2188 0.0635 0.0569 0.0374 0.1271 0.4590 0.6777 0.4816
0.6360 0.1959 0.0782 0.0374 0.0795 0.1173 0.4077 0.7358 0.6148 0.1658
0.2412 0.0433 0.0896 0.0779 0.1512 0.4107 0.7118 0.6159 0.1190 0.0379
0.0820 0.0267 0.0409 0.0756 0.3721 0.7203 0.5642 0.2096 0.0276 0.0198
0.0708 0.0269 0.0814 0.3187 0.5996 0.5619 0.2465 0.1178 0.0336 0.0372
0.0619 0.0484 0.2792 0.5905 0.5024 0.1799 0.0981 0.1026 0.0825 0.1494
0.1015 0.2871 0.6079 0.4462 0.1189 0.0278 0.0428 0.1426 0.2903 0.5753
0.3462 0.5212 0.3523 0.1005 0.0510 0.0226 0.0618 0.3108 0.6442 0.6361
0.6894 0.2681 0.0795 0.0284 0.0697 0.0891 0.3662 0.7210 0.7218 0.2286
0.3607 0.0654 0.1168 0.0998 0.1360 0.3300 0.6738 0.6856 0.1788 0.0502
0.0793 0.0225 0.0356 0.0426 0.2628 0.6606 0.6619 0.2941 0.0384 0.0212
0.0754 0.0321 0.0665 0.2157 0.5454 0.6769 0.3305 0.1203 0.0245 0.0275
0.0595 0.0290 0.1799 0.5623 0.6014 0.2494 0.1154 0.1047 0.0683 0.0969
0.0761 0.2141 0.6089 0.5478 0.1780 0.0428 0.0484 0.1108 0.1904 0.4807
0.2446 0.5433 0.4713 0.1566 0.0515 0.0160 0.0364 0.2234 0.5983 0.7190
0.6829 0.3366 0.1006 0.0294 0.0645 0.0697 0.3101 0.6700 0.7552 0.3001
0.5004 0.1105 0.1011 0.0724 0.1090 0.2134 0.5459 0.7206 0.3460 0.0861
0.0957 0.0225 0.0400 0.0390 0.2072 0.5769 0.7013 0.3935 0.0564 0.0248
0.0780 0.0321 0.0536 0.1381 0.4762 0.7248 0.4285 0.1419 0.0226 0.0225
0.0598 0.0191 0.1152 0.4916 0.6439 0.3224 0.1496 0.1211 0.0615 0.0654
0.0591 0.1407 0.5461 0.6197 0.2881 0.0769 0.0564 0.0843 0.1159 0.3501
0.1705 0.4560 0.5513 0.2539 0.0651 0.0158 0.0329 0.1874 0.5051 0.7076
0.5900 0.4339 0.1666 0.0420 0.0572 0.0447 0.1854 0.5382 0.7444 0.4382
0.6331 0.1885 0.0736 0.0364 0.0787 0.1189 0.4049 0.7426 0.6100 0.1603
0.1659 0.0314 0.0629 0.0478 0.1447 0.4484 0.7385 0.5687 0.0991 0.0331
0.0769 0.0286 0.0410 0.0688 0.3582 0.7322 0.5670 0.1952 0.0252 0.0198
0.0638 0.0223 0.0860 0.3553 0.6114 0.4800 0.2156 0.1201 0.0411 0.0439
0.0536 0.0769 0.3938 0.6307 0.4394 0.1367 0.0703 0.0770 0.0819 0.2178
0.1228 0.3464 0.5900 0.3683 0.0911 0.0199 0.0360 0.1625 0.3868 0.6466
0.3950 0.5940 0.3516 0.0815 0.0468 0.0227 0.0652 0.3044 0.6827 0.6617
0.7124 0.2808 0.0763 0.0256 0.0685 0.0896 0.3815 0.7287 0.7422 0.2313
0.3222 0.0563 0.1059 0.0752 0.1160 0.3261 0.7183 0.7033 0.1780 0.0483
0.0735 0.0225 0.0334 0.0368 0.2535 0.6773 0.6726 0.2817 0.0354 0.0205
0.0732 0.0341 0.0695 0.2133 0.5351 0.6738 0.3250 0.1151 0.0239 0.0286
0.0543 0.0354 0.2172 0.5898 0.5855 0.2270 0.0968 0.0860 0.0637 0.1137
0.0844 0.2467 0.6121 0.5062 0.1478 0.0327 0.0422 0.1214 0.2391 0.5397
0.2624 0.6090 0.4825 0.1385 0.0462 0.0143 0.0328 0.2100 0.6335 0.7554
0.7179 0.3808 0.1025 0.0256 0.0626 0.0681 0.3264 0.6664 0.7869 0.3220
0.5175 0.1179 0.0939 0.0611 0.0990 0.1928 0.5325 0.7317 0.3894 0.0950
0.0822 0.0197 0.0339 0.0260 0.1723 0.5628 0.7384 0.4141 0.0596 0.0248
0.0739 0.0328 0.0527 0.1196 0.4458 0.7243 0.4462 0.1425 0.0223 0.0228
0.0541 0.0188 0.1165 0.4968 0.6488 0.3207 0.1379 0.1055 0.0538 0.0643
0.0564 0.1601 0.5785 0.6268 0.2721 0.0673 0.0483 0.0763 0.1200 0.3906
0.1811 0.4886 0.5456 0.2312 0.0594 0.0137 0.0297 0.1890 0.5489 0.7366
0.5847 0.5567 0.2210 0.0429 0.0513 0.0370 0.1512 0.4514 0.7606 0.5365
0.6805 0.2277 0.0707 0.0290 0.0725 0.1042 0.3965 0.7451 0.6847 0.1892
0.1705 0.0306 0.0613 0.0331 0.1030 0.3898 0.7833 0.6450 0.1265 0.0368
0.0737 0.0279 0.0387 0.0561 0.3260 0.7299 0.5964 0.2057 0.0258 0.0197
0.0643 0.0282 0.0853 0.3059 0.5800 0.5519 0.2383 0.1070 0.0311 0.0388
0.0527 0.0709 0.3728 0.6305 0.4617 0.1452 0.0710 0.0747 0.0782 0.2043
0.1158 0.3369 0.6028 0.3896 0.0946 0.0201 0.0356 0.1564 0.3715 0.6443
0.3659 0.6618 0.4174 0.0897 0.0432 0.0185 0.0495 0.2489 0.6854 0.7269
0.7472 0.3414 0.0827 0.0223 0.0656 0.0821 0.3880 0.7132 0.7863 0.2692
0.3731 0.0671 0.1054 0.0666 0.0997 0.2739 0.6976 0.7362 0.2332 0.0585
0.0663 0.0191 0.0287 0.0213 0.1823 0.6279 0.7388 0.3478 0.0448 0.0218
0.0714 0.0352 0.0633 0.1668 0.4936 0.7001 0.3694 0.1197 0.0222 0.0264
0.0502 0.0267 0.1722 0.5716 0.6287 0.2629 0.1011 0.0804 0.0517 0.0875
0.0721 0.2242 0.6191 0.5538 0.1753 0.0382 0.0413 0.1020 0.1968 0.5111
0.2323 0.5999 0.5248 0.1645 0.0478 0.0127 0.0288 0.1907 0.6207 0.7733
0.7048 0.5110 0.1492 0.0276 0.0560 0.0516 0.2582 0.5698 0.8081 0.4383
0.6350 0.1866 0.0724 0.0348 0.0771 0.1207 0.4183 0.7480 0.6106 0.1575
0.0976 0.0205 0.0366 0.0187 0.1121 0.4638 0.7890 0.5416 0.0908 0.0300
0.0710 0.0304 0.0439 0.0722 0.3615 0.7282 0.5400 0.1744 0.0238 0.0212
0.0526 0.0186 0.0911 0.3946 0.6253 0.4111 0.1755 0.1033 0.0394 0.0473
0.0502 0.1172 0.5050 0.6482 0.3609 0.0965 0.0524 0.0662 0.0917 0.3076
0.1349 0.3932 0.6165 0.3474 0.0786 0.0179 0.0369 0.1690 0.4173 0.6759
0.4508 0.7115 0.3987 0.0680 0.0425 0.0213 0.0672 0.2639 0.7295 0.7220
0.7600 0.3349 0.0755 0.0204 0.0652 0.0844 0.4005 0.7285 0.7940 0.2596
0.2931 0.0488 0.0912 0.0443 0.0803 0.2852 0.7716 0.7529 0.2088 0.0511
0.0655 0.0216 0.0290 0.0221 0.1938 0.6677 0.7267 0.3093 0.0375 0.0206
0.0694 0.0366 0.0690 0.1829 0.4992 0.6834 0.3436 0.1124 0.0223 0.0285
0.0498 0.0352 0.2192 0.5991 0.5965 0.2290 0.0884 0.0735 0.0550 0.1105
0.0823 0.2539 0.6294 0.5148 0.1424 0.0304 0.0402 0.1194 0.2419 0.5564
0.2635 0.6540 0.5165 0.1380 0.0439 0.0130 0.0300 0.1888 0.6453 0.7836
0.7468 0.4912 0.1265 0.0232 0.0583 0.0595 0.3154 0.6156 0.8232 0.3971
0.5937 0.1581 0.0755 0.0395 0.0799 0.1358 0.4484 0.7498 0.5468 0.1357
0.0726 0.0163 0.0273 0.0109 0.0945 0.4683 0.8165 0.5338 0.0881 0.0286
0.0649 0.0285 0.0428 0.0606 0.3257 0.7028 0.5585 0.1848 0.0260 0.0226
0.0447 0.0143 0.0853 0.4170 0.6486 0.3785 0.1534 0.0919 0.0349 0.0441
0.0489 0.1369 0.5422 0.6506 0.3310 0.0827 0.0454 0.0623 0.0970 0.3494
0.1397 0.4090 0.6299 0.3441 0.0758 0.0183 0.0394 0.1704 0.4145 0.6757
0.4927 0.7355 0.3925 0.0598 0.0423 0.0229 0.0777 0.2691 0.7486 0.7206
0.7649 0.3361 0.0744 0.0200 0.0652 0.0853 0.4067 0.7310 0.7965 0.2578
0.2499 0.0395 0.0754 0.0234 0.0524 0.2493 0.8281 0.7987 0.2382 0.0526
0.0585 0.0195 0.0255 0.0137 0.1456 0.6409 0.7755 0.3515 0.0424 0.0212
0.0650 0.0347 0.0653 0.1556 0.4669 0.6752 0.3657 0.1175 0.0227 0.0284
0.0461 0.0334 0.2126 0.6051 0.6122 0.2369 0.0827 0.0647 0.0475 0.1035
0.0774 0.2416 0.6517 0.5473 0.1487 0.0330 0.0440 0.1167 0.2156 0.5357
0.2530 0.6606 0.5500 0.1510 0.0454 0.0135 0.0310 0.1733 0.6175 0.7818
0.7538 0.5647 0.1510 0.0231 0.0556 0.0538 0.2969 0.5683 0.8357 0.4524
0.6402 0.1896 0.0665 0.0302 0.0707 0.1096 0.4007 0.7573 0.6398 0.1673
0.0718 0.0157 0.0254 0.0082 0.0764 0.4296 0.8329 0.5755 0.1033 0.0307
0.0621 0.0281 0.0408 0.0487 0.2896 0.6956 0.5891 0.1965 0.0270 0.0228
0.0414 0.0123 0.0688 0.3434 0.6260 0.4221 0.1787 0.0901 0.0263 0.0334
0.0436 0.1312 0.5338 0.6678 0.3628 0.0907 0.0413 0.0517 0.0825 0.3350
0.1155 0.3466 0.6965 0.4516 0.0928 0.0253 0.0554 0.1600 0.3006 0.6033
0.4538 0.8011 0.4840 0.0686 0.0391 0.0184 0.0571 0.1995 0.7411 0.7861
0.7963 0.4066 0.0831 0.0177 0.0630 0.0785 0.4154 0.7090 0.8312 0.2995
0.3359 0.0557 0.0805 0.0252 0.0487 0.1951 0.7755 0.8165 0.3218 0.0688
0.0545 0.0166 0.0216 0.0082 0.1043 0.5808 0.8162 0.4242 0.0560 0.0232
0.0629 0.0337 0.0577 0.1108 0.4085 0.6850 0.4285 0.1335 0.0233 0.0269
0.0407 0.0191 0.1356 0.5593 0.6705 0.2993 0.0938 0.0604 0.0308 0.0599
0.0644 0.2104 0.6371 0.5907 0.1877 0.0412 0.0416 0.0929 0.1672 0.4905
0.2016 0.5775 0.6072 0.2213 0.0554 0.0162 0.0369 0.1638 0.5093 0.7353
0.6874 0.7152 0.2654 0.0315 0.0477 0.0372 0.1847 0.3964 0.8198 0.6120
0.7242 0.2680 0.0648 0.0223 0.0656 0.0898 0.3807 0.7495 0.7512 0.2204
0.1070 0.0190 0.0326 0.0060 0.0383 0.2844 0.8751 0.7511 0.1894 0.0422
0.0562 0.0223 0.0290 0.0174 0.1657 0.6593 0.7386 0.2975 0.0361 0.0219
0.0477 0.0213 0.0583 0.1795 0.5042 0.6113 0.2967 0.0939 0.0169 0.0241
0.0389 0.0756 0.3948 0.6729 0.5033 0.1510 0.0489 0.0441 0.0530 0.2075
0.0826 0.2482 0.7356 0.5918 0.1299 0.0364 0.0693 0.1400 0.1880 0.5045
0.3266 0.7665 0.5568 0.1085 0.0416 0.0152 0.0370 0.1491 0.6462 0.7959
0.8006 0.5651 0.1304 0.0187 0.0568 0.0599 0.3482 0.5950 0.8504 0.4210
0.5943 0.1571 0.0640 0.0267 0.0609 0.1087 0.4402 0.7759 0.6084 0.1530
0.0542 0.0131 0.0180 0.0044 0.0622 0.4263 0.8485 0.5658 0.1050 0.0304
0.0556 0.0263 0.0407 0.0412 0.2560 0.6586 0.6016 0.2071 0.0301 0.0252
0.0281 0.0067 0.0502 0.3319 0.6579 0.4107 0.1520 0.0641 0.0137 0.0209
0.0421 0.1443 0.5510 0.6617 0.3325 0.0769 0.0345 0.0482 0.0828 0.3628
0.1135 0.3492 0.7330 0.4834 0.0961 0.0304 0.0689 0.1523 0.2506 0.5675
0.4731 0.8561 0.5492 0.0669 0.0382 0.0182 0.0568 0.1548 0.7394 0.8153
0.8197 0.4633 0.0903 0.0162 0.0611 0.0734 0.4142 0.6816 0.8485 0.3303
0.3525 0.0576 0.0590 0.0101 0.0242 0.1137 0.7719 0.8679 0.4759 0.0961
0.0489 0.0145 0.0172 0.0041 0.0670 0.5113 0.8527 0.5009 0.0758 0.0260
0.0558 0.0292 0.0489 0.0645 0.3139 0.6571 0.5164 0.1671 0.0271 0.0271
0.0276 0.0090 0.0764 0.4868 0.7147 0.3729 0.0943 0.0409 0.0117 0.0265
0.0468 0.1535 0.6408 0.6758 0.2543 0.0627 0.0460 0.0659 0.0846 0.3699
0.1385 0.4447 0.7182 0.3918 0.0828 0.0307 0.0658 0.1311 0.2539 0.5808
0.5707 0.8818 0.5219 0.0499 0.0374 0.0211 0.0724 0.1547 0.7621 0.8043
0.8168 0.4147 0.0767 0.0160 0.0607 0.0729 0.3860 0.6893 0.8313 0.2996
0.2141 0.0292 0.0417 0.0034 0.0110 0.0945 0.8673 0.8939 0.4257 0.0807
0.0487 0.0164 0.0175 0.0040 0.0658 0.5426 0.8529 0.4759 0.0670 0.0252
0.0501 0.0265 0.0473 0.0662 0.3209 0.6557 0.4919 0.1470 0.0218 0.0245
0.0295 0.0141 0.1134 0.5722 0.7146 0.3387 0.0735 0.0350 0.0135 0.0382
0.0471 0.1419 0.7022 0.7137 0.2340 0.0669 0.0653 0.0775 0.0688 0.3287
0.1227 0.4266 0.7369 0.4227 0.0974 0.0441 0.0769 0.0889 0.1367 0.4701
0.5916 0.8894 0.5042 0.0472 0.0351 0.0181 0.0471 0.1022 0.6937 0.7968
0.8189 0.4033 0.0695 0.0162 0.0551 0.0555 0.2551 0.6050 0.7915 0.3041
0.1903 0.0236 0.0273 0.0020 0.0062 0.0447 0.6951 0.8398 0.3701 0.0943
0.0500 0.0178 0.0151 0.0028 0.0535 0.4986 0.8447 0.4953 0.0824 0.0290
0.0424 0.0190 0.0360 0.0478 0.2925 0.6599 0.5313 0.1487 0.0168 0.0183
0.0258 0.0124 0.1035 0.5706 0.7303 0.3571 0.0677 0.0285 0.0099 0.0319
0.0407 0.1128 0.6803 0.7302 0.2581 0.0778 0.0655 0.0652 0.0438 0.2569
0.1105 0.3922 0.7313 0.4396 0.1098 0.0540 0.0802 0.0692 0.0872 0.3903
0.4746 0.8884 0.5562 0.0669 0.0360 0.0151 0.0184 0.0341 0.4073 0.7693
0.8365 0.4682 0.0769 0.0168 0.0470 0.0340 0.1203 0.4047 0.7344 0.3594
0.2982 0.0370 0.0211 0.0015 0.0036 0.0145 0.3528 0.8125 0.5074 0.1650
0.0538 0.0177 0.0109 0.0016 0.0388 0.3927 0.8269 0.5587 0.1348 0.0375
0.0443 0.0216 0.0374 0.0284 0.2000 0.5988 0.6316 0.2225 0.0320 0.0265
0.0165 0.0042 0.0409 0.2897 0.6559 0.3888 0.1248 0.0348 0.0057 0.0135
0.0187 0.0390 0.4653 0.7670 0.4614 0.1648 0.0411 0.0192 0.0054 0.0715
0.0786 0.2563 0.7179 0.5355 0.1370 0.0640 0.0815 0.0639 0.0487 0.2853
0.2343 0.7203 0.6754 0.2126 0.0773 0.0427 0.0233 0.0092 0.0348 0.3957
0.6411 0.8499 0.3501 0.0460 0.0249 0.0075 0.0051 0.0250 0.3677 0.7461
0.7476 0.2426 0.0390 0.0234 0.0354 0.0159 0.0166 0.2420 0.4214 0.2700
0.0839 0.0133 0.0052 0.0009 0.0072 0.0212 0.0768 0.3033 0.1367 0.0993
0.0451 0.0279 0.0172 0.0024 0.0416 0.3712 0.7395 0.4204 0.1098 0.0514
0.0157 0.0040 0.0113 0.0165 0.2382 0.7028 0.5764 0.0855 0.0024 0.0038
0.0081 0.0055 0.0691 0.6913 0.8359 0.4737 0.0185 0.0035 0.0004 0.0071
0.0264 0.0406 0.4679 0.6839 0.2990 0.1047 0.0486 0.0320 0.0063 0.0679
0.0996 0.3528 0.6915 0.4100 0.1766 0.1277 0.1024 0.0168 0.0121 0.1437
0.1418 0.4931 0.6066 0.3558 0.0992 0.0532 0.0046 0.0009 0.0012 0.1208
0.1521 0.5371 0.6155 0.3432 0.0910 0.0513 0.0040 0.0008 0.0011 0.1293
0.3391 0.8057 0.3979 0.0889 0.0345 0.0096 0.0010 0.0019 0.0219 0.5066
0.8435 0.4260 0.0579 0.0190 0.0346 0.0133 0.0170 0.1486 0.5015 0.3657
0.4726 0.1026 0.1198 0.1046 0.1342 0.2439 0.4681 0.5514 0.1891 0.0677
0.1544 0.0799 0.0957 0.2323 0.4834 0.7466 0.3712 0.1398 0.0224 0.0264
0.1351 0.0761 0.1477 0.2938 0.4310 0.5783 0.3267 0.1556 0.0352 0.0440
0.1055 0.0579 0.2951 0.4892 0.3539 0.1392 0.1592 0.2118 0.1415 0.1618
0.1862 0.1879 0.3686 0.2774 0.1173 0.0495 0.1057 0.3160 0.3358 0.3645
0.4880 0.1460 0.1168 0.0766 0.0980 0.1239 0.3708 0.6728 0.4589 0.1511
0.3953 0.0793 0.1424 0.1466 0.1673 0.3260 0.6122 0.6452 0.1790 0.0557
0.2150 0.0486 0.1044 0.2262 0.3656 0.5498 0.4970 0.3596 0.0605 0.0322
0.1333 0.0341 0.1067 0.3383 0.5025 0.4826 0.3211 0.2307 0.0566 0.0409
0.1160 0.0394 0.2019 0.4486 0.4165 0.2200 0.2187 0.2466 0.1123 0.0970
0.1368 0.1072 0.4051 0.4313 0.2066 0.0956 0.1692 0.2694 0.1852 0.2287
0.3030 0.1472 0.2451 0.1813 0.1178 0.0880 0.2458 0.4953 0.3571 0.2195
0.4484 0.1138 0.1320 0.1038 0.1206 0.1787 0.4648 0.6666 0.3382 0.1061
0.3489 0.0673 0.1405 0.1716 0.1970 0.3693 0.6055 0.6059 0.1398 0.0477
0.1977 0.0441 0.0996 0.2394 0.3951 0.5524 0.4706 0.3350 0.0578 0.0319
0.1284 0.0309 0.1089 0.3576 0.5098 0.4426 0.3041 0.2363 0.0634 0.0444
0.1170 0.0428 0.2185 0.4514 0.3953 0.2052 0.2143 0.2491 0.1167 0.1049
0.1531 0.1034 0.3790 0.4005 0.1983 0.0989 0.1911 0.3062 0.1981 0.2145
0.3163 0.1375 0.2275 0.1736 0.1209 0.0991 0.2743 0.5187 0.3472 0.1959
0.4361 0.1034 0.1343 0.1130 0.1286 0.2008 0.4949 0.6675 0.3023 0.0932
0.3323 0.0637 0.1365 0.1780 0.2110 0.3904 0.6011 0.5859 0.1267 0.0448
0.1836 0.0412 0.0940 0.2462 0.4230 0.5681 0.4523 0.3088 0.0534 0.0307
0.1226 0.0292 0.1075 0.3680 0.5240 0.4352 0.2918 0.2288 0.0638 0.0451
0.1158 0.0426 0.2200 0.4547 0.3957 0.2017 0.2111 0.2478 0.1176 0.1064
0.1471 0.1144 0.4047 0.4097 0.1913 0.0927 0.1753 0.2861 0.1969 0.2335
0.3234 0.1426 0.2260 0.1673 0.1174 0.0955 0.2704 0.5221 0.3610 0.2025
0.4484 0.1059 0.1276 0.1053 0.1250 0.1973 0.4916 0.6755 0.3162 0.0946
0.3257 0.0621 0.1330 0.1786 0.2171 0.4028 0.6004 0.5774 0.1207 0.0432
0.1729 0.0395 0.0880 0.2434 0.4430 0.5920 0.4456 0.2870 0.0485 0.0290
0.1145 0.0276 0.1025 0.3744 0.5479 0.4480 0.2794 0.2112 0.0599 0.0438
0.1057 0.0438 0.2314 0.4766 0.4077 0.1954 0.1888 0.2210 0.1128 0.1137
0.1430 0.1232 0.4245 0.4156 0.1846 0.0843 0.1604 0.2736 0.2037 0.2553
0.3348 0.1562 0.2195 0.1526 0.1094 0.0859 0.2485 0.5225 0.3933 0.2223
0.4620 0.1106 0.1225 0.0976 0.1202 0.1905 0.4850 0.6823 0.3349 0.0981
0.3249 0.0620 0.1320 0.1771 0.2181 0.4085 0.6036 0.5753 0.1188 0.0426
0.1655 0.0392 0.0858 0.2466 0.4591 0.6067 0.4347 0.2681 0.0452 0.0283
0.1114 0.0277 0.1057 0.3838 0.5498 0.4358 0.2691 0.2059 0.0608 0.0458
0.1080 0.0444 0.2353 0.4741 0.3986 0.1886 0.1913 0.2284 0.1177 0.1164
0.1423 0.1342 0.4378 0.4124 0.1757 0.0793 0.1502 0.2656 0.2082 0.2722
0.3476 0.1574 0.2108 0.1441 0.1074 0.0872 0.2560 0.5352 0.4024 0.2188
0.4650 0.1103 0.1217 0.0969 0.1208 0.1954 0.4932 0.6840 0.3314 0.0959
0.3168 0.0603 0.1289 0.1782 0.2249 0.4199 0.6018 0.5652 0.1132 0.0412
0.1564 0.0379 0.0821 0.2476 0.4772 0.6218 0.4245 0.2497 0.0420 0.0274
0.1073 0.0266 0.1049 0.3916 0.5600 0.4309 0.2601 0.1999 0.0608 0.0463
0.1010 0.0489 0.2582 0.4921 0.3943 0.1774 0.1726 0.2066 0.1153 0.1289
0.1349 0.1585 0.4826 0.4240 0.1625 0.0678 0.1278 0.2400 0.2159 0.3174
0.3631 0.1846 0.2099 0.1280 0.0968 0.0738 0.2246 0.5269 0.4515 0.2557
0.4875 0.1218 0.1155 0.0851 0.1123 0.1771 0.4713 0.6899 0.3732 0.1069
0.3264 0.0619 0.1305 0.1727 0.2156 0.4120 0.6106 0.5791 0.1185 0.0420
0.1536 0.0382 0.0798 0.2399 0.4789 0.6367 0.4285 0.2426 0.0398 0.0264
0.1050 0.0262 0.1011 0.3891 0.5704 0.4461 0.2594 0.1927 0.0578 0.0446
0.1029 0.0432 0.2333 0.4842 0.4139 0.1901 0.1821 0.2152 0.1143 0.1168
0.1284 0.1541 0.4834 0.4370 0.1695 0.0699 0.1242 0.2294 0.2047 0.3126
0.3550 0.1767 0.2136 0.1347 0.0997 0.0763 0.2304 0.5262 0.4370 0.2477
0.4881 0.1201 0.1132 0.0843 0.1124 0.1785 0.4723 0.6929 0.3723 0.1053
0.3186 0.0601 0.1270 0.1723 0.2204 0.4209 0.6087 0.5715 0.1139 0.0408
0.1451 0.0363 0.0743 0.2295 0.4881 0.6523 0.4301 0.2319 0.0374 0.0252
0.0968 0.0260 0.0993 0.3971 0.5904 0.4605 0.2437 0.1714 0.0528 0.0442
0.0957 0.0446 0.2456 0.5027 0.4211 0.1826 0.1658 0.1960 0.1117 0.1247
0.1273 0.1669 0.4964 0.4339 0.1618 0.0626 0.1121 0.2211 0.2174 0.3407
0.3481 0.2110 0.2310 0.1311 0.0906 0.0634 0.1891 0.4923 0.4647 0.2965
0.5140 0.1338 0.1082 0.0736 0.1046 0.1616 0.4546 0.6987 0.4190 0.1179
0.3283 0.0621 0.1289 0.1679 0.2120 0.4116 0.6145 0.5834 0.1198 0.0419
0.1467 0.0372 0.0749 0.2299 0.4874 0.6563 0.4310 0.2308 0.0368 0.0251
0.0983 0.0269 0.0991 0.3894 0.5855 0.4710 0.2493 0.1712 0.0513 0.0433
0.0923 0.0465 0.2548 0.5111 0.4219 0.1798 0.1577 0.1851 0.1093 0.1296
0.1281 0.1680 0.4965 0.4315 0.1597 0.0609 0.1108 0.2231 0.2227 0.3457
0.3531 0.2185 0.2278 0.1259 0.0882 0.0612 0.1827 0.4916 0.4770 0.3054
0.5166 0.1341 0.1069 0.0725 0.1038 0.1608 0.4539 0.7009 0.4225 0.1181
0.3267 0.0615 0.1271 0.1636 0.2095 0.4128 0.6192 0.5861 0.1197 0.0416
0.1373 0.0349 0.0688 0.2120 0.4886 0.6695 0.4395 0.2241 0.0350 0.0239
0.0925 0.0255 0.0916 0.3838 0.6054 0.4968 0.2464 0.1587 0.0468 0.0405
0.0886 0.0411 0.2322 0.5151 0.4543 0.1938 0.1562 0.1784 0.1036 0.1192
0.1147 0.1753 0.5254 0.4613 0.1652 0.0588 0.0975 0.1943 0.2085 0.3647
0.3361 0.2401 0.2509 0.1323 0.0845 0.0530 0.1564 0.4600 0.4872 0.3448
0.5379 0.1493 0.1018 0.0634 0.0965 0.1422 0.4253 0.7031 0.4727 0.1344
0.3420 0.0641 0.1294 0.1578 0.1968 0.3952 0.6249 0.6067 0.1303 0.0435
0.1374 0.0351 0.0673 0.1975 0.4739 0.6733 0.4551 0.2297 0.0349 0.0235
0.0924 0.0259 0.0866 0.3670 0.6082 0.5289 0.2562 0.1539 0.0427 0.0374
0.0810 0.0415 0.2350 0.5316 0.4753 0.1989 0.1420 0.1557 0.0953 0.1211
0.1069 0.1808 0.5485 0.4826 0.1674 0.0556 0.0889 0.1782 0.2048 0.3841
0.3278 0.2790 0.2690 0.1296 0.0773 0.0430 0.1244 0.4267 0.5198 0.4050
0.5588 0.1662 0.0966 0.0552 0.0893 0.1245 0.3945 0.7052 0.5248 0.1535
0.3610 0.0680 0.1320 0.1505 0.1838 0.3759 0.6306 0.6268 0.1441 0.0461
0.1393 0.0355 0.0667 0.1854 0.4568 0.6723 0.4709 0.2388 0.0356 0.0234
0.0919 0.0275 0.0849 0.3547 0.6077 0.5581 0.2613 0.1457 0.0385 0.0355
0.0808 0.0383 0.2198 0.5287 0.4919 0.2084 0.1452 0.1567 0.0936 0.1138
0.1014 0.1799 0.5550 0.4966 0.1737 0.0560 0.0848 0.1670 0.1967 0.3866
0.2864 0.3327 0.3387 0.1527 0.0730 0.0352 0.0938 0.3526 0.5066 0.4798
0.5814 0.1903 0.0956 0.0487 0.0829 0.1076 0.3671 0.7015 0.5804 0.1792
0.3883 0.0743 0.1316 0.1379 0.1669 0.3437 0.6253 0.6512 0.1696 0.0512
0.1449 0.0361 0.0675 0.1768 0.4363 0.6635 0.4879 0.2560 0.0377 0.0237
0.0938 0.0309 0.0820 0.3274 0.5993 0.6088 0.2787 0.1376 0.0326 0.0321
0.0797 0.0342 0.1987 0.5247 0.5179 0.2253 0.1488 0.1556 0.0896 0.1035
0.0947 0.1705 0.5537 0.5161 0.1881 0.0592 0.0828 0.1555 0.1829 0.3765
0.2524 0.3668 0.3955 0.1763 0.0710 0.0301 0.0745 0.3013 0.4937 0.5348
0.5931 0.2108 0.0966 0.0451 0.0785 0.0954 0.3423 0.6944 0.6181 0.2029
0.4156 0.0816 0.1278 0.1234 0.1519 0.3109 0.6119 0.6708 0.2011 0.0575
0.1484 0.0359 0.0673 0.1613 0.4073 0.6500 0.5117 0.2786 0.0407 0.0242
0.0952 0.0318 0.0745 0.2910 0.5903 0.6523 0.3066 0.1373 0.0290 0.0283
0.0756 0.0299 0.1742 0.5230 0.5568 0.2529 0.1486 0.1462 0.0812 0.0915
0.0862 0.1534 0.5454 0.5435 0.2136 0.0660 0.0821 0.1421 0.1624 0.3537
0.2353 0.3613 0.4114 0.1910 0.0725 0.0282 0.0681 0.2871 0.4871 0.5484
0.5852 0.2189 0.0998 0.0457 0.0766 0.0882 0.3189 0.6840 0.6269 0.2176
0.4377 0.0884 0.1244 0.1128 0.1418 0.2863 0.5986 0.6833 0.2295 0.0633
0.1534 0.0357 0.0677 0.1442 0.3696 0.6276 0.5408 0.3111 0.0455 0.0251
0.0951 0.0304 0.0672 0.2602 0.5811 0.6736 0.3330 0.1429 0.0279 0.0259
0.0733 0.0258 0.1487 0.5126 0.5910 0.2860 0.1539 0.1425 0.0742 0.0789
0.0780 0.1354 0.5288 0.5696 0.2475 0.0762 0.0815 0.1276 0.1406 0.3249
0.1988 0.3749 0.4777 0.2341 0.0750 0.0254 0.0570 0.2414 0.4570 0.5863
0.5722 0.2506 0.1126 0.0469 0.0720 0.0723 0.2703 0.6520 0.6541 0.2636
0.4936 0.1097 0.1092 0.0844 0.1187 0.2235 0.5421 0.7062 0.3237 0.0836
0.1772 0.0387 0.0753 0.1399 0.3244 0.5863 0.5701 0.3688 0.0555 0.0273
0.0986 0.0341 0.0652 0.2352 0.5662 0.7127 0.3575 0.1394 0.0244 0.0235
0.0730 0.0248 0.1355 0.4962 0.6039 0.3165 0.1615 0.1394 0.0679 0.0710
0.0743 0.1196 0.5017 0.5803 0.2791 0.0860 0.0830 0.1208 0.1291 0.2982
0.1744 0.3801 0.5185 0.2671 0.0770 0.0229 0.0486 0.2129 0.4408 0.6149
0.5497 0.2964 0.1351 0.0500 0.0671 0.0586 0.2201 0.6030 0.6716 0.3238
0.5497 0.1375 0.0952 0.0617 0.1007 0.1732 0.4846 0.7210 0.4352 0.1103
0.2066 0.0419 0.0842 0.1276 0.2653 0.5295 0.6118 0.4498 0.0718 0.0306
0.0990 0.0340 0.0588 0.1933 0.5365 0.7349 0.4009 0.1481 0.0233 0.0214
0.0721 0.0240 0.1160 0.4644 0.6220 0.3785 0.1752 0.1317 0.0566 0.0590
0.0691 0.0961 0.4485 0.5925 0.3366 0.1061 0.0858 0.1115 0.1118 0.2536
0.1487 0.3565 0.5536 0.3170 0.0853 0.0228 0.0452 0.1903 0.4037 0.6162
0.4892 0.3672 0.1863 0.0610 0.0610 0.0431 0.1507 0.5098 0.6698 0.4226
0.6087 0.1773 0.0840 0.0441 0.0854 0.1311 0.4276 0.7295 0.5616 0.1485
0.2608 0.0495 0.1017 0.1290 0.2165 0.4626 0.6417 0.5411 0.0969 0.0357
0.1019 0.0333 0.0544 0.1603 0.4992 0.7400 0.4470 0.1670 0.0241 0.0203
0.0759 0.0257 0.0979 0.4028 0.6197 0.4760 0.2092 0.1279 0.0439 0.0457
0.0663 0.0695 0.3641 0.5918 0.4131 0.1395 0.0939 0.1088 0.0964 0.1963
0.1233 0.3043 0.5828 0.3900 0.1046 0.0271 0.0491 0.1710 0.3312 0.5741
0.4074 0.4209 0.2557 0.0814 0.0574 0.0324 0.0996 0.4132 0.6440 0.5141
0.6378 0.2084 0.0818 0.0373 0.0783 0.1100 0.3934 0.7262 0.6305 0.1793
0.3213 0.0591 0.1182 0.1281 0.1788 0.3983 0.6585 0.6183 0.1303 0.0420
0.1036 0.0318 0.0516 0.1353 0.4598 0.7293 0.4863 0.1904 0.0265 0.0202
0.0807 0.0299 0.0876 0.3485 0.6091 0.5733 0.2438 0.1209 0.0333 0.0366
0.0714 0.0450 0.2596 0.5617 0.4870 0.1846 0.1186 0.1278 0.0915 0.1374
0.1005 0.2523 0.5997 0.4676 0.1340 0.0353 0.0540 0.1480 0.2515 0.5140
0.3087 0.4801 0.3770 0.1237 0.0561 0.0246 0.0639 0.2992 0.5900 0.6102
0.6569 0.2448 0.0853 0.0337 0.0730 0.0928 0.3626 0.7132 0.6838 0.2161
0.3863 0.0728 0.1236 0.1182 0.1515 0.3319 0.6395 0.6692 0.1805 0.0520
0.1069 0.0293 0.0497 0.1093 0.4002 0.6939 0.5368 0.2362 0.0326 0.0212
0.0844 0.0351 0.0765 0.2788 0.5852 0.6695 0.2929 0.1153 0.0249 0.0289
0.0660 0.0345 0.2066 0.5581 0.5553 0.2260 0.1211 0.1178 0.0780 0.1097
0.0834 0.2148 0.6087 0.5332 0.1697 0.0436 0.0557 0.1243 0.1987 0.4703
0.2475 0.5216 0.4613 0.1582 0.0538 0.0175 0.0406 0.2330 0.5850 0.6964
0.6678 0.3047 0.0957 0.0311 0.0663 0.0730 0.3115 0.6815 0.7360 0.2785
0.4797 0.1028 0.1103 0.0859 0.1209 0.2408 0.5693 0.7063 0.2990 0.0767
0.1226 0.0298 0.0531 0.0912 0.3223 0.6340 0.5926 0.3135 0.0443 0.0237
0.0871 0.0369 0.0661 0.2173 0.5530 0.7241 0.3494 0.1205 0.0215 0.0242
0.0661 0.0249 0.1487 0.5244 0.6088 0.2827 0.1406 0.1255 0.0699 0.0806
0.0707 0.1610 0.5692 0.5839 0.2349 0.0639 0.0626 0.1063 0.1449 0.3818
0.1939 0.4723 0.5180 0.2185 0.0615 0.0169 0.0363 0.2042 0.5256 0.6966
0.6173 0.3565 0.1295 0.0383 0.0625 0.0570 0.2388 0.6094 0.7315 0.3519
0.5712 0.1473 0.0875 0.0530 0.0939 0.1594 0.4677 0.7300 0.4780 0.1196
0.1588 0.0331 0.0643 0.0808 0.2345 0.5393 0.6538 0.4408 0.0680 0.0286
0.0881 0.0337 0.0534 0.1481 0.4940 0.7468 0.4354 0.1459 0.0217 0.0208
0.0639 0.0232 0.1159 0.4693 0.6331 0.3744 0.1611 0.1160 0.0530 0.0606
0.0624 0.1093 0.4863 0.6131 0.3304 0.0961 0.0710 0.0941 0.1087 0.2865
0.1540 0.4084 0.5554 0.2879 0.0739 0.0173 0.0346 0.1828 0.4657 0.6813
0.5086 0.4535 0.2090 0.0552 0.0548 0.0367 0.1317 0.4688 0.7089 0.4937
0.6568 0.2125 0.0764 0.0338 0.0769 0.1121 0.4057 0.7366 0.6457 0.1768
0.2427 0.0446 0.0914 0.0898 0.1712 0.4315 0.6907 0.5872 0.1097 0.0368
0.0883 0.0310 0.0458 0.1006 0.4230 0.7451 0.5168 0.1804 0.0239 0.0194
0.0713 0.0286 0.0927 0.3627 0.6105 0.5325 0.2196 0.1119 0.0351 0.0415
0.0606 0.0656 0.3516 0.6056 0.4472 0.1480 0.0863 0.0944 0.0876 0.1901
0.1159 0.3232 0.5965 0.3954 0.1008 0.0227 0.0393 0.1565 0.3505 0.6185
0.3603 0.5741 0.3672 0.0932 0.0478 0.0215 0.0584 0.2928 0.6622 0.6661
0.7063 0.2853 0.0800 0.0265 0.0686 0.0878 0.3745 0.7205 0.7397 0.2373
0.3652 0.0668 0.1177 0.1008 0.1376 0.3307 0.6721 0.6829 0.1800 0.0506
0.0875 0.0260 0.0403 0.0646 0.3302 0.6964 0.6021 0.2482 0.0323 0.0204
0.0785 0.0364 0.0750 0.2520 0.5663 0.6795 0.3008 0.1092 0.0232 0.0288
0.0609 0.0348 0.2114 0.5715 0.5682 0.2245 0.1104 0.1036 0.0726 0.1121
0.0840 0.2359 0.6111 0.5156 0.1554 0.0365 0.0467 0.1219 0.2228 0.5142
0.2539 0.5760 0.4784 0.1480 0.0491 0.0155 0.0354 0.2169 0.6123 0.7345
0.6987 0.3517 0.1005 0.0277 0.0640 0.0697 0.3199 0.6712 0.7684 0.3061
0.5040 0.1122 0.0997 0.0700 0.1073 0.2098 0.5435 0.7219 0.3542 0.0878
0.0997 0.0243 0.0424 0.0516 0.2505 0.6093 0.6613 0.3497 0.0491 0.0238
0.0811 0.0363 0.0602 0.1715 0.5127 0.7344 0.3865 0.1243 0.0207 0.0232
0.0581 0.0232 0.1401 0.5244 0.6309 0.2978 0.1307 0.1067 0.0596 0.0757
0.0634 0.1692 0.5877 0.6049 0.2425 0.0610 0.0529 0.0901 0.1377 0.4046
0.1946 0.5049 0.5254 0.2092 0.0569 0.0138 0.0299 0.1956 0.5676 0.7383
0.6167 0.4632 0.1651 0.0378 0.0559 0.0456 0.1951 0.5383 0.7601 0.4460
0.6387 0.1918 0.0758 0.0365 0.0796 0.1224 0.4207 0.7414 0.6089 0.1589
0.1582 0.0309 0.0605 0.0498 0.1588 0.4702 0.7250 0.5372 0.0907 0.0319
0.0812 0.0317 0.0460 0.0966 0.4185 0.7476 0.5083 0.1666 0.0225 0.0199
0.0632 0.0236 0.0974 0.3959 0.6195 0.4507 0.1919 0.1129 0.0424 0.0487
0.0542 0.0960 0.4538 0.6351 0.3898 0.1140 0.0649 0.0761 0.0896 0.2594
0.1363 0.3809 0.5791 0.3290 0.0806 0.0174 0.0337 0.1713 0.4358 0.6764
0.4245 0.6098 0.3389 0.0730 0.0462 0.0237 0.0714 0.3142 0.6992 0.6580
0.7183 0.2827 0.0754 0.0249 0.0686 0.0909 0.3891 0.7314 0.7452 0.2295
0.3045 0.0530 0.1027 0.0731 0.1183 0.3389 0.7253 0.6936 0.1670 0.0462
0.0776 0.0252 0.0364 0.0491 0.2993 0.7071 0.6307 0.2443 0.0305 0.0198
0.0741 0.0359 0.0765 0.2467 0.5554 0.6626 0.2957 0.1077 0.0239 0.0305
0.0563 0.0416 0.2478 0.5949 0.5528 0.2050 0.0946 0.0882 0.0697 0.1301
0.0906 0.2686 0.6171 0.4821 0.1319 0.0287 0.0406 0.1289 0.2674 0.5688
0.2827 0.6275 0.4714 0.1256 0.0448 0.0147 0.0347 0.2155 0.6495 0.7559
0.7306 0.3825 0.0983 0.0241 0.0627 0.0701 0.3401 0.6751 0.7934 0.3163
0.4966 0.1086 0.0983 0.0663 0.1028 0.2088 0.5574 0.7290 0.3538 0.0867
0.0810 0.0203 0.0338 0.0286 0.1909 0.5881 0.7211 0.3824 0.0536 0.0239
0.0754 0.0355 0.0583 0.1485 0.4827 0.7270 0.4030 0.1266 0.0211 0.0237
0.0528 0.0216 0.1355 0.5278 0.6430 0.3000 0.1223 0.0945 0.0520 0.0715
0.0622 0.1795 0.5953 0.6026 0.2342 0.0558 0.0474 0.0863 0.1435 0.4289
0.1950 0.5235 0.5394 0.2090 0.0552 0.0132 0.0289 0.1897 0.5738 0.7507
0.6318 0.5291 0.1866 0.0362 0.0533 0.0423 0.1880 0.5037 0.7789 0.4926
0.6697 0.2170 0.0723 0.0309 0.0747 0.1103 0.4076 0.7440 0.6625 0.1789
0.1533 0.0288 0.0563 0.0339 0.1178 0.4229 0.7693 0.6006 0.1098 0.0342
0.0748 0.0294 0.0411 0.0655 0.3499 0.7354 0.5693 0.1904 0.0244 0.0199
0.0607 0.0264 0.0943 0.3622 0.6065 0.4992 0.2006 0.1005 0.0339 0.0441
0.0525 0.0889 0.4334 0.6377 0.4139 0.1218 0.0645 0.0724 0.0845 0.2449
0.1266 0.3648 0.5988 0.3589 0.0852 0.0182 0.0346 0.1648 0.4084 0.6669
0.3781 0.6990 0.4368 0.0861 0.0418 0.0182 0.0492 0.2340 0.6949 0.7447
0.7609 0.3523 0.0812 0.0208 0.0651 0.0821 0.3986 0.7170 0.7982 0.2726
0.3616 0.0647 0.1049 0.0667 0.1016 0.2834 0.7046 0.7303 0.2222 0.0564
0.0726 0.0223 0.0322 0.0323 0.2359 0.6712 0.6870 0.2931 0.0369 0.0207
0.0729 0.0402 0.0723 0.2010 0.5195 0.7029 0.3304 0.1049 0.0206 0.0279
0.0533 0.0317 0.1999 0.5810 0.5992 0.2379 0.0994 0.0838 0.0580 0.1016
0.0800 0.2461 0.6198 0.5204 0.1526 0.0326 0.0400 0.1132 0.2306 0.5438
0.2516 0.6237 0.5077 0.1457 0.0454 0.0129 0.0294 0.1957 0.6391 0.7762
0.7264 0.4902 0.1341 0.0253 0.0578 0.0572 0.2927 0.5999 0.8122 0.4063
0.6020 0.1635 0.0774 0.0408 0.0822 0.1371 0.4467 0.7454 0.5493 0.1371
0.0879 0.0195 0.0339 0.0190 0.1258 0.4968 0.7783 0.4985 0.0790 0.0280
0.0725 0.0327 0.0490 0.0961 0.4090 0.7326 0.4859 0.1518 0.0221 0.0219
0.0513 0.0180 0.0998 0.4411 0.6407 0.3725 0.1539 0.0987 0.0417 0.0519
0.0506 0.1437 0.5582 0.6480 0.3157 0.0791 0.0469 0.0649 0.1009 0.3592
0.1493 0.4278 0.6086 0.3130 0.0713 0.0166 0.0361 0.1754 0.4553 0.6962
0.4947 0.7187 0.3730 0.0585 0.0427 0.0236 0.0798 0.2832 0.7469 0.7064
0.7541 0.3188 0.0731 0.0209 0.0659 0.0869 0.4020 0.7344 0.7845 0.2482
0.2581 0.0428 0.0828 0.0377 0.0782 0.2989 0.7882 0.7435 0.1931 0.0478
0.0691 0.0242 0.0321 0.0311 0.2382 0.6992 0.6833 0.2654 0.0318 0.0199
0.0687 0.0393 0.0783 0.2215 0.5257 0.6703 0.3011 0.0996 0.0216 0.0308
0.0499 0.0470 0.2775 0.6178 0.5502 0.1940 0.0790 0.0697 0.0604 0.1411
0.0887 0.2699 0.6489 0.5038 0.1273 0.0280 0.0433 0.1313 0.2588 0.5706
0.2869 0.6861 0.5104 0.1225 0.0420 0.0133 0.0313 0.1870 0.6604 0.7883
0.7667 0.4986 0.1213 0.0213 0.0587 0.0623 0.3394 0.6260 0.8321 0.3895
0.5760 0.1472 0.0785 0.0418 0.0812 0.1448 0.4720 0.7500 0.5160 0.1262
0.0716 0.0171 0.0275 0.0137 0.1184 0.5133 0.7892 0.4749 0.0736 0.0267
0.0693 0.0343 0.0527 0.1040 0.4150 0.7234 0.4594 0.1401 0.0217 0.0234
0.0455 0.0155 0.0992 0.4677 0.6577 0.3492 0.1343 0.0853 0.0355 0.0488
0.0533 0.1648 0.5801 0.6308 0.2756 0.0646 0.0425 0.0689 0.1178 0.4044
0.1521 0.4450 0.6334 0.3195 0.0705 0.0180 0.0404 0.1713 0.4330 0.6880
0.5459 0.7432 0.3669 0.0506 0.0430 0.0256 0.0964 0.2913 0.7706 0.7037
0.7602 0.3233 0.0718 0.0201 0.0653 0.0864 0.4036 0.7360 0.7903 0.2500
0.2234 0.0360 0.0700 0.0232 0.0580 0.2745 0.8258 0.7732 0.2097 0.0484
0.0644 0.0235 0.0301 0.0237 0.2038 0.6880 0.7123 0.2815 0.0334 0.0203
0.0664 0.0367 0.0740 0.2041 0.5124 0.6669 0.3134 0.1029 0.0215 0.0298
0.0469 0.0490 0.2870 0.6274 0.5545 0.1930 0.0726 0.0620 0.0560 0.1445
0.0813 0.2483 0.6863 0.5580 0.1368 0.0329 0.0523 0.1287 0.2129 0.5312
0.2877 0.7038 0.5321 0.1246 0.0423 0.0136 0.0320 0.1733 0.6492 0.7912
0.7731 0.5420 0.1334 0.0209 0.0570 0.0586 0.3283 0.5996 0.8404 0.4211
0.6089 0.1673 0.0712 0.0344 0.0740 0.1237 0.4352 0.7560 0.5843 0.1470
0.0686 0.0161 0.0249 0.0097 0.0941 0.4738 0.8119 0.5187 0.0867 0.0285
0.0656 0.0330 0.0498 0.0829 0.3720 0.7137 0.4944 0.1517 0.0229 0.0237
0.0402 0.0128 0.0823 0.4321 0.6639 0.3849 0.1377 0.0746 0.0249 0.0370
0.0498 0.1566 0.5687 0.6408 0.2963 0.0693 0.0405 0.0618 0.1058 0.3883
0.1272 0.3850 0.6960 0.4177 0.0854 0.0245 0.0556 0.1603 0.3200 0.6196
0.5098 0.8058 0.4535 0.0577 0.0399 0.0211 0.0729 0.2209 0.7627 0.7683
0.7935 0.3858 0.0783 0.0177 0.0635 0.0811 0.4179 0.7189 0.8245 0.2842
0.2794 0.0441 0.0756 0.0210 0.0450 0.2133 0.8184 0.8180 0.2818 0.0599
0.0580 0.0196 0.0244 0.0120 0.1344 0.6324 0.7829 0.3622 0.0445 0.0217
0.0646 0.0391 0.0694 0.1638 0.4737 0.6924 0.3501 0.1049 0.0201 0.0283
0.0420 0.0297 0.1982 0.6034 0.6284 0.2501 0.0784 0.0542 0.0354 0.0866
0.0679 0.2108 0.6894 0.6131 0.1677 0.0412 0.0545 0.1088 0.1585 0.4750
0.2168 0.6196 0.6092 0.2006 0.0537 0.0175 0.0385 0.1484 0.4921 0.7306
0.7390 0.6903 0.2190 0.0257 0.0497 0.0425 0.2283 0.4460 0.8352 0.5636
0.7084 0.2495 0.0635 0.0232 0.0654 0.0912 0.3747 0.7511 0.7322 0.2101
0.0873 0.0173 0.0270 0.0064 0.0521 0.3415 0.8499 0.6696 0.1483 0.0373
0.0595 0.0269 0.0365 0.0329 0.2348 0.6857 0.6463 0.2254 0.0293 0.0227
0.0409 0.0152 0.0585 0.2567 0.5860 0.5575 0.2184 0.0742 0.0140 0.0223
0.0407 0.1049 0.4777 0.6729 0.4223 0.1129 0.0432 0.0460 0.0654 0.2746
0.0883 0.2673 0.7536 0.5848 0.1210 0.0368 0.0771 0.1447 0.1879 0.5058
0.3842 0.8106 0.5526 0.0876 0.0401 0.0162 0.0430 0.1461 0.6835 0.8049
0.8155 0.5272 0.1102 0.0170 0.0583 0.0647 0.3755 0.6304 0.8524 0.3826
0.5230 0.1182 0.0676 0.0264 0.0553 0.1222 0.5254 0.7894 0.5277 0.1249
0.0538 0.0144 0.0183 0.0052 0.0748 0.4806 0.8327 0.5095 0.0854 0.0279
0.0597 0.0321 0.0513 0.0774 0.3485 0.6838 0.4908 0.1524 0.0246 0.0262
0.0293 0.0085 0.0692 0.4479 0.7002 0.3825 0.1104 0.0494 0.0132 0.0255
0.0448 0.1462 0.5707 0.6432 0.2783 0.0637 0.0355 0.0541 0.0798 0.3570
0.1174 0.3732 0.7470 0.4756 0.0960 0.0348 0.0769 0.1348 0.2119 0.5384
0.5423 0.8669 0.5123 0.0530 0.0381 0.0205 0.0689 0.1616 0.7565 0.7996
0.8191 0.4288 0.0797 0.0160 0.0604 0.0717 0.3836 0.6801 0.8338 0.3083
0.2704 0.0397 0.0550 0.0080 0.0203 0.1214 0.8161 0.8610 0.3832 0.0781
0.0525 0.0178 0.0199 0.0061 0.0880 0.5791 0.8259 0.4282 0.0571 0.0238
0.0593 0.0338 0.0586 0.1117 0.4074 0.6844 0.4145 0.1228 0.0209 0.0264
0.0322 0.0189 0.1431 0.5912 0.6886 0.3070 0.0710 0.0367 0.0171 0.0505
0.0503 0.1485 0.7006 0.6973 0.2187 0.0617 0.0651 0.0829 0.0764 0.3421
0.1400 0.4685 0.7124 0.3679 0.0860 0.0369 0.0677 0.1000 0.1880 0.5272
0.6407 0.8578 0.4280 0.0398 0.0377 0.0224 0.0775 0.1727 0.7631 0.7596
0.7976 0.3615 0.0663 0.0172 0.0578 0.0644 0.2950 0.6605 0.7881 0.2781
0.1515 0.0223 0.0310 0.0032 0.0144 0.1202 0.8355 0.8329 0.3138 0.0665
0.0514 0.0201 0.0220 0.0072 0.0954 0.5945 0.8053 0.3857 0.0507 0.0244
0.0434 0.0208 0.0435 0.1049 0.4331 0.7013 0.3788 0.0884 0.0099 0.0156
0.0338 0.0355 0.2363 0.6454 0.6267 0.2339 0.0556 0.0357 0.0258 0.0953
0.0569 0.1626 0.7343 0.6896 0.1841 0.0552 0.0767 0.1015 0.0868 0.3593
0.1752 0.5683 0.6819 0.2745 0.0783 0.0358 0.0620 0.0809 0.2051 0.5497
0.6667 0.8577 0.4019 0.0376 0.0355 0.0201 0.0584 0.1411 0.7268 0.7498
0.7802 0.3269 0.0605 0.0183 0.0554 0.0582 0.2367 0.6395 0.7541 0.2667
0.1140 0.0176 0.0187 0.0018 0.0118 0.0944 0.7442 0.7669 0.2794 0.0694
0.0479 0.0200 0.0217 0.0060 0.0825 0.5672 0.8117 0.3961 0.0546 0.0264
0.0291 0.0104 0.0256 0.0672 0.4084 0.7249 0.4065 0.0718 0.0044 0.0078
0.0251 0.0291 0.2150 0.6680 0.6622 0.2566 0.0415 0.0219 0.0127 0.0693
0.0571 0.1590 0.7320 0.6857 0.1794 0.0544 0.0772 0.1024 0.0830 0.3493
0.1476 0.5156 0.7144 0.3326 0.1004 0.0545 0.0796 0.0544 0.0991 0.4184
0.5821 0.8904 0.4815 0.0509 0.0298 0.0119 0.0158 0.0448 0.5216 0.7930
0.8115 0.3628 0.0581 0.0180 0.0467 0.0338 0.0975 0.4334 0.6782 0.3012
0.1563 0.0185 0.0168 0.0013 0.0043 0.0241 0.4147 0.7262 0.2824 0.1027
0.0499 0.0198 0.0152 0.0027 0.0516 0.4810 0.8270 0.4787 0.0860 0.0318
0.0267 0.0092 0.0213 0.0464 0.3590 0.7360 0.4635 0.0780 0.0040 0.0067
0.0187 0.0094 0.0900 0.6095 0.7722 0.4003 0.0477 0.0148 0.0036 0.0187
0.0265 0.0475 0.5116 0.7160 0.3237 0.1105 0.0511 0.0333 0.0086 0.0875
0.0870 0.3110 0.6986 0.4611 0.1474 0.0868 0.0854 0.0349 0.0263 0.2169
0.3065 0.7912 0.5348 0.1299 0.0444 0.0148 0.0036 0.0042 0.0374 0.5273
0.8106 0.5751 0.1052 0.0232 0.0332 0.0129 0.0181 0.1202 0.5350 0.4831
0.4707 0.0674 0.0158 0.0048 0.0056 0.0040 0.0089 0.3014 0.2821 0.2425
0.0595 0.0161 0.0066 0.0010 0.0268 0.1882 0.6154 0.5308 0.2145 0.0603
0.0390 0.0239 0.0367 0.0149 0.1214 0.5131 0.6800 0.2689 0.0469 0.0365
0.0111 0.0019 0.0174 0.0475 0.3390 0.3292 0.3510 0.0880 0.0079 0.0099
0.0055 0.0061 0.1408 0.7840 0.7716 0.4172 0.0165 0.0024 0.0002 0.0060
0.0440 0.0965 0.5805 0.6017 0.2047 0.0850 0.0625 0.0399 0.0127 0.1176
0.1414 0.4922 0.6791 0.3560 0.1267 0.0785 0.0264 0.0045 0.0057 0.1646
0.1672 0.5837 0.6311 0.3256 0.0818 0.0420 0.0039 0.0011 0.0019 0.1742
0.4411 0.8305 0.3512 0.0639 0.0281 0.0070 0.0012 0.0037 0.0621 0.6191
0.8010 0.2998 0.0409 0.0217 0.0323 0.0112 0.0094 0.1465 0.3910 0.3068
0.1258 0.0174 0.0050 0.0006 0.0035 0.0090 0.0564 0.4067 0.2421 0.1500
0.0595 0.0386 0.0102 0.0011 0.0277 0.2473 0.6227 0.4640 0.2198 0.0820
0.0154 0.0035 0.0096 0.0117 0.2035 0.7007 0.6378 0.1033 0.0026 0.0035
0.0105 0.0054 0.0628 0.6530 0.8357 0.4851 0.0275 0.0057 0.0008 0.0083
0.0342 0.0702 0.5833 0.7017 0.2635 0.0836 0.0568 0.0500 0.0188 0.1454
0.1190 0.4351 0.7202 0.3856 0.1391 0.0929 0.0997 0.0288 0.0313 0.2446
0.3849 0.8441 0.4787 0.0895 0.0325 0.0091 0.0022 0.0048 0.0711 0.6469
0.8294 0.4999 0.0803 0.0202 0.0367 0.0164 0.0282 0.1766 0.5734 0.4124
0.5272 0.1115 0.0464 0.0164 0.0319 0.0536 0.2507 0.6931 0.4970 0.1572
0.0591 0.0177 0.0144 0.0035 0.0629 0.4389 0.7959 0.5067 0.1077 0.0335
0.0580 0.0312 0.0502 0.0695 0.3278 0.6723 0.5053 0.1595 0.0258 0.0267
0.0255 0.0070 0.0606 0.4182 0.6995 0.3895 0.1102 0.0428 0.0098 0.0207
0.0441 0.1461 0.5987 0.6636 0.2762 0.0652 0.0390 0.0566 0.0782 0.3572
0.1351 0.4249 0.7145 0.4021 0.0836 0.0296 0.0649 0.1398 0.2648 0.5846
0.6275 0.8214 0.3963 0.0400 0.0411 0.0266 0.1111 0.2518 0.7982 0.7332
0.7857 0.3527 0.0706 0.0179 0.0628 0.0803 0.3914 0.7214 0.8073 0.2654
0.1916 0.0313 0.0558 0.0154 0.0489 0.2583 0.8281 0.7676 0.2134 0.0490
0.0659 0.0268 0.0327 0.0292 0.2296 0.7050 0.6731 0.2457 0.0298 0.0206
0.0613 0.0369 0.0771 0.2207 0.5241 0.6682 0.2829 0.0859 0.0172 0.0282
0.0440 0.0655 0.3574 0.6483 0.5094 0.1614 0.0601 0.0528 0.0558 0.1812
0.0785 0.2362 0.7338 0.6055 0.1380 0.0382 0.0690 0.1335 0.1752 0.4907
0.3190 0.7436 0.5309 0.1080 0.0413 0.0147 0.0349 0.1613 0.6517 0.7908
0.8032 0.5228 0.1136 0.0180 0.0583 0.0640 0.3673 0.6313 0.8497 0.3876
0.5593 0.1375 0.0774 0.0386 0.0754 0.1433 0.4925 0.7560 0.5050 0.1224
0.0667 0.0175 0.0247 0.0121 0.1213 0.5366 0.7795 0.4419 0.0678 0.0259
0.0679 0.0384 0.0602 0.1267 0.4407 0.7208 0.4114 0.1204 0.0203 0.0253
0.0395 0.0148 0.1051 0.5101 0.6777 0.3397 0.1084 0.0629 0.0249 0.0442
0.0577 0.1870 0.5963 0.6016 0.2296 0.0500 0.0385 0.0751 0.1382 0.4480
0.1409 0.4330 0.6984 0.3820 0.0791 0.0249 0.0572 0.1540 0.3262 0.6282
0.5866 0.8036 0.4019 0.0452 0.0413 0.0252 0.1009 0.2573 0.7896 0.7361
0.7833 0.3536 0.0719 0.0181 0.0635 0.0822 0.4043 0.7282 0.8108 0.2661
0.2144 0.0344 0.0632 0.0180 0.0495 0.2525 0.8291 0.7823 0.2244 0.0506
0.0647 0.0251 0.0307 0.0244 0.2076 0.6937 0.7000 0.2684 0.0322 0.0206
0.0636 0.0391 0.0776 0.2147 0.5189 0.6766 0.2932 0.0893 0.0181 0.0289
0.0440 0.0561 0.3212 0.6405 0.5362 0.1783 0.0641 0.0533 0.0513 0.1571
0.0762 0.2296 0.7259 0.6081 0.1434 0.0386 0.0661 0.1289 0.1718 0.4870
0.2811 0.7139 0.5608 0.1323 0.0447 0.0153 0.0347 0.1500 0.5967 0.7757
0.7897 0.5864 0.1424 0.0198 0.0553 0.0557 0.3203 0.5696 0.8482 0.4470
0.6343 0.1847 0.0674 0.0299 0.0695 0.1112 0.4134 0.7566 0.6290 0.1632
0.0688 0.0161 0.0237 0.0086 0.0871 0.4566 0.8123 0.5304 0.0935 0.0297
0.0640 0.0334 0.0498 0.0777 0.3574 0.7093 0.5007 0.1525 0.0231 0.0242
0.0333 0.0114 0.0759 0.4441 0.6882 0.4209 0.1179 0.0522 0.0142 0.0278
0.0441 0.1343 0.5377 0.6397 0.3086 0.0724 0.0362 0.0501 0.0731 0.3283
0.1066 0.3299 0.7528 0.5190 0.1037 0.0352 0.0791 0.1426 0.2061 0.5272
0.4828 0.8513 0.5256 0.0627 0.0384 0.0188 0.0574 0.1552 0.7322 0.8033
0.8248 0.4531 0.0845 0.0158 0.0599 0.0699 0.3835 0.6666 0.8393 0.3227
0.3419 0.0564 0.0726 0.0200 0.0403 0.1617 0.7470 0.8162 0.3470 0.0760
0.0571 0.0186 0.0219 0.0090 0.1122 0.5982 0.7980 0.3983 0.0527 0.0231
0.0634 0.0378 0.0641 0.1325 0.4357 0.6945 0.3898 0.1157 0.0209 0.0276
0.0359 0.0204 0.1498 0.5862 0.6735 0.2950 0.0777 0.0445 0.0221 0.0572
0.0586 0.1809 0.6798 0.6459 0.1962 0.0493 0.0546 0.0917 0.1178 0.4193
0.1623 0.5131 0.6845 0.3144 0.0722 0.0268 0.0558 0.1273 0.3034 0.6220
0.6744 0.8071 0.3498 0.0343 0.0423 0.0294 0.1307 0.2779 0.8076 0.7001
0.7703 0.3242 0.0660 0.0186 0.0619 0.0786 0.3637 0.7231 0.7898 0.2535
0.1282 0.0212 0.0333 0.0050 0.0274 0.2143 0.8668 0.7939 0.2427 0.0509
0.0558 0.0238 0.0290 0.0162 0.1573 0.6549 0.7342 0.2929 0.0364 0.0228
0.0449 0.0224 0.0534 0.1748 0.5217 0.6903 0.2872 0.0691 0.0091 0.0169
0.0376 0.0622 0.3504 0.6623 0.5297 0.1670 0.0501 0.0404 0.0414 0.1661
0.0720 0.2141 0.7566 0.6475 0.1469 0.0440 0.0801 0.1294 0.1391 0.4461
0.2615 0.7152 0.6248 0.1596 0.0545 0.0221 0.0462 0.1044 0.4375 0.7109
0.7863 0.6820 0.1847 0.0215 0.0487 0.0415 0.2165 0.4259 0.8290 0.5318
0.6883 0.2276 0.0585 0.0221 0.0602 0.0840 0.3447 0.7515 0.7163 0.2059
0.0650 0.0144 0.0181 0.0038 0.0488 0.3464 0.8390 0.6240 0.1430 0.0369
0.0542 0.0273 0.0388 0.0322 0.2216 0.6554 0.6302 0.2178 0.0309 0.0255
0.0265 0.0070 0.0396 0.2462 0.6251 0.5346 0.1849 0.0528 0.0069 0.0129
0.0281 0.0770 0.4193 0.6798 0.4496 0.1212 0.0287 0.0249 0.0246 0.1803
0.0834 0.2505 0.7670 0.6064 0.1269 0.0428 0.0876 0.1294 0.1385 0.4464
0.3472 0.8081 0.5996 0.1033 0.0509 0.0235 0.0490 0.0801 0.4669 0.7238
0.8165 0.6029 0.1295 0.0187 0.0486 0.0398 0.1861 0.4283 0.8028 0.4566
0.6147 0.1660 0.0523 0.0185 0.0453 0.0729 0.3377 0.7579 0.6505 0.1830
0.0545 0.0139 0.0143 0.0030 0.0519 0.3820 0.8289 0.5720 0.1285 0.0351
0.0528 0.0301 0.0468 0.0482 0.2657 0.6497 0.5546 0.1783 0.0282 0.0280
0.0206 0.0047 0.0400 0.3121 0.6767 0.4469 0.1339 0.0407 0.0060 0.0127
0.0238 0.0564 0.3728 0.6672 0.4340 0.1192 0.0248 0.0198 0.0124 0.1195
0.0786 0.2371 0.7443 0.5857 0.1342 0.0513 0.0857 0.0959 0.0841 0.3591
0.3432 0.8116 0.5997 0.1042 0.0565 0.0279 0.0426 0.0442 0.2971 0.6506
0.8139 0.5967 0.1197 0.0206 0.0407 0.0238 0.0672 0.2536 0.6970 0.4732
0.6021 0.1511 0.0427 0.0147 0.0331 0.0463 0.2102 0.7028 0.6137 0.1979
0.0561 0.0149 0.0111 0.0019 0.0412 0.3211 0.7983 0.5831 0.1643 0.0422
0.0492 0.0289 0.0453 0.0391 0.2317 0.6238 0.5777 0.1913 0.0309 0.0297
0.0173 0.0037 0.0320 0.2228 0.6201 0.4352 0.1629 0.0437 0.0054 0.0108
