0.0722 0.1418 0.2933 0.6332 0.6225 0.2204 0.0892 0.0579 0.1004 0.1863
0.1340 0.4402 0.6314 0.5948 0.2452 0.0760 0.0641 0.1061 0.2987 0.6413
0.3562 0.6671 0.5198 0.1916 0.0816 0.0573 0.0861 0.2133 0.6370 0.7069
0.6524 0.5331 0.1820 0.0476 0.0341 0.0574 0.1912 0.5296 0.7064 0.3761
0.5632 0.2686 0.1245 0.0595 0.0536 0.1737 0.5064 0.6521 0.3743 0.1186
0.1780 0.0939 0.1437 0.2298 0.4112 0.7007 0.6254 0.1732 0.0808 0.0731
0.0646 0.0566 0.1120 0.2323 0.5693 0.6664 0.3489 0.0715 0.0492 0.0653
0.0627 0.1061 0.2293 0.5874 0.6705 0.2881 0.1042 0.0519 0.0784 0.1311
0.1168 0.3799 0.6007 0.6314 0.2868 0.0812 0.0608 0.0958 0.2553 0.6012
0.2777 0.6381 0.5853 0.2798 0.1096 0.0626 0.0809 0.1744 0.5537 0.7067
0.6227 0.6268 0.2512 0.0503 0.0305 0.0465 0.1361 0.4526 0.7628 0.5503
0.6610 0.3269 0.1061 0.0406 0.0351 0.1034 0.4102 0.7017 0.5149 0.1424
0.2108 0.1015 0.1530 0.2381 0.3542 0.6605 0.6505 0.2210 0.0899 0.0796
0.0743 0.0587 0.1025 0.1616 0.5042 0.7254 0.4510 0.0885 0.0511 0.0582
0.0535 0.0736 0.1658 0.4939 0.6926 0.3989 0.1361 0.0485 0.0585 0.0901
0.1006 0.3025 0.5180 0.6459 0.3774 0.1035 0.0633 0.0825 0.2041 0.4920
0.2004 0.5869 0.6464 0.4092 0.1558 0.0710 0.0775 0.1374 0.4398 0.6860
0.5555 0.6817 0.3428 0.0688 0.0357 0.0433 0.1002 0.3520 0.7723 0.6756
0.7052 0.3762 0.1023 0.0345 0.0291 0.0750 0.3402 0.7078 0.6035 0.1697
0.2821 0.1273 0.1590 0.1668 0.1969 0.5441 0.6864 0.3843 0.1188 0.0858
0.0969 0.0684 0.1030 0.1308 0.4461 0.7521 0.5496 0.1147 0.0589 0.0550
0.0490 0.0562 0.1327 0.3906 0.6646 0.5085 0.1861 0.0513 0.0477 0.0772
0.0842 0.2097 0.3963 0.6411 0.5035 0.1486 0.0720 0.0684 0.1449 0.3193
0.1348 0.5007 0.6977 0.5249 0.1784 0.0671 0.0635 0.1063 0.3277 0.6798
0.4845 0.7010 0.4249 0.0946 0.0429 0.0440 0.0885 0.2969 0.7490 0.7249
0.7219 0.4357 0.1111 0.0316 0.0251 0.0580 0.2627 0.6748 0.6835 0.2438
0.4177 0.1786 0.1419 0.0851 0.0797 0.3400 0.6565 0.5944 0.2074 0.1001
0.1306 0.0767 0.1082 0.1220 0.3617 0.7427 0.6435 0.1700 0.0676 0.0570
0.0476 0.0465 0.1073 0.2667 0.6093 0.6217 0.2656 0.0585 0.0415 0.0661
0.0662 0.1369 0.2796 0.6051 0.6260 0.2239 0.0843 0.0540 0.0976 0.1789
0.1130 0.4312 0.6831 0.5864 0.2060 0.0669 0.0573 0.0966 0.2750 0.6600
0.3690 0.6845 0.5243 0.1698 0.0691 0.0520 0.0815 0.2207 0.6649 0.7332
0.6908 0.5541 0.1687 0.0355 0.0242 0.0468 0.1774 0.5719 0.7546 0.4229
0.6040 0.2621 0.1075 0.0431 0.0366 0.1502 0.5021 0.7031 0.4145 0.1329
0.1753 0.0873 0.1286 0.1705 0.3347 0.7018 0.6745 0.2144 0.0788 0.0687
0.0554 0.0475 0.0966 0.1757 0.5326 0.7024 0.3769 0.0745 0.0426 0.0592
0.0542 0.0870 0.1901 0.5369 0.6950 0.3338 0.1094 0.0469 0.0665 0.1036
0.1064 0.3655 0.6020 0.6258 0.2853 0.0805 0.0574 0.0900 0.2423 0.5976
0.2199 0.6198 0.6500 0.3378 0.1232 0.0653 0.0768 0.1443 0.4851 0.7028
0.6336 0.6707 0.2718 0.0437 0.0238 0.0376 0.1122 0.4486 0.8055 0.6468
0.7198 0.3480 0.0899 0.0283 0.0234 0.0751 0.3664 0.7451 0.6007 0.1655
0.2306 0.1038 0.1487 0.1938 0.2673 0.6247 0.6893 0.2946 0.0960 0.0807
0.0749 0.0562 0.0907 0.1086 0.4323 0.7541 0.5228 0.1082 0.0498 0.0519
0.0453 0.0564 0.1343 0.4122 0.6844 0.4761 0.1592 0.0471 0.0474 0.0764
0.0878 0.2630 0.4721 0.6265 0.4138 0.1160 0.0621 0.0734 0.1787 0.4328
0.1354 0.5239 0.7223 0.4675 0.1454 0.0641 0.0655 0.1073 0.3374 0.6787
0.5426 0.7143 0.3830 0.0685 0.0310 0.0364 0.0816 0.3319 0.7975 0.7531
0.7417 0.4156 0.0975 0.0271 0.0217 0.0566 0.2834 0.7158 0.6838 0.2214
0.3835 0.1492 0.1357 0.0831 0.0780 0.3913 0.6983 0.5930 0.1759 0.1003
0.1119 0.0704 0.0945 0.0913 0.3487 0.7562 0.6402 0.1627 0.0631 0.0509
0.0433 0.0426 0.1038 0.2706 0.6138 0.6148 0.2517 0.0568 0.0386 0.0655
0.0665 0.1551 0.3077 0.5969 0.5900 0.1987 0.0760 0.0548 0.1093 0.2155
0.0978 0.4212 0.7294 0.5592 0.1642 0.0599 0.0543 0.0900 0.2508 0.6579
0.3997 0.6966 0.5059 0.1386 0.0542 0.0447 0.0750 0.2353 0.7052 0.7594
0.7119 0.5580 0.1577 0.0306 0.0208 0.0433 0.1764 0.5984 0.7728 0.4318
0.6234 0.2402 0.0937 0.0335 0.0269 0.1433 0.5111 0.7363 0.4287 0.1476
0.1677 0.0827 0.1135 0.1262 0.2848 0.6992 0.7020 0.2433 0.0782 0.0631
0.0496 0.0423 0.0890 0.1514 0.5083 0.7134 0.3862 0.0773 0.0387 0.0566
0.0502 0.0839 0.1832 0.5162 0.6976 0.3398 0.1056 0.0444 0.0643 0.1009
0.0888 0.3366 0.6427 0.6141 0.2395 0.0707 0.0515 0.0819 0.2125 0.5959
0.2068 0.6146 0.6736 0.3111 0.1026 0.0602 0.0740 0.1412 0.4728 0.7029
0.6412 0.7031 0.2868 0.0408 0.0211 0.0326 0.0933 0.4269 0.8354 0.7161
0.7434 0.3553 0.0830 0.0243 0.0197 0.0653 0.3462 0.7610 0.6366 0.1776
0.2470 0.1039 0.1384 0.1521 0.1966 0.5814 0.7182 0.3726 0.1036 0.0818
0.0736 0.0557 0.0844 0.0876 0.4035 0.7628 0.5464 0.1150 0.0501 0.0489
0.0419 0.0492 0.1227 0.3758 0.6707 0.5115 0.1737 0.0480 0.0426 0.0733
0.0826 0.2408 0.4432 0.6105 0.4280 0.1221 0.0615 0.0698 0.1665 0.3982
0.1066 0.4822 0.7616 0.4791 0.1283 0.0587 0.0593 0.0933 0.2829 0.6672
0.5348 0.7252 0.4003 0.0694 0.0299 0.0346 0.0758 0.3213 0.8035 0.7763
0.7480 0.4445 0.1013 0.0265 0.0208 0.0509 0.2450 0.6908 0.7205 0.2674
0.4606 0.1593 0.1126 0.0534 0.0450 0.2956 0.6669 0.6770 0.2361 0.1189
0.1196 0.0705 0.0857 0.0676 0.2782 0.7439 0.6908 0.2094 0.0667 0.0478
0.0409 0.0379 0.0912 0.2043 0.5703 0.6643 0.2972 0.0629 0.0351 0.0595
0.0572 0.1236 0.2502 0.5571 0.6417 0.2441 0.0813 0.0479 0.0894 0.1583
0.0739 0.3361 0.7402 0.5852 0.1587 0.0568 0.0487 0.0762 0.1862 0.6066
0.3084 0.6671 0.5892 0.1811 0.0612 0.0468 0.0710 0.1907 0.6209 0.7472
0.6950 0.6577 0.2133 0.0322 0.0193 0.0342 0.1137 0.4983 0.8340 0.6297
0.7172 0.2945 0.0783 0.0233 0.0180 0.0818 0.4040 0.7745 0.5745 0.1743
0.1976 0.0860 0.1120 0.1287 0.2259 0.6287 0.7255 0.3150 0.0908 0.0702
0.0554 0.0448 0.0802 0.0958 0.4278 0.7486 0.4787 0.0990 0.0411 0.0499
0.0421 0.0584 0.1390 0.4299 0.6971 0.4403 0.1348 0.0434 0.0483 0.0784
0.0837 0.2831 0.5508 0.6069 0.3107 0.0884 0.0540 0.0755 0.1876 0.5060
0.1140 0.5130 0.7709 0.4152 0.1069 0.0574 0.0619 0.0956 0.3059 0.6663
0.5967 0.7357 0.3516 0.0495 0.0222 0.0299 0.0744 0.3658 0.8390 0.7865
0.7655 0.4006 0.0826 0.0240 0.0199 0.0523 0.2656 0.7202 0.7086 0.2273
0.3771 0.1349 0.1217 0.0715 0.0649 0.3756 0.7141 0.6252 0.1744 0.1020
0.0966 0.0622 0.0725 0.0523 0.2806 0.7500 0.6669 0.1864 0.0616 0.0436
0.0381 0.0363 0.0931 0.2362 0.5937 0.6347 0.2623 0.0590 0.0339 0.0613
0.0624 0.1518 0.2942 0.5614 0.5847 0.1998 0.0720 0.0520 0.1087 0.2103
0.0734 0.3602 0.7692 0.5589 0.1377 0.0547 0.0499 0.0760 0.1912 0.6167
0.3840 0.6948 0.5285 0.1284 0.0456 0.0402 0.0689 0.2277 0.7019 0.7719
0.7158 0.6102 0.1729 0.0311 0.0207 0.0373 0.1288 0.5260 0.8203 0.5516
0.6857 0.2483 0.0766 0.0234 0.0174 0.1013 0.4549 0.7779 0.5147 0.1750
0.1764 0.0775 0.0848 0.0727 0.1720 0.6173 0.7573 0.3607 0.0910 0.0586
0.0470 0.0382 0.0740 0.0840 0.4019 0.7448 0.4714 0.1041 0.0357 0.0472
0.0399 0.0606 0.1379 0.4185 0.7075 0.4290 0.1228 0.0403 0.0492 0.0758
0.0730 0.2566 0.5863 0.6017 0.2698 0.0801 0.0511 0.0708 0.1627 0.4886
0.1179 0.5265 0.7736 0.3856 0.0981 0.0569 0.0634 0.0974 0.3166 0.6646
0.6188 0.7398 0.3332 0.0443 0.0204 0.0286 0.0730 0.3760 0.8502 0.7901
0.7669 0.3870 0.0785 0.0243 0.0206 0.0536 0.2660 0.7163 0.7039 0.2201
0.3587 0.1271 0.1112 0.0676 0.0631 0.3585 0.7230 0.6332 0.1724 0.0968
0.0849 0.0565 0.0583 0.0316 0.2295 0.7473 0.6896 0.2107 0.0596 0.0370
0.0347 0.0326 0.0853 0.2035 0.5717 0.6489 0.2733 0.0619 0.0309 0.0567
0.0583 0.1450 0.2758 0.5283 0.5908 0.2080 0.0703 0.0489 0.1051 0.1948
0.0683 0.3285 0.7671 0.5690 0.1409 0.0561 0.0507 0.0725 0.1693 0.5790
0.3401 0.6782 0.5696 0.1334 0.0426 0.0387 0.0647 0.2045 0.6640 0.7669
0.7101 0.6414 0.1864 0.0345 0.0234 0.0355 0.1011 0.4520 0.8426 0.6276
0.7165 0.2526 0.0685 0.0200 0.0142 0.0819 0.4133 0.7923 0.5633 0.1929
0.1818 0.0763 0.0714 0.0602 0.1421 0.5498 0.7640 0.4064 0.1039 0.0575
0.0471 0.0376 0.0682 0.0665 0.3575 0.7445 0.5027 0.1186 0.0363 0.0452
0.0368 0.0500 0.1202 0.3761 0.6976 0.4761 0.1404 0.0417 0.0424 0.0674
0.0620 0.1835 0.5273 0.6082 0.3093 0.0921 0.0532 0.0619 0.1184 0.3646
0.0977 0.4848 0.7942 0.4105 0.0975 0.0566 0.0614 0.0871 0.2659 0.6366
0.6019 0.7492 0.3510 0.0467 0.0200 0.0263 0.0623 0.3383 0.8446 0.8135
0.7552 0.4112 0.0836 0.0328 0.0307 0.0540 0.1942 0.5915 0.7340 0.2748
0.4675 0.1399 0.0836 0.0419 0.0325 0.2104 0.6306 0.7161 0.2712 0.1291
0.0956 0.0560 0.0446 0.0210 0.1655 0.6960 0.7394 0.2783 0.0726 0.0346
0.0347 0.0299 0.0762 0.1423 0.4937 0.6905 0.3418 0.0784 0.0288 0.0521
0.0487 0.1064 0.2058 0.4842 0.6665 0.2769 0.0796 0.0415 0.0796 0.1247
0.0611 0.2437 0.7168 0.6198 0.1806 0.0634 0.0518 0.0670 0.1280 0.4799
0.2179 0.6218 0.6839 0.1987 0.0539 0.0447 0.0644 0.1464 0.5112 0.7203
0.6797 0.7151 0.2476 0.0397 0.0237 0.0304 0.0699 0.3599 0.8679 0.7593
0.7595 0.3179 0.0677 0.0215 0.0171 0.0600 0.3139 0.7572 0.6568 0.2006
0.2397 0.0970 0.0722 0.0641 0.1012 0.3637 0.7449 0.5278 0.1500 0.0643
0.0563 0.0416 0.0513 0.0299 0.2395 0.7368 0.6200 0.1785 0.0457 0.0366
0.0319 0.0339 0.0908 0.2508 0.6188 0.5906 0.2126 0.0530 0.0314 0.0572
0.0594 0.1200 0.3142 0.5786 0.5092 0.1597 0.0654 0.0529 0.0907 0.1885
0.0764 0.3598 0.7736 0.5179 0.1292 0.0603 0.0590 0.0761 0.1821 0.5511
0.4616 0.7247 0.4688 0.0703 0.0236 0.0277 0.0562 0.2491 0.7490 0.8000
0.7191 0.5762 0.1432 0.0440 0.0377 0.0433 0.0955 0.3809 0.8274 0.5561
0.6665 0.1752 0.0594 0.0200 0.0119 0.0922 0.4498 0.8036 0.4845 0.2120
0.1375 0.0580 0.0313 0.0179 0.0911 0.4816 0.7860 0.4476 0.1185 0.0397
0.0400 0.0314 0.0622 0.0579 0.3199 0.7311 0.5004 0.1337 0.0312 0.0428
0.0344 0.0508 0.1168 0.3568 0.7047 0.4676 0.1293 0.0390 0.0426 0.0639
0.0503 0.1116 0.4979 0.6547 0.3410 0.1030 0.0595 0.0543 0.0703 0.2251
0.1013 0.4946 0.7940 0.3826 0.0919 0.0574 0.0639 0.0879 0.2729 0.6254
0.5778 0.7642 0.3584 0.0495 0.0210 0.0249 0.0497 0.2535 0.7982 0.8116
0.7463 0.4171 0.0835 0.0428 0.0447 0.0564 0.1478 0.4719 0.7524 0.3172
0.5316 0.1406 0.0552 0.0307 0.0201 0.0905 0.4861 0.7624 0.3938 0.1571
0.0846 0.0444 0.0205 0.0077 0.0978 0.5862 0.7726 0.3540 0.0933 0.0273
0.0338 0.0268 0.0664 0.0886 0.3823 0.7098 0.4225 0.1138 0.0261 0.0458
0.0401 0.0775 0.1502 0.4161 0.7127 0.3508 0.0885 0.0358 0.0613 0.0821
0.0557 0.1131 0.5535 0.7076 0.3189 0.0965 0.0675 0.0603 0.0666 0.2214
0.1411 0.5565 0.7607 0.2619 0.0627 0.0496 0.0638 0.1072 0.3659 0.6603
0.6059 0.7786 0.3126 0.0481 0.0241 0.0252 0.0416 0.1950 0.7785 0.8005
0.7503 0.3486 0.0666 0.0447 0.0500 0.0628 0.1631 0.4827 0.7162 0.2522
0.3942 0.1246 0.0370 0.0371 0.0343 0.0586 0.4951 0.7123 0.3887 0.0974
0.0644 0.0352 0.0148 0.0055 0.0911 0.5552 0.7473 0.3314 0.0884 0.0252
0.0312 0.0248 0.0671 0.1029 0.3996 0.6877 0.3882 0.1100 0.0244 0.0465
0.0451 0.0678 0.1324 0.4591 0.7383 0.3293 0.0856 0.0370 0.0587 0.0646
0.0616 0.1187 0.5611 0.7117 0.3157 0.0985 0.0741 0.0640 0.0690 0.2139
0.1435 0.5511 0.7440 0.2290 0.0534 0.0462 0.0608 0.0981 0.3180 0.6212
0.5894 0.8080 0.3070 0.0429 0.0209 0.0226 0.0344 0.1367 0.6485 0.7645
0.7435 0.3261 0.0620 0.0534 0.0636 0.0657 0.1408 0.4151 0.7126 0.2570
0.3289 0.0891 0.0158 0.0290 0.0282 0.0197 0.4060 0.7281 0.4746 0.0883
0.0533 0.0243 0.0062 0.0026 0.0577 0.3804 0.7437 0.3808 0.1163 0.0233
0.0310 0.0234 0.0636 0.0875 0.3539 0.6878 0.4209 0.1324 0.0231 0.0437
0.0435 0.0470 0.0949 0.4581 0.7861 0.3741 0.0935 0.0348 0.0457 0.0388
0.0627 0.0967 0.5098 0.7323 0.3640 0.1122 0.0825 0.0637 0.0587 0.1619
0.1376 0.5410 0.7330 0.2219 0.0510 0.0453 0.0590 0.0860 0.2498 0.5688
0.4716 0.8324 0.3835 0.0427 0.0154 0.0182 0.0251 0.0706 0.3473 0.7072
0.7454 0.4005 0.0751 0.0548 0.0649 0.0593 0.1133 0.3657 0.7655 0.3421
0.4575 0.0661 0.0093 0.0186 0.0086 0.0057 0.2020 0.8206 0.6279 0.1891
0.0580 0.0219 0.0026 0.0011 0.0360 0.2441 0.7772 0.4593 0.1829 0.0190
0.0333 0.0229 0.0533 0.0538 0.2664 0.6999 0.5104 0.1831 0.0242 0.0403
0.0353 0.0343 0.0707 0.3831 0.8062 0.4905 0.1218 0.0336 0.0339 0.0283
0.0524 0.0581 0.3989 0.7545 0.4676 0.1396 0.0855 0.0553 0.0392 0.0952
0.1083 0.4116 0.7220 0.3719 0.1118 0.0714 0.0772 0.0796 0.1952 0.4402
0.2015 0.7324 0.6058 0.0622 0.0118 0.0163 0.0193 0.0284 0.0899 0.5515
0.6157 0.8365 0.2686 0.0363 0.0195 0.0220 0.0330 0.1130 0.5402 0.7150
0.6622 0.1733 0.0499 0.0799 0.0624 0.0618 0.1181 0.3971 0.5897 0.2907
0.1428 0.0491 0.0041 0.0134 0.0409 0.0107 0.4263 0.6378 0.4708 0.0369
0.0289 0.0096 0.0017 0.0014 0.0302 0.1347 0.6550 0.4274 0.1393 0.0267
0.0293 0.0202 0.0604 0.0737 0.2812 0.6627 0.4532 0.1792 0.0202 0.0405
0.0271 0.0252 0.1159 0.3695 0.6200 0.2708 0.0691 0.0270 0.0259 0.0254
0.0764 0.0919 0.4584 0.7232 0.4084 0.1392 0.1084 0.0685 0.0569 0.1112
0.0925 0.4728 0.6213 0.2335 0.0621 0.0483 0.0399 0.0172 0.0182 0.1780
0.1620 0.5105 0.4726 0.1246 0.0341 0.0312 0.0289 0.0212 0.0323 0.2288
0.1833 0.5648 0.4773 0.0991 0.0261 0.0267 0.0267 0.0234 0.0425 0.2822
0.4812 0.8589 0.3733 0.0344 0.0122 0.0160 0.0223 0.0585 0.2732 0.6879
0.7440 0.3560 0.0657 0.0607 0.0692 0.0572 0.1060 0.3623 0.7517 0.3310
0.4167 0.1909 0.1313 0.1826 0.1948 0.2626 0.3799 0.3264 0.2701 0.1298
0.1856 0.1659 0.2267 0.4232 0.5012 0.4884 0.3919 0.1233 0.1334 0.1404
0.1096 0.0957 0.2398 0.7050 0.6319 0.3421 0.1970 0.0923 0.0789 0.1556
0.1334 0.2656 0.4412 0.6555 0.3893 0.1083 0.0767 0.1014 0.2059 0.4160
0.2561 0.5959 0.5666 0.3482 0.1800 0.0965 0.1144 0.1643 0.4582 0.5678
0.5051 0.4884 0.2478 0.1282 0.1069 0.1054 0.2119 0.3502 0.5423 0.2849
0.4049 0.3059 0.2033 0.2508 0.2920 0.2556 0.3623 0.2836 0.2887 0.1035
0.2322 0.2039 0.2389 0.4808 0.5814 0.4579 0.3681 0.1230 0.1478 0.0951
0.1578 0.1804 0.2769 0.6000 0.6119 0.3416 0.2235 0.0945 0.1275 0.1318
0.1365 0.2344 0.3977 0.6952 0.5335 0.1782 0.1171 0.0915 0.1608 0.2626
0.1863 0.4385 0.5338 0.5477 0.3002 0.1079 0.0965 0.1215 0.3155 0.4983
0.3413 0.5603 0.4380 0.2594 0.1597 0.0990 0.1321 0.2003 0.5028 0.4780
0.4699 0.4273 0.2335 0.1732 0.1631 0.1388 0.2408 0.3131 0.4573 0.2099
0.3481 0.2870 0.2245 0.3357 0.4012 0.3102 0.3630 0.2181 0.2391 0.0945
0.2231 0.2018 0.2402 0.4906 0.5911 0.4484 0.3518 0.1184 0.1451 0.0947
0.1539 0.1860 0.2863 0.6132 0.6142 0.3186 0.2048 0.0920 0.1302 0.1371
0.1408 0.2570 0.4182 0.6855 0.5114 0.1693 0.1146 0.0935 0.1743 0.2854
0.1993 0.4472 0.5212 0.5219 0.2922 0.1105 0.1022 0.1271 0.3278 0.4841
0.3482 0.5502 0.4217 0.2575 0.1664 0.1039 0.1384 0.2020 0.4966 0.4514
0.4590 0.4066 0.2288 0.1870 0.1833 0.1541 0.2617 0.3119 0.4239 0.1815
0.3317 0.2719 0.2248 0.3552 0.4291 0.3353 0.3731 0.2051 0.2207 0.0908
0.2144 0.1937 0.2360 0.4879 0.5952 0.4566 0.3510 0.1153 0.1393 0.0934
0.1469 0.1792 0.2834 0.6169 0.6185 0.3156 0.1975 0.0894 0.1259 0.1369
0.1398 0.2590 0.4210 0.6839 0.5073 0.1667 0.1127 0.0934 0.1756 0.2900
0.1983 0.4582 0.5323 0.5190 0.2837 0.1071 0.0993 0.1265 0.3355 0.5033
0.3558 0.5554 0.4186 0.2460 0.1580 0.1015 0.1387 0.2081 0.5067 0.4561
0.4807 0.3985 0.2119 0.1657 0.1625 0.1483 0.2731 0.3446 0.4326 0.1733
0.3263 0.2623 0.2221 0.3545 0.4323 0.3508 0.3876 0.2058 0.2111 0.0877
0.2062 0.1780 0.2247 0.4709 0.5919 0.4846 0.3688 0.1148 0.1297 0.0904
0.1360 0.1632 0.2705 0.6116 0.6252 0.3264 0.1953 0.0858 0.1163 0.1321
0.1324 0.2563 0.4282 0.6894 0.5049 0.1613 0.1062 0.0907 0.1727 0.3029
0.1974 0.4637 0.5394 0.5150 0.2711 0.1019 0.0956 0.1280 0.3422 0.5228
0.3698 0.5679 0.4153 0.2244 0.1404 0.0946 0.1352 0.2184 0.5306 0.4764
0.4971 0.3986 0.2031 0.1500 0.1464 0.1427 0.2799 0.3696 0.4435 0.1713
0.3241 0.2536 0.2182 0.3494 0.4283 0.3621 0.3993 0.2083 0.2052 0.0868
0.1998 0.1725 0.2235 0.4693 0.5906 0.4900 0.3680 0.1129 0.1262 0.0921
0.1316 0.1604 0.2734 0.6214 0.6254 0.3177 0.1872 0.0846 0.1144 0.1364
0.1330 0.2573 0.4299 0.6890 0.4973 0.1569 0.1043 0.0918 0.1748 0.3095
0.2010 0.4789 0.5467 0.5013 0.2596 0.0996 0.0948 0.1296 0.3551 0.5373
0.3799 0.5700 0.4070 0.2136 0.1361 0.0949 0.1390 0.2255 0.5372 0.4689
0.5046 0.3900 0.1946 0.1447 0.1426 0.1433 0.2877 0.3822 0.4414 0.1640
0.3171 0.2441 0.2165 0.3498 0.4315 0.3784 0.4133 0.2081 0.1955 0.0847
0.1917 0.1636 0.2180 0.4607 0.5890 0.5020 0.3713 0.1110 0.1206 0.0917
0.1261 0.1548 0.2694 0.6213 0.6294 0.3178 0.1825 0.0824 0.1109 0.1351
0.1293 0.2630 0.4441 0.6916 0.4842 0.1483 0.0981 0.0910 0.1782 0.3335
0.2002 0.4940 0.5618 0.4945 0.2436 0.0936 0.0903 0.1304 0.3680 0.5677
0.4021 0.5869 0.4003 0.1849 0.1122 0.0838 0.1311 0.2416 0.5752 0.5049
0.5271 0.3994 0.1871 0.1262 0.1217 0.1305 0.2803 0.4054 0.4707 0.1754
0.3261 0.2422 0.2112 0.3248 0.3989 0.3741 0.4292 0.2283 0.1979 0.0846
0.1886 0.1548 0.2114 0.4471 0.5814 0.5218 0.3875 0.1123 0.1156 0.0911
0.1221 0.1468 0.2588 0.6101 0.6333 0.3317 0.1867 0.0809 0.1061 0.1293
0.1268 0.2453 0.4239 0.6942 0.5024 0.1553 0.1003 0.0895 0.1679 0.3082
0.1938 0.4894 0.5667 0.5082 0.2523 0.0950 0.0897 0.1269 0.3587 0.5659
0.3925 0.5848 0.4076 0.1945 0.1192 0.0872 0.1339 0.2362 0.5626 0.4962
0.5358 0.3924 0.1798 0.1191 0.1147 0.1292 0.2901 0.4261 0.4698 0.1683
0.3222 0.2341 0.2088 0.3170 0.3907 0.3865 0.4465 0.2350 0.1903 0.0828
0.1808 0.1414 0.1981 0.4187 0.5746 0.5537 0.4094 0.1122 0.1074 0.0868
0.1109 0.1355 0.2489 0.5976 0.6359 0.3405 0.1813 0.0766 0.0989 0.1277
0.1210 0.2422 0.4283 0.6981 0.5018 0.1520 0.0959 0.0874 0.1650 0.3165
0.1943 0.4912 0.5691 0.5017 0.2374 0.0888 0.0853 0.1294 0.3670 0.5865
0.3956 0.6087 0.4244 0.1837 0.1070 0.0803 0.1249 0.2364 0.5884 0.5394
0.5611 0.4012 0.1713 0.1010 0.0946 0.1166 0.2864 0.4591 0.4997 0.1785
0.3313 0.2345 0.2041 0.3013 0.3694 0.3775 0.4481 0.2463 0.1963 0.0846
0.1829 0.1430 0.1997 0.4198 0.5729 0.5535 0.4116 0.1130 0.1085 0.0877
0.1110 0.1321 0.2461 0.5981 0.6352 0.3460 0.1854 0.0774 0.0971 0.1269
0.1191 0.2430 0.4327 0.6998 0.4986 0.1494 0.0936 0.0866 0.1653 0.3245
0.1952 0.4931 0.5697 0.4982 0.2341 0.0882 0.0854 0.1306 0.3690 0.5883
0.4022 0.6113 0.4203 0.1768 0.1020 0.0777 0.1227 0.2403 0.5981 0.5475
0.5639 0.4006 0.1701 0.0986 0.0922 0.1164 0.2920 0.4688 0.4991 0.1754
0.3334 0.2244 0.1982 0.2761 0.3359 0.3857 0.4766 0.2708 0.1906 0.0840
0.1742 0.1285 0.1843 0.3825 0.5614 0.5917 0.4403 0.1138 0.0997 0.0828
0.1003 0.1172 0.2235 0.5622 0.6414 0.3773 0.1909 0.0729 0.0878 0.1155
0.1123 0.2234 0.4109 0.6993 0.5219 0.1585 0.0941 0.0826 0.1525 0.2974
0.1826 0.4848 0.5824 0.5232 0.2399 0.0858 0.0804 0.1250 0.3567 0.6029
0.3950 0.6232 0.4381 0.1779 0.0982 0.0748 0.1182 0.2379 0.6040 0.5721
0.5842 0.4138 0.1654 0.0865 0.0784 0.1037 0.2747 0.4834 0.5343 0.1957
0.3551 0.2336 0.1941 0.2406 0.2850 0.3580 0.4884 0.3142 0.2043 0.0846
0.1754 0.1232 0.1795 0.3679 0.5491 0.6103 0.4634 0.1179 0.0968 0.0821
0.0972 0.1094 0.2091 0.5327 0.6406 0.4071 0.2042 0.0722 0.0831 0.1079
0.1056 0.2133 0.4042 0.7009 0.5324 0.1615 0.0916 0.0790 0.1453 0.2922
0.1735 0.4767 0.5916 0.5404 0.2407 0.0830 0.0765 0.1222 0.3472 0.6148
0.4011 0.6350 0.4435 0.1668 0.0862 0.0672 0.1094 0.2435 0.6263 0.6091
0.5990 0.4330 0.1663 0.0773 0.0675 0.0934 0.2598 0.4948 0.5667 0.2190
0.3794 0.2409 0.1870 0.2073 0.2384 0.3300 0.4945 0.3571 0.2211 0.0872
0.1782 0.1198 0.1765 0.3586 0.5378 0.6231 0.4833 0.1225 0.0952 0.0819
0.0948 0.1046 0.2017 0.5129 0.6362 0.4259 0.2128 0.0719 0.0803 0.1057
0.1025 0.1996 0.3867 0.7009 0.5497 0.1698 0.0934 0.0770 0.1370 0.2711
0.1668 0.4667 0.5945 0.5547 0.2443 0.0816 0.0737 0.1194 0.3381 0.6195
0.3777 0.6456 0.4761 0.1838 0.0898 0.0656 0.1010 0.2255 0.6226 0.6418
0.6162 0.4586 0.1687 0.0671 0.0554 0.0810 0.2387 0.5072 0.6086 0.2567
0.4266 0.2590 0.1746 0.1605 0.1755 0.2760 0.4878 0.4260 0.2606 0.0929
0.1857 0.1206 0.1763 0.3546 0.5290 0.6297 0.5010 0.1280 0.0964 0.0817
0.0939 0.0982 0.1914 0.4829 0.6254 0.4592 0.2341 0.0735 0.0767 0.1025
0.0979 0.1802 0.3601 0.6987 0.5756 0.1847 0.0968 0.0739 0.1250 0.2406
0.1576 0.4478 0.5939 0.5762 0.2542 0.0811 0.0710 0.1154 0.3216 0.6175
0.3531 0.6486 0.5046 0.2053 0.0958 0.0656 0.0959 0.2105 0.6092 0.6604
0.6230 0.4861 0.1771 0.0619 0.0485 0.0724 0.2181 0.5053 0.6416 0.2990
0.4744 0.2751 0.1612 0.1224 0.1270 0.2296 0.4802 0.4945 0.3036 0.0996
0.1906 0.1179 0.1730 0.3430 0.5142 0.6412 0.5240 0.1351 0.0953 0.0809
0.0916 0.0885 0.1717 0.4267 0.6141 0.5152 0.2691 0.0748 0.0709 0.0927
0.0899 0.1579 0.3250 0.6838 0.6062 0.2082 0.1006 0.0686 0.1110 0.2052
0.1456 0.4224 0.5910 0.6044 0.2743 0.0832 0.0692 0.1095 0.2969 0.6046
0.3351 0.6419 0.5189 0.2241 0.1014 0.0661 0.0941 0.2031 0.5918 0.6634
0.6108 0.5140 0.1968 0.0648 0.0488 0.0693 0.1977 0.4748 0.6580 0.3424
0.5068 0.2896 0.1539 0.1037 0.1040 0.1999 0.4688 0.5347 0.3370 0.1043
0.1957 0.1152 0.1704 0.3321 0.4958 0.6480 0.5451 0.1443 0.0945 0.0806
0.0907 0.0828 0.1554 0.3690 0.6027 0.5665 0.3054 0.0762 0.0674 0.0831
0.0830 0.1376 0.2877 0.6592 0.6344 0.2392 0.1070 0.0639 0.0983 0.1709
0.1341 0.3945 0.5830 0.6309 0.3013 0.0873 0.0682 0.1029 0.2712 0.5836
0.2965 0.6288 0.5517 0.2719 0.1160 0.0668 0.0874 0.1822 0.5565 0.6773
0.5972 0.5713 0.2357 0.0646 0.0437 0.0598 0.1620 0.4379 0.6998 0.4447
0.5810 0.3208 0.1346 0.0717 0.0676 0.1432 0.4259 0.6042 0.4257 0.1205
0.2113 0.1207 0.1743 0.3365 0.4789 0.6332 0.5538 0.1570 0.0998 0.0822
0.0973 0.0842 0.1531 0.3399 0.5809 0.5971 0.3441 0.0819 0.0688 0.0829
0.0795 0.1214 0.2620 0.6452 0.6498 0.2677 0.1160 0.0624 0.0887 0.1510
0.1260 0.3629 0.5649 0.6475 0.3222 0.0898 0.0667 0.0986 0.2500 0.5606
0.2633 0.6170 0.5828 0.3172 0.1291 0.0676 0.0828 0.1661 0.5222 0.6865
0.5826 0.6213 0.2769 0.0652 0.0398 0.0524 0.1342 0.4036 0.7337 0.5430
0.6360 0.3452 0.1203 0.0537 0.0486 0.1091 0.3861 0.6472 0.5017 0.1384
0.2298 0.1250 0.1740 0.3118 0.4272 0.6126 0.5760 0.1875 0.1056 0.0831
0.1018 0.0811 0.1412 0.2837 0.5526 0.6491 0.4036 0.0888 0.0672 0.0765
0.0723 0.1012 0.2231 0.5969 0.6654 0.3213 0.1310 0.0590 0.0765 0.1247
0.1142 0.3179 0.5312 0.6658 0.3663 0.0992 0.0670 0.0909 0.2177 0.5085
0.2209 0.5887 0.6173 0.3851 0.1490 0.0689 0.0775 0.1469 0.4661 0.6880
0.5532 0.6656 0.3323 0.0713 0.0386 0.0469 0.1097 0.3589 0.7549 0.6381
0.6784 0.3738 0.1117 0.0427 0.0371 0.0847 0.3415 0.6704 0.5740 0.1633
0.2688 0.1424 0.1748 0.2602 0.3314 0.5462 0.5917 0.2559 0.1245 0.0850
0.1172 0.0846 0.1384 0.2552 0.5234 0.6812 0.4684 0.1018 0.0704 0.0732
0.0681 0.0840 0.1888 0.5350 0.6654 0.3919 0.1589 0.0587 0.0662 0.1053
0.1023 0.2647 0.4765 0.6776 0.4360 0.1196 0.0710 0.0815 0.1800 0.4202
0.1845 0.5469 0.6389 0.4600 0.1737 0.0703 0.0724 0.1304 0.4057 0.6808
0.5082 0.6819 0.3851 0.0878 0.0435 0.0467 0.0977 0.3154 0.7449 0.6826
0.6875 0.4053 0.1170 0.0413 0.0349 0.0740 0.2994 0.6519 0.6168 0.1954
0.3379 0.1722 0.1687 0.1702 0.1909 0.4332 0.6137 0.4023 0.1633 0.0882
0.1329 0.0881 0.1398 0.2459 0.4985 0.6958 0.5166 0.1152 0.0737 0.0729
0.0673 0.0758 0.1678 0.4717 0.6536 0.4557 0.1915 0.0602 0.0614 0.0945
0.0935 0.2048 0.3978 0.6813 0.5179 0.1511 0.0793 0.0740 0.1426 0.3082
0.1600 0.5091 0.6465 0.5267 0.2043 0.0730 0.0689 0.1180 0.3587 0.6706
0.4333 0.6839 0.4560 0.1294 0.0594 0.0514 0.0896 0.2561 0.7027 0.7053
0.6898 0.4511 0.1305 0.0398 0.0315 0.0634 0.2525 0.6248 0.6654 0.2554
0.4444 0.2172 0.1497 0.1000 0.0985 0.2897 0.5817 0.5508 0.2467 0.0993
0.1543 0.0923 0.1418 0.2414 0.4700 0.7044 0.5679 0.1348 0.0779 0.0722
0.0654 0.0655 0.1438 0.3786 0.6238 0.5440 0.2454 0.0636 0.0551 0.0844
0.0805 0.1602 0.3321 0.6674 0.5901 0.1919 0.0864 0.0642 0.1126 0.2258
0.1324 0.4495 0.6530 0.5793 0.2167 0.0695 0.0609 0.1060 0.3052 0.6624
0.3729 0.6783 0.5139 0.1707 0.0703 0.0523 0.0819 0.2224 0.6636 0.7276
0.6840 0.5370 0.1659 0.0377 0.0263 0.0503 0.1899 0.5750 0.7348 0.3892
0.5721 0.2727 0.1222 0.0584 0.0526 0.1659 0.4927 0.6513 0.3875 0.1216
0.1808 0.0964 0.1489 0.2595 0.4372 0.6906 0.6051 0.1617 0.0833 0.0767
0.0685 0.0614 0.1283 0.2939 0.5818 0.6218 0.3165 0.0710 0.0528 0.0771
0.0704 0.1185 0.2576 0.6313 0.6539 0.2564 0.1016 0.0570 0.0865 0.1517
0.1232 0.3976 0.6119 0.6197 0.2636 0.0760 0.0600 0.1001 0.2723 0.6249
0.2820 0.6482 0.5887 0.2695 0.1063 0.0624 0.0811 0.1743 0.5637 0.7108
0.6397 0.6254 0.2379 0.0455 0.0276 0.0440 0.1350 0.4715 0.7744 0.5543
0.6676 0.3282 0.1039 0.0390 0.0336 0.1001 0.4050 0.7059 0.5242 0.1451
0.2099 0.1041 0.1571 0.2654 0.3910 0.6595 0.6269 0.1983 0.0914 0.0809
0.0782 0.0625 0.1140 0.2043 0.5273 0.6978 0.4200 0.0847 0.0541 0.0660
0.0593 0.0868 0.1967 0.5516 0.6796 0.3460 0.1240 0.0517 0.0669 0.1108
0.1077 0.3248 0.5488 0.6485 0.3368 0.0913 0.0613 0.0890 0.2219 0.5386
0.1986 0.5883 0.6564 0.3835 0.1352 0.0650 0.0731 0.1367 0.4468 0.6986
0.5868 0.6909 0.3248 0.0558 0.0287 0.0393 0.1013 0.3880 0.7947 0.6850
0.7197 0.3736 0.0958 0.0310 0.0259 0.0706 0.3347 0.7212 0.6207 0.1758
0.2703 0.1262 0.1615 0.1970 0.2421 0.5588 0.6621 0.3306 0.1161 0.0855
0.0981 0.0696 0.1121 0.1661 0.4721 0.7313 0.5159 0.1071 0.0602 0.0622
0.0541 0.0654 0.1537 0.4554 0.6706 0.4536 0.1667 0.0525 0.0539 0.0886
0.0923 0.2441 0.4504 0.6565 0.4471 0.1241 0.0674 0.0755 0.1682 0.3968
0.1389 0.5125 0.7042 0.4882 0.1567 0.0642 0.0640 0.1093 0.3396 0.6824
0.5105 0.7094 0.4081 0.0817 0.0365 0.0395 0.0827 0.3094 0.7755 0.7463
0.7300 0.4359 0.1077 0.0297 0.0234 0.0563 0.2642 0.6870 0.6906 0.2443
0.4193 0.1773 0.1396 0.0859 0.0810 0.3377 0.6483 0.5861 0.2103 0.1021
0.1315 0.0789 0.1166 0.1568 0.4100 0.7350 0.6068 0.1468 0.0692 0.0624
0.0521 0.0522 0.1220 0.3255 0.6238 0.5796 0.2434 0.0585 0.0457 0.0750
0.0735 0.1559 0.3188 0.6372 0.5902 0.1938 0.0809 0.0598 0.1104 0.2205
0.1155 0.4429 0.6937 0.5681 0.1891 0.0645 0.0576 0.0985 0.2829 0.6666
0.3852 0.6901 0.5131 0.1545 0.0620 0.0485 0.0782 0.2272 0.6857 0.7459
0.7020 0.5509 0.1610 0.0328 0.0224 0.0455 0.1815 0.5921 0.7596 0.4170
0.6084 0.2569 0.1041 0.0409 0.0344 0.1489 0.5029 0.7091 0.4180 0.1364
0.1724 0.0880 0.1318 0.1922 0.3712 0.7048 0.6516 0.1901 0.0789 0.0705
0.0574 0.0501 0.1059 0.2162 0.5548 0.6751 0.3474 0.0711 0.0447 0.0662
0.0594 0.1019 0.2240 0.5815 0.6727 0.2884 0.1006 0.0503 0.0759 0.1298
0.1014 0.3659 0.6433 0.6163 0.2366 0.0696 0.0538 0.0898 0.2379 0.6206
0.2518 0.6376 0.6255 0.2755 0.0976 0.0586 0.0760 0.1625 0.5354 0.7172
0.6490 0.6754 0.2620 0.0400 0.0221 0.0361 0.1102 0.4576 0.8175 0.6545
0.7175 0.3398 0.0888 0.0280 0.0230 0.0772 0.3743 0.7483 0.5934 0.1648
0.2211 0.1000 0.1463 0.2110 0.3010 0.6382 0.6741 0.2606 0.0936 0.0813
0.0735 0.0571 0.0970 0.1356 0.4720 0.7398 0.4808 0.0952 0.0504 0.0567
0.0490 0.0642 0.1528 0.4654 0.6861 0.4295 0.1445 0.0481 0.0526 0.0870
0.0935 0.2882 0.5151 0.6357 0.3676 0.1004 0.0594 0.0790 0.1957 0.4899
0.1419 0.5360 0.7219 0.4335 0.1308 0.0620 0.0660 0.1109 0.3534 0.6819
0.5666 0.7189 0.3654 0.0598 0.0274 0.0344 0.0813 0.3500 0.8127 0.7574
0.7467 0.4052 0.0928 0.0261 0.0211 0.0570 0.2909 0.7258 0.6809 0.2125
0.3583 0.1419 0.1395 0.0950 0.0928 0.4235 0.7037 0.5581 0.1599 0.0967
0.1065 0.0694 0.0975 0.1057 0.3833 0.7545 0.6080 0.1425 0.0620 0.0536
0.0452 0.0463 0.1137 0.3176 0.6332 0.5784 0.2270 0.0549 0.0412 0.0709
0.0730 0.1746 0.3426 0.6170 0.5521 0.1737 0.0729 0.0601 0.1229 0.2580
0.0943 0.4247 0.7474 0.5448 0.1495 0.0578 0.0537 0.0876 0.2468 0.6592
0.4362 0.7057 0.4781 0.1143 0.0453 0.0411 0.0745 0.2580 0.7366 0.7673
0.7229 0.5381 0.1433 0.0293 0.0205 0.0438 0.1834 0.6143 0.7693 0.4048
0.5982 0.2276 0.0977 0.0368 0.0297 0.1616 0.5350 0.7263 0.3944 0.1420
0.1606 0.0809 0.1109 0.1255 0.2976 0.7052 0.6922 0.2281 0.0768 0.0624
0.0489 0.0431 0.0940 0.1802 0.5377 0.6933 0.3517 0.0708 0.0393 0.0606
0.0541 0.0968 0.2099 0.5503 0.6806 0.3000 0.0973 0.0466 0.0724 0.1208
0.0866 0.3371 0.6712 0.6059 0.2082 0.0645 0.0504 0.0825 0.2084 0.6049
0.2272 0.6280 0.6571 0.2746 0.0901 0.0565 0.0729 0.1506 0.5081 0.7144
0.6616 0.6919 0.2624 0.0365 0.0197 0.0330 0.1020 0.4598 0.8359 0.6878
0.7362 0.3417 0.0824 0.0246 0.0199 0.0694 0.3587 0.7612 0.6209 0.1750
0.2291 0.0987 0.1365 0.1691 0.2355 0.6092 0.7066 0.3225 0.0975 0.0799
0.0694 0.0533 0.0866 0.0991 0.4220 0.7552 0.5188 0.1074 0.0479 0.0512
0.0438 0.0566 0.1368 0.4162 0.6832 0.4664 0.1518 0.0461 0.0474 0.0798
0.0871 0.2604 0.4865 0.6223 0.3808 0.1055 0.0589 0.0747 0.1793 0.4499
0.1107 0.4932 0.7628 0.4504 0.1175 0.0574 0.0601 0.0957 0.2938 0.6679
0.5482 0.7310 0.3925 0.0643 0.0277 0.0327 0.0728 0.3254 0.8154 0.7870
0.7571 0.4306 0.0934 0.0253 0.0204 0.0507 0.2493 0.7011 0.7207 0.2551
0.4445 0.1549 0.1151 0.0582 0.0499 0.3112 0.6708 0.6602 0.2235 0.1163
0.1163 0.0704 0.0901 0.0848 0.3248 0.7454 0.6564 0.1764 0.0664 0.0513
0.0425 0.0404 0.1008 0.2533 0.5944 0.6311 0.2678 0.0598 0.0371 0.0669
0.0640 0.1412 0.2852 0.5898 0.6075 0.2110 0.0778 0.0532 0.1015 0.1937
0.0758 0.3533 0.7528 0.5718 0.1473 0.0551 0.0491 0.0775 0.1947 0.6201
0.3639 0.6908 0.5444 0.1469 0.0532 0.0443 0.0729 0.2190 0.6785 0.7593
0.7042 0.6288 0.1905 0.0321 0.0204 0.0365 0.1237 0.5138 0.8231 0.5808
0.6922 0.2742 0.0814 0.0252 0.0195 0.0961 0.4372 0.7686 0.5318 0.1675
0.1863 0.0835 0.1098 0.1223 0.2360 0.6511 0.7241 0.2974 0.0864 0.0673
0.0522 0.0438 0.0841 0.1172 0.4673 0.7365 0.4340 0.0864 0.0400 0.0533
0.0451 0.0671 0.1557 0.4705 0.7000 0.3975 0.1214 0.0436 0.0539 0.0869
0.0770 0.2655 0.5975 0.6173 0.2646 0.0769 0.0511 0.0736 0.1695 0.5088
0.1286 0.5368 0.7596 0.3693 0.0957 0.0563 0.0645 0.1043 0.3378 0.6705
0.6212 0.7366 0.3290 0.0436 0.0201 0.0284 0.0734 0.3801 0.8510 0.7879
0.7638 0.3847 0.0796 0.0243 0.0205 0.0548 0.2771 0.7245 0.6950 0.2123
0.3369 0.1253 0.1243 0.0856 0.0843 0.4176 0.7246 0.5762 0.1523 0.0942
0.0889 0.0605 0.0764 0.0623 0.3228 0.7579 0.6289 0.1565 0.0581 0.0456
0.0390 0.0396 0.1028 0.2867 0.6235 0.5949 0.2271 0.0543 0.0363 0.0671
0.0697 0.1785 0.3454 0.5871 0.5271 0.1644 0.0672 0.0584 0.1271 0.2715
0.0736 0.3565 0.7731 0.5478 0.1317 0.0550 0.0515 0.0757 0.1869 0.6002
0.4347 0.7106 0.4905 0.0991 0.0359 0.0358 0.0675 0.2563 0.7461 0.7860
0.7210 0.5858 0.1558 0.0334 0.0243 0.0397 0.1256 0.5011 0.8158 0.5262
0.6656 0.2277 0.0766 0.0243 0.0177 0.1121 0.4775 0.7759 0.4822 0.1742
0.1661 0.0759 0.0864 0.0788 0.2001 0.6450 0.7408 0.3163 0.0863 0.0583
0.0457 0.0390 0.0814 0.1210 0.4714 0.7265 0.4071 0.0833 0.0363 0.0538
0.0450 0.0723 0.1630 0.4804 0.7028 0.3718 0.1101 0.0423 0.0571 0.0904
0.0686 0.2455 0.6365 0.6154 0.2276 0.0699 0.0495 0.0702 0.1486 0.4941
0.1311 0.5472 0.7639 0.3420 0.0873 0.0553 0.0648 0.1041 0.3470 0.6701
0.6415 0.7393 0.3096 0.0401 0.0192 0.0277 0.0720 0.3845 0.8596 0.7889
0.7668 0.3719 0.0751 0.0244 0.0209 0.0551 0.2718 0.7184 0.6952 0.2112
0.3207 0.1208 0.1162 0.0823 0.0839 0.4020 0.7322 0.5820 0.1508 0.0884
0.0787 0.0551 0.0663 0.0464 0.2882 0.7535 0.6352 0.1660 0.0555 0.0420
0.0367 0.0368 0.0962 0.2662 0.6189 0.6057 0.2315 0.0548 0.0341 0.0625
0.0674 0.1720 0.3333 0.5666 0.5229 0.1647 0.0653 0.0567 0.1248 0.2620
0.0709 0.3320 0.7674 0.5569 0.1384 0.0578 0.0537 0.0734 0.1699 0.5611
0.4241 0.7048 0.4998 0.0934 0.0316 0.0329 0.0630 0.2489 0.7392 0.7905
0.7154 0.6051 0.1632 0.0372 0.0279 0.0390 0.1041 0.4370 0.8310 0.5786
0.6867 0.2263 0.0701 0.0217 0.0150 0.0960 0.4479 0.7884 0.5141 0.1884
0.1681 0.0728 0.0712 0.0599 0.1593 0.5912 0.7577 0.3669 0.0958 0.0559
0.0445 0.0373 0.0758 0.0974 0.4294 0.7345 0.4368 0.0934 0.0353 0.0509
0.0414 0.0637 0.1463 0.4438 0.7051 0.4062 0.1175 0.0411 0.0514 0.0813
0.0619 0.1792 0.5780 0.6341 0.2666 0.0800 0.0529 0.0645 0.1118 0.3773
0.1082 0.5104 0.7879 0.3719 0.0893 0.0557 0.0629 0.0920 0.2940 0.6456
0.6262 0.7515 0.3264 0.0429 0.0198 0.0263 0.0624 0.3418 0.8537 0.8092
0.7596 0.3835 0.0760 0.0318 0.0303 0.0561 0.2099 0.6138 0.7182 0.2453
0.3997 0.1334 0.0932 0.0552 0.0479 0.2599 0.6734 0.6721 0.2202 0.1063
0.0856 0.0547 0.0514 0.0276 0.2078 0.7234 0.6983 0.2254 0.0641 0.0370
0.0347 0.0326 0.0848 0.1996 0.5668 0.6541 0.2782 0.0628 0.0309 0.0580
0.0580 0.1281 0.2526 0.5354 0.6095 0.2170 0.0725 0.0486 0.0965 0.1710
0.0648 0.2266 0.7009 0.6282 0.1916 0.0687 0.0584 0.0689 0.1192 0.4238
0.2623 0.6429 0.6442 0.1444 0.0385 0.0373 0.0602 0.1668 0.5725 0.7427
0.6916 0.6922 0.2171 0.0428 0.0293 0.0332 0.0675 0.3289 0.8668 0.7352
0.7438 0.2792 0.0647 0.0215 0.0159 0.0644 0.3298 0.7635 0.6249 0.2066
0.2097 0.0841 0.0619 0.0593 0.1156 0.4015 0.7475 0.4742 0.1388 0.0602
0.0502 0.0389 0.0591 0.0463 0.2986 0.7361 0.5518 0.1412 0.0408 0.0424
0.0342 0.0409 0.1053 0.3208 0.6661 0.5326 0.1708 0.0460 0.0364 0.0631
0.0593 0.1117 0.3775 0.6207 0.4262 0.1264 0.0624 0.0567 0.0829 0.2043
0.0817 0.3851 0.7763 0.4875 0.1235 0.0620 0.0620 0.0775 0.1961 0.5510
0.5207 0.7489 0.4158 0.0546 0.0197 0.0249 0.0531 0.2593 0.7689 0.8055
0.7301 0.5078 0.1130 0.0459 0.0442 0.0490 0.1082 0.3929 0.8015 0.4589
0.6156 0.1545 0.0610 0.0240 0.0141 0.1024 0.4766 0.7910 0.4281 0.1971
0.1183 0.0540 0.0312 0.0165 0.1064 0.5515 0.7767 0.3890 0.1028 0.0370
0.0374 0.0307 0.0692 0.0904 0.4042 0.7226 0.4264 0.1022 0.0298 0.0481
0.0397 0.0694 0.1478 0.4271 0.7100 0.3814 0.1019 0.0379 0.0551 0.0812
0.0533 0.0850 0.4823 0.7304 0.3801 0.1095 0.0700 0.0572 0.0543 0.1671
0.1131 0.5019 0.7778 0.3364 0.0820 0.0564 0.0662 0.0935 0.2924 0.6133
0.6020 0.7749 0.3211 0.0463 0.0222 0.0245 0.0427 0.2083 0.7851 0.8039
0.7444 0.3627 0.0705 0.0486 0.0554 0.0632 0.1501 0.4460 0.7243 0.2696
0.4265 0.1320 0.0520 0.0411 0.0337 0.0924 0.5302 0.7141 0.3450 0.1113
0.0751 0.0441 0.0272 0.0115 0.1312 0.6381 0.7308 0.2871 0.0768 0.0305
0.0329 0.0280 0.0733 0.1408 0.4880 0.6831 0.3372 0.0820 0.0273 0.0510
0.0503 0.0850 0.1712 0.4994 0.6930 0.2815 0.0809 0.0416 0.0703 0.0950
0.0630 0.1174 0.5565 0.7146 0.3184 0.0994 0.0758 0.0651 0.0687 0.2089
0.1663 0.5750 0.7281 0.1947 0.0441 0.0409 0.0581 0.1136 0.3856 0.6677
0.6365 0.7755 0.2787 0.0445 0.0252 0.0261 0.0422 0.1965 0.7936 0.7890
0.7405 0.3020 0.0603 0.0471 0.0512 0.0658 0.1661 0.4813 0.6870 0.2390
0.2931 0.1152 0.0340 0.0417 0.0572 0.0788 0.5922 0.6506 0.3251 0.0636
0.0553 0.0336 0.0215 0.0101 0.1262 0.5941 0.6840 0.2650 0.0686 0.0308
0.0306 0.0270 0.0751 0.1611 0.5068 0.6506 0.2999 0.0780 0.0262 0.0509
0.0527 0.0588 0.1510 0.5474 0.6916 0.2615 0.0828 0.0437 0.0550 0.0653
0.0695 0.1466 0.5906 0.6807 0.2860 0.0975 0.0792 0.0681 0.0821 0.2345
0.2127 0.6453 0.6773 0.1107 0.0232 0.0286 0.0469 0.1106 0.3644 0.6781
0.6454 0.7793 0.2653 0.0437 0.0256 0.0260 0.0412 0.1883 0.7834 0.7818
0.7306 0.2730 0.0577 0.0476 0.0482 0.0661 0.1693 0.4925 0.6660 0.2406
0.2499 0.0978 0.0161 0.0257 0.0503 0.0396 0.5636 0.6573 0.4052 0.0500
0.0465 0.0263 0.0142 0.0070 0.0990 0.5090 0.6748 0.2891 0.0726 0.0294
0.0297 0.0247 0.0707 0.1310 0.4415 0.6505 0.3342 0.0979 0.0242 0.0473
0.0433 0.0397 0.1322 0.5235 0.6907 0.2720 0.0824 0.0379 0.0390 0.0418
0.0721 0.1481 0.5838 0.6722 0.2890 0.1016 0.0838 0.0693 0.0827 0.2220
0.1600 0.6453 0.7068 0.1190 0.0224 0.0278 0.0403 0.0637 0.1681 0.5714
0.5721 0.8328 0.3097 0.0400 0.0189 0.0210 0.0306 0.1034 0.5200 0.7331
0.7367 0.2971 0.0577 0.0581 0.0681 0.0663 0.1337 0.3979 0.6988 0.2551
0.2606 0.0649 0.0086 0.0247 0.0270 0.0106 0.3748 0.7264 0.5020 0.0763
0.0446 0.0191 0.0043 0.0021 0.0484 0.2988 0.7193 0.3872 0.1240 0.0242
0.0307 0.0229 0.0628 0.0895 0.3501 0.6801 0.4192 0.1391 0.0227 0.0443
0.0410 0.0309 0.0811 0.4551 0.7675 0.3527 0.0910 0.0339 0.0344 0.0258
0.0670 0.0753 0.4443 0.7588 0.4302 0.1330 0.0973 0.0648 0.0486 0.1098
0.1055 0.5424 0.7175 0.2100 0.0461 0.0443 0.0515 0.0411 0.0637 0.3514
0.3278 0.8043 0.4957 0.0413 0.0100 0.0143 0.0191 0.0417 0.1730 0.6479
0.7386 0.6134 0.1353 0.0459 0.0427 0.0406 0.0735 0.3192 0.8531 0.6253
0.5358 0.0699 0.0154 0.0311 0.0093 0.0071 0.1245 0.7867 0.6061 0.2844
0.0872 0.0472 0.0020 0.0012 0.0436 0.0710 0.6456 0.4810 0.3899 0.0138
0.0290 0.0134 0.0098 0.0105 0.1018 0.3772 0.5688 0.2895 0.0535 0.0345
0.0296 0.0267 0.0707 0.1626 0.5138 0.5769 0.2605 0.0845 0.0253 0.0370
0.0355 0.0377 0.2803 0.6751 0.5650 0.1906 0.0799 0.0387 0.0274 0.0528
0.0954 0.1975 0.5736 0.5674 0.2714 0.1225 0.1103 0.0750 0.1046 0.1903
0.1302 0.5363 0.5635 0.1451 0.0356 0.0323 0.0286 0.0185 0.0288 0.2518
0.1891 0.6248 0.5199 0.0826 0.0192 0.0220 0.0233 0.0246 0.0539 0.3660
0.5637 0.8751 0.3088 0.0343 0.0155 0.0185 0.0259 0.0720 0.3429 0.6958
0.6576 0.1787 0.0516 0.1011 0.0751 0.0519 0.0903 0.3564 0.6040 0.3048
0.1235 0.0262 0.0037 0.0298 0.0315 0.0045 0.2836 0.6814 0.4218 0.0638
0.0302 0.0093 0.0011 0.0008 0.0230 0.1042 0.6813 0.4641 0.1786 0.0246
0.0308 0.0194 0.0549 0.0648 0.2621 0.6884 0.5031 0.2084 0.0198 0.0396
0.0278 0.0238 0.0881 0.3193 0.6540 0.3023 0.0705 0.0263 0.0269 0.0215
0.0731 0.0981 0.4814 0.7150 0.3824 0.1294 0.1010 0.0684 0.0596 0.1284
0.1107 0.6258 0.7125 0.1503 0.0292 0.0314 0.0335 0.0259 0.0454 0.3806
0.4396 0.8428 0.4033 0.0392 0.0129 0.0164 0.0221 0.0551 0.2546 0.6807
0.7456 0.4930 0.0962 0.0515 0.0556 0.0503 0.0926 0.3442 0.8152 0.4706
0.5829 0.1250 0.0456 0.0344 0.0139 0.0389 0.2893 0.7837 0.4732 0.2256
0.0995 0.0385 0.0113 0.0068 0.0672 0.3568 0.7714 0.4347 0.1489 0.0321
0.0373 0.0285 0.0631 0.0802 0.3666 0.7141 0.4524 0.1217 0.0291 0.0467
0.0387 0.0663 0.1389 0.4089 0.7115 0.3864 0.1011 0.0373 0.0539 0.0763
0.0530 0.0943 0.5085 0.7166 0.3567 0.1057 0.0692 0.0576 0.0579 0.1832
0.1335 0.5542 0.7710 0.2830 0.0685 0.0521 0.0655 0.1045 0.3528 0.6565
0.6517 0.7492 0.2788 0.0450 0.0256 0.0279 0.0516 0.2675 0.8548 0.8020
0.7535 0.3303 0.0657 0.0350 0.0346 0.0616 0.2102 0.5926 0.6903 0.2244
0.2942 0.1170 0.0969 0.0862 0.0987 0.3423 0.7046 0.5465 0.1633 0.0795
0.0695 0.0495 0.0597 0.0456 0.2907 0.7324 0.6044 0.1539 0.0547 0.0438
0.0365 0.0377 0.1010 0.2964 0.6316 0.5802 0.2124 0.0532 0.0347 0.0662
0.0694 0.1379 0.3184 0.6030 0.5139 0.1546 0.0668 0.0593 0.1069 0.2225
0.0731 0.3037 0.7451 0.5599 0.1519 0.0645 0.0603 0.0737 0.1550 0.4925
0.4778 0.7268 0.4596 0.0690 0.0240 0.0285 0.0601 0.2713 0.7703 0.8019
0.7249 0.5342 0.1256 0.0437 0.0394 0.0463 0.1068 0.4015 0.8091 0.4902
0.6360 0.1859 0.0705 0.0248 0.0163 0.1160 0.4895 0.7805 0.4417 0.1845
0.1468 0.0675 0.0647 0.0544 0.1811 0.6239 0.7408 0.3147 0.0896 0.0523
0.0421 0.0364 0.0824 0.1395 0.4909 0.7101 0.3735 0.0782 0.0344 0.0572
0.0475 0.0845 0.1844 0.5064 0.6915 0.3271 0.0974 0.0428 0.0649 0.1056
0.0597 0.1565 0.6026 0.6711 0.2583 0.0783 0.0567 0.0644 0.0933 0.3350
0.1268 0.5388 0.7724 0.3114 0.0749 0.0526 0.0639 0.1015 0.3381 0.6576
0.6491 0.7479 0.2939 0.0418 0.0217 0.0270 0.0587 0.3187 0.8609 0.8032
0.7596 0.3491 0.0687 0.0316 0.0304 0.0590 0.2220 0.6248 0.6984 0.2235
0.3162 0.1217 0.1023 0.0800 0.0841 0.3397 0.7095 0.5822 0.1675 0.0846
0.0738 0.0514 0.0598 0.0429 0.2771 0.7351 0.6252 0.1654 0.0564 0.0427
0.0364 0.0371 0.0982 0.2795 0.6241 0.5947 0.2224 0.0540 0.0343 0.0649
0.0685 0.1408 0.3073 0.5934 0.5344 0.1645 0.0677 0.0579 0.1085 0.2193
0.0712 0.2820 0.7338 0.5785 0.1615 0.0656 0.0601 0.0727 0.1447 0.4730
0.3990 0.7006 0.5234 0.0863 0.0266 0.0300 0.0580 0.2285 0.7086 0.7865
0.7124 0.6088 0.1603 0.0438 0.0357 0.0403 0.0858 0.3615 0.8410 0.6104
0.6934 0.2167 0.0653 0.0210 0.0137 0.0856 0.4204 0.7919 0.5275 0.2016
0.1679 0.0699 0.0598 0.0513 0.1415 0.5415 0.7596 0.3896 0.1055 0.0548
0.0439 0.0364 0.0735 0.0909 0.4107 0.7323 0.4459 0.0986 0.0350 0.0509
0.0406 0.0652 0.1493 0.4396 0.7007 0.4018 0.1145 0.0406 0.0522 0.0847
0.0558 0.0736 0.4205 0.7273 0.4088 0.1149 0.0704 0.0583 0.0527 0.1465
0.0986 0.4551 0.7799 0.3965 0.0978 0.0595 0.0657 0.0867 0.2482 0.5844
0.5803 0.7718 0.3498 0.0478 0.0211 0.0245 0.0456 0.2228 0.7821 0.8062
0.7423 0.3832 0.0750 0.0499 0.0568 0.0617 0.1401 0.4257 0.7379 0.2942
0.4723 0.1396 0.0698 0.0415 0.0304 0.1398 0.5605 0.7230 0.3151 0.1316
0.0909 0.0519 0.0383 0.0199 0.1626 0.6641 0.7262 0.2702 0.0770 0.0356
0.0349 0.0304 0.0785 0.1608 0.5153 0.6810 0.3242 0.0745 0.0293 0.0552
0.0521 0.1085 0.2151 0.5099 0.6530 0.2551 0.0772 0.0439 0.0829 0.1336
0.0621 0.1457 0.6078 0.6903 0.2701 0.0860 0.0670 0.0658 0.0823 0.2781
0.1800 0.5899 0.7219 0.1962 0.0464 0.0418 0.0600 0.1262 0.4407 0.6958
0.6650 0.7421 0.2585 0.0454 0.0279 0.0292 0.0516 0.2617 0.8584 0.7924
0.7495 0.3040 0.0625 0.0330 0.0308 0.0621 0.2225 0.6180 0.6730 0.2226
0.2656 0.1101 0.0559 0.0556 0.0828 0.2098 0.6918 0.5812 0.2127 0.0627
0.0553 0.0394 0.0423 0.0249 0.2135 0.6980 0.6217 0.1878 0.0513 0.0375
0.0322 0.0329 0.0890 0.2436 0.6068 0.6012 0.2247 0.0560 0.0308 0.0580
0.0586 0.0696 0.2202 0.6082 0.5910 0.1915 0.0757 0.0512 0.0619 0.0996
0.0741 0.2647 0.7122 0.5787 0.1778 0.0737 0.0675 0.0728 0.1353 0.4126
0.3176 0.6963 0.5826 0.0789 0.0195 0.0250 0.0458 0.1517 0.5280 0.7432
0.7092 0.6656 0.1822 0.0460 0.0364 0.0364 0.0660 0.3050 0.8649 0.7040
0.7077 0.2045 0.0571 0.0229 0.0140 0.0674 0.3316 0.7657 0.5655 0.2322
0.1743 0.0689 0.0280 0.0235 0.0804 0.2872 0.7514 0.5124 0.1766 0.0451
0.0426 0.0321 0.0506 0.0405 0.2661 0.7046 0.5385 0.1538 0.0373 0.0419
0.0326 0.0407 0.1032 0.3101 0.6673 0.5233 0.1627 0.0451 0.0359 0.0603
0.0463 0.0496 0.3140 0.6975 0.5035 0.1520 0.0742 0.0480 0.0385 0.0846
0.0861 0.3065 0.7123 0.5150 0.1644 0.0791 0.0768 0.0774 0.1575 0.4027
0.3731 0.7660 0.4968 0.0532 0.0144 0.0191 0.0308 0.0958 0.4017 0.7225
0.7248 0.5899 0.1389 0.0484 0.0447 0.0429 0.0780 0.3213 0.8446 0.6003
0.6402 0.1391 0.0493 0.0259 0.0116 0.0553 0.3303 0.7934 0.4909 0.2454
0.1208 0.0475 0.0135 0.0081 0.0635 0.3138 0.7743 0.4863 0.1670 0.0327
0.0374 0.0288 0.0558 0.0545 0.3035 0.7074 0.4915 0.1389 0.0314 0.0442
0.0339 0.0499 0.1158 0.3505 0.6975 0.4649 0.1291 0.0397 0.0422 0.0643
0.0476 0.0498 0.3590 0.7487 0.4958 0.1452 0.0797 0.0508 0.0358 0.0861
0.0935 0.2952 0.6820 0.5002 0.1776 0.0882 0.0854 0.0780 0.1543 0.3494
0.3311 0.7886 0.5083 0.0483 0.0122 0.0166 0.0229 0.0537 0.2322 0.6692
0.7311 0.6020 0.1381 0.0473 0.0436 0.0413 0.0742 0.3169 0.8519 0.6198
0.6119 0.1197 0.0430 0.0339 0.0128 0.0361 0.2454 0.7735 0.4982 0.2625
0.1076 0.0422 0.0063 0.0039 0.0478 0.1885 0.7523 0.5129 0.2307 0.0258
0.0360 0.0259 0.0449 0.0411 0.2540 0.6747 0.5145 0.1641 0.0326 0.0417
0.0319 0.0429 0.1027 0.3054 0.6760 0.4975 0.1464 0.0431 0.0375 0.0572
