0.00000000
0.38962672
0.38962672
0.38962672
0.39064882
0.10666319
0.10666319
0.10604251
0.10604251
0.10604251
0.10376067
0.11111189
0.10637022
0.09745215
0.10428240
0.10428240
0.10198598
0.10198598
0.10142780
0.10142780
0.10142780
0.10609529
0.09398325
0.09398325
0.09398325
0.10787687
0.10787687
0.11443656
0.11443656
0.11443656
0.08783400
0.10941816
0.10941816
0.09752253
0.09752253
0.09598909
0.10178733
0.08377962
0.11436022
0.11436022
0.11524645
0.07260380
0.07260380
0.07260380
0.08001310
0.09557509
0.09557509
0.11278983
0.07760358
0.07760358
0.07897872
0.07897872
0.07897872
0.07897872
0.07570483
0.09143775
0.07858379
0.07858379
0.07858379
0.07858379
0.07858379
0.08962707
0.09153172
0.09042348
0.09042348
0.09042348
0.09042348
0.08004659
0.08004659
0.07769168
0.07769168
0.07769168
0.07769168
0.07769168
0.07817883
0.07817883
0.07817883
0.08062948
0.08740881
0.08759508
0.09382321
0.06650808
0.06378103
0.06378103
0.06378103
0.06845800
0.06845800
0.06845800
0.06424791
0.06424791
0.09100015
0.09100015
0.09100015
0.09100015
0.09100015
0.08910330
0.07509743
0.07533390
0.07533390
0.07254034
0.08163387
0.08163387
0.08163387
0.09009146
0.08954495
0.08954495
0.09558161
0.10283862
0.12245219
0.09372961
0.09372961
0.08702771
0.08733441
0.08733441
0.07906525
0.09218765
0.09218765
0.09218765
0.10043017
0.10816589
0.07326602
0.08132287
0.08570918
0.09577308
0.09577308
0.09577308
0.08826928
0.07468251
0.07468251
0.07468251
0.07468251
0.07468251
0.08064989
0.07401006
0.07401006
0.09249193
0.09177887
0.10079170
0.09803580
0.10295307
0.10469522
0.10469522
0.10469522
0.10469522
0.09545655
0.09545655
0.08303724
0.08303724
0.08303724
0.08303724
0.09080274
0.09428462
0.08748218
0.07243480
0.06882746
0.06882746
0.06882746
0.06882746
0.06044707
0.06044707
0.06349200
0.06304402
0.06137671
0.05769751
0.05769751
0.05319534
0.05689367
0.05622287
0.05622287
0.05622287
0.05649684
0.07026291
0.06667892
0.06667892
0.06667892
0.05554373
0.05554373
0.06113918
0.05455244
0.05455244
0.05455244
0.05192035
0.05192035
0.05192035
0.05479696
0.05479696
0.05931920
0.06297122
0.06297122
0.05752527
0.05787127
0.05717042
0.05459849
0.06565159
0.06565159
0.06565159
0.06565159
0.06566591
0.06804559
0.06804559
0.05881362
0.06069772
0.06069772
0.05846914
0.05846914
0.05873980
0.05873980
0.06351271
0.05730306
0.06002554
0.06099106
0.05653881
0.05653881
0.05653881
0.05653881
0.05653881
0.05653881
0.06337552
0.05961792
0.05961792
0.06712180
0.06712180
0.06567861
0.06567861
0.06567861
0.06979816
0.06870571
0.06870571
0.07633329
0.07633329
0.07513397
0.07513397
0.07513397
0.06922976
0.07200879
0.07123037
0.07123037
0.07319495
0.06682886
0.06911524
0.06878064
0.08298780
0.08298780
0.08298780
0.06323218
0.06323218
0.06412854
0.07036222
0.06022143
0.06022143
0.06264924
0.05460635
0.06217664
0.06217664
0.06217664
0.06217664
0.07058306
0.07282349
0.07516972
0.07516972
0.07516972
0.07516972
0.07516972
0.07516972
0.06832849
0.07434657
0.05933172
0.05933172
0.05933172
0.06200355
0.06321176
0.06321176
0.06529914
0.06529914
0.07216236
0.07216236
0.06575883
0.06575883
0.06575883
0.06085581
0.06751308
0.06269548
0.05709226
0.05501161
0.05501161
0.05501161
0.05501161
0.05501161
0.05501161
0.05501161
0.05501161
0.06080107
0.06080107
0.06066007
0.06410724
0.06410724
0.06410724
0.05794207
0.05794207
0.05557542
0.05557542
0.07462498
0.07462498
0.07462498
0.07462498
0.07462498
0.08855584
0.09761684
0.09761684
0.10945307
0.10945307
0.06028869
0.05544838
0.05338235
0.05338235
0.05338235
0.05135376
0.05042667
0.05042667
0.05042667
0.04994757
0.06095309
0.06506177
0.06506177
0.06297788
0.06297788
0.05633299
0.06824016
0.06824016
0.06824016
0.06824016
0.08078338
0.07519737
0.07519737
0.07936012
0.07936012
0.07936012
0.07936012
0.07936012
0.07936012
0.09561679
0.09561679
0.09959067
0.09959067
0.05958318
0.05958318
0.05773321
0.06145790
0.06696188
0.06341823
0.06341823
0.07184919
0.07184919
0.07184919
0.07184919
0.06513999
0.06513999
0.06513999
0.05812554
0.05812554
0.05812554
0.05812554
0.06628900
0.06628900
0.06628900
0.06628900
0.06746861
0.06262365
0.07334798
0.06404374
0.06404374
0.06404374
0.06168072
0.05708821
0.05708821
0.05708821
0.05708821
0.05708821
0.07847377
0.07564352
0.07604046
0.07604046
0.07604046
0.08728866
0.08588154
0.06829258
0.06829258
0.06829258
0.06829258
0.06860595
0.06860595
0.07163179
0.06238926
0.06323229
0.06033110
0.06130978
0.06130978
0.06130978
0.06080352
0.06080352
0.06080352
0.06080352
0.06080352
0.05420405
0.05420405
0.05420405
0.06550914
0.06550914
0.06842514
0.06009483
0.06009483
0.06009483
0.06009483
0.05923222
0.05923222
0.05923222
0.05923222
0.05152087
0.06015143
0.06015143
0.05691338
0.05691338
0.05691338
0.05691338
0.06485912
0.06636227
0.06636227
0.06636227
0.06636227
0.06623959
0.06623959
0.07358026
0.07219069
0.08102164
0.05074498
0.05074498
0.05160569
0.05173522
0.05713155
0.05099459
0.05099459
0.06090421
0.05785922
0.05785922
0.05476574
0.05476574
0.05476574
0.05908019
0.05069323
0.04938459
0.04873657
0.04873657
0.04873657
0.04978691
0.05208086
0.05150280
0.05102281
0.05102281
0.05414777
0.05414777
0.06182927
0.06182927
0.07227895
0.07227895
0.07227895
0.06563945
0.06664396
0.06664396
0.06664396
0.07006714
0.07401158
0.07593947
0.06709500
0.06709500
0.07681771
0.06062674
0.06933001
0.06933001
0.07268867
0.07268867
0.06645033
0.05380512
0.05380512
0.05380512
0.06339134
0.06339134
0.06339134
0.06339134
0.06339134
0.06299453
0.06299453
0.06299453
0.07208058
0.07208058
0.07208058
0.06184898
0.05735350
0.05468487
0.05801189
0.05801189
0.05801189
0.05801189
0.05801189
0.05801189
0.06167988
0.05972670
0.05972670
0.05972670
0.05972670
0.05976552
0.05976552
0.05976552
0.05976552
0.05976552
0.07841425
0.08175105
0.08175105
0.08220897
0.08220897
0.08220897
0.07096927
0.07132328
0.07132328
0.07132328
0.07132328
0.07132328
0.07132328
0.07132328
0.06684640
0.06357257
0.06357257
0.06357257
0.06720719
0.06720719
0.06720719
0.06720719
0.06720719
0.06720719
0.06098454
0.06098454
0.06098454
0.06098454
0.06098454
0.06098454
0.06364923
0.06364923
0.06364923
0.06285987
0.05922193
0.08160400
0.08160400
0.06514810
0.07208761
0.06763994
0.06763994
0.06658128
0.06658128
0.07714260
0.07714260
0.07712716
0.07317142
0.07317142
0.06285119
0.07242245
0.07242245
0.07242245
0.07242245
0.07242245
0.07242245
0.07242245
0.07242245
0.07365565
0.07180173
0.07180173
0.07887887
0.07278747
0.07278747
0.07278747
0.06759151
0.06759151
0.07267818
0.07267818
0.07267818
0.06542705
0.06870726
0.07969478
0.07969478
0.08414440
0.08414440
0.06635210
0.06635210
0.06248993
0.06248993
0.06428707
0.06428707
0.06227066
0.06227066
0.06227066
0.06227066
0.08565256
0.08565256
0.08565256
0.08263329
0.07688648
0.07880844
0.07880844
0.07880844
0.06835782
0.06835782
0.06835782
0.07383770
0.07383770
0.07383770
0.07383770
0.07383770
0.05860837
0.05860837
0.05860837
0.05810441
0.05810441
0.09451121
0.06214091
0.06214091
0.06266314
0.06977219
0.06977219
0.06977219
0.06977219
0.07657025
0.07502261
0.07849561
0.07849561
0.07394193
0.07131913
0.07131913
0.07141031
0.07141031
0.07600742
0.07360671
0.07360671
0.06767076
0.06767076
0.06767076
0.06767076
0.06643960
0.06499125
0.07755162
0.07755162
0.08716944
0.08716944
0.09276185
0.11101234
0.10622265
0.10622265
0.10622265
0.10622265
0.06789825
0.07457656
0.06477709
0.06477709
0.05628095
0.05685358
0.05685358
0.05685358
0.08126848
0.08857985
0.08475860
0.08475860
0.06489172
0.06489172
0.06730633
0.06730633
0.07088006
0.07088006
0.07088006
0.08329564
0.07984843
0.07984843
0.07984843
0.08006569
0.08006569
0.09156388
0.07805443
0.08487329
0.08487329
0.08487329
0.10100980
0.10100980
0.10100980
0.06747552
0.07413838
0.06952850
0.07918262
0.07918262
0.07918262
0.07918262
0.07918262
0.07218792
0.07798418
0.07382000
0.07563901
0.07568060
0.07568060
0.07568060
0.08869362
0.08869362
0.07090466
0.07090466
0.07090466
0.07304067
0.07304067
0.06862784
0.07732350
0.07072728
0.08438980
0.08438980
0.07459430
0.07060033
0.07090578
0.07090578
0.07090578
0.07090578
0.07262850
0.06926912
0.06926912
0.07150796
0.06987473
0.06987473
0.07725747
0.07725747
0.08406816
0.08406816
0.09190921
0.08689548
0.08689548
0.06667894
0.06667894
0.06667894
0.06969819
0.06969819
0.06969819
0.06969819
0.06969819
0.07786138
0.07453736
0.07453736
0.07650671
0.07331344
0.07331344
0.07331344
0.07731245
0.09027228
0.09447658
0.09447658
0.06522353
0.06522353
0.06522353
0.05960925
0.05960925
0.07818719
0.07903922
0.07903922
0.07903922
0.07541434
0.07541434
0.07646461
0.07646461
0.07646461
0.07662749
0.07662749
0.06585264
0.05788490
0.05788490
0.09042290
0.09042290
0.09042290
0.07406549
0.06835089
0.06835089
0.06835089
0.06835089
0.07229474
0.07392544
0.07934747
0.07934747
0.07934747
0.07934747
0.08496226
0.08496226
0.08496226
0.08496226
0.08496226
0.07370367
0.07635320
0.06789156
0.06384243
0.06066960
0.06066960
0.06414741
0.06281388
0.06639614
0.06639614
0.07061346
0.07850796
0.07804533
0.07591968
0.09001696
0.07072723
0.07072723
0.07072723
0.07687751
0.07651937
0.07540396
0.06903334
0.06903334
0.06903334
0.08206146
0.08185383
0.08185383
0.08339339
0.07986172
0.07986172
0.07592467
0.07903934
0.07903934
0.07903934
0.07903934
0.07903934
0.08207671
0.08207671
0.08207671
0.08207671
0.08207671
0.06845725
0.06845725
0.06780776
0.06780776
0.06780776
0.06312444
0.06312444
0.06312444
0.06173036
0.06173036
0.06173036
0.09590026
0.09590026
0.09590026
0.07536520
0.07536520
0.07536520
0.07536520
0.06689211
0.06689211
0.06689211
0.06689211
0.06689211
0.06689211
0.06689211
0.06689211
0.07524009
0.06872502
0.07599865
0.07589866
0.07589866
0.07743588
0.07222840
0.07222840
0.07065563
0.07065563
0.07672597
0.06834052
0.06559636
0.06765624
0.06335784
0.06527206
0.06527206
0.07585739
0.07805888
0.07012733
0.06824395
0.07094787
0.07931428
0.07931428
0.07931428
0.06577706
0.06577706
0.06718637
0.06718637
0.06718637
0.06718637
0.07387849
0.07159321
0.07159321
0.07837809
0.07837809
0.07412068
0.07412068
0.07412068
0.07593916
0.07311928
0.07828064
0.07828064
0.07828064
0.07828064
0.07644457
0.07644457
0.07644457
0.06677238
0.06677238
0.06677238
0.06677238
0.06677238
0.06677238
0.06677238
0.06677238
0.06248647
0.09370555
0.06793910
0.06738151
0.06387872
0.06387872
0.06387872
0.06359070
0.06359070
0.06932775
0.06932775
0.06797283
0.06797283
0.07595096
0.07595096
0.07162599
0.07162599
0.07270611
0.07270611
0.07270611
0.07270611
0.06886676
0.06886676
0.06886676
0.06886676
0.06886676
0.07410976
0.07410976
0.07410976
0.07410976
0.07410976
0.07410976
0.07410976
0.07410976
0.07824345
0.08252214
0.08252214
0.08252214
0.08711054
0.08711054
0.07033847
0.07033847
0.07256113
0.07283229
0.07283229
0.07242558
0.07242558
0.08103171
0.07791232
0.07791232
0.07022005
0.07022005
0.07043989
0.07718171
0.07254490
0.07188993
0.08729041
0.08729041
0.08729041
0.08729041
0.08729041
0.08729041
0.09331018
0.09331018
0.08963633
0.08963633
0.09553200
0.09553200
0.07574528
0.07574528
0.07574528
0.06802497
0.07068764
0.07068764
0.08294545
0.06898775
0.07810039
0.08542425
0.07391775
0.07703810
0.07703810
0.09989181
0.07537275
0.07537275
0.07152339
0.06883898
0.06883898
0.06746751
0.06746751
0.07358182
0.07437989
0.07437989
0.07498437
0.07213653
0.06247291
0.06247291
0.05955158
0.05858037
0.06290366
0.06290366
0.06290366
0.06290366
0.06290366
0.06290366
0.07640026
0.07640026
0.07640026
0.07640026
0.06767438
0.07322350
0.07322350
0.07322350
0.06632361
0.07930946
0.08575050
0.08575050
0.08575050
0.08575050
0.08575050
0.08039839
0.08039839
0.08039839
0.07655894
0.07499866
0.07499866
0.08116417
0.07195131
0.07195131
0.07195131
0.07961446
0.07961446
0.07371503
0.07195018
0.06541399
0.06541399
0.07431360
0.07407763
0.07407763
0.07407763
0.07100607
0.07100607
0.06920294
0.06920294
0.05700346
0.05700346
0.05700346
0.05924758
0.05702001
0.05702001
0.05702001
0.06215202
0.06680935
0.06063710
0.06063710
0.06063710
0.06063710
0.06063710
0.06063710
0.06851508
0.07197321
0.07197321
0.07197321
0.07197321
0.06749957
0.06382987
0.06382987
0.06382987
0.06102525
0.06198042
0.07172343
0.06768278
0.06768278
0.06252176
0.06252176
0.06252176
0.05978879
0.05509362
0.05693720
0.05679103
0.07042874
0.07042874
0.07042874
0.07069659
0.07069659
0.07069659
0.06978067
0.06978067
0.06978067
0.06978067
0.07119815
0.05606480
0.05493178
0.05336902
0.05336902
0.05008855
0.06517185
0.06517185
0.06517185
0.06517185
0.05308789
0.05910743
0.05910743
0.06301910
0.06096040
0.06935212
0.06288080
0.06288080
0.06420636
0.05565238
0.05565238
0.05565238
0.05963013
0.06083548
0.06083548
0.06075612
0.06075612
0.06075612
0.06946235
0.05833242
0.05936146
0.05936146
0.05599193
0.06233162
0.05993615
0.05993615
0.05993615
0.05993615
0.05997563
0.05997563
0.05997563
0.06015671
0.05317138
0.06450416
0.05305078
0.05224734
0.05770285
0.05698846
0.05728185
0.05481908
0.05660237
0.05660237
0.05660237
0.05502799
0.05502799
0.05502799
0.06005482
0.06703238
0.06236414
0.06236414
0.05408475
0.05394943
0.07070590
0.07070590
0.05599703
0.05395254
0.05235694
0.05196894
0.05458130
0.05458130
0.05458130
0.05458130
0.05200420
0.05498463
0.05431504
0.06106250
0.06062950
0.06758437
0.06758437
0.06758437
0.07054889
0.07054889
0.07984107
0.07984107
0.07984107
0.05446449
0.05963979
0.06561094
0.06561094
0.06561094
0.05653117
0.05653117
0.05653117
0.05653117
0.05653117
0.05717284
0.05756545
0.05833797
0.05833797
0.05833797
0.05833797
0.06165653
0.06165653
0.06092089
0.06092089
0.05557677
0.05557677
0.05834191
0.05834191
0.05834191
0.06179467
0.07807413
0.05300946
0.05553651
0.05553651
0.05553651
0.05407301
0.05540211
0.05467815
0.05306630
0.05030488
0.05030488
0.05052744
0.05052744
0.05463721
0.05370191
0.05370191
0.05370191
0.05375512
0.05378559
0.05378559
0.05378559
0.05337460
0.05337460
0.05362766
0.05368843
0.05645090
0.05169387
0.05001498
0.05323623
0.05323623
0.05323623
0.05446228
0.05530502
0.05530502
0.05823415
