0.00000000
0.27387072
0.27387072
0.27387072
0.27500861
0.11268785
0.11268785
0.11502191
0.11502191
0.11502191
0.12202887
0.15526130
0.14286570
0.14417775
0.14227393
0.14227393
0.14637342
0.14637342
0.12101447
0.12101447
0.12101447
0.12066004
0.10701400
0.10701400
0.10701400
0.12537728
0.12537728
0.12452647
0.12452647
0.12452647
0.12082672
0.11784300
0.11784300
0.13867523
0.13867523
0.12399138
0.12070044
0.12688812
0.12814624
0.12814624
0.13866010
0.12889692
0.12889692
0.12889692
0.11770191
0.11367352
0.11367352
0.11199130
0.11410904
0.11410904
0.11949009
0.11949009
0.11949009
0.11949009
0.11982577
0.11927921
0.11957467
0.11957467
0.11957467
0.11957467
0.11957467
0.10728182
0.10477082
0.10263875
0.10263875
0.10263875
0.10263875
0.10732596
0.10732596
0.11053216
0.11053216
0.11053216
0.11053216
0.11053216
0.11802999
0.11802999
0.11802999
0.11900855
0.11086110
0.11652210
0.12329096
0.11737956
0.11997683
0.11997683
0.11997683
0.11675701
0.11675701
0.11675701
0.11355820
0.11355820
0.12327474
0.12327474
0.12327474
0.12327474
0.12327474
0.12946039
0.11790259
0.10786306
0.10786306
0.10333794
0.10293488
0.10293488
0.10293488
0.09682152
0.11223337
0.11223337
0.10504562
0.10661242
0.11281659
0.12073676
0.12073676
0.10960955
0.11957263
0.11957263
0.10493221
0.09915649
0.09915649
0.09915649
0.09890474
0.09332867
0.09315955
0.09517906
0.09625197
0.08656627
0.08656627
0.08656627
0.07709426
0.09680742
0.09680742
0.09680742
0.09680742
0.09680742
0.08553929
0.08559259
0.08559259
0.08123599
0.08669562
0.09619966
0.08398277
0.07341202
0.06949700
0.06949700
0.06949700
0.06949700
0.06814470
0.06814470
0.06259217
0.06259217
0.06259217
0.06259217
0.08802605
0.08599078
0.09390026
0.07043506
0.07242487
0.07242487
0.07242487
0.07242487
0.07184026
0.07184026
0.09882995
0.09064031
0.09466050
0.07296462
0.07296462
0.08804882
0.09898490
0.09553532
0.09553532
0.09553532
0.09166378
0.09681842
0.08887914
0.08887914
0.08887914
0.08092894
0.08092894
0.08598882
0.07225374
0.07225374
0.07225374
0.07470031
0.07470031
0.07470031
0.07429667
0.07429667
0.08018089
0.07797002
0.07797002
0.07773842
0.09075295
0.08229505
0.08834911
0.07014226
0.07014226
0.07014226
0.07014226
0.06944436
0.07102704
0.07102704
0.07857778
0.08082142
0.08082142
0.07908188
0.07908188
0.08008887
0.08008887
0.07397308
0.08312956
0.07414265
0.08178685
0.09592234
0.09592234
0.09592234
0.09592234
0.09592234
0.09592234
0.07668271
0.07697524
0.07697524
0.06463239
0.06463239
0.06473583
0.06473583
0.06473583
0.06701328
0.06426367
0.06426367
0.07956972
0.07956972
0.07514799
0.07514799
0.07514799
0.07719115
0.08139538
0.08055680
0.08055680
0.05656520
0.06958377
0.05721558
0.06204706
0.05429567
0.05429567
0.05429567
0.05287235
0.05287235
0.05303536
0.05519923
0.06112381
0.06112381
0.06281216
0.06905786
0.06231146
0.06231146
0.06231146
0.06231146
0.05123973
0.05129907
0.05212822
0.05212822
0.05212822
0.05212822
0.05212822
0.05212822
0.05480059
0.05405863
0.06187311
0.06187311
0.06187311
0.05751475
0.05482369
0.05482369
0.06049642
0.06049642
0.06554253
0.06554253
0.07304474
0.07304474
0.07304474
0.06395550
0.06154669
0.06065460
0.05697138
0.05251938
0.05251938
0.05251938
0.05251938
0.05251938
0.05251938
0.05251938
0.05251938
0.06100415
0.06100415
0.06266977
0.05911412
0.05911412
0.05911412
0.05907900
0.05907900
0.07634875
0.07634875
0.05527140
0.05527140
0.05527140
0.05527140
0.05527140
0.05498613
0.05263069
0.05263069
0.05094658
0.05094658
0.05666192
0.05103660
0.05292245
0.05292245
0.05292245
0.05714772
0.06431888
0.06431888
0.06431888
0.05588137
0.05351555
0.05462541
0.05462541
0.05395304
0.05395304
0.05188026
0.04907966
0.04907966
0.04907966
0.04907966
0.04877248
0.04795434
0.04795434
0.04788659
0.04788659
0.04788659
0.04788659
0.04788659
0.04788659
0.04878693
0.04878693
0.05457381
0.05457381
0.05782728
0.05782728
0.05240437
0.05078820
0.05568400
0.05848480
0.05848480
0.05322640
0.05322640
0.05322640
0.05322640
0.05211991
0.05211991
0.05211991
0.05225677
0.05225677
0.05225677
0.05225677
0.05395354
0.05395354
0.05395354
0.05395354
0.06216792
0.07584586
0.04967547
0.04940274
0.04940274
0.04940274
0.05384616
0.05952986
0.05952986
0.05952986
0.05952986
0.05952986
0.05156834
0.05202945
0.05982339
0.05982339
0.05982339
0.05512829
0.06000385
0.05037790
0.05037790
0.05037790
0.05037790
0.05591356
0.05591356
0.06095323
0.05925883
0.05765706
0.06134671
0.05548791
0.05548791
0.05548791
0.05233597
0.05233597
0.05233597
0.05233597
0.05233597
0.05926162
0.05926162
0.05926162
0.04906052
0.04906052
0.04987055
0.04966111
0.04966111
0.04966111
0.04966111
0.05610175
0.05610175
0.05610175
0.05610175
0.06125358
0.05557780
0.05557780
0.06420708
0.06420708
0.06420708
0.06420708
0.06482198
0.06475192
0.06475192
0.06475192
0.06475192
0.05564805
0.05564805
0.05167326
0.05356891
0.05523744
0.06081357
0.06081357
0.06501608
0.06339799
0.05078575
0.05304968
0.05304968
0.05911768
0.05335531
0.05335531
0.06569597
0.06569597
0.06569597
0.05709722
0.06049963
0.05669626
0.05290874
0.05290874
0.05290874
0.05922657
0.05506820
0.06015847
0.05954297
0.05954297
0.04874038
0.04874038
0.05028749
0.05028749
0.05571271
0.05571271
0.05571271
0.05607863
0.05173131
0.05173131
0.05173131
0.05724083
0.06704330
0.07491852
0.08029700
0.08029700
0.08447888
0.05645025
0.05806429
0.05806429
0.06200325
0.06200325
0.05068284
0.06025949
0.06025949
0.06025949
0.05313365
0.05313365
0.05313365
0.05313365
0.05313365
0.05431564
0.05431564
0.05431564
0.05332918
0.05332918
0.05332918
0.05192783
0.05055813
0.05143413
0.04935805
0.04935805
0.04935805
0.04935805
0.04935805
0.04935805
0.04952826
0.04858814
0.04858814
0.04858814
0.04858814
0.05303597
0.05303597
0.05303597
0.05303597
0.05303597
0.05328112
0.06063843
0.06063843
0.06288560
0.06288560
0.06288560
0.06570239
0.06170167
0.06170167
0.06170167
0.06170167
0.06170167
0.06170167
0.06170167
0.05109739
0.05243427
0.05243427
0.05243427
0.05349637
0.05349637
0.05349637
0.05349637
0.05349637
0.05349637
0.04674957
0.04674957
0.04674957
0.04674957
0.04674957
0.04674957
0.05720499
0.05720499
0.05720499
0.05638405
0.06012435
0.05428702
0.05428702
0.05884495
0.05334973
0.05272620
0.05272620
0.05351756
0.05351756
0.06129652
0.06129652
0.07433325
0.08073762
0.08073762
0.06098440
0.05960326
0.05960326
0.05960326
0.05960326
0.05960326
0.05960326
0.05960326
0.05960326
0.07244750
0.07636556
0.07636556
0.05453869
0.05528847
0.05528847
0.05528847
0.05744097
0.05744097
0.05984897
0.05984897
0.05984897
0.06130391
0.06540439
0.05952964
0.05952964
0.05793820
0.05793820
0.06841478
0.06841478
0.07767614
0.07767614
0.07438267
0.07438267
0.06874113
0.06874113
0.06874113
0.06874113
0.07429071
0.07429071
0.07429071
0.07513774
0.07514774
0.07841639
0.07841639
0.07841639
0.07065973
0.07065973
0.07065973
0.08286338
0.08286338
0.08286338
0.08286338
0.08286338
0.08401837
0.08401837
0.08401837
0.07823469
0.07823469
0.07889319
0.09167528
0.09167528
0.08854262
0.08155736
0.08155736
0.08155736
0.08155736
0.08602592
0.08291048
0.08038902
0.08038902
0.08283141
0.08013062
0.08013062
0.08566322
0.08566322
0.08691282
0.07618190
0.07618190
0.07524829
0.07524829
0.07524829
0.07524829
0.08117347
0.08633105
0.08030961
0.08030961
0.07575300
0.07575300
0.07236503
0.07511404
0.07727632
0.07727632
0.07727632
0.07727632
0.07689363
0.07259621
0.07801921
0.07801921
0.08884481
0.08729118
0.08729118
0.08729118
0.07222895
0.06789912
0.06699666
0.06699666
0.07546731
0.07546731
0.07610267
0.07610267
0.08039322
0.08039322
0.08039322
0.07912422
0.07284033
0.07284033
0.07284033
0.07685920
0.07685920
0.07323001
0.07464403
0.07732353
0.07732353
0.07732353
0.07390870
0.07390870
0.07390870
0.07739762
0.08094929
0.08290903
0.07284511
0.07284511
0.07284511
0.07284511
0.07284511
0.07541184
0.08026613
0.07078155
0.08034989
0.07988708
0.07988708
0.07988708
0.06770229
0.06770229
0.07969318
0.07969318
0.07969318
0.08083895
0.08083895
0.06711850
0.05955667
0.08035236
0.06788063
0.06788063
0.07710318
0.08023487
0.06802765
0.06802765
0.06802765
0.06802765
0.06995254
0.07423324
0.07423324
0.07004689
0.07212690
0.07212690
0.07204913
0.07204913
0.07909822
0.07909822
0.07654663
0.07831766
0.07831766
0.07222219
0.07222219
0.07222219
0.07189096
0.07189096
0.07189096
0.07189096
0.07189096
0.06495925
0.07706878
0.07706878
0.07283164
0.07182966
0.07182966
0.07182966
0.06851140
0.07227656
0.07330018
0.07330018
0.07220182
0.07220182
0.07220182
0.08029651
0.08029651
0.07754371
0.08113947
0.08113947
0.08113947
0.09247497
0.09247497
0.06809309
0.06809309
0.06809309
0.07186625
0.07186625
0.08004499
0.07704005
0.07704005
0.06978268
0.06978268
0.06978268
0.08142002
0.07551668
0.07551668
0.07551668
0.07551668
0.07731411
0.08036521
0.06853480
0.06853480
0.06853480
0.06853480
0.06644777
0.06644777
0.06644777
0.06644777
0.06644777
0.08250682
0.07868448
0.08773126
0.09138914
0.08797817
0.08797817
0.09583377
0.09119665
0.08461227
0.08461227
0.08718087
0.07353560
0.06792608
0.07208689
0.06936428
0.07946836
0.07946836
0.07946836
0.06258607
0.07116380
0.07165339
0.08208717
0.08208717
0.08208717
0.07053327
0.08523422
0.08523422
0.09801914
0.07232945
0.07232945
0.07989870
0.07476290
0.07476290
0.07476290
0.07476290
0.07476290
0.07078439
0.07078439
0.07078439
0.07078439
0.07078439
0.07174675
0.07174675
0.07038500
0.07038500
0.07038500
0.07340302
0.07340302
0.07340302
0.07757447
0.07757447
0.07757447
0.06930504
0.06930504
0.06930504
0.07633194
0.07633194
0.07633194
0.07633194
0.07697064
0.07697064
0.07697064
0.07697064
0.07697064
0.07697064
0.07697064
0.07697064
0.06463789
0.06761131
0.09528083
0.07321464
0.07321464
0.07352877
0.07256300
0.07256300
0.08094031
0.08094031
0.07034093
0.07382695
0.07830076
0.07921777
0.06853687
0.06949701
0.06949701
0.06918904
0.06867691
0.07955947
0.08228055
0.07976311
0.07377916
0.07377916
0.07377916
0.07088465
0.07088465
0.07368071
0.07368071
0.07368071
0.07368071
0.08654143
0.06918266
0.06918266
0.06665104
0.06665104
0.07878047
0.07878047
0.07878047
0.08289781
0.08255279
0.08342208
0.08342208
0.08342208
0.08342208
0.07306815
0.07306815
0.07306815
0.06881943
0.06881943
0.06881943
0.06881943
0.06881943
0.06881943
0.06881943
0.06881943
0.06603824
0.06660351
0.07217871
0.06893478
0.07231086
0.07231086
0.07231086
0.07484780
0.07484780
0.07330018
0.07330018
0.07758703
0.07758703
0.07414456
0.07414456
0.07786537
0.07786537
0.08852279
0.08852279
0.08852279
0.08852279
0.08099501
0.08099501
0.08099501
0.08099501
0.08099501
0.06635167
0.06635167
0.06635167
0.06635167
0.06635167
0.06635167
0.06635167
0.06635167
0.07029796
0.07229991
0.07229991
0.07229991
0.06576193
0.06576193
0.06754190
0.06754190
0.06697684
0.06338977
0.06338977
0.06268884
0.06268884
0.06162079
0.06821659
0.06821659
0.07163845
0.07163845
0.06732098
0.06949897
0.07451104
0.08271797
0.06860849
0.06860849
0.06860849
0.06860849
0.06860849
0.06860849
0.06504987
0.06504987
0.06705988
0.06705988
0.06916687
0.06916687
0.08461273
0.08461273
0.08461273
0.07812877
0.08201500
0.08201500
0.06320366
0.06863084
0.07908186
0.07798686
0.06764159
0.06184618
0.06184618
0.06018127
0.07188327
0.07188327
0.08205117
0.08709972
0.08709972
0.09169280
0.09169280
0.08721368
0.06472551
0.06472551
0.06856785
0.06563672
0.06861304
0.06861304
0.07352764
0.06422007
0.06204816
0.06204816
0.06204816
0.06204816
0.06204816
0.06204816
0.07207345
0.07207345
0.07207345
0.07207345
0.07564371
0.07295408
0.07295408
0.07295408
0.07495992
0.07011739
0.06855973
0.06855973
0.06855973
0.06855973
0.06855973
0.07386113
0.07386113
0.07386113
0.06608164
0.06354304
0.06354304
0.06980118
0.06941726
0.06941726
0.06941726
0.06821718
0.06821718
0.06502049
0.06738420
0.06620026
0.06620026
0.07379557
0.07379557
0.07379557
0.07379557
0.06315965
0.06315965
0.07192345
0.07192345
0.06752433
0.06752433
0.06752433
0.07261925
0.06877550
0.06877550
0.06877550
0.06043963
0.06271965
0.06850409
0.06850409
0.06850409
0.06850409
0.06850409
0.06850409
0.07869381
0.08909996
0.08909996
0.08909996
0.08909996
0.09674434
0.09153907
0.09153907
0.09153907
0.06448108
0.06618228
0.06051858
0.07305978
0.07305978
0.06706159
0.06706159
0.06706159
0.06052071
0.06384938
0.06269851
0.07091902
0.07091563
0.07091563
0.07091563
0.06264811
0.06264811
0.06264811
0.06031790
0.06031790
0.06031790
0.06031790
0.05845301
0.06782180
0.06530072
0.06684224
0.06684224
0.06587983
0.07719872
0.07719872
0.07719872
0.07719872
0.07875761
0.05822855
0.05822855
0.06501195
0.06183943
0.06281193
0.06591949
0.06591949
0.06951508
0.06696942
0.06696942
0.06696942
0.06580006
0.06201969
0.06201969
0.06862211
0.06862211
0.06862211
0.06056662
0.06602614
0.05951988
0.05951988
0.05700077
0.05765916
0.05697389
0.05697389
0.05697389
0.05697389
0.05465008
0.05465008
0.05465008
0.05941135
0.06043134
0.05747459
0.06582991
0.06622784
0.06411320
0.06594549
0.06422869
0.05441277
0.05655087
0.05655087
0.05655087
0.07012950
0.07012950
0.07012950
0.05989948
0.06381613
0.05137933
0.05137933
0.05579979
0.05430618
0.05336881
0.05336881
0.05741302
0.05166172
0.06318365
0.05554615
0.05629656
0.05629656
0.05629656
0.05629656
0.06126643
0.05387458
0.06149046
0.05676574
0.05671528
0.05553812
0.05553812
0.05553812
0.05932733
0.05932733
0.05848826
0.05848826
0.05848826
0.07209941
0.04764400
0.04899312
0.04899312
0.04899312
0.05297499
0.05297499
0.05297499
0.05297499
0.05297499
0.04918515
0.05635107
0.05298547
0.05298547
0.05298547
0.05298547
0.05099018
0.05099018
0.05416378
0.05416378
0.06440977
0.06440977
0.04718095
0.04718095
0.04718095
0.04639610
0.04763582
0.06191298
0.05229965
0.05229965
0.05229965
0.04794108
0.04463621
0.04730836
0.04282028
0.04324736
0.04324736
0.04923240
0.04923240
0.05954508
0.07734172
0.07734172
0.07734172
0.04309487
0.04445203
0.04445203
0.04445203
0.04773814
0.04773814
0.05585351
0.05016081
0.04803605
0.04353041
0.04183027
0.04830932
0.04830932
0.04830932
0.04876022
0.05344639
0.05344639
0.04363593
