0.00000000
0.30480023
0.30480023
0.30480023
0.30067301
0.08608557
0.08608557
0.08945874
0.08945874
0.08945874
0.10016897
0.10410899
0.09774995
0.08920408
0.10286540
0.10286540
0.10483570
0.10483570
0.09251217
0.09251217
0.09251217
0.10150306
0.08169987
0.08169987
0.08169987
0.08627904
0.08627904
0.08673341
0.08673341
0.08673341
0.08968628
0.09928363
0.09928363
0.09174504
0.09174504
0.08703440
0.08651400
0.08362833
0.09507767
0.09507767
0.09192092
0.10274113
0.10274113
0.10274113
0.09393300
0.10052268
0.10052268
0.10268212
0.09413021
0.09413021
0.09671466
0.09671466
0.09671466
0.09671466
0.09575177
0.09743667
0.10851821
0.10851821
0.10851821
0.10851821
0.10851821
0.10712635
0.10116881
0.10306295
0.10306295
0.10306295
0.10306295
0.10338413
0.10338413
0.10720900
0.10720900
0.10720900
0.10720900
0.10720900
0.09342162
0.09342162
0.09342162
0.11637744
0.11309706
0.11981911
0.12503413
0.11868099
0.12382988
0.12382988
0.12382988
0.12463779
0.12463779
0.12463779
0.11099443
0.11099443
0.11573702
0.11573702
0.11573702
0.11573702
0.11573702
0.12107086
0.12289090
0.11390643
0.11390643
0.10919876
0.10493568
0.10493568
0.10493568
0.10527681
0.10678918
0.10678918
0.09922374
0.10383646
0.10824554
0.10871416
0.10871416
0.09673250
0.10423740
0.10423740
0.10220430
0.10494164
0.10494164
0.10494164
0.09645638
0.09314311
0.08628472
0.09433179
0.09183154
0.08944964
0.08944964
0.08944964
0.08042585
0.07123035
0.07123035
0.07123035
0.07123035
0.07123035
0.06037902
0.06027419
0.06027419
0.05329460
0.05341695
0.05905188
0.06047692
0.05413842
0.05661983
0.05661983
0.05661983
0.05661983
0.05718370
0.05718370
0.05785732
0.05785732
0.05785732
0.05785732
0.06020826
0.05813147
0.05714635
0.04824822
0.05324302
0.05324302
0.05324302
0.05324302
0.05544462
0.05544462
0.06266312
0.04770517
0.05107879
0.04972267
0.04972267
0.04677684
0.04531348
0.04671027
0.04671027
0.04671027
0.04548414
0.04734785
0.04686861
0.04686861
0.04686861
0.04741553
0.04741553
0.04997666
0.04924866
0.04924866
0.04924866
0.04869110
0.04869110
0.04869110
0.04567534
0.04567534
0.05802658
0.05228472
0.05228472
0.05834668
0.06562047
0.04421603
0.05434470
0.04500378
0.04500378
0.04500378
0.04500378
0.04408525
0.04963486
0.04963486
0.04697306
0.04410450
0.04410450
0.04294135
0.04294135
0.04273214
0.04273214
0.04050433
0.04678926
0.04858060
0.04410723
0.04502380
0.04502380
0.04502380
0.04502380
0.04502380
0.04502380
0.05026765
0.04662492
0.04662492
0.04488642
0.04488642
0.04778213
0.04778213
0.04778213
0.05440964
0.06357383
0.06357383
0.04581037
0.04581037
0.05608308
0.05608308
0.05608308
0.05004983
0.05180307
0.05250015
0.05250015
0.04196587
0.04935125
0.04370756
0.04820702
0.04319745
0.04319745
0.04319745
0.04004380
0.04004380
0.04248760
0.04401896
0.04759943
0.04759943
0.04671370
0.04863869
0.05033599
0.05033599
0.05033599
0.05033599
0.04708682
0.04834525
0.04936563
0.04936563
0.04936563
0.04936563
0.04936563
0.04936563
0.05293995
0.03912535
0.04184771
0.04184771
0.04184771
0.04070105
0.04434121
0.04434121
0.04140415
0.04140415
0.04196288
0.04196288
0.04726547
0.04726547
0.04726547
0.04037914
0.03945383
0.04285103
0.04454376
0.04138519
0.04138519
0.04138519
0.04138519
0.04138519
0.04138519
0.04138519
0.04138519
0.04058806
0.04058806
0.04118240
0.04149764
0.04149764
0.04149764
0.04231257
0.04231257
0.04298394
0.04298394
0.04113592
0.04113592
0.04113592
0.04113592
0.04113592
0.04310674
0.04564963
0.04564963
0.04617933
0.04617933
0.05071680
0.04891061
0.04160570
0.04160570
0.04160570
0.04282313
0.04217612
0.04217612
0.04217612
0.04910723
0.04744940
0.04191769
0.04191769
0.04080428
0.04080428
0.04080428
0.04010218
0.04010218
0.04010218
0.04010218
0.04023115
0.04113102
0.04113102
0.04113549
0.04113549
0.04113549
0.04113549
0.04113549
0.04113549
0.04151598
0.04151598
0.04325302
0.04325302
0.04180393
0.04180393
0.04302640
0.04384567
0.04334747
0.04397766
0.04397766
0.04241856
0.04241856
0.04241856
0.04241856
0.04253956
0.04253956
0.04253956
0.05130561
0.05130561
0.05130561
0.05130561
0.05356110
0.05356110
0.05356110
0.05356110
0.04874311
0.05585124
0.03971621
0.04343072
0.04343072
0.04343072
0.04363942
0.04276637
0.04276637
0.04276637
0.04276637
0.04276637
0.04000137
0.03970190
0.04104804
0.04104804
0.04104804
0.03857176
0.03975371
0.03965446
0.03965446
0.03965446
0.03965446
0.04380992
0.04380992
0.05096933
0.04863777
0.04441644
0.04688598
0.04609054
0.04609054
0.04609054
0.04386430
0.04386430
0.04386430
0.04386430
0.04386430
0.04526912
0.04526912
0.04526912
0.04285595
0.04285595
0.04520532
0.04858681
0.04858681
0.04858681
0.04858681
0.04751327
0.04751327
0.04751327
0.04751327
0.04669879
0.04246870
0.04246870
0.04158108
0.04158108
0.04158108
0.04158108
0.04073726
0.04563678
0.04563678
0.04563678
0.04563678
0.05041437
0.05041437
0.04469417
0.05576335
0.06366924
0.04244216
0.04244216
0.04261014
0.04381077
0.04409839
0.04470281
0.04470281
0.04937397
0.04484527
0.04484527
0.04545239
0.04545239
0.04545239
0.04530644
0.04380876
0.04348310
0.04749039
0.04749039
0.04749039
0.04940181
0.05180730
0.05490238
0.05981873
0.05981873
0.05066419
0.05066419
0.04717004
0.04717004
0.04689377
0.04689377
0.04689377
0.05122045
0.04736149
0.04736149
0.04736149
0.04806428
0.05406101
0.05365609
0.06031673
0.06031673
0.05939679
0.04237188
0.04712959
0.04712959
0.05045436
0.05045436
0.04583480
0.04211093
0.04211093
0.04211093
0.04701761
0.04701761
0.04701761
0.04701761
0.04701761
0.04433237
0.04433237
0.04433237
0.04555148
0.04555148
0.04555148
0.04393741
0.04570477
0.04296580
0.04679382
0.04679382
0.04679382
0.04679382
0.04679382
0.04679382
0.04459653
0.05066943
0.05066943
0.05066943
0.05066943
0.05007604
0.05007604
0.05007604
0.05007604
0.05007604
0.04653534
0.04158592
0.04158592
0.03996897
0.03996897
0.03996897
0.04275987
0.05220839
0.05220839
0.05220839
0.05220839
0.05220839
0.05220839
0.05220839
0.04433740
0.04538313
0.04538313
0.04538313
0.04541185
0.04541185
0.04541185
0.04541185
0.04541185
0.04541185
0.04951810
0.04951810
0.04951810
0.04951810
0.04951810
0.04951810
0.05084407
0.05084407
0.05084407
0.05759737
0.05782986
0.04955185
0.04955185
0.04221856
0.04332977
0.04569546
0.04569546
0.04772911
0.04772911
0.04073822
0.04073822
0.04211069
0.04416809
0.04416809
0.04281896
0.04325509
0.04325509
0.04325509
0.04325509
0.04325509
0.04325509
0.04325509
0.04325509
0.03942798
0.03961682
0.03961682
0.04407449
0.04365168
0.04365168
0.04365168
0.04624564
0.04624564
0.04746685
0.04746685
0.04746685
0.04593779
0.04562972
0.05171285
0.05171285
0.05131130
0.05131130
0.04361877
0.04361877
0.04588486
0.04588486
0.04398512
0.04398512
0.04298417
0.04298417
0.04298417
0.04298417
0.05461418
0.05461418
0.05461418
0.05709263
0.04490978
0.05519815
0.05519815
0.05519815
0.06119733
0.06119733
0.06119733
0.05266434
0.05266434
0.05266434
0.05266434
0.05266434
0.05740857
0.05740857
0.05740857
0.06312847
0.06312847
0.07064036
0.05780851
0.05780851
0.05744809
0.05815720
0.05815720
0.05815720
0.05815720
0.06442361
0.04912241
0.05995167
0.05995167
0.06519475
0.06365433
0.06365433
0.05392486
0.05392486
0.05945956
0.06600877
0.06600877
0.06931451
0.06931451
0.06931451
0.06931451
0.06469091
0.06850132
0.06868956
0.06868956
0.07357070
0.07357070
0.08668589
0.07556657
0.06373539
0.06373539
0.06373539
0.06373539
0.07653067
0.07982243
0.08035048
0.08035048
0.07584716
0.08088914
0.08088914
0.08088914
0.08108018
0.07407399
0.07071992
0.07071992
0.07052946
0.07052946
0.06138825
0.06138825
0.05544176
0.05544176
0.05544176
0.06012071
0.06853720
0.06853720
0.06853720
0.06949808
0.06949808
0.06429594
0.07779051
0.07717878
0.07717878
0.07717878
0.06201852
0.06201852
0.06201852
0.06713014
0.06485796
0.05251898
0.06400589
0.06400589
0.06400589
0.06400589
0.06400589
0.05668111
0.05372053
0.05491797
0.06277924
0.07310643
0.07310643
0.07310643
0.09110032
0.09110032
0.06151018
0.06151018
0.06151018
0.05671040
0.05671040
0.07826633
0.09468291
0.06675941
0.05986609
0.05986609
0.05498869
0.05062266
0.06872879
0.06872879
0.06872879
0.06872879
0.06932085
0.07162319
0.07162319
0.06719397
0.07377144
0.07377144
0.06496283
0.06496283
0.06362130
0.06362130
0.07010386
0.06949525
0.06949525
0.05756386
0.05756386
0.05756386
0.05452733
0.05452733
0.05452733
0.05452733
0.05452733
0.05258690
0.05554329
0.05554329
0.05474704
0.06305521
0.06305521
0.06305521
0.06536933
0.05572285
0.05036984
0.05036984
0.05322302
0.05322302
0.05322302
0.04888109
0.04888109
0.04818602
0.05312661
0.05312661
0.05312661
0.04959025
0.04959025
0.06962288
0.06962288
0.06962288
0.06882613
0.06882613
0.05827163
0.05970015
0.05970015
0.06585515
0.06585515
0.06585515
0.05105419
0.05194096
0.05194096
0.05194096
0.05194096
0.05234878
0.04990263
0.06888887
0.06888887
0.06888887
0.06888887
0.06037618
0.06037618
0.06037618
0.06037618
0.06037618
0.05455136
0.05267690
0.05005439
0.05514385
0.05199389
0.05199389
0.04368154
0.04888368
0.05390977
0.05390977
0.04914976
0.05820352
0.06547562
0.07017743
0.07104604
0.04985473
0.04985473
0.04985473
0.07488388
0.06154962
0.05767648
0.05197242
0.05197242
0.05197242
0.06519981
0.05516945
0.05516945
0.04693903
0.05787233
0.05787233
0.04804791
0.05779129
0.05779129
0.05779129
0.05779129
0.05779129
0.04915397
0.04915397
0.04915397
0.04915397
0.04915397
0.04923179
0.04923179
0.04771303
0.04771303
0.04771303
0.04489535
0.04489535
0.04489535
0.04742088
0.04742088
0.04742088
0.06455111
0.06455111
0.06455111
0.04111363
0.04111363
0.04111363
0.04111363
0.04239078
0.04239078
0.04239078
0.04239078
0.04239078
0.04239078
0.04239078
0.04239078
0.06585262
0.05217913
0.04602808
0.04769689
0.04769689
0.05849028
0.05684893
0.05684893
0.05127257
0.05127257
0.05791969
0.05282496
0.04736223
0.04456637
0.06450008
0.06330889
0.06330889
0.06507638
0.06976245
0.06179388
0.05090569
0.04492058
0.05549013
0.05549013
0.05549013
0.05536667
0.05536667
0.05697804
0.05697804
0.05697804
0.05697804
0.05076894
0.07148269
0.07148269
0.07872007
0.07872007
0.05781443
0.05781443
0.05781443
0.05500171
0.05290057
0.06136155
0.06136155
0.06136155
0.06136155
0.05986522
0.05986522
0.05986522
0.05273424
0.05273424
0.05273424
0.05273424
0.05273424
0.05273424
0.05273424
0.05273424
0.05627093
0.06424185
0.05675178
0.06542994
0.06909692
0.06909692
0.06909692
0.06084028
0.06084028
0.07148643
0.07148643
0.05975125
0.05975125
0.06307411
0.06307411
0.06196025
0.06196025
0.05705903
0.05705903
0.05705903
0.05705903
0.07002065
0.07002065
0.07002065
0.07002065
0.07002065
0.07191515
0.07191515
0.07191515
0.07191515
0.07191515
0.07191515
0.07191515
0.07191515
0.05580791
0.04965614
0.04965614
0.04965614
0.07108242
0.07108242
0.04853848
0.04853848
0.04365698
0.04857507
0.04857507
0.05606718
0.05606718
0.06191202
0.05766908
0.05766908
0.05498823
0.05498823
0.07082153
0.05828167
0.05754443
0.05999147
0.06154870
0.06154870
0.06154870
0.06154870
0.06154870
0.06154870
0.05529466
0.05529466
0.06267160
0.06267160
0.05682753
0.05682753
0.06134864
0.06134864
0.06134864
0.07510020
0.07389595
0.07389595
0.06855436
0.05875048
0.05314257
0.04709531
0.05836675
0.06123659
0.06123659
0.06218934
0.06143171
0.06143171
0.05229118
0.05202171
0.05202171
0.05797382
0.05797382
0.06414191
0.06251759
0.06251759
0.06031166
0.07146239
0.05883219
0.05883219
0.06457405
0.07879090
0.07329525
0.07329525
0.07329525
0.07329525
0.07329525
0.07329525
0.06126573
0.06126573
0.06126573
0.06126573
0.04992488
0.05686010
0.05686010
0.05686010
0.05671100
0.04800418
0.06202171
0.06202171
0.06202171
0.06202171
0.06202171
0.06446755
0.06446755
0.06446755
0.05003213
0.04913733
0.04913733
0.04764296
0.04121313
0.04121313
0.04121313
0.07428269
0.07428269
0.06913188
0.05145012
0.04827754
0.04827754
0.05173222
0.05173222
0.05173222
0.05173222
0.06247918
0.06247918
0.04297708
0.04297708
0.06786000
0.06786000
0.06786000
0.06876218
0.07485510
0.07485510
0.07485510
0.09777942
0.06148333
0.07067668
0.07067668
0.07067668
0.07067668
0.07067668
0.07067668
0.06356515
0.05589193
0.05589193
0.05589193
0.05589193
0.04414975
0.04553841
0.04553841
0.04553841
0.06279979
0.05498913
0.06742592
0.04633968
0.04633968
0.05210549
0.05210549
0.05210549
0.07190290
0.06347090
0.06532799
0.07011703
0.05122478
0.05122478
0.05122478
0.06655294
0.06655294
0.06655294
0.07343538
0.07343538
0.07343538
0.07343538
0.08227952
0.06594369
0.04323499
0.04485354
0.04485354
0.04391849
0.05476823
0.05476823
0.05476823
0.05476823
0.03909023
0.06212459
0.06212459
0.05087735
0.06160760
0.04540643
0.05139015
0.05139015
0.04501710
0.04232155
0.04232155
0.04232155
0.04469399
0.05571703
0.05571703
0.04787822
0.04787822
0.04787822
0.04884917
0.04441215
0.05533700
0.05533700
0.05170588
0.04318179
0.05132380
0.05132380
0.05132380
0.05132380
0.05240922
0.05240922
0.05240922
0.04624321
0.05045046
0.05790590
0.04525058
0.04730552
0.04944208
0.04275594
0.04365011
0.05200586
0.05129600
0.05129600
0.05129600
0.04489745
0.04489745
0.04489745
0.05293745
0.05172384
0.04214719
0.04214719
0.05179150
0.05157798
0.05395856
0.05395856
0.04719990
0.05503734
0.04685890
0.05221575
0.04576719
0.04576719
0.04576719
0.04576719
0.04404474
0.05649192
0.04121131
0.06524054
0.05850222
0.06332433
0.06332433
0.06332433
0.05035945
0.05035945
0.04455320
0.04455320
0.04455320
0.04990070
0.07514514
0.07862785
0.07862785
0.07862785
0.08348972
0.08348972
0.08348972
0.08348972
0.08348972
0.09476048
0.05841768
0.06834198
0.06834198
0.06834198
0.06834198
0.07591309
0.07591309
0.06806389
0.06806389
0.05876432
0.05876432
0.06754669
0.06754669
0.06754669
0.07317465
0.07009149
0.04994690
0.04664399
0.04664399
0.04664399
0.04113990
0.06176132
0.05334942
0.06508264
0.08073057
0.08073057
0.08235079
0.08235079
0.10201439
0.11986729
0.11986729
0.11986729
0.07563310
0.06743194
0.06743194
0.06743194
0.07301130
0.07301130
0.06130930
0.05869845
0.05565090
0.05006996
0.04753929
0.05481448
0.05481448
0.05481448
0.05622986
0.05783426
0.05783426
0.05972559
