0.00000000
0.24831819
0.24831819
0.24831819
0.24709831
0.08729456
0.08729456
0.08691153
0.08691153
0.08691153
0.09857565
0.08587147
0.08559578
0.08677222
0.09008103
0.09008103
0.09669281
0.09669281
0.09108167
0.09108167
0.09108167
0.09173059
0.09623405
0.09623405
0.09623405
0.09864607
0.09864607
0.09689616
0.09689616
0.09689616
0.09501794
0.09153288
0.09153288
0.08561787
0.08561787
0.08072809
0.08112423
0.08951586
0.09595323
0.09595323
0.08620173
0.07237087
0.07237087
0.07237087
0.07616185
0.08184799
0.08184799
0.08933922
0.07271793
0.07271793
0.07541660
0.07541660
0.07541660
0.07541660
0.07743889
0.07391145
0.07522404
0.07522404
0.07522404
0.07522404
0.07522404
0.07492766
0.07622795
0.07204235
0.07204235
0.07204235
0.07204235
0.07506330
0.07506330
0.07579973
0.07579973
0.07579973
0.07579973
0.07579973
0.07657928
0.07657928
0.07657928
0.08664794
0.09103305
0.09293129
0.09268911
0.07119155
0.07187341
0.07187341
0.07187341
0.07163809
0.07163809
0.07163809
0.07005951
0.07005951
0.07697313
0.07697313
0.07697313
0.07697313
0.07697313
0.07543767
0.06823685
0.07536965
0.07536965
0.07914037
0.08467497
0.08467497
0.08467497
0.07985393
0.07772102
0.07772102
0.07927448
0.09506791
0.10850422
0.06770284
0.06770284
0.08674015
0.08993408
0.08993408
0.07708930
0.07187119
0.07187119
0.07187119
0.07425779
0.07690413
0.06345159
0.06786425
0.07497597
0.06912874
0.06912874
0.06912874
0.06281960
0.06406642
0.06406642
0.06406642
0.06406642
0.06406642
0.06376319
0.06537816
0.06537816
0.06158537
0.06156993
0.06765929
0.07303951
0.06554983
0.06384486
0.06384486
0.06384486
0.06384486
0.06485812
0.06485812
0.06086498
0.06086498
0.06086498
0.06086498
0.06850762
0.06796812
0.06635078
0.06406160
0.05850966
0.05850966
0.05850966
0.05850966
0.05953201
0.05953201
0.06649468
0.05861826
0.05722450
0.05637578
0.05637578
0.05974649
0.05755192
0.05839680
0.05839680
0.05839680
0.05764258
0.05541887
0.05604320
0.05604320
0.05604320
0.05781910
0.05781910
0.05604754
0.05498779
0.05498779
0.05498779
0.05595933
0.05595933
0.05595933
0.05447602
0.05447602
0.06163092
0.05265077
0.05265077
0.05598200
0.06307021
0.06559629
0.05847184
0.05438638
0.05438638
0.05438638
0.05438638
0.05312538
0.05369080
0.05369080
0.05458346
0.05735166
0.05735166
0.05769111
0.05769111
0.05566054
0.05566054
0.05600084
0.05535535
0.05467770
0.05812177
0.05745699
0.05745699
0.05745699
0.05745699
0.05745699
0.05745699
0.05572724
0.05672317
0.05672317
0.05630384
0.05630384
0.05651839
0.05651839
0.05651839
0.05573980
0.05672370
0.05672370
0.06444573
0.06444573
0.05951487
0.05951487
0.05951487
0.06553345
0.06969538
0.06627507
0.06627507
0.05779746
0.05771089
0.05653194
0.05702445
0.05290620
0.05290620
0.05290620
0.05473155
0.05473155
0.05928683
0.05534685
0.05456011
0.05456011
0.05383727
0.05603244
0.05705221
0.05705221
0.05705221
0.05705221
0.05771795
0.05808016
0.05851386
0.05851386
0.05851386
0.05851386
0.05851386
0.05851386
0.05755057
0.05361559
0.05551904
0.05551904
0.05551904
0.05639015
0.05751479
0.05751479
0.05436305
0.05436305
0.05589426
0.05589426
0.05642053
0.05642053
0.05642053
0.05309578
0.05410090
0.05486037
0.06337718
0.05988548
0.05988548
0.05988548
0.05988548
0.05988548
0.05988548
0.05988548
0.05988548
0.05590585
0.05590585
0.05120236
0.05418762
0.05418762
0.05418762
0.05468312
0.05468312
0.05867625
0.05867625
0.05303376
0.05303376
0.05303376
0.05303376
0.05303376
0.05146349
0.05186155
0.05186155
0.05151220
0.05151220
0.05521548
0.06176274
0.05265005
0.05265005
0.05265005
0.05196308
0.05409830
0.05409830
0.05409830
0.05402466
0.05339299
0.05559554
0.05559554
0.05854554
0.05854554
0.05854554
0.06346900
0.06346900
0.06346900
0.06346900
0.05858398
0.06025859
0.06025859
0.05754817
0.05754817
0.05754817
0.05754817
0.05754817
0.05754817
0.05503540
0.05503540
0.05658187
0.05658187
0.05195746
0.05195746
0.05036367
0.05297814
0.05421084
0.05641150
0.05641150
0.05866573
0.05866573
0.05866573
0.05866573
0.05632325
0.05632325
0.05632325
0.05219099
0.05219099
0.05219099
0.05219099
0.05108138
0.05108138
0.05108138
0.05108138
0.05495713
0.05633322
0.05461769
0.05615494
0.05615494
0.05615494
0.05409732
0.05767037
0.05767037
0.05767037
0.05767037
0.05767037
0.05211834
0.05203867
0.05164303
0.05164303
0.05164303
0.05194327
0.05206161
0.05222216
0.05222216
0.05222216
0.05222216
0.05499068
0.05499068
0.05577326
0.05825059
0.06052648
0.06381294
0.05374880
0.05374880
0.05374880
0.05611119
0.05611119
0.05611119
0.05611119
0.05611119
0.05831465
0.05831465
0.05831465
0.05555079
0.05555079
0.05250879
0.05689019
0.05689019
0.05689019
0.05689019
0.05526410
0.05526410
0.05526410
0.05526410
0.05539562
0.05779319
0.05779319
0.06318705
0.06318705
0.06318705
0.06318705
0.05832691
0.05835372
0.05835372
0.05835372
0.05835372
0.06050835
0.06050835
0.06384907
0.06646319
0.06574416
0.05764370
0.05764370
0.05500983
0.05564280
0.05615535
0.05982265
0.05982265
0.06344698
0.06155144
0.06155144
0.05995004
0.05995004
0.05995004
0.05817281
0.05935397
0.05693051
0.05618020
0.05618020
0.05618020
0.05722999
0.06281829
0.06464297
0.06291529
0.06291529
0.05839640
0.05839640
0.05540225
0.05540225
0.05493211
0.05493211
0.05493211
0.06268187
0.06053143
0.06053143
0.06053143
0.05900540
0.06428569
0.07010278
0.07355930
0.07355930
0.06769539
0.05575208
0.06141485
0.06141485
0.06144905
0.06144905
0.05954080
0.06502060
0.06502060
0.06502060
0.06422363
0.06422363
0.06422363
0.06422363
0.06422363
0.06189735
0.06189735
0.06189735
0.05968036
0.05968036
0.05968036
0.06351622
0.06305989
0.06997505
0.06471782
0.06471782
0.06471782
0.06471782
0.06471782
0.06471782
0.05728725
0.06277331
0.06277331
0.06277331
0.06277331
0.06568574
0.06568574
0.06568574
0.06568574
0.06568574
0.06250484
0.06407502
0.06407502
0.06469095
0.06469095
0.06469095
0.06573008
0.06775470
0.06775470
0.06775470
0.06775470
0.06775470
0.06775470
0.06775470
0.05838726
0.05875178
0.05875178
0.05875178
0.06209909
0.06209909
0.06209909
0.06209909
0.06209909
0.06209909
0.06148120
0.06148120
0.06148120
0.06148120
0.06148120
0.06148120
0.07000857
0.07000857
0.07000857
0.07265417
0.07755625
0.05891288
0.05891288
0.06393894
0.06007831
0.05646044
0.05646044
0.05954348
0.05954348
0.06044014
0.06044014
0.06706000
0.06841452
0.06841452
0.06350135
0.06336264
0.06336264
0.06336264
0.06336264
0.06336264
0.06336264
0.06336264
0.06336264
0.06881819
0.06746991
0.06746991
0.06205004
0.07052265
0.07052265
0.07052265
0.06051196
0.06051196
0.06271808
0.06271808
0.06271808
0.06352853
0.05905491
0.05799528
0.05799528
0.05680172
0.05680172
0.06046060
0.06046060
0.06079323
0.06079323
0.06162609
0.06162609
0.05801044
0.05801044
0.05801044
0.05801044
0.05975657
0.05975657
0.05975657
0.05800294
0.06164526
0.06229059
0.06229059
0.06229059
0.06238052
0.06238052
0.06238052
0.06147971
0.06147971
0.06147971
0.06147971
0.06147971
0.06111576
0.06111576
0.06111576
0.05600900
0.05600900
0.06305532
0.06517697
0.06517697
0.06420539
0.06317429
0.06317429
0.06317429
0.06317429
0.06280212
0.06209525
0.06012880
0.06012880
0.06463199
0.06873609
0.06873609
0.06524959
0.06524959
0.06462949
0.06223137
0.06223137
0.07007197
0.07007197
0.07007197
0.07007197
0.06452932
0.07192735
0.06603227
0.06603227
0.07017823
0.07017823
0.07011524
0.06836400
0.06904124
0.06904124
0.06904124
0.06904124
0.06234702
0.06212023
0.06389998
0.06389998
0.06753794
0.06472527
0.06472527
0.06472527
0.06461066
0.06454321
0.06329819
0.06329819
0.06273298
0.06273298
0.06665127
0.06665127
0.06981153
0.06981153
0.06981153
0.06297127
0.05873185
0.05873185
0.05873185
0.06685174
0.06685174
0.06340075
0.06379405
0.06892005
0.06892005
0.06892005
0.06656846
0.06656846
0.06656846
0.07109844
0.07287097
0.08173381
0.07826510
0.07826510
0.07826510
0.07826510
0.07826510
0.06720614
0.06421391
0.06224999
0.08567844
0.07625811
0.07625811
0.07625811
0.07236888
0.07236888
0.07909333
0.07909333
0.07909333
0.07256707
0.07256707
0.06864878
0.06523644
0.08182678
0.06749017
0.06749017
0.08153194
0.08759030
0.08110343
0.08110343
0.08110343
0.08110343
0.07964589
0.07791141
0.07791141
0.07879052
0.08648541
0.08648541
0.08221635
0.08221635
0.09005863
0.09005863
0.09334087
0.09090572
0.09090572
0.07665129
0.07665129
0.07665129
0.07687399
0.07687399
0.07687399
0.07687399
0.07687399
0.07783812
0.07693382
0.07693382
0.07221372
0.09236896
0.09236896
0.09236896
0.08220260
0.08194241
0.09170826
0.09170826
0.07822435
0.07822435
0.07822435
0.07667983
0.07667983
0.09433006
0.09815549
0.09815549
0.09815549
0.10011953
0.10011953
0.08133978
0.08133978
0.08133978
0.08575535
0.08575535
0.08136513
0.08183071
0.08183071
0.08093998
0.08093998
0.08093998
0.07778070
0.07312148
0.07312148
0.07312148
0.07312148
0.07115415
0.07499079
0.07911382
0.07911382
0.07911382
0.07911382
0.07055153
0.07055153
0.07055153
0.07055153
0.07055153
0.08199631
0.06751552
0.06915748
0.07188232
0.07050541
0.07050541
0.07316820
0.07278776
0.07186631
0.07186631
0.06951547
0.07301571
0.07197660
0.07466934
0.07140395
0.08090558
0.08090558
0.08090558
0.07035187
0.07385186
0.07743786
0.07735513
0.07735513
0.07735513
0.07682170
0.07809062
0.07809062
0.08138354
0.07792482
0.07792482
0.07685700
0.07560231
0.07560231
0.07560231
0.07560231
0.07560231
0.07489733
0.07489733
0.07489733
0.07489733
0.07489733
0.06800619
0.06800619
0.07070202
0.07070202
0.07070202
0.07189053
0.07189053
0.07189053
0.08067384
0.08067384
0.08067384
0.07170725
0.07170725
0.07170725
0.07654492
0.07654492
0.07654492
0.07654492
0.07585189
0.07585189
0.07585189
0.07585189
0.07585189
0.07585189
0.07585189
0.07585189
0.06639575
0.06914695
0.09186917
0.06583535
0.06583535
0.07178727
0.07347579
0.07347579
0.06920302
0.06920302
0.07309862
0.06946869
0.06934419
0.07424511
0.06578819
0.06685146
0.06685146
0.06610691
0.06968605
0.07167808
0.07329348
0.07392872
0.06725941
0.06725941
0.06725941
0.06615281
0.06615281
0.07247888
0.07247888
0.07247888
0.07247888
0.07035680
0.06716785
0.06716785
0.06734269
0.06734269
0.06857322
0.06857322
0.06857322
0.07027032
0.06983925
0.07034811
0.07034811
0.07034811
0.07034811
0.07074324
0.07074324
0.07074324
0.06592979
0.06592979
0.06592979
0.06592979
0.06592979
0.06592979
0.06592979
0.06592979
0.06121376
0.06535762
0.06717590
0.07079789
0.07488830
0.07488830
0.07488830
0.06907960
0.06907960
0.07214059
0.07214059
0.06835178
0.06835178
0.06802049
0.06802049
0.07039808
0.07039808
0.07718450
0.07718450
0.07718450
0.07718450
0.08069562
0.08069562
0.08069562
0.08069562
0.08069562
0.06687219
0.06687219
0.06687219
0.06687219
0.06687219
0.06687219
0.06687219
0.06687219
0.06996550
0.06932259
0.06932259
0.06932259
0.06708654
0.06708654
0.06833805
0.06833805
0.06843704
0.06806839
0.06806839
0.07251508
0.07251508
0.07764189
0.06851390
0.06851390
0.07060631
0.07060631
0.07319091
0.06837835
0.06564055
0.06672741
0.07176559
0.07176559
0.07176559
0.07176559
0.07176559
0.07176559
0.07174933
0.07174933
0.06966173
0.06966173
0.07316631
0.07316631
0.06825688
0.06825688
0.06825688
0.07040578
0.07119983
0.07119983
0.07140832
0.07021732
0.07152176
0.07179809
0.07278349
0.07742530
0.07742530
0.08365019
0.06839455
0.06839455
0.06912814
0.07057421
0.07057421
0.07331039
0.07331039
0.07102062
0.07384160
0.07384160
0.06666905
0.07301733
0.07124389
0.07124389
0.07264724
0.07801992
0.08618901
0.08618901
0.08618901
0.08618901
0.08618901
0.08618901
0.06728637
0.06728637
0.06728637
0.06728637
0.07035632
0.06983559
0.06983559
0.06983559
0.07070497
0.06489883
0.06798507
0.06798507
0.06798507
0.06798507
0.06798507
0.06851805
0.06851805
0.06851805
0.07285092
0.07060709
0.07060709
0.06730693
0.07007982
0.07007982
0.07007982
0.07121499
0.07121499
0.07339379
0.06948655
0.07233085
0.07233085
0.06721880
0.07151062
0.07151062
0.07151062
0.07000333
0.07000333
0.06774497
0.06774497
0.07077433
0.07077433
0.07077433
0.07697846
0.07576345
0.07576345
0.07576345
0.08269579
0.06847269
0.07127683
0.07127683
0.07127683
0.07127683
0.07127683
0.07127683
0.06888941
0.07247891
0.07247891
0.07247891
0.07247891
0.07366327
0.07311296
0.07311296
0.07311296
0.07699870
0.06925040
0.07973985
0.06717757
0.06717757
0.06427781
0.06427781
0.06427781
0.07003860
0.06411149
0.06292042
0.06617641
0.07374320
0.07374320
0.07374320
0.07434208
0.07434208
0.07434208
0.07962756
0.07962756
0.07962756
0.07962756
0.07526900
0.06707056
0.07024003
0.07255784
0.07255784
0.07480307
0.07431411
0.07431411
0.07431411
0.07431411
0.07121543
0.07296902
0.07296902
0.07600067
0.07098237
0.07208932
0.07379912
0.07379912
0.08114692
0.06411783
0.06411783
0.06411783
0.06724372
0.06955725
0.06955725
0.07754043
0.07754043
0.07754043
0.06790881
0.06704031
0.07645985
0.07645985
0.08659025
0.07779410
0.07824166
0.07824166
0.07824166
0.07824166
0.07462761
0.07462761
0.07462761
0.07763210
0.07567095
0.07810513
0.07197769
0.06530798
0.06769259
0.07299998
0.07279157
0.07361904
0.06927854
0.06927854
0.06927854
0.06010596
0.06010596
0.06010596
0.07131294
0.06949928
0.06646961
0.06646961
0.07099326
0.07040101
0.08832448
0.08832448
0.06966364
0.07975189
0.06314362
0.06244173
0.07168844
0.07168844
0.07168844
0.07168844
0.07235524
0.07767227
0.08035984
0.07288011
0.08277198
0.08825050
0.08825050
0.08825050
0.07824794
0.07824794
0.08450694
0.08450694
0.08450694
0.07143834
0.09446571
0.09692396
0.09692396
0.09692396
0.08492553
0.08492553
0.08492553
0.08492553
0.08492553
0.08847747
0.08112111
0.07490478
0.07490478
0.07490478
0.07490478
0.06844235
0.06844235
0.06906775
0.06906775
0.07866126
0.07866126
0.07794853
0.07794853
0.07794853
0.07335616
0.09649163
0.07692364
0.07891719
0.07891719
0.07891719
0.07455021
0.07506555
0.07723204
0.08249699
0.09613222
0.09613222
0.09472309
0.09472309
0.09472787
0.10025843
0.10025843
0.10025843
0.07943413
0.07504529
0.07504529
0.07504529
0.07311958
0.07311958
0.07106949
0.07859826
0.08563334
0.08667507
0.09561519
0.07378744
0.07378744
0.07378744
0.06646729
0.07538226
0.07538226
0.07621387
