0.00000000
0.37384281
0.37384281
0.37384281
0.37326591
0.09536308
0.09536308
0.10175023
0.10175023
0.10175023
0.09710671
0.09581602
0.09553086
0.09472056
0.10967713
0.10967713
0.10495801
0.10495801
0.09183074
0.09183074
0.09183074
0.09379386
0.08917012
0.08917012
0.08917012
0.08519429
0.08519429
0.08771003
0.08771003
0.08771003
0.08268705
0.07453458
0.07453458
0.07727310
0.07727310
0.07417962
0.07378403
0.06947122
0.07525247
0.07525247
0.08410360
0.07071157
0.07071157
0.07071157
0.06624860
0.06526766
0.06526766
0.06880472
0.06350360
0.06350360
0.06381806
0.06381806
0.06381806
0.06381806
0.06375783
0.06372921
0.06782698
0.06782698
0.06782698
0.06782698
0.06782698
0.06388683
0.06531858
0.06828579
0.06828579
0.06828579
0.06828579
0.06329301
0.06329301
0.06456885
0.06456885
0.06456885
0.06456885
0.06456885
0.06392679
0.06392679
0.06392679
0.06478683
0.06232087
0.06239387
0.06453637
0.06302995
0.06396176
0.06396176
0.06396176
0.06517109
0.06517109
0.06517109
0.06182484
0.06182484
0.05952165
0.05952165
0.05952165
0.05952165
0.05952165
0.06064167
0.06875849
0.06722202
0.06722202
0.06867547
0.06854495
0.06854495
0.06854495
0.05930961
0.06435534
0.06435534
0.06390222
0.06259418
0.05161804
0.05301933
0.05301933
0.04909115
0.05263818
0.05263818
0.05478679
0.05294813
0.05294813
0.05294813
0.05907558
0.05517277
0.05319606
0.05101155
0.04801318
0.05216147
0.05216147
0.05216147
0.05102947
0.05291833
0.05291833
0.05291833
0.05291833
0.05291833
0.05579946
0.05167116
0.05167116
0.05631956
0.06730970
0.05998645
0.04980019
0.05133786
0.05047567
0.05047567
0.05047567
0.05047567
0.04881036
0.04881036
0.04921717
0.04921717
0.04921717
0.04921717
0.05098865
0.05070791
0.04957108
0.05059667
0.05278656
0.05278656
0.05278656
0.05278656
0.06113604
0.06113604
0.05034865
0.04953112
0.05063046
0.04981279
0.04981279
0.05022491
0.05330361
0.05200257
0.05200257
0.05200257
0.05360433
0.05229837
0.05182427
0.05182427
0.05182427
0.05067605
0.05067605
0.05704629
0.05273551
0.05273551
0.05273551
0.05264831
0.05264831
0.05264831
0.05334200
0.05334200
0.06477608
0.06342875
0.06342875
0.08552747
0.07329277
0.07630887
0.07955532
0.07234483
0.07234483
0.07234483
0.07234483
0.06907094
0.07957822
0.07957822
0.08647273
0.08187178
0.08187178
0.08093112
0.08093112
0.07702768
0.07702768
0.07786764
0.07578121
0.07964474
0.09225844
0.08944882
0.08944882
0.08944882
0.08944882
0.08944882
0.08944882
0.08594209
0.08850331
0.08850331
0.07509832
0.07509832
0.07919797
0.07919797
0.07919797
0.08166620
0.07935958
0.07935958
0.08638446
0.08638446
0.07748248
0.07748248
0.07748248
0.08133886
0.07926437
0.08035659
0.08035659
0.07456495
0.08886035
0.07816026
0.08170315
0.07800337
0.07800337
0.07800337
0.07251385
0.07251385
0.07313965
0.07639404
0.09564519
0.09564519
0.08384965
0.08366793
0.08925555
0.08925555
0.08925555
0.08925555
0.08242033
0.07938610
0.08038205
0.08038205
0.08038205
0.08038205
0.08038205
0.08038205
0.08672415
0.07932309
0.08540237
0.08540237
0.08540237
0.07843168
0.06965581
0.06965581
0.06899619
0.06899619
0.07174505
0.07174505
0.06852894
0.06852894
0.06852894
0.07266267
0.07904513
0.07333015
0.07714998
0.07253286
0.07253286
0.07253286
0.07253286
0.07253286
0.07253286
0.07253286
0.07253286
0.08227235
0.08227235
0.07065926
0.06540010
0.06540010
0.06540010
0.06585830
0.06585830
0.07921060
0.07921060
0.05818070
0.05818070
0.05818070
0.05818070
0.05818070
0.05766403
0.05318068
0.05318068
0.05264743
0.05264743
0.07637054
0.06526559
0.06601184
0.06601184
0.06601184
0.06542474
0.07724406
0.07724406
0.07724406
0.07016798
0.07184952
0.06549791
0.06549791
0.06438015
0.06438015
0.06438015
0.05855039
0.05855039
0.05855039
0.05855039
0.05545220
0.05351641
0.05351641
0.05750908
0.05750908
0.05750908
0.05750908
0.05750908
0.05750908
0.05557104
0.05557104
0.06166374
0.06166374
0.07047207
0.07047207
0.06962431
0.06892402
0.07792623
0.08566241
0.08566241
0.07946148
0.07946148
0.07946148
0.07946148
0.08162980
0.08162980
0.08162980
0.06723989
0.06723989
0.06723989
0.06723989
0.06422360
0.06422360
0.06422360
0.06422360
0.06415590
0.06818729
0.05820484
0.07209940
0.07209940
0.07209940
0.06104186
0.07160616
0.07160616
0.07160616
0.07160616
0.07160616
0.05995198
0.05879087
0.06239256
0.06239256
0.06239256
0.05734278
0.05596391
0.06448421
0.06448421
0.06448421
0.06448421
0.07823877
0.07823877
0.07756304
0.07103732
0.06922400
0.06578338
0.06898145
0.06898145
0.06898145
0.07359067
0.07359067
0.07359067
0.07359067
0.07359067
0.07649734
0.07649734
0.07649734
0.06373971
0.06373971
0.05731049
0.07017285
0.07017285
0.07017285
0.07017285
0.07744019
0.07744019
0.07744019
0.07744019
0.08074878
0.07595418
0.07595418
0.08384509
0.08384509
0.08384509
0.08384509
0.06821117
0.06970292
0.06970292
0.06970292
0.06970292
0.08382963
0.08382963
0.07483093
0.08228179
0.08384262
0.09325819
0.09325819
0.09908862
0.10925173
0.08786144
0.08542860
0.08542860
0.09062448
0.09080141
0.09080141
0.09883983
0.09883983
0.09883983
0.09807121
0.10514149
0.10805354
0.09782415
0.09782415
0.09782415
0.11029335
0.09965797
0.10658371
0.10365264
0.10365264
0.08277192
0.08277192
0.07726798
0.07726798
0.08109422
0.08109422
0.08109422
0.08882307
0.08206376
0.08206376
0.08206376
0.08939615
0.10034982
0.09925890
0.10887379
0.10887379
0.10437540
0.08596800
0.09523046
0.09523046
0.09714458
0.09714458
0.08455945
0.08711819
0.08711819
0.08711819
0.08797401
0.08797401
0.08797401
0.08797401
0.08797401
0.08552350
0.08552350
0.08552350
0.07578930
0.07578930
0.07578930
0.09149947
0.08607030
0.08290303
0.06771715
0.06771715
0.06771715
0.06771715
0.06771715
0.06771715
0.07909164
0.09137447
0.09137447
0.09137447
0.09137447
0.09255044
0.09255044
0.09255044
0.09255044
0.09255044
0.08951891
0.08955913
0.08955913
0.09770281
0.09770281
0.09770281
0.10467474
0.11914670
0.11914670
0.11914670
0.11914670
0.11914670
0.11914670
0.11914670
0.07879348
0.08455185
0.08455185
0.08455185
0.08635530
0.08635530
0.08635530
0.08635530
0.08635530
0.08635530
0.08115622
0.08115622
0.08115622
0.08115622
0.08115622
0.08115622
0.08327458
0.08327458
0.08327458
0.09248394
0.09843087
0.07529791
0.07529791
0.07712639
0.07466209
0.07045438
0.07045438
0.07996822
0.07996822
0.07221159
0.07221159
0.07376988
0.08077997
0.08077997
0.07840851
0.07688452
0.07688452
0.07688452
0.07688452
0.07688452
0.07688452
0.07688452
0.07688452
0.08892020
0.09676908
0.09676908
0.06578158
0.06547428
0.06547428
0.06547428
0.06963356
0.06963356
0.06466534
0.06466534
0.06466534
0.05739759
0.07404801
0.07776972
0.07776972
0.07904021
0.07904021
0.06218706
0.06218706
0.06744060
0.06744060
0.06118336
0.06118336
0.06572444
0.06572444
0.06572444
0.06572444
0.05284034
0.05284034
0.05284034
0.05757535
0.05693217
0.05618310
0.05618310
0.05618310
0.05354169
0.05354169
0.05354169
0.05741287
0.05741287
0.05741287
0.05741287
0.05741287
0.07251365
0.07251365
0.07251365
0.05889845
0.05889845
0.05840671
0.06902543
0.06902543
0.06933209
0.06495982
0.06495982
0.06495982
0.06495982
0.06367439
0.05743907
0.06013113
0.06013113
0.06550711
0.05795703
0.05795703
0.05678293
0.05678293
0.05809090
0.05499020
0.05499020
0.05573750
0.05573750
0.05573750
0.05573750
0.05522418
0.06806434
0.04839808
0.04839808
0.05044486
0.05044486
0.04315835
0.04329596
0.04219471
0.04219471
0.04219471
0.04219471
0.05307545
0.04779257
0.05710127
0.05710127
0.06979995
0.06933986
0.06933986
0.06933986
0.05422107
0.05074036
0.04707649
0.04707649
0.04509986
0.04509986
0.04841330
0.04841330
0.05326165
0.05326165
0.05326165
0.04417083
0.05085936
0.05085936
0.05085936
0.04391176
0.04391176
0.04251826
0.04735699
0.04929165
0.04929165
0.04929165
0.04441725
0.04441725
0.04441725
0.04569308
0.04436117
0.05386158
0.04700775
0.04700775
0.04700775
0.04700775
0.04700775
0.05540009
0.05811867
0.06069597
0.05171761
0.04934881
0.04934881
0.04934881
0.04381352
0.04381352
0.05660986
0.05660986
0.05660986
0.05585580
0.05585580
0.05089510
0.04700021
0.06432644
0.04618948
0.04618948
0.04520219
0.04620633
0.04849581
0.04849581
0.04849581
0.04849581
0.05033332
0.04517742
0.04517742
0.04425730
0.04798179
0.04798179
0.05174418
0.05174418
0.05469578
0.05469578
0.05271856
0.05288495
0.05288495
0.04616742
0.04616742
0.04616742
0.04597480
0.04597480
0.04597480
0.04597480
0.04597480
0.04281775
0.04964604
0.04964604
0.04513939
0.04546024
0.04546024
0.04546024
0.04374799
0.04278622
0.04178551
0.04178551
0.04218122
0.04218122
0.04218122
0.04621385
0.04621385
0.04287330
0.04579901
0.04579901
0.04579901
0.04756431
0.04756431
0.04332998
0.04332998
0.04332998
0.04294130
0.04294130
0.04403041
0.04470861
0.04470861
0.04286853
0.04286853
0.04286853
0.04372163
0.04228531
0.04228531
0.04228531
0.04228531
0.04405783
0.04530509
0.04324200
0.04324200
0.04324200
0.04324200
0.04705322
0.04705322
0.04705322
0.04705322
0.04705322
0.04832779
0.04335657
0.04504446
0.04411368
0.04453137
0.04453137
0.04407532
0.04374709
0.04401670
0.04401670
0.04626496
0.04329717
0.04656899
0.04448245
0.04581432
0.04659479
0.04659479
0.04659479
0.04443249
0.04760535
0.04519911
0.04481016
0.04481016
0.04481016
0.04538601
0.05079111
0.05079111
0.05411851
0.04365022
0.04365022
0.04568956
0.04724844
0.04724844
0.04724844
0.04724844
0.04724844
0.04261199
0.04261199
0.04261199
0.04261199
0.04261199
0.04254452
0.04254452
0.04232452
0.04232452
0.04232452
0.04340948
0.04340948
0.04340948
0.04435913
0.04435913
0.04435913
0.04257926
0.04257926
0.04257926
0.04575516
0.04575516
0.04575516
0.04575516
0.05114301
0.05114301
0.05114301
0.05114301
0.05114301
0.05114301
0.05114301
0.05114301
0.04422037
0.04370117
0.05259437
0.04328880
0.04328880
0.04554439
0.04723540
0.04723540
0.04871112
0.04871112
0.04387788
0.04704200
0.04635281
0.04470261
0.04647534
0.04993650
0.04993650
0.04545590
0.04638683
0.04358094
0.04434465
0.04756598
0.04723079
0.04723079
0.04723079
0.04329441
0.04329441
0.04549838
0.04549838
0.04549838
0.04549838
0.04930926
0.04885281
0.04885281
0.04258280
0.04258280
0.04432218
0.04432218
0.04432218
0.04340542
0.05155975
0.05314105
0.05314105
0.05314105
0.05314105
0.04341975
0.04341975
0.04341975
0.04191739
0.04191739
0.04191739
0.04191739
0.04191739
0.04191739
0.04191739
0.04191739
0.04272797
0.04281423
0.04222385
0.04364175
0.04601505
0.04601505
0.04601505
0.04688917
0.04688917
0.04450207
0.04450207
0.05086701
0.05086701
0.04545380
0.04545380
0.04647461
0.04647461
0.05396429
0.05396429
0.05396429
0.05396429
0.04996066
0.04996066
0.04996066
0.04996066
0.04996066
0.04456177
0.04456177
0.04456177
0.04456177
0.04456177
0.04456177
0.04456177
0.04456177
0.04506352
0.04325556
0.04325556
0.04325556
0.04262036
0.04262036
0.04404170
0.04404170
0.04412267
0.04572400
0.04572400
0.04788138
0.04788138
0.04787238
0.04241548
0.04241548
0.04524975
0.04524975
0.04674351
0.04424602
0.04877216
0.04456118
0.04641402
0.04641402
0.04641402
0.04641402
0.04641402
0.04641402
0.04382147
0.04382147
0.04373390
0.04373390
0.04808283
0.04808283
0.04961190
0.04961190
0.04961190
0.05186598
0.05626688
0.05626688
0.04398387
0.04272202
0.06297260
0.04316425
0.05800844
0.05623419
0.05623419
0.05116322
0.04944480
0.04944480
0.05475967
0.06537454
0.06537454
0.07035882
0.07035882
0.06906741
0.04554658
0.04554658
0.04295508
0.04386211
0.04332455
0.04332455
0.04581617
0.04282299
0.04470964
0.04470964
0.04470964
0.04470964
0.04470964
0.04470964
0.04279387
0.04279387
0.04248416
0.04248416
0.04315810
0.04591938
0.04591938
0.04591938
0.04577245
0.04159458
0.04144610
0.04144610
0.04144610
0.04144610
0.04144610
0.04606849
0.04606849
0.04606849
0.04263801
0.04376568
0.04376568
0.04257441
0.04362368
0.04362368
0.04362368
0.04246971
0.04246971
0.04461602
0.04335083
0.04322466
0.04322466
0.04189956
0.04274214
0.04274214
0.04274214
0.04213872
0.04213872
0.04211685
0.04211685
0.04418789
0.04418789
0.04418789
0.04450139
0.04241828
0.04241828
0.04241828
0.04775414
0.04944022
0.04241999
0.04241999
0.04241999
0.04241999
0.04241999
0.04241999
0.04223716
0.04190897
0.04190897
0.04190897
0.04190897
0.04579159
0.04537233
0.04537233
0.04537233
0.04425969
0.04733439
0.04292765
0.04530142
0.04530142
0.04561952
0.04561952
0.04561952
0.04856775
0.04619252
0.04967895
0.04428559
0.04575558
0.04575558
0.04575558
0.04448209
0.04448209
0.04448209
0.04616376
0.04616376
0.04616376
0.04616376
0.05158747
0.04380951
0.04530051
0.04776192
0.04776192
0.05550919
0.04253161
0.04253161
0.04253161
0.04253161
0.04712427
0.04371824
0.04371824
0.04494599
0.04297968
0.04392327
0.04734556
0.04734556
0.04406454
0.04335721
0.04335721
0.04335721
0.04466272
0.04269870
0.04269870
0.04513401
0.04513401
0.04513401
0.04335703
0.04487935
0.04316774
0.04316774
0.04429514
0.04323489
0.04288592
0.04288592
0.04288592
0.04288592
0.04440278
0.04440278
0.04440278
0.04422122
0.04606163
0.04504527
0.04635195
0.04575785
0.04530862
0.04515543
0.04394420
0.04453546
0.04335029
0.04335029
0.04335029
0.04908871
0.04908871
0.04908871
0.04385025
0.04372027
0.04719126
0.04719126
0.04668502
0.04416601
0.04798021
0.04798021
0.04782229
0.04651676
0.04998049
0.04766242
0.04464421
0.04464421
0.04464421
0.04464421
0.04379321
0.04522053
0.04359306
0.04358751
0.04555837
0.04820057
0.04820057
0.04820057
0.04506936
0.04506936
0.04724862
0.04724862
0.04724862
0.04494133
0.04583643
0.04803570
0.04803570
0.04803570
0.04327431
0.04327431
0.04327431
0.04327431
0.04327431
0.04329436
0.04273793
0.04294964
0.04294964
0.04294964
0.04294964
0.04308985
0.04308985
0.04385864
0.04385864
0.04736206
0.04736206
0.05066826
0.05066826
0.05066826
0.04737470
0.05366371
0.04342719
0.04333304
0.04333304
0.04333304
0.04358646
0.04388057
0.04398575
0.04593615
0.06473136
0.06473136
0.08747249
0.08747249
0.08763905
0.10592124
0.10592124
0.10592124
0.04687436
0.04443475
0.04443475
0.04443475
0.04508982
0.04508982
0.04500048
0.04391860
0.04717695
0.04340198
0.04370768
0.04455181
0.04455181
0.04455181
0.04382606
0.04657590
0.04657590
0.04408256
