0.00000000
0.37335415
0.37335415
0.37335415
0.37340679
0.09775289
0.09775289
0.09874814
0.09874814
0.09874814
0.10415000
0.10398428
0.10817014
0.10555577
0.10732354
0.10732354
0.10732635
0.10732635
0.11589354
0.11589354
0.11589354
0.12259980
0.11529090
0.11529090
0.11529090
0.12286613
0.12286613
0.12547955
0.12547955
0.12547955
0.12392894
0.13412649
0.13412649
0.14511826
0.14511826
0.13971012
0.14658956
0.13312206
0.15266383
0.15266383
0.15539014
0.16179453
0.16179453
0.16179453
0.14088488
0.15150246
0.15150246
0.15704218
0.14258895
0.14258895
0.14500547
0.14500547
0.14500547
0.14500547
0.14521493
0.14992824
0.15441417
0.15441417
0.15441417
0.15441417
0.15441417
0.15146787
0.14726361
0.14899569
0.14899569
0.14899569
0.14899569
0.14643431
0.14643431
0.15978278
0.15978278
0.15978278
0.15978278
0.15978278
0.14787092
0.14787092
0.14787092
0.14786739
0.15350968
0.15908290
0.16519350
0.14258626
0.15215769
0.15215769
0.15215769
0.15168717
0.15168717
0.15168717
0.12584127
0.12584127
0.14488015
0.14488015
0.14488015
0.14488015
0.14488015
0.13346337
0.13723007
0.15117602
0.15117602
0.15246084
0.14865914
0.14865914
0.14865914
0.14922867
0.12451031
0.12451031
0.12762240
0.13712120
0.13351113
0.12171920
0.12171920
0.11425364
0.11787962
0.11787962
0.12617150
0.10924406
0.10924406
0.10924406
0.10673138
0.10787005
0.09376784
0.10562624
0.11040072
0.09290137
0.09290137
0.09290137
0.09643439
0.07957846
0.07957846
0.07957846
0.07957846
0.07957846
0.07659015
0.07322228
0.07322228
0.07156874
0.07111247
0.07613247
0.07067737
0.06034439
0.06266107
0.06266107
0.06266107
0.06266107
0.06475479
0.06475479
0.07073204
0.07073204
0.07073204
0.07073204
0.06298719
0.06912061
0.06405355
0.06341908
0.06497230
0.06497230
0.06497230
0.06497230
0.06345804
0.06345804
0.05763718
0.06446792
0.06923622
0.06720687
0.06720687
0.06595642
0.07443106
0.07539964
0.07539964
0.07539964
0.07096237
0.06988961
0.07834978
0.07834978
0.07834978
0.07986081
0.07986081
0.07883144
0.08177637
0.08177637
0.08177637
0.07884165
0.07884165
0.07884165
0.09051439
0.09051439
0.07028474
0.07699244
0.07699244
0.07236562
0.06420025
0.07917372
0.06736414
0.07908827
0.07908827
0.07908827
0.07908827
0.07597809
0.07564456
0.07564456
0.07223694
0.06651783
0.06651783
0.06819625
0.06819625
0.06337293
0.06337293
0.06606210
0.06499106
0.06740978
0.05967015
0.06130433
0.06130433
0.06130433
0.06130433
0.06130433
0.06130433
0.05975817
0.05796977
0.05796977
0.05952743
0.05952743
0.06470117
0.06470117
0.06470117
0.06143066
0.06577755
0.06577755
0.05972186
0.05972186
0.05457080
0.05457080
0.05457080
0.05571331
0.05437628
0.05429477
0.05429477
0.05761850
0.05489193
0.05733156
0.05212324
0.05656681
0.05656681
0.05656681
0.05670843
0.05670843
0.05946260
0.05266387
0.06344134
0.06344134
0.05868306
0.06364608
0.06721537
0.06721537
0.06721537
0.06721537
0.05971416
0.05993815
0.06283442
0.06283442
0.06283442
0.06283442
0.06283442
0.06283442
0.06157362
0.05710770
0.06165419
0.06165419
0.06165419
0.06080330
0.06025121
0.06025121
0.05767716
0.05767716
0.05864622
0.05864622
0.06043777
0.06043777
0.06043777
0.06233137
0.05661860
0.06596333
0.06267342
0.06103236
0.06103236
0.06103236
0.06103236
0.06103236
0.06103236
0.06103236
0.06103236
0.06371778
0.06371778
0.05627123
0.05560437
0.05560437
0.05560437
0.05827970
0.05827970
0.07305750
0.07305750
0.06294739
0.06294739
0.06294739
0.06294739
0.06294739
0.05987117
0.05843107
0.05843107
0.05840974
0.05840974
0.07422641
0.07464648
0.06232319
0.06232319
0.06232319
0.05903962
0.06104359
0.06104359
0.06104359
0.05732929
0.07260983
0.06444902
0.06444902
0.06218106
0.06218106
0.06546080
0.06034428
0.06034428
0.06034428
0.06034428
0.05940423
0.05584282
0.05584282
0.05675328
0.05675328
0.05675328
0.05675328
0.05675328
0.05675328
0.05608971
0.05608971
0.05642212
0.05642212
0.07025903
0.07025903
0.07577065
0.07080658
0.07941602
0.08579971
0.08579971
0.08133823
0.08133823
0.08133823
0.08133823
0.08962399
0.08962399
0.08962399
0.06818425
0.06818425
0.06818425
0.06818425
0.07145407
0.07145407
0.07145407
0.07145407
0.06937972
0.06193664
0.06563462
0.06445607
0.06445607
0.06445607
0.06473643
0.06445124
0.06445124
0.06445124
0.06445124
0.06445124
0.07111986
0.07323088
0.07489185
0.07489185
0.07489185
0.07211138
0.06303884
0.06427245
0.06427245
0.06427245
0.06427245
0.06775989
0.06775989
0.06790940
0.07154425
0.06794009
0.06720792
0.07559755
0.07559755
0.07559755
0.07012544
0.07012544
0.07012544
0.07012544
0.07012544
0.07120414
0.07120414
0.07120414
0.06028523
0.06028523
0.05802416
0.06379433
0.06379433
0.06379433
0.06379433
0.06553924
0.06553924
0.06553924
0.06553924
0.07069210
0.06270450
0.06270450
0.06119960
0.06119960
0.06119960
0.06119960
0.06366308
0.06308830
0.06308830
0.06308830
0.06308830
0.06535061
0.06535061
0.06586200
0.07431428
0.07828827
0.06450063
0.06450063
0.06626509
0.06757427
0.06048900
0.06209788
0.06209788
0.06865071
0.06202778
0.06202778
0.05642697
0.05642697
0.05642697
0.05909942
0.05906757
0.05997464
0.05998304
0.05998304
0.05998304
0.05605879
0.06265121
0.06537635
0.06309423
0.06309423
0.05376619
0.05376619
0.06020982
0.06020982
0.05903612
0.05903612
0.05903612
0.06614967
0.05915846
0.05915846
0.05915846
0.06503737
0.07495772
0.08621873
0.09664840
0.09664840
0.10253644
0.05828972
0.06801129
0.06801129
0.06847568
0.06847568
0.05811499
0.05970633
0.05970633
0.05970633
0.06274326
0.06274326
0.06274326
0.06274326
0.06274326
0.05416389
0.05416389
0.05416389
0.06080190
0.06080190
0.06080190
0.06673099
0.06046263
0.05613028
0.06672324
0.06672324
0.06672324
0.06672324
0.06672324
0.06672324
0.05602691
0.05852250
0.05852250
0.05852250
0.05852250
0.05546942
0.05546942
0.05546942
0.05546942
0.05546942
0.05562686
0.05962830
0.05962830
0.05591545
0.05591545
0.05591545
0.05290554
0.05364519
0.05364519
0.05364519
0.05364519
0.05364519
0.05364519
0.05364519
0.05412041
0.05540814
0.05540814
0.05540814
0.05851432
0.05851432
0.05851432
0.05851432
0.05851432
0.05851432
0.05289001
0.05289001
0.05289001
0.05289001
0.05289001
0.05289001
0.05289617
0.05289617
0.05289617
0.05042006
0.05297270
0.05443546
0.05443546
0.06222950
0.05901233
0.05761208
0.05761208
0.06313719
0.06313719
0.06000572
0.06000572
0.06501870
0.06588962
0.06588962
0.04926953
0.05166524
0.05166524
0.05166524
0.05166524
0.05166524
0.05166524
0.05166524
0.05166524
0.05077460
0.04997385
0.04997385
0.05297042
0.05980312
0.05980312
0.05980312
0.05112787
0.05112787
0.05613260
0.05613260
0.05613260
0.05371397
0.05448990
0.05044785
0.05044785
0.05235839
0.05235839
0.05651648
0.05651648
0.05481582
0.05481582
0.05340631
0.05340631
0.05425429
0.05425429
0.05425429
0.05425429
0.05004326
0.05004326
0.05004326
0.05193984
0.05926833
0.05276817
0.05276817
0.05276817
0.04792797
0.04792797
0.04792797
0.05152836
0.05152836
0.05152836
0.05152836
0.05152836
0.04863122
0.04863122
0.04863122
0.04921045
0.04921045
0.04901354
0.04793142
0.04793142
0.04650446
0.04898507
0.04898507
0.04898507
0.04898507
0.04680081
0.04435106
0.04600456
0.04600456
0.04792533
0.04684229
0.04684229
0.04387489
0.04387489
0.04426908
0.04357643
0.04357643
0.04190481
0.04190481
0.04190481
0.04190481
0.04283892
0.04617367
0.04442992
0.04442992
0.04802976
0.04802976
0.05290455
0.04571625
0.04347848
0.04347848
0.04347848
0.04347848
0.04735404
0.04385540
0.05296976
0.05296976
0.05848496
0.07371688
0.07371688
0.07371688
0.04237605
0.04469746
0.04395644
0.04395644
0.05405180
0.05405180
0.04453470
0.04453470
0.04296930
0.04296930
0.04296930
0.04325917
0.04540997
0.04540997
0.04540997
0.05087447
0.05087447
0.05408531
0.05165979
0.05058391
0.05058391
0.05058391
0.04507662
0.04507662
0.04507662
0.04938784
0.05496775
0.04820104
0.04370567
0.04370567
0.04370567
0.04370567
0.04370567
0.05378835
0.06150329
0.06702663
0.04343606
0.04384604
0.04384604
0.04384604
0.05337605
0.05337605
0.04188872
0.04188872
0.04188872
0.04257551
0.04257551
0.05804846
0.05574989
0.05762414
0.06085830
0.06085830
0.04657293
0.05579940
0.05341634
0.05341634
0.05341634
0.05341634
0.04551869
0.06450673
0.06450673
0.05826600
0.05975286
0.05975286
0.04961510
0.04961510
0.05686306
0.05686306
0.06075026
0.06937944
0.06937944
0.05259814
0.05259814
0.05259814
0.07256637
0.07256637
0.07256637
0.07256637
0.07256637
0.06094548
0.05720608
0.05720608
0.05828188
0.05404696
0.05404696
0.05404696
0.05914167
0.06091248
0.06071419
0.06071419
0.07237431
0.07237431
0.07237431
0.08664568
0.08664568
0.05437354
0.05098418
0.05098418
0.05098418
0.04861595
0.04861595
0.07292692
0.07292692
0.07292692
0.07919002
0.07919002
0.07816668
0.08578392
0.08578392
0.08118400
0.08118400
0.08118400
0.08056543
0.06629618
0.06629618
0.06629618
0.06629618
0.06112018
0.05583454
0.06930473
0.06930473
0.06930473
0.06930473
0.08028603
0.08028603
0.08028603
0.08028603
0.08028603
0.06888401
0.07685798
0.07632315
0.08699405
0.10669018
0.10669018
0.10458767
0.11350306
0.11278228
0.11278228
0.12173540
0.08336734
0.07854938
0.08463918
0.08735897
0.06477988
0.06477988
0.06477988
0.08880829
0.08330175
0.07259710
0.06840334
0.06840334
0.06840334
0.07750552
0.08682885
0.08682885
0.08475279
0.08493138
0.08493138
0.08202965
0.07963497
0.07963497
0.07963497
0.07963497
0.07963497
0.08985786
0.08985786
0.08985786
0.08985786
0.08985786
0.09295686
0.09295686
0.09246259
0.09246259
0.09246259
0.10125829
0.10125829
0.10125829
0.08929687
0.08929687
0.08929687
0.09255667
0.09255667
0.09255667
0.07277164
0.07277164
0.07277164
0.07277164
0.08388090
0.08388090
0.08388090
0.08388090
0.08388090
0.08388090
0.08388090
0.08388090
0.09115161
0.09239675
0.06250292
0.09191569
0.09191569
0.07932858
0.07740852
0.07740852
0.09598931
0.09598931
0.08328079
0.10401324
0.09289126
0.07982726
0.08933242
0.09101925
0.09101925
0.08996316
0.09491119
0.09154355
0.09198534
0.08139937
0.09556120
0.09556120
0.09556120
0.08430994
0.08430994
0.07973663
0.07973663
0.07973663
0.07973663
0.08198964
0.08441960
0.08441960
0.08923533
0.08923533
0.07196562
0.07196562
0.07196562
0.07261498
0.09000262
0.08796522
0.08796522
0.08796522
0.08796522
0.09104745
0.09104745
0.09104745
0.08912756
0.08912756
0.08912756
0.08912756
0.08912756
0.08912756
0.08912756
0.08912756
0.08512002
0.08662446
0.07285282
0.07505857
0.07847391
0.07847391
0.07847391
0.08736084
0.08736084
0.09940909
0.09940909
0.08495076
0.08495076
0.07546025
0.07546025
0.07688933
0.07688933
0.07123780
0.07123780
0.07123780
0.07123780
0.07820903
0.07820903
0.07820903
0.07820903
0.07820903
0.11056025
0.11056025
0.11056025
0.11056025
0.11056025
0.11056025
0.11056025
0.11056025
0.09086072
0.08588656
0.08588656
0.08588656
0.09056747
0.09056747
0.09228813
0.09228813
0.10094463
0.09399304
0.09399304
0.11082518
0.11082518
0.11766545
0.08363066
0.08363066
0.08553821
0.08553821
0.09008635
0.08737817
0.07875465
0.08392116
0.08220807
0.08220807
0.08220807
0.08220807
0.08220807
0.08220807
0.07447335
0.07447335
0.07385488
0.07385488
0.06846082
0.06846082
0.08211025
0.08211025
0.08211025
0.09656292
0.09576206
0.09576206
0.08891405
0.08666203
0.08384324
0.07111887
0.08504882
0.08563072
0.08563072
0.07790328
0.08500772
0.08500772
0.08620222
0.08526824
0.08526824
0.08596450
0.08596450
0.08964193
0.08400573
0.08400573
0.08355917
0.10127899
0.08822779
0.08822779
0.09201524
0.08743373
0.09789849
0.09789849
0.09789849
0.09789849
0.09789849
0.09789849
0.07946420
0.07946420
0.08582670
0.08582670
0.06548944
0.06475542
0.06475542
0.06475542
0.06287407
0.06513359
0.07082664
0.07082664
0.07082664
0.07082664
0.07082664
0.08857234
0.08857234
0.08857234
0.09055226
0.08473164
0.08473164
0.07457301
0.07153190
0.07153190
0.07153190
0.08693621
0.08693621
0.07679675
0.07438030
0.07679090
0.07679090
0.07639263
0.08301428
0.08301428
0.08301428
0.08252330
0.08252330
0.06552808
0.06552808
0.08820109
0.08820109
0.08820109
0.08840727
0.09771106
0.09771106
0.09771106
0.10800210
0.07255616
0.06908077
0.06908077
0.06908077
0.06908077
0.06908077
0.06908077
0.06325900
0.06315088
0.06315088
0.06315088
0.06315088
0.05900099
0.06219981
0.06219981
0.06219981
0.07752333
0.08042747
0.07748361
0.06105685
0.06105685
0.07355616
0.07355616
0.07355616
0.09267210
0.08915402
0.10535732
0.11399673
0.05994529
0.05994529
0.05994529
0.05419070
0.05419070
0.05419070
0.06575281
0.06575281
0.06575281
0.06575281
0.06834768
0.07597946
0.06199611
0.07394847
0.07394847
0.06871373
0.07383671
0.07383671
0.07383671
0.07383671
0.05193560
0.06942835
0.06942835
0.05524828
0.06129642
0.05765432
0.05323201
0.05323201
0.05193991
0.04820356
0.04820356
0.04820356
0.05297957
0.05805796
0.05805796
0.05601553
0.05601553
0.05601553
0.04793729
0.05327905
0.04914527
0.04914527
0.05062745
0.05042216
0.05073198
0.05073198
0.05073198
0.05073198
0.04560716
0.04560716
0.04560716
0.05092045
0.06216081
0.04889384
0.04517900
0.04528858
0.04542842
0.04537439
0.04331627
0.05238437
0.05255875
0.05255875
0.05255875
0.05810730
0.05810730
0.05810730
0.05320559
0.05049627
0.05860016
0.05860016
0.04872871
0.05281942
0.04430156
0.04430156
0.05121339
0.06226815
0.05321300
0.04908096
0.04962007
0.04962007
0.04962007
0.04962007
0.04760738
0.06368751
0.05604029
0.06265189
0.05078455
0.04930620
0.04930620
0.04930620
0.04734722
0.04734722
0.04627180
0.04627180
0.04627180
0.04907735
0.05669017
0.05324372
0.05324372
0.05324372
0.07219113
0.07219113
0.07219113
0.07219113
0.07219113
0.07285370
0.04861773
0.04981286
0.04981286
0.04981286
0.04981286
0.04881570
0.04881570
0.04122509
0.04122509
0.04548972
0.04548972
0.04951179
0.04951179
0.04951179
0.04742194
0.04040994
0.04777358
0.04998701
0.04998701
0.04998701
0.05557946
0.05506779
0.05616999
0.07423814
0.07538380
0.07538380
0.08037169
0.08037169
0.08860016
0.10304517
0.10304517
0.10304517
0.06131919
0.05122492
0.05122492
0.05122492
0.06004460
0.06004460
0.05433501
0.05043213
0.04501462
0.05999315
0.05950844
0.05006489
0.05006489
0.05006489
0.04884312
0.04955519
0.04955519
0.05210989
