0.00000000
0.37377917
0.37377917
0.37377917
0.36702085
0.09775931
0.09775931
0.09919680
0.09919680
0.09919680
0.12883552
0.11308382
0.11683991
0.10899784
0.10086700
0.10086700
0.09732445
0.09732445
0.10849971
0.10849971
0.10849971
0.10621900
0.10527455
0.10527455
0.10527455
0.10666931
0.10666931
0.11358399
0.11358399
0.11358399
0.11689264
0.10790038
0.10790038
0.12356292
0.12356292
0.10905230
0.11101830
0.11634715
0.11500429
0.11500429
0.10366322
0.09214827
0.09214827
0.09214827
0.09765440
0.10038835
0.10038835
0.09556741
0.10578906
0.10578906
0.11325921
0.11325921
0.11325921
0.11325921
0.11088887
0.11459100
0.13063953
0.13063953
0.13063953
0.13063953
0.13063953
0.11835420
0.11776835
0.12467862
0.12467862
0.12467862
0.12467862
0.11889629
0.11889629
0.11375026
0.11375026
0.11375026
0.11375026
0.11375026
0.10471017
0.10471017
0.10471017
0.12309236
0.11907831
0.12244581
0.14058074
0.11197113
0.11141684
0.11141684
0.11141684
0.10701946
0.10701946
0.10701946
0.10760590
0.10760590
0.11746202
0.11746202
0.11746202
0.11746202
0.11746202
0.12107183
0.12727302
0.10434038
0.10434038
0.09423683
0.08952945
0.08952945
0.08952945
0.08806807
0.11260638
0.11260638
0.11474696
0.13048778
0.13030413
0.10941069
0.10941069
0.10272910
0.11687011
0.11687011
0.10106741
0.09894092
0.09894092
0.09894092
0.08885300
0.09136099
0.09192788
0.07587714
0.07835712
0.09822101
0.09822101
0.09822101
0.08603424
0.09083290
0.09083290
0.09083290
0.09083290
0.09083290
0.07840879
0.08097561
0.08097561
0.08242912
0.08338951
0.08491760
0.09580363
0.08468730
0.09184256
0.09184256
0.09184256
0.09184256
0.09151586
0.09151586
0.09467108
0.09467108
0.09467108
0.09467108
0.08119970
0.07628016
0.08632634
0.06493278
0.06774193
0.06774193
0.06774193
0.06774193
0.07111976
0.07111976
0.06766825
0.06309002
0.06341715
0.06286332
0.06286332
0.06116243
0.06076632
0.06345815
0.06345815
0.06345815
0.06667107
0.06945609
0.06493119
0.06493119
0.06493119
0.06088230
0.06088230
0.05947547
0.05770228
0.05770228
0.05770228
0.05928310
0.05928310
0.05928310
0.05667351
0.05667351
0.06181849
0.06317701
0.06317701
0.06165710
0.06467771
0.06667580
0.05626462
0.06102979
0.06102979
0.06102979
0.06102979
0.06367852
0.06247370
0.06247370
0.06458385
0.06649532
0.06649532
0.05928012
0.05928012
0.05969640
0.05969640
0.05753916
0.05922387
0.05379896
0.06366003
0.06074485
0.06074485
0.06074485
0.06074485
0.06074485
0.06074485
0.06815402
0.07627202
0.07627202
0.07538031
0.07538031
0.07315923
0.07315923
0.07315923
0.08106090
0.08569429
0.08569429
0.08148720
0.08148720
0.07164565
0.07164565
0.07164565
0.07122053
0.06629336
0.06547514
0.06547514
0.08912711
0.08128149
0.09567075
0.08482775
0.10731760
0.10731760
0.10731760
0.10126921
0.10126921
0.10051456
0.10161277
0.10088575
0.10088575
0.10246422
0.10570913
0.10434895
0.10434895
0.10434895
0.10434895
0.11783085
0.12459973
0.12973273
0.12973273
0.12973273
0.12973273
0.12973273
0.12973273
0.12249950
0.09961887
0.10556648
0.10556648
0.10556648
0.11455083
0.12527261
0.12527261
0.11453022
0.11453022
0.10153863
0.10153863
0.10306178
0.10306178
0.10306178
0.10880948
0.11386661
0.10552730
0.10302053
0.10977981
0.10977981
0.10977981
0.10977981
0.10977981
0.10977981
0.10977981
0.10977981
0.10639666
0.10639666
0.12298889
0.11568749
0.11568749
0.11568749
0.12329419
0.12329419
0.11581442
0.11581442
0.14578755
0.14578755
0.14578755
0.14578755
0.14578755
0.15202320
0.15051405
0.15051405
0.15981960
0.15981960
0.12070011
0.12812360
0.12573827
0.12573827
0.12573827
0.13373825
0.12910938
0.12910938
0.12910938
0.13553475
0.10825692
0.11656603
0.11656603
0.11087978
0.11087978
0.13465489
0.13883441
0.13883441
0.13883441
0.13883441
0.14185342
0.14120179
0.14120179
0.13692782
0.13692782
0.13692782
0.13692782
0.13692782
0.13692782
0.13167146
0.13167146
0.10520149
0.10520149
0.11132623
0.11132623
0.11809730
0.12523766
0.11958703
0.11447488
0.11447488
0.12233698
0.12233698
0.12233698
0.12233698
0.11865071
0.11865071
0.11865071
0.11270144
0.11270144
0.11270144
0.11270144
0.10638473
0.10638473
0.10638473
0.10638473
0.10390330
0.10600439
0.12218105
0.10516130
0.10516130
0.10516130
0.11481840
0.10548936
0.10548936
0.10548936
0.10548936
0.10548936
0.10869370
0.10303596
0.10632597
0.10632597
0.10632597
0.11496235
0.11724876
0.13003931
0.13003931
0.13003931
0.13003931
0.11444796
0.11444796
0.10522378
0.11068907
0.09853863
0.09820055
0.10650600
0.10650600
0.10650600
0.10894784
0.10894784
0.10894784
0.10894784
0.10894784
0.10157278
0.10157278
0.10157278
0.10865191
0.10865191
0.10923838
0.09940191
0.09940191
0.09940191
0.09940191
0.10641126
0.10641126
0.10641126
0.10641126
0.10990340
0.10808683
0.10808683
0.10271177
0.10271177
0.10271177
0.10271177
0.12227253
0.11588695
0.11588695
0.11588695
0.11588695
0.11304728
0.11304728
0.11196450
0.10372291
0.09803751
0.10720583
0.10720583
0.10566534
0.10095498
0.10473805
0.11438576
0.11438576
0.10304716
0.10309413
0.10309413
0.10500213
0.10500213
0.10500213
0.10724838
0.11120512
0.10661366
0.10826012
0.10826012
0.10826012
0.09636724
0.09439460
0.09075889
0.09603003
0.09603003
0.09697296
0.09697296
0.10763600
0.10763600
0.09761420
0.09761420
0.09761420
0.09123326
0.09769490
0.09769490
0.09769490
0.08786011
0.07763121
0.07983646
0.07430655
0.07430655
0.06756918
0.10061928
0.10271453
0.10271453
0.10726810
0.10726810
0.10315479
0.09608296
0.09608296
0.09608296
0.08766945
0.08766945
0.08766945
0.08766945
0.08766945
0.09141136
0.09141136
0.09141136
0.09515639
0.09515639
0.09515639
0.09246887
0.09780042
0.09841789
0.09841207
0.09841207
0.09841207
0.09841207
0.09841207
0.09841207
0.09915933
0.09078057
0.09078057
0.09078057
0.09078057
0.09092023
0.09092023
0.09092023
0.09092023
0.09092023
0.09379090
0.08486685
0.08486685
0.08686955
0.08686955
0.08686955
0.08629817
0.08502411
0.08502411
0.08502411
0.08502411
0.08502411
0.08502411
0.08502411
0.10116703
0.11336848
0.11336848
0.11336848
0.09240896
0.09240896
0.09240896
0.09240896
0.09240896
0.09240896
0.09490459
0.09490459
0.09490459
0.09490459
0.09490459
0.09490459
0.09289978
0.09289978
0.09289978
0.08808495
0.09012669
0.10002382
0.10002382
0.09194801
0.09174388
0.12164616
0.12164616
0.10436615
0.10436615
0.10615841
0.10615841
0.10557209
0.09630708
0.09630708
0.09046116
0.08344314
0.08344314
0.08344314
0.08344314
0.08344314
0.08344314
0.08344314
0.08344314
0.07744450
0.07327068
0.07327068
0.08493621
0.08210843
0.08210843
0.08210843
0.10595912
0.10595912
0.10894393
0.10894393
0.10894393
0.12288984
0.09404510
0.11224970
0.11224970
0.12179225
0.12179225
0.09552520
0.09552520
0.10503692
0.10503692
0.09954302
0.09954302
0.09804781
0.09804781
0.09804781
0.09804781
0.10745984
0.10745984
0.10745984
0.12809228
0.12854964
0.11660107
0.11660107
0.11660107
0.10044110
0.10044110
0.10044110
0.09868641
0.09868641
0.09868641
0.09868641
0.09868641
0.11279987
0.11279987
0.11279987
0.13864125
0.13864125
0.11187495
0.09618396
0.09618396
0.09737704
0.09577323
0.09577323
0.09577323
0.09577323
0.09028739
0.11427455
0.09857693
0.09857693
0.09399797
0.09201204
0.09201204
0.10067721
0.10067721
0.08342443
0.09514057
0.09514057
0.09510141
0.09510141
0.09510141
0.09510141
0.09719308
0.09113853
0.08545580
0.08545580
0.09138719
0.09138719
0.09663498
0.09255888
0.09780285
0.09780285
0.09780285
0.09780285
0.10180153
0.11062432
0.08203248
0.08203248
0.06814190
0.07176643
0.07176643
0.07176643
0.09553203
0.09223430
0.09368094
0.09368094
0.09501918
0.09501918
0.08978205
0.08978205
0.08720558
0.08720558
0.08720558
0.09681797
0.09490739
0.09490739
0.09490739
0.08962132
0.08962132
0.10117217
0.09759422
0.09854827
0.09854827
0.09854827
0.09722677
0.09722677
0.09722677
0.09650731
0.10134704
0.09495996
0.08217272
0.08217272
0.08217272
0.08217272
0.08217272
0.08012769
0.09028984
0.10453439
0.07853557
0.09347100
0.09347100
0.09347100
0.09931713
0.09931713
0.06976784
0.06976784
0.06976784
0.06496476
0.06496476
0.07692708
0.09500917
0.07173984
0.09165125
0.09165125
0.06796139
0.06924534
0.06973350
0.06973350
0.06973350
0.06973350
0.07137318
0.06940474
0.06940474
0.06394706
0.06546235
0.06546235
0.06647042
0.06647042
0.06210249
0.06210249
0.05624971
0.05398781
0.05398781
0.06398848
0.06398848
0.06398848
0.06810856
0.06810856
0.06810856
0.06810856
0.06810856
0.07591875
0.06191450
0.06191450
0.06934622
0.06048068
0.06048068
0.06048068
0.07349794
0.05427500
0.05558928
0.05558928
0.06778601
0.06778601
0.06778601
0.06869497
0.06869497
0.05721249
0.04731731
0.04731731
0.04731731
0.04377270
0.04377270
0.06003894
0.06003894
0.06003894
0.06026602
0.06026602
0.05583580
0.06022478
0.06022478
0.04894168
0.04894168
0.04894168
0.05078994
0.05558960
0.05558960
0.05558960
0.05558960
0.06774713
0.05797507
0.05336633
0.05336633
0.05336633
0.05336633
0.05845001
0.05845001
0.05845001
0.05845001
0.05845001
0.04725158
0.05277273
0.04985775
0.04941161
0.05422860
0.05422860
0.05462538
0.04916230
0.04509934
0.04509934
0.04423711
0.04837058
0.05013545
0.04962937
0.04889474
0.05582313
0.05582313
0.05582313
0.05404687
0.05421373
0.04759578
0.05590747
0.05590747
0.05590747
0.04814468
0.04730653
0.04730653
0.04642110
0.04572107
0.04572107
0.04565591
0.05037372
0.05037372
0.05037372
0.05037372
0.05037372
0.05381423
0.05381423
0.05381423
0.05381423
0.05381423
0.04657780
0.04657780
0.04849331
0.04849331
0.04849331
0.04960524
0.04960524
0.04960524
0.05014884
0.05014884
0.05014884
0.05431450
0.05431450
0.05431450
0.04921395
0.04921395
0.04921395
0.04921395
0.05042180
0.05042180
0.05042180
0.05042180
0.05042180
0.05042180
0.05042180
0.05042180
0.05260157
0.05466594
0.04525464
0.05091223
0.05091223
0.05400203
0.05063966
0.05063966
0.04647964
0.04647964
0.04616400
0.04708677
0.05272492
0.04533363
0.04572800
0.04415307
0.04415307
0.04669224
0.05585940
0.04962854
0.05031632
0.05279082
0.04302667
0.04302667
0.04302667
0.04812413
0.04812413
0.04550407
0.04550407
0.04550407
0.04550407
0.04337015
0.04661388
0.04661388
0.04759125
0.04759125
0.04424870
0.04424870
0.04424870
0.04654472
0.04440043
0.04348108
0.04348108
0.04348108
0.04348108
0.04679523
0.04679523
0.04679523
0.04637140
0.04637140
0.04637140
0.04637140
0.04637140
0.04637140
0.04637140
0.04637140
0.04727372
0.04574598
0.04890907
0.04865204
0.05352334
0.05352334
0.05352334
0.04498457
0.04498457
0.04523396
0.04523396
0.04474049
0.04474049
0.04434140
0.04434140
0.04543095
0.04543095
0.04781437
0.04781437
0.04781437
0.04781437
0.04766006
0.04766006
0.04766006
0.04766006
0.04766006
0.04969867
0.04969867
0.04969867
0.04969867
0.04969867
0.04969867
0.04969867
0.04969867
0.04641442
0.04769897
0.04769897
0.04769897
0.04664011
0.04664011
0.04413213
0.04413213
0.04423572
0.04478508
0.04478508
0.04398077
0.04398077
0.04637529
0.04759115
0.04759115
0.04687002
0.04687002
0.04938226
0.04582699
0.04684287
0.04794211
0.04478418
0.04478418
0.04478418
0.04478418
0.04478418
0.04478418
0.04679225
0.04679225
0.04769439
0.04769439
0.05478332
0.05478332
0.04400133
0.04400133
0.04400133
0.04510945
0.04530813
0.04530813
0.04386217
0.04514281
0.04409724
0.04665549
0.04383052
0.04362540
0.04362540
0.04263023
0.04406769
0.04406769
0.04536901
0.05680396
0.05680396
0.05234244
0.05234244
0.05572538
0.04730527
0.04730527
0.04419640
0.04460466
0.04619284
0.04619284
0.04578148
0.04640101
0.05000205
0.05000205
0.05000205
0.05000205
0.05000205
0.05000205
0.04508257
0.04508257
0.04508257
0.04508257
0.04390557
0.04393580
0.04393580
0.04393580
0.04488401
0.04544117
0.04548255
0.04548255
0.04548255
0.04548255
0.04548255
0.04678986
0.04678986
0.04678986
0.04756963
0.04782677
0.04782677
0.05061673
0.04497627
0.04497627
0.04497627
0.04544919
0.04544919
0.04773882
0.04746835
0.04630507
0.04630507
0.04877683
0.04504414
0.04504414
0.04504414
0.04672038
0.04672038
0.04680004
0.04680004
0.04881427
0.04881427
0.04881427
0.04746587
0.04794826
0.04794826
0.04794826
0.05279898
0.04680738
0.05122878
0.05122878
0.05122878
0.05122878
0.05122878
0.05122878
0.05145262
0.05463810
0.05463810
0.05463810
0.05463810
0.05026361
0.04709625
0.04709625
0.04709625
0.04610857
0.05542956
0.04860849
0.05035729
0.05035729
0.05325331
0.05325331
0.05325331
0.05069230
0.05770966
0.06318688
0.07093931
0.05269904
0.05269904
0.05269904
0.05050874
0.05050874
0.05050874
0.04904602
0.04904602
0.04904602
0.04904602
0.04880767
0.05623801
0.06278693
0.06800785
0.06800785
0.06721969
0.06306354
0.06306354
0.06306354
0.06306354
0.06671188
0.06604349
0.06604349
0.05869015
0.05707377
0.06076198
0.05586149
0.05586149
0.06109115
0.05881610
0.05881610
0.05881610
0.07023663
0.06263617
0.06263617
0.06011663
0.06011663
0.06011663
0.05811356
0.06408717
0.06191547
0.06191547
0.06073649
0.06236239
0.05638970
0.05638970
0.05638970
0.05638970
0.06403688
0.06403688
0.06403688
0.06111482
0.06435955
0.05642348
0.05904512
0.05948733
0.05894189
0.06087326
0.05757252
0.05595986
0.06275800
0.06275800
0.06275800
0.07743503
0.07743503
0.07743503
0.06393871
0.06582942
0.06897978
0.06897978
0.07186261
0.06468310
0.05740822
0.05740822
0.06126818
0.05564541
0.08066746
0.07822143
0.06556882
0.06556882
0.06556882
0.06556882
0.06662401
0.05920174
0.06600246
0.08222093
0.06393502
0.05931165
0.05931165
0.05931165
0.06626347
0.06626347
0.06829700
0.06829700
0.06829700
0.07668730
0.06043120
0.05878455
0.05878455
0.05878455
0.06080750
0.06080750
0.06080750
0.06080750
0.06080750
0.06325978
0.06943222
0.06767691
0.06767691
0.06767691
0.06767691
0.06829191
0.06829191
0.07133626
0.07133626
0.06147821
0.06147821
0.06592857
0.06592857
0.06592857
0.06998394
0.07117639
0.06569132
0.06160658
0.06160658
0.06160658
0.06380963
0.06037224
0.06456546
0.06413766
0.05907940
0.05907940
0.05665753
0.05665753
0.05779314
0.06353637
0.06353637
0.06353637
0.06361963
0.06147698
0.06147698
0.06147698
0.06303317
0.06303317
0.06391282
0.06200518
0.06067282
0.06651603
0.07287494
0.07618050
0.07618050
0.07618050
0.08235071
0.06883994
0.06883994
0.05976669
