-100.0000 -100.0000
0.2505 0.0000
0.1185 0.0000
0.3952 0.0000
0.4022 0.0000
0.3694 0.0000
-1.0404 0.0000
0.3478 0.0000
0.4192 0.0000
0.2469 0.0000
0.1591 0.0000
0.1875 0.0000
0.0393 0.0000
0.1533 0.0000
0.0610 0.0000
-0.0062 0.0000
-0.7299 0.0000
0.4333 0.0000
0.3795 0.0000
0.2888 0.0000
-1.3454 0.0000
0.2272 0.0000
0.2306 0.0000
0.3233 0.0000
0.1234 0.0000
-2.1314 0.0000
-0.1050 0.0000
-0.3025 0.0000
0.0142 0.0000
-0.1650 0.0000
-0.1655 0.0000
0.0489 0.0000
-0.1731 0.0000
-0.2675 0.0000
-0.3871 0.0000
-0.1720 0.0000
-0.4504 0.0000
-0.4515 0.0000
-0.1751 0.0000
-0.0055 0.0000
0.0729 0.0000
-0.1783 0.0000
0.0178 0.0000
-2.7400 0.0000
-0.2874 0.0000
-0.0578 0.0000
-0.1976 0.0000
-0.1078 0.0000
-0.1634 0.0000
-0.4469 0.0000
-0.4180 0.0000
-0.0357 0.0000
0.0190 0.0000
-0.3939 0.0000
-0.0790 0.0000
-0.1267 0.0000
-0.0817 0.0000
-0.2343 0.0000
-2.3169 0.0000
-0.0114 0.0000
-1.9474 0.0000
-0.0531 0.0000
0.1640 0.0000
0.0318 0.0000
-0.0501 0.0000
-2.1637 0.0000
0.0047 0.0000
0.0190 0.0000
0.0680 0.0000
-0.0092 0.0000
0.0433 0.0000
-0.0985 0.0000
-0.1765 0.0000
-2.4463 0.0000
-0.7089 0.0000
0.0719 0.0000
-3.1137 0.0000
-0.1429 0.0000
-0.5497 0.0000
-0.1488 0.0000
-0.1821 0.0000
-0.0894 0.0000
-2.0729 0.0000
-0.0205 0.0000
0.0329 0.0000
-0.0042 0.0000
0.0071 0.0000
-0.3444 0.0000
-0.0616 0.0000
-0.0280 0.0000
-0.7348 0.0000
0.3232 0.0000
0.2491 0.0000
0.4171 0.0000
0.3699 0.0000
0.1835 0.0000
0.2984 0.0000
0.2015 0.0000
-0.3355 0.0000
0.3335 0.0000
0.3127 0.0000
0.6138 0.0000
0.3796 0.0000
0.4989 0.0000
0.3384 0.0000
0.3307 0.0000
0.5489 0.0000
0.4343 0.0000
0.5044 0.0000
0.4149 0.0000
0.2449 0.0000
0.7395 0.0000
0.6035 0.0000
-0.5284 0.0000
0.3296 0.0000
0.2901 0.0000
0.1716 0.0000
0.4188 0.0000
0.3431 0.0000
0.3496 0.0000
-1.0768 0.0000
-0.0231 0.0000
0.2017 0.0000
0.1367 0.0000
0.1060 0.0000
0.2296 0.0000
-0.0335 0.0000
-0.8594 0.0000
-1.2064 0.0000
0.1107 0.0000
0.0973 0.0000
0.2484 0.0000
0.2464 0.0000
-1.7824 0.0000
0.0652 0.0000
0.0230 0.0000
0.0299 0.0000
0.1892 0.0000
0.3869 0.0000
0.0040 0.0000
0.0431 0.0000
0.3306 0.0000
0.2982 0.0000
0.2446 0.0000
0.1190 0.0000
0.0059 0.0000
0.0842 0.0000
-0.1289 0.0000
0.0034 0.0000
0.1811 0.0000
0.1462 0.0000
0.4013 0.0000
-0.2053 0.0000
0.3840 0.0000
-1.3334 0.0000
0.0818 0.0000
0.0344 0.0000
0.0891 0.0000
0.2005 0.0000
-1.5643 0.0000
0.2201 0.0000
0.2300 0.0000
0.2746 0.0000
0.2525 0.0000
-0.0662 0.0000
0.3489 0.0000
-0.0962 0.0000
0.0433 0.0000
0.1900 0.0000
0.2477 0.0000
0.2000 0.0000
0.3542 0.0000
0.1617 0.0000
-0.0335 0.0000
0.1791 0.0000
0.4919 0.0000
0.0393 0.0000
0.3006 0.0000
0.1749 0.0000
0.2421 0.0000
0.4120 0.0000
0.5086 0.0000
0.1068 0.0000
0.1945 0.0000
0.0506 0.0000
0.0997 0.0000
-0.0149 0.0000
0.2791 0.0000
-1.1727 0.0000
-0.0712 0.0000
0.3808 0.0000
0.1077 0.0000
0.3013 0.0000
0.1693 0.0000
0.3990 0.0000
-1.7224 0.0000
0.4328 0.0000
0.3456 0.0000
0.0447 0.0000
-1.6547 0.0000
-2.0796 0.0000
-2.1133 0.0000
-2.0551 0.0000
-2.5249 0.0000
-0.1993 0.0000
-0.0752 0.0000
0.0051 0.0000
-0.3006 0.0000
0.2699 0.0000
-0.3254 0.0000
-0.1044 0.0000
-0.0624 0.0000
-0.2397 0.0000
-0.2038 0.0000
0.3223 0.0000
0.0625 0.0000
-0.1799 0.0000
-0.1648 0.0000
-0.0315 0.0000
0.0905 0.0000
-0.0815 0.0000
-0.0952 0.0000
-0.0245 0.0000
-0.2365 0.0000
0.0025 0.0000
0.0639 0.0000
-0.5561 0.0000
-0.5419 0.0000
-0.1378 0.0000
-0.1483 0.0000
-0.1004 0.0000
-2.9914 0.0000
-0.1862 0.0000
-0.0170 0.0000
-0.3211 0.0000
-0.3002 0.0000
0.0296 0.0000
-4.8872 0.0000
-0.3438 0.0000
-0.3771 0.0000
-0.3195 0.0000
-0.1346 0.0000
-0.1424 0.0000
-0.4066 0.0000
-0.2024 0.0000
-0.4675 0.0000
-0.6355 0.0000
0.1050 0.0000
0.0924 0.0000
-0.0224 0.0000
