-100.0000 -100.0000
0.2888 0.0000
0.1044 0.0000
0.4929 0.0000
0.5073 0.0000
0.4589 0.0000
-1.1507 0.0000
0.4393 0.0000
0.5302 0.0000
0.2896 0.0000
0.1684 0.0000
0.2121 0.0000
0.0097 0.0000
0.1649 0.0000
0.0406 0.0000
-0.0554 0.0000
-0.7685 0.0000
0.5381 0.0000
0.4652 0.0000
0.3428 0.0000
-1.5098 0.0000
0.5644 0.0000
0.5641 0.0000
0.6758 0.0000
0.4462 0.0000
-1.4751 0.0000
0.4216 0.0000
0.2228 0.0000
0.5410 0.0000
0.3536 0.0000
0.3557 0.0000
0.5788 0.0000
0.3502 0.0000
0.2617 0.0000
0.1470 0.0000
0.3541 0.0000
0.0830 0.0000
0.0857 0.0000
0.3460 0.0000
0.5176 0.0000
0.6070 0.0000
0.3408 0.0000
0.5410 0.0000
-1.1897 0.0000
0.0012 0.0000
0.2769 0.0000
0.1284 0.0000
0.2090 0.0000
0.1355 0.0000
-0.1780 0.0000
-0.1399 0.0000
0.2990 0.0000
0.3639 0.0000
-0.1067 0.0000
0.2436 0.0000
0.1889 0.0000
0.2396 0.0000
0.0698 0.0000
-1.3575 0.0000
0.3193 0.0000
-1.0393 0.0000
0.2310 0.0000
0.4986 0.0000
0.3401 0.0000
0.2440 0.0000
-1.2246 0.0000
0.2999 0.0000
0.3231 0.0000
0.3871 0.0000
0.2872 0.0000
0.3608 0.0000
0.1616 0.0000
0.0872 0.0000
-1.4008 0.0000
-0.4438 0.0000
0.4334 0.0000
-1.9552 0.0000
0.1932 0.0000
-0.2393 0.0000
0.1757 0.0000
0.1500 0.0000
0.2513 0.0000
-1.0821 0.0000
0.3311 0.0000
0.3911 0.0000
0.3460 0.0000
0.3630 0.0000
-0.0336 0.0000
0.2873 0.0000
0.3163 0.0000
0.0156 0.0000
0.7377 0.0000
0.6513 0.0000
0.8494 0.0000
0.7891 0.0000
0.5717 0.0000
0.7084 0.0000
0.5946 0.0000
0.3627 0.0000
0.7441 0.0000
0.7215 0.0000
1.0869 0.0000
0.7986 0.0000
0.9442 0.0000
0.7468 0.0000
0.7354 0.0000
1.0078 0.0000
0.8636 0.0000
0.9560 0.0000
0.8379 0.0000
0.6322 0.0000
1.2446 0.0000
1.0728 0.0000
0.1993 0.0000
0.7743 0.0000
0.7329 0.0000
0.5920 0.0000
0.8718 0.0000
0.7869 0.0000
0.7941 0.0000
-0.2761 0.0000
0.3430 0.0000
0.5886 0.0000
0.5160 0.0000
0.4852 0.0000
0.6263 0.0000
0.3270 0.0000
-0.1023 0.0000
-0.4062 0.0000
0.5042 0.0000
0.4913 0.0000
0.6600 0.0000
0.6608 0.0000
-0.8894 0.0000
0.4504 0.0000
0.4090 0.0000
0.4127 0.0000
0.5949 0.0000
0.8239 0.0000
0.3868 0.0000
0.4251 0.0000
0.7559 0.0000
0.7182 0.0000
0.6593 0.0000
0.5109 0.0000
0.3898 0.0000
0.4748 0.0000
0.2334 0.0000
0.3850 0.0000
0.5825 0.0000
0.5435 0.0000
0.7230 0.0000
0.2126 0.0000
0.7017 0.0000
-0.2304 0.0000
0.4369 0.0000
0.4006 0.0000
0.4427 0.0000
0.5378 0.0000
-0.3813 0.0000
0.5736 0.0000
0.5911 0.0000
0.6307 0.0000
0.6090 0.0000
0.3543 0.0000
0.6892 0.0000
0.3314 0.0000
0.4422 0.0000
0.5599 0.0000
0.6051 0.0000
0.5753 0.0000
0.6978 0.0000
0.5358 0.0000
0.3813 0.0000
0.5461 0.0000
0.8098 0.0000
0.4319 0.0000
0.6473 0.0000
0.5454 0.0000
0.5978 0.0000
0.7481 0.0000
0.8292 0.0000
0.4911 0.0000
0.5605 0.0000
0.4491 0.0000
0.4792 0.0000
0.3910 0.0000
0.6339 0.0000
-0.1386 0.0000
0.2727 0.0000
0.6701 0.0000
0.4320 0.0000
0.6013 0.0000
0.4839 0.0000
0.6892 0.0000
-0.4818 0.0000
0.5883 0.0000
0.5093 0.0000
0.2334 0.0000
-0.8280 0.0000
-1.1570 0.0000
-0.4983 0.0000
-0.4805 0.0000
-0.7464 0.0000
0.3240 0.0000
0.4169 0.0000
0.4856 0.0000
0.2512 0.0000
0.6930 0.0000
0.2305 0.0000
0.3989 0.0000
0.4272 0.0000
0.2933 0.0000
0.3225 0.0000
0.7381 0.0000
0.5276 0.0000
0.3358 0.0000
0.3468 0.0000
0.4602 0.0000
0.5523 0.0000
0.4196 0.0000
0.4027 0.0000
0.4600 0.0000
0.2997 0.0000
0.4789 0.0000
0.5292 0.0000
0.0492 0.0000
0.0752 0.0000
0.3689 0.0000
0.3631 0.0000
0.4037 0.0000
-0.9876 0.0000
0.3054 0.0000
0.4418 0.0000
0.1985 0.0000
0.2145 0.0000
0.4814 0.0000
-2.0108 0.0000
0.1896 0.0000
0.1617 0.0000
0.2120 0.0000
0.3527 0.0000
0.3392 0.0000
0.1379 0.0000
0.2933 0.0000
0.0813 0.0000
-0.0373 0.0000
0.5426 0.0000
0.5339 0.0000
0.4368 0.0000
