-100.0000 -100.0000
0.1738 0.0000
0.0635 0.0000
0.3007 0.0000
0.3071 0.0000
0.2747 0.0000
-0.9253 0.0000
0.2578 0.0000
0.3157 0.0000
0.1654 0.0000
0.0938 0.0000
0.1196 0.0000
-0.0035 0.0000
0.0884 0.0000
0.0118 0.0000
-0.0445 0.0000
-0.6495 0.0000
0.3345 0.0000
0.2912 0.0000
0.2182 0.0000
-1.1708 0.0000
0.1872 0.0000
0.1884 0.0000
0.2644 0.0000
0.1119 0.0000
-1.8434 0.0000
-0.1149 0.0000
-0.2854 0.0000
-0.0156 0.0000
-0.1731 0.0000
-0.1654 0.0000
0.0133 0.0000
-0.1709 0.0000
-0.2401 0.0000
-0.3438 0.0000
-0.1679 0.0000
-0.3990 0.0000
-0.3999 0.0000
-0.1777 0.0000
-0.0378 0.0000
0.0372 0.0000
-0.1802 0.0000
-0.0175 0.0000
-2.3608 0.0000
-0.4741 0.0000
-0.2450 0.0000
-0.3645 0.0000
-0.2956 0.0000
-0.3531 0.0000
-0.6374 0.0000
-0.6100 0.0000
-0.2211 0.0000
-0.1617 0.0000
-0.5771 0.0000
-0.2664 0.0000
-0.3116 0.0000
-0.2733 0.0000
-0.4203 0.0000
-2.5664 0.0000
-0.1766 0.0000
-2.3959 0.0000
-0.2606 0.0000
-0.0518 0.0000
-0.1721 0.0000
-0.2551 0.0000
-2.6576 0.0000
-0.2475 0.0000
-0.2346 0.0000
-0.1904 0.0000
-0.2620 0.0000
-0.2150 0.0000
-0.3568 0.0000
-0.4318 0.0000
-3.1840 0.0000
-0.7892 0.0000
-0.0642 0.0000
-3.3866 0.0000
-0.2553 0.0000
-0.6134 0.0000
-0.2652 0.0000
-0.2816 0.0000
-0.2140 0.0000
-2.2568 0.0000
-0.1336 0.0000
-0.0853 0.0000
-0.1189 0.0000
-0.1088 0.0000
-0.4272 0.0000
-0.1698 0.0000
-0.1391 0.0000
-0.9186 0.0000
0.1385 0.0000
0.0775 0.0000
0.2253 0.0000
0.1829 0.0000
0.0145 0.0000
0.1183 0.0000
0.0269 0.0000
-0.5272 0.0000
0.0348 0.0000
0.0098 0.0000
0.3315 0.0000
0.0835 0.0000
0.2115 0.0000
0.0362 0.0000
0.0301 0.0000
0.2634 0.0000
0.1443 0.0000
0.2226 0.0000
0.1225 0.0000
-0.0726 0.0000
0.4588 0.0000
0.3221 0.0000
-0.7034 0.0000
0.1379 0.0000
0.0975 0.0000
-0.0196 0.0000
0.2208 0.0000
0.1473 0.0000
0.1599 0.0000
-1.0193 0.0000
-0.0712 0.0000
0.1180 0.0000
0.0602 0.0000
0.0401 0.0000
0.1402 0.0000
-0.0818 0.0000
-0.8262 0.0000
-1.1433 0.0000
0.0449 0.0000
0.0313 0.0000
0.1602 0.0000
0.1595 0.0000
-1.6442 0.0000
-0.1864 0.0000
-0.2250 0.0000
-0.2123 0.0000
-0.0620 0.0000
0.1300 0.0000
-0.2427 0.0000
-0.2167 0.0000
0.0780 0.0000
0.0460 0.0000
-0.0077 0.0000
-0.1348 0.0000
-0.2360 0.0000
-0.1606 0.0000
-0.3912 0.0000
-0.2478 0.0000
-0.0693 0.0000
-0.1070 0.0000
0.0793 0.0000
-0.6649 0.0000
0.0570 0.0000
-2.3158 0.0000
-0.2558 0.0000
-0.3084 0.0000
-0.2397 0.0000
-0.1135 0.0000
-2.6344 0.0000
-0.1162 0.0000
-0.0937 0.0000
-0.0399 0.0000
-0.0705 0.0000
-0.4365 0.0000
0.0401 0.0000
-0.4767 0.0000
-0.3121 0.0000
-0.1440 0.0000
-0.0722 0.0000
-0.1156 0.0000
0.0487 0.0000
-0.1774 0.0000
-0.3980 0.0000
-0.1574 0.0000
0.2027 0.0000
-0.3203 0.0000
-0.0134 0.0000
-0.1567 0.0000
-0.0817 0.0000
0.1194 0.0000
0.2262 0.0000
-0.2375 0.0000
-0.1400 0.0000
-0.3009 0.0000
-0.2501 0.0000
-0.3805 0.0000
-0.0346 0.0000
-2.1087 0.0000
-0.5416 0.0000
0.0218 0.0000
-0.3101 0.0000
-0.0753 0.0000
-0.2349 0.0000
0.0508 0.0000
-2.8625 0.0000
0.0872 0.0000
-0.0146 0.0000
-0.3886 0.0000
-2.7683 0.0000
-4.2249 0.0000
-4.2109 0.0000
-4.1274 0.0000
-4.8664 0.0000
-0.8000 0.0000
-0.6454 0.0000
-0.5350 0.0000
-0.9291 0.0000
-0.2147 0.0000
-0.9626 0.0000
-0.6603 0.0000
-0.6239 0.0000
-0.8487 0.0000
-0.7999 0.0000
-0.1398 0.0000
-0.4608 0.0000
-0.7851 0.0000
-0.7561 0.0000
-0.5721 0.0000
-0.4316 0.0000
-0.6427 0.0000
-0.6587 0.0000
-0.5617 0.0000
-0.8515 0.0000
-0.5387 0.0000
-0.4628 0.0000
-1.2784 0.0000
-1.2474 0.0000
-0.7213 0.0000
-0.7434 0.0000
-0.6624 0.0000
-5.5858 0.0000
-1.3479 0.0000
-1.0210 0.0000
-1.5995 0.0000
-1.5572 0.0000
-0.9310 0.0000
-8.6683 0.0000
-1.6217 0.0000
-1.6867 0.0000
-1.5700 0.0000
-1.2243 0.0000
-1.2512 0.0000
-1.7554 0.0000
-1.3607 0.0000
-1.8897 0.0000
-2.2090 0.0000
-0.8086 0.0000
-0.8227 0.0000
-1.0366 0.0000
