-100.0000 -100.0000
0.2249 0.0000
0.1008 0.0000
0.3608 0.0000
0.3685 0.0000
0.3358 0.0000
-0.8976 0.0000
0.2450 0.0000
0.3157 0.0000
0.1242 0.0000
0.0283 0.0000
0.0653 0.0000
-0.0931 0.0000
0.0301 0.0000
-0.0733 0.0000
-0.1525 0.0000
-0.6151 0.0000
0.3946 0.0000
0.3461 0.0000
0.2620 0.0000
-1.1596 0.0000
0.2305 0.0000
0.2294 0.0000
0.3138 0.0000
0.1377 0.0000
-1.8517 0.0000
-0.0670 0.0000
-0.2412 0.0000
0.0386 0.0000
-0.1234 0.0000
-0.1193 0.0000
0.0726 0.0000
-0.1267 0.0000
-0.2078 0.0000
-0.3158 0.0000
-0.1236 0.0000
-0.3699 0.0000
-0.3659 0.0000
-0.1333 0.0000
0.0211 0.0000
0.0950 0.0000
-0.1349 0.0000
0.0405 0.0000
-2.3748 0.0000
-0.2301 0.0000
-0.0224 0.0000
-0.1428 0.0000
-0.0713 0.0000
-0.1230 0.0000
-0.3711 0.0000
-0.3451 0.0000
-0.0042 0.0000
0.0455 0.0000
-0.3210 0.0000
-0.0450 0.0000
-0.0866 0.0000
-0.0468 0.0000
-0.1830 0.0000
-2.0248 0.0000
-0.0486 0.0000
-1.8471 0.0000
-0.1118 0.0000
0.1005 0.0000
-0.0174 0.0000
-0.1041 0.0000
-2.0660 0.0000
-0.0525 0.0000
-0.0413 0.0000
0.0131 0.0000
-0.0697 0.0000
-0.0068 0.0000
-0.1498 0.0000
-0.2289 0.0000
-2.2835 0.0000
-0.6699 0.0000
0.0505 0.0000
-2.9243 0.0000
-0.1314 0.0000
-0.4955 0.0000
-0.1533 0.0000
-0.1678 0.0000
-0.0935 0.0000
-1.9085 0.0000
-0.0387 0.0000
0.0124 0.0000
-0.0349 0.0000
-0.0075 0.0000
-0.3498 0.0000
-0.0806 0.0000
-0.0549 0.0000
-0.6789 0.0000
0.2694 0.0000
0.1997 0.0000
0.3559 0.0000
0.3109 0.0000
0.1377 0.0000
0.2429 0.0000
0.1470 0.0000
-0.3153 0.0000
0.3106 0.0000
0.2913 0.0000
0.5552 0.0000
0.3506 0.0000
0.4554 0.0000
0.3132 0.0000
0.3064 0.0000
0.4990 0.0000
0.3989 0.0000
0.4617 0.0000
0.3793 0.0000
0.2286 0.0000
0.6671 0.0000
0.5455 0.0000
-0.4858 0.0000
0.3061 0.0000
0.2730 0.0000
0.1657 0.0000
0.3790 0.0000
0.3196 0.0000
0.3216 0.0000
-0.9859 0.0000
-0.0437 0.0000
0.1483 0.0000
0.0935 0.0000
0.0697 0.0000
0.1796 0.0000
-0.0667 0.0000
-0.7982 0.0000
-1.1136 0.0000
0.0351 0.0000
0.0118 0.0000
0.1657 0.0000
0.1610 0.0000
-1.6473 0.0000
-0.0858 0.0000
-0.1279 0.0000
-0.1163 0.0000
0.0367 0.0000
0.2239 0.0000
-0.1402 0.0000
-0.1095 0.0000
0.1710 0.0000
0.1409 0.0000
0.0909 0.0000
-0.0362 0.0000
-0.1414 0.0000
-0.0628 0.0000
-0.2727 0.0000
-0.1367 0.0000
0.0198 0.0000
-0.0060 0.0000
0.2126 0.0000
-0.4500 0.0000
0.1843 0.0000
-2.0903 0.0000
-0.1509 0.0000
-0.1964 0.0000
-0.1390 0.0000
-0.0178 0.0000
-2.3714 0.0000
-0.0385 0.0000
-0.0162 0.0000
0.0374 0.0000
0.0072 0.0000
-0.3448 0.0000
0.1173 0.0000
-0.3877 0.0000
-0.2232 0.0000
-0.0637 0.0000
0.0016 0.0000
-0.0427 0.0000
0.1222 0.0000
-0.0875 0.0000
-0.3185 0.0000
-0.0753 0.0000
0.2685 0.0000
-0.2291 0.0000
0.0665 0.0000
-0.0863 0.0000
-0.0002 0.0000
0.1799 0.0000
0.2919 0.0000
-0.1494 0.0000
-0.0679 0.0000
-0.2172 0.0000
-0.1708 0.0000
-0.3003 0.0000
0.0415 0.0000
-1.8737 0.0000
-0.4846 0.0000
0.0674 0.0000
-0.2713 0.0000
-0.0234 0.0000
-0.1883 0.0000
0.0912 0.0000
-2.5670 0.0000
0.1358 0.0000
0.0260 0.0000
-0.3357 0.0000
-2.4502 0.0000
-3.0220 0.0000
-1.8920 0.0000
-1.8517 0.0000
-2.2815 0.0000
0.0153 0.0000
0.1146 0.0000
0.2003 0.0000
-0.0624 0.0000
0.4364 0.0000
-0.0885 0.0000
0.1025 0.0000
0.1314 0.0000
-0.0312 0.0000
0.0035 0.0000
0.4885 0.0000
0.2528 0.0000
0.0271 0.0000
0.0522 0.0000
0.1731 0.0000
0.2744 0.0000
0.1190 0.0000
0.1015 0.0000
0.1769 0.0000
-0.0216 0.0000
0.1905 0.0000
0.2567 0.0000
-0.2929 0.0000
-0.2732 0.0000
0.0685 0.0000
0.0609 0.0000
0.1077 0.0000
-2.2492 0.0000
-0.1150 0.0000
0.0573 0.0000
-0.2502 0.0000
-0.2402 0.0000
0.0980 0.0000
-3.8313 0.0000
-0.2765 0.0000
-0.3205 0.0000
-0.2582 0.0000
-0.0706 0.0000
-0.0819 0.0000
-0.3651 0.0000
-0.1267 0.0000
-0.4179 0.0000
-0.5873 0.0000
0.1851 0.0000
0.1604 0.0000
0.0520 0.0000
