-100.0000 -100.0000
0.1361 0.0000
0.0342 0.0000
0.2404 0.0000
0.2484 0.0000
0.2184 0.0000
-0.6470 0.0000
0.2210 0.0000
0.2674 0.0000
0.1483 0.0000
0.0868 0.0000
0.1078 0.0000
0.0060 0.0000
0.0824 0.0000
0.0190 0.0000
-0.0281 0.0000
-0.4417 0.0000
0.2339 0.0000
0.1926 0.0000
0.1202 0.0000
-0.8301 0.0000
0.1544 0.0000
0.1569 0.0000
0.2193 0.0000
0.0886 0.0000
-1.3371 0.0000
-0.1005 0.0000
-0.2391 0.0000
-0.0174 0.0000
-0.1461 0.0000
-0.1464 0.0000
0.0093 0.0000
-0.1524 0.0000
-0.2144 0.0000
-0.3017 0.0000
-0.1506 0.0000
-0.3502 0.0000
-0.3461 0.0000
-0.1563 0.0000
-0.0363 0.0000
0.0264 0.0000
-0.1502 0.0000
-0.0212 0.0000
-1.7203 0.0000
-0.3415 0.0000
-0.1581 0.0000
-0.2742 0.0000
-0.2071 0.0000
-0.2483 0.0000
-0.4644 0.0000
-0.4497 0.0000
-0.1446 0.0000
-0.0994 0.0000
-0.4319 0.0000
-0.1756 0.0000
-0.2145 0.0000
-0.1838 0.0000
-0.3008 0.0000
-1.8552 0.0000
-0.1320 0.0000
-1.5929 0.0000
-0.2427 0.0000
-0.0519 0.0000
-0.1633 0.0000
-0.2369 0.0000
-1.7601 0.0000
-0.1533 0.0000
-0.1417 0.0000
-0.1025 0.0000
-0.1657 0.0000
-0.1191 0.0000
-0.2390 0.0000
-0.2994 0.0000
-2.1485 0.0000
-0.7963 0.0000
-0.1153 0.0000
-2.7278 0.0000
-0.3760 0.0000
-0.7384 0.0000
-0.3933 0.0000
-0.4110 0.0000
-0.3351 0.0000
-2.3481 0.0000
-0.4618 0.0000
-0.4041 0.0000
-0.4483 0.0000
-0.4256 0.0000
-0.8565 0.0000
-0.5075 0.0000
-0.4747 0.0000
-1.0611 0.0000
0.0114 0.0000
-0.0456 0.0000
0.0874 0.0000
0.0493 0.0000
-0.1031 0.0000
-0.0114 0.0000
-0.0942 0.0000
-0.6814 0.0000
0.0186 0.0000
0.0024 0.0000
0.2407 0.0000
0.0577 0.0000
0.1501 0.0000
0.0208 0.0000
0.0155 0.0000
0.1887 0.0000
0.1007 0.0000
0.1566 0.0000
0.0810 0.0000
-0.0590 0.0000
0.3345 0.0000
0.2311 0.0000
-0.8583 0.0000
0.0406 0.0000
0.0127 0.0000
-0.0859 0.0000
0.1023 0.0000
0.0492 0.0000
0.0520 0.0000
-1.3716 0.0000
-0.1007 0.0000
0.0578 0.0000
0.0091 0.0000
-0.0103 0.0000
0.0783 0.0000
-0.1119 0.0000
-0.7020 0.0000
-0.9514 0.0000
0.0055 0.0000
-0.0054 0.0000
0.1009 0.0000
0.1002 0.0000
-1.3656 0.0000
-0.1599 0.0000
-0.1949 0.0000
-0.1887 0.0000
-0.0600 0.0000
0.0949 0.0000
-0.2083 0.0000
-0.1795 0.0000
0.0519 0.0000
0.0228 0.0000
-0.0163 0.0000
-0.1170 0.0000
-0.2048 0.0000
-0.1454 0.0000
-0.3192 0.0000
-0.2086 0.0000
-0.0658 0.0000
-0.0988 0.0000
0.0564 0.0000
-0.6868 0.0000
0.0259 0.0000
-2.3446 0.0000
-0.3397 0.0000
-0.3869 0.0000
-0.3346 0.0000
-0.1920 0.0000
-2.6438 0.0000
-0.1693 0.0000
-0.1439 0.0000
-0.0900 0.0000
-0.1180 0.0000
-0.4914 0.0000
-0.0076 0.0000
-0.5351 0.0000
-0.3781 0.0000
-0.1917 0.0000
-0.1260 0.0000
-0.1708 0.0000
0.0042 0.0000
-0.2268 0.0000
-0.4483 0.0000
-0.2172 0.0000
0.1606 0.0000
-0.3738 0.0000
-0.0683 0.0000
-0.2111 0.0000
-0.1348 0.0000
0.0713 0.0000
0.1745 0.0000
-0.3029 0.0000
-0.1869 0.0000
-0.3579 0.0000
-0.3016 0.0000
-0.4374 0.0000
-0.0884 0.0000
-2.1270 0.0000
-0.5309 0.0000
0.0176 0.0000
-0.3117 0.0000
-0.0824 0.0000
-0.2347 0.0000
0.0372 0.0000
-2.8665 0.0000
0.0732 0.0000
-0.0286 0.0000
-0.3861 0.0000
-2.7799 0.0000
-3.3518 0.0000
-2.1302 0.0000
-2.0720 0.0000
-2.5196 0.0000
-0.3264 0.0000
-0.2086 0.0000
-0.1218 0.0000
-0.4404 0.0000
0.1573 0.0000
-0.4727 0.0000
-0.2197 0.0000
-0.1821 0.0000
-0.3730 0.0000
-0.3198 0.0000
0.2270 0.0000
-0.0600 0.0000
-0.3270 0.0000
-0.2893 0.0000
-0.1437 0.0000
-0.0226 0.0000
-0.1975 0.0000
-0.2122 0.0000
-0.1320 0.0000
-0.3722 0.0000
-0.1173 0.0000
-0.0459 0.0000
-0.7348 0.0000
-0.6940 0.0000
-0.2605 0.0000
-0.2850 0.0000
-0.2235 0.0000
-2.9796 0.0000
-0.2250 0.0000
-0.0489 0.0000
-0.3540 0.0000
-0.3372 0.0000
0.0068 0.0000
-4.1738 0.0000
-0.8925 0.0000
-0.9495 0.0000
-0.8691 0.0000
-0.6221 0.0000
-0.6445 0.0000
-0.9948 0.0000
-0.7193 0.0000
-1.0634 0.0000
-1.3099 0.0000
-0.3322 0.0000
-0.3343 0.0000
-0.4900 0.0000
