-100.0000 -100.0000
0.2908 0.0000
0.1242 0.0000
0.4665 0.0000
0.4743 0.0000
0.4324 0.0000
-0.8961 0.0000
0.4801 0.0000
0.5628 0.0000
0.3547 0.0000
0.2494 0.0000
0.2843 0.0000
0.1124 0.0000
0.2435 0.0000
0.1380 0.0000
0.0603 0.0000
-0.3914 0.0000
0.5689 0.0000
0.5043 0.0000
0.4000 0.0000
-0.9532 0.0000
0.3395 0.0000
0.3354 0.0000
0.4469 0.0000
0.2200 0.0000
-1.6792 0.0000
-0.0119 0.0000
-0.2344 0.0000
0.1196 0.0000
-0.0881 0.0000
-0.0938 0.0000
0.1571 0.0000
-0.1038 0.0000
-0.1939 0.0000
-0.3313 0.0000
-0.0936 0.0000
-0.4059 0.0000
-0.4091 0.0000
-0.0991 0.0000
0.0951 0.0000
0.1936 0.0000
-0.1155 0.0000
0.1130 0.0000
-2.2361 0.0000
-0.4271 0.0000
-0.1305 0.0000
-0.2948 0.0000
-0.1999 0.0000
-0.2749 0.0000
-0.6301 0.0000
-0.5793 0.0000
-0.1117 0.0000
-0.0415 0.0000
-0.5481 0.0000
-0.1643 0.0000
-0.2177 0.0000
-0.1673 0.0000
-0.3538 0.0000
-2.4525 0.0000
-0.2458 0.0000
-2.2362 0.0000
-0.2697 0.0000
0.0266 0.0000
-0.1405 0.0000
-0.2523 0.0000
-2.4838 0.0000
-0.2084 0.0000
-0.1833 0.0000
-0.1163 0.0000
-0.2273 0.0000
-0.1422 0.0000
-0.3559 0.0000
-0.4537 0.0000
-3.0681 0.0000
-1.2032 0.0000
-0.1103 0.0000
-3.8975 0.0000
-0.6871 0.0000
-1.3313 0.0000
-0.7099 0.0000
-0.7502 0.0000
-0.6029 0.0000
-3.3102 0.0000
-0.5256 0.0000
-0.4537 0.0000
-0.4931 0.0000
-0.5037 0.0000
-1.0847 0.0000
-0.5895 0.0000
-0.5560 0.0000
-1.3986 0.0000
0.0281 0.0000
-0.0781 0.0000
0.1678 0.0000
0.0875 0.0000
-0.1869 0.0000
0.0006 0.0000
-0.1486 0.0000
-0.8398 0.0000
0.0627 0.0000
0.0373 0.0000
0.4546 0.0000
0.1247 0.0000
0.2993 0.0000
0.0569 0.0000
0.0457 0.0000
0.3628 0.0000
0.2005 0.0000
0.3111 0.0000
0.1705 0.0000
-0.0734 0.0000
0.6251 0.0000
0.4417 0.0000
-1.1078 0.0000
0.0940 0.0000
0.0459 0.0000
-0.1374 0.0000
0.2096 0.0000
0.0981 0.0000
0.1121 0.0000
-1.8715 0.0000
-0.1678 0.0000
0.1290 0.0000
0.0331 0.0000
-0.0007 0.0000
0.1651 0.0000
-0.1776 0.0000
-0.8908 0.0000
-1.2778 0.0000
0.1959 0.0000
0.1751 0.0000
0.3519 0.0000
0.3549 0.0000
-1.4365 0.0000
0.1389 0.0000
0.0958 0.0000
0.1053 0.0000
0.2875 0.0000
0.5153 0.0000
0.0763 0.0000
0.1104 0.0000
0.4520 0.0000
0.4099 0.0000
0.3519 0.0000
0.2001 0.0000
0.0765 0.0000
0.1664 0.0000
-0.0818 0.0000
0.0758 0.0000
0.2712 0.0000
0.2346 0.0000
0.4588 0.0000
-0.1273 0.0000
0.4365 0.0000
-0.7680 0.0000
0.1298 0.0000
0.0868 0.0000
0.1379 0.0000
0.2483 0.0000
-0.9376 0.0000
0.2537 0.0000
0.2692 0.0000
0.3168 0.0000
0.2895 0.0000
-0.0258 0.0000
0.3788 0.0000
-0.0524 0.0000
0.0920 0.0000
0.2269 0.0000
0.2817 0.0000
0.2507 0.0000
0.3876 0.0000
0.2000 0.0000
0.0078 0.0000
0.2177 0.0000
0.5220 0.0000
0.0768 0.0000
0.3377 0.0000
0.2156 0.0000
0.2770 0.0000
0.4474 0.0000
0.5493 0.0000
0.1452 0.0000
0.2282 0.0000
0.0969 0.0000
0.1288 0.0000
0.0240 0.0000
0.3213 0.0000
-0.6228 0.0000
-0.0581 0.0000
0.3975 0.0000
0.1180 0.0000
0.3080 0.0000
0.1918 0.0000
0.4197 0.0000
-1.0395 0.0000
0.4455 0.0000
0.3663 0.0000
0.0544 0.0000
-0.9754 0.0000
-1.7802 0.0000
-0.9815 0.0000
-0.9374 0.0000
-1.2437 0.0000
-0.0715 0.0000
0.0450 0.0000
0.1252 0.0000
-0.1573 0.0000
0.3860 0.0000
-0.1901 0.0000
0.0249 0.0000
0.0498 0.0000
-0.1281 0.0000
-0.0878 0.0000
0.4439 0.0000
0.1807 0.0000
-0.0594 0.0000
-0.0306 0.0000
0.1029 0.0000
0.2131 0.0000
0.0374 0.0000
0.0236 0.0000
0.1032 0.0000
-0.1242 0.0000
0.1209 0.0000
0.1957 0.0000
-0.4196 0.0000
-0.3880 0.0000
-0.0144 0.0000
-0.0206 0.0000
0.0299 0.0000
-1.5609 0.0000
-0.0529 0.0000
0.1103 0.0000
-0.1856 0.0000
-0.1678 0.0000
0.1538 0.0000
-2.7669 0.0000
-0.1966 0.0000
-0.2443 0.0000
-0.1796 0.0000
-0.0040 0.0000
-0.0237 0.0000
-0.2820 0.0000
-0.0661 0.0000
-0.3333 0.0000
-0.4901 0.0000
0.2352 0.0000
0.2136 0.0000
0.1077 0.0000
