0.0080 0.0241 0.1304 0.4433 0.6184 0.4092 0.1391 0.0094 0.0144 0.0439
0.0292 0.1171 0.3578 0.4708 0.3823 0.1655 0.0610 0.0118 0.0458 0.1772
0.1384 0.4479 0.6476 0.4348 0.1562 0.0501 0.0290 0.0224 0.1782 0.5206
0.4864 0.4279 0.2702 0.1075 0.0556 0.0613 0.1148 0.2669 0.4981 0.4225
0.5155 0.1743 0.0520 0.0353 0.0561 0.1550 0.3771 0.6172 0.5106 0.1589
0.1286 0.0174 0.0082 0.0315 0.2016 0.5356 0.6917 0.5168 0.1480 0.0192
0.0410 0.0181 0.0240 0.1047 0.3601 0.5019 0.4504 0.1363 0.0566 0.0246
0.0080 0.0229 0.1228 0.4334 0.6193 0.4188 0.1458 0.0099 0.0143 0.0418
0.0180 0.0671 0.2593 0.4648 0.4702 0.2380 0.0820 0.0106 0.0298 0.1096
0.1170 0.4268 0.6562 0.4646 0.1741 0.0527 0.0276 0.0184 0.1549 0.5064
0.3821 0.4577 0.3862 0.1702 0.0715 0.0541 0.0750 0.1443 0.4087 0.4724
0.6193 0.2768 0.0827 0.0381 0.0416 0.1051 0.2984 0.6228 0.6059 0.2473
0.1483 0.0203 0.0089 0.0305 0.1833 0.5070 0.6801 0.5380 0.1677 0.0219
0.0705 0.0169 0.0135 0.0582 0.2804 0.5282 0.5812 0.2879 0.0892 0.0208
0.0086 0.0222 0.1113 0.4083 0.6085 0.4270 0.1583 0.0114 0.0152 0.0399
0.0114 0.0383 0.1824 0.4579 0.5561 0.3259 0.1087 0.0096 0.0196 0.0669
0.0901 0.3596 0.6190 0.4778 0.2060 0.0639 0.0303 0.0159 0.1237 0.4449
0.2664 0.4725 0.5168 0.2692 0.0977 0.0496 0.0477 0.0662 0.3049 0.5112
0.6495 0.3537 0.1189 0.0449 0.0374 0.0817 0.2381 0.5812 0.6356 0.3189
0.2065 0.0327 0.0128 0.0309 0.1434 0.4173 0.6236 0.5624 0.2247 0.0339
0.0991 0.0162 0.0094 0.0394 0.2349 0.5441 0.6600 0.4254 0.1187 0.0187
0.0110 0.0213 0.0881 0.3435 0.5714 0.4399 0.1918 0.0170 0.0186 0.0368
0.0088 0.0280 0.1477 0.4530 0.6018 0.3812 0.1269 0.0092 0.0156 0.0505
0.0624 0.2626 0.5415 0.4811 0.2572 0.0871 0.0372 0.0140 0.0897 0.3471
0.1955 0.4841 0.6154 0.3646 0.1229 0.0463 0.0336 0.0355 0.2375 0.5408
0.6226 0.4096 0.1729 0.0608 0.0396 0.0678 0.1786 0.4764 0.6144 0.3803
0.3585 0.0811 0.0263 0.0323 0.0873 0.2602 0.4996 0.6012 0.3671 0.0777
0.1176 0.0161 0.0079 0.0326 0.2134 0.5494 0.6942 0.4989 0.1369 0.0180
0.0189 0.0199 0.0519 0.2199 0.4834 0.4660 0.2839 0.0413 0.0296 0.0311
0.0079 0.0241 0.1323 0.4483 0.6215 0.4089 0.1373 0.0091 0.0141 0.0440
0.0355 0.1468 0.4062 0.4757 0.3481 0.1405 0.0533 0.0122 0.0544 0.2148
0.1504 0.4768 0.6669 0.4352 0.1471 0.0462 0.0274 0.0230 0.1915 0.5470
0.5184 0.4468 0.2709 0.1016 0.0511 0.0584 0.1159 0.2896 0.5263 0.4370
0.5613 0.2050 0.0589 0.0348 0.0494 0.1368 0.3572 0.6340 0.5520 0.1843
0.1304 0.0171 0.0078 0.0305 0.2001 0.5400 0.6992 0.5281 0.1497 0.0187
0.0448 0.0178 0.0217 0.0951 0.3465 0.5069 0.4727 0.1558 0.0610 0.0239
0.0079 0.0227 0.1230 0.4363 0.6227 0.4205 0.1454 0.0097 0.0141 0.0415
0.0168 0.0621 0.2482 0.4650 0.4830 0.2491 0.0851 0.0104 0.0280 0.1025
0.1163 0.4338 0.6667 0.4724 0.1745 0.0515 0.0266 0.0177 0.1543 0.5142
0.3538 0.4770 0.4378 0.1985 0.0766 0.0505 0.0632 0.1146 0.3845 0.4981
0.6679 0.3378 0.1023 0.0392 0.0357 0.0866 0.2651 0.6281 0.6511 0.3001
0.1643 0.0230 0.0096 0.0301 0.1706 0.4842 0.6691 0.5511 0.1834 0.0245
0.0882 0.0163 0.0106 0.0449 0.2501 0.5397 0.6350 0.3766 0.1076 0.0193
0.0090 0.0219 0.1063 0.3963 0.6029 0.4306 0.1644 0.0122 0.0157 0.0391
0.0099 0.0325 0.1641 0.4569 0.5813 0.3545 0.1175 0.0093 0.0173 0.0578
0.0858 0.3521 0.6187 0.4844 0.2122 0.0652 0.0302 0.0152 0.1187 0.4388
0.2316 0.4960 0.5886 0.3249 0.1083 0.0454 0.0375 0.0463 0.2728 0.5440
0.6627 0.4107 0.1538 0.0517 0.0355 0.0685 0.1985 0.5410 0.6493 0.3743
0.3145 0.0635 0.0213 0.0315 0.0996 0.2998 0.5369 0.5954 0.3265 0.0620
0.1152 0.0159 0.0080 0.0330 0.2160 0.5510 0.6929 0.4929 0.1346 0.0178
0.0152 0.0204 0.0641 0.2647 0.5188 0.4561 0.2447 0.0291 0.0246 0.0332
0.0079 0.0246 0.1355 0.4515 0.6200 0.4044 0.1347 0.0090 0.0142 0.0451
0.0479 0.2033 0.4808 0.4808 0.2981 0.1087 0.0436 0.0130 0.0710 0.2819
0.1647 0.4967 0.6721 0.4251 0.1379 0.0438 0.0272 0.0249 0.2068 0.5630
0.5537 0.4546 0.2566 0.0915 0.0468 0.0577 0.1237 0.3284 0.5568 0.4391
0.5780 0.2151 0.0606 0.0342 0.0472 0.1317 0.3532 0.6430 0.5670 0.1923
0.1296 0.0167 0.0076 0.0301 0.2011 0.5446 0.7037 0.5316 0.1488 0.0183
0.0439 0.0178 0.0222 0.0970 0.3496 0.5063 0.4684 0.1515 0.0600 0.0240
0.0077 0.0227 0.1247 0.4413 0.6259 0.4202 0.1435 0.0094 0.0138 0.0416
0.0186 0.0702 0.2680 0.4675 0.4645 0.2313 0.0796 0.0106 0.0306 0.1142
0.1264 0.4644 0.6881 0.4749 0.1647 0.0472 0.0248 0.0179 0.1658 0.5426
0.3571 0.4898 0.4529 0.2031 0.0756 0.0486 0.0605 0.1115 0.3879 0.5110
0.6940 0.3695 0.1117 0.0391 0.0329 0.0788 0.2525 0.6368 0.6753 0.3270
0.1758 0.0251 0.0102 0.0299 0.1624 0.4676 0.6601 0.5583 0.1947 0.0265
0.0954 0.0161 0.0097 0.0410 0.2399 0.5439 0.6536 0.4108 0.1149 0.0188
0.0091 0.0218 0.1042 0.3909 0.6002 0.4320 0.1671 0.0126 0.0159 0.0388
0.0095 0.0309 0.1591 0.4568 0.5888 0.3630 0.1201 0.0092 0.0167 0.0554
0.0872 0.3599 0.6267 0.4872 0.2099 0.0636 0.0294 0.0151 0.1204 0.4468
0.2245 0.5058 0.6101 0.3413 0.1106 0.0439 0.0348 0.0420 0.2663 0.5559
0.6570 0.4309 0.1729 0.0566 0.0359 0.0642 0.1809 0.5101 0.6451 0.3960
0.4013 0.0979 0.0302 0.0320 0.0774 0.2321 0.4758 0.6157 0.4060 0.0921
0.1208 0.0159 0.0076 0.0313 0.2102 0.5529 0.7026 0.5140 0.1400 0.0176
0.0198 0.0197 0.0496 0.2113 0.4765 0.4686 0.2928 0.0443 0.0306 0.0306
0.0077 0.0236 0.1316 0.4508 0.6258 0.4121 0.1375 0.0089 0.0138 0.0434
0.0392 0.1651 0.4336 0.4791 0.3308 0.1284 0.0494 0.0124 0.0596 0.2374
0.1545 0.5041 0.6950 0.4501 0.1436 0.0425 0.0248 0.0216 0.1965 0.5740
0.4806 0.4800 0.3379 0.1285 0.0557 0.0521 0.0910 0.2203 0.4951 0.4784
0.6764 0.3218 0.0905 0.0356 0.0350 0.0916 0.2877 0.6587 0.6580 0.2829
0.1409 0.0182 0.0080 0.0295 0.1903 0.5282 0.6975 0.5443 0.1600 0.0198
0.0722 0.0167 0.0131 0.0564 0.2772 0.5306 0.5888 0.2981 0.0910 0.0205
0.0079 0.0223 0.1193 0.4304 0.6220 0.4246 0.1489 0.0100 0.0141 0.0406
0.0126 0.0441 0.2010 0.4620 0.5365 0.3025 0.1008 0.0097 0.0216 0.0759
0.1121 0.4380 0.6796 0.4864 0.1782 0.0507 0.0253 0.0163 0.1498 0.5205
0.2756 0.5083 0.5582 0.2842 0.0943 0.0445 0.0422 0.0615 0.3147 0.5468
0.6967 0.4248 0.1477 0.0467 0.0321 0.0663 0.2073 0.5842 0.6797 0.3823
0.3062 0.0598 0.0201 0.0310 0.1023 0.3100 0.5475 0.5972 0.3187 0.0586
0.1166 0.0158 0.0078 0.0323 0.2146 0.5533 0.6975 0.5005 0.1359 0.0176
0.0136 0.0206 0.0715 0.2907 0.5376 0.4511 0.2256 0.0242 0.0223 0.0343
0.0079 0.0247 0.1365 0.4534 0.6208 0.4037 0.1339 0.0089 0.0142 0.0452
0.0576 0.2467 0.5294 0.4848 0.2690 0.0920 0.0383 0.0135 0.0836 0.3305
0.1729 0.5136 0.6825 0.4247 0.1329 0.0418 0.0263 0.0253 0.2156 0.5780
0.5448 0.4722 0.2824 0.0998 0.0476 0.0545 0.1124 0.3009 0.5499 0.4590
0.6482 0.2825 0.0780 0.0345 0.0384 0.1039 0.3120 0.6594 0.6315 0.2489
0.1333 0.0168 0.0075 0.0294 0.1977 0.5433 0.7067 0.5412 0.1524 0.0184
0.0605 0.0171 0.0158 0.0686 0.3022 0.5222 0.5463 0.2374 0.0784 0.0217
0.0076 0.0224 0.1233 0.4404 0.6274 0.4229 0.1447 0.0094 0.0137 0.0411
0.0146 0.0529 0.2258 0.4647 0.5089 0.2733 0.0918 0.0100 0.0247 0.0892
0.1218 0.4644 0.6955 0.4854 0.1685 0.0471 0.0241 0.0169 0.1609 0.5444
0.3029 0.5086 0.5310 0.2581 0.0872 0.0450 0.0465 0.0741 0.3398 0.5414
0.7079 0.4226 0.1406 0.0440 0.0311 0.0671 0.2160 0.6060 0.6895 0.3779
0.2749 0.0497 0.0173 0.0306 0.1130 0.3421 0.5740 0.5911 0.2894 0.0494
0.1166 0.0157 0.0077 0.0322 0.2147 0.5541 0.6985 0.5016 0.1358 0.0175
0.0124 0.0209 0.0779 0.3124 0.5525 0.4470 0.2112 0.0208 0.0206 0.0352
0.0079 0.0246 0.1365 0.4542 0.6217 0.4043 0.1338 0.0088 0.0141 0.0451
0.0623 0.2674 0.5505 0.4866 0.2570 0.0855 0.0362 0.0137 0.0898 0.3530
0.1753 0.5199 0.6874 0.4260 0.1315 0.0410 0.0259 0.0253 0.2182 0.5838
0.5295 0.4812 0.3037 0.1085 0.0493 0.0528 0.1038 0.2742 0.5371 0.4712
0.6833 0.3237 0.0893 0.0348 0.0343 0.0912 0.2907 0.6673 0.6641 0.2836
0.1354 0.0171 0.0075 0.0292 0.1957 0.5409 0.7063 0.5445 0.1545 0.0186
0.0698 0.0167 0.0135 0.0584 0.2818 0.5294 0.5813 0.2864 0.0885 0.0207
0.0077 0.0223 0.1225 0.4392 0.6272 0.4237 0.1454 0.0095 0.0137 0.0409
0.0134 0.0474 0.2108 0.4636 0.5259 0.2907 0.0970 0.0098 0.0227 0.0809
0.1216 0.4676 0.6998 0.4887 0.1686 0.0466 0.0237 0.0166 0.1607 0.5478
0.2793 0.5176 0.5675 0.2869 0.0931 0.0433 0.0411 0.0609 0.3184 0.5557
0.6969 0.4443 0.1624 0.0497 0.0319 0.0625 0.1930 0.5646 0.6806 0.4021
0.3985 0.0951 0.0292 0.0316 0.0780 0.2365 0.4826 0.6192 0.4034 0.0896
0.1224 0.0156 0.0073 0.0304 0.2087 0.5560 0.7085 0.5236 0.1415 0.0173
0.0176 0.0199 0.0554 0.2337 0.4954 0.4636 0.2713 0.0369 0.0278 0.0316
0.0075 0.0234 0.1316 0.4531 0.6287 0.4138 0.1372 0.0088 0.0136 0.0431
0.0457 0.1956 0.4735 0.4825 0.3053 0.1122 0.0444 0.0127 0.0683 0.2734
0.1602 0.5192 0.7056 0.4521 0.1397 0.0407 0.0240 0.0216 0.2027 0.5876
0.4414 0.4973 0.3914 0.1550 0.0610 0.0488 0.0756 0.1716 0.4620 0.5035
0.7242 0.3913 0.1126 0.0366 0.0298 0.0744 0.2539 0.6652 0.7030 0.3431
0.1586 0.0212 0.0089 0.0293 0.1753 0.5000 0.6828 0.5566 0.1776 0.0226
0.1009 0.0159 0.0090 0.0382 0.2328 0.5477 0.6675 0.4367 0.1203 0.0183
0.0083 0.0219 0.1125 0.4144 0.6143 0.4288 0.1565 0.0109 0.0148 0.0396
0.0092 0.0300 0.1567 0.4580 0.5940 0.3681 0.1213 0.0091 0.0162 0.0540
0.1026 0.4169 0.6707 0.4930 0.1887 0.0537 0.0258 0.0154 0.1389 0.5021
0.2193 0.5283 0.6462 0.3658 0.1119 0.0409 0.0308 0.0368 0.2620 0.5806
0.6077 0.4746 0.2433 0.0794 0.0406 0.0552 0.1327 0.3861 0.6039 0.4504
0.6534 0.2825 0.0766 0.0338 0.0378 0.1041 0.3159 0.6671 0.6360 0.2481
0.1297 0.0160 0.0072 0.0291 0.2016 0.5528 0.7135 0.5422 0.1486 0.0175
0.0544 0.0173 0.0176 0.0770 0.3177 0.5173 0.5209 0.2058 0.0717 0.0224
0.0074 0.0224 0.1261 0.4479 0.6319 0.4221 0.1418 0.0090 0.0134 0.0413
0.0172 0.0644 0.2553 0.4679 0.4790 0.2437 0.0829 0.0103 0.0285 0.1060
0.1335 0.4968 0.7159 0.4865 0.1580 0.0429 0.0225 0.0173 0.1742 0.5736
0.2951 0.5207 0.5560 0.2734 0.0889 0.0432 0.0429 0.0671 0.3331 0.5557
0.6957 0.4543 0.1712 0.0516 0.0320 0.0606 0.1851 0.5520 0.6798 0.4127
0.4653 0.1284 0.0373 0.0320 0.0648 0.1943 0.4390 0.6337 0.4641 0.1181
0.1249 0.0156 0.0071 0.0296 0.2064 0.5576 0.7134 0.5335 0.1439 0.0171
0.0214 0.0195 0.0456 0.1960 0.4634 0.4729 0.3095 0.0506 0.0328 0.0298
0.0074 0.0229 0.1299 0.4535 0.6322 0.4179 0.1384 0.0087 0.0133 0.0422
0.0407 0.1730 0.4454 0.4814 0.3246 0.1238 0.0478 0.0124 0.0615 0.2470
0.1567 0.5265 0.7187 0.4648 0.1415 0.0397 0.0227 0.0202 0.1993 0.5962
0.3643 0.5150 0.4823 0.2120 0.0738 0.0451 0.0555 0.1059 0.3952 0.5361
0.7315 0.4433 0.1433 0.0421 0.0287 0.0635 0.2151 0.6272 0.7113 0.3940
0.3017 0.0574 0.0193 0.0306 0.1038 0.3171 0.5557 0.6002 0.3143 0.0563
0.1220 0.0155 0.0073 0.0304 0.2092 0.5573 0.7094 0.5238 0.1410 0.0172
0.0125 0.0208 0.0767 0.3087 0.5503 0.4480 0.2137 0.0213 0.0209 0.0350
0.0075 0.0235 0.1329 0.4549 0.6288 0.4124 0.1362 0.0087 0.0136 0.0434
0.0655 0.2822 0.5656 0.4889 0.2495 0.0812 0.0347 0.0137 0.0938 0.3689
0.1718 0.5356 0.7105 0.4450 0.1328 0.0390 0.0237 0.0229 0.2151 0.6008
0.3886 0.5159 0.4619 0.1956 0.0693 0.0453 0.0597 0.1213 0.4167 0.5325
0.7416 0.4474 0.1409 0.0406 0.0277 0.0630 0.2187 0.6414 0.7205 0.3961
0.2800 0.0506 0.0174 0.0303 0.1112 0.3390 0.5733 0.5954 0.2942 0.0501
0.1223 0.0155 0.0073 0.0303 0.2090 0.5577 0.7102 0.5252 0.1413 0.0172
0.0115 0.0210 0.0830 0.3291 0.5636 0.4442 0.2010 0.0186 0.0194 0.0359
0.0075 0.0235 0.1330 0.4552 0.6289 0.4124 0.1361 0.0087 0.0136 0.0434
0.0712 0.3055 0.5868 0.4904 0.2374 0.0752 0.0328 0.0140 0.1009 0.3932
0.1764 0.5386 0.7086 0.4397 0.1303 0.0387 0.0240 0.0237 0.2198 0.6025
0.3506 0.5230 0.5064 0.2270 0.0763 0.0438 0.0513 0.0947 0.3833 0.5471
0.7149 0.4651 0.1691 0.0489 0.0301 0.0590 0.1885 0.5753 0.6972 0.4200
0.5024 0.1501 0.0425 0.0321 0.0586 0.1742 0.4164 0.6421 0.4977 0.1364
0.1263 0.0155 0.0070 0.0291 0.2051 0.5591 0.7168 0.5397 0.1451 0.0170
0.0213 0.0194 0.0458 0.1967 0.4640 0.4729 0.3088 0.0503 0.0327 0.0298
0.0073 0.0226 0.1294 0.4545 0.6344 0.4197 0.1387 0.0086 0.0132 0.0418
0.0451 0.1934 0.4718 0.4834 0.3076 0.1132 0.0446 0.0126 0.0674 0.2710
0.1601 0.5380 0.7277 0.4683 0.1392 0.0384 0.0220 0.0200 0.2031 0.6068
0.2931 0.5328 0.5751 0.2837 0.0891 0.0416 0.0404 0.0632 0.3317 0.5687
0.4803 0.5082 0.3753 0.1398 0.0553 0.0478 0.0808 0.2005 0.4960 0.5082
0.7618 0.4367 0.1234 0.0353 0.0260 0.0656 0.2424 0.6878 0.7385 0.3807
0.1470 0.0188 0.0080 0.0289 0.1851 0.5231 0.6981 0.5548 0.1660 0.0202
0.1144 0.0156 0.0078 0.0328 0.2171 0.5545 0.6961 0.4947 0.1337 0.0175
0.0078 0.0220 0.1194 0.4330 0.6250 0.4262 0.1485 0.0098 0.0139 0.0403
0.0084 0.0268 0.1455 0.4573 0.6109 0.3885 0.1278 0.0089 0.0149 0.0488
0.1175 0.4675 0.7065 0.4983 0.1721 0.0465 0.0230 0.0157 0.1563 0.5495
0.2171 0.5441 0.6692 0.3815 0.1124 0.0388 0.0284 0.0338 0.2603 0.5974
0.3071 0.5350 0.5645 0.2717 0.0856 0.0415 0.0421 0.0688 0.3446 0.5681
0.3295 0.5332 0.5405 0.2504 0.0805 0.0421 0.0458 0.0801 0.3649 0.5618
0.4164 0.5217 0.4463 0.1809 0.0645 0.0449 0.0633 0.1382 0.4412 0.5337
0.7439 0.4692 0.1555 0.0431 0.0274 0.0590 0.2035 0.6246 0.7234 0.4179
0.5115 0.1623 0.0468 0.0334 0.0569 0.1641 0.3977 0.6326 0.5064 0.1475
0.1095 0.0171 0.0093 0.0371 0.2216 0.5351 0.6648 0.4521 0.1292 0.0194
0.0142 0.0217 0.0735 0.2894 0.5291 0.4423 0.2223 0.0247 0.0232 0.0357
0.0128 0.0432 0.1937 0.4529 0.5339 0.3064 0.1043 0.0102 0.0219 0.0741
0.0781 0.2959 0.5502 0.4557 0.2265 0.0784 0.0372 0.0170 0.1088 0.3776
0.3418 0.3448 0.2701 0.1406 0.0817 0.0763 0.1086 0.1746 0.3688 0.3593
0.3610 0.1213 0.0483 0.0460 0.0844 0.1970 0.3762 0.4907 0.3734 0.1188
0.1089 0.0234 0.0146 0.0483 0.2185 0.4707 0.5781 0.3702 0.1301 0.0270
0.0273 0.0216 0.0431 0.1717 0.4217 0.4570 0.3254 0.0651 0.0405 0.0318
0.0117 0.0300 0.1308 0.3967 0.5549 0.3734 0.1436 0.0132 0.0200 0.0517
0.0294 0.1026 0.3094 0.4379 0.3835 0.1828 0.0718 0.0139 0.0458 0.1554
0.1137 0.2987 0.4684 0.3581 0.1826 0.0802 0.0498 0.0309 0.1485 0.3641
0.3286 0.2698 0.1898 0.1139 0.0865 0.0985 0.1485 0.2183 0.3539 0.2808
0.2573 0.0765 0.0355 0.0486 0.1158 0.2624 0.4256 0.4388 0.2774 0.0789
0.0894 0.0224 0.0164 0.0573 0.2443 0.4755 0.5496 0.3072 0.1101 0.0267
0.0224 0.0224 0.0536 0.2087 0.4539 0.4449 0.2821 0.0467 0.0342 0.0343
0.0122 0.0320 0.1382 0.4006 0.5471 0.3614 0.1380 0.0131 0.0208 0.0550
0.0332 0.1141 0.3238 0.4321 0.3628 0.1703 0.0692 0.0148 0.0509 0.1695
0.1197 0.2914 0.4438 0.3380 0.1774 0.0827 0.0540 0.0348 0.1548 0.3532
0.3297 0.2441 0.1613 0.1024 0.0870 0.1087 0.1697 0.2444 0.3536 0.2528
0.2272 0.0622 0.0297 0.0475 0.1288 0.2957 0.4571 0.4347 0.2484 0.0652
0.0820 0.0213 0.0166 0.0604 0.2564 0.4832 0.5449 0.2877 0.1022 0.0259
0.0201 0.0224 0.0586 0.2275 0.4713 0.4423 0.2650 0.0399 0.0313 0.0350
0.0121 0.0325 0.1419 0.4064 0.5487 0.3584 0.1350 0.0126 0.0206 0.0559
0.0345 0.1203 0.3351 0.4342 0.3557 0.1641 0.0669 0.0148 0.0528 0.1776
0.1256 0.3016 0.4497 0.3349 0.1718 0.0801 0.0534 0.0359 0.1613 0.3628
0.3528 0.2487 0.1546 0.0951 0.0817 0.1076 0.1771 0.2692 0.3743 0.2543
0.2251 0.0574 0.0267 0.0449 0.1303 0.3100 0.4790 0.4520 0.2459 0.0601
0.0832 0.0203 0.0152 0.0570 0.2552 0.4942 0.5629 0.3040 0.1032 0.0244
0.0189 0.0220 0.0600 0.2362 0.4821 0.4448 0.2596 0.0370 0.0296 0.0347
0.0114 0.0316 0.1432 0.4153 0.5587 0.3624 0.1333 0.0119 0.0195 0.0549
0.0358 0.1284 0.3522 0.4408 0.3492 0.1564 0.0634 0.0145 0.0545 0.1883
0.1335 0.3235 0.4714 0.3386 0.1645 0.0746 0.0503 0.0359 0.1702 0.3852
0.3848 0.2604 0.1511 0.0880 0.0750 0.1040 0.1824 0.2983 0.4029 0.2622
0.2287 0.0553 0.0248 0.0426 0.1291 0.3173 0.4943 0.4698 0.2488 0.0576
0.0815 0.0198 0.0149 0.0571 0.2582 0.4988 0.5657 0.3025 0.1014 0.0239
0.0175 0.0221 0.0642 0.2514 0.4947 0.4423 0.2471 0.0329 0.0277 0.0353
0.0115 0.0327 0.1486 0.4204 0.5567 0.3559 0.1294 0.0116 0.0197 0.0568
0.0390 0.1420 0.3733 0.4427 0.3341 0.1453 0.0597 0.0147 0.0589 0.2052
0.1442 0.3308 0.4646 0.3248 0.1564 0.0733 0.0518 0.0396 0.1815 0.3898
0.3991 0.2546 0.1395 0.0813 0.0724 0.1068 0.1948 0.3245 0.4150 0.2541
0.2193 0.0503 0.0225 0.0414 0.1339 0.3342 0.5128 0.4756 0.2396 0.0525
0.0793 0.0193 0.0148 0.0576 0.2623 0.5032 0.5670 0.2983 0.0989 0.0234
0.0164 0.0221 0.0676 0.2641 0.5056 0.4412 0.2378 0.0298 0.0262 0.0356
0.0113 0.0331 0.1521 0.4262 0.5588 0.3537 0.1268 0.0112 0.0195 0.0576
0.0424 0.1584 0.3996 0.4481 0.3199 0.1337 0.0554 0.0147 0.0635 0.2255
0.1557 0.3587 0.4900 0.3280 0.1478 0.0672 0.0484 0.0399 0.1940 0.4174
0.4311 0.2792 0.1481 0.0794 0.0664 0.0984 0.1883 0.3397 0.4440 0.2754
0.2382 0.0539 0.0229 0.0396 0.1255 0.3230 0.5123 0.4968 0.2573 0.0556
0.0838 0.0189 0.0137 0.0536 0.2550 0.5082 0.5836 0.3219 0.1036 0.0227
0.0166 0.0218 0.0654 0.2585 0.5033 0.4446 0.2433 0.0310 0.0266 0.0350
0.0109 0.0318 0.1486 0.4267 0.5652 0.3604 0.1288 0.0111 0.0189 0.0556
0.0397 0.1485 0.3876 0.4496 0.3310 0.1403 0.0571 0.0143 0.0598 0.2139
0.1511 0.3520 0.4869 0.3304 0.1510 0.0685 0.0487 0.0390 0.1892 0.4114
0.4329 0.2746 0.1433 0.0775 0.0662 0.1001 0.1932 0.3475 0.4453 0.2704
0.2318 0.0504 0.0213 0.0387 0.1286 0.3353 0.5262 0.5022 0.2510 0.0520
0.0861 0.0184 0.0128 0.0509 0.2519 0.5147 0.5970 0.3382 0.1058 0.0220
0.0158 0.0215 0.0670 0.2665 0.5116 0.4457 0.2384 0.0291 0.0255 0.0349
0.0105 0.0310 0.1483 0.4318 0.5726 0.3646 0.1285 0.0107 0.0182 0.0545
0.0418 0.1606 0.4084 0.4554 0.3218 0.1321 0.0538 0.0141 0.0628 0.2290
0.1558 0.3755 0.5157 0.3415 0.1471 0.0637 0.0447 0.0372 0.1946 0.4359
0.4654 0.2983 0.1503 0.0751 0.0607 0.0929 0.1884 0.3654 0.4744 0.2905
0.2498 0.0552 0.0225 0.0380 0.1209 0.3198 0.5175 0.5142 0.2679 0.0563
0.0889 0.0184 0.0124 0.0491 0.2476 0.5159 0.6043 0.3508 0.1087 0.0218
0.0163 0.0214 0.0651 0.2601 0.5072 0.4473 0.2435 0.0305 0.0261 0.0345
0.0104 0.0308 0.1483 0.4330 0.5743 0.3656 0.1284 0.0106 0.0180 0.0543
0.0426 0.1646 0.4146 0.4566 0.3186 0.1295 0.0529 0.0141 0.0638 0.2339
0.1582 0.3812 0.5205 0.3420 0.1455 0.0626 0.0442 0.0372 0.1972 0.4414
0.4752 0.3005 0.1481 0.0730 0.0592 0.0925 0.1913 0.3768 0.4830 0.2913
0.2504 0.0534 0.0214 0.0368 0.1209 0.3262 0.5283 0.5247 0.2682 0.0544
0.0924 0.0179 0.0116 0.0462 0.2429 0.5221 0.6192 0.3718 0.1122 0.0210
0.0164 0.0211 0.0634 0.2565 0.5066 0.4507 0.2478 0.0312 0.0261 0.0339
0.0098 0.0290 0.1433 0.4347 0.5847 0.3762 0.1313 0.0104 0.0171 0.0515
0.0391 0.1528 0.4020 0.4603 0.3326 0.1369 0.0545 0.0135 0.0592 0.2203
0.1523 0.3906 0.5442 0.3601 0.1488 0.0605 0.0409 0.0335 0.1913 0.4538
0.4822 0.3233 0.1651 0.0773 0.0578 0.0857 0.1763 0.3609 0.4900 0.3139
0.2802 0.0626 0.0239 0.0365 0.1097 0.2994 0.5094 0.5383 0.2962 0.0627
0.0991 0.0178 0.0107 0.0426 0.2338 0.5250 0.6351 0.4013 0.1190 0.0206
0.0180 0.0207 0.0573 0.2357 0.4915 0.4566 0.2661 0.0366 0.0283 0.0327
0.0094 0.0276 0.1392 0.4352 0.5924 0.3848 0.1339 0.0102 0.0164 0.0494
0.0370 0.1459 0.3952 0.4634 0.3419 0.1416 0.0554 0.0131 0.0564 0.2124
0.1492 0.4075 0.5739 0.3796 0.1502 0.0573 0.0372 0.0302 0.1886 0.4733
0.4935 0.3496 0.1838 0.0813 0.0558 0.0788 0.1622 0.3486 0.5009 0.3395
0.3165 0.0750 0.0272 0.0361 0.0980 0.2705 0.4875 0.5535 0.3298 0.0738
0.1051 0.0178 0.0102 0.0400 0.2263 0.5266 0.6471 0.4256 0.1250 0.0204
0.0195 0.0204 0.0526 0.2188 0.4783 0.4613 0.2823 0.0419 0.0303 0.0318
0.0091 0.0268 0.1361 0.4345 0.5967 0.3905 0.1360 0.0102 0.0161 0.0480
0.0345 0.1363 0.3824 0.4645 0.3535 0.1488 0.0573 0.0128 0.0530 0.2007
0.1417 0.4126 0.5935 0.3983 0.1550 0.0561 0.0347 0.0270 0.1809 0.4814
0.4852 0.3746 0.2129 0.0912 0.0566 0.0725 0.1429 0.3127 0.4948 0.3669
0.3748 0.1005 0.0344 0.0366 0.0825 0.2262 0.4458 0.5675 0.3835 0.0965
0.1133 0.0180 0.0096 0.0372 0.2167 0.5259 0.6588 0.4539 0.1332 0.0203
0.0235 0.0198 0.0435 0.1843 0.4483 0.4710 0.3201 0.0566 0.0354 0.0299
0.0089 0.0256 0.1314 0.4320 0.6018 0.3986 0.1395 0.0102 0.0157 0.0461
0.0301 0.1180 0.3546 0.4648 0.3773 0.1649 0.0618 0.0123 0.0470 0.1777
0.1327 0.4131 0.6095 0.4172 0.1616 0.0557 0.0327 0.0241 0.1715 0.4853
0.4674 0.3938 0.2438 0.1035 0.0588 0.0678 0.1257 0.2730 0.4803 0.3899
0.4299 0.1293 0.0424 0.0370 0.0707 0.1914 0.4096 0.5800 0.4337 0.1216
0.1208 0.0182 0.0093 0.0351 0.2087 0.5246 0.6678 0.4775 0.1406 0.0204
0.0295 0.0192 0.0343 0.1474 0.4112 0.4829 0.3706 0.0817 0.0430 0.0277
0.0087 0.0245 0.1262 0.4287 0.6068 0.4074 0.1437 0.0103 0.0153 0.0441
0.0244 0.0933 0.3115 0.4636 0.4152 0.1935 0.0699 0.0116 0.0389 0.1454
0.1229 0.4061 0.6172 0.4329 0.1698 0.0565 0.0316 0.0218 0.1608 0.4815
0.4364 0.4046 0.2764 0.1198 0.0633 0.0649 0.1102 0.2287 0.4540 0.4065
0.4683 0.1538 0.0493 0.0375 0.0635 0.1692 0.3830 0.5861 0.4687 0.1430
0.1269 0.0187 0.0091 0.0339 0.2024 0.5210 0.6715 0.4927 0.1467 0.0207
0.0367 0.0186 0.0274 0.1184 0.3769 0.4939 0.4208 0.1143 0.0516 0.0259
0.0086 0.0236 0.1212 0.4226 0.6081 0.4142 0.1482 0.0106 0.0152 0.0426
0.0192 0.0708 0.2652 0.4612 0.4590 0.2305 0.0807 0.0110 0.0314 0.1146
0.1103 0.3909 0.6200 0.4500 0.1819 0.0587 0.0309 0.0194 0.1468 0.4702
0.3739 0.4274 0.3520 0.1606 0.0736 0.0592 0.0833 0.1538 0.4004 0.4417
0.5459 0.2182 0.0688 0.0394 0.0511 0.1288 0.3258 0.5921 0.5395 0.1989
0.1405 0.0205 0.0095 0.0327 0.1894 0.5041 0.6674 0.5123 0.1603 0.0224
0.0501 0.0179 0.0198 0.0857 0.3295 0.5087 0.4945 0.1800 0.0670 0.0235
0.0088 0.0230 0.1153 0.4117 0.6051 0.4199 0.1544 0.0113 0.0155 0.0413
0.0160 0.0570 0.2328 0.4595 0.4934 0.2623 0.0900 0.0105 0.0266 0.0948
0.1022 0.3812 0.6231 0.4627 0.1907 0.0602 0.0303 0.0178 0.1377 0.4632
0.3281 0.4464 0.4180 0.2001 0.0826 0.0550 0.0664 0.1101 0.3604 0.4707
0.5972 0.2762 0.0885 0.0416 0.0440 0.1046 0.2843 0.5901 0.5868 0.2498
0.1598 0.0237 0.0103 0.0319 0.1734 0.4773 0.6555 0.5308 0.1794 0.0254
0.0676 0.0172 0.0144 0.0616 0.2861 0.5235 0.5675 0.2704 0.0862 0.0213
0.0093 0.0224 0.1067 0.3927 0.5973 0.4268 0.1645 0.0126 0.0162 0.0397
0.0125 0.0424 0.1932 0.4564 0.5393 0.3094 0.1043 0.0100 0.0213 0.0730
0.0895 0.3521 0.6097 0.4730 0.2072 0.0654 0.0312 0.0163 0.1228 0.4368
0.2689 0.4636 0.5013 0.2608 0.0972 0.0510 0.0501 0.0698 0.3070 0.5012
0.6285 0.3351 0.1146 0.0459 0.0398 0.0862 0.2424 0.5684 0.6166 0.3037
0.2004 0.0325 0.0131 0.0319 0.1464 0.4178 0.6185 0.5502 0.2192 0.0339
0.0875 0.0167 0.0110 0.0462 0.2510 0.5351 0.6274 0.3679 0.1069 0.0198
0.0108 0.0217 0.0915 0.3512 0.5742 0.4361 0.1865 0.0162 0.0183 0.0375
0.0101 0.0326 0.1623 0.4525 0.5782 0.3544 0.1188 0.0096 0.0176 0.0577
0.0708 0.2905 0.5628 0.4766 0.2390 0.0793 0.0353 0.0149 0.1002 0.3755
0.2155 0.4691 0.5699 0.3254 0.1150 0.0490 0.0394 0.0450 0.2565 0.5198
0.6187 0.3719 0.1445 0.0544 0.0405 0.0762 0.2047 0.5112 0.6095 0.3425
0.2713 0.0520 0.0188 0.0324 0.1139 0.3332 0.5571 0.5723 0.2866 0.0519
0.1020 0.0165 0.0094 0.0389 0.2310 0.5406 0.6602 0.4318 0.1216 0.0190
0.0137 0.0209 0.0722 0.2910 0.5357 0.4486 0.2243 0.0242 0.0225 0.0347
0.0089 0.0278 0.1453 0.4485 0.5997 0.3825 0.1287 0.0094 0.0158 0.0501
0.0519 0.2162 0.4908 0.4758 0.2855 0.1034 0.0427 0.0136 0.0763 0.2957
0.1746 0.4631 0.6143 0.3805 0.1335 0.0489 0.0333 0.0316 0.2160 0.5248
0.5749 0.4024 0.1913 0.0715 0.0449 0.0683 0.1617 0.4100 0.5730 0.3811
0.3876 0.0972 0.0313 0.0337 0.0801 0.2323 0.4670 0.5970 0.3942 0.0923
0.1158 0.0167 0.0085 0.0341 0.2149 0.5421 0.6827 0.4833 0.1353 0.0187
0.0210 0.0197 0.0473 0.2013 0.4664 0.4695 0.3024 0.0484 0.0323 0.0304
0.0082 0.0248 0.1333 0.4442 0.6144 0.4036 0.1370 0.0094 0.0147 0.0451
0.0359 0.1477 0.4059 0.4738 0.3460 0.1399 0.0534 0.0124 0.0551 0.2157
0.1481 0.4672 0.6578 0.4315 0.1489 0.0475 0.0282 0.0233 0.1889 0.5376
0.5134 0.4395 0.2658 0.1012 0.0519 0.0597 0.1179 0.2897 0.5217 0.4302
0.5349 0.1881 0.0555 0.0353 0.0532 0.1462 0.3663 0.6223 0.5283 0.1706
0.1288 0.0175 0.0082 0.0316 0.2013 0.5342 0.6902 0.5157 0.1482 0.0193
0.0370 0.0183 0.0267 0.1163 0.3757 0.4967 0.4262 0.1171 0.0520 0.0255
0.0081 0.0233 0.1246 0.4350 0.6180 0.4158 0.1443 0.0098 0.0144 0.0424
0.0216 0.0827 0.2937 0.4671 0.4372 0.2089 0.0735 0.0111 0.0349 0.1315
0.1236 0.4398 0.6615 0.4602 0.1679 0.0509 0.0272 0.0191 0.1623 0.5176
0.4002 0.4595 0.3736 0.1605 0.0683 0.0541 0.0786 0.1580 0.4247 0.4710
0.6245 0.2825 0.0844 0.0382 0.0409 0.1032 0.2953 0.6238 0.6107 0.2522
0.1484 0.0205 0.0090 0.0307 0.1831 0.5053 0.6781 0.5362 0.1678 0.0221
0.0666 0.0170 0.0144 0.0622 0.2884 0.5250 0.5669 0.2673 0.0850 0.0212
0.0085 0.0224 0.1139 0.4140 0.6109 0.4250 0.1553 0.0110 0.0150 0.0403
0.0130 0.0453 0.2031 0.4600 0.5310 0.2983 0.1001 0.0099 0.0222 0.0776
0.1016 0.3970 0.6464 0.4784 0.1907 0.0572 0.0280 0.0165 0.1373 0.4809
0.2917 0.4817 0.5038 0.2509 0.0906 0.0486 0.0503 0.0762 0.3286 0.5155
0.6650 0.3616 0.1181 0.0433 0.0358 0.0800 0.2405 0.5975 0.6494 0.3243
0.2023 0.0318 0.0125 0.0309 0.1457 0.4229 0.6272 0.5608 0.2207 0.0330
0.0949 0.0163 0.0099 0.0415 0.2404 0.5417 0.6498 0.4060 0.1144 0.0190
0.0103 0.0216 0.0940 0.3605 0.5814 0.4363 0.1822 0.0153 0.0177 0.0376
0.0095 0.0306 0.1570 0.4544 0.5889 0.3650 0.1214 0.0093 0.0167 0.0548
0.0751 0.3124 0.5863 0.4827 0.2304 0.0737 0.0330 0.0147 0.1056 0.3990
0.2099 0.4924 0.6091 0.3506 0.1166 0.0454 0.0346 0.0391 0.2518 0.5458
0.6385 0.4150 0.1693 0.0580 0.0379 0.0670 0.1827 0.4963 0.6283 0.3830
0.3626 0.0828 0.0267 0.0323 0.0863 0.2570 0.4967 0.6021 0.3709 0.0792
0.1158 0.0162 0.0081 0.0333 0.2153 0.5482 0.6902 0.4910 0.1351 0.0181
0.0175 0.0201 0.0562 0.2357 0.4961 0.4620 0.2690 0.0364 0.0277 0.0319
0.0081 0.0248 0.1351 0.4491 0.6175 0.4034 0.1352 0.0091 0.0144 0.0452
0.0429 0.1803 0.4518 0.4781 0.3160 0.1199 0.0472 0.0128 0.0645 0.2551
0.1581 0.4851 0.6663 0.4274 0.1420 0.0452 0.0276 0.0243 0.1997 0.5530
0.5360 0.4490 0.2618 0.0960 0.0489 0.0584 0.1206 0.3100 0.5414 0.4362
0.5641 0.2064 0.0591 0.0346 0.0491 0.1361 0.3569 0.6358 0.5545 0.1854
0.1293 0.0170 0.0079 0.0307 0.2012 0.5404 0.6984 0.5252 0.1486 0.0187
0.0405 0.0181 0.0242 0.1058 0.3621 0.5019 0.4483 0.1342 0.0560 0.0247
0.0078 0.0229 0.1250 0.4396 0.6231 0.4182 0.1434 0.0095 0.0140 0.0420
0.0211 0.0811 0.2915 0.4686 0.4415 0.2115 0.0739 0.0109 0.0342 0.1293
0.1287 0.4636 0.6834 0.4691 0.1629 0.0474 0.0253 0.0186 0.1683 0.5409
0.3885 0.4797 0.4110 0.1770 0.0700 0.0507 0.0697 0.1381 0.4152 0.4944
0.6724 0.3351 0.0992 0.0381 0.0353 0.0875 0.2710 0.6382 0.6549 0.2966
0.1586 0.0219 0.0093 0.0301 0.1750 0.4933 0.6745 0.5481 0.1778 0.0234
0.0814 0.0165 0.0116 0.0493 0.2608 0.5357 0.6160 0.3434 0.1006 0.0198
0.0087 0.0221 0.1103 0.4066 0.6083 0.4282 0.1594 0.0115 0.0152 0.0396
0.0110 0.0369 0.1786 0.4586 0.5624 0.3323 0.1104 0.0095 0.0190 0.0648
0.0966 0.3882 0.6448 0.4845 0.1967 0.0586 0.0280 0.0158 0.1316 0.4736
0.2512 0.4987 0.5705 0.3037 0.1017 0.0454 0.0401 0.0534 0.2916 0.5422
0.6763 0.4083 0.1454 0.0483 0.0342 0.0693 0.2081 0.5667 0.6612 0.3693
0.2887 0.0549 0.0190 0.0312 0.1080 0.3244 0.5573 0.5895 0.3025 0.0542
0.1120 0.0160 0.0082 0.0341 0.2196 0.5499 0.6870 0.4801 0.1313 0.0180
0.0134 0.0207 0.0726 0.2942 0.5396 0.4499 0.2230 0.0236 0.0221 0.0345
0.0082 0.0256 0.1394 0.4525 0.6146 0.3970 0.1321 0.0090 0.0146 0.0467
0.0567 0.2416 0.5229 0.4830 0.2714 0.0938 0.0390 0.0135 0.0825 0.3248
0.1756 0.5019 0.6642 0.4104 0.1318 0.0434 0.0281 0.0273 0.2181 0.5651
0.5771 0.4524 0.2393 0.0833 0.0441 0.0585 0.1332 0.3630 0.5768 0.4327
0.5577 0.1970 0.0557 0.0339 0.0501 0.1415 0.3677 0.6408 0.5484 0.1769
0.1277 0.0165 0.0076 0.0303 0.2031 0.5467 0.7039 0.5282 0.1468 0.0181
0.0369 0.0182 0.0265 0.1162 0.3765 0.4979 0.4271 0.1170 0.0518 0.0253
0.0077 0.0229 0.1266 0.4442 0.6262 0.4182 0.1418 0.0092 0.0138 0.0420
0.0232 0.0911 0.3127 0.4709 0.4237 0.1961 0.0693 0.0111 0.0373 0.1432
0.1345 0.4802 0.6947 0.4703 0.1578 0.0452 0.0244 0.0187 0.1749 0.5561
0.3992 0.4868 0.4119 0.1740 0.0680 0.0497 0.0698 0.1427 0.4249 0.5000
0.6896 0.3552 0.1048 0.0379 0.0334 0.0824 0.2630 0.6444 0.6709 0.3136
0.1628 0.0225 0.0094 0.0298 0.1719 0.4886 0.6731 0.5529 0.1819 0.0239
0.0883 0.0163 0.0105 0.0448 0.2500 0.5401 0.6357 0.3773 0.1077 0.0192
0.0086 0.0220 0.1100 0.4064 0.6089 0.4290 0.1597 0.0115 0.0152 0.0395
0.0104 0.0346 0.1714 0.4584 0.5725 0.3434 0.1137 0.0094 0.0181 0.0612
0.0977 0.3953 0.6522 0.4876 0.1951 0.0573 0.0274 0.0156 0.1330 0.4808
0.2367 0.5090 0.6009 0.3284 0.1062 0.0437 0.0361 0.0458 0.2781 0.5564
0.6742 0.4324 0.1651 0.0528 0.0342 0.0643 0.1889 0.5375 0.6601 0.3944
0.3845 0.0903 0.0282 0.0319 0.0811 0.2441 0.4877 0.6124 0.3907 0.0855
0.1190 0.0159 0.0077 0.0318 0.2120 0.5524 0.6997 0.5075 0.1382 0.0177
0.0171 0.0201 0.0572 0.2401 0.5001 0.4617 0.2654 0.0351 0.0271 0.0320
0.0078 0.0243 0.1343 0.4517 0.6223 0.4071 0.1355 0.0089 0.0141 0.0445
0.0483 0.2060 0.4848 0.4820 0.2966 0.1075 0.0431 0.0130 0.0716 0.2852
0.1639 0.5082 0.6874 0.4360 0.1379 0.0422 0.0257 0.0235 0.2063 0.5752
0.5181 0.4729 0.3017 0.1102 0.0509 0.0539 0.1041 0.2673 0.5270 0.4644
0.6541 0.2924 0.0815 0.0350 0.0376 0.1006 0.3046 0.6569 0.6371 0.2576
0.1359 0.0174 0.0078 0.0296 0.1950 0.5366 0.7017 0.5404 0.1550 0.0190
0.0609 0.0171 0.0157 0.0682 0.3013 0.5222 0.5475 0.2392 0.0789 0.0216
0.0078 0.0224 0.1219 0.4363 0.6246 0.4229 0.1462 0.0096 0.0139 0.0410
0.0150 0.0543 0.2292 0.4647 0.5048 0.2694 0.0908 0.0101 0.0252 0.0912
0.1218 0.4631 0.6940 0.4843 0.1685 0.0472 0.0242 0.0169 0.1609 0.5431
0.3017 0.5078 0.5311 0.2587 0.0875 0.0451 0.0465 0.0737 0.3387 0.5408
0.7084 0.4184 0.1373 0.0433 0.0311 0.0680 0.2198 0.6112 0.6899 0.3734
0.2605 0.0457 0.0163 0.0306 0.1185 0.3567 0.5844 0.5860 0.2759 0.0458
0.1124 0.0158 0.0081 0.0338 0.2192 0.5517 0.6898 0.4838 0.1317 0.0178
0.0115 0.0211 0.0839 0.3314 0.5646 0.4431 0.1993 0.0184 0.0193 0.0361
0.0083 0.0261 0.1420 0.4546 0.6132 0.3935 0.1302 0.0089 0.0147 0.0476
0.0720 0.3059 0.5850 0.4879 0.2361 0.0752 0.0330 0.0142 0.1018 0.3931
0.1870 0.5196 0.6726 0.4064 0.1257 0.0413 0.0276 0.0284 0.2299 0.5801
0.5771 0.4698 0.2580 0.0879 0.0439 0.0555 0.1242 0.3464 0.5775 0.4509
0.6340 0.2652 0.0729 0.0342 0.0401 0.1102 0.3233 0.6587 0.6182 0.2340
0.1308 0.0165 0.0074 0.0296 0.2001 0.5466 0.7076 0.5379 0.1499 0.0181
0.0487 0.0176 0.0199 0.0869 0.3341 0.5116 0.4936 0.1760 0.0654 0.0232
0.0076 0.0226 0.1253 0.4440 0.6283 0.4210 0.1428 0.0092 0.0136 0.0415
0.0192 0.0733 0.2757 0.4689 0.4582 0.2251 0.0776 0.0106 0.0315 0.1187
0.1316 0.4855 0.7054 0.4811 0.1598 0.0444 0.0234 0.0176 0.1719 0.5626
0.3341 0.5072 0.4990 0.2305 0.0801 0.0457 0.0521 0.0909 0.3680 0.5337
0.7168 0.4177 0.1329 0.0415 0.0303 0.0683 0.2258 0.6264 0.6973 0.3711
0.2379 0.0394 0.0144 0.0303 0.1280 0.3838 0.6050 0.5811 0.2546 0.0399
0.1116 0.0158 0.0081 0.0340 0.2201 0.5520 0.6890 0.4815 0.1309 0.0178
0.0107 0.0213 0.0897 0.3495 0.5761 0.4400 0.1889 0.0163 0.0182 0.0368
0.0083 0.0263 0.1431 0.4553 0.6123 0.3918 0.1295 0.0089 0.0148 0.0480
0.0778 0.3292 0.6051 0.4894 0.2251 0.0698 0.0312 0.0144 0.1091 0.4169
0.1915 0.5240 0.6727 0.4029 0.1235 0.0408 0.0276 0.0291 0.2345 0.5834
0.5696 0.4760 0.2700 0.0922 0.0447 0.0543 0.1186 0.3302 0.5713 0.4587
0.6604 0.2938 0.0805 0.0343 0.0370 0.1003 0.3075 0.6648 0.6427 0.2580
0.1320 0.0166 0.0074 0.0293 0.1990 0.5462 0.7085 0.5410 0.1510 0.0181
0.0550 0.0173 0.0174 0.0760 0.3158 0.5177 0.5236 0.2092 0.0725 0.0223
0.0076 0.0225 0.1249 0.4439 0.6290 0.4219 0.1431 0.0092 0.0136 0.0413
0.0178 0.0668 0.2609 0.4680 0.4729 0.2383 0.0814 0.0104 0.0294 0.1094
0.1313 0.4891 0.7103 0.4850 0.1600 0.0439 0.0230 0.0173 0.1716 0.5666
0.3138 0.5146 0.5289 0.2522 0.0845 0.0443 0.0471 0.0778 0.3499 0.5454
0.7134 0.4364 0.1477 0.0449 0.0304 0.0644 0.2087 0.6017 0.6949 0.3908
0.3213 0.0644 0.0213 0.0309 0.0977 0.2977 0.5385 0.6028 0.3326 0.0626
0.1188 0.0157 0.0076 0.0315 0.2124 0.5550 0.7026 0.5103 0.1380 0.0174
0.0131 0.0207 0.0738 0.2989 0.5435 0.4497 0.2201 0.0228 0.0216 0.0346
0.0078 0.0244 0.1359 0.4543 0.6229 0.4056 0.1342 0.0088 0.0140 0.0448
0.0662 0.2839 0.5665 0.4881 0.2481 0.0808 0.0347 0.0138 0.0946 0.3706
0.1752 0.5283 0.6977 0.4331 0.1313 0.0400 0.0250 0.0244 0.2183 0.5924
0.4960 0.4933 0.3435 0.1267 0.0534 0.0503 0.0899 0.2268 0.5089 0.4897
0.7202 0.3771 0.1059 0.0355 0.0303 0.0777 0.2642 0.6724 0.6990 0.3297
0.1449 0.0186 0.0080 0.0291 0.1869 0.5244 0.6974 0.5506 0.1639 0.0201
0.0878 0.0162 0.0105 0.0450 0.2508 0.5407 0.6355 0.3760 0.1071 0.0192
0.0079 0.0221 0.1190 0.4310 0.6232 0.4257 0.1491 0.0099 0.0140 0.0404
0.0111 0.0379 0.1826 0.4610 0.5599 0.3277 0.1084 0.0094 0.0192 0.0664
0.1165 0.4581 0.6969 0.4928 0.1734 0.0478 0.0238 0.0160 0.1550 0.5400
0.2468 0.5273 0.6149 0.3299 0.1024 0.0415 0.0347 0.0461 0.2883 0.5730
0.6494 0.4680 0.2105 0.0658 0.0363 0.0571 0.1534 0.4585 0.6398 0.4359
0.6012 0.2282 0.0623 0.0332 0.0443 0.1257 0.3503 0.6581 0.5878 0.2023
0.1273 0.0158 0.0071 0.0293 0.2040 0.5554 0.7137 0.5382 0.1462 0.0173
0.0358 0.0182 0.0272 0.1195 0.3812 0.4971 0.4210 0.1122 0.0505 0.0255
0.0074 0.0226 0.1281 0.4510 0.6321 0.4199 0.1400 0.0088 0.0133 0.0418
0.0276 0.1122 0.3532 0.4752 0.3919 0.1702 0.0615 0.0114 0.0436 0.1714
0.1461 0.5188 0.7237 0.4790 0.1484 0.0404 0.0221 0.0184 0.1880 0.5918
0.3391 0.5189 0.5111 0.2336 0.0788 0.0441 0.0503 0.0897 0.3729 0.5450
0.7250 0.4473 0.1497 0.0440 0.0293 0.0626 0.2077 0.6115 0.7056 0.3995
0.3490 0.0742 0.0237 0.0310 0.0900 0.2749 0.5194 0.6103 0.3581 0.0712
0.1214 0.0156 0.0074 0.0306 0.2098 0.5566 0.7079 0.5210 0.1405 0.0173
0.0137 0.0206 0.0707 0.2884 0.5364 0.4519 0.2274 0.0245 0.0224 0.0341
0.0076 0.0238 0.1337 0.4546 0.6270 0.4104 0.1356 0.0087 0.0137 0.0438
0.0660 0.2837 0.5668 0.4888 0.2486 0.0808 0.0346 0.0138 0.0943 0.3704
0.1722 0.5352 0.7097 0.4441 0.1326 0.0390 0.0238 0.0230 0.2154 0.6003
0.4188 0.5106 0.4286 0.1739 0.0643 0.0465 0.0668 0.1457 0.4429 0.5216
0.7456 0.4330 0.1291 0.0379 0.0275 0.0659 0.2333 0.6624 0.7237 0.3806
0.2033 0.0305 0.0117 0.0297 0.1455 0.4311 0.6393 0.5737 0.2214 0.0316
0.1149 0.0157 0.0078 0.0326 0.2165 0.5544 0.6967 0.4963 0.1342 0.0175
0.0093 0.0216 0.1020 0.3860 0.5983 0.4339 0.1700 0.0130 0.0161 0.0383
0.0082 0.0260 0.1421 0.4564 0.6151 0.3944 0.1299 0.0088 0.0146 0.0474
0.0935 0.3887 0.6524 0.4939 0.2004 0.0583 0.0272 0.0149 0.1281 0.4757
0.1966 0.5376 0.6838 0.4061 0.1209 0.0392 0.0266 0.0289 0.2401 0.5960
0.4494 0.5074 0.3989 0.1552 0.0597 0.0475 0.0741 0.1726 0.4693 0.5128
0.7496 0.4282 0.1240 0.0365 0.0272 0.0670 0.2403 0.6740 0.7272 0.3748
0.1716 0.0236 0.0096 0.0293 0.1656 0.4797 0.6711 0.5634 0.1904 0.0250
0.1129 0.0157 0.0079 0.0333 0.2187 0.5537 0.6929 0.4883 0.1322 0.0176
0.0085 0.0218 0.1103 0.4088 0.6114 0.4301 0.1592 0.0113 0.0150 0.0393
0.0083 0.0266 0.1447 0.4569 0.6116 0.3897 0.1283 0.0089 0.0148 0.0485
0.1028 0.4204 0.6749 0.4955 0.1883 0.0532 0.0254 0.0152 0.1392 0.5058
0.2031 0.5395 0.6788 0.3978 0.1180 0.0392 0.0272 0.0305 0.2465 0.5961
0.4135 0.5147 0.4388 0.1791 0.0651 0.0459 0.0647 0.1396 0.4384 0.5268
0.7521 0.4474 0.1354 0.0384 0.0268 0.0633 0.2262 0.6605 0.7301 0.3938
0.2348 0.0381 0.0139 0.0299 0.1296 0.3903 0.6116 0.5838 0.2515 0.0386
0.1211 0.0155 0.0073 0.0306 0.2102 0.5573 0.7082 0.5208 0.1402 0.0172
0.0098 0.0214 0.0967 0.3708 0.5894 0.4367 0.1777 0.0143 0.0169 0.0377
0.0077 0.0242 0.1356 0.4558 0.6253 0.4074 0.1343 0.0087 0.0138 0.0445
0.0913 0.3820 0.6482 0.4945 0.2034 0.0594 0.0275 0.0148 0.1255 0.4694
0.1890 0.5440 0.7004 0.4234 0.1241 0.0383 0.0249 0.0262 0.2327 0.6045
0.3413 0.5277 0.5217 0.2372 0.0781 0.0430 0.0488 0.0880 0.3752 0.5538
0.6449 0.4844 0.2294 0.0707 0.0366 0.0543 0.1420 0.4343 0.6364 0.4538
0.6972 0.3322 0.0894 0.0337 0.0329 0.0891 0.2919 0.6801 0.6768 0.2897
0.1282 0.0155 0.0069 0.0287 0.2033 0.5587 0.7187 0.5453 0.1470 0.0170
0.0550 0.0172 0.0174 0.0760 0.3161 0.5180 0.5239 0.2092 0.0724 0.0223
0.0072 0.0223 0.1278 0.4533 0.6356 0.4223 0.1399 0.0087 0.0131 0.0413
0.0210 0.0817 0.2949 0.4716 0.4420 0.2102 0.0730 0.0107 0.0341 0.1305
0.1463 0.5329 0.7394 0.4906 0.1478 0.0387 0.0208 0.0174 0.1886 0.6061
0.2651 0.5390 0.6117 0.3175 0.0966 0.0403 0.0354 0.0506 0.3060 0.5810
0.3253 0.5327 0.5439 0.2538 0.0815 0.0421 0.0452 0.0781 0.3610 0.5621
0.4426 0.5173 0.4181 0.1634 0.0605 0.0459 0.0697 0.1611 0.4638 0.5244
0.7711 0.4563 0.1312 0.0358 0.0250 0.0621 0.2332 0.6870 0.7476 0.3985
0.1734 0.0239 0.0097 0.0292 0.1644 0.4773 0.6700 0.5649 0.1922 0.0252
0.1209 0.0155 0.0073 0.0306 0.2103 0.5574 0.7081 0.5203 0.1400 0.0172
0.0083 0.0219 0.1128 0.4157 0.6154 0.4291 0.1561 0.0108 0.0147 0.0396
0.0078 0.0248 0.1379 0.4564 0.6222 0.4030 0.1327 0.0087 0.0141 0.0454
0.1083 0.4395 0.6886 0.4974 0.1819 0.0503 0.0244 0.0153 0.1456 0.5238
0.2142 0.5425 0.6703 0.3842 0.1135 0.0390 0.0283 0.0332 0.2575 0.5964
0.3760 0.5230 0.4833 0.2082 0.0715 0.0442 0.0556 0.1100 0.4059 0.5423
0.6904 0.4746 0.1916 0.0564 0.0323 0.0568 0.1687 0.5217 0.6759 0.4348
0.6307 0.2557 0.0691 0.0333 0.0406 0.1140 0.3333 0.6654 0.6149 0.2253
0.1271 0.0157 0.0071 0.0292 0.2041 0.5568 0.7152 0.5396 0.1461 0.0172
0.0338 0.0184 0.0288 0.1265 0.3901 0.4945 0.4080 0.1030 0.0482 0.0259
0.0074 0.0227 0.1288 0.4524 0.6328 0.4195 0.1393 0.0088 0.0133 0.0419
0.0327 0.1359 0.3925 0.4780 0.3620 0.1485 0.0552 0.0118 0.0506 0.2017
0.1513 0.5230 0.7215 0.4721 0.1449 0.0400 0.0224 0.0193 0.1936 0.5943
0.3978 0.5092 0.4445 0.1861 0.0678 0.0464 0.0631 0.1307 0.4245 0.5238
0.7360 0.4250 0.1285 0.0387 0.0284 0.0673 0.2330 0.6530 0.7148 0.3745
0.2119 0.0328 0.0125 0.0299 0.1408 0.4179 0.6294 0.5744 0.2296 0.0337
0.1085 0.0158 0.0084 0.0351 0.2236 0.5509 0.6833 0.4692 0.1279 0.0179
0.0094 0.0216 0.1007 0.3819 0.5955 0.4342 0.1718 0.0133 0.0164 0.0382
0.0089 0.0287 0.1518 0.4570 0.6004 0.3764 0.1241 0.0090 0.0157 0.0518
0.0958 0.3947 0.6555 0.4925 0.1973 0.0573 0.0270 0.0151 0.1308 0.4811
0.2123 0.5289 0.6549 0.3760 0.1146 0.0406 0.0298 0.0345 0.2552 0.5830
0.6299 0.4702 0.2246 0.0718 0.0383 0.0564 0.1438 0.4249 0.6230 0.4418
0.6198 0.2478 0.0677 0.0336 0.0419 0.1171 0.3360 0.6593 0.6050 0.2190
0.1283 0.0161 0.0073 0.0296 0.2028 0.5514 0.7102 0.5361 0.1473 0.0177
0.0377 0.0181 0.0259 0.1135 0.3732 0.4993 0.4326 0.1211 0.0527 0.0251
0.0075 0.0228 0.1278 0.4486 0.6297 0.4189 0.1404 0.0090 0.0135 0.0420
0.0277 0.1124 0.3532 0.4748 0.3914 0.1701 0.0615 0.0114 0.0437 0.1716
0.1437 0.5106 0.7176 0.4770 0.1503 0.0414 0.0226 0.0185 0.1853 0.5843
0.3629 0.5109 0.4777 0.2107 0.0741 0.0456 0.0563 0.1066 0.3939 0.5321
0.7299 0.4266 0.1325 0.0401 0.0290 0.0668 0.2274 0.6408 0.7094 0.3774
0.2337 0.0382 0.0140 0.0302 0.1300 0.3895 0.6095 0.5807 0.2506 0.0388
0.1113 0.0158 0.0081 0.0340 0.2204 0.5521 0.6888 0.4806 0.1307 0.0178
0.0100 0.0214 0.0950 0.3653 0.5857 0.4372 0.1804 0.0148 0.0173 0.0375
0.0085 0.0273 0.1468 0.4562 0.6074 0.3853 0.1271 0.0090 0.0152 0.0495
0.0895 0.3727 0.6396 0.4919 0.2063 0.0612 0.0283 0.0148 0.1232 0.4600
0.1992 0.5301 0.6713 0.3960 0.1200 0.0402 0.0279 0.0306 0.2424 0.5875
0.5823 0.4800 0.2659 0.0890 0.0432 0.0539 0.1209 0.3441 0.5824 0.4606
0.6770 0.3128 0.0855 0.0343 0.0351 0.0944 0.2980 0.6692 0.6581 0.2740
0.1325 0.0166 0.0074 0.0292 0.1986 0.5461 0.7090 0.5424 0.1515 0.0181
0.0574 0.0172 0.0167 0.0726 0.3097 0.5198 0.5339 0.2217 0.0751 0.0220
0.0075 0.0224 0.1253 0.4451 0.6298 0.4219 0.1427 0.0091 0.0135 0.0413
0.0189 0.0719 0.2727 0.4691 0.4617 0.2279 0.0783 0.0105 0.0310 0.1166
0.1365 0.5057 0.7219 0.4877 0.1555 0.0418 0.0221 0.0173 0.1776 0.5818
0.3049 0.5229 0.5494 0.2656 0.0864 0.0431 0.0440 0.0711 0.3422 0.5560
0.7157 0.4519 0.1582 0.0467 0.0301 0.0615 0.1985 0.5902 0.6975 0.4062
0.4127 0.1015 0.0307 0.0316 0.0750 0.2271 0.4736 0.6228 0.4163 0.0950
0.1223 0.0156 0.0073 0.0304 0.2089 0.5562 0.7084 0.5232 0.1413 0.0173
0.0162 0.0202 0.0601 0.2511 0.5091 0.4596 0.2561 0.0322 0.0259 0.0325
0.0076 0.0237 0.1330 0.4539 0.6272 0.4114 0.1362 0.0088 0.0137 0.0436
0.0579 0.2493 0.5333 0.4864 0.2682 0.0911 0.0379 0.0134 0.0840 0.3336
0.1668 0.5307 0.7108 0.4497 0.1356 0.0395 0.0236 0.0222 0.2098 0.5973
0.4361 0.5052 0.4067 0.1615 0.0617 0.0476 0.0720 0.1624 0.4577 0.5128
0.7396 0.4168 0.1216 0.0370 0.0282 0.0691 0.2426 0.6671 0.7177 0.3655
0.1748 0.0244 0.0099 0.0294 0.1633 0.4735 0.6666 0.5634 0.1936 0.0257
0.1063 0.0158 0.0085 0.0359 0.2262 0.5503 0.6792 0.4601 0.1257 0.0180
0.0085 0.0218 0.1101 0.4081 0.6108 0.4300 0.1594 0.0114 0.0151 0.0393
0.0091 0.0295 0.1549 0.4579 0.5967 0.3713 0.1223 0.0090 0.0160 0.0531
0.1056 0.4279 0.6790 0.4945 0.1851 0.0521 0.0251 0.0154 0.1424 0.5126
0.2141 0.5341 0.6596 0.3776 0.1138 0.0400 0.0293 0.0343 0.2571 0.5878
0.5593 0.4892 0.2924 0.0998 0.0457 0.0520 0.1092 0.3046 0.5629 0.4744
0.7160 0.3639 0.1000 0.0346 0.0308 0.0809 0.2737 0.6783 0.6947 0.3175
0.1349 0.0168 0.0074 0.0290 0.1963 0.5439 0.7093 0.5468 0.1539 0.0183
0.0768 0.0165 0.0122 0.0524 0.2687 0.5342 0.6043 0.3221 0.0958 0.0200
0.0075 0.0223 0.1238 0.4431 0.6298 0.4236 0.1440 0.0092 0.0135 0.0409
0.0135 0.0483 0.2136 0.4644 0.5234 0.2876 0.0960 0.0098 0.0230 0.0823
0.1302 0.4961 0.7200 0.4932 0.1605 0.0429 0.0221 0.0166 0.1706 0.5741
0.2584 0.5328 0.6101 0.3204 0.0987 0.0410 0.0355 0.0493 0.2995 0.5761
0.6282 0.4806 0.2364 0.0747 0.0384 0.0546 0.1373 0.4115 0.6219 0.4530
0.6791 0.3111 0.0840 0.0338 0.0349 0.0951 0.3015 0.6742 0.6599 0.2720
0.1291 0.0158 0.0071 0.0290 0.2021 0.5548 0.7152 0.5432 0.1480 0.0173
0.0517 0.0174 0.0186 0.0812 0.3250 0.5149 0.5090 0.1922 0.0688 0.0227
0.0074 0.0224 0.1271 0.4505 0.6332 0.4217 0.1407 0.0088 0.0133 0.0414
0.0218 0.0856 0.3027 0.4719 0.4347 0.2041 0.0713 0.0108 0.0353 0.1357
0.1425 0.5214 0.7315 0.4885 0.1507 0.0400 0.0214 0.0175 0.1843 0.5957
0.2856 0.5320 0.5814 0.2906 0.0910 0.0415 0.0395 0.0602 0.3248 0.5694
0.6335 0.4828 0.2352 0.0736 0.0378 0.0543 0.1383 0.4178 0.6266 0.4543
0.6894 0.3233 0.0872 0.0338 0.0337 0.0915 0.2957 0.6772 0.6695 0.2822
0.1288 0.0157 0.0070 0.0289 0.2025 0.5562 0.7165 0.5440 0.1477 0.0172
0.0525 0.0174 0.0183 0.0799 0.3228 0.5157 0.5127 0.1963 0.0697 0.0226
0.0073 0.0224 0.1274 0.4515 0.6341 0.4219 0.1404 0.0088 0.0132 0.0414
