0.0168 0.0411 0.1734 0.4608 0.6335 0.4477 0.1520 0.0154 0.0191 0.0636
0.0363 0.1071 0.3026 0.4424 0.4608 0.2484 0.0854 0.0178 0.0404 0.1444
0.1427 0.4227 0.5910 0.3876 0.1850 0.0637 0.0313 0.0267 0.1529 0.4528
0.5600 0.3571 0.1732 0.0664 0.0359 0.0760 0.2191 0.4955 0.5641 0.3315
0.4254 0.1582 0.0722 0.0547 0.0569 0.1738 0.4189 0.5730 0.4316 0.1552
0.1393 0.0255 0.0191 0.0629 0.1897 0.5401 0.7146 0.5004 0.1463 0.0311
0.0837 0.0268 0.0312 0.1086 0.2802 0.5328 0.5859 0.2741 0.0896 0.0348
0.0166 0.0401 0.1702 0.4598 0.6363 0.4531 0.1548 0.0155 0.0188 0.0623
0.0263 0.0725 0.2431 0.4505 0.5344 0.3243 0.1089 0.0167 0.0296 0.1037
0.1250 0.3948 0.5832 0.4047 0.2065 0.0701 0.0318 0.0237 0.1346 0.4294
0.4731 0.3902 0.2480 0.0994 0.0483 0.0685 0.1461 0.3242 0.4802 0.3724
0.5268 0.2424 0.1019 0.0528 0.0402 0.1168 0.3396 0.5914 0.5310 0.2272
0.1503 0.0285 0.0206 0.0624 0.1779 0.5156 0.7001 0.5051 0.1574 0.0343
0.1198 0.0245 0.0206 0.0718 0.2146 0.5503 0.6945 0.4425 0.1265 0.0305
0.0167 0.0395 0.1659 0.4544 0.6342 0.4568 0.1590 0.0160 0.0190 0.0612
0.0202 0.0522 0.2005 0.4571 0.5937 0.3948 0.1324 0.0158 0.0229 0.0781
0.0973 0.3172 0.5282 0.4157 0.2507 0.0921 0.0384 0.0219 0.1055 0.3585
0.3012 0.4292 0.4176 0.2021 0.0888 0.0611 0.0674 0.1098 0.3123 0.4312
0.5831 0.3038 0.1246 0.0522 0.0331 0.0917 0.2951 0.5982 0.5860 0.2792
0.1885 0.0401 0.0262 0.0608 0.1450 0.4388 0.6513 0.5183 0.1962 0.0462
0.1309 0.0240 0.0186 0.0646 0.1997 0.5539 0.7185 0.4887 0.1377 0.0296
0.0184 0.0384 0.1508 0.4259 0.6139 0.4624 0.1764 0.0193 0.0209 0.0589
0.0178 0.0443 0.1817 0.4602 0.6219 0.4311 0.1454 0.0155 0.0201 0.0678
0.0676 0.2188 0.4406 0.4266 0.3228 0.1362 0.0518 0.0201 0.0741 0.2633
0.1959 0.4581 0.5648 0.3245 0.1393 0.0563 0.0361 0.0415 0.2072 0.4763
0.6079 0.3457 0.1442 0.0536 0.0303 0.0788 0.2629 0.5877 0.6103 0.3157
0.2924 0.0810 0.0436 0.0577 0.0921 0.2895 0.5381 0.5459 0.3002 0.0859
0.1339 0.0241 0.0184 0.0633 0.1961 0.5524 0.7215 0.4974 0.1408 0.0296
0.0303 0.0341 0.0928 0.2930 0.5029 0.4856 0.2827 0.0485 0.0337 0.0497
0.0167 0.0410 0.1734 0.4615 0.6344 0.4482 0.1519 0.0153 0.0190 0.0635
0.0411 0.1243 0.3283 0.4395 0.4324 0.2220 0.0774 0.0182 0.0457 0.1638
0.1544 0.4519 0.6110 0.3854 0.1730 0.0578 0.0291 0.0272 0.1650 0.4789
0.5815 0.3729 0.1762 0.0640 0.0332 0.0719 0.2170 0.5122 0.5850 0.3441
0.4584 0.1826 0.0808 0.0540 0.0508 0.1532 0.3928 0.5795 0.4639 0.1762
0.1384 0.0252 0.0189 0.0629 0.1908 0.5427 0.7163 0.5004 0.1453 0.0308
0.0889 0.0263 0.0291 0.1014 0.2687 0.5362 0.6054 0.2995 0.0949 0.0340
0.0165 0.0399 0.1698 0.4606 0.6380 0.4546 0.1550 0.0154 0.0187 0.0619
0.0249 0.0678 0.2338 0.4520 0.5469 0.3384 0.1135 0.0165 0.0280 0.0978
0.1256 0.3998 0.5888 0.4069 0.2057 0.0689 0.0311 0.0234 0.1352 0.4343
0.4290 0.4148 0.3019 0.1236 0.0561 0.0633 0.1132 0.2434 0.4375 0.4012
0.5748 0.2918 0.1194 0.0519 0.0341 0.0959 0.3046 0.6001 0.5779 0.2689
0.1592 0.0310 0.0219 0.0619 0.1692 0.4964 0.6884 0.5085 0.1665 0.0369
0.1276 0.0240 0.0190 0.0664 0.2040 0.5538 0.7129 0.4765 0.1344 0.0297
0.0169 0.0392 0.1638 0.4515 0.6329 0.4583 0.1611 0.0163 0.0191 0.0607
0.0188 0.0475 0.1897 0.4590 0.6099 0.4152 0.1396 0.0156 0.0213 0.0721
0.0920 0.3019 0.5166 0.4183 0.2611 0.0974 0.0399 0.0215 0.1001 0.3442
0.2383 0.4638 0.5243 0.2762 0.1147 0.0550 0.0434 0.0594 0.2499 0.4745
0.6174 0.3490 0.1428 0.0522 0.0292 0.0778 0.2660 0.5994 0.6195 0.3178
0.2595 0.0664 0.0377 0.0585 0.1052 0.3293 0.5715 0.5381 0.2674 0.0721
0.1331 0.0239 0.0183 0.0634 0.1971 0.5541 0.7223 0.4967 0.1399 0.0294
0.0232 0.0363 0.1205 0.3609 0.5630 0.4736 0.2220 0.0298 0.0261 0.0544
0.0169 0.0415 0.1747 0.4615 0.6329 0.4458 0.1509 0.0153 0.0191 0.0641
0.0517 0.1625 0.3785 0.4337 0.3806 0.1785 0.0644 0.0190 0.0571 0.2053
0.1670 0.4727 0.6195 0.3771 0.1613 0.0539 0.0283 0.0288 0.1780 0.4964
0.6000 0.3795 0.1730 0.0608 0.0311 0.0702 0.2223 0.5352 0.6029 0.3482
0.4686 0.1906 0.0835 0.0538 0.0491 0.1474 0.3850 0.5816 0.4739 0.1831
0.1370 0.0248 0.0187 0.0630 0.1924 0.5460 0.7184 0.4999 0.1439 0.0304
0.0852 0.0266 0.0304 0.1062 0.2767 0.5345 0.5928 0.2823 0.0912 0.0345
0.0164 0.0398 0.1700 0.4614 0.6388 0.4549 0.1548 0.0153 0.0186 0.0619
0.0262 0.0721 0.2423 0.4508 0.5356 0.3255 0.1093 0.0167 0.0294 0.1032
0.1365 0.4304 0.6104 0.4049 0.1921 0.0622 0.0287 0.0238 0.1466 0.4619
0.4276 0.4273 0.3170 0.1280 0.0563 0.0608 0.1062 0.2317 0.4363 0.4134
0.5988 0.3189 0.1292 0.0514 0.0313 0.0867 0.2878 0.6048 0.6013 0.2917
0.1661 0.0330 0.0229 0.0616 0.1629 0.4820 0.6794 0.5110 0.1735 0.0391
0.1295 0.0239 0.0187 0.0652 0.2016 0.5547 0.7171 0.4844 0.1363 0.0295
0.0169 0.0391 0.1632 0.4505 0.6324 0.4589 0.1618 0.0164 0.0192 0.0606
0.0184 0.0463 0.1867 0.4596 0.6145 0.4212 0.1417 0.0155 0.0208 0.0705
0.0927 0.3042 0.5189 0.4185 0.2598 0.0966 0.0396 0.0215 0.1007 0.3464
0.2256 0.4758 0.5535 0.2972 0.1212 0.0530 0.0384 0.0507 0.2373 0.4884
0.6262 0.3646 0.1502 0.0526 0.0283 0.0737 0.2551 0.5959 0.6281 0.3313
0.3191 0.0939 0.0486 0.0570 0.0832 0.2612 0.5125 0.5519 0.3267 0.0978
0.1335 0.0240 0.0182 0.0632 0.1965 0.5539 0.7228 0.4980 0.1404 0.0295
0.0302 0.0341 0.0928 0.2932 0.5034 0.4859 0.2827 0.0484 0.0336 0.0497
0.0166 0.0406 0.1724 0.4620 0.6365 0.4507 0.1527 0.0153 0.0188 0.0629
0.0431 0.1316 0.3386 0.4384 0.4215 0.2123 0.0744 0.0184 0.0478 0.1720
0.1608 0.4783 0.6346 0.3912 0.1668 0.0530 0.0265 0.0262 0.1717 0.5033
0.5593 0.4027 0.2127 0.0753 0.0359 0.0652 0.1782 0.4416 0.5637 0.3748
0.5642 0.2793 0.1147 0.0519 0.0354 0.1006 0.3135 0.5993 0.5675 0.2583
0.1430 0.0264 0.0195 0.0627 0.1856 0.5321 0.7102 0.5025 0.1500 0.0321
0.1187 0.0244 0.0207 0.0724 0.2162 0.5508 0.6932 0.4390 0.1254 0.0304
0.0164 0.0395 0.1685 0.4602 0.6391 0.4569 0.1562 0.0154 0.0186 0.0614
0.0211 0.0550 0.2069 0.4562 0.5847 0.3833 0.1284 0.0160 0.0238 0.0817
0.1220 0.3936 0.5870 0.4105 0.2106 0.0704 0.0312 0.0228 0.1314 0.4291
0.2929 0.4669 0.4741 0.2261 0.0916 0.0541 0.0541 0.0891 0.3043 0.4692
0.6310 0.3624 0.1466 0.0513 0.0278 0.0742 0.2611 0.6065 0.6328 0.3287
0.2507 0.0627 0.0362 0.0588 0.1091 0.3411 0.5809 0.5359 0.2586 0.0686
0.1327 0.0238 0.0182 0.0634 0.1975 0.5553 0.7232 0.4969 0.1396 0.0293
0.0205 0.0373 0.1357 0.3951 0.5907 0.4682 0.1970 0.0236 0.0231 0.0566
0.0168 0.0414 0.1747 0.4617 0.6331 0.4459 0.1509 0.0153 0.0191 0.0641
0.0594 0.1902 0.4108 0.4303 0.3502 0.1553 0.0575 0.0196 0.0654 0.2343
0.1743 0.4894 0.6306 0.3759 0.1552 0.0510 0.0272 0.0291 0.1855 0.5113
0.5989 0.3940 0.1852 0.0634 0.0312 0.0669 0.2080 0.5167 0.6020 0.3620
0.5307 0.2453 0.1027 0.0526 0.0397 0.1154 0.3380 0.5932 0.5348 0.2297
0.1377 0.0250 0.0188 0.0629 0.1915 0.5444 0.7175 0.5004 0.1447 0.0306
0.1076 0.0250 0.0232 0.0813 0.2333 0.5461 0.6646 0.3891 0.1141 0.0316
0.0163 0.0395 0.1692 0.4616 0.6401 0.4566 0.1554 0.0153 0.0185 0.0615
0.0226 0.0599 0.2176 0.4545 0.5693 0.3646 0.1220 0.0162 0.0255 0.0880
0.1329 0.4240 0.6079 0.4078 0.1964 0.0636 0.0289 0.0233 0.1428 0.4564
0.3331 0.4602 0.4297 0.1927 0.0787 0.0551 0.0653 0.1199 0.3439 0.4572
0.6318 0.3616 0.1458 0.0511 0.0277 0.0744 0.2625 0.6086 0.6335 0.3279
0.2279 0.0538 0.0324 0.0595 0.1205 0.3736 0.6057 0.5299 0.2358 0.0600
0.1325 0.0238 0.0182 0.0634 0.1978 0.5558 0.7235 0.4969 0.1393 0.0292
0.0191 0.0379 0.1451 0.4151 0.6064 0.4651 0.1837 0.0207 0.0216 0.0580
0.0168 0.0413 0.1743 0.4618 0.6337 0.4467 0.1511 0.0153 0.0191 0.0639
0.0629 0.2028 0.4244 0.4288 0.3379 0.1464 0.0548 0.0198 0.0691 0.2472
0.1765 0.4958 0.6356 0.3765 0.1535 0.0500 0.0267 0.0290 0.1877 0.5170
0.5907 0.4019 0.1958 0.0668 0.0322 0.0652 0.1962 0.4940 0.5941 0.3704
0.5641 0.2791 0.1145 0.0519 0.0354 0.1007 0.3138 0.5995 0.5674 0.2581
0.1386 0.0253 0.0189 0.0629 0.1905 0.5423 0.7163 0.5008 0.1456 0.0308
0.1155 0.0245 0.0213 0.0747 0.2208 0.5497 0.6857 0.4253 0.1221 0.0307
0.0163 0.0395 0.1690 0.4615 0.6403 0.4570 0.1556 0.0153 0.0185 0.0614
0.0214 0.0561 0.2094 0.4559 0.5811 0.3788 0.1268 0.0160 0.0242 0.0832
0.1328 0.4243 0.6086 0.4084 0.1965 0.0635 0.0289 0.0232 0.1427 0.4568
0.2928 0.4759 0.4860 0.2305 0.0917 0.0525 0.0517 0.0859 0.3043 0.4781
0.6406 0.3771 0.1530 0.0515 0.0268 0.0705 0.2522 0.6058 0.6421 0.3414
0.3117 0.0902 0.0472 0.0572 0.0855 0.2688 0.5196 0.5503 0.3193 0.0944
0.1329 0.0238 0.0181 0.0632 0.1972 0.5556 0.7239 0.4981 0.1398 0.0293
0.0249 0.0356 0.1123 0.3422 0.5475 0.4773 0.2375 0.0339 0.0279 0.0530
0.0165 0.0403 0.1717 0.4623 0.6378 0.4523 0.1532 0.0152 0.0187 0.0626
0.0465 0.1439 0.3552 0.4365 0.4042 0.1975 0.0700 0.0186 0.0515 0.1854
0.1666 0.4935 0.6452 0.3911 0.1617 0.0504 0.0254 0.0262 0.1776 0.5168
0.5192 0.4227 0.2542 0.0917 0.0413 0.0612 0.1443 0.3577 0.5251 0.3984
0.6148 0.3372 0.1356 0.0509 0.0295 0.0811 0.2777 0.6088 0.6169 0.3070
0.1528 0.0292 0.0209 0.0622 0.1753 0.5102 0.6970 0.5063 0.1600 0.0350
0.1301 0.0238 0.0185 0.0647 0.2008 0.5557 0.7194 0.4879 0.1369 0.0293
0.0164 0.0392 0.1668 0.4580 0.6382 0.4583 0.1579 0.0156 0.0187 0.0610
0.0180 0.0451 0.1838 0.4602 0.6191 0.4272 0.1439 0.0155 0.0204 0.0689
0.1079 0.3530 0.5579 0.4147 0.2318 0.0810 0.0346 0.0221 0.1167 0.3921
0.2139 0.5002 0.5974 0.3259 0.1278 0.0490 0.0320 0.0412 0.2256 0.5142
0.6266 0.3962 0.1737 0.0573 0.0283 0.0662 0.2234 0.5608 0.6287 0.3609
0.5273 0.2420 0.1014 0.0526 0.0402 0.1170 0.3407 0.5927 0.5314 0.2268
0.1347 0.0242 0.0183 0.0630 0.1951 0.5516 0.7218 0.4992 0.1416 0.0297
0.0955 0.0258 0.0267 0.0933 0.2551 0.5405 0.6287 0.3322 0.1017 0.0330
0.0162 0.0395 0.1695 0.4624 0.6409 0.4569 0.1551 0.0152 0.0184 0.0614
0.0239 0.0643 0.2269 0.4532 0.5565 0.3494 0.1170 0.0163 0.0269 0.0935
0.1464 0.4598 0.6320 0.4052 0.1811 0.0564 0.0265 0.0238 0.1568 0.4884
0.3110 0.4761 0.4696 0.2160 0.0855 0.0524 0.0555 0.0974 0.3222 0.4757
0.6448 0.3846 0.1566 0.0516 0.0264 0.0687 0.2474 0.6046 0.6463 0.3479
0.3557 0.1136 0.0560 0.0561 0.0727 0.2271 0.4791 0.5597 0.3629 0.1157
0.1329 0.0237 0.0181 0.0632 0.1973 0.5559 0.7243 0.4983 0.1397 0.0292
0.0291 0.0343 0.0962 0.3024 0.5122 0.4845 0.2738 0.0452 0.0324 0.0502
0.0163 0.0398 0.1705 0.4625 0.6397 0.4548 0.1542 0.0152 0.0185 0.0619
0.0404 0.1221 0.3253 0.4401 0.4360 0.2251 0.0782 0.0181 0.0450 0.1614
0.1660 0.4991 0.6527 0.3959 0.1622 0.0495 0.0246 0.0254 0.1770 0.5225
0.4130 0.4539 0.3587 0.1436 0.0592 0.0558 0.0891 0.1957 0.4222 0.4409
0.6458 0.3789 0.1520 0.0506 0.0263 0.0700 0.2541 0.6126 0.6472 0.3424
0.2398 0.0584 0.0344 0.0591 0.1143 0.3562 0.5926 0.5331 0.2478 0.0644
0.1325 0.0237 0.0181 0.0632 0.1977 0.5565 0.7245 0.4979 0.1394 0.0291
0.0186 0.0381 0.1487 0.4227 0.6123 0.4642 0.1790 0.0197 0.0210 0.0584
0.0165 0.0403 0.1719 0.4623 0.6377 0.4520 0.1531 0.0152 0.0187 0.0626
0.0611 0.1966 0.4178 0.4296 0.3440 0.1507 0.0561 0.0197 0.0672 0.2408
0.1758 0.5103 0.6536 0.3869 0.1540 0.0477 0.0247 0.0271 0.1871 0.5313
0.4427 0.4501 0.3330 0.1284 0.0535 0.0563 0.1000 0.2312 0.4510 0.4337
0.6490 0.3824 0.1531 0.0504 0.0260 0.0692 0.2528 0.6141 0.6504 0.3453
0.2245 0.0526 0.0319 0.0596 0.1223 0.3787 0.6095 0.5290 0.2324 0.0587
0.1325 0.0237 0.0181 0.0632 0.1978 0.5567 0.7245 0.4979 0.1393 0.0291
0.0177 0.0385 0.1550 0.4356 0.6220 0.4622 0.1711 0.0181 0.0201 0.0593
0.0165 0.0403 0.1718 0.4623 0.6378 0.4522 0.1532 0.0152 0.0187 0.0626
0.0651 0.2105 0.4326 0.4281 0.3307 0.1413 0.0533 0.0199 0.0714 0.2550
0.1789 0.5133 0.6536 0.3840 0.1516 0.0472 0.0247 0.0276 0.1902 0.5336
0.3827 0.4662 0.3969 0.1641 0.0658 0.0537 0.0757 0.1582 0.3926 0.4567
0.6530 0.3934 0.1593 0.0511 0.0256 0.0667 0.2443 0.6088 0.6543 0.3552
0.3750 0.1250 0.0602 0.0557 0.0678 0.2109 0.4621 0.5637 0.3820 0.1259
0.1327 0.0237 0.0181 0.0632 0.1976 0.5566 0.7247 0.4983 0.1395 0.0291
0.0258 0.0353 0.1082 0.3323 0.5391 0.4792 0.2460 0.0364 0.0289 0.0523
0.0162 0.0396 0.1700 0.4627 0.6407 0.4562 0.1547 0.0152 0.0185 0.0616
0.0403 0.1217 0.3247 0.4402 0.4366 0.2256 0.0784 0.0181 0.0448 0.1610
0.1701 0.5103 0.6607 0.3963 0.1587 0.0477 0.0238 0.0254 0.1813 0.5325
0.2915 0.4915 0.5074 0.2393 0.0921 0.0499 0.0475 0.0800 0.3030 0.4934
0.5450 0.4294 0.2458 0.0850 0.0378 0.0597 0.1513 0.3898 0.5501 0.4019
0.6435 0.3735 0.1492 0.0503 0.0265 0.0714 0.2582 0.6148 0.6450 0.3376
0.1436 0.0266 0.0196 0.0626 0.1849 0.5308 0.7095 0.5028 0.1506 0.0323
0.1317 0.0237 0.0182 0.0636 0.1987 0.5566 0.7232 0.4950 0.1385 0.0292
0.0162 0.0393 0.1686 0.4617 0.6411 0.4581 0.1560 0.0153 0.0184 0.0611
0.0170 0.0421 0.1764 0.4615 0.6305 0.4423 0.1494 0.0153 0.0194 0.0650
0.1192 0.3873 0.5834 0.4122 0.2144 0.0719 0.0316 0.0226 0.1286 0.4235
0.2067 0.5165 0.6255 0.3453 0.1322 0.0465 0.0284 0.0360 0.2184 0.5314
0.3053 0.4908 0.4938 0.2274 0.0873 0.0500 0.0504 0.0884 0.3167 0.4908
0.3357 0.4835 0.4575 0.2010 0.0779 0.0510 0.0587 0.1114 0.3466 0.4796
0.4658 0.4516 0.3188 0.1189 0.0495 0.0560 0.1069 0.2578 0.4736 0.4324
0.6596 0.3982 0.1598 0.0504 0.0249 0.0656 0.2442 0.6148 0.6607 0.3589
0.4330 0.1634 0.0740 0.0545 0.0554 0.1690 0.4133 0.5749 0.4390 0.1596
0.1363 0.0253 0.0192 0.0641 0.1932 0.5421 0.7124 0.4925 0.1433 0.0310
0.0223 0.0382 0.1316 0.3788 0.5718 0.4624 0.2042 0.0264 0.0251 0.0574
0.0220 0.0577 0.2123 0.4543 0.5751 0.3727 0.1252 0.0162 0.0248 0.0852
0.0807 0.2560 0.4703 0.4149 0.2866 0.1163 0.0471 0.0218 0.0880 0.2993
0.4433 0.2875 0.1658 0.0832 0.0535 0.0985 0.2198 0.3955 0.4503 0.2774
0.3562 0.1172 0.0584 0.0573 0.0726 0.2218 0.4679 0.5510 0.3634 0.1193
0.1528 0.0311 0.0228 0.0649 0.1753 0.4957 0.6779 0.4879 0.1601 0.0373
0.0561 0.0324 0.0549 0.1752 0.3633 0.4932 0.4276 0.1322 0.0610 0.0440
0.0203 0.0476 0.1811 0.4404 0.5933 0.4144 0.1477 0.0176 0.0229 0.0717
0.0383 0.1099 0.3015 0.4339 0.4486 0.2436 0.0862 0.0188 0.0426 0.1472
0.1204 0.2847 0.4320 0.3360 0.2129 0.1032 0.0571 0.0375 0.1294 0.3183
0.4253 0.2274 0.1225 0.0729 0.0569 0.1254 0.2856 0.4508 0.4322 0.2215
0.2789 0.0781 0.0437 0.0598 0.0972 0.2967 0.5362 0.5298 0.2868 0.0835
0.1426 0.0297 0.0228 0.0679 0.1860 0.5064 0.6759 0.4683 0.1498 0.0360
0.0430 0.0348 0.0735 0.2273 0.4227 0.4791 0.3460 0.0821 0.0472 0.0486
0.0208 0.0496 0.1863 0.4410 0.5873 0.4053 0.1437 0.0176 0.0235 0.0743
0.0418 0.1205 0.3149 0.4289 0.4282 0.2272 0.0821 0.0195 0.0465 0.1588
0.1297 0.2768 0.4037 0.3119 0.2005 0.1062 0.0642 0.0446 0.1390 0.3080
0.4187 0.2065 0.1082 0.0691 0.0582 0.1375 0.3146 0.4736 0.4257 0.2020
0.2514 0.0658 0.0384 0.0605 0.1088 0.3315 0.5657 0.5238 0.2594 0.0718
0.1369 0.0286 0.0225 0.0692 0.1925 0.5148 0.6777 0.4596 0.1439 0.0349
0.0372 0.0357 0.0844 0.2578 0.4559 0.4745 0.3091 0.0638 0.0410 0.0507
0.0207 0.0500 0.1883 0.4436 0.5885 0.4038 0.1420 0.0173 0.0234 0.0748
0.0432 0.1256 0.3226 0.4286 0.4208 0.2200 0.0797 0.0195 0.0480 0.1646
0.1360 0.2862 0.4081 0.3072 0.1928 0.1024 0.0635 0.0462 0.1455 0.3162
0.4339 0.2097 0.1060 0.0661 0.0552 0.1354 0.3210 0.4933 0.4405 0.2038
0.2428 0.0616 0.0364 0.0603 0.1129 0.3452 0.5783 0.5245 0.2508 0.0677
0.1354 0.0276 0.0217 0.0683 0.1942 0.5229 0.6859 0.4647 0.1424 0.0337
0.0343 0.0356 0.0895 0.2737 0.4744 0.4751 0.2937 0.0563 0.0380 0.0511
0.0200 0.0490 0.1882 0.4482 0.5957 0.4083 0.1417 0.0168 0.0227 0.0737
0.0444 0.1312 0.3320 0.4301 0.4146 0.2127 0.0768 0.0194 0.0493 0.1709
0.1431 0.3052 0.4259 0.3082 0.1847 0.0953 0.0596 0.0460 0.1528 0.3343
0.4548 0.2191 0.1067 0.0634 0.0514 0.1296 0.3213 0.5121 0.4609 0.2112
0.2405 0.0601 0.0357 0.0601 0.1140 0.3501 0.5834 0.5260 0.2484 0.0663
0.1337 0.0272 0.0215 0.0686 0.1963 0.5265 0.6878 0.4633 0.1406 0.0333
0.0306 0.0365 0.0998 0.3003 0.5002 0.4708 0.2669 0.0460 0.0341 0.0529
0.0202 0.0500 0.1913 0.4495 0.5937 0.4039 0.1393 0.0166 0.0229 0.0750
0.0474 0.1417 0.3462 0.4285 0.3998 0.1999 0.0728 0.0196 0.0525 0.1824
0.1567 0.3106 0.4138 0.2898 0.1708 0.0932 0.0631 0.0527 0.1667 0.3370
0.4592 0.2154 0.1028 0.0615 0.0507 0.1317 0.3310 0.5251 0.4651 0.2073
0.2295 0.0556 0.0336 0.0603 0.1196 0.3667 0.5967 0.5241 0.2374 0.0618
0.1316 0.0267 0.0213 0.0689 0.1989 0.5306 0.6896 0.4610 0.1385 0.0328
0.0281 0.0369 0.1078 0.3211 0.5201 0.4684 0.2483 0.0395 0.0313 0.0541
0.0201 0.0502 0.1929 0.4514 0.5946 0.4028 0.1380 0.0164 0.0228 0.0754
0.0509 0.1549 0.3641 0.4281 0.3841 0.1858 0.0682 0.0197 0.0562 0.1967
0.1675 0.3367 0.4368 0.2905 0.1610 0.0848 0.0582 0.0526 0.1778 0.3613
0.4844 0.2356 0.1097 0.0603 0.0465 0.1206 0.3173 0.5342 0.4897 0.2244
0.2394 0.0592 0.0351 0.0598 0.1145 0.3534 0.5877 0.5284 0.2474 0.0653
0.1331 0.0264 0.0208 0.0676 0.1970 0.5328 0.6951 0.4693 0.1401 0.0324
0.0286 0.0365 0.1049 0.3154 0.5162 0.4712 0.2545 0.0411 0.0318 0.0534
0.0197 0.0490 0.1900 0.4522 0.5993 0.4086 0.1400 0.0163 0.0223 0.0738
0.0480 0.1451 0.3523 0.4303 0.3973 0.1962 0.0711 0.0194 0.0531 0.1862
0.1619 0.3308 0.4360 0.2950 0.1660 0.0867 0.0581 0.0508 0.1721 0.3565
0.4824 0.2315 0.1074 0.0599 0.0468 0.1227 0.3224 0.5373 0.4878 0.2206
0.2308 0.0557 0.0335 0.0599 0.1189 0.3664 0.5979 0.5268 0.2387 0.0619
0.1329 0.0259 0.0203 0.0669 0.1973 0.5370 0.7002 0.4738 0.1398 0.0318
0.0269 0.0365 0.1097 0.3290 0.5300 0.4711 0.2438 0.0373 0.0300 0.0538
0.0193 0.0481 0.1888 0.4544 0.6041 0.4127 0.1407 0.0161 0.0218 0.0727
0.0500 0.1535 0.3640 0.4305 0.3878 0.1873 0.0681 0.0194 0.0553 0.1953
0.1639 0.3531 0.4651 0.3062 0.1642 0.0802 0.0520 0.0469 0.1742 0.3785
0.5065 0.2517 0.1141 0.0588 0.0431 0.1127 0.3095 0.5459 0.5114 0.2376
0.2430 0.0603 0.0354 0.0595 0.1128 0.3494 0.5853 0.5306 0.2509 0.0664
0.1338 0.0259 0.0202 0.0664 0.1962 0.5369 0.7016 0.4771 0.1407 0.0318
0.0277 0.0362 0.1064 0.3211 0.5232 0.4727 0.2508 0.0395 0.0309 0.0533
0.0192 0.0479 0.1886 0.4548 0.6050 0.4135 0.1408 0.0161 0.0217 0.0725
0.0508 0.1562 0.3677 0.4305 0.3847 0.1845 0.0672 0.0194 0.0561 0.1983
0.1664 0.3581 0.4686 0.3055 0.1620 0.0788 0.0514 0.0471 0.1768 0.3830
0.5108 0.2535 0.1141 0.0582 0.0425 0.1118 0.3100 0.5501 0.5155 0.2390
0.2392 0.0587 0.0347 0.0595 0.1146 0.3552 0.5903 0.5305 0.2472 0.0647
0.1339 0.0255 0.0197 0.0656 0.1961 0.5406 0.7064 0.4820 0.1408 0.0313
0.0279 0.0358 0.1044 0.3179 0.5218 0.4755 0.2551 0.0404 0.0311 0.0526
0.0186 0.0460 0.1845 0.4562 0.6124 0.4223 0.1437 0.0159 0.0210 0.0701
0.0473 0.1448 0.3542 0.4334 0.4003 0.1965 0.0705 0.0190 0.0524 0.1862
0.1569 0.3685 0.4967 0.3270 0.1706 0.0761 0.0458 0.0404 0.1672 0.3954
0.5244 0.2716 0.1224 0.0588 0.0406 0.1040 0.2943 0.5465 0.5289 0.2548
0.2589 0.0666 0.0380 0.0588 0.1054 0.3287 0.5698 0.5359 0.2668 0.0724
0.1356 0.0255 0.0195 0.0647 0.1941 0.5406 0.7093 0.4880 0.1425 0.0312
0.0313 0.0347 0.0925 0.2886 0.4956 0.4818 0.2842 0.0501 0.0347 0.0503
0.0181 0.0448 0.1815 0.4571 0.6175 0.4286 0.1458 0.0158 0.0205 0.0684
0.0453 0.1382 0.3461 0.4353 0.4103 0.2042 0.0725 0.0187 0.0502 0.1790
0.1521 0.3850 0.5266 0.3458 0.1753 0.0721 0.0406 0.0354 0.1624 0.4130
0.5397 0.2923 0.1318 0.0593 0.0385 0.0960 0.2780 0.5434 0.5439 0.2727
0.2844 0.0777 0.0425 0.0581 0.0951 0.2977 0.5442 0.5424 0.2922 0.0828
0.1370 0.0255 0.0194 0.0641 0.1924 0.5399 0.7107 0.4920 0.1439 0.0312
0.0347 0.0337 0.0828 0.2636 0.4716 0.4873 0.3120 0.0609 0.0384 0.0484
0.0179 0.0440 0.1796 0.4575 0.6206 0.4327 0.1473 0.0157 0.0203 0.0673
0.0428 0.1297 0.3349 0.4371 0.4228 0.2147 0.0756 0.0185 0.0476 0.1698
0.1442 0.3911 0.5469 0.3638 0.1834 0.0707 0.0373 0.0313 0.1543 0.4209
0.5456 0.3126 0.1446 0.0617 0.0377 0.0890 0.2573 0.5267 0.5498 0.2912
0.3279 0.0990 0.0507 0.0570 0.0805 0.2516 0.5024 0.5523 0.3354 0.1025
0.1392 0.0259 0.0194 0.0636 0.1898 0.5371 0.7106 0.4961 0.1462 0.0315
0.0446 0.0317 0.0636 0.2096 0.4144 0.4996 0.3833 0.0957 0.0489 0.0443
0.0175 0.0429 0.1767 0.4576 0.6245 0.4382 0.1496 0.0157 0.0199 0.0659
0.0385 0.1146 0.3135 0.4401 0.4470 0.2361 0.0819 0.0181 0.0429 0.1530
0.1360 0.3908 0.5596 0.3793 0.1927 0.0709 0.0353 0.0281 0.1459 0.4226
0.5421 0.3283 0.1580 0.0655 0.0382 0.0842 0.2373 0.5012 0.5465 0.3063
0.3697 0.1224 0.0595 0.0560 0.0691 0.2144 0.4647 0.5611 0.3768 0.1237
0.1412 0.0262 0.0195 0.0632 0.1876 0.5341 0.7099 0.4989 0.1482 0.0319
0.0605 0.0293 0.0456 0.1548 0.3471 0.5147 0.4783 0.1623 0.0656 0.0396
0.0172 0.0417 0.1735 0.4576 0.6286 0.4444 0.1522 0.0157 0.0195 0.0643
0.0330 0.0951 0.2829 0.4444 0.4830 0.2705 0.0923 0.0175 0.0368 0.1306
0.1273 0.3814 0.5614 0.3906 0.2035 0.0733 0.0347 0.0260 0.1369 0.4154
0.5251 0.3375 0.1727 0.0715 0.0405 0.0816 0.2172 0.4625 0.5301 0.3167
0.4015 0.1424 0.0667 0.0554 0.0618 0.1899 0.4374 0.5673 0.4081 0.1414
0.1433 0.0267 0.0197 0.0629 0.1853 0.5300 0.7079 0.5007 0.1503 0.0324
0.0780 0.0275 0.0343 0.1180 0.2942 0.5273 0.5603 0.2445 0.0838 0.0361
0.0170 0.0409 0.1708 0.4566 0.6307 0.4488 0.1545 0.0158 0.0193 0.0632
0.0280 0.0780 0.2532 0.4486 0.5204 0.3094 0.1043 0.0169 0.0314 0.1103
0.1168 0.3644 0.5567 0.4017 0.2180 0.0778 0.0350 0.0241 0.1260 0.4010
0.4709 0.3620 0.2211 0.0930 0.0486 0.0753 0.1658 0.3504 0.4778 0.3457
0.4715 0.1941 0.0851 0.0540 0.0486 0.1449 0.3803 0.5801 0.4768 0.1862
0.1505 0.0286 0.0207 0.0625 0.1776 0.5143 0.6989 0.5043 0.1577 0.0344
0.1013 0.0258 0.0254 0.0880 0.2441 0.5399 0.6420 0.3560 0.1077 0.0328
0.0170 0.0403 0.1681 0.4540 0.6306 0.4518 0.1571 0.0161 0.0193 0.0624
0.0249 0.0677 0.2333 0.4516 0.5468 0.3388 0.1137 0.0165 0.0281 0.0977
0.1098 0.3505 0.5506 0.4083 0.2287 0.0817 0.0357 0.0231 0.1187 0.3890
0.4089 0.3872 0.2841 0.1239 0.0601 0.0695 0.1213 0.2421 0.4176 0.3769
0.5244 0.2414 0.1019 0.0531 0.0406 0.1173 0.3393 0.5891 0.5286 0.2265
0.1618 0.0318 0.0223 0.0619 0.1667 0.4905 0.6844 0.5089 0.1692 0.0378
0.1190 0.0247 0.0210 0.0728 0.2157 0.5479 0.6899 0.4365 0.1257 0.0308
0.0172 0.0397 0.1636 0.4480 0.6281 0.4555 0.1616 0.0167 0.0196 0.0613
0.0215 0.0563 0.2097 0.4553 0.5799 0.3779 0.1267 0.0161 0.0243 0.0835
0.0973 0.3161 0.5264 0.4147 0.2507 0.0924 0.0387 0.0220 0.1056 0.3573
0.3099 0.4183 0.3960 0.1909 0.0858 0.0633 0.0736 0.1215 0.3208 0.4194
0.5689 0.2887 0.1193 0.0525 0.0348 0.0971 0.3043 0.5947 0.5721 0.2666
0.1893 0.0403 0.0264 0.0608 0.1445 0.4372 0.6501 0.5182 0.1969 0.0465
0.1287 0.0243 0.0192 0.0663 0.2025 0.5509 0.7112 0.4769 0.1356 0.0300
0.0185 0.0387 0.1523 0.4272 0.6136 0.4603 0.1747 0.0191 0.0209 0.0595
0.0191 0.0485 0.1918 0.4582 0.6061 0.4109 0.1382 0.0157 0.0216 0.0734
0.0778 0.2534 0.4734 0.4220 0.2939 0.1177 0.0463 0.0208 0.0850 0.2974
0.2255 0.4378 0.5041 0.2761 0.1213 0.0599 0.0465 0.0593 0.2369 0.4512
0.5881 0.3163 0.1313 0.0531 0.0325 0.0875 0.2830 0.5907 0.5910 0.2904
0.2380 0.0578 0.0341 0.0592 0.1152 0.3585 0.5941 0.5323 0.2459 0.0638
0.1327 0.0243 0.0187 0.0643 0.1976 0.5506 0.7173 0.4907 0.1395 0.0299
0.0219 0.0371 0.1287 0.3780 0.5758 0.4691 0.2081 0.0265 0.0247 0.0559
0.0179 0.0445 0.1821 0.4596 0.6204 0.4298 0.1452 0.0155 0.0203 0.0682
0.0582 0.1852 0.4046 0.4301 0.3547 0.1591 0.0588 0.0196 0.0641 0.2291
0.1757 0.4402 0.5671 0.3427 0.1542 0.0598 0.0353 0.0364 0.1866 0.4628
0.5910 0.3380 0.1455 0.0560 0.0322 0.0810 0.2595 0.5691 0.5939 0.3103
0.3215 0.0953 0.0492 0.0570 0.0824 0.2585 0.5098 0.5521 0.3291 0.0991
0.1355 0.0246 0.0187 0.0634 0.1942 0.5478 0.7183 0.4971 0.1424 0.0302
0.0359 0.0329 0.0785 0.2538 0.4639 0.4923 0.3257 0.0658 0.0397 0.0471
0.0170 0.0419 0.1753 0.4605 0.6306 0.4437 0.1505 0.0154 0.0193 0.0646
0.0428 0.1303 0.3366 0.4383 0.4230 0.2139 0.0750 0.0184 0.0475 0.1705
0.1520 0.4432 0.6034 0.3839 0.1753 0.0595 0.0300 0.0274 0.1625 0.4708
0.5774 0.3665 0.1729 0.0639 0.0337 0.0735 0.2206 0.5129 0.5810 0.3385
0.4423 0.1704 0.0765 0.0544 0.0537 0.1629 0.4053 0.5763 0.4481 0.1657
0.1399 0.0257 0.0191 0.0629 0.1890 0.5387 0.7138 0.5006 0.1469 0.0313
0.0752 0.0275 0.0353 0.1223 0.3017 0.5273 0.5512 0.2326 0.0808 0.0363
0.0167 0.0405 0.1712 0.4599 0.6350 0.4511 0.1539 0.0155 0.0189 0.0628
0.0297 0.0839 0.2640 0.4475 0.5073 0.2949 0.0996 0.0171 0.0332 0.1174
0.1315 0.4104 0.5929 0.4017 0.1982 0.0665 0.0307 0.0243 0.1413 0.4434
0.4915 0.3907 0.2380 0.0932 0.0453 0.0682 0.1540 0.3502 0.4980 0.3709
0.5316 0.2470 0.1035 0.0527 0.0396 0.1146 0.3361 0.5923 0.5356 0.2311
0.1510 0.0287 0.0207 0.0623 0.1771 0.5139 0.6991 0.5053 0.1582 0.0345
0.1169 0.0246 0.0212 0.0740 0.2188 0.5488 0.6871 0.4295 0.1235 0.0308
0.0167 0.0397 0.1671 0.4559 0.6348 0.4557 0.1578 0.0159 0.0190 0.0615
0.0219 0.0576 0.2125 0.4552 0.5763 0.3732 0.1250 0.0161 0.0247 0.0850
0.1102 0.3573 0.5593 0.4121 0.2280 0.0798 0.0345 0.0225 0.1192 0.3958
0.3357 0.4325 0.3922 0.1794 0.0780 0.0603 0.0756 0.1357 0.3463 0.4298
0.5909 0.3116 0.1271 0.0518 0.0322 0.0890 0.2910 0.6009 0.5936 0.2857
0.1866 0.0394 0.0259 0.0609 0.1465 0.4424 0.6537 0.5177 0.1942 0.0456
0.1301 0.0240 0.0187 0.0651 0.2008 0.5534 0.7165 0.4849 0.1369 0.0297
0.0178 0.0388 0.1559 0.4357 0.6209 0.4604 0.1702 0.0181 0.0202 0.0597
0.0185 0.0465 0.1873 0.4593 0.6134 0.4199 0.1414 0.0156 0.0209 0.0708
0.0812 0.2657 0.4853 0.4217 0.2855 0.1120 0.0445 0.0209 0.0885 0.3095
0.2115 0.4645 0.5547 0.3078 0.1293 0.0550 0.0379 0.0468 0.2230 0.4798
0.6143 0.3510 0.1454 0.0531 0.0296 0.0773 0.2616 0.5920 0.6166 0.3199
0.2972 0.0832 0.0445 0.0575 0.0904 0.2841 0.5334 0.5470 0.3050 0.0880
0.1339 0.0242 0.0184 0.0634 0.1961 0.5520 0.7210 0.4969 0.1408 0.0297
0.0274 0.0349 0.1025 0.3176 0.5254 0.4808 0.2586 0.0404 0.0306 0.0515
0.0170 0.0417 0.1752 0.4612 0.6317 0.4445 0.1505 0.0153 0.0192 0.0644
0.0481 0.1494 0.3621 0.4355 0.3968 0.1916 0.0683 0.0188 0.0532 0.1913
0.1611 0.4613 0.6134 0.3797 0.1666 0.0560 0.0289 0.0283 0.1719 0.4866
0.5905 0.3748 0.1736 0.0622 0.0322 0.0714 0.2208 0.5249 0.5937 0.3449
0.4603 0.1840 0.0813 0.0540 0.0505 0.1521 0.3914 0.5799 0.4658 0.1775
0.1382 0.0252 0.0189 0.0629 0.1910 0.5431 0.7166 0.5002 0.1451 0.0307
0.0799 0.0270 0.0328 0.1141 0.2894 0.5310 0.5718 0.2562 0.0857 0.0354
0.0165 0.0401 0.1706 0.4610 0.6374 0.4533 0.1543 0.0154 0.0187 0.0623
0.0287 0.0807 0.2584 0.4485 0.5147 0.3026 0.1020 0.0170 0.0322 0.1136
0.1380 0.4321 0.6101 0.4029 0.1903 0.0618 0.0288 0.0241 0.1482 0.4632
0.4728 0.4114 0.2702 0.1050 0.0483 0.0638 0.1321 0.3030 0.4801 0.3929
0.5744 0.2909 0.1190 0.0518 0.0341 0.0962 0.3054 0.6005 0.5774 0.2681
0.1560 0.0301 0.0214 0.0621 0.1722 0.5033 0.6926 0.5073 0.1632 0.0360
0.1250 0.0242 0.0195 0.0681 0.2074 0.5527 0.7069 0.4653 0.1317 0.0299
0.0167 0.0394 0.1656 0.4545 0.6348 0.4574 0.1592 0.0160 0.0190 0.0611
0.0198 0.0509 0.1977 0.4577 0.5979 0.4000 0.1342 0.0158 0.0224 0.0766
0.1044 0.3411 0.5479 0.4148 0.2377 0.0845 0.0358 0.0221 0.1131 0.3809
0.2648 0.4617 0.4944 0.2484 0.1025 0.0552 0.0493 0.0740 0.2763 0.4683
0.6189 0.3483 0.1417 0.0517 0.0291 0.0780 0.2680 0.6027 0.6210 0.3169
0.2425 0.0595 0.0348 0.0590 0.1130 0.3524 0.5896 0.5337 0.2504 0.0655
0.1327 0.0239 0.0183 0.0636 0.1975 0.5543 0.7219 0.4955 0.1396 0.0294
0.0208 0.0372 0.1344 0.3921 0.5881 0.4683 0.1989 0.0241 0.0234 0.0565
0.0171 0.0423 0.1769 0.4612 0.6295 0.4412 0.1491 0.0154 0.0194 0.0653
0.0605 0.1939 0.4148 0.4297 0.3463 0.1526 0.0567 0.0196 0.0665 0.2381
0.1758 0.4780 0.6148 0.3662 0.1540 0.0529 0.0291 0.0310 0.1870 0.4999
0.6096 0.3779 0.1673 0.0583 0.0301 0.0705 0.2301 0.5532 0.6122 0.3456
0.4493 0.1755 0.0783 0.0542 0.0524 0.1587 0.4002 0.5780 0.4551 0.1701
0.1362 0.0246 0.0186 0.0630 0.1933 0.5478 0.7194 0.4995 0.1431 0.0302
0.0704 0.0278 0.0378 0.1308 0.3151 0.5253 0.5319 0.2107 0.0759 0.0370
0.0164 0.0400 0.1707 0.4617 0.6383 0.4538 0.1542 0.0153 0.0187 0.0622
0.0301 0.0854 0.2669 0.4474 0.5040 0.2913 0.0984 0.0171 0.0337 0.1192
0.1444 0.4492 0.6218 0.4018 0.1831 0.0584 0.0276 0.0243 0.1548 0.4785
0.4813 0.4172 0.2711 0.1034 0.0469 0.0625 0.1319 0.3091 0.4883 0.3975
0.5897 0.3080 0.1251 0.0515 0.0323 0.0902 0.2947 0.6035 0.5924 0.2825
0.1577 0.0306 0.0216 0.0620 0.1705 0.4995 0.6903 0.5080 0.1650 0.0365
0.1274 0.0240 0.0190 0.0665 0.2042 0.5539 0.7127 0.4759 0.1342 0.0297
0.0166 0.0393 0.1656 0.4551 0.6355 0.4579 0.1592 0.0159 0.0189 0.0610
0.0192 0.0490 0.1933 0.4584 0.6046 0.4084 0.1371 0.0157 0.0218 0.0741
0.1050 0.3433 0.5500 0.4150 0.2368 0.0838 0.0356 0.0221 0.1136 0.3830
0.2398 0.4768 0.5396 0.2818 0.1139 0.0527 0.0409 0.0570 0.2515 0.4870
0.6305 0.3668 0.1499 0.0521 0.0278 0.0731 0.2560 0.6007 0.6323 0.3328
0.3081 0.0884 0.0465 0.0573 0.0867 0.2725 0.5230 0.5495 0.3157 0.0928
0.1334 0.0240 0.0182 0.0633 0.1967 0.5540 0.7227 0.4976 0.1402 0.0294
0.0255 0.0354 0.1098 0.3358 0.5417 0.4781 0.2427 0.0355 0.0286 0.0526
0.0168 0.0412 0.1739 0.4617 0.6341 0.4475 0.1515 0.0153 0.0190 0.0637
0.0515 0.1618 0.3777 0.4339 0.3815 0.1792 0.0646 0.0190 0.0569 0.2046
0.1674 0.4833 0.6320 0.3833 0.1610 0.0521 0.0269 0.0276 0.1784 0.5068
0.5845 0.3952 0.1932 0.0672 0.0329 0.0667 0.1985 0.4914 0.5881 0.3648
0.5400 0.2544 0.1059 0.0524 0.0385 0.1111 0.3311 0.5949 0.5438 0.2373
0.1400 0.0256 0.0191 0.0628 0.1889 0.5390 0.7143 0.5013 0.1470 0.0312
0.1087 0.0250 0.0229 0.0803 0.2314 0.5465 0.6676 0.3943 0.1153 0.0315
0.0163 0.0396 0.1692 0.4610 0.6393 0.4562 0.1555 0.0153 0.0186 0.0616
0.0231 0.0617 0.2213 0.4540 0.5642 0.3584 0.1200 0.0162 0.0260 0.0902
0.1329 0.4238 0.6077 0.4077 0.1963 0.0636 0.0290 0.0233 0.1429 0.4562
0.3341 0.4590 0.4273 0.1915 0.0784 0.0553 0.0659 0.1213 0.3449 0.4559
0.6295 0.3583 0.1444 0.0510 0.0280 0.0753 0.2645 0.6086 0.6313 0.3250
0.2213 0.0514 0.0314 0.0597 0.1241 0.3837 0.6131 0.5281 0.2292 0.0576
0.1323 0.0238 0.0182 0.0636 0.1980 0.5554 0.7226 0.4955 0.1391 0.0293
0.0185 0.0382 0.1499 0.4248 0.6136 0.4633 0.1774 0.0194 0.0209 0.0587
0.0172 0.0426 0.1776 0.4612 0.6285 0.4397 0.1485 0.0154 0.0195 0.0656
0.0744 0.2432 0.4650 0.4245 0.3028 0.1227 0.0477 0.0205 0.0814 0.2876
0.1853 0.4948 0.6236 0.3623 0.1467 0.0501 0.0282 0.0319 0.1967 0.5143
0.6138 0.3920 0.1764 0.0596 0.0296 0.0672 0.2192 0.5441 0.6164 0.3584
0.5154 0.2308 0.0976 0.0529 0.0418 0.1227 0.3494 0.5904 0.5198 0.2174
0.1366 0.0247 0.0186 0.0630 0.1928 0.5470 0.7190 0.4999 0.1435 0.0303
0.0906 0.0261 0.0284 0.0991 0.2651 0.5376 0.6120 0.3083 0.0967 0.0337
0.0163 0.0397 0.1698 0.4619 0.6397 0.4557 0.1549 0.0153 0.0185 0.0617
0.0263 0.0725 0.2430 0.4508 0.5347 0.3245 0.1089 0.0167 0.0296 0.1036
0.1435 0.4508 0.6252 0.4047 0.1842 0.0581 0.0272 0.0239 0.1538 0.4803
0.3808 0.4511 0.3795 0.1595 0.0663 0.0565 0.0810 0.1655 0.3907 0.4422
0.6303 0.3584 0.1441 0.0509 0.0279 0.0752 0.2650 0.6098 0.6321 0.3251
0.2049 0.0456 0.0288 0.0602 0.1339 0.4102 0.6319 0.5234 0.2127 0.0518
0.1321 0.0238 0.0182 0.0636 0.1983 0.5557 0.7227 0.4951 0.1389 0.0293
0.0177 0.0385 0.1556 0.4362 0.6222 0.4616 0.1705 0.0180 0.0201 0.0595
0.0172 0.0427 0.1779 0.4612 0.6281 0.4391 0.1483 0.0154 0.0196 0.0658
0.0797 0.2615 0.4820 0.4227 0.2890 0.1139 0.0449 0.0208 0.0870 0.3055
0.1890 0.4991 0.6245 0.3595 0.1440 0.0493 0.0282 0.0326 0.2004 0.5178
0.6115 0.3969 0.1814 0.0609 0.0299 0.0661 0.2132 0.5346 0.6142 0.3633
0.5398 0.2542 0.1057 0.0524 0.0385 0.1112 0.3314 0.5950 0.5436 0.2371
0.1368 0.0248 0.0186 0.0629 0.1926 0.5465 0.7188 0.5001 0.1438 0.0303
0.0993 0.0255 0.0255 0.0892 0.2478 0.5422 0.6405 0.3503 0.1056 0.0325
0.0163 0.0396 0.1696 0.4620 0.6402 0.4563 0.1551 0.0152 0.0185 0.0616
0.0250 0.0679 0.2341 0.4521 0.5466 0.3380 0.1133 0.0165 0.0281 0.0980
0.1437 0.4525 0.6270 0.4055 0.1839 0.0578 0.0270 0.0238 0.1541 0.4820
0.3444 0.4641 0.4250 0.1867 0.0755 0.0543 0.0668 0.1269 0.3551 0.4594
0.6398 0.3725 0.1501 0.0510 0.0269 0.0716 0.2565 0.6096 0.6413 0.3372
0.2584 0.0659 0.0375 0.0586 0.1057 0.3308 0.5728 0.5379 0.2663 0.0717
0.1327 0.0238 0.0181 0.0633 0.1976 0.5558 0.7238 0.4974 0.1395 0.0292
0.0195 0.0377 0.1419 0.4084 0.6013 0.4663 0.1881 0.0216 0.0221 0.0575
0.0168 0.0412 0.1740 0.4619 0.6342 0.4473 0.1514 0.0153 0.0190 0.0637
0.0657 0.2129 0.4350 0.4278 0.3286 0.1399 0.0528 0.0200 0.0721 0.2574
0.1771 0.5033 0.6439 0.3804 0.1530 0.0487 0.0258 0.0282 0.1884 0.5243
0.5671 0.4139 0.2187 0.0753 0.0350 0.0628 0.1735 0.4418 0.5714 0.3845
0.6050 0.3252 0.1312 0.0511 0.0306 0.0847 0.2848 0.6072 0.6074 0.2969
0.1443 0.0268 0.0197 0.0626 0.1841 0.5291 0.7084 0.5031 0.1514 0.0325
0.1260 0.0240 0.0192 0.0672 0.2061 0.5541 0.7105 0.4709 0.1328 0.0297
0.0163 0.0393 0.1683 0.4607 0.6400 0.4576 0.1563 0.0154 0.0185 0.0612
0.0196 0.0502 0.1961 0.4581 0.6006 0.4032 0.1353 0.0157 0.0222 0.0756
0.1262 0.4067 0.5969 0.4103 0.2049 0.0674 0.0301 0.0229 0.1358 0.4411
0.2439 0.4941 0.5576 0.2869 0.1119 0.0498 0.0382 0.0549 0.2557 0.5032
0.6388 0.3923 0.1649 0.0540 0.0270 0.0670 0.2355 0.5860 0.6405 0.3557
0.4754 0.1960 0.0854 0.0536 0.0480 0.1436 0.3799 0.5831 0.4806 0.1877
0.1338 0.0240 0.0182 0.0631 0.1963 0.5539 0.7231 0.4988 0.1406 0.0295
0.0593 0.0290 0.0455 0.1562 0.3512 0.5176 0.4782 0.1599 0.0644 0.0392
0.0163 0.0397 0.1701 0.4625 0.6402 0.4557 0.1546 0.0152 0.0185 0.0617
0.0316 0.0907 0.2761 0.4462 0.4928 0.2797 0.0948 0.0173 0.0353 0.1254
0.1587 0.4881 0.6490 0.4012 0.1687 0.0514 0.0249 0.0245 0.1696 0.5134
0.3772 0.4626 0.3966 0.1659 0.0671 0.0544 0.0756 0.1554 0.3873 0.4538
0.6469 0.3814 0.1534 0.0507 0.0262 0.0694 0.2522 0.6116 0.6483 0.3446
0.2745 0.0728 0.0403 0.0581 0.0989 0.3105 0.5562 0.5418 0.2824 0.0782
0.1326 0.0237 0.0181 0.0632 0.1976 0.5562 0.7242 0.4978 0.1395 0.0292
0.0197 0.0376 0.1410 0.4067 0.6000 0.4667 0.1893 0.0219 0.0222 0.0574
0.0166 0.0406 0.1726 0.4622 0.6365 0.4505 0.1525 0.0152 0.0188 0.0630
0.0631 0.2035 0.4252 0.4288 0.3373 0.1460 0.0547 0.0198 0.0693 0.2479
0.1761 0.5097 0.6527 0.3861 0.1538 0.0477 0.0248 0.0272 0.1874 0.5307
0.4855 0.4389 0.2917 0.1076 0.0463 0.0582 0.1207 0.2944 0.4926 0.4178
0.6419 0.3720 0.1488 0.0504 0.0267 0.0717 0.2587 0.6138 0.6434 0.3364
0.1799 0.0373 0.0249 0.0611 0.1515 0.4550 0.6621 0.5157 0.1874 0.0434
0.1321 0.0237 0.0181 0.0635 0.1983 0.5565 0.7236 0.4960 0.1389 0.0292
0.0167 0.0390 0.1639 0.4528 0.6346 0.4593 0.1609 0.0162 0.0190 0.0605
0.0170 0.0421 0.1765 0.4615 0.6305 0.4423 0.1494 0.0153 0.0194 0.0650
0.0932 0.3066 0.5212 0.4187 0.2587 0.0958 0.0393 0.0214 0.1013 0.3487
0.1923 0.5120 0.6363 0.3628 0.1417 0.0473 0.0269 0.0319 0.2038 0.5297
0.5201 0.4316 0.2627 0.0935 0.0411 0.0594 0.1389 0.3500 0.5260 0.4069
0.6390 0.3677 0.1471 0.0505 0.0270 0.0728 0.2611 0.6136 0.6406 0.3328
0.1596 0.0311 0.0219 0.0619 0.1688 0.4957 0.6880 0.5088 0.1669 0.0370
0.1318 0.0237 0.0182 0.0636 0.1987 0.5565 0.7231 0.4950 0.1386 0.0292
0.0164 0.0392 0.1667 0.4580 0.6384 0.4586 0.1580 0.0156 0.0186 0.0609
0.0171 0.0424 0.1772 0.4614 0.6293 0.4407 0.1488 0.0153 0.0195 0.0654
0.1036 0.3399 0.5479 0.4159 0.2391 0.0848 0.0358 0.0219 0.1123 0.3800
0.1970 0.5135 0.6327 0.3569 0.1385 0.0470 0.0274 0.0332 0.2086 0.5303
0.4728 0.4447 0.3064 0.1141 0.0483 0.0572 0.1129 0.2725 0.4803 0.4249
0.6501 0.3830 0.1531 0.0503 0.0259 0.0691 0.2530 0.6153 0.6514 0.3457
0.1959 0.0425 0.0274 0.0605 0.1398 0.4256 0.6425 0.5208 0.2037 0.0487
0.1324 0.0237 0.0181 0.0633 0.1979 0.5567 0.7245 0.4976 0.1392 0.0291
0.0168 0.0389 0.1631 0.4512 0.6336 0.4597 0.1619 0.0163 0.0191 0.0604
0.0166 0.0407 0.1729 0.4621 0.6361 0.4498 0.1523 0.0152 0.0189 0.0631
0.0852 0.2803 0.4989 0.4211 0.2758 0.1058 0.0424 0.0210 0.0929 0.3237
0.1869 0.5181 0.6499 0.3748 0.1455 0.0464 0.0253 0.0294 0.1983 0.5368
0.3627 0.4738 0.4225 0.1790 0.0707 0.0525 0.0680 0.1367 0.3731 0.4666
0.6414 0.4040 0.1727 0.0552 0.0267 0.0644 0.2258 0.5773 0.6431 0.3665
0.5593 0.2739 0.1127 0.0520 0.0360 0.1028 0.3174 0.5987 0.5627 0.2538
0.1330 0.0238 0.0181 0.0631 0.1972 0.5559 0.7243 0.4985 0.1398 0.0292
0.0827 0.0267 0.0314 0.1095 0.2825 0.5336 0.5843 0.2708 0.0886 0.0348
0.0162 0.0394 0.1693 0.4628 0.6417 0.4575 0.1552 0.0152 0.0184 0.0613
0.0244 0.0660 0.2304 0.4527 0.5518 0.3439 0.1152 0.0164 0.0275 0.0957
0.1617 0.4984 0.6573 0.4028 0.1660 0.0496 0.0240 0.0243 0.1726 0.5228
0.2541 0.5038 0.5596 0.2814 0.1071 0.0482 0.0381 0.0573 0.2659 0.5111
0.3309 0.4841 0.4623 0.2047 0.0793 0.0510 0.0575 0.1078 0.3419 0.4808
0.5007 0.4427 0.2862 0.1030 0.0439 0.0574 0.1243 0.3115 0.5073 0.4198
0.6559 0.3902 0.1556 0.0501 0.0253 0.0674 0.2497 0.6172 0.6571 0.3518
0.1588 0.0309 0.0218 0.0619 0.1695 0.4974 0.6891 0.5085 0.1661 0.0368
0.1323 0.0237 0.0181 0.0633 0.1980 0.5568 0.7244 0.4974 0.1391 0.0291
0.0163 0.0392 0.1677 0.4602 0.6401 0.4583 0.1568 0.0154 0.0185 0.0610
0.0167 0.0409 0.1733 0.4621 0.6354 0.4489 0.1519 0.0152 0.0189 0.0634
0.1033 0.3389 0.5472 0.4161 0.2397 0.0851 0.0359 0.0219 0.1119 0.3790
0.2053 0.5150 0.6253 0.3463 0.1331 0.0467 0.0284 0.0357 0.2170 0.5303
0.4132 0.4614 0.3676 0.1460 0.0592 0.0544 0.0860 0.1907 0.4224 0.4482
0.6515 0.3988 0.1639 0.0522 0.0257 0.0655 0.2378 0.6004 0.6529 0.3604
0.5011 0.2178 0.0930 0.0531 0.0439 0.1299 0.3603 0.5879 0.5057 0.2063
0.1334 0.0239 0.0182 0.0631 0.1967 0.5548 0.7236 0.4986 0.1402 0.0293
0.0515 0.0300 0.0531 0.1801 0.3821 0.5110 0.4340 0.1258 0.0562 0.0412
0.0163 0.0397 0.1702 0.4625 0.6402 0.4556 0.1545 0.0152 0.0185 0.0618
0.0344 0.1007 0.2927 0.4441 0.4730 0.2598 0.0887 0.0176 0.0384 0.1371
0.1623 0.4937 0.6510 0.3987 0.1655 0.0504 0.0247 0.0249 0.1732 0.5180
0.4640 0.4404 0.3074 0.1164 0.0498 0.0580 0.1121 0.2651 0.4718 0.4218
0.6367 0.3655 0.1464 0.0506 0.0272 0.0734 0.2619 0.6124 0.6384 0.3309
0.1884 0.0400 0.0262 0.0608 0.1451 0.4391 0.6516 0.5184 0.1961 0.0462
0.1316 0.0238 0.0183 0.0639 0.1990 0.5558 0.7220 0.4934 0.1384 0.0293
0.0169 0.0390 0.1625 0.4497 0.6321 0.4595 0.1625 0.0165 0.0192 0.0604
0.0178 0.0445 0.1823 0.4604 0.6214 0.4302 0.1450 0.0154 0.0202 0.0681
0.0999 0.3279 0.5384 0.4168 0.2459 0.0886 0.0370 0.0218 0.1083 0.3687
0.2072 0.5012 0.6062 0.3353 0.1319 0.0489 0.0308 0.0385 0.2188 0.5165
0.6335 0.3930 0.1680 0.0553 0.0275 0.0669 0.2311 0.5762 0.6355 0.3571
0.4992 0.2162 0.0925 0.0532 0.0442 0.1308 0.3617 0.5875 0.5039 0.2049
0.1350 0.0243 0.0184 0.0630 0.1947 0.5508 0.7213 0.4992 0.1419 0.0298
0.0670 0.0281 0.0399 0.1378 0.3255 0.5232 0.5164 0.1948 0.0723 0.0376
0.0163 0.0399 0.1705 0.4622 0.6393 0.4547 0.1543 0.0152 0.0186 0.0620
0.0328 0.0948 0.2830 0.4453 0.4844 0.2711 0.0922 0.0174 0.0366 0.1303
0.1557 0.4800 0.6434 0.4013 0.1716 0.0528 0.0254 0.0245 0.1665 0.5061
0.4181 0.4487 0.3487 0.1393 0.0582 0.0567 0.0929 0.2048 0.4271 0.4352
0.6369 0.3662 0.1469 0.0507 0.0272 0.0732 0.2612 0.6119 0.6385 0.3316
0.2023 0.0447 0.0283 0.0603 0.1356 0.4146 0.6349 0.5227 0.2101 0.0509
0.1320 0.0238 0.0182 0.0637 0.1985 0.5559 0.7227 0.4949 0.1388 0.0293
0.0173 0.0388 0.1595 0.4440 0.6280 0.4604 0.1659 0.0171 0.0196 0.0600
0.0175 0.0435 0.1798 0.4608 0.6252 0.4353 0.1469 0.0154 0.0198 0.0668
0.0921 0.3028 0.5180 0.4190 0.2610 0.0971 0.0397 0.0214 0.1001 0.3451
0.1952 0.5041 0.6234 0.3536 0.1397 0.0485 0.0284 0.0339 0.2068 0.5215
0.6175 0.4000 0.1810 0.0600 0.0292 0.0654 0.2140 0.5412 0.6200 0.3655
0.5559 0.2704 0.1115 0.0521 0.0364 0.1042 0.3197 0.5980 0.5594 0.2508
0.1369 0.0248 0.0187 0.0629 0.1924 0.5463 0.7186 0.5001 0.1439 0.0304
0.1018 0.0254 0.0247 0.0866 0.2432 0.5435 0.6482 0.3623 0.1082 0.0322
0.0163 0.0396 0.1696 0.4621 0.6404 0.4564 0.1550 0.0152 0.0185 0.0616
0.0258 0.0708 0.2399 0.4512 0.5389 0.3292 0.1104 0.0166 0.0290 0.1016
0.1502 0.4696 0.6386 0.4046 0.1771 0.0546 0.0258 0.0239 0.1607 0.4972
0.3257 0.4747 0.4548 0.2043 0.0809 0.0526 0.0591 0.1080 0.3367 0.4723
0.6476 0.3843 0.1551 0.0510 0.0261 0.0688 0.2498 0.6097 0.6490 0.3472
0.3229 0.0958 0.0494 0.0569 0.0820 0.2574 0.5090 0.5528 0.3304 0.0996
0.1329 0.0238 0.0181 0.0632 0.1973 0.5557 0.7240 0.4980 0.1397 0.0292
0.0227 0.0364 0.1231 0.3675 0.5687 0.4730 0.2172 0.0285 0.0255 0.0547
0.0166 0.0406 0.1724 0.4622 0.6367 0.4508 0.1527 0.0152 0.0188 0.0629
0.0569 0.1814 0.4009 0.4314 0.3595 0.1621 0.0595 0.0194 0.0627 0.2251
0.1723 0.5049 0.6516 0.3891 0.1568 0.0485 0.0248 0.0266 0.1835 0.5268
0.5089 0.4309 0.2687 0.0971 0.0427 0.0596 0.1347 0.3345 0.5152 0.4074
0.6320 0.3589 0.1437 0.0506 0.0277 0.0751 0.2657 0.6121 0.6338 0.3253
0.1629 0.0321 0.0224 0.0618 0.1657 0.4886 0.6836 0.5100 0.1703 0.0381
0.1310 0.0237 0.0183 0.0641 0.1996 0.5560 0.7214 0.4918 0.1378 0.0293
0.0165 0.0392 0.1663 0.4572 0.6377 0.4585 0.1583 0.0157 0.0187 0.0609
0.0179 0.0447 0.1830 0.4603 0.6204 0.4288 0.1445 0.0155 0.0203 0.0685
0.1102 0.3601 0.5633 0.4142 0.2281 0.0790 0.0339 0.0222 0.1191 0.3986
0.2072 0.5068 0.6131 0.3387 0.1319 0.0480 0.0299 0.0377 0.2189 0.5219
0.6064 0.4078 0.1929 0.0639 0.0304 0.0638 0.2002 0.5136 0.6093 0.3742
0.5940 0.3122 0.1264 0.0513 0.0318 0.0888 0.2926 0.6052 0.5966 0.2859
0.1377 0.0250 0.0188 0.0629 0.1916 0.5446 0.7176 0.5004 0.1446 0.0306
0.1190 0.0243 0.0206 0.0720 0.2157 0.5514 0.6945 0.4410 0.1257 0.0304
0.0162 0.0394 0.1691 0.4621 0.6410 0.4574 0.1555 0.0152 0.0184 0.0613
0.0213 0.0557 0.2085 0.4560 0.5823 0.3804 0.1274 0.0160 0.0240 0.0827
0.1432 0.4530 0.6284 0.4068 0.1845 0.0577 0.0268 0.0236 0.1535 0.4826
0.2548 0.4972 0.5505 0.2771 0.1068 0.0492 0.0395 0.0592 0.2666 0.5046
0.6352 0.4009 0.1732 0.0561 0.0274 0.0651 0.2246 0.5703 0.6372 0.3643
0.5500 0.2644 0.1093 0.0522 0.0371 0.1067 0.3241 0.5970 0.5536 0.2457
0.1341 0.0241 0.0183 0.0631 0.1958 0.5530 0.7226 0.4990 0.1410 0.0295
0.0876 0.0263 0.0294 0.1028 0.2714 0.5363 0.6022 0.2944 0.0937 0.0340
0.0162 0.0395 0.1696 0.4626 0.6410 0.4568 0.1550 0.0152 0.0184 0.0615
0.0268 0.0742 0.2464 0.4503 0.5304 0.3197 0.1074 0.0167 0.0301 0.1057
0.1573 0.4874 0.6501 0.4034 0.1701 0.0515 0.0247 0.0242 0.1681 0.5130
0.2870 0.4908 0.5108 0.2429 0.0938 0.0501 0.0468 0.0776 0.2986 0.4934
0.6377 0.4026 0.1733 0.0558 0.0271 0.0647 0.2247 0.5727 0.6396 0.3656
0.5577 0.2723 0.1121 0.0520 0.0362 0.1034 0.3185 0.5984 0.5611 0.2524
0.1337 0.0240 0.0182 0.0631 0.1963 0.5541 0.7232 0.4988 0.1406 0.0294
0.0860 0.0264 0.0300 0.1049 0.2749 0.5355 0.5965 0.2867 0.0920 0.0343
0.0162 0.0395 0.1695 0.4626 0.6413 0.4570 0.1551 0.0152 0.0184 0.0614
