0.00000000
0.00000000
0.00000000
0.00000000
0.00000000
0.00000000
0.00000000
0.00000000
0.00000000
0.00000000
0.00000000
0.30780420
0.30780420
0.30780420
0.30780420
0.30780420
0.30780420
0.30780420
0.30780420
0.30780420
0.30780420
0.30546227
0.30546227
0.30546227
0.30546227
0.30546227
0.30546227
0.30546227
0.30546227
0.30546227
0.30546227
0.30546227
0.30546227
0.30536545
0.30536545
0.30536545
0.30536545
0.30536545
0.30536545
0.30536545
0.30536545
0.30536545
0.30536545
0.30536545
0.30536545
0.30536545
0.30536545
0.30536545
0.30536545
0.30536545
0.30536545
0.30536545
0.30536545
0.30536545
0.30536545
0.30536545
0.30536545
0.30536545
0.30536545
0.30536545
0.30536545
0.30536545
