0.00000000
0.00000000
0.00000000
0.00000000
0.00000000
0.00000000
0.00000000
0.00000000
0.00000000
0.00000000
0.00000000
0.34241626
0.34241626
0.34241626
0.34241626
0.34241626
0.34241626
0.34241626
0.34241626
0.34241626
0.34241626
0.34018471
0.34018471
0.34018471
0.34018471
0.34018471
0.34018471
0.34018471
0.34018471
0.34018471
0.34018471
0.34018471
0.34018471
0.33931673
0.33931673
0.33931673
0.33931673
0.33931673
0.33931673
0.33931673
0.33931673
0.33931673
0.33931673
0.33931673
0.33858979
0.33858979
0.33858979
0.33858979
0.33858979
0.33858979
0.33858979
0.33858979
0.33858979
0.33858979
0.33858979
0.33858979
0.33858979
0.33858979
0.33858979
0.33858979
0.33858979
0.33858979
