0.00000000
0.00000000
0.00000000
0.00000000
0.00000000
0.00000000
0.00000000
0.00000000
0.00000000
0.00000000
0.00000000
0.34632190
0.34632190
0.34632190
0.34632190
0.34632190
0.34632190
0.34632190
0.34632190
0.34632190
0.34632190
0.34293075
0.34293075
0.34293075
0.34293075
0.34293075
0.34293075
0.34293075
0.34293075
0.34293075
0.34293075
0.34293075
0.34293075
0.33993482
0.33993482
0.33993482
0.33993482
0.33993482
0.33993482
0.33993482
0.33993482
0.33993482
0.33993482
0.33993482
0.33993482
0.33993482
0.33993482
0.33993482
0.33993482
0.33993482
0.33993482
0.33993482
0.33993482
0.33993482
0.33993482
0.33993482
0.33993482
0.33993482
0.33993482
0.33993482
0.33993482
0.33993482
