0.00000000 0.00000000 0.00000000 0.00000000 0.00000000 0.00000000 0.00000000 0.00000000 0.00000000 0.00000000
0.00000000 0.00000000 0.00000000 0.00000000 0.00000000 0.00000000 0.00000000 0.00000000 0.00000000 0.00000000
0.00000000 0.00000000 0.00000000 0.00000000 0.00000000 0.00000000 0.00000000 0.00000000 0.00000000 0.00000000
0.00000000 0.00000000 0.00000000 0.00000000 0.00000000 0.00000000 0.00000000 0.00000000 0.00000000 0.00000000
0.00000000 0.00000000 0.00000000 0.00000000 0.00000000 0.00000000 0.00000000 0.00000000 0.00000000 0.00000000
0.00000000 0.00000000 0.00000000 0.00000000 0.00000000 0.00000000 0.00000000 0.00000000 0.00000000 0.00000000
0.00000000 0.00000000 0.00000000 0.00000000 0.00000000 0.00000000 0.00000000 0.00000000 0.00000000 0.00000000
0.00000000 0.00000000 0.00000000 0.00000000 0.00000000 0.00000000 0.00000000 0.00000000 0.00000000 0.00000000
0.00000000 0.00000000 0.00000000 0.00000000 0.00000000 0.00000000 0.00000000 0.00000000 0.00000000 0.00000000
0.00000000 0.00000000 0.00000000 0.00000000 0.00000000 0.00000000 0.00000000 0.00000000 0.00000000 0.00000000
0.00000000 0.00000000 0.00000000 0.00000000 0.00000000 0.00000000 0.00000000 0.00000000 0.00000000 0.00000000
0.29984142 0.31973202 0.30355979 0.41805330 0.29285595 0.27666285 0.41216244 0.29431461 0.33562859 0.43386756
0.29984142 0.31973202 0.30355979 0.41805330 0.29285595 0.27666285 0.41216244 0.29431461 0.33562859 0.43386756
0.29984142 0.31973202 0.30355979 0.41805330 0.29285595 0.27666285 0.41216244 0.29431461 0.33562859 0.43386756
0.29984142 0.31973202 0.30355979 0.41805330 0.29285595 0.27666285 0.41216244 0.29431461 0.33562859 0.43386756
0.29984142 0.31973202 0.30355979 0.41805330 0.29285595 0.27666285 0.41216244 0.29431461 0.33562859 0.43386756
0.29984142 0.31973202 0.30355979 0.41805330 0.29285595 0.27666285 0.41216244 0.29431461 0.33562859 0.43386756
0.29984142 0.31973202 0.30355979 0.41805330 0.29285595 0.27666285 0.41216244 0.29431461 0.33562859 0.43386756
0.29984142 0.31973202 0.30355979 0.41805330 0.29285595 0.27666285 0.41216244 0.29431461 0.33562859 0.43386756
0.29984142 0.31973202 0.30355979 0.41805330 0.29285595 0.27666285 0.41216244 0.29431461 0.33562859 0.43386756
0.29984142 0.31973202 0.30355979 0.41805330 0.29285595 0.27666285 0.41216244 0.29431461 0.33562859 0.43386756
0.29598143 0.31638153 0.29950532 0.42817207 0.29656855 0.27098067 0.41627395 0.29428964 0.32744651 0.43376653
0.29598143 0.31638153 0.29950532 0.42817207 0.29656855 0.27098067 0.41627395 0.29428964 0.32744651 0.43376653
0.29598143 0.31638153 0.29950532 0.42817207 0.29656855 0.27098067 0.41627395 0.29428964 0.32744651 0.43376653
0.29598143 0.31638153 0.29950532 0.42817207 0.29656855 0.27098067 0.41627395 0.29428964 0.32744651 0.43376653
0.29598143 0.31638153 0.29950532 0.42817207 0.29656855 0.27098067 0.41627395 0.29428964 0.32744651 0.43376653
0.29598143 0.31638153 0.29950532 0.42817207 0.29656855 0.27098067 0.41627395 0.29428964 0.32744651 0.43376653
0.29598143 0.31638153 0.29950532 0.42817207 0.29656855 0.27098067 0.41627395 0.29428964 0.32744651 0.43376653
0.29598143 0.31638153 0.29950532 0.42817207 0.29656855 0.27098067 0.41627395 0.29428964 0.32744651 0.43376653
0.29598143 0.31638153 0.29950532 0.42817207 0.29656855 0.27098067 0.41627395 0.29428964 0.32744651 0.43376653
0.29598143 0.31638153 0.29950532 0.42817207 0.29656855 0.27098067 0.41627395 0.29428964 0.32744651 0.43376653
0.29598143 0.31638153 0.29950532 0.42817207 0.29656855 0.27098067 0.41627395 0.29428964 0.32744651 0.43376653
0.29298778 0.31879452 0.30342316 0.42123836 0.29413386 0.27564518 0.41681813 0.29548605 0.31875570 0.43691437
0.29038996 0.31372648 0.29513288 0.41760025 0.28664284 0.27361418 0.42209618 0.28740403 0.32452845 0.44045803
0.29038996 0.31372648 0.29513288 0.41760025 0.28664284 0.27361418 0.42209618 0.28740403 0.32452845 0.44045803
0.29038996 0.31372648 0.29513288 0.41760025 0.28664284 0.27361418 0.42209618 0.28740403 0.32452845 0.44045803
0.29038996 0.31372648 0.29513288 0.41760025 0.28664284 0.27361418 0.42209618 0.28740403 0.32452845 0.44045803
0.29038996 0.31372648 0.29513288 0.41760025 0.28664284 0.27361418 0.42209618 0.28740403 0.32452845 0.44045803
0.29038996 0.31372648 0.29513288 0.41760025 0.28664284 0.27361418 0.42209618 0.28740403 0.32452845 0.44045803
0.29038996 0.31372648 0.29513288 0.41760025 0.28664284 0.27361418 0.42209618 0.28740403 0.32452845 0.44045803
0.29038996 0.31372648 0.29513288 0.41760025 0.28664284 0.27361418 0.42209618 0.28740403 0.32452845 0.44045803
0.29038996 0.31372648 0.29513288 0.41760025 0.28664284 0.27361418 0.42209618 0.28740403 0.32452845 0.44045803
0.29038996 0.31372648 0.29513288 0.41760025 0.28664284 0.27361418 0.42209618 0.28740403 0.32452845 0.44045803
0.29038996 0.31372648 0.29513288 0.41760025 0.28664284 0.27361418 0.42209618 0.28740403 0.32452845 0.44045803
0.30103294 0.31274184 0.29627920 0.41755303 0.28349182 0.26454124 0.42407541 0.29248246 0.31947606 0.43979524
0.30103294 0.31274184 0.29627920 0.41755303 0.28349182 0.26454124 0.42407541 0.29248246 0.31947606 0.43979524
0.30103294 0.31274184 0.29627920 0.41755303 0.28349182 0.26454124 0.42407541 0.29248246 0.31947606 0.43979524
0.30103294 0.31274184 0.29627920 0.41755303 0.28349182 0.26454124 0.42407541 0.29248246 0.31947606 0.43979524
0.30103294 0.31274184 0.29627920 0.41755303 0.28349182 0.26454124 0.42407541 0.29248246 0.31947606 0.43979524
0.30103294 0.31274184 0.29627920 0.41755303 0.28349182 0.26454124 0.42407541 0.29248246 0.31947606 0.43979524
0.30103294 0.31274184 0.29627920 0.41755303 0.28349182 0.26454124 0.42407541 0.29248246 0.31947606 0.43979524
0.30103294 0.31274184 0.29627920 0.41755303 0.28349182 0.26454124 0.42407541 0.29248246 0.31947606 0.43979524
0.30103294 0.31274184 0.29627920 0.41755303 0.28349182 0.26454124 0.42407541 0.29248246 0.31947606 0.43979524
0.30103294 0.31274184 0.29627920 0.41755303 0.28349182 0.26454124 0.42407541 0.29248246 0.31947606 0.43979524
0.30103294 0.31274184 0.29627920 0.41755303 0.28349182 0.26454124 0.42407541 0.29248246 0.31947606 0.43979524
0.30103294 0.31274184 0.29627920 0.41755303 0.28349182 0.26454124 0.42407541 0.29248246 0.31947606 0.43979524
0.30103294 0.31274184 0.29627920 0.41755303 0.28349182 0.26454124 0.42407541 0.29248246 0.31947606 0.43979524
0.30103294 0.31274184 0.29627920 0.41755303 0.28349182 0.26454124 0.42407541 0.29248246 0.31947606 0.43979524
0.30103294 0.31274184 0.29627920 0.41755303 0.28349182 0.26454124 0.42407541 0.29248246 0.31947606 0.43979524
0.30103294 0.31274184 0.29627920 0.41755303 0.28349182 0.26454124 0.42407541 0.29248246 0.31947606 0.43979524
0.30103294 0.31274184 0.29627920 0.41755303 0.28349182 0.26454124 0.42407541 0.29248246 0.31947606 0.43979524
0.30103294 0.31274184 0.29627920 0.41755303 0.28349182 0.26454124 0.42407541 0.29248246 0.31947606 0.43979524
