0.00000000 0.00000000 0.00000000 0.00000000 0.00000000 0.00000000 0.00000000 0.00000000 0.00000000 0.00000000
0.00000000 0.00000000 0.00000000 0.00000000 0.00000000 0.00000000 0.00000000 0.00000000 0.00000000 0.00000000
0.00000000 0.00000000 0.00000000 0.00000000 0.00000000 0.00000000 0.00000000 0.00000000 0.00000000 0.00000000
0.00000000 0.00000000 0.00000000 0.00000000 0.00000000 0.00000000 0.00000000 0.00000000 0.00000000 0.00000000
0.00000000 0.00000000 0.00000000 0.00000000 0.00000000 0.00000000 0.00000000 0.00000000 0.00000000 0.00000000
0.00000000 0.00000000 0.00000000 0.00000000 0.00000000 0.00000000 0.00000000 0.00000000 0.00000000 0.00000000
0.00000000 0.00000000 0.00000000 0.00000000 0.00000000 0.00000000 0.00000000 0.00000000 0.00000000 0.00000000
0.00000000 0.00000000 0.00000000 0.00000000 0.00000000 0.00000000 0.00000000 0.00000000 0.00000000 0.00000000
0.00000000 0.00000000 0.00000000 0.00000000 0.00000000 0.00000000 0.00000000 0.00000000 0.00000000 0.00000000
0.00000000 0.00000000 0.00000000 0.00000000 0.00000000 0.00000000 0.00000000 0.00000000 0.00000000 0.00000000
0.00000000 0.00000000 0.00000000 0.00000000 0.00000000 0.00000000 0.00000000 0.00000000 0.00000000 0.00000000
0.26243588 0.37962339 0.42287731 0.25210940 0.34917787 0.26182863 0.33154803 0.32532705 0.39253962 0.42858970
0.26243588 0.37962339 0.42287731 0.25210940 0.34917787 0.26182863 0.33154803 0.32532705 0.39253962 0.42858970
0.26243588 0.37962339 0.42287731 0.25210940 0.34917787 0.26182863 0.33154803 0.32532705 0.39253962 0.42858970
0.26243588 0.37962339 0.42287731 0.25210940 0.34917787 0.26182863 0.33154803 0.32532705 0.39253962 0.42858970
0.26243588 0.37962339 0.42287731 0.25210940 0.34917787 0.26182863 0.33154803 0.32532705 0.39253962 0.42858970
0.26243588 0.37962339 0.42287731 0.25210940 0.34917787 0.26182863 0.33154803 0.32532705 0.39253962 0.42858970
0.26243588 0.37962339 0.42287731 0.25210940 0.34917787 0.26182863 0.33154803 0.32532705 0.39253962 0.42858970
0.26243588 0.37962339 0.42287731 0.25210940 0.34917787 0.26182863 0.33154803 0.32532705 0.39253962 0.42858970
0.26243588 0.37962339 0.42287731 0.25210940 0.34917787 0.26182863 0.33154803 0.32532705 0.39253962 0.42858970
0.26243588 0.37962339 0.42287731 0.25210940 0.34917787 0.26182863 0.33154803 0.32532705 0.39253962 0.42858970
0.26236827 0.37723848 0.41506615 0.25260816 0.34861188 0.25012616 0.33896245 0.32266681 0.38140907 0.42450276
0.26236827 0.37723848 0.41506615 0.25260816 0.34861188 0.25012616 0.33896245 0.32266681 0.38140907 0.42450276
0.26236827 0.37723848 0.41506615 0.25260816 0.34861188 0.25012616 0.33896245 0.32266681 0.38140907 0.42450276
0.26236827 0.37723848 0.41506615 0.25260816 0.34861188 0.25012616 0.33896245 0.32266681 0.38140907 0.42450276
0.26236827 0.37723848 0.41506615 0.25260816 0.34861188 0.25012616 0.33896245 0.32266681 0.38140907 0.42450276
0.26236827 0.37723848 0.41506615 0.25260816 0.34861188 0.25012616 0.33896245 0.32266681 0.38140907 0.42450276
0.26236827 0.37723848 0.41506615 0.25260816 0.34861188 0.25012616 0.33896245 0.32266681 0.38140907 0.42450276
0.26236827 0.37723848 0.41506615 0.25260816 0.34861188 0.25012616 0.33896245 0.32266681 0.38140907 0.42450276
0.26236827 0.37723848 0.41506615 0.25260816 0.34861188 0.25012616 0.33896245 0.32266681 0.38140907 0.42450276
0.26236827 0.37723848 0.41506615 0.25260816 0.34861188 0.25012616 0.33896245 0.32266681 0.38140907 0.42450276
0.26236827 0.37723848 0.41506615 0.25260816 0.34861188 0.25012616 0.33896245 0.32266681 0.38140907 0.42450276
0.26236827 0.37723848 0.41506615 0.25260816 0.34861188 0.25012616 0.33896245 0.32266681 0.38140907 0.42450276
0.26375325 0.37032481 0.40450309 0.24998920 0.33560423 0.24928780 0.34872052 0.31845603 0.38451065 0.42082056
0.26375325 0.37032481 0.40450309 0.24998920 0.33560423 0.24928780 0.34872052 0.31845603 0.38451065 0.42082056
0.26375325 0.37032481 0.40450309 0.24998920 0.33560423 0.24928780 0.34872052 0.31845603 0.38451065 0.42082056
0.26375325 0.37032481 0.40450309 0.24998920 0.33560423 0.24928780 0.34872052 0.31845603 0.38451065 0.42082056
0.26375325 0.37032481 0.40450309 0.24998920 0.33560423 0.24928780 0.34872052 0.31845603 0.38451065 0.42082056
0.26375325 0.37032481 0.40450309 0.24998920 0.33560423 0.24928780 0.34872052 0.31845603 0.38451065 0.42082056
0.26375325 0.37032481 0.40450309 0.24998920 0.33560423 0.24928780 0.34872052 0.31845603 0.38451065 0.42082056
0.26375325 0.37032481 0.40450309 0.24998920 0.33560423 0.24928780 0.34872052 0.31845603 0.38451065 0.42082056
0.26375325 0.37032481 0.40450309 0.24998920 0.33560423 0.24928780 0.34872052 0.31845603 0.38451065 0.42082056
0.26375325 0.37032481 0.40450309 0.24998920 0.33560423 0.24928780 0.34872052 0.31845603 0.38451065 0.42082056
0.26375325 0.37032481 0.40450309 0.24998920 0.33560423 0.24928780 0.34872052 0.31845603 0.38451065 0.42082056
0.26375325 0.37032481 0.40450309 0.24998920 0.33560423 0.24928780 0.34872052 0.31845603 0.38451065 0.42082056
0.26375325 0.37032481 0.40450309 0.24998920 0.33560423 0.24928780 0.34872052 0.31845603 0.38451065 0.42082056
0.26375325 0.37032481 0.40450309 0.24998920 0.33560423 0.24928780 0.34872052 0.31845603 0.38451065 0.42082056
0.26375325 0.37032481 0.40450309 0.24998920 0.33560423 0.24928780 0.34872052 0.31845603 0.38451065 0.42082056
0.26375325 0.37032481 0.40450309 0.24998920 0.33560423 0.24928780 0.34872052 0.31845603 0.38451065 0.42082056
0.26375325 0.37032481 0.40450309 0.24998920 0.33560423 0.24928780 0.34872052 0.31845603 0.38451065 0.42082056
0.26375325 0.37032481 0.40450309 0.24998920 0.33560423 0.24928780 0.34872052 0.31845603 0.38451065 0.42082056
0.26375325 0.37032481 0.40450309 0.24998920 0.33560423 0.24928780 0.34872052 0.31845603 0.38451065 0.42082056
0.26375325 0.37032481 0.40450309 0.24998920 0.33560423 0.24928780 0.34872052 0.31845603 0.38451065 0.42082056
0.26375325 0.37032481 0.40450309 0.24998920 0.33560423 0.24928780 0.34872052 0.31845603 0.38451065 0.42082056
0.26375325 0.37032481 0.40450309 0.24998920 0.33560423 0.24928780 0.34872052 0.31845603 0.38451065 0.42082056
0.26375325 0.37032481 0.40450309 0.24998920 0.33560423 0.24928780 0.34872052 0.31845603 0.38451065 0.42082056
0.26375325 0.37032481 0.40450309 0.24998920 0.33560423 0.24928780 0.34872052 0.31845603 0.38451065 0.42082056
0.26375325 0.37032481 0.40450309 0.24998920 0.33560423 0.24928780 0.34872052 0.31845603 0.38451065 0.42082056
0.26375325 0.37032481 0.40450309 0.24998920 0.33560423 0.24928780 0.34872052 0.31845603 0.38451065 0.42082056
0.26375325 0.37032481 0.40450309 0.24998920 0.33560423 0.24928780 0.34872052 0.31845603 0.38451065 0.42082056
0.26375325 0.37032481 0.40450309 0.24998920 0.33560423 0.24928780 0.34872052 0.31845603 0.38451065 0.42082056
0.26375325 0.37032481 0.40450309 0.24998920 0.33560423 0.24928780 0.34872052 0.31845603 0.38451065 0.42082056
