0.00000000 0.00000000 0.00000000 0.00000000 0.00000000 0.00000000 0.00000000 0.00000000 0.00000000 0.00000000
0.00000000 0.00000000 0.00000000 0.00000000 0.00000000 0.00000000 0.00000000 0.00000000 0.00000000 0.00000000
0.00000000 0.00000000 0.00000000 0.00000000 0.00000000 0.00000000 0.00000000 0.00000000 0.00000000 0.00000000
0.00000000 0.00000000 0.00000000 0.00000000 0.00000000 0.00000000 0.00000000 0.00000000 0.00000000 0.00000000
0.00000000 0.00000000 0.00000000 0.00000000 0.00000000 0.00000000 0.00000000 0.00000000 0.00000000 0.00000000
0.00000000 0.00000000 0.00000000 0.00000000 0.00000000 0.00000000 0.00000000 0.00000000 0.00000000 0.00000000
0.00000000 0.00000000 0.00000000 0.00000000 0.00000000 0.00000000 0.00000000 0.00000000 0.00000000 0.00000000
0.00000000 0.00000000 0.00000000 0.00000000 0.00000000 0.00000000 0.00000000 0.00000000 0.00000000 0.00000000
0.00000000 0.00000000 0.00000000 0.00000000 0.00000000 0.00000000 0.00000000 0.00000000 0.00000000 0.00000000
0.00000000 0.00000000 0.00000000 0.00000000 0.00000000 0.00000000 0.00000000 0.00000000 0.00000000 0.00000000
0.00000000 0.00000000 0.00000000 0.00000000 0.00000000 0.00000000 0.00000000 0.00000000 0.00000000 0.00000000
0.41306018 0.33362357 0.33193052 0.35653582 0.31374217 0.38954806 0.36299733 0.30494850 0.31467232 0.39874562
0.41306018 0.33362357 0.33193052 0.35653582 0.31374217 0.38954806 0.36299733 0.30494850 0.31467232 0.39874562
0.41306018 0.33362357 0.33193052 0.35653582 0.31374217 0.38954806 0.36299733 0.30494850 0.31467232 0.39874562
0.41306018 0.33362357 0.33193052 0.35653582 0.31374217 0.38954806 0.36299733 0.30494850 0.31467232 0.39874562
0.41306018 0.33362357 0.33193052 0.35653582 0.31374217 0.38954806 0.36299733 0.30494850 0.31467232 0.39874562
0.41306018 0.33362357 0.33193052 0.35653582 0.31374217 0.38954806 0.36299733 0.30494850 0.31467232 0.39874562
0.41306018 0.33362357 0.33193052 0.35653582 0.31374217 0.38954806 0.36299733 0.30494850 0.31467232 0.39874562
0.41306018 0.33362357 0.33193052 0.35653582 0.31374217 0.38954806 0.36299733 0.30494850 0.31467232 0.39874562
0.41306018 0.33362357 0.33193052 0.35653582 0.31374217 0.38954806 0.36299733 0.30494850 0.31467232 0.39874562
0.41306018 0.33362357 0.33193052 0.35653582 0.31374217 0.38954806 0.36299733 0.30494850 0.31467232 0.39874562
0.40697589 0.32944772 0.32611421 0.36141047 0.31550627 0.37701193 0.36534190 0.30761991 0.30271569 0.39431077
0.40697589 0.32944772 0.32611421 0.36141047 0.31550627 0.37701193 0.36534190 0.30761991 0.30271569 0.39431077
0.40697589 0.32944772 0.32611421 0.36141047 0.31550627 0.37701193 0.36534190 0.30761991 0.30271569 0.39431077
0.40697589 0.32944772 0.32611421 0.36141047 0.31550627 0.37701193 0.36534190 0.30761991 0.30271569 0.39431077
0.40697589 0.32944772 0.32611421 0.36141047 0.31550627 0.37701193 0.36534190 0.30761991 0.30271569 0.39431077
0.40697589 0.32944772 0.32611421 0.36141047 0.31550627 0.37701193 0.36534190 0.30761991 0.30271569 0.39431077
0.40697589 0.32944772 0.32611421 0.36141047 0.31550627 0.37701193 0.36534190 0.30761991 0.30271569 0.39431077
0.40697589 0.32944772 0.32611421 0.36141047 0.31550627 0.37701193 0.36534190 0.30761991 0.30271569 0.39431077
0.40697589 0.32944772 0.32611421 0.36141047 0.31550627 0.37701193 0.36534190 0.30761991 0.30271569 0.39431077
0.40697589 0.32944772 0.32611421 0.36141047 0.31550627 0.37701193 0.36534190 0.30761991 0.30271569 0.39431077
0.40697589 0.32944772 0.32611421 0.36141047 0.31550627 0.37701193 0.36534190 0.30761991 0.30271569 0.39431077
0.40697589 0.32944772 0.32611421 0.36141047 0.31550627 0.37701193 0.36534190 0.30761991 0.30271569 0.39431077
0.41214874 0.32773744 0.32086795 0.35977344 0.30733968 0.37309305 0.36896322 0.30301404 0.31490600 0.39652650
0.41214874 0.32773744 0.32086795 0.35977344 0.30733968 0.37309305 0.36896322 0.30301404 0.31490600 0.39652650
0.41214874 0.32773744 0.32086795 0.35977344 0.30733968 0.37309305 0.36896322 0.30301404 0.31490600 0.39652650
0.41214874 0.32773744 0.32086795 0.35977344 0.30733968 0.37309305 0.36896322 0.30301404 0.31490600 0.39652650
0.41214874 0.32773744 0.32086795 0.35977344 0.30733968 0.37309305 0.36896322 0.30301404 0.31490600 0.39652650
0.41214874 0.32773744 0.32086795 0.35977344 0.30733968 0.37309305 0.36896322 0.30301404 0.31490600 0.39652650
0.41214874 0.32773744 0.32086795 0.35977344 0.30733968 0.37309305 0.36896322 0.30301404 0.31490600 0.39652650
0.41214874 0.32773744 0.32086795 0.35977344 0.30733968 0.37309305 0.36896322 0.30301404 0.31490600 0.39652650
0.41214874 0.32773744 0.32086795 0.35977344 0.30733968 0.37309305 0.36896322 0.30301404 0.31490600 0.39652650
0.41214874 0.32773744 0.32086795 0.35977344 0.30733968 0.37309305 0.36896322 0.30301404 0.31490600 0.39652650
0.41214874 0.32773744 0.32086795 0.35977344 0.30733968 0.37309305 0.36896322 0.30301404 0.31490600 0.39652650
0.41949539 0.32445096 0.31899296 0.35618090 0.30493201 0.36016032 0.37244972 0.30344181 0.30733123 0.39919585
0.41949539 0.32445096 0.31899296 0.35618090 0.30493201 0.36016032 0.37244972 0.30344181 0.30733123 0.39919585
0.41949539 0.32445096 0.31899296 0.35618090 0.30493201 0.36016032 0.37244972 0.30344181 0.30733123 0.39919585
0.41949539 0.32445096 0.31899296 0.35618090 0.30493201 0.36016032 0.37244972 0.30344181 0.30733123 0.39919585
0.41949539 0.32445096 0.31899296 0.35618090 0.30493201 0.36016032 0.37244972 0.30344181 0.30733123 0.39919585
0.41949539 0.32445096 0.31899296 0.35618090 0.30493201 0.36016032 0.37244972 0.30344181 0.30733123 0.39919585
0.41949539 0.32445096 0.31899296 0.35618090 0.30493201 0.36016032 0.37244972 0.30344181 0.30733123 0.39919585
0.41949539 0.32445096 0.31899296 0.35618090 0.30493201 0.36016032 0.37244972 0.30344181 0.30733123 0.39919585
0.41949539 0.32445096 0.31899296 0.35618090 0.30493201 0.36016032 0.37244972 0.30344181 0.30733123 0.39919585
0.41949539 0.32445096 0.31899296 0.35618090 0.30493201 0.36016032 0.37244972 0.30344181 0.30733123 0.39919585
0.41949539 0.32445096 0.31899296 0.35618090 0.30493201 0.36016032 0.37244972 0.30344181 0.30733123 0.39919585
0.41949539 0.32445096 0.31899296 0.35618090 0.30493201 0.36016032 0.37244972 0.30344181 0.30733123 0.39919585
0.41949539 0.32445096 0.31899296 0.35618090 0.30493201 0.36016032 0.37244972 0.30344181 0.30733123 0.39919585
0.41949539 0.32445096 0.31899296 0.35618090 0.30493201 0.36016032 0.37244972 0.30344181 0.30733123 0.39919585
0.41949539 0.32445096 0.31899296 0.35618090 0.30493201 0.36016032 0.37244972 0.30344181 0.30733123 0.39919585
0.41949539 0.32445096 0.31899296 0.35618090 0.30493201 0.36016032 0.37244972 0.30344181 0.30733123 0.39919585
0.41949539 0.32445096 0.31899296 0.35618090 0.30493201 0.36016032 0.37244972 0.30344181 0.30733123 0.39919585
0.41949539 0.32445096 0.31899296 0.35618090 0.30493201 0.36016032 0.37244972 0.30344181 0.30733123 0.39919585
