0.00000000 0.00000000 0.00000000 0.00000000 0.00000000 0.00000000 0.00000000 0.00000000 0.00000000 0.00000000
0.00000000 0.00000000 0.00000000 0.00000000 0.00000000 0.00000000 0.00000000 0.00000000 0.00000000 0.00000000
0.00000000 0.00000000 0.00000000 0.00000000 0.00000000 0.00000000 0.00000000 0.00000000 0.00000000 0.00000000
0.00000000 0.00000000 0.00000000 0.00000000 0.00000000 0.00000000 0.00000000 0.00000000 0.00000000 0.00000000
0.00000000 0.00000000 0.00000000 0.00000000 0.00000000 0.00000000 0.00000000 0.00000000 0.00000000 0.00000000
0.00000000 0.00000000 0.00000000 0.00000000 0.00000000 0.00000000 0.00000000 0.00000000 0.00000000 0.00000000
0.00000000 0.00000000 0.00000000 0.00000000 0.00000000 0.00000000 0.00000000 0.00000000 0.00000000 0.00000000
0.00000000 0.00000000 0.00000000 0.00000000 0.00000000 0.00000000 0.00000000 0.00000000 0.00000000 0.00000000
0.00000000 0.00000000 0.00000000 0.00000000 0.00000000 0.00000000 0.00000000 0.00000000 0.00000000 0.00000000
0.00000000 0.00000000 0.00000000 0.00000000 0.00000000 0.00000000 0.00000000 0.00000000 0.00000000 0.00000000
0.00000000 0.00000000 0.00000000 0.00000000 0.00000000 0.00000000 0.00000000 0.00000000 0.00000000 0.00000000
0.32152948 0.27320212 0.31210693 0.34708960 0.41823491 0.31433728 0.30801361 0.39505824 0.33827217 0.37079182
0.32152948 0.27320212 0.31210693 0.34708960 0.41823491 0.31433728 0.30801361 0.39505824 0.33827217 0.37079182
0.32152948 0.27320212 0.31210693 0.34708960 0.41823491 0.31433728 0.30801361 0.39505824 0.33827217 0.37079182
0.32152948 0.27320212 0.31210693 0.34708960 0.41823491 0.31433728 0.30801361 0.39505824 0.33827217 0.37079182
0.32152948 0.27320212 0.31210693 0.34708960 0.41823491 0.31433728 0.30801361 0.39505824 0.33827217 0.37079182
0.32152948 0.27320212 0.31210693 0.34708960 0.41823491 0.31433728 0.30801361 0.39505824 0.33827217 0.37079182
0.32152948 0.27320212 0.31210693 0.34708960 0.41823491 0.31433728 0.30801361 0.39505824 0.33827217 0.37079182
0.32152948 0.27320212 0.31210693 0.34708960 0.41823491 0.31433728 0.30801361 0.39505824 0.33827217 0.37079182
0.32152948 0.27320212 0.31210693 0.34708960 0.41823491 0.31433728 0.30801361 0.39505824 0.33827217 0.37079182
0.32152948 0.27320212 0.31210693 0.34708960 0.41823491 0.31433728 0.30801361 0.39505824 0.33827217 0.37079182
0.31475996 0.27282032 0.30256503 0.35629296 0.42323860 0.30687511 0.31364361 0.39318569 0.32044987 0.36919189
0.31475996 0.27282032 0.30256503 0.35629296 0.42323860 0.30687511 0.31364361 0.39318569 0.32044987 0.36919189
0.31475996 0.27282032 0.30256503 0.35629296 0.42323860 0.30687511 0.31364361 0.39318569 0.32044987 0.36919189
0.31475996 0.27282032 0.30256503 0.35629296 0.42323860 0.30687511 0.31364361 0.39318569 0.32044987 0.36919189
0.31475996 0.27282032 0.30256503 0.35629296 0.42323860 0.30687511 0.31364361 0.39318569 0.32044987 0.36919189
0.31475996 0.27282032 0.30256503 0.35629296 0.42323860 0.30687511 0.31364361 0.39318569 0.32044987 0.36919189
0.31475996 0.27282032 0.30256503 0.35629296 0.42323860 0.30687511 0.31364361 0.39318569 0.32044987 0.36919189
0.31475996 0.27282032 0.30256503 0.35629296 0.42323860 0.30687511 0.31364361 0.39318569 0.32044987 0.36919189
0.31475996 0.27282032 0.30256503 0.35629296 0.42323860 0.30687511 0.31364361 0.39318569 0.32044987 0.36919189
0.31475996 0.27282032 0.30256503 0.35629296 0.42323860 0.30687511 0.31364361 0.39318569 0.32044987 0.36919189
0.31475996 0.27282032 0.30256503 0.35629296 0.42323860 0.30687511 0.31364361 0.39318569 0.32044987 0.36919189
0.31475996 0.27282032 0.30256503 0.35629296 0.42323860 0.30687511 0.31364361 0.39318569 0.32044987 0.36919189
0.31885408 0.26662775 0.29868809 0.35246726 0.41212761 0.30613987 0.31634672 0.38942891 0.33280041 0.37295491
0.31885408 0.26662775 0.29868809 0.35246726 0.41212761 0.30613987 0.31634672 0.38942891 0.33280041 0.37295491
0.31885408 0.26662775 0.29868809 0.35246726 0.41212761 0.30613987 0.31634672 0.38942891 0.33280041 0.37295491
0.31885408 0.26662775 0.29868809 0.35246726 0.41212761 0.30613987 0.31634672 0.38942891 0.33280041 0.37295491
0.31885408 0.26662775 0.29868809 0.35246726 0.41212761 0.30613987 0.31634672 0.38942891 0.33280041 0.37295491
0.31885408 0.26662775 0.29868809 0.35246726 0.41212761 0.30613987 0.31634672 0.38942891 0.33280041 0.37295491
0.31885408 0.26662775 0.29868809 0.35246726 0.41212761 0.30613987 0.31634672 0.38942891 0.33280041 0.37295491
0.31885408 0.26662775 0.29868809 0.35246726 0.41212761 0.30613987 0.31634672 0.38942891 0.33280041 0.37295491
0.31885408 0.26662775 0.29868809 0.35246726 0.41212761 0.30613987 0.31634672 0.38942891 0.33280041 0.37295491
0.31885408 0.26662775 0.29868809 0.35246726 0.41212761 0.30613987 0.31634672 0.38942891 0.33280041 0.37295491
0.31885408 0.26662775 0.29868809 0.35246726 0.41212761 0.30613987 0.31634672 0.38942891 0.33280041 0.37295491
0.32774627 0.26760149 0.29873537 0.35255735 0.40924759 0.29447579 0.32150667 0.39120683 0.32267939 0.37300386
0.32774627 0.26760149 0.29873537 0.35255735 0.40924759 0.29447579 0.32150667 0.39120683 0.32267939 0.37300386
0.32774627 0.26760149 0.29873537 0.35255735 0.40924759 0.29447579 0.32150667 0.39120683 0.32267939 0.37300386
0.32774627 0.26760149 0.29873537 0.35255735 0.40924759 0.29447579 0.32150667 0.39120683 0.32267939 0.37300386
0.32774627 0.26760149 0.29873537 0.35255735 0.40924759 0.29447579 0.32150667 0.39120683 0.32267939 0.37300386
0.32774627 0.26760149 0.29873537 0.35255735 0.40924759 0.29447579 0.32150667 0.39120683 0.32267939 0.37300386
0.32774627 0.26760149 0.29873537 0.35255735 0.40924759 0.29447579 0.32150667 0.39120683 0.32267939 0.37300386
0.32774627 0.26760149 0.29873537 0.35255735 0.40924759 0.29447579 0.32150667 0.39120683 0.32267939 0.37300386
0.32774627 0.26760149 0.29873537 0.35255735 0.40924759 0.29447579 0.32150667 0.39120683 0.32267939 0.37300386
0.32774627 0.26760149 0.29873537 0.35255735 0.40924759 0.29447579 0.32150667 0.39120683 0.32267939 0.37300386
0.32774627 0.26760149 0.29873537 0.35255735 0.40924759 0.29447579 0.32150667 0.39120683 0.32267939 0.37300386
0.32774627 0.26760149 0.29873537 0.35255735 0.40924759 0.29447579 0.32150667 0.39120683 0.32267939 0.37300386
0.32774627 0.26760149 0.29873537 0.35255735 0.40924759 0.29447579 0.32150667 0.39120683 0.32267939 0.37300386
0.32774627 0.26760149 0.29873537 0.35255735 0.40924759 0.29447579 0.32150667 0.39120683 0.32267939 0.37300386
0.32774627 0.26760149 0.29873537 0.35255735 0.40924759 0.29447579 0.32150667 0.39120683 0.32267939 0.37300386
0.32774627 0.26760149 0.29873537 0.35255735 0.40924759 0.29447579 0.32150667 0.39120683 0.32267939 0.37300386
0.32774627 0.26760149 0.29873537 0.35255735 0.40924759 0.29447579 0.32150667 0.39120683 0.32267939 0.37300386
0.32774627 0.26760149 0.29873537 0.35255735 0.40924759 0.29447579 0.32150667 0.39120683 0.32267939 0.37300386
