0.00000000 0.00000000 0.00000000 0.00000000 0.00000000 0.00000000 0.00000000 0.00000000 0.00000000 0.00000000
0.00000000 0.00000000 0.00000000 0.00000000 0.00000000 0.00000000 0.00000000 0.00000000 0.00000000 0.00000000
0.00000000 0.00000000 0.00000000 0.00000000 0.00000000 0.00000000 0.00000000 0.00000000 0.00000000 0.00000000
0.00000000 0.00000000 0.00000000 0.00000000 0.00000000 0.00000000 0.00000000 0.00000000 0.00000000 0.00000000
0.00000000 0.00000000 0.00000000 0.00000000 0.00000000 0.00000000 0.00000000 0.00000000 0.00000000 0.00000000
0.00000000 0.00000000 0.00000000 0.00000000 0.00000000 0.00000000 0.00000000 0.00000000 0.00000000 0.00000000
0.00000000 0.00000000 0.00000000 0.00000000 0.00000000 0.00000000 0.00000000 0.00000000 0.00000000 0.00000000
0.00000000 0.00000000 0.00000000 0.00000000 0.00000000 0.00000000 0.00000000 0.00000000 0.00000000 0.00000000
0.00000000 0.00000000 0.00000000 0.00000000 0.00000000 0.00000000 0.00000000 0.00000000 0.00000000 0.00000000
0.00000000 0.00000000 0.00000000 0.00000000 0.00000000 0.00000000 0.00000000 0.00000000 0.00000000 0.00000000
0.00000000 0.00000000 0.00000000 0.00000000 0.00000000 0.00000000 0.00000000 0.00000000 0.00000000 0.00000000
0.38167161 0.31399028 0.27913329 0.46433774 0.27411582 0.27410324 0.43055627 0.28256610 0.43025807 0.26355720
0.38167161 0.31399028 0.27913329 0.46433774 0.27411582 0.27410324 0.43055627 0.28256610 0.43025807 0.26355720
0.38167161 0.31399028 0.27913329 0.46433774 0.27411582 0.27410324 0.43055627 0.28256610 0.43025807 0.26355720
0.38167161 0.31399028 0.27913329 0.46433774 0.27411582 0.27410324 0.43055627 0.28256610 0.43025807 0.26355720
0.38167161 0.31399028 0.27913329 0.46433774 0.27411582 0.27410324 0.43055627 0.28256610 0.43025807 0.26355720
0.38167161 0.31399028 0.27913329 0.46433774 0.27411582 0.27410324 0.43055627 0.28256610 0.43025807 0.26355720
0.38167161 0.31399028 0.27913329 0.46433774 0.27411582 0.27410324 0.43055627 0.28256610 0.43025807 0.26355720
0.38167161 0.31399028 0.27913329 0.46433774 0.27411582 0.27410324 0.43055627 0.28256610 0.43025807 0.26355720
0.38167161 0.31399028 0.27913329 0.46433774 0.27411582 0.27410324 0.43055627 0.28256610 0.43025807 0.26355720
0.38167161 0.31399028 0.27913329 0.46433774 0.27411582 0.27410324 0.43055627 0.28256610 0.43025807 0.26355720
0.38162172 0.30823334 0.27520052 0.46508908 0.27679451 0.27000638 0.43785115 0.28152018 0.41917751 0.26090120
0.38162172 0.30823334 0.27520052 0.46508908 0.27679451 0.27000638 0.43785115 0.28152018 0.41917751 0.26090120
0.38162172 0.30823334 0.27520052 0.46508908 0.27679451 0.27000638 0.43785115 0.28152018 0.41917751 0.26090120
0.38162172 0.30823334 0.27520052 0.46508908 0.27679451 0.27000638 0.43785115 0.28152018 0.41917751 0.26090120
0.38162172 0.30823334 0.27520052 0.46508908 0.27679451 0.27000638 0.43785115 0.28152018 0.41917751 0.26090120
0.38162172 0.30823334 0.27520052 0.46508908 0.27679451 0.27000638 0.43785115 0.28152018 0.41917751 0.26090120
0.38162172 0.30823334 0.27520052 0.46508908 0.27679451 0.27000638 0.43785115 0.28152018 0.41917751 0.26090120
0.38162172 0.30823334 0.27520052 0.46508908 0.27679451 0.27000638 0.43785115 0.28152018 0.41917751 0.26090120
0.38162172 0.30823334 0.27520052 0.46508908 0.27679451 0.27000638 0.43785115 0.28152018 0.41917751 0.26090120
0.38162172 0.30823334 0.27520052 0.46508908 0.27679451 0.27000638 0.43785115 0.28152018 0.41917751 0.26090120
0.38162172 0.30823334 0.27520052 0.46508908 0.27679451 0.27000638 0.43785115 0.28152018 0.41917751 0.26090120
0.37986769 0.31065465 0.27857067 0.46401604 0.27597307 0.27581278 0.43746590 0.28418872 0.40940305 0.26543181
0.38579118 0.29959407 0.27866449 0.46166365 0.27170112 0.27799078 0.44069167 0.27486289 0.41017429 0.26445523
0.38579118 0.29959407 0.27866449 0.46166365 0.27170112 0.27799078 0.44069167 0.27486289 0.41017429 0.26445523
0.38579118 0.29959407 0.27866449 0.46166365 0.27170112 0.27799078 0.44069167 0.27486289 0.41017429 0.26445523
0.38579118 0.29959407 0.27866449 0.46166365 0.27170112 0.27799078 0.44069167 0.27486289 0.41017429 0.26445523
0.38579118 0.29959407 0.27866449 0.46166365 0.27170112 0.27799078 0.44069167 0.27486289 0.41017429 0.26445523
0.38579118 0.29959407 0.27866449 0.46166365 0.27170112 0.27799078 0.44069167 0.27486289 0.41017429 0.26445523
0.38579118 0.29959407 0.27866449 0.46166365 0.27170112 0.27799078 0.44069167 0.27486289 0.41017429 0.26445523
0.38579118 0.29959407 0.27866449 0.46166365 0.27170112 0.27799078 0.44069167 0.27486289 0.41017429 0.26445523
0.38579118 0.29959407 0.27866449 0.46166365 0.27170112 0.27799078 0.44069167 0.27486289 0.41017429 0.26445523
0.38579118 0.29959407 0.27866449 0.46166365 0.27170112 0.27799078 0.44069167 0.27486289 0.41017429 0.26445523
0.38579118 0.29959407 0.27866449 0.46166365 0.27170112 0.27799078 0.44069167 0.27486289 0.41017429 0.26445523
0.39397758 0.30000115 0.28253870 0.46098210 0.26624808 0.26906174 0.44262228 0.28062752 0.40132431 0.26491153
0.39397758 0.30000115 0.28253870 0.46098210 0.26624808 0.26906174 0.44262228 0.28062752 0.40132431 0.26491153
0.39397758 0.30000115 0.28253870 0.46098210 0.26624808 0.26906174 0.44262228 0.28062752 0.40132431 0.26491153
0.39397758 0.30000115 0.28253870 0.46098210 0.26624808 0.26906174 0.44262228 0.28062752 0.40132431 0.26491153
0.39397758 0.30000115 0.28253870 0.46098210 0.26624808 0.26906174 0.44262228 0.28062752 0.40132431 0.26491153
0.39397758 0.30000115 0.28253870 0.46098210 0.26624808 0.26906174 0.44262228 0.28062752 0.40132431 0.26491153
0.39397758 0.30000115 0.28253870 0.46098210 0.26624808 0.26906174 0.44262228 0.28062752 0.40132431 0.26491153
0.39397758 0.30000115 0.28253870 0.46098210 0.26624808 0.26906174 0.44262228 0.28062752 0.40132431 0.26491153
0.39397758 0.30000115 0.28253870 0.46098210 0.26624808 0.26906174 0.44262228 0.28062752 0.40132431 0.26491153
0.39397758 0.30000115 0.28253870 0.46098210 0.26624808 0.26906174 0.44262228 0.28062752 0.40132431 0.26491153
0.39397758 0.30000115 0.28253870 0.46098210 0.26624808 0.26906174 0.44262228 0.28062752 0.40132431 0.26491153
0.39397758 0.30000115 0.28253870 0.46098210 0.26624808 0.26906174 0.44262228 0.28062752 0.40132431 0.26491153
0.39397758 0.30000115 0.28253870 0.46098210 0.26624808 0.26906174 0.44262228 0.28062752 0.40132431 0.26491153
0.39397758 0.30000115 0.28253870 0.46098210 0.26624808 0.26906174 0.44262228 0.28062752 0.40132431 0.26491153
0.39397758 0.30000115 0.28253870 0.46098210 0.26624808 0.26906174 0.44262228 0.28062752 0.40132431 0.26491153
0.39397758 0.30000115 0.28253870 0.46098210 0.26624808 0.26906174 0.44262228 0.28062752 0.40132431 0.26491153
0.39397758 0.30000115 0.28253870 0.46098210 0.26624808 0.26906174 0.44262228 0.28062752 0.40132431 0.26491153
0.39397758 0.30000115 0.28253870 0.46098210 0.26624808 0.26906174 0.44262228 0.28062752 0.40132431 0.26491153
