0.00000000 0.00000000 0.00000000 0.00000000 0.00000000 0.00000000 0.00000000 0.00000000 0.00000000 0.00000000
0.00000000 0.00000000 0.00000000 0.00000000 0.00000000 0.00000000 0.00000000 0.00000000 0.00000000 0.00000000
0.00000000 0.00000000 0.00000000 0.00000000 0.00000000 0.00000000 0.00000000 0.00000000 0.00000000 0.00000000
0.00000000 0.00000000 0.00000000 0.00000000 0.00000000 0.00000000 0.00000000 0.00000000 0.00000000 0.00000000
0.00000000 0.00000000 0.00000000 0.00000000 0.00000000 0.00000000 0.00000000 0.00000000 0.00000000 0.00000000
0.00000000 0.00000000 0.00000000 0.00000000 0.00000000 0.00000000 0.00000000 0.00000000 0.00000000 0.00000000
0.00000000 0.00000000 0.00000000 0.00000000 0.00000000 0.00000000 0.00000000 0.00000000 0.00000000 0.00000000
0.00000000 0.00000000 0.00000000 0.00000000 0.00000000 0.00000000 0.00000000 0.00000000 0.00000000 0.00000000
0.00000000 0.00000000 0.00000000 0.00000000 0.00000000 0.00000000 0.00000000 0.00000000 0.00000000 0.00000000
0.00000000 0.00000000 0.00000000 0.00000000 0.00000000 0.00000000 0.00000000 0.00000000 0.00000000 0.00000000
0.00000000 0.00000000 0.00000000 0.00000000 0.00000000 0.00000000 0.00000000 0.00000000 0.00000000 0.00000000
0.26017528 0.36567645 0.43487969 0.48249935 0.33640046 0.23061622 0.48724463 0.38315642 0.32017620 0.32665310
0.26017528 0.36567645 0.43487969 0.48249935 0.33640046 0.23061622 0.48724463 0.38315642 0.32017620 0.32665310
0.26017528 0.36567645 0.43487969 0.48249935 0.33640046 0.23061622 0.48724463 0.38315642 0.32017620 0.32665310
0.26017528 0.36567645 0.43487969 0.48249935 0.33640046 0.23061622 0.48724463 0.38315642 0.32017620 0.32665310
0.26017528 0.36567645 0.43487969 0.48249935 0.33640046 0.23061622 0.48724463 0.38315642 0.32017620 0.32665310
0.26017528 0.36567645 0.43487969 0.48249935 0.33640046 0.23061622 0.48724463 0.38315642 0.32017620 0.32665310
0.26017528 0.36567645 0.43487969 0.48249935 0.33640046 0.23061622 0.48724463 0.38315642 0.32017620 0.32665310
0.26017528 0.36567645 0.43487969 0.48249935 0.33640046 0.23061622 0.48724463 0.38315642 0.32017620 0.32665310
0.26017528 0.36567645 0.43487969 0.48249935 0.33640046 0.23061622 0.48724463 0.38315642 0.32017620 0.32665310
0.26017528 0.36567645 0.43487969 0.48249935 0.33640046 0.23061622 0.48724463 0.38315642 0.32017620 0.32665310
0.25738938 0.36586541 0.42958048 0.49195431 0.34325032 0.22306737 0.49284252 0.38858851 0.30494287 0.31978754
0.25738938 0.36586541 0.42958048 0.49195431 0.34325032 0.22306737 0.49284252 0.38858851 0.30494287 0.31978754
0.25738938 0.36586541 0.42958048 0.49195431 0.34325032 0.22306737 0.49284252 0.38858851 0.30494287 0.31978754
0.25738938 0.36586541 0.42958048 0.49195431 0.34325032 0.22306737 0.49284252 0.38858851 0.30494287 0.31978754
0.25738938 0.36586541 0.42958048 0.49195431 0.34325032 0.22306737 0.49284252 0.38858851 0.30494287 0.31978754
0.25738938 0.36586541 0.42958048 0.49195431 0.34325032 0.22306737 0.49284252 0.38858851 0.30494287 0.31978754
0.25738938 0.36586541 0.42958048 0.49195431 0.34325032 0.22306737 0.49284252 0.38858851 0.30494287 0.31978754
0.25738938 0.36586541 0.42958048 0.49195431 0.34325032 0.22306737 0.49284252 0.38858851 0.30494287 0.31978754
0.25738938 0.36586541 0.42958048 0.49195431 0.34325032 0.22306737 0.49284252 0.38858851 0.30494287 0.31978754
0.25738938 0.36586541 0.42958048 0.49195431 0.34325032 0.22306737 0.49284252 0.38858851 0.30494287 0.31978754
0.25738938 0.36586541 0.42958048 0.49195431 0.34325032 0.22306737 0.49284252 0.38858851 0.30494287 0.31978754
0.25738938 0.36586541 0.42958048 0.49195431 0.34325032 0.22306737 0.49284252 0.38858851 0.30494287 0.31978754
0.25730186 0.36655616 0.41944937 0.49202150 0.33329135 0.22244472 0.49861945 0.38808117 0.30831262 0.31858760
0.25730186 0.36655616 0.41944937 0.49202150 0.33329135 0.22244472 0.49861945 0.38808117 0.30831262 0.31858760
0.25730186 0.36655616 0.41944937 0.49202150 0.33329135 0.22244472 0.49861945 0.38808117 0.30831262 0.31858760
0.25730186 0.36655616 0.41944937 0.49202150 0.33329135 0.22244472 0.49861945 0.38808117 0.30831262 0.31858760
0.25730186 0.36655616 0.41944937 0.49202150 0.33329135 0.22244472 0.49861945 0.38808117 0.30831262 0.31858760
0.25730186 0.36655616 0.41944937 0.49202150 0.33329135 0.22244472 0.49861945 0.38808117 0.30831262 0.31858760
0.25730186 0.36655616 0.41944937 0.49202150 0.33329135 0.22244472 0.49861945 0.38808117 0.30831262 0.31858760
0.25730186 0.36655616 0.41944937 0.49202150 0.33329135 0.22244472 0.49861945 0.38808117 0.30831262 0.31858760
0.25730186 0.36655616 0.41944937 0.49202150 0.33329135 0.22244472 0.49861945 0.38808117 0.30831262 0.31858760
0.25730186 0.36655616 0.41944937 0.49202150 0.33329135 0.22244472 0.49861945 0.38808117 0.30831262 0.31858760
0.25730186 0.36655616 0.41944937 0.49202150 0.33329135 0.22244472 0.49861945 0.38808117 0.30831262 0.31858760
0.25730186 0.36655616 0.41944937 0.49202150 0.33329135 0.22244472 0.49861945 0.38808117 0.30831262 0.31858760
0.25730186 0.36655616 0.41944937 0.49202150 0.33329135 0.22244472 0.49861945 0.38808117 0.30831262 0.31858760
0.25730186 0.36655616 0.41944937 0.49202150 0.33329135 0.22244472 0.49861945 0.38808117 0.30831262 0.31858760
0.25730186 0.36655616 0.41944937 0.49202150 0.33329135 0.22244472 0.49861945 0.38808117 0.30831262 0.31858760
0.25730186 0.36655616 0.41944937 0.49202150 0.33329135 0.22244472 0.49861945 0.38808117 0.30831262 0.31858760
0.25730186 0.36655616 0.41944937 0.49202150 0.33329135 0.22244472 0.49861945 0.38808117 0.30831262 0.31858760
0.25730186 0.36655616 0.41944937 0.49202150 0.33329135 0.22244472 0.49861945 0.38808117 0.30831262 0.31858760
0.25730186 0.36655616 0.41944937 0.49202150 0.33329135 0.22244472 0.49861945 0.38808117 0.30831262 0.31858760
0.25730186 0.36655616 0.41944937 0.49202150 0.33329135 0.22244472 0.49861945 0.38808117 0.30831262 0.31858760
0.25730186 0.36655616 0.41944937 0.49202150 0.33329135 0.22244472 0.49861945 0.38808117 0.30831262 0.31858760
0.25730186 0.36655616 0.41944937 0.49202150 0.33329135 0.22244472 0.49861945 0.38808117 0.30831262 0.31858760
0.25730186 0.36655616 0.41944937 0.49202150 0.33329135 0.22244472 0.49861945 0.38808117 0.30831262 0.31858760
0.25730186 0.36655616 0.41944937 0.49202150 0.33329135 0.22244472 0.49861945 0.38808117 0.30831262 0.31858760
0.25730186 0.36655616 0.41944937 0.49202150 0.33329135 0.22244472 0.49861945 0.38808117 0.30831262 0.31858760
0.25730186 0.36655616 0.41944937 0.49202150 0.33329135 0.22244472 0.49861945 0.38808117 0.30831262 0.31858760
0.25730186 0.36655616 0.41944937 0.49202150 0.33329135 0.22244472 0.49861945 0.38808117 0.30831262 0.31858760
0.25730186 0.36655616 0.41944937 0.49202150 0.33329135 0.22244472 0.49861945 0.38808117 0.30831262 0.31858760
0.25730186 0.36655616 0.41944937 0.49202150 0.33329135 0.22244472 0.49861945 0.38808117 0.30831262 0.31858760
