-100.0000 -100.0000
0.1425 0.0000
0.2407 0.0000
0.1838 0.0000
0.1554 0.0000
0.2362 0.0000
0.2429 0.0000
0.1575 0.0000
0.1696 0.0000
0.1444 0.0000
0.3288 0.0000
-0.5372 0.0000
0.2223 0.0000
0.0980 0.0000
0.1213 0.0000
0.3007 0.0000
0.0478 0.0000
0.2426 0.0000
0.2656 0.0000
0.2848 0.0000
0.1630 0.0000
-0.2248 0.0000
0.4161 0.0000
0.4105 0.0000
0.3575 0.0000
0.2979 0.0000
0.1751 0.0000
0.2541 0.0000
0.3564 0.0000
0.4770 0.0000
0.3144 0.0000
0.3476 0.0000
-0.5462 0.0000
-0.1958 0.0000
0.2814 0.0000
0.3606 0.0000
0.4690 0.0000
0.4355 0.0000
0.3816 0.0000
0.3667 0.0000
0.2686 0.0000
0.3848 0.0000
0.2503 0.0000
0.4186 0.0000
-0.4095 0.0000
0.2903 0.0000
0.3721 0.0000
0.3402 0.0000
0.3287 0.0000
0.3272 0.0000
0.2752 0.0000
0.3045 0.0000
0.3080 0.0000
0.1835 0.0000
0.3151 0.0000
0.2820 0.0000
0.4852 0.0000
0.3347 0.0000
0.3522 0.0000
0.3985 0.0000
0.2204 0.0000
0.3647 0.0000
