-100.0000 -100.0000
0.2222 0.0000
0.3588 0.0000
0.2750 0.0000
0.2381 0.0000
0.3515 0.0000
0.3616 0.0000
0.2423 0.0000
0.2554 0.0000
0.2226 0.0000
0.4935 0.0000
-0.9067 0.0000
0.3263 0.0000
0.1402 0.0000
0.1932 0.0000
0.4514 0.0000
0.0821 0.0000
0.3666 0.0000
0.4009 0.0000
0.4254 0.0000
0.2447 0.0000
-0.4265 0.0000
0.5982 0.0000
0.5889 0.0000
0.5034 0.0000
0.4197 0.0000
0.2258 0.0000
0.3486 0.0000
0.5054 0.0000
0.6896 0.0000
0.4467 0.0000
0.4928 0.0000
-0.9155 0.0000
-0.3934 0.0000
0.4031 0.0000
0.5260 0.0000
0.6895 0.0000
0.6371 0.0000
0.5566 0.0000
0.5329 0.0000
0.3829 0.0000
0.5593 0.0000
0.3578 0.0000
0.6104 0.0000
-0.7223 0.0000
0.2153 0.0000
0.3603 0.0000
0.3064 0.0000
0.2908 0.0000
0.2841 0.0000
0.1891 0.0000
0.2508 0.0000
0.2471 0.0000
0.0190 0.0000
0.2580 0.0000
0.2088 0.0000
0.5598 0.0000
0.2963 0.0000
0.3273 0.0000
0.4117 0.0000
0.0892 0.0000
0.3509 0.0000
