0.0218 0.0439 0.1861 0.5133 0.5529 0.3406 0.1168 0.0371 0.0376 0.0778
0.0347 0.1013 0.3337 0.5590 0.4482 0.2010 0.0743 0.0393 0.0617 0.1520
0.1542 0.3321 0.4704 0.3483 0.1503 0.0791 0.0550 0.0876 0.2078 0.3853
0.3891 0.3992 0.2580 0.1240 0.0581 0.0616 0.1212 0.2895 0.4410 0.4005
0.4166 0.1432 0.0464 0.0308 0.0411 0.1432 0.3993 0.6061 0.4328 0.1402
0.1192 0.0266 0.0154 0.0507 0.1708 0.4298 0.5758 0.4380 0.1440 0.0315
0.0331 0.0133 0.0242 0.1187 0.3718 0.6354 0.4144 0.1459 0.0389 0.0213
0.0217 0.0355 0.1442 0.4492 0.5389 0.3904 0.1410 0.0426 0.0354 0.0636
0.0285 0.0828 0.3052 0.5796 0.4998 0.2297 0.0794 0.0355 0.0520 0.1300
0.1151 0.2815 0.4709 0.4012 0.1913 0.0924 0.0540 0.0714 0.1645 0.3404
0.3568 0.4404 0.3375 0.1650 0.0664 0.0559 0.0912 0.2261 0.4144 0.4485
0.4577 0.1982 0.0652 0.0354 0.0374 0.1142 0.3328 0.5754 0.4730 0.1912
0.1785 0.0382 0.0177 0.0397 0.1150 0.3417 0.5683 0.5250 0.2079 0.0424
0.0404 0.0134 0.0190 0.0968 0.3391 0.6260 0.4743 0.1913 0.0477 0.0202
0.0223 0.0256 0.0929 0.3424 0.5065 0.4724 0.1898 0.0549 0.0330 0.0459
0.0242 0.0670 0.2729 0.5874 0.5411 0.2610 0.0864 0.0331 0.0447 0.1107
0.0766 0.2079 0.4377 0.4607 0.2622 0.1187 0.0585 0.0579 0.1190 0.2679
0.2971 0.4421 0.4083 0.2179 0.0822 0.0572 0.0708 0.1655 0.3563 0.4635
0.4638 0.2715 0.1046 0.0505 0.0397 0.0887 0.2489 0.4974 0.4886 0.2621
0.2712 0.0612 0.0232 0.0312 0.0704 0.2482 0.5328 0.6006 0.2993 0.0640
0.0544 0.0150 0.0155 0.0785 0.2949 0.5874 0.5341 0.2620 0.0658 0.0208
0.0239 0.0176 0.0524 0.2264 0.4588 0.5703 0.2683 0.0775 0.0313 0.0310
0.0220 0.0557 0.2406 0.5767 0.5623 0.2910 0.0951 0.0327 0.0403 0.0961
0.0505 0.1492 0.3960 0.5208 0.3532 0.1536 0.0643 0.0468 0.0850 0.2052
0.2420 0.4314 0.4695 0.2742 0.1006 0.0601 0.0572 0.1228 0.3004 0.4657
0.4556 0.3604 0.1727 0.0774 0.0445 0.0680 0.1734 0.4026 0.4936 0.3504
0.3754 0.0987 0.0317 0.0266 0.0456 0.1788 0.4793 0.6432 0.3948 0.0983
0.0785 0.0183 0.0135 0.0623 0.2393 0.5254 0.5827 0.3560 0.0968 0.0233
0.0265 0.0134 0.0319 0.1530 0.4154 0.6373 0.3524 0.1070 0.0317 0.0228
0.0208 0.0456 0.2011 0.5422 0.5679 0.3298 0.1095 0.0344 0.0370 0.0812
0.0352 0.1073 0.3498 0.5665 0.4434 0.1933 0.0714 0.0391 0.0631 0.1582
0.1770 0.3793 0.4992 0.3385 0.1330 0.0701 0.0509 0.0911 0.2321 0.4278
0.4218 0.4357 0.2685 0.1198 0.0529 0.0561 0.1175 0.3016 0.4722 0.4305
0.4513 0.1538 0.0462 0.0277 0.0361 0.1344 0.4024 0.6318 0.4626 0.1488
0.1247 0.0262 0.0143 0.0477 0.1655 0.4275 0.5941 0.4617 0.1510 0.0307
0.0321 0.0123 0.0224 0.1138 0.3745 0.6523 0.4286 0.1480 0.0374 0.0198
0.0210 0.0339 0.1410 0.4502 0.5459 0.3985 0.1427 0.0419 0.0342 0.0614
0.0267 0.0793 0.3040 0.5919 0.5160 0.2350 0.0795 0.0341 0.0496 0.1256
0.1108 0.2842 0.4838 0.4150 0.1970 0.0928 0.0520 0.0678 0.1595 0.3428
0.3610 0.4762 0.3765 0.1794 0.0665 0.0517 0.0802 0.2087 0.4189 0.4832
0.4883 0.2379 0.0782 0.0376 0.0347 0.0982 0.3000 0.5655 0.5034 0.2273
0.2247 0.0466 0.0190 0.0335 0.0886 0.2947 0.5670 0.5806 0.2550 0.0500
0.0446 0.0132 0.0164 0.0869 0.3255 0.6232 0.5117 0.2207 0.0530 0.0193
0.0222 0.0211 0.0727 0.2925 0.4930 0.5213 0.2205 0.0619 0.0311 0.0380
0.0223 0.0618 0.2645 0.5970 0.5616 0.2731 0.0881 0.0316 0.0417 0.1042
0.0655 0.1907 0.4367 0.4914 0.2935 0.1276 0.0584 0.0526 0.1054 0.2490
0.2898 0.4770 0.4649 0.2454 0.0847 0.0534 0.0591 0.1432 0.3487 0.4996
0.4862 0.3530 0.1499 0.0642 0.0394 0.0697 0.1938 0.4476 0.5167 0.3386
0.3672 0.0891 0.0284 0.0254 0.0466 0.1885 0.5032 0.6562 0.3876 0.0891
0.0692 0.0165 0.0132 0.0661 0.2607 0.5538 0.5814 0.3307 0.0852 0.0214
0.0250 0.0136 0.0349 0.1660 0.4290 0.6343 0.3348 0.0978 0.0302 0.0235
0.0205 0.0488 0.2198 0.5686 0.5768 0.3148 0.1019 0.0323 0.0372 0.0865
0.0390 0.1215 0.3726 0.5595 0.4159 0.1775 0.0678 0.0409 0.0692 0.1737
0.2077 0.4279 0.5165 0.3199 0.1154 0.0621 0.0487 0.0986 0.2642 0.4692
0.4496 0.4560 0.2660 0.1123 0.0487 0.0533 0.1195 0.3199 0.4974 0.4449
0.4715 0.1551 0.0440 0.0252 0.0333 0.1320 0.4130 0.6531 0.4791 0.1493
0.1209 0.0247 0.0135 0.0476 0.1713 0.4387 0.6059 0.4638 0.1473 0.0290
0.0308 0.0117 0.0220 0.1136 0.3802 0.6637 0.4302 0.1443 0.0355 0.0191
0.0204 0.0348 0.1500 0.4711 0.5567 0.3903 0.1363 0.0395 0.0338 0.0635
0.0264 0.0816 0.3129 0.6007 0.5186 0.2314 0.0776 0.0335 0.0495 0.1279
0.1239 0.3176 0.5093 0.4067 0.1787 0.0839 0.0486 0.0702 0.1749 0.3742
0.3798 0.5096 0.3975 0.1810 0.0631 0.0479 0.0756 0.2091 0.4374 0.5113
0.5153 0.2649 0.0841 0.0372 0.0322 0.0906 0.2863 0.5681 0.5270 0.2507
0.2551 0.0521 0.0197 0.0303 0.0759 0.2698 0.5658 0.6113 0.2849 0.0549
0.0463 0.0132 0.0154 0.0833 0.3207 0.6225 0.5279 0.2337 0.0553 0.0190
0.0221 0.0193 0.0643 0.2694 0.4864 0.5462 0.2369 0.0655 0.0301 0.0346
0.0215 0.0601 0.2629 0.6030 0.5705 0.2768 0.0883 0.0309 0.0406 0.1022
0.0624 0.1872 0.4402 0.5024 0.3025 0.1291 0.0581 0.0511 0.1019 0.2446
0.2936 0.4975 0.4877 0.2530 0.0835 0.0512 0.0551 0.1379 0.3521 0.5185
0.4939 0.3956 0.1777 0.0727 0.0398 0.0624 0.1702 0.4208 0.5273 0.3785
0.4168 0.1068 0.0314 0.0232 0.0386 0.1646 0.4854 0.6770 0.4315 0.1050
0.0788 0.0174 0.0124 0.0602 0.2417 0.5328 0.6032 0.3704 0.0978 0.0220
0.0256 0.0121 0.0289 0.1436 0.4161 0.6604 0.3688 0.1090 0.0300 0.0208
0.0199 0.0450 0.2059 0.5582 0.5814 0.3302 0.1070 0.0326 0.0357 0.0809
0.0335 0.1079 0.3588 0.5819 0.4545 0.1932 0.0698 0.0377 0.0613 0.1576
0.1911 0.4258 0.5404 0.3451 0.1238 0.0632 0.0450 0.0881 0.2466 0.4700
0.4402 0.5124 0.3371 0.1404 0.0518 0.0466 0.0938 0.2712 0.4933 0.5014
0.5211 0.2085 0.0572 0.0269 0.0293 0.1082 0.3582 0.6371 0.5237 0.1973
0.1750 0.0339 0.0151 0.0376 0.1187 0.3577 0.6017 0.5468 0.2059 0.0376
0.0360 0.0117 0.0180 0.0970 0.3565 0.6581 0.4811 0.1796 0.0417 0.0181
0.0206 0.0267 0.1067 0.3856 0.5331 0.4576 0.1723 0.0478 0.0315 0.0489
0.0231 0.0697 0.2905 0.6120 0.5540 0.2539 0.0818 0.0313 0.0439 0.1137
0.0911 0.2592 0.4911 0.4554 0.2278 0.1003 0.0510 0.0598 0.1376 0.3174
0.3469 0.5328 0.4665 0.2204 0.0705 0.0465 0.0601 0.1666 0.4052 0.5408
0.5223 0.3652 0.1402 0.0559 0.0348 0.0677 0.2038 0.4823 0.5461 0.3455
0.3832 0.0880 0.0269 0.0232 0.0432 0.1847 0.5186 0.6805 0.4027 0.0876
0.0650 0.0153 0.0125 0.0667 0.2733 0.5724 0.5916 0.3251 0.0802 0.0200
0.0238 0.0131 0.0350 0.1686 0.4372 0.6436 0.3325 0.0937 0.0286 0.0229
0.0198 0.0499 0.2303 0.5875 0.5872 0.3083 0.0977 0.0308 0.0368 0.0886
0.0403 0.1298 0.3892 0.5623 0.4059 0.1695 0.0654 0.0414 0.0717 0.1817
0.2327 0.4741 0.5410 0.3125 0.1039 0.0559 0.0455 0.1017 0.2893 0.5085
0.4664 0.5013 0.2990 0.1204 0.0473 0.0478 0.1071 0.3083 0.5153 0.4853
0.5143 0.1811 0.0480 0.0239 0.0290 0.1178 0.3946 0.6640 0.5159 0.1722
0.1433 0.0272 0.0132 0.0417 0.1469 0.4058 0.6194 0.5143 0.1732 0.0310
0.0320 0.0110 0.0190 0.1032 0.3733 0.6749 0.4624 0.1593 0.0366 0.0176
0.0198 0.0301 0.1290 0.4377 0.5537 0.4244 0.1514 0.0419 0.0318 0.0555
0.0235 0.0735 0.3018 0.6166 0.5488 0.2460 0.0795 0.0314 0.0450 0.1179
0.1066 0.2954 0.5133 0.4364 0.2005 0.0897 0.0482 0.0639 0.1559 0.3521
0.3705 0.5463 0.4560 0.2071 0.0656 0.0447 0.0628 0.1811 0.4286 0.5485
0.5331 0.3532 0.1272 0.0502 0.0330 0.0702 0.2182 0.5060 0.5523 0.3326
0.3752 0.0813 0.0250 0.0227 0.0442 0.1908 0.5347 0.6885 0.3966 0.0814
0.0606 0.0142 0.0122 0.0683 0.2857 0.5885 0.5945 0.3145 0.0749 0.0189
0.0229 0.0128 0.0354 0.1721 0.4438 0.6481 0.3291 0.0904 0.0276 0.0226
0.0194 0.0502 0.2354 0.5977 0.5937 0.3057 0.0958 0.0299 0.0364 0.0893
0.0407 0.1331 0.3965 0.5641 0.4021 0.1662 0.0645 0.0416 0.0726 0.1846
0.2431 0.4947 0.5529 0.3108 0.0998 0.0536 0.0439 0.1023 0.2995 0.5259
0.4714 0.5267 0.3225 0.1276 0.0472 0.0450 0.0992 0.2972 0.5215 0.5087
0.5372 0.1988 0.0511 0.0236 0.0271 0.1099 0.3808 0.6664 0.5358 0.1880
0.1593 0.0294 0.0135 0.0386 0.1320 0.3835 0.6218 0.5416 0.1907 0.0330
0.0330 0.0109 0.0179 0.0989 0.3691 0.6769 0.4776 0.1679 0.0377 0.0172
0.0197 0.0279 0.1178 0.4164 0.5491 0.4431 0.1608 0.0438 0.0310 0.0516
0.0224 0.0707 0.2982 0.6236 0.5611 0.2518 0.0801 0.0305 0.0433 0.1144
0.1016 0.2903 0.5171 0.4473 0.2076 0.0911 0.0478 0.0619 0.1505 0.3465
0.3672 0.5649 0.4845 0.2200 0.0665 0.0431 0.0574 0.1692 0.4253 0.5669
0.5350 0.4144 0.1679 0.0633 0.0347 0.0596 0.1787 0.4580 0.5617 0.3901
0.4431 0.1055 0.0292 0.0204 0.0343 0.1588 0.5052 0.7102 0.4554 0.1034
0.0729 0.0156 0.0112 0.0608 0.2588 0.5572 0.6221 0.3677 0.0914 0.0197
0.0239 0.0111 0.0277 0.1414 0.4242 0.6806 0.3737 0.1052 0.0275 0.0194
0.0189 0.0453 0.2167 0.5821 0.5967 0.3240 0.1022 0.0305 0.0348 0.0824
0.0329 0.1103 0.3695 0.5912 0.4566 0.1897 0.0685 0.0374 0.0611 0.1587
0.2112 0.4691 0.5662 0.3400 0.1128 0.0575 0.0417 0.0896 0.2668 0.5070
0.4477 0.5596 0.3854 0.1562 0.0518 0.0422 0.0807 0.2501 0.5019 0.5446
0.5582 0.2637 0.0723 0.0295 0.0271 0.0905 0.3122 0.6187 0.5591 0.2469
0.2542 0.0465 0.0172 0.0282 0.0757 0.2770 0.5969 0.6379 0.2867 0.0492
0.0417 0.0116 0.0143 0.0835 0.3387 0.6517 0.5401 0.2242 0.0493 0.0169
0.0205 0.0182 0.0646 0.2777 0.5011 0.5576 0.2350 0.0616 0.0280 0.0332
0.0199 0.0594 0.2714 0.6266 0.5909 0.2774 0.0856 0.0288 0.0386 0.1011
0.0654 0.2068 0.4703 0.5080 0.2887 0.1194 0.0544 0.0517 0.1072 0.2617
0.3223 0.5642 0.5396 0.2612 0.0762 0.0444 0.0474 0.1337 0.3798 0.5755
0.5088 0.5185 0.2786 0.1043 0.0414 0.0459 0.1161 0.3476 0.5521 0.4931
0.5377 0.1702 0.0416 0.0201 0.0258 0.1188 0.4248 0.7024 0.5343 0.1622
0.1219 0.0222 0.0113 0.0444 0.1740 0.4489 0.6436 0.4967 0.1510 0.0258
0.0285 0.0101 0.0193 0.1063 0.3887 0.6973 0.4541 0.1443 0.0320 0.0166
0.0187 0.0326 0.1498 0.4857 0.5757 0.3996 0.1355 0.0370 0.0315 0.0608
0.0231 0.0763 0.3143 0.6289 0.5525 0.2407 0.0771 0.0308 0.0449 0.1202
0.1279 0.3499 0.5495 0.4198 0.1716 0.0773 0.0437 0.0676 0.1803 0.4023
0.3898 0.5877 0.4869 0.2126 0.0624 0.0410 0.0576 0.1783 0.4471 0.5829
0.5434 0.4449 0.1857 0.0679 0.0346 0.0552 0.1653 0.4447 0.5718 0.4176
0.4797 0.1148 0.0300 0.0185 0.0297 0.1451 0.5014 0.7311 0.4880 0.1121
0.0763 0.0153 0.0103 0.0579 0.2547 0.5534 0.6425 0.3919 0.0968 0.0191
0.0237 0.0101 0.0244 0.1287 0.4195 0.7024 0.3974 0.1108 0.0266 0.0175
0.0182 0.0428 0.2106 0.5824 0.6044 0.3325 0.1041 0.0300 0.0335 0.0791
0.0291 0.1012 0.3610 0.6103 0.4874 0.2015 0.0700 0.0351 0.0556 0.1471
0.2060 0.4779 0.5860 0.3532 0.1146 0.0567 0.0392 0.0847 0.2614 0.5154
0.4347 0.6003 0.4511 0.1844 0.0548 0.0390 0.0658 0.2141 0.4910 0.5850
0.5687 0.3861 0.1311 0.0474 0.0298 0.0646 0.2134 0.5227 0.5833 0.3592
0.4255 0.0872 0.0247 0.0191 0.0354 0.1695 0.5451 0.7328 0.4436 0.0868
0.0601 0.0131 0.0107 0.0658 0.2932 0.6008 0.6247 0.3319 0.0753 0.0172
0.0219 0.0108 0.0295 0.1515 0.4407 0.6879 0.3590 0.0947 0.0251 0.0192
0.0181 0.0477 0.2364 0.6138 0.6117 0.3098 0.0947 0.0282 0.0345 0.0868
0.0360 0.1257 0.3976 0.5878 0.4291 0.1730 0.0650 0.0394 0.0667 0.1733
0.2550 0.5403 0.5952 0.3221 0.0948 0.0491 0.0385 0.0967 0.3102 0.5654
0.4562 0.6156 0.4474 0.1772 0.0517 0.0373 0.0673 0.2275 0.5124 0.5949
0.5820 0.3849 0.1248 0.0441 0.0282 0.0646 0.2209 0.5406 0.5938 0.3568
0.4280 0.0844 0.0238 0.0185 0.0347 0.1694 0.5551 0.7427 0.4469 0.0842
0.0571 0.0126 0.0105 0.0670 0.3027 0.6131 0.6263 0.3228 0.0714 0.0166
0.0213 0.0106 0.0298 0.1537 0.4450 0.6903 0.3560 0.0923 0.0245 0.0191
0.0178 0.0481 0.2410 0.6221 0.6165 0.3068 0.0930 0.0276 0.0343 0.0875
0.0368 0.1304 0.4062 0.5871 0.4215 0.1686 0.0641 0.0401 0.0683 0.1772
0.2700 0.5584 0.5986 0.3145 0.0899 0.0470 0.0383 0.1004 0.3252 0.5795
0.4472 0.6310 0.4775 0.1911 0.0534 0.0364 0.0614 0.2105 0.5039 0.6104
0.5712 0.4755 0.1921 0.0661 0.0321 0.0508 0.1617 0.4583 0.5980 0.4421
0.5145 0.1169 0.0289 0.0162 0.0255 0.1347 0.5125 0.7613 0.5196 0.1146
0.0726 0.0140 0.0092 0.0580 0.2693 0.5718 0.6638 0.3963 0.0932 0.0174
0.0224 0.0091 0.0228 0.1233 0.4234 0.7234 0.4082 0.1091 0.0246 0.0161
0.0173 0.0423 0.2173 0.6009 0.6179 0.3289 0.1008 0.0283 0.0326 0.0795
0.0274 0.1001 0.3660 0.6244 0.5007 0.2035 0.0697 0.0343 0.0535 0.1434
0.2252 0.5209 0.6129 0.3504 0.1052 0.0517 0.0362 0.0854 0.2803 0.5514
0.4245 0.6456 0.5229 0.2157 0.0572 0.0361 0.0529 0.1822 0.4813 0.6278
0.5026 0.6243 0.4067 0.1506 0.0452 0.0359 0.0780 0.2733 0.5559 0.5927
0.6179 0.2818 0.0661 0.0235 0.0217 0.0841 0.3238 0.6655 0.6071 0.2624
0.2923 0.0456 0.0157 0.0231 0.0614 0.2502 0.6277 0.7043 0.3287 0.0483
0.0377 0.0101 0.0129 0.0823 0.3576 0.6845 0.5636 0.2188 0.0441 0.0148
0.0190 0.0145 0.0522 0.2446 0.5008 0.6105 0.2637 0.0642 0.0247 0.0271
0.0176 0.0553 0.2730 0.6542 0.6221 0.2840 0.0840 0.0263 0.0354 0.0960
0.0623 0.2135 0.4969 0.5257 0.2888 0.1144 0.0531 0.0524 0.1059 0.2601
0.3609 0.6365 0.5882 0.2653 0.0679 0.0380 0.0415 0.1346 0.4173 0.6333
0.4501 0.6702 0.5273 0.2102 0.0537 0.0337 0.0534 0.1945 0.5077 0.6444
0.4674 0.6778 0.5184 0.2018 0.0513 0.0326 0.0556 0.2077 0.5255 0.6477
0.5013 0.6680 0.4671 0.1735 0.0464 0.0323 0.0659 0.2481 0.5588 0.6326
0.6049 0.4777 0.1722 0.0558 0.0283 0.0508 0.1764 0.5017 0.6242 0.4387
0.4709 0.1547 0.0413 0.0242 0.0342 0.1454 0.4243 0.6479 0.4686 0.1463
0.0897 0.0266 0.0193 0.0671 0.2178 0.4906 0.5075 0.3139 0.1036 0.0329
0.0315 0.0242 0.0584 0.2202 0.4169 0.5109 0.2539 0.0869 0.0410 0.0401
0.0279 0.0690 0.2580 0.5466 0.5046 0.2560 0.0906 0.0376 0.0495 0.1136
0.0781 0.1829 0.3911 0.4260 0.2546 0.1247 0.0683 0.0665 0.1208 0.2414
0.2764 0.2896 0.2352 0.1501 0.0844 0.0842 0.1281 0.2367 0.3318 0.3104
0.2888 0.1295 0.0625 0.0560 0.0710 0.1677 0.3265 0.4408 0.3185 0.1353
0.1104 0.0395 0.0305 0.0755 0.1797 0.3794 0.4249 0.3123 0.1312 0.0487
0.0435 0.0275 0.0506 0.1721 0.3444 0.4728 0.2919 0.1248 0.0558 0.0422
0.0326 0.0527 0.1644 0.4075 0.4493 0.3181 0.1320 0.0540 0.0514 0.0862
0.0485 0.1086 0.2904 0.4589 0.3673 0.1949 0.0857 0.0530 0.0781 0.1598
0.1298 0.2246 0.3341 0.3068 0.1759 0.1101 0.0822 0.1020 0.1784 0.2762
0.2562 0.2301 0.1785 0.1305 0.0899 0.1049 0.1595 0.2583 0.3063 0.2503
0.2267 0.0983 0.0556 0.0640 0.0925 0.2044 0.3409 0.3986 0.2584 0.1076
0.0906 0.0352 0.0324 0.0886 0.2092 0.4035 0.4046 0.2682 0.1099 0.0455
0.0408 0.0295 0.0602 0.1984 0.3613 0.4540 0.2632 0.1098 0.0539 0.0460
0.0336 0.0567 0.1760 0.4171 0.4447 0.3037 0.1259 0.0532 0.0532 0.0919
0.0529 0.1150 0.2915 0.4424 0.3470 0.1872 0.0860 0.0564 0.0839 0.1669
0.1358 0.2232 0.3196 0.2911 0.1692 0.1104 0.0866 0.1092 0.1849 0.2728
0.2533 0.2116 0.1592 0.1213 0.0899 0.1125 0.1744 0.2723 0.3017 0.2306
0.2093 0.0861 0.0500 0.0639 0.1000 0.2232 0.3581 0.3955 0.2404 0.0955
0.0818 0.0322 0.0318 0.0930 0.2250 0.4229 0.4043 0.2528 0.0998 0.0424
0.0386 0.0292 0.0631 0.2101 0.3738 0.4548 0.2544 0.1029 0.0515 0.0462
0.0331 0.0577 0.1827 0.4283 0.4495 0.2989 0.1223 0.0517 0.0529 0.0938
0.0536 0.1180 0.2971 0.4440 0.3440 0.1841 0.0846 0.0562 0.0850 0.1704
0.1413 0.2313 0.3233 0.2870 0.1637 0.1073 0.0858 0.1114 0.1910 0.2804
0.2642 0.2131 0.1536 0.1145 0.0856 0.1109 0.1805 0.2871 0.3127 0.2304
0.2107 0.0817 0.0460 0.0601 0.0984 0.2294 0.3753 0.4116 0.2413 0.0903
0.0789 0.0295 0.0290 0.0901 0.2304 0.4410 0.4208 0.2569 0.0961 0.0391
0.0365 0.0273 0.0613 0.2117 0.3844 0.4692 0.2572 0.0999 0.0486 0.0438
0.0313 0.0571 0.1886 0.4455 0.4636 0.2998 0.1189 0.0487 0.0509 0.0936
0.0529 0.1203 0.3067 0.4539 0.3473 0.1812 0.0820 0.0546 0.0845 0.1736
0.1480 0.2449 0.3358 0.2865 0.1571 0.1017 0.0830 0.1126 0.1992 0.2940
0.2815 0.2210 0.1508 0.1074 0.0796 0.1072 0.1845 0.3038 0.3294 0.2359
0.2171 0.0802 0.0431 0.0562 0.0950 0.2319 0.3891 0.4287 0.2469 0.0880
0.0758 0.0281 0.0281 0.0905 0.2369 0.4533 0.4250 0.2527 0.0922 0.0375
0.0352 0.0274 0.0638 0.2208 0.3929 0.4688 0.2499 0.0951 0.0472 0.0443
0.0312 0.0590 0.1969 0.4569 0.4666 0.2926 0.1148 0.0474 0.0511 0.0967
0.0549 0.1259 0.3151 0.4523 0.3384 0.1750 0.0803 0.0554 0.0875 0.1800
0.1579 0.2538 0.3331 0.2748 0.1485 0.0986 0.0842 0.1190 0.2100 0.3011
0.2884 0.2161 0.1412 0.1004 0.0770 0.1093 0.1941 0.3188 0.3349 0.2295
0.2128 0.0753 0.0403 0.0547 0.0966 0.2404 0.4023 0.4351 0.2423 0.0828
0.0718 0.0264 0.0272 0.0915 0.2457 0.4674 0.4290 0.2468 0.0874 0.0356
0.0339 0.0271 0.0653 0.2280 0.4014 0.4711 0.2455 0.0913 0.0457 0.0442
0.0305 0.0600 0.2045 0.4701 0.4736 0.2891 0.1112 0.0456 0.0505 0.0985
0.0561 0.1324 0.3279 0.4575 0.3343 0.1693 0.0772 0.0547 0.0892 0.1877
0.1696 0.2759 0.3495 0.2727 0.1397 0.0917 0.0804 0.1208 0.2232 0.3224
0.3082 0.2342 0.1473 0.0980 0.0717 0.1021 0.1895 0.3274 0.3545 0.2454
0.2307 0.0794 0.0396 0.0505 0.0884 0.2313 0.4089 0.4585 0.2596 0.0859
0.0735 0.0258 0.0256 0.0873 0.2420 0.4714 0.4428 0.2578 0.0891 0.0345
0.0334 0.0257 0.0615 0.2205 0.4018 0.4839 0.2538 0.0930 0.0446 0.0420
0.0297 0.0579 0.2008 0.4713 0.4797 0.2942 0.1125 0.0452 0.0493 0.0958
0.0534 0.1271 0.3249 0.4647 0.3447 0.1737 0.0779 0.0534 0.0858 0.1817
0.1652 0.2701 0.3477 0.2757 0.1429 0.0934 0.0807 0.1190 0.2183 0.3172
0.3076 0.2291 0.1430 0.0961 0.0716 0.1034 0.1939 0.3324 0.3540 0.2402
0.2282 0.0755 0.0375 0.0492 0.0888 0.2365 0.4206 0.4667 0.2574 0.0818
0.0718 0.0242 0.0238 0.0850 0.2456 0.4837 0.4566 0.2624 0.0871 0.0324
0.0319 0.0243 0.0597 0.2205 0.4098 0.4975 0.2572 0.0911 0.0424 0.0400
0.0284 0.0574 0.2052 0.4849 0.4913 0.2954 0.1102 0.0431 0.0477 0.0956
0.0527 0.1295 0.3341 0.4740 0.3477 0.1710 0.0756 0.0520 0.0853 0.1848
0.1712 0.2885 0.3679 0.2801 0.1382 0.0881 0.0760 0.1173 0.2253 0.3355
0.3292 0.2481 0.1482 0.0931 0.0664 0.0969 0.1897 0.3419 0.3747 0.2567
0.2436 0.0803 0.0380 0.0468 0.0827 0.2270 0.4202 0.4811 0.2721 0.0860
0.0739 0.0245 0.0234 0.0828 0.2409 0.4812 0.4616 0.2695 0.0895 0.0326
0.0321 0.0238 0.0577 0.2149 0.4071 0.5024 0.2623 0.0930 0.0425 0.0392
0.0282 0.0574 0.2063 0.4881 0.4941 0.2958 0.1097 0.0427 0.0474 0.0956
0.0528 0.1305 0.3369 0.4757 0.3473 0.1699 0.0750 0.0518 0.0855 0.1861
0.1737 0.2929 0.3710 0.2795 0.1364 0.0868 0.0755 0.1180 0.2282 0.3396
0.3349 0.2497 0.1464 0.0908 0.0649 0.0962 0.1919 0.3484 0.3799 0.2573
0.2487 0.0785 0.0360 0.0444 0.0804 0.2281 0.4325 0.4966 0.2771 0.0837
0.0731 0.0231 0.0216 0.0799 0.2428 0.4913 0.4779 0.2778 0.0887 0.0307
0.0310 0.0218 0.0531 0.2064 0.4102 0.5222 0.2739 0.0945 0.0405 0.0362
0.0268 0.0545 0.2021 0.4929 0.5053 0.3040 0.1111 0.0416 0.0454 0.0918
0.0487 0.1240 0.3355 0.4911 0.3661 0.1762 0.0750 0.0491 0.0802 0.1787
0.1691 0.2977 0.3871 0.2918 0.1397 0.0858 0.0715 0.1116 0.2234 0.3461
0.3425 0.2693 0.1604 0.0955 0.0639 0.0899 0.1794 0.3390 0.3889 0.2766
0.2709 0.0863 0.0375 0.0421 0.0727 0.2127 0.4278 0.5142 0.2986 0.0906
0.0783 0.0235 0.0205 0.0749 0.2323 0.4846 0.4929 0.2980 0.0949 0.0307
0.0313 0.0203 0.0475 0.1906 0.4037 0.5398 0.2919 0.1007 0.0402 0.0335
0.0259 0.0521 0.1968 0.4930 0.5129 0.3129 0.1132 0.0411 0.0438 0.0885
0.0457 0.1199 0.3362 0.5049 0.3818 0.1809 0.0744 0.0467 0.0762 0.1742
0.1668 0.3072 0.4073 0.3042 0.1413 0.0834 0.0671 0.1059 0.2214 0.3570
0.3549 0.2950 0.1775 0.0999 0.0619 0.0825 0.1666 0.3318 0.4026 0.3010
0.2973 0.0959 0.0392 0.0396 0.0651 0.1977 0.4221 0.5322 0.3232 0.0991
0.0843 0.0242 0.0196 0.0704 0.2211 0.4752 0.5052 0.3182 0.1020 0.0311
0.0316 0.0193 0.0436 0.1789 0.3982 0.5530 0.3062 0.1058 0.0400 0.0317
0.0254 0.0501 0.1908 0.4892 0.5161 0.3202 0.1157 0.0412 0.0429 0.0857
0.0432 0.1151 0.3331 0.5142 0.3952 0.1860 0.0748 0.0452 0.0729 0.1687
0.1591 0.3086 0.4226 0.3197 0.1474 0.0840 0.0636 0.0985 0.2126 0.3602
0.3595 0.3236 0.2025 0.1095 0.0621 0.0758 0.1494 0.3122 0.4092 0.3297
0.3276 0.1111 0.0433 0.0384 0.0578 0.1774 0.4054 0.5442 0.3522 0.1130
0.0955 0.0261 0.0191 0.0645 0.2019 0.4545 0.5178 0.3494 0.1151 0.0325
0.0329 0.0179 0.0377 0.1595 0.3860 0.5706 0.3321 0.1169 0.0407 0.0291
0.0249 0.0469 0.1790 0.4776 0.5184 0.3341 0.1213 0.0420 0.0416 0.0807
0.0396 0.1069 0.3255 0.5268 0.4168 0.1954 0.0760 0.0430 0.0679 0.1592
0.1472 0.3018 0.4343 0.3387 0.1573 0.0862 0.0610 0.0907 0.1996 0.3558
0.3587 0.3474 0.2278 0.1203 0.0632 0.0709 0.1347 0.2919 0.4106 0.3542
0.3546 0.1260 0.0473 0.0375 0.0523 0.1614 0.3906 0.5534 0.3779 0.1265
0.1075 0.0279 0.0186 0.0590 0.1841 0.4345 0.5302 0.3815 0.1291 0.0340
0.0343 0.0166 0.0321 0.1413 0.3737 0.5874 0.3620 0.1304 0.0416 0.0266
0.0242 0.0425 0.1629 0.4596 0.5202 0.3545 0.1299 0.0433 0.0398 0.0739
0.0354 0.0967 0.3138 0.5411 0.4445 0.2089 0.0782 0.0406 0.0618 0.1471
0.1322 0.2844 0.4375 0.3591 0.1719 0.0907 0.0600 0.0837 0.1831 0.3410
0.3479 0.3602 0.2515 0.1331 0.0662 0.0683 0.1228 0.2696 0.4022 0.3694
0.3720 0.1387 0.0512 0.0376 0.0494 0.1507 0.3759 0.5538 0.3943 0.1382
0.1196 0.0299 0.0184 0.0548 0.1685 0.4143 0.5373 0.4090 0.1430 0.0357
0.0359 0.0158 0.0284 0.1282 0.3627 0.5963 0.3873 0.1439 0.0431 0.0250
0.0239 0.0380 0.1442 0.4324 0.5168 0.3788 0.1419 0.0458 0.0384 0.0667
0.0320 0.0871 0.2998 0.5517 0.4706 0.2238 0.0810 0.0386 0.0565 0.1355
0.1132 0.2614 0.4387 0.3881 0.1957 0.0986 0.0590 0.0742 0.1614 0.3205
0.3290 0.3872 0.3014 0.1602 0.0719 0.0639 0.1020 0.2292 0.3865 0.4011
0.4038 0.1717 0.0631 0.0400 0.0451 0.1284 0.3373 0.5434 0.4259 0.1691
0.1501 0.0364 0.0195 0.0479 0.1369 0.3670 0.5368 0.4580 0.1761 0.0418
0.0398 0.0156 0.0246 0.1126 0.3430 0.5975 0.4206 0.1669 0.0475 0.0240
0.0241 0.0335 0.1217 0.3915 0.5061 0.4108 0.1597 0.0504 0.0372 0.0587
0.0294 0.0798 0.2885 0.5605 0.4924 0.2366 0.0832 0.0369 0.0525 0.1267
0.0990 0.2430 0.4408 0.4142 0.2174 0.1051 0.0582 0.0675 0.1451 0.3034
0.3167 0.4106 0.3439 0.1825 0.0759 0.0607 0.0880 0.2015 0.3754 0.4275
0.4284 0.2076 0.0772 0.0436 0.0426 0.1112 0.3004 0.5257 0.4510 0.2026
0.1891 0.0449 0.0211 0.0413 0.1080 0.3186 0.5331 0.5091 0.2171 0.0496
0.0449 0.0156 0.0210 0.0982 0.3224 0.5936 0.4591 0.1974 0.0536 0.0230
0.0242 0.0276 0.0942 0.3338 0.4901 0.4591 0.1893 0.0580 0.0355 0.0485
0.0265 0.0707 0.2713 0.5676 0.5184 0.2551 0.0871 0.0353 0.0478 0.1153
0.0801 0.2107 0.4308 0.4495 0.2556 0.1182 0.0592 0.0595 0.1226 0.2713
0.2913 0.4255 0.3941 0.2146 0.0836 0.0593 0.0740 0.1683 0.3507 0.4484
0.4453 0.2582 0.1026 0.0520 0.0421 0.0931 0.2516 0.4877 0.4717 0.2509
0.2463 0.0603 0.0246 0.0356 0.0801 0.2618 0.5130 0.5575 0.2736 0.0639
0.0544 0.0166 0.0183 0.0846 0.2924 0.5714 0.4985 0.2425 0.0655 0.0233
0.0253 0.0219 0.0663 0.2610 0.4618 0.5184 0.2356 0.0717 0.0345 0.0381
0.0244 0.0619 0.2490 0.5632 0.5368 0.2767 0.0932 0.0347 0.0441 0.1038
0.0616 0.1705 0.4042 0.4866 0.3101 0.1395 0.0629 0.0521 0.0992 0.2294
0.2520 0.4145 0.4318 0.2516 0.0968 0.0618 0.0647 0.1380 0.3111 0.4466
0.4399 0.3067 0.1387 0.0670 0.0450 0.0798 0.2042 0.4311 0.4740 0.2995
0.3069 0.0803 0.0294 0.0318 0.0610 0.2144 0.4855 0.5920 0.3311 0.0823
0.0663 0.0183 0.0167 0.0740 0.2619 0.5414 0.5289 0.2906 0.0805 0.0244
0.0267 0.0181 0.0479 0.2038 0.4336 0.5679 0.2849 0.0881 0.0343 0.0309
0.0234 0.0545 0.2244 0.5473 0.5449 0.2986 0.1010 0.0354 0.0415 0.0936
0.0482 0.1371 0.3746 0.5180 0.3661 0.1633 0.0676 0.0464 0.0811 0.1929
0.2088 0.3874 0.4559 0.2914 0.1158 0.0679 0.0587 0.1121 0.2654 0.4292
0.4223 0.3565 0.1900 0.0901 0.0502 0.0690 0.1595 0.3633 0.4656 0.3520
0.3652 0.1071 0.0364 0.0302 0.0485 0.1745 0.4473 0.6093 0.3857 0.1070
0.0862 0.0214 0.0156 0.0624 0.2208 0.4951 0.5574 0.3564 0.1050 0.0268
0.0290 0.0151 0.0339 0.1551 0.4034 0.6115 0.3452 0.1113 0.0351 0.0252
0.0223 0.0468 0.1956 0.5213 0.5498 0.3290 0.1123 0.0367 0.0388 0.0821
0.0378 0.1113 0.3479 0.5516 0.4273 0.1897 0.0716 0.0406 0.0663 0.1636
0.1721 0.3658 0.4869 0.3378 0.1369 0.0727 0.0526 0.0911 0.2268 0.4155
0.4120 0.4201 0.2609 0.1194 0.0543 0.0581 0.1207 0.3015 0.4630 0.4171
0.4293 0.1502 0.0475 0.0301 0.0394 0.1391 0.3950 0.6102 0.4434 0.1461
0.1211 0.0275 0.0158 0.0507 0.1688 0.4270 0.5711 0.4359 0.1454 0.0324
0.0329 0.0138 0.0257 0.1233 0.3738 0.6294 0.4024 0.1408 0.0388 0.0222
0.0221 0.0382 0.1552 0.4645 0.5394 0.3743 0.1337 0.0414 0.0365 0.0680
0.0305 0.0889 0.3147 0.5730 0.4826 0.2197 0.0775 0.0367 0.0552 0.1374
0.1271 0.3045 0.4806 0.3879 0.1766 0.0868 0.0527 0.0747 0.1778 0.3617
0.3699 0.4482 0.3322 0.1589 0.0638 0.0550 0.0929 0.2345 0.4263 0.4535
0.4607 0.2011 0.0660 0.0354 0.0371 0.1128 0.3307 0.5755 0.4759 0.1937
0.1775 0.0387 0.0181 0.0403 0.1159 0.3422 0.5634 0.5186 0.2062 0.0430
0.0403 0.0137 0.0199 0.0991 0.3396 0.6227 0.4649 0.1864 0.0475 0.0208
0.0225 0.0280 0.1036 0.3654 0.5120 0.4517 0.1769 0.0520 0.0338 0.0501
0.0254 0.0719 0.2831 0.5863 0.5296 0.2511 0.0838 0.0337 0.0468 0.1168
0.0875 0.2359 0.4589 0.4471 0.2375 0.1080 0.0552 0.0607 0.1323 0.2961
0.3238 0.4684 0.4110 0.2071 0.0750 0.0532 0.0711 0.1775 0.3832 0.4836
0.4803 0.2749 0.1005 0.0469 0.0374 0.0882 0.2556 0.5144 0.5013 0.2635
0.2680 0.0609 0.0231 0.0316 0.0717 0.2518 0.5323 0.5953 0.2954 0.0637
0.0529 0.0152 0.0163 0.0810 0.2988 0.5899 0.5226 0.2507 0.0637 0.0212
0.0239 0.0196 0.0607 0.2509 0.4677 0.5448 0.2469 0.0717 0.0320 0.0346
0.0228 0.0597 0.2517 0.5810 0.5556 0.2806 0.0918 0.0327 0.0418 0.1013
0.0586 0.1712 0.4169 0.5035 0.3194 0.1390 0.0610 0.0499 0.0960 0.2290
0.2642 0.4569 0.4726 0.2623 0.0926 0.0564 0.0571 0.1307 0.3228 0.4857
0.4703 0.3680 0.1701 0.0738 0.0424 0.0669 0.1758 0.4143 0.5057 0.3555
0.3789 0.1006 0.0320 0.0265 0.0452 0.1780 0.4770 0.6426 0.3971 0.0999
0.0771 0.0185 0.0141 0.0638 0.2415 0.5272 0.5737 0.3456 0.0945 0.0237
0.0266 0.0142 0.0344 0.1612 0.4182 0.6253 0.3392 0.1032 0.0321 0.0242
0.0213 0.0482 0.2102 0.5496 0.5654 0.3197 0.1057 0.0341 0.0380 0.0850
0.0386 0.1176 0.3629 0.5559 0.4197 0.1819 0.0692 0.0408 0.0682 0.1700
0.1927 0.4023 0.5043 0.3268 0.1237 0.0663 0.0503 0.0955 0.2485 0.4473
0.4339 0.4419 0.2646 0.1155 0.0510 0.0552 0.1195 0.3112 0.4829 0.4342
0.4552 0.1540 0.0456 0.0272 0.0355 0.1342 0.4048 0.6361 0.4656 0.1487
0.1208 0.0259 0.0145 0.0489 0.1702 0.4341 0.5906 0.4510 0.1462 0.0304
0.0318 0.0126 0.0235 0.1177 0.3774 0.6492 0.4179 0.1427 0.0369 0.0204
0.0211 0.0368 0.1550 0.4733 0.5510 0.3804 0.1333 0.0398 0.0350 0.0663
0.0285 0.0866 0.3179 0.5893 0.5000 0.2235 0.0766 0.0349 0.0525 0.1342
0.1310 0.3245 0.5047 0.3945 0.1713 0.0821 0.0493 0.0732 0.1826 0.3807
0.3852 0.4909 0.3686 0.1680 0.0615 0.0496 0.0831 0.2254 0.4423 0.4921
0.4995 0.2333 0.0726 0.0344 0.0331 0.1006 0.3128 0.5831 0.5101 0.2218
0.2119 0.0440 0.0184 0.0349 0.0953 0.3084 0.5696 0.5668 0.2418 0.0477
0.0425 0.0132 0.0174 0.0908 0.3320 0.6274 0.4964 0.2069 0.0502 0.0196
0.0221 0.0235 0.0840 0.3223 0.5030 0.4947 0.2018 0.0572 0.0319 0.0423
0.0231 0.0658 0.2745 0.5983 0.5531 0.2638 0.0856 0.0319 0.0433 0.1092
0.0757 0.2163 0.4559 0.4735 0.2640 0.1158 0.0556 0.0559 0.1184 0.2755
0.3110 0.4929 0.4590 0.2327 0.0788 0.0511 0.0607 0.1542 0.3701 0.5103
0.4973 0.3435 0.1375 0.0581 0.0375 0.0718 0.2066 0.4700 0.5239 0.3278
0.3539 0.0840 0.0272 0.0258 0.0492 0.1970 0.5108 0.6516 0.3753 0.0844
0.0647 0.0160 0.0137 0.0691 0.2706 0.5651 0.5703 0.3112 0.0792 0.0212
0.0246 0.0146 0.0392 0.1817 0.4379 0.6179 0.3145 0.0911 0.0303 0.0254
0.0209 0.0516 0.2297 0.5764 0.5745 0.3046 0.0983 0.0320 0.0382 0.0905
0.0432 0.1343 0.3879 0.5478 0.3901 0.1658 0.0654 0.0429 0.0754 0.1880
0.2284 0.4505 0.5156 0.3041 0.1060 0.0586 0.0492 0.1059 0.2855 0.4871
0.4606 0.4510 0.2517 0.1049 0.0467 0.0539 0.1261 0.3368 0.5064 0.4380
0.4665 0.1478 0.0418 0.0246 0.0336 0.1361 0.4242 0.6591 0.4744 0.1424
0.1118 0.0233 0.0133 0.0499 0.1839 0.4564 0.6050 0.4449 0.1367 0.0276
0.0297 0.0119 0.0235 0.1197 0.3870 0.6626 0.4150 0.1355 0.0343 0.0196
0.0203 0.0379 0.1654 0.4964 0.5631 0.3714 0.1268 0.0374 0.0345 0.0686
0.0283 0.0884 0.3252 0.5957 0.5011 0.2202 0.0752 0.0346 0.0526 0.1358
0.1414 0.3501 0.5223 0.3890 0.1601 0.0767 0.0470 0.0746 0.1942 0.4040
0.4018 0.5129 0.3779 0.1663 0.0587 0.0471 0.0812 0.2296 0.4584 0.5099
0.5162 0.2471 0.0749 0.0338 0.0315 0.0963 0.3068 0.5875 0.5246 0.2337
0.2301 0.0465 0.0185 0.0324 0.0863 0.2928 0.5738 0.5913 0.2606 0.0498
0.0432 0.0129 0.0163 0.0874 0.3304 0.6312 0.5120 0.2163 0.0512 0.0189
0.0217 0.0218 0.0772 0.3066 0.5011 0.5146 0.2125 0.0589 0.0307 0.0393
0.0222 0.0637 0.2725 0.6052 0.5636 0.2683 0.0858 0.0311 0.0419 0.1067
0.0719 0.2120 0.4596 0.4851 0.2729 0.1174 0.0553 0.0543 0.1142 0.2703
0.3109 0.5144 0.4875 0.2444 0.0789 0.0492 0.0556 0.1448 0.3693 0.5309
0.5079 0.3939 0.1682 0.0673 0.0377 0.0627 0.1778 0.4398 0.5382 0.3748
0.4107 0.1039 0.0308 0.0234 0.0395 0.1683 0.4897 0.6757 0.4258 0.1023
0.0753 0.0172 0.0127 0.0623 0.2485 0.5411 0.5950 0.3550 0.0930 0.0219
0.0253 0.0128 0.0316 0.1536 0.4222 0.6494 0.3523 0.1033 0.0300 0.0221
0.0202 0.0478 0.2170 0.5689 0.5804 0.3185 0.1026 0.0321 0.0367 0.0852
0.0372 0.1191 0.3735 0.5700 0.4278 0.1805 0.0675 0.0397 0.0668 0.1704
0.2120 0.4485 0.5387 0.3264 0.1128 0.0594 0.0456 0.0957 0.2684 0.4880
0.4521 0.4993 0.3099 0.1276 0.0495 0.0482 0.1028 0.2930 0.5025 0.4862
0.5112 0.1904 0.0518 0.0256 0.0298 0.1150 0.3785 0.6484 0.5139 0.1808
0.1526 0.0298 0.0143 0.0409 0.1374 0.3887 0.6066 0.5179 0.1823 0.0338
0.0335 0.0116 0.0194 0.1030 0.3665 0.6635 0.4610 0.1638 0.0387 0.0184
0.0204 0.0301 0.1247 0.4245 0.5450 0.4275 0.1551 0.0437 0.0324 0.0550
0.0242 0.0748 0.3020 0.6114 0.5424 0.2443 0.0794 0.0319 0.0459 0.1197
0.1079 0.2964 0.5114 0.4337 0.1992 0.0895 0.0483 0.0642 0.1572 0.3536
0.3677 0.5419 0.4539 0.2075 0.0661 0.0450 0.0632 0.1809 0.4261 0.5450
0.5323 0.3440 0.1219 0.0484 0.0328 0.0721 0.2249 0.5133 0.5505 0.3239
0.3560 0.0785 0.0249 0.0242 0.0483 0.2008 0.5319 0.6702 0.3780 0.0790
0.0589 0.0146 0.0132 0.0710 0.2874 0.5887 0.5758 0.2976 0.0721 0.0196
0.0232 0.0145 0.0414 0.1925 0.4509 0.6199 0.3040 0.0845 0.0288 0.0256
0.0202 0.0535 0.2434 0.5974 0.5847 0.2964 0.0935 0.0304 0.0379 0.0935
0.0469 0.1504 0.4126 0.5450 0.3680 0.1528 0.0619 0.0443 0.0813 0.2042
0.2615 0.5044 0.5411 0.2937 0.0931 0.0516 0.0460 0.1117 0.3189 0.5318
0.4822 0.4983 0.2813 0.1107 0.0447 0.0481 0.1142 0.3293 0.5284 0.4792
0.5130 0.1724 0.0450 0.0228 0.0288 0.1214 0.4082 0.6740 0.5138 0.1641
0.1281 0.0250 0.0129 0.0449 0.1640 0.4314 0.6193 0.4870 0.1561 0.0289
0.0303 0.0112 0.0208 0.1098 0.3814 0.6758 0.4415 0.1462 0.0346 0.0181
0.0198 0.0342 0.1500 0.4764 0.5635 0.3937 0.1358 0.0386 0.0330 0.0627
0.0254 0.0810 0.3168 0.6117 0.5288 0.2323 0.0766 0.0326 0.0483 0.1267
0.1295 0.3425 0.5344 0.4109 0.1714 0.0789 0.0454 0.0691 0.1814 0.3966
0.3927 0.5548 0.4412 0.1937 0.0614 0.0434 0.0664 0.1973 0.4503 0.5519
0.5419 0.3342 0.1122 0.0442 0.0313 0.0741 0.2377 0.5337 0.5564 0.3136
0.3479 0.0733 0.0234 0.0239 0.0496 0.2070 0.5452 0.6757 0.3717 0.0741
0.0551 0.0138 0.0131 0.0729 0.2986 0.6033 0.5745 0.2853 0.0672 0.0187
0.0225 0.0146 0.0430 0.2002 0.4582 0.6178 0.2968 0.0811 0.0282 0.0259
0.0199 0.0541 0.2485 0.6057 0.5891 0.2934 0.0918 0.0298 0.0377 0.0945
0.0487 0.1577 0.4231 0.5427 0.3577 0.1475 0.0606 0.0451 0.0842 0.2112
0.2746 0.5229 0.5472 0.2890 0.0890 0.0495 0.0453 0.1144 0.3318 0.5466
0.4869 0.5169 0.2971 0.1152 0.0446 0.0459 0.1085 0.3222 0.5341 0.4961
0.5300 0.1830 0.0465 0.0223 0.0272 0.1162 0.4008 0.6779 0.5282 0.1736
0.1370 0.0259 0.0128 0.0426 0.1543 0.4182 0.6243 0.5068 0.1663 0.0297
0.0307 0.0109 0.0197 0.1061 0.3792 0.6803 0.4532 0.1513 0.0349 0.0176
0.0196 0.0325 0.1430 0.4659 0.5630 0.4049 0.1405 0.0392 0.0323 0.0600
0.0243 0.0782 0.3133 0.6185 0.5404 0.2374 0.0772 0.0317 0.0466 0.1231
0.1248 0.3394 0.5398 0.4202 0.1760 0.0797 0.0447 0.0672 0.1765 0.3931
0.3914 0.5719 0.4652 0.2035 0.0618 0.0419 0.0617 0.1875 0.4492 0.5683
0.5453 0.3832 0.1405 0.0530 0.0325 0.0650 0.2036 0.4960 0.5653 0.3593
0.4102 0.0917 0.0266 0.0212 0.0386 0.1745 0.5242 0.7038 0.4272 0.0908
0.0638 0.0146 0.0118 0.0660 0.2790 0.5815 0.6044 0.3295 0.0791 0.0190
0.0231 0.0123 0.0333 0.1637 0.4393 0.6587 0.3400 0.0934 0.0273 0.0217
0.0192 0.0498 0.2351 0.5997 0.5965 0.3070 0.0957 0.0297 0.0361 0.0889
0.0401 0.1342 0.4010 0.5695 0.4049 0.1656 0.0638 0.0412 0.0721 0.1849
0.2514 0.5172 0.5716 0.3136 0.0963 0.0509 0.0416 0.1011 0.3077 0.5453
0.4736 0.5615 0.3608 0.1407 0.0478 0.0415 0.0881 0.2778 0.5258 0.5410
0.5631 0.2391 0.0613 0.0254 0.0258 0.0974 0.3430 0.6486 0.5594 0.2240
0.2099 0.0380 0.0153 0.0321 0.0966 0.3212 0.6108 0.6001 0.2430 0.0412
0.0369 0.0112 0.0160 0.0907 0.3544 0.6671 0.5094 0.1936 0.0428 0.0170
0.0200 0.0230 0.0903 0.3511 0.5283 0.4955 0.1915 0.0509 0.0295 0.0423
0.0210 0.0653 0.2868 0.6283 0.5778 0.2633 0.0821 0.0295 0.0409 0.1081
0.0850 0.2580 0.5058 0.4753 0.2374 0.1005 0.0495 0.0572 0.1315 0.3134
0.3542 0.5814 0.5229 0.2406 0.0692 0.0421 0.0507 0.1513 0.4122 0.5851
0.5256 0.4970 0.2435 0.0896 0.0385 0.0482 0.1318 0.3839 0.5641 0.4698
0.5207 0.1495 0.0370 0.0192 0.0268 0.1275 0.4521 0.7144 0.5201 0.1434
0.0999 0.0191 0.0109 0.0503 0.2077 0.4942 0.6425 0.4492 0.1252 0.0228
0.0263 0.0102 0.0218 0.1166 0.4015 0.6981 0.4245 0.1273 0.0295 0.0172
0.0187 0.0384 0.1824 0.5390 0.5897 0.3600 0.1169 0.0331 0.0329 0.0712
0.0261 0.0891 0.3387 0.6198 0.5191 0.2197 0.0730 0.0329 0.0503 0.1343
0.1691 0.4277 0.5792 0.3845 0.1360 0.0641 0.0398 0.0753 0.2236 0.4727
0.4232 0.6019 0.4684 0.1946 0.0567 0.0387 0.0622 0.2021 0.4808 0.5896
0.5640 0.4058 0.1458 0.0524 0.0308 0.0614 0.1985 0.5016 0.5824 0.3777
0.4413 0.0972 0.0268 0.0193 0.0340 0.1626 0.5262 0.7259 0.4551 0.0959
0.0639 0.0140 0.0110 0.0646 0.2817 0.5865 0.6202 0.3401 0.0799 0.0182
0.0226 0.0112 0.0300 0.1519 0.4364 0.6793 0.3574 0.0966 0.0262 0.0198
0.0185 0.0483 0.2341 0.6065 0.6056 0.3104 0.0957 0.0289 0.0350 0.0871
0.0372 0.1288 0.3993 0.5827 0.4219 0.1707 0.0644 0.0398 0.0684 0.1774
0.2543 0.5362 0.5917 0.3211 0.0951 0.0492 0.0389 0.0974 0.3099 0.5621
0.4634 0.6055 0.4269 0.1674 0.0503 0.0378 0.0719 0.2408 0.5191 0.5842
0.5851 0.3313 0.0949 0.0345 0.0263 0.0752 0.2635 0.5877 0.5878 0.3071
0.3544 0.0667 0.0209 0.0218 0.0473 0.2076 0.5747 0.7061 0.3806 0.0678
0.0489 0.0121 0.0122 0.0745 0.3205 0.6342 0.5855 0.2711 0.0594 0.0167
0.0209 0.0136 0.0427 0.2038 0.4706 0.6326 0.2962 0.0766 0.0260 0.0246
0.0187 0.0538 0.2581 0.6285 0.6063 0.2906 0.0884 0.0280 0.0363 0.0946
0.0506 0.1713 0.4476 0.5461 0.3436 0.1380 0.0581 0.0464 0.0881 0.2221
0.3074 0.5799 0.5792 0.2854 0.0796 0.0437 0.0414 0.1175 0.3637 0.5928
0.4774 0.6049 0.4098 0.1576 0.0483 0.0378 0.0762 0.2562 0.5316 0.5804
0.5931 0.3042 0.0805 0.0294 0.0247 0.0806 0.2911 0.6200 0.5904 0.2822
0.3187 0.0558 0.0184 0.0229 0.0550 0.2305 0.5969 0.6977 0.3497 0.0578
0.0437 0.0112 0.0127 0.0784 0.3363 0.6545 0.5727 0.2463 0.0523 0.0160
0.0202 0.0143 0.0478 0.2246 0.4843 0.6177 0.2780 0.0704 0.0257 0.0262
0.0184 0.0551 0.2654 0.6377 0.6100 0.2864 0.0864 0.0274 0.0363 0.0961
0.0559 0.1881 0.4658 0.5348 0.3187 0.1277 0.0560 0.0488 0.0958 0.2386
0.3235 0.5969 0.5807 0.2783 0.0758 0.0420 0.0416 0.1225 0.3796 0.6050
0.4725 0.6238 0.4393 0.1697 0.0495 0.0365 0.0697 0.2403 0.5279 0.5985
0.5967 0.3655 0.1082 0.0376 0.0261 0.0680 0.2421 0.5737 0.6021 0.3379
0.4087 0.0756 0.0220 0.0186 0.0371 0.1788 0.5724 0.7448 0.4316 0.0761
0.0515 0.0118 0.0109 0.0706 0.3179 0.6330 0.6146 0.2960 0.0635 0.0160
0.0206 0.0112 0.0332 0.1682 0.4565 0.6795 0.3372 0.0854 0.0242 0.0202
0.0177 0.0504 0.2523 0.6350 0.6197 0.2982 0.0894 0.0270 0.0346 0.0907
0.0430 0.1531 0.4362 0.5711 0.3794 0.1495 0.0604 0.0436 0.0781 0.1999
0.3079 0.5995 0.6047 0.2961 0.0791 0.0421 0.0382 0.1116 0.3636 0.6103
0.4556 0.6512 0.4952 0.1957 0.0525 0.0348 0.0587 0.2088 0.5128 0.6267
0.5518 0.5658 0.2897 0.1002 0.0371 0.0406 0.1138 0.3706 0.5936 0.5291
0.5854 0.1659 0.0363 0.0158 0.0209 0.1117 0.4515 0.7513 0.5750 0.1604
0.1026 0.0173 0.0090 0.0470 0.2099 0.4988 0.6815 0.4887 0.1317 0.0205
0.0247 0.0088 0.0190 0.1068 0.4060 0.7308 0.4532 0.1291 0.0268 0.0149
0.0173 0.0343 0.1731 0.5398 0.6038 0.3761 0.1205 0.0319 0.0306 0.0659
0.0212 0.0774 0.3269 0.6527 0.5711 0.2408 0.0751 0.0294 0.0429 0.1184
0.1634 0.4427 0.6104 0.4033 0.1367 0.0618 0.0368 0.0715 0.2190 0.4831
0.4139 0.6565 0.5515 0.2309 0.0590 0.0353 0.0483 0.1681 0.4713 0.6402
0.4604 0.6710 0.5165 0.2029 0.0522 0.0333 0.0555 0.2041 0.5181 0.6430
0.5054 0.6566 0.4470 0.1650 0.0456 0.0331 0.0699 0.2587 0.5618 0.6217
0.6344 0.3364 0.0825 0.0272 0.0217 0.0730 0.2831 0.6390 0.6264 0.3105
0.3770 0.0619 0.0190 0.0189 0.0415 0.1964 0.6048 0.7505 0.4064 0.0634
0.0435 0.0107 0.0115 0.0758 0.3423 0.6662 0.5994 0.2575 0.0524 0.0149
0.0195 0.0116 0.0376 0.1892 0.4741 0.6658 0.3141 0.0767 0.0235 0.0215
0.0171 0.0521 0.2642 0.6521 0.6279 0.2911 0.0858 0.0260 0.0344 0.0927
0.0512 0.1808 0.4699 0.5499 0.3310 0.1297 0.0571 0.0487 0.0910 0.2260
0.3503 0.6237 0.5844 0.2677 0.0699 0.0391 0.0418 0.1318 0.4068 0.6240
0.4702 0.6478 0.4736 0.1833 0.0503 0.0348 0.0631 0.2252 0.5266 0.6204
0.5662 0.5232 0.2355 0.0804 0.0340 0.0452 0.1371 0.4182 0.5998 0.4868
0.5474 0.1562 0.0365 0.0176 0.0242 0.1222 0.4545 0.7304 0.5417 0.1495
0.0959 0.0183 0.0105 0.0511 0.2169 0.5077 0.6502 0.4443 0.1206 0.0218
0.0256 0.0100 0.0218 0.1170 0.4053 0.7043 0.4229 0.1241 0.0285 0.0170
0.0183 0.0400 0.1940 0.5594 0.5981 0.3484 0.1111 0.0315 0.0330 0.0743
0.0269 0.0931 0.3478 0.6190 0.5099 0.2130 0.0719 0.0336 0.0518 0.1381
0.1872 0.4516 0.5825 0.3674 0.1241 0.0600 0.0397 0.0806 0.2427 0.4932
0.4438 0.5889 0.4276 0.1729 0.0530 0.0394 0.0710 0.2296 0.5001 0.5730
0.5700 0.3276 0.0980 0.0368 0.0278 0.0761 0.2587 0.5731 0.5758 0.3046
0.3347 0.0680 0.0220 0.0241 0.0525 0.2177 0.5581 0.6746 0.3597 0.0691
0.0505 0.0131 0.0135 0.0763 0.3118 0.6198 0.5634 0.2639 0.0609 0.0182
0.0218 0.0162 0.0513 0.2302 0.4749 0.5923 0.2690 0.0723 0.0282 0.0290
0.0201 0.0577 0.2624 0.6170 0.5883 0.2827 0.0877 0.0293 0.0385 0.0993
0.0588 0.1892 0.4555 0.5220 0.3127 0.1284 0.0562 0.0491 0.0984 0.2437
0.3124 0.5572 0.5445 0.2678 0.0783 0.0449 0.0465 0.1293 0.3705 0.5713
0.5153 0.5039 0.2590 0.0965 0.0401 0.0473 0.1246 0.3663 0.5567 0.4783
0.5197 0.1629 0.0409 0.0208 0.0276 0.1247 0.4287 0.6936 0.5181 0.1552
0.1118 0.0220 0.0121 0.0483 0.1868 0.4650 0.6259 0.4601 0.1377 0.0260
0.0282 0.0110 0.0224 0.1168 0.3932 0.6819 0.4228 0.1327 0.0319 0.0183
0.0194 0.0386 0.1762 0.5218 0.5780 0.3637 0.1204 0.0348 0.0337 0.0707
0.0275 0.0909 0.3370 0.6090 0.5071 0.2166 0.0731 0.0338 0.0521 0.1376
0.1619 0.4081 0.5652 0.3856 0.1417 0.0670 0.0415 0.0752 0.2161 0.4556
0.4220 0.5802 0.4411 0.1844 0.0565 0.0405 0.0674 0.2123 0.4793 0.5697
0.5607 0.3404 0.1083 0.0410 0.0293 0.0732 0.2431 0.5511 0.5711 0.3175
0.3538 0.0736 0.0232 0.0233 0.0484 0.2054 0.5490 0.6824 0.3769 0.0743
0.0535 0.0135 0.0131 0.0738 0.3035 0.6102 0.5733 0.2792 0.0650 0.0185
0.0222 0.0151 0.0459 0.2108 0.4650 0.6102 0.2864 0.0774 0.0280 0.0269
0.0199 0.0558 0.2560 0.6133 0.5904 0.2881 0.0895 0.0294 0.0380 0.0969
0.0537 0.1745 0.4424 0.5336 0.3338 0.1366 0.0580 0.0471 0.0914 0.2283
0.2959 0.5505 0.5561 0.2811 0.0826 0.0462 0.0445 0.1199 0.3532 0.5682
0.5012 0.5330 0.3014 0.1137 0.0429 0.0441 0.1075 0.3288 0.5477 0.5086
0.5437 0.1909 0.0472 0.0218 0.0261 0.1130 0.3967 0.6819 0.5392 0.1805
0.1418 0.0265 0.0128 0.0415 0.1495 0.4118 0.6264 0.5162 0.1716 0.0303
0.0308 0.0108 0.0194 0.1048 0.3786 0.6824 0.4573 0.1529 0.0350 0.0174
0.0194 0.0328 0.1452 0.4711 0.5660 0.4038 0.1391 0.0386 0.0321 0.0604
0.0241 0.0794 0.3174 0.6229 0.5424 0.2362 0.0762 0.0314 0.0465 0.1243
0.1332 0.3646 0.5596 0.4179 0.1659 0.0745 0.0423 0.0679 0.1862 0.4159
0.4026 0.5995 0.4901 0.2095 0.0600 0.0392 0.0577 0.1845 0.4610 0.5918
0.5589 0.4281 0.1637 0.0587 0.0321 0.0579 0.1824 0.4776 0.5813 0.3992
0.4583 0.1096 0.0294 0.0196 0.0325 0.1545 0.5042 0.7177 0.4678 0.1071
0.0715 0.0154 0.0112 0.0615 0.2624 0.5625 0.6215 0.3625 0.0894 0.0196
0.0237 0.0113 0.0287 0.1454 0.4276 0.6781 0.3668 0.1023 0.0273 0.0198
0.0189 0.0473 0.2260 0.5934 0.5993 0.3163 0.0987 0.0298 0.0352 0.0854
0.0357 0.1216 0.3871 0.5853 0.4349 0.1779 0.0658 0.0388 0.0656 0.1707
0.2358 0.5108 0.5851 0.3302 0.1018 0.0522 0.0396 0.0935 0.2916 0.5418
0.4614 0.5887 0.4077 0.1608 0.0503 0.0392 0.0760 0.2481 0.5163 0.5691
0.5773 0.2967 0.0814 0.0310 0.0261 0.0827 0.2899 0.6086 0.5772 0.2760
0.2994 0.0555 0.0189 0.0250 0.0608 0.2426 0.5861 0.6705 0.3295 0.0575
0.0441 0.0118 0.0137 0.0804 0.3320 0.6459 0.5548 0.2389 0.0526 0.0170
0.0207 0.0168 0.0577 0.2554 0.4922 0.5791 0.2509 0.0654 0.0275 0.0307
0.0196 0.0585 0.2698 0.6289 0.5951 0.2791 0.0856 0.0285 0.0381 0.1002
0.0640 0.2068 0.4753 0.5142 0.2917 0.1191 0.0540 0.0513 0.1059 0.2602
0.3275 0.5833 0.5584 0.2668 0.0749 0.0428 0.0448 0.1302 0.3844 0.5920
0.5052 0.5641 0.3318 0.1234 0.0432 0.0411 0.0976 0.3130 0.5536 0.5369
0.5718 0.2136 0.0509 0.0214 0.0240 0.1036 0.3792 0.6844 0.5637 0.2011
0.1681 0.0295 0.0129 0.0364 0.1254 0.3754 0.6340 0.5649 0.2011 0.0329
0.0322 0.0104 0.0171 0.0969 0.3727 0.6883 0.4875 0.1683 0.0365 0.0164
0.0191 0.0272 0.1178 0.4212 0.5559 0.4476 0.1604 0.0426 0.0301 0.0508
0.0214 0.0702 0.3021 0.6363 0.5733 0.2535 0.0790 0.0294 0.0420 0.1131
0.1088 0.3207 0.5469 0.4486 0.1944 0.0838 0.0443 0.0622 0.1598 0.3731
0.3821 0.6137 0.5328 0.2340 0.0639 0.0388 0.0500 0.1600 0.4400 0.6090
0.5323 0.5445 0.2851 0.1021 0.0389 0.0429 0.1147 0.3597 0.5748 0.5131
0.5624 0.1764 0.0408 0.0184 0.0236 0.1144 0.4275 0.7180 0.5544 0.1680
0.1180 0.0211 0.0108 0.0449 0.1810 0.4600 0.6526 0.4956 0.1471 0.0246
0.0274 0.0098 0.0195 0.1076 0.3942 0.7059 0.4502 0.1384 0.0304 0.0163
0.0184 0.0346 0.1642 0.5140 0.5868 0.3833 0.1264 0.0345 0.0316 0.0649
0.0234 0.0808 0.3264 0.6340 0.5478 0.2334 0.0749 0.0310 0.0460 0.1244
0.1515 0.4111 0.5875 0.4078 0.1482 0.0671 0.0390 0.0698 0.2057 0.4568
0.4114 0.6319 0.5224 0.2197 0.0590 0.0368 0.0525 0.1768 0.4694 0.6194
0.5404 0.5546 0.2883 0.1018 0.0382 0.0418 0.1138 0.3632 0.5828 0.5210
0.5730 0.1762 0.0398 0.0175 0.0225 0.1126 0.4324 0.7282 0.5634 0.1682
0.1143 0.0201 0.0103 0.0452 0.1877 0.4697 0.6610 0.4952 0.1435 0.0235
0.0266 0.0095 0.0194 0.1073 0.3975 0.7130 0.4512 0.1359 0.0294 0.0159
0.0180 0.0347 0.1673 0.5224 0.5921 0.3807 0.1244 0.0337 0.0313 0.0654
