0.0136 0.0397 0.1415 0.4531 0.6297 0.3742 0.0997 0.0256 0.0235 0.0535
0.0401 0.1668 0.4505 0.5853 0.4181 0.1591 0.0363 0.0248 0.0738 0.2050
0.1676 0.4114 0.4956 0.3628 0.1533 0.0702 0.0401 0.0695 0.2401 0.4091
0.4477 0.4660 0.2621 0.0924 0.0446 0.0645 0.1126 0.2808 0.4929 0.4159
0.4562 0.1976 0.0616 0.0258 0.0378 0.1380 0.3605 0.5743 0.4666 0.1855
0.1574 0.0441 0.0205 0.0270 0.1064 0.3979 0.5422 0.4371 0.1696 0.0456
0.0412 0.0173 0.0258 0.0874 0.3522 0.6027 0.4345 0.1648 0.0517 0.0241
0.0139 0.0303 0.1063 0.3911 0.6309 0.4272 0.1310 0.0324 0.0232 0.0431
0.0299 0.1286 0.3944 0.5890 0.4770 0.1908 0.0407 0.0221 0.0559 0.1619
0.1257 0.3650 0.5253 0.4406 0.2017 0.0796 0.0350 0.0522 0.1930 0.3814
0.4025 0.5064 0.3318 0.1296 0.0533 0.0573 0.0834 0.2127 0.4586 0.4528
0.5124 0.2658 0.0888 0.0307 0.0333 0.1108 0.2975 0.5517 0.5248 0.2462
0.2234 0.0634 0.0231 0.0223 0.0762 0.3057 0.5289 0.5195 0.2353 0.0631
0.0542 0.0187 0.0206 0.0604 0.2726 0.6055 0.4979 0.2149 0.0647 0.0237
0.0161 0.0223 0.0745 0.3058 0.6103 0.4915 0.1851 0.0475 0.0252 0.0344
0.0207 0.0883 0.3043 0.5711 0.5468 0.2407 0.0509 0.0204 0.0388 0.1131
0.0878 0.2990 0.5317 0.5127 0.2659 0.0973 0.0325 0.0390 0.1455 0.3318
0.3277 0.5071 0.3972 0.1869 0.0719 0.0564 0.0630 0.1505 0.3947 0.4614
0.5331 0.3455 0.1328 0.0411 0.0325 0.0889 0.2250 0.4862 0.5522 0.3152
0.3057 0.0936 0.0288 0.0203 0.0560 0.2286 0.4953 0.5781 0.3160 0.0905
0.0734 0.0221 0.0182 0.0438 0.2060 0.5790 0.5415 0.2768 0.0841 0.0256
0.0205 0.0174 0.0507 0.2165 0.5608 0.5524 0.2629 0.0745 0.0301 0.0283
0.0151 0.0596 0.2182 0.5356 0.6070 0.3002 0.0669 0.0202 0.0277 0.0774
0.0607 0.2371 0.5247 0.5731 0.3391 0.1203 0.0313 0.0296 0.1078 0.2798
0.2609 0.4970 0.4644 0.2616 0.0973 0.0564 0.0481 0.1069 0.3355 0.4659
0.5252 0.4284 0.1940 0.0587 0.0346 0.0719 0.1619 0.3980 0.5530 0.3841
0.3975 0.1395 0.0401 0.0209 0.0429 0.1727 0.4421 0.6076 0.4056 0.1322
0.1041 0.0287 0.0177 0.0331 0.1519 0.5139 0.5634 0.3566 0.1153 0.0311
0.0276 0.0154 0.0349 0.1421 0.4765 0.5968 0.3531 0.1133 0.0376 0.0244
0.0124 0.0409 0.1533 0.4847 0.6455 0.3647 0.0899 0.0222 0.0220 0.0547
0.0425 0.1816 0.4886 0.6045 0.4089 0.1486 0.0327 0.0241 0.0794 0.2247
0.1878 0.4479 0.5144 0.3559 0.1408 0.0633 0.0387 0.0735 0.2634 0.4407
0.4797 0.4976 0.2738 0.0901 0.0412 0.0599 0.1106 0.2928 0.5205 0.4420
0.4864 0.2109 0.0635 0.0247 0.0347 0.1305 0.3627 0.5985 0.4944 0.1970
0.1646 0.0445 0.0196 0.0251 0.1008 0.3918 0.5565 0.4625 0.1771 0.0455
0.0405 0.0161 0.0242 0.0840 0.3528 0.6184 0.4505 0.1693 0.0509 0.0226
0.0130 0.0282 0.1029 0.3953 0.6451 0.4378 0.1326 0.0314 0.0218 0.0407
0.0279 0.1239 0.3984 0.6022 0.4895 0.1939 0.0396 0.0208 0.0533 0.1580
0.1199 0.3636 0.5432 0.4644 0.2132 0.0801 0.0330 0.0485 0.1867 0.3848
0.3992 0.5349 0.3671 0.1461 0.0560 0.0533 0.0738 0.1943 0.4565 0.4792
0.5506 0.3134 0.1084 0.0333 0.0304 0.0965 0.2670 0.5466 0.5632 0.2880
0.2661 0.0756 0.0243 0.0199 0.0635 0.2640 0.5278 0.5697 0.2776 0.0738
0.0604 0.0189 0.0183 0.0509 0.2432 0.6116 0.5321 0.2430 0.0707 0.0229
0.0166 0.0190 0.0634 0.2756 0.6088 0.5245 0.2134 0.0551 0.0256 0.0305
0.0173 0.0750 0.2753 0.5723 0.5814 0.2631 0.0543 0.0190 0.0327 0.0971
0.0763 0.2817 0.5522 0.5549 0.2972 0.1027 0.0299 0.0336 0.1313 0.3230
0.3110 0.5333 0.4510 0.2248 0.0803 0.0521 0.0523 0.1279 0.3816 0.4903
0.5580 0.4242 0.1788 0.0507 0.0314 0.0731 0.1797 0.4433 0.5791 0.3811
0.3827 0.1260 0.0352 0.0195 0.0443 0.1834 0.4696 0.6216 0.3900 0.1193
0.0913 0.0252 0.0170 0.0354 0.1685 0.5491 0.5695 0.3339 0.1023 0.0277
0.0243 0.0149 0.0384 0.1647 0.5172 0.5934 0.3278 0.0997 0.0339 0.0245
0.0121 0.0452 0.1734 0.5151 0.6479 0.3453 0.0793 0.0199 0.0221 0.0597
0.0485 0.2057 0.5241 0.6099 0.3852 0.1345 0.0302 0.0249 0.0903 0.2528
0.2168 0.4850 0.5183 0.3323 0.1240 0.0576 0.0393 0.0820 0.2937 0.4689
0.5096 0.5161 0.2748 0.0849 0.0381 0.0577 0.1133 0.3118 0.5453 0.4571
0.4992 0.2110 0.0613 0.0234 0.0335 0.1298 0.3748 0.6188 0.5048 0.1967
0.1601 0.0423 0.0188 0.0248 0.1025 0.4029 0.5673 0.4661 0.1730 0.0433
0.0385 0.0152 0.0240 0.0864 0.3660 0.6273 0.4515 0.1659 0.0488 0.0218
0.0120 0.0285 0.1076 0.4158 0.6589 0.4331 0.1247 0.0284 0.0205 0.0408
0.0290 0.1325 0.4277 0.6184 0.4838 0.1852 0.0365 0.0202 0.0562 0.1699
0.1308 0.3898 0.5611 0.4623 0.2016 0.0736 0.0317 0.0504 0.2014 0.4097
0.4165 0.5626 0.3850 0.1485 0.0541 0.0500 0.0706 0.1943 0.4714 0.5025
0.5798 0.3436 0.1192 0.0340 0.0285 0.0895 0.2560 0.5532 0.5898 0.3141
0.2900 0.0825 0.0248 0.0188 0.0580 0.2453 0.5294 0.5965 0.3006 0.0795
0.0628 0.0189 0.0175 0.0474 0.2321 0.6149 0.5471 0.2557 0.0731 0.0225
0.0168 0.0176 0.0590 0.2635 0.6103 0.5399 0.2269 0.0586 0.0257 0.0289
0.0161 0.0708 0.2670 0.5755 0.5956 0.2709 0.0550 0.0182 0.0305 0.0920
0.0733 0.2789 0.5653 0.5721 0.3067 0.1033 0.0286 0.0318 0.1282 0.3242
0.3120 0.5487 0.4715 0.2364 0.0817 0.0499 0.0492 0.1229 0.3832 0.5057
0.5646 0.4620 0.2041 0.0566 0.0315 0.0670 0.1607 0.4184 0.5860 0.4122
0.4249 0.1469 0.0399 0.0195 0.0395 0.1643 0.4525 0.6387 0.4306 0.1380
0.1032 0.0274 0.0167 0.0318 0.1505 0.5254 0.5809 0.3694 0.1148 0.0295
0.0267 0.0140 0.0331 0.1401 0.4870 0.6129 0.3652 0.1155 0.0364 0.0228
0.0111 0.0389 0.1523 0.5003 0.6655 0.3708 0.0875 0.0202 0.0200 0.0521
0.0422 0.1875 0.5198 0.6284 0.4133 0.1443 0.0298 0.0225 0.0808 0.2359
0.1952 0.4763 0.5490 0.3760 0.1419 0.0584 0.0352 0.0710 0.2727 0.4707
0.4904 0.5662 0.3353 0.1090 0.0421 0.0506 0.0891 0.2583 0.5313 0.5006
0.5663 0.2805 0.0862 0.0268 0.0288 0.1055 0.3198 0.6116 0.5710 0.2589
0.2213 0.0588 0.0206 0.0204 0.0752 0.3153 0.5605 0.5496 0.2343 0.0579
0.0485 0.0161 0.0194 0.0621 0.2936 0.6357 0.5114 0.2083 0.0587 0.0210
0.0131 0.0219 0.0817 0.3508 0.6519 0.4868 0.1638 0.0380 0.0216 0.0338
0.0218 0.1011 0.3622 0.6112 0.5380 0.2191 0.0421 0.0185 0.0425 0.1314
0.0992 0.3391 0.5778 0.5284 0.2528 0.0854 0.0289 0.0393 0.1631 0.3756
0.3715 0.5794 0.4476 0.1954 0.0661 0.0471 0.0557 0.1516 0.4344 0.5247
0.5955 0.4385 0.1760 0.0462 0.0285 0.0712 0.1895 0.4796 0.6097 0.3937
0.3881 0.1229 0.0329 0.0182 0.0432 0.1836 0.4890 0.6450 0.3946 0.1157
0.0848 0.0229 0.0161 0.0357 0.1774 0.5749 0.5829 0.3285 0.0957 0.0252
0.0220 0.0140 0.0397 0.1790 0.5473 0.5985 0.3177 0.0927 0.0314 0.0238
0.0115 0.0464 0.1835 0.5358 0.6563 0.3384 0.0736 0.0181 0.0214 0.0609
0.0511 0.2194 0.5533 0.6228 0.3769 0.1270 0.0279 0.0246 0.0961 0.2713
0.2387 0.5180 0.5333 0.3259 0.1155 0.0528 0.0383 0.0863 0.3161 0.4971
0.5235 0.5558 0.3047 0.0919 0.0377 0.0526 0.1027 0.2984 0.5571 0.4907
0.5460 0.2455 0.0715 0.0240 0.0299 0.1160 0.3556 0.6331 0.5494 0.2274
0.1889 0.0487 0.0189 0.0216 0.0865 0.3595 0.5759 0.5221 0.2031 0.0486
0.0420 0.0146 0.0206 0.0719 0.3313 0.6446 0.4924 0.1883 0.0522 0.0201
0.0116 0.0239 0.0935 0.3934 0.6692 0.4645 0.1407 0.0310 0.0197 0.0358
0.0244 0.1150 0.4044 0.6267 0.5166 0.2014 0.0376 0.0184 0.0482 0.1500
0.1127 0.3675 0.5838 0.5095 0.2309 0.0782 0.0289 0.0430 0.1808 0.3995
0.3988 0.5919 0.4373 0.1794 0.0603 0.0460 0.0589 0.1658 0.4572 0.5325
0.6062 0.4291 0.1660 0.0429 0.0276 0.0731 0.2017 0.5027 0.6175 0.3862
0.3775 0.1149 0.0303 0.0174 0.0440 0.1898 0.5064 0.6540 0.3848 0.1080
0.0785 0.0209 0.0156 0.0367 0.1865 0.5957 0.5896 0.3194 0.0896 0.0233
0.0204 0.0134 0.0409 0.1908 0.5679 0.6007 0.3087 0.0875 0.0296 0.0234
0.0111 0.0465 0.1882 0.5469 0.6615 0.3359 0.0709 0.0172 0.0209 0.0610
0.0522 0.2250 0.5666 0.6293 0.3736 0.1238 0.0269 0.0244 0.0986 0.2794
0.2474 0.5317 0.5407 0.3251 0.1131 0.0511 0.0379 0.0875 0.3244 0.5090
0.5262 0.5783 0.3256 0.0983 0.0383 0.0499 0.0956 0.2856 0.5594 0.5101
0.5744 0.2703 0.0796 0.0247 0.0280 0.1079 0.3408 0.6385 0.5767 0.2497
0.2072 0.0532 0.0192 0.0202 0.0788 0.3347 0.5783 0.5514 0.2221 0.0524
0.0442 0.0146 0.0192 0.0656 0.3139 0.6509 0.5116 0.1999 0.0544 0.0196
0.0117 0.0221 0.0869 0.3789 0.6711 0.4799 0.1505 0.0330 0.0197 0.0337
0.0226 0.1083 0.3946 0.6303 0.5307 0.2086 0.0381 0.0177 0.0451 0.1422
0.1074 0.3615 0.5949 0.5278 0.2417 0.0793 0.0278 0.0406 0.1749 0.3984
0.3910 0.6049 0.4626 0.1959 0.0639 0.0444 0.0542 0.1539 0.4504 0.5467
0.6096 0.4840 0.2035 0.0514 0.0281 0.0643 0.1689 0.4577 0.6229 0.4314
0.4323 0.1416 0.0363 0.0178 0.0384 0.1655 0.4808 0.6708 0.4362 0.1317
0.0931 0.0239 0.0155 0.0321 0.1610 0.5611 0.6016 0.3648 0.1052 0.0257
0.0237 0.0125 0.0335 0.1527 0.5235 0.6253 0.3594 0.1089 0.0331 0.0215
0.0098 0.0383 0.1573 0.5240 0.6823 0.3688 0.0817 0.0178 0.0184 0.0509
0.0434 0.1967 0.5522 0.6468 0.4078 0.1375 0.0272 0.0218 0.0849 0.2511
0.2118 0.5050 0.5641 0.3726 0.1346 0.0542 0.0342 0.0737 0.2902 0.4960
0.4925 0.6056 0.3774 0.1246 0.0442 0.0462 0.0777 0.2349 0.5322 0.5359
0.6185 0.3489 0.1135 0.0301 0.0257 0.0886 0.2775 0.6030 0.6217 0.3192
0.2894 0.0775 0.0222 0.0170 0.0563 0.2473 0.5605 0.6310 0.3028 0.0737
0.0565 0.0161 0.0160 0.0473 0.2444 0.6490 0.5685 0.2532 0.0669 0.0195
0.0143 0.0159 0.0602 0.2882 0.6461 0.5488 0.2167 0.0520 0.0227 0.0271
0.0148 0.0707 0.2849 0.6024 0.6079 0.2674 0.0501 0.0163 0.0294 0.0930
0.0759 0.2953 0.6021 0.5953 0.3061 0.0968 0.0258 0.0305 0.1344 0.3484
0.3351 0.5968 0.5139 0.2515 0.0805 0.0443 0.0442 0.1200 0.4036 0.5506
0.5732 0.5722 0.2929 0.0798 0.0332 0.0517 0.1130 0.3405 0.5958 0.5040
0.5522 0.2300 0.0628 0.0215 0.0292 0.1207 0.3898 0.6699 0.5523 0.2125
0.1634 0.0406 0.0172 0.0224 0.0974 0.4042 0.5996 0.5086 0.1794 0.0406
0.0364 0.0129 0.0211 0.0809 0.3697 0.6591 0.4829 0.1743 0.0466 0.0188
0.0099 0.0249 0.1029 0.4346 0.6917 0.4503 0.1230 0.0251 0.0176 0.0363
0.0268 0.1303 0.4596 0.6519 0.4970 0.1837 0.0324 0.0178 0.0546 0.1725
0.1296 0.4046 0.6009 0.4977 0.2112 0.0698 0.0281 0.0465 0.2025 0.4334
0.4163 0.6237 0.4635 0.1871 0.0601 0.0430 0.0554 0.1629 0.4701 0.5614
0.6184 0.5113 0.2206 0.0545 0.0280 0.0607 0.1583 0.4454 0.6304 0.4541
0.4594 0.1524 0.0382 0.0176 0.0357 0.1562 0.4795 0.6898 0.4623 0.1409
0.0957 0.0239 0.0150 0.0304 0.1548 0.5591 0.6166 0.3867 0.1091 0.0253
0.0242 0.0115 0.0302 0.1400 0.5127 0.6430 0.3850 0.1187 0.0338 0.0199
0.0088 0.0342 0.1447 0.5214 0.6993 0.3861 0.0854 0.0172 0.0166 0.0457
0.0398 0.1865 0.5595 0.6641 0.4233 0.1420 0.0261 0.0201 0.0802 0.2436
0.2028 0.5050 0.5851 0.3982 0.1438 0.0537 0.0318 0.0684 0.2820 0.5024
0.4717 0.6385 0.4334 0.1542 0.0502 0.0424 0.0640 0.1973 0.5142 0.5685
0.6459 0.4661 0.1783 0.0421 0.0252 0.0679 0.1986 0.5233 0.6509 0.4180
0.4009 0.1187 0.0291 0.0160 0.0407 0.1811 0.5281 0.6938 0.4077 0.1094
0.0742 0.0189 0.0143 0.0352 0.1887 0.6217 0.6181 0.3326 0.0865 0.0207
0.0191 0.0114 0.0378 0.1887 0.5875 0.6251 0.3252 0.0907 0.0281 0.0210
0.0092 0.0409 0.1754 0.5572 0.6894 0.3525 0.0715 0.0153 0.0178 0.0536
0.0489 0.2202 0.5947 0.6588 0.3863 0.1242 0.0244 0.0221 0.0962 0.2828
0.2529 0.5570 0.5749 0.3480 0.1170 0.0478 0.0344 0.0834 0.3299 0.5372
0.4969 0.6536 0.4329 0.1468 0.0472 0.0411 0.0656 0.2090 0.5339 0.5810
0.6609 0.4696 0.1764 0.0404 0.0241 0.0675 0.2044 0.5418 0.6636 0.4216
0.3963 0.1147 0.0276 0.0155 0.0410 0.1840 0.5430 0.7045 0.4041 0.1048
0.0696 0.0176 0.0139 0.0361 0.1973 0.6392 0.6246 0.3252 0.0818 0.0193
0.0179 0.0110 0.0390 0.1997 0.6049 0.6251 0.3160 0.0860 0.0268 0.0208
0.0089 0.0412 0.1795 0.5655 0.6918 0.3494 0.0692 0.0147 0.0176 0.0539
0.0503 0.2259 0.6062 0.6625 0.3809 0.1210 0.0237 0.0222 0.0992 0.2913
0.2683 0.5725 0.5745 0.3366 0.1110 0.0461 0.0350 0.0877 0.3440 0.5485
0.4848 0.6648 0.4579 0.1622 0.0508 0.0400 0.0603 0.1922 0.5227 0.5933
0.6507 0.5441 0.2333 0.0538 0.0260 0.0569 0.1559 0.4608 0.6570 0.4821
0.4727 0.1522 0.0364 0.0166 0.0345 0.1551 0.5035 0.7204 0.4749 0.1381
0.0861 0.0211 0.0140 0.0308 0.1657 0.5931 0.6406 0.3873 0.1009 0.0220
0.0221 0.0101 0.0298 0.1469 0.5400 0.6570 0.3874 0.1166 0.0315 0.0185
0.0077 0.0325 0.1428 0.5365 0.7163 0.3902 0.0823 0.0152 0.0150 0.0429
0.0398 0.1896 0.5892 0.6834 0.4206 0.1377 0.0238 0.0192 0.0827 0.2540
0.2179 0.5315 0.6011 0.3979 0.1385 0.0501 0.0308 0.0704 0.2975 0.5271
0.4556 0.6725 0.4957 0.1917 0.0585 0.0390 0.0526 0.1655 0.4976 0.6056
0.5566 0.6653 0.4024 0.1196 0.0396 0.0412 0.0769 0.2543 0.5797 0.5874
0.6846 0.3895 0.1236 0.0283 0.0217 0.0810 0.2841 0.6569 0.6804 0.3562
0.3112 0.0804 0.0202 0.0144 0.0499 0.2267 0.6036 0.7019 0.3339 0.0722
0.0505 0.0132 0.0137 0.0443 0.2485 0.6930 0.6135 0.2661 0.0621 0.0157
0.0122 0.0128 0.0555 0.2961 0.6823 0.5771 0.2236 0.0497 0.0202 0.0232
0.0121 0.0622 0.2801 0.6245 0.6354 0.2786 0.0477 0.0139 0.0254 0.0832
0.0725 0.2954 0.6452 0.6346 0.3168 0.0939 0.0224 0.0277 0.1344 0.3646
0.3752 0.6528 0.5531 0.2589 0.0776 0.0390 0.0410 0.1224 0.4349 0.6024
0.4881 0.6972 0.5023 0.1847 0.0552 0.0373 0.0534 0.1752 0.5213 0.6267
0.5112 0.7077 0.4966 0.1739 0.0515 0.0365 0.0555 0.1865 0.5394 0.6342
0.5545 0.7059 0.4562 0.1414 0.0426 0.0370 0.0649 0.2243 0.5760 0.6266
0.6924 0.5569 0.2268 0.0479 0.0233 0.0565 0.1697 0.5088 0.6902 0.4943
0.4713 0.1861 0.0506 0.0218 0.0383 0.1504 0.4187 0.6266 0.4674 0.1702
0.1156 0.0372 0.0215 0.0370 0.1583 0.4800 0.5219 0.3285 0.1219 0.0391
0.0293 0.0244 0.0531 0.1866 0.4965 0.5114 0.2678 0.0871 0.0396 0.0357
0.0239 0.0888 0.2719 0.5194 0.5185 0.2440 0.0595 0.0248 0.0425 0.1111
0.0948 0.2858 0.4683 0.4433 0.2316 0.0999 0.0393 0.0474 0.1532 0.3076
0.3347 0.3680 0.2345 0.1082 0.0621 0.0833 0.1149 0.2281 0.3898 0.3357
0.3435 0.1755 0.0708 0.0385 0.0560 0.1617 0.3071 0.4312 0.3642 0.1668
0.1432 0.0568 0.0326 0.0430 0.1305 0.3632 0.4254 0.3203 0.1566 0.0598
0.0510 0.0332 0.0453 0.1156 0.3254 0.4659 0.3148 0.1364 0.0642 0.0422
0.0286 0.0568 0.1362 0.3312 0.4740 0.3315 0.1223 0.0465 0.0440 0.0719
0.0527 0.1584 0.3271 0.4367 0.3473 0.1714 0.0570 0.0398 0.0858 0.1807
0.1532 0.3064 0.3470 0.2715 0.1516 0.0990 0.0637 0.0878 0.2130 0.3024
0.3154 0.2967 0.1777 0.0895 0.0660 0.1046 0.1478 0.2555 0.3628 0.2751
0.2796 0.1377 0.0609 0.0409 0.0695 0.1951 0.3237 0.3937 0.3014 0.1340
0.1194 0.0504 0.0336 0.0504 0.1538 0.3879 0.4102 0.2799 0.1338 0.0547
0.0462 0.0344 0.0519 0.1354 0.3488 0.4521 0.2838 0.1189 0.0599 0.0443
0.0300 0.0632 0.1499 0.3429 0.4622 0.3123 0.1130 0.0451 0.0464 0.0789
0.0584 0.1674 0.3254 0.4175 0.3252 0.1649 0.0584 0.0433 0.0935 0.1883
0.1616 0.3033 0.3274 0.2498 0.1428 0.1005 0.0689 0.0959 0.2210 0.2970
0.3141 0.2762 0.1599 0.0819 0.0656 0.1117 0.1621 0.2706 0.3590 0.2574
0.2600 0.1223 0.0548 0.0400 0.0743 0.2121 0.3406 0.3909 0.2808 0.1202
0.1085 0.0461 0.0328 0.0530 0.1662 0.4068 0.4117 0.2659 0.1228 0.0508
0.0426 0.0335 0.0539 0.1462 0.3681 0.4544 0.2736 0.1106 0.0561 0.0437
0.0293 0.0650 0.1577 0.3565 0.4667 0.3060 0.1073 0.0429 0.0459 0.0810
0.0595 0.1724 0.3340 0.4218 0.3224 0.1614 0.0569 0.0430 0.0953 0.1935
0.1675 0.3116 0.3305 0.2465 0.1385 0.0979 0.0686 0.0981 0.2278 0.3039
0.3270 0.2783 0.1558 0.0773 0.0623 0.1104 0.1672 0.2847 0.3708 0.2590
0.2614 0.1176 0.0513 0.0376 0.0729 0.2166 0.3548 0.4048 0.2812 0.1156
0.1051 0.0427 0.0305 0.0512 0.1691 0.4234 0.4269 0.2696 0.1187 0.0473
0.0395 0.0309 0.0527 0.1507 0.3863 0.4681 0.2757 0.1070 0.0524 0.0412
0.0269 0.0638 0.1634 0.3773 0.4861 0.3070 0.1020 0.0393 0.0429 0.0801
0.0588 0.1778 0.3518 0.4392 0.3268 0.1570 0.0534 0.0409 0.0953 0.2004
0.1747 0.3281 0.3442 0.2490 0.1335 0.0925 0.0658 0.0984 0.2372 0.3185
0.3465 0.2878 0.1551 0.0730 0.0580 0.1068 0.1704 0.3006 0.3893 0.2667
0.2668 0.1156 0.0486 0.0355 0.0711 0.2184 0.3673 0.4199 0.2850 0.1135
0.1010 0.0406 0.0296 0.0515 0.1748 0.4359 0.4327 0.2659 0.1141 0.0452
0.0373 0.0305 0.0546 0.1602 0.4028 0.4689 0.2672 0.1009 0.0499 0.0411
0.0267 0.0668 0.1738 0.3921 0.4884 0.2981 0.0960 0.0374 0.0430 0.0836
0.0617 0.1877 0.3646 0.4412 0.3170 0.1503 0.0516 0.0413 0.1001 0.2104
0.1866 0.3368 0.3388 0.2356 0.1250 0.0903 0.0679 0.1052 0.2498 0.3244
0.3539 0.2813 0.1466 0.0683 0.0564 0.1091 0.1798 0.3156 0.3945 0.2609
0.2620 0.1099 0.0458 0.0343 0.0718 0.2253 0.3786 0.4256 0.2797 0.1082
0.0958 0.0381 0.0287 0.0523 0.1821 0.4501 0.4379 0.2606 0.1086 0.0428
0.0351 0.0297 0.0557 0.1684 0.4179 0.4717 0.2613 0.0960 0.0476 0.0405
0.0258 0.0682 0.1827 0.4091 0.4974 0.2936 0.0909 0.0351 0.0420 0.0854
0.0633 0.1980 0.3850 0.4542 0.3151 0.1440 0.0485 0.0402 0.1031 0.2219
0.1975 0.3587 0.3548 0.2374 0.1196 0.0843 0.0650 0.1064 0.2628 0.3435
0.3747 0.3010 0.1540 0.0676 0.0528 0.1024 0.1753 0.3235 0.4149 0.2773
0.2796 0.1152 0.0457 0.0324 0.0669 0.2164 0.3833 0.4461 0.2962 0.1127
0.0980 0.0376 0.0274 0.0496 0.1774 0.4541 0.4498 0.2704 0.1105 0.0420
0.0348 0.0283 0.0533 0.1644 0.4204 0.4818 0.2695 0.0980 0.0469 0.0389
0.0246 0.0648 0.1769 0.4092 0.5069 0.3011 0.0928 0.0347 0.0402 0.0817
0.0603 0.1920 0.3841 0.4616 0.3237 0.1470 0.0482 0.0389 0.0992 0.2167
0.1931 0.3537 0.3540 0.2402 0.1220 0.0855 0.0649 0.1046 0.2581 0.3396
0.3745 0.2960 0.1502 0.0661 0.0526 0.1037 0.1788 0.3280 0.4145 0.2732
0.2773 0.1112 0.0438 0.0314 0.0667 0.2201 0.3921 0.4529 0.2938 0.1091
0.0962 0.0356 0.0259 0.0481 0.1780 0.4655 0.4614 0.2747 0.1085 0.0399
0.0326 0.0264 0.0521 0.1681 0.4359 0.4937 0.2719 0.0956 0.0444 0.0370
0.0229 0.0636 0.1812 0.4261 0.5234 0.3027 0.0893 0.0323 0.0379 0.0806
0.0597 0.1972 0.4025 0.4788 0.3284 0.1434 0.0453 0.0371 0.0993 0.2238
0.1984 0.3737 0.3749 0.2492 0.1198 0.0804 0.0607 0.1021 0.2656 0.3576
0.3965 0.3157 0.1570 0.0651 0.0494 0.0977 0.1753 0.3374 0.4355 0.2897
0.2915 0.1168 0.0445 0.0305 0.0635 0.2123 0.3919 0.4654 0.3072 0.1139
0.0991 0.0362 0.0257 0.0467 0.1734 0.4627 0.4656 0.2813 0.1112 0.0403
0.0331 0.0261 0.0508 0.1642 0.4335 0.4975 0.2774 0.0978 0.0448 0.0365
0.0225 0.0632 0.1818 0.4298 0.5278 0.3037 0.0887 0.0317 0.0373 0.0802
0.0599 0.1995 0.4080 0.4827 0.3284 0.1418 0.0446 0.0368 0.0999 0.2266
0.2008 0.3782 0.3778 0.2491 0.1185 0.0793 0.0602 0.1025 0.2684 0.3614
0.4031 0.3181 0.1563 0.0638 0.0482 0.0969 0.1768 0.3435 0.4415 0.2917
0.2958 0.1150 0.0427 0.0290 0.0620 0.2126 0.4019 0.4789 0.3107 0.1121
0.0984 0.0345 0.0242 0.0448 0.1718 0.4724 0.4787 0.2887 0.1104 0.0385
0.0320 0.0240 0.0479 0.1609 0.4406 0.5131 0.2880 0.0996 0.0433 0.0342
0.0206 0.0583 0.1742 0.4339 0.5454 0.3155 0.0905 0.0306 0.0345 0.0748
0.0551 0.1913 0.4127 0.5013 0.3467 0.1463 0.0433 0.0341 0.0934 0.2204
0.1940 0.3839 0.3975 0.2673 0.1241 0.0776 0.0560 0.0955 0.2626 0.3691
0.4099 0.3383 0.1696 0.0674 0.0476 0.0913 0.1656 0.3340 0.4496 0.3087
0.3179 0.1255 0.0450 0.0284 0.0573 0.1986 0.3951 0.4937 0.3328 0.1214
0.1052 0.0355 0.0235 0.0415 0.1612 0.4655 0.4893 0.3065 0.1169 0.0391
0.0331 0.0229 0.0441 0.1488 0.4300 0.5255 0.3063 0.1071 0.0443 0.0327
0.0193 0.0538 0.1649 0.4325 0.5606 0.3288 0.0940 0.0301 0.0322 0.0697
0.0516 0.1862 0.4200 0.5192 0.3629 0.1492 0.0418 0.0319 0.0887 0.2172
0.1888 0.3934 0.4214 0.2878 0.1293 0.0749 0.0516 0.0890 0.2589 0.3805
0.4223 0.3659 0.1868 0.0713 0.0460 0.0843 0.1534 0.3260 0.4634 0.3318
0.3424 0.1371 0.0474 0.0277 0.0531 0.1858 0.3897 0.5095 0.3562 0.1316
0.1128 0.0370 0.0230 0.0388 0.1511 0.4555 0.4972 0.3244 0.1243 0.0402
0.0342 0.0221 0.0413 0.1394 0.4206 0.5350 0.3213 0.1135 0.0453 0.0316
0.0186 0.0506 0.1567 0.4273 0.5689 0.3394 0.0978 0.0303 0.0310 0.0661
0.0486 0.1795 0.4194 0.5291 0.3758 0.1533 0.0415 0.0305 0.0844 0.2112
0.1782 0.3927 0.4400 0.3110 0.1390 0.0751 0.0482 0.0815 0.2481 0.3834
0.4238 0.3937 0.2096 0.0789 0.0465 0.0781 0.1380 0.3059 0.4673 0.3554
0.3733 0.1566 0.0532 0.0280 0.0484 0.1681 0.3718 0.5192 0.3873 0.1491
0.1271 0.0404 0.0229 0.0353 0.1352 0.4322 0.5036 0.3531 0.1386 0.0432
0.0371 0.0214 0.0368 0.1221 0.3971 0.5478 0.3491 0.1271 0.0481 0.0302
0.0178 0.0456 0.1425 0.4134 0.5786 0.3581 0.1060 0.0314 0.0295 0.0604
0.0440 0.1671 0.4119 0.5402 0.3969 0.1614 0.0417 0.0287 0.0774 0.1992
0.1640 0.3860 0.4585 0.3392 0.1523 0.0763 0.0449 0.0733 0.2333 0.3820
0.4198 0.4171 0.2324 0.0877 0.0478 0.0732 0.1243 0.2845 0.4661 0.3753
0.4015 0.1757 0.0592 0.0284 0.0446 0.1538 0.3557 0.5271 0.4157 0.1663
0.1422 0.0440 0.0228 0.0321 0.1213 0.4092 0.5098 0.3827 0.1537 0.0462
0.0405 0.0207 0.0324 0.1050 0.3696 0.5611 0.3806 0.1436 0.0515 0.0287
0.0170 0.0397 0.1256 0.3943 0.5890 0.3832 0.1179 0.0333 0.0279 0.0537
0.0383 0.1498 0.3956 0.5500 0.4251 0.1742 0.0428 0.0267 0.0684 0.1815
0.1474 0.3712 0.4721 0.3687 0.1688 0.0791 0.0422 0.0656 0.2155 0.3738
0.4060 0.4314 0.2532 0.0981 0.0502 0.0702 0.1126 0.2605 0.4561 0.3877
0.4209 0.1919 0.0648 0.0292 0.0423 0.1439 0.3410 0.5280 0.4354 0.1808
0.1569 0.0477 0.0230 0.0299 0.1102 0.3863 0.5118 0.4080 0.1686 0.0496
0.0442 0.0204 0.0292 0.0914 0.3417 0.5692 0.4075 0.1599 0.0551 0.0277
0.0169 0.0346 0.1094 0.3680 0.5917 0.4092 0.1334 0.0366 0.0272 0.0480
0.0330 0.1309 0.3690 0.5529 0.4552 0.1909 0.0452 0.0252 0.0594 0.1609
0.1259 0.3472 0.4868 0.4099 0.1966 0.0850 0.0394 0.0561 0.1904 0.3588
0.3786 0.4586 0.2980 0.1226 0.0562 0.0649 0.0925 0.2173 0.4353 0.4125
0.4598 0.2333 0.0811 0.0320 0.0384 0.1238 0.3033 0.5203 0.4760 0.2177
0.1915 0.0582 0.0244 0.0268 0.0914 0.3369 0.5065 0.4535 0.2031 0.0590
0.0515 0.0211 0.0256 0.0746 0.2993 0.5726 0.4431 0.1860 0.0623 0.0273
0.0175 0.0301 0.0930 0.3321 0.5879 0.4389 0.1555 0.0425 0.0276 0.0430
0.0286 0.1151 0.3435 0.5547 0.4845 0.2076 0.0478 0.0238 0.0519 0.1431
0.1104 0.3299 0.5034 0.4478 0.2211 0.0892 0.0367 0.0490 0.1725 0.3492
0.3589 0.4805 0.3370 0.1456 0.0616 0.0610 0.0791 0.1879 0.4200 0.4334
0.4902 0.2751 0.0993 0.0354 0.0358 0.1087 0.2701 0.5074 0.5078 0.2543
0.2322 0.0710 0.0263 0.0241 0.0756 0.2898 0.4991 0.4994 0.2435 0.0706
0.0601 0.0219 0.0225 0.0603 0.2579 0.5735 0.4798 0.2176 0.0708 0.0270
0.0187 0.0251 0.0753 0.2871 0.5781 0.4772 0.1886 0.0519 0.0285 0.0374
0.0233 0.0936 0.2996 0.5493 0.5257 0.2358 0.0533 0.0225 0.0423 0.1180
0.0908 0.2991 0.5150 0.4937 0.2587 0.0981 0.0344 0.0411 0.1480 0.3278
0.3242 0.4946 0.3850 0.1820 0.0717 0.0581 0.0653 0.1532 0.3913 0.4502
0.5136 0.3296 0.1277 0.0416 0.0343 0.0932 0.2282 0.4763 0.5341 0.3013
0.2851 0.0911 0.0302 0.0226 0.0618 0.2411 0.4793 0.5390 0.2953 0.0887
0.0736 0.0243 0.0205 0.0485 0.2141 0.5569 0.5100 0.2585 0.0842 0.0284
0.0216 0.0212 0.0583 0.2296 0.5473 0.5175 0.2375 0.0689 0.0315 0.0326
0.0189 0.0725 0.2438 0.5286 0.5663 0.2737 0.0633 0.0222 0.0339 0.0925
0.0717 0.2578 0.5091 0.5321 0.3045 0.1126 0.0337 0.0346 0.1219 0.2934
0.2770 0.4853 0.4257 0.2278 0.0881 0.0588 0.0550 0.1219 0.3492 0.4498
0.5107 0.3776 0.1615 0.0513 0.0352 0.0820 0.1879 0.4248 0.5370 0.3416
0.3397 0.1162 0.0360 0.0223 0.0517 0.2017 0.4514 0.5652 0.3491 0.1115
0.0892 0.0275 0.0197 0.0407 0.1799 0.5291 0.5283 0.3000 0.0998 0.0308
0.0255 0.0191 0.0464 0.1811 0.5052 0.5481 0.2882 0.0892 0.0356 0.0295
0.0162 0.0568 0.1952 0.4984 0.5954 0.3127 0.0763 0.0232 0.0287 0.0736
0.0571 0.2194 0.4917 0.5579 0.3478 0.1291 0.0342 0.0300 0.1007 0.2579
0.2268 0.4582 0.4572 0.2812 0.1121 0.0629 0.0479 0.0959 0.3004 0.4354
0.4894 0.4238 0.2051 0.0668 0.0385 0.0725 0.1489 0.3581 0.5235 0.3802
0.3979 0.1511 0.0461 0.0234 0.0437 0.1669 0.4097 0.5763 0.4078 0.1434
0.1151 0.0335 0.0196 0.0334 0.1429 0.4770 0.5402 0.3591 0.1261 0.0360
0.0314 0.0177 0.0353 0.1322 0.4427 0.5785 0.3538 0.1192 0.0417 0.0266
0.0143 0.0436 0.1527 0.4623 0.6215 0.3589 0.0940 0.0250 0.0248 0.0581
0.0443 0.1827 0.4702 0.5844 0.4007 0.1494 0.0349 0.0257 0.0809 0.2222
0.1836 0.4366 0.5036 0.3523 0.1429 0.0657 0.0399 0.0736 0.2578 0.4297
0.4709 0.4846 0.2667 0.0893 0.0419 0.0617 0.1127 0.2926 0.5131 0.4312
0.4678 0.2052 0.0635 0.0258 0.0368 0.1346 0.3576 0.5791 0.4771 0.1919
0.1589 0.0450 0.0207 0.0272 0.1067 0.3965 0.5403 0.4356 0.1703 0.0463
0.0404 0.0178 0.0272 0.0925 0.3635 0.5966 0.4216 0.1577 0.0508 0.0249
0.0142 0.0333 0.1151 0.4037 0.6267 0.4108 0.1225 0.0309 0.0238 0.0464
0.0331 0.1413 0.4142 0.5883 0.4573 0.1795 0.0391 0.0229 0.0616 0.1762
0.1373 0.3833 0.5246 0.4234 0.1878 0.0758 0.0356 0.0559 0.2066 0.3949
0.4156 0.5102 0.3268 0.1243 0.0516 0.0572 0.0860 0.2220 0.4688 0.4557
0.5158 0.2693 0.0901 0.0308 0.0330 0.1096 0.2954 0.5521 0.5282 0.2492
0.2214 0.0634 0.0233 0.0227 0.0775 0.3080 0.5262 0.5130 0.2330 0.0632
0.0538 0.0191 0.0214 0.0627 0.2785 0.6008 0.4888 0.2092 0.0642 0.0243
0.0159 0.0243 0.0808 0.3219 0.6135 0.4760 0.1723 0.0439 0.0251 0.0366
0.0233 0.1002 0.3328 0.5781 0.5266 0.2241 0.0473 0.0208 0.0435 0.1275
0.0974 0.3223 0.5422 0.5028 0.2499 0.0906 0.0320 0.0413 0.1584 0.3527
0.3563 0.5308 0.3992 0.1758 0.0651 0.0530 0.0639 0.1622 0.4210 0.4798
0.5481 0.3487 0.1304 0.0393 0.0313 0.0886 0.2317 0.5032 0.5642 0.3178
0.3022 0.0925 0.0286 0.0204 0.0570 0.2323 0.4971 0.5749 0.3118 0.0894
0.0715 0.0221 0.0187 0.0458 0.2139 0.5802 0.5338 0.2668 0.0818 0.0258
0.0198 0.0188 0.0558 0.2343 0.5706 0.5362 0.2431 0.0676 0.0293 0.0301
0.0167 0.0680 0.2434 0.5469 0.5897 0.2807 0.0614 0.0202 0.0307 0.0877
0.0690 0.2608 0.5375 0.5612 0.3160 0.1108 0.0308 0.0318 0.1201 0.3023
0.2832 0.5166 0.4622 0.2467 0.0895 0.0540 0.0494 0.1151 0.3564 0.4800
0.5406 0.4362 0.1939 0.0568 0.0332 0.0708 0.1644 0.4104 0.5657 0.3907
0.3990 0.1403 0.0402 0.0209 0.0430 0.1729 0.4428 0.6081 0.4061 0.1327
0.1023 0.0288 0.0180 0.0341 0.1557 0.5163 0.5586 0.3479 0.1132 0.0312
0.0272 0.0161 0.0370 0.1498 0.4853 0.5877 0.3395 0.1077 0.0371 0.0254
0.0130 0.0448 0.1653 0.4940 0.6372 0.3500 0.0848 0.0218 0.0232 0.0593
0.0470 0.1971 0.5032 0.5995 0.3902 0.1398 0.0319 0.0253 0.0868 0.2410
0.2029 0.4650 0.5118 0.3398 0.1313 0.0608 0.0396 0.0786 0.2788 0.4525
0.4928 0.5029 0.2717 0.0870 0.0398 0.0593 0.1129 0.3030 0.5312 0.4463
0.4883 0.2102 0.0628 0.0244 0.0346 0.1308 0.3660 0.6027 0.4956 0.1963
0.1591 0.0433 0.0196 0.0258 0.1047 0.4016 0.5558 0.4516 0.1711 0.0445
0.0393 0.0163 0.0254 0.0893 0.3662 0.6137 0.4376 0.1617 0.0495 0.0231
0.0128 0.0309 0.1125 0.4150 0.6471 0.4211 0.1218 0.0289 0.0217 0.0436
0.0316 0.1408 0.4320 0.6091 0.4683 0.1789 0.0367 0.0213 0.0602 0.1782
0.1384 0.3969 0.5498 0.4424 0.1908 0.0723 0.0331 0.0538 0.2096 0.4119
0.4270 0.5482 0.3599 0.1344 0.0510 0.0519 0.0774 0.2111 0.4801 0.4884
0.5577 0.3075 0.1030 0.0315 0.0299 0.0985 0.2794 0.5636 0.5673 0.2826
0.2539 0.0717 0.0236 0.0204 0.0670 0.2766 0.5318 0.5586 0.2651 0.0701
0.0577 0.0187 0.0191 0.0544 0.2558 0.6117 0.5200 0.2309 0.0679 0.0231
0.0160 0.0206 0.0696 0.2961 0.6167 0.5077 0.1960 0.0497 0.0249 0.0324
0.0194 0.0857 0.3056 0.5821 0.5608 0.2445 0.0499 0.0192 0.0368 0.1104
0.0857 0.3046 0.5586 0.5394 0.2764 0.0954 0.0299 0.0363 0.1443 0.3431
0.3346 0.5475 0.4433 0.2087 0.0734 0.0505 0.0547 0.1389 0.4028 0.4995
0.5694 0.4163 0.1692 0.0471 0.0303 0.0747 0.1908 0.4653 0.5875 0.3748
0.3701 0.1193 0.0334 0.0193 0.0460 0.1908 0.4788 0.6193 0.3773 0.1131
0.0858 0.0241 0.0171 0.0373 0.1788 0.5615 0.5649 0.3175 0.0965 0.0268
0.0229 0.0155 0.0420 0.1812 0.5360 0.5820 0.3063 0.0906 0.0324 0.0256
0.0129 0.0501 0.1902 0.5270 0.6370 0.3282 0.0736 0.0195 0.0236 0.0656
0.0534 0.2219 0.5363 0.6035 0.3673 0.1267 0.0296 0.0262 0.0981 0.2694
0.2384 0.5043 0.5111 0.3097 0.1125 0.0549 0.0410 0.0900 0.3151 0.4815
0.5228 0.5111 0.2633 0.0791 0.0365 0.0586 0.1199 0.3299 0.5555 0.4527
0.4903 0.2010 0.0576 0.0227 0.0342 0.1342 0.3866 0.6238 0.4956 0.1875
0.1479 0.0392 0.0184 0.0260 0.1108 0.4260 0.5695 0.4461 0.1602 0.0404
0.0360 0.0151 0.0258 0.0959 0.3903 0.6229 0.4318 0.1538 0.0461 0.0222
0.0118 0.0313 0.1183 0.4380 0.6610 0.4154 0.1135 0.0259 0.0204 0.0438
0.0327 0.1485 0.4572 0.6222 0.4618 0.1716 0.0342 0.0208 0.0631 0.1891
0.1469 0.4152 0.5603 0.4395 0.1833 0.0685 0.0323 0.0553 0.2203 0.4286
0.4435 0.5669 0.3688 0.1335 0.0491 0.0497 0.0762 0.2150 0.4939 0.5041
0.5754 0.3234 0.1081 0.0316 0.0287 0.0946 0.2746 0.5699 0.5834 0.2964
0.2701 0.0756 0.0237 0.0193 0.0624 0.2625 0.5361 0.5820 0.2813 0.0733
0.0587 0.0182 0.0181 0.0512 0.2480 0.6196 0.5354 0.2406 0.0689 0.0222
0.0157 0.0192 0.0661 0.2905 0.6227 0.5207 0.2039 0.0510 0.0245 0.0308
0.0180 0.0807 0.2969 0.5862 0.5759 0.2524 0.0505 0.0184 0.0343 0.1044
0.0820 0.3008 0.5717 0.5578 0.2868 0.0962 0.0286 0.0342 0.1403 0.3436
0.3306 0.5624 0.4685 0.2253 0.0766 0.0485 0.0504 0.1301 0.3994 0.5153
0.5799 0.4621 0.1984 0.0534 0.0302 0.0671 0.1674 0.4379 0.5984 0.4128
0.4174 0.1423 0.0386 0.0194 0.0404 0.1683 0.4590 0.6383 0.4228 0.1336
0.0988 0.0266 0.0168 0.0330 0.1574 0.5356 0.5778 0.3559 0.1099 0.0288
0.0253 0.0145 0.0358 0.1531 0.5065 0.6039 0.3457 0.1066 0.0350 0.0237
0.0116 0.0431 0.1670 0.5135 0.6570 0.3534 0.0812 0.0196 0.0211 0.0570
0.0469 0.2038 0.5343 0.6229 0.3939 0.1354 0.0291 0.0238 0.0885 0.2532
0.2181 0.4982 0.5389 0.3466 0.1260 0.0552 0.0370 0.0793 0.2963 0.4841
0.5065 0.5533 0.3120 0.0977 0.0398 0.0528 0.0984 0.2824 0.5433 0.4888
0.5494 0.2574 0.0770 0.0253 0.0299 0.1124 0.3395 0.6196 0.5539 0.2383
0.1976 0.0521 0.0198 0.0217 0.0841 0.3463 0.5654 0.5219 0.2106 0.0519
0.0444 0.0157 0.0209 0.0701 0.3202 0.6346 0.4901 0.1913 0.0545 0.0211
0.0125 0.0244 0.0916 0.3792 0.6582 0.4652 0.1460 0.0332 0.0209 0.0364
0.0248 0.1158 0.3989 0.6202 0.5147 0.2019 0.0385 0.0189 0.0486 0.1500
0.1139 0.3686 0.5806 0.5051 0.2291 0.0780 0.0293 0.0436 0.1820 0.3994
0.3959 0.5885 0.4355 0.1794 0.0605 0.0463 0.0590 0.1653 0.4550 0.5295
0.6054 0.4216 0.1614 0.0419 0.0275 0.0743 0.2064 0.5089 0.6166 0.3800
0.3647 0.1115 0.0301 0.0179 0.0461 0.1967 0.5040 0.6393 0.3716 0.1051
0.0777 0.0215 0.0163 0.0384 0.1916 0.5909 0.5760 0.3065 0.0883 0.0241
0.0201 0.0148 0.0448 0.2037 0.5725 0.5830 0.2884 0.0807 0.0293 0.0252
0.0126 0.0534 0.2092 0.5525 0.6407 0.3154 0.0663 0.0178 0.0237 0.0697
0.0582 0.2424 0.5682 0.6136 0.3540 0.1171 0.0273 0.0264 0.1071 0.2945
0.2696 0.5455 0.5264 0.2982 0.1014 0.0493 0.0402 0.0970 0.3459 0.5157
0.5429 0.5531 0.2911 0.0842 0.0356 0.0534 0.1101 0.3212 0.5721 0.4879
0.5380 0.2328 0.0662 0.0230 0.0305 0.1206 0.3709 0.6419 0.5405 0.2157
0.1691 0.0437 0.0184 0.0232 0.0969 0.3922 0.5790 0.4925 0.1825 0.0440
0.0385 0.0145 0.0227 0.0826 0.3628 0.6389 0.4660 0.1709 0.0486 0.0207
0.0113 0.0273 0.1059 0.4223 0.6721 0.4398 0.1243 0.0272 0.0194 0.0392
0.0289 0.1355 0.4482 0.6340 0.4856 0.1814 0.0342 0.0192 0.0570 0.1756
0.1330 0.4030 0.5829 0.4778 0.2038 0.0707 0.0298 0.0490 0.2051 0.4262
0.4247 0.6000 0.4242 0.1640 0.0553 0.0455 0.0628 0.1815 0.4784 0.5369
0.6142 0.4138 0.1536 0.0394 0.0268 0.0759 0.2172 0.5285 0.6230 0.3738
0.3565 0.1058 0.0283 0.0174 0.0468 0.2018 0.5172 0.6463 0.3643 0.0996
0.0726 0.0200 0.0159 0.0396 0.2013 0.6082 0.5800 0.2970 0.0831 0.0227
0.0188 0.0146 0.0467 0.2168 0.5897 0.5814 0.2776 0.0755 0.0278 0.0251
0.0125 0.0547 0.2176 0.5628 0.6413 0.3101 0.0635 0.0171 0.0237 0.0714
0.0604 0.2507 0.5798 0.6161 0.3476 0.1133 0.0266 0.0266 0.1111 0.3047
0.2818 0.5588 0.5289 0.2924 0.0980 0.0479 0.0403 0.1002 0.3568 0.5261
0.5465 0.5702 0.3055 0.0880 0.0356 0.0513 0.1048 0.3128 0.5754 0.5024
0.5573 0.2475 0.0706 0.0233 0.0291 0.1153 0.3631 0.6478 0.5589 0.2288
0.1807 0.0463 0.0184 0.0220 0.0906 0.3744 0.5824 0.5152 0.1947 0.0461
0.0398 0.0143 0.0213 0.0771 0.3497 0.6458 0.4818 0.1792 0.0499 0.0201
0.0111 0.0257 0.1009 0.4152 0.6765 0.4506 0.1294 0.0278 0.0191 0.0375
0.0273 0.1300 0.4432 0.6385 0.4963 0.1861 0.0342 0.0186 0.0544 0.1695
0.1275 0.3980 0.5933 0.4946 0.2128 0.0715 0.0287 0.0465 0.1993 0.4257
0.4206 0.6134 0.4455 0.1758 0.0574 0.0438 0.0585 0.1715 0.4749 0.5505
0.6203 0.4580 0.1810 0.0451 0.0269 0.0687 0.1902 0.4954 0.6301 0.4103
0.4021 0.1253 0.0322 0.0173 0.0413 0.1791 0.5005 0.6668 0.4074 0.1168
0.0818 0.0215 0.0154 0.0353 0.1803 0.5904 0.5959 0.3316 0.0930 0.0237
0.0209 0.0132 0.0394 0.1836 0.5631 0.6070 0.3186 0.0910 0.0301 0.0229
0.0107 0.0454 0.1845 0.5469 0.6681 0.3404 0.0717 0.0169 0.0203 0.0595
0.0520 0.2271 0.5779 0.6382 0.3761 0.1228 0.0260 0.0238 0.0991 0.2840
0.2535 0.5468 0.5559 0.3319 0.1126 0.0489 0.0363 0.0869 0.3309 0.5243
0.5249 0.6092 0.3589 0.1100 0.0397 0.0462 0.0852 0.2633 0.5582 0.5372
0.6140 0.3215 0.0991 0.0272 0.0258 0.0949 0.3055 0.6292 0.6150 0.2951
0.2552 0.0668 0.0206 0.0179 0.0642 0.2793 0.5713 0.6045 0.2695 0.0641
0.0505 0.0153 0.0171 0.0544 0.2743 0.6532 0.5452 0.2273 0.0607 0.0193
0.0127 0.0188 0.0731 0.3360 0.6633 0.5137 0.1792 0.0405 0.0209 0.0303
0.0188 0.0910 0.3494 0.6221 0.5654 0.2319 0.0423 0.0168 0.0376 0.1196
0.0922 0.3343 0.6067 0.5653 0.2715 0.0858 0.0262 0.0352 0.1563 0.3810
0.3725 0.6153 0.4973 0.2233 0.0705 0.0428 0.0480 0.1368 0.4352 0.5613
0.5952 0.5546 0.2660 0.0689 0.0307 0.0543 0.1281 0.3804 0.6130 0.4893
0.5207 0.1996 0.0526 0.0199 0.0313 0.1327 0.4224 0.6785 0.5212 0.1845
0.1308 0.0327 0.0163 0.0257 0.1202 0.4711 0.6052 0.4519 0.1450 0.0334
0.0308 0.0125 0.0251 0.1041 0.4320 0.6492 0.4360 0.1467 0.0407 0.0197
0.0095 0.0301 0.1237 0.4790 0.6947 0.4144 0.1018 0.0206 0.0172 0.0415
0.0338 0.1616 0.5180 0.6595 0.4555 0.1591 0.0286 0.0190 0.0683 0.2118
0.1654 0.4611 0.5990 0.4499 0.1746 0.0599 0.0294 0.0566 0.2429 0.4749
0.4565 0.6405 0.4491 0.1656 0.0525 0.0415 0.0598 0.1848 0.5034 0.5723
0.6418 0.4822 0.1907 0.0452 0.0257 0.0654 0.1864 0.5032 0.6483 0.4309
0.4183 0.1293 0.0320 0.0167 0.0395 0.1738 0.5099 0.6876 0.4224 0.1193
0.0802 0.0206 0.0148 0.0345 0.1807 0.6019 0.6101 0.3396 0.0919 0.0224
0.0205 0.0121 0.0373 0.1793 0.5684 0.6203 0.3305 0.0943 0.0297 0.0217
0.0097 0.0421 0.1757 0.5502 0.6834 0.3511 0.0728 0.0160 0.0185 0.0551
0.0498 0.2227 0.5900 0.6531 0.3844 0.1239 0.0249 0.0226 0.0969 0.2835
0.2523 0.5553 0.5731 0.3469 0.1167 0.0478 0.0345 0.0836 0.3297 0.5355
0.5076 0.6472 0.4157 0.1360 0.0443 0.0418 0.0697 0.2227 0.5436 0.5733
0.6582 0.4218 0.1466 0.0345 0.0239 0.0754 0.2384 0.5836 0.6588 0.3818
0.3517 0.0979 0.0247 0.0157 0.0463 0.2060 0.5537 0.6801 0.3620 0.0907
0.0633 0.0168 0.0146 0.0404 0.2172 0.6480 0.6013 0.2892 0.0743 0.0192
0.0159 0.0131 0.0485 0.2424 0.6313 0.5892 0.2636 0.0668 0.0245 0.0237
0.0115 0.0546 0.2302 0.5871 0.6523 0.3058 0.0583 0.0153 0.0226 0.0715
0.0629 0.2643 0.6127 0.6338 0.3422 0.1066 0.0242 0.0260 0.1175 0.3262
0.3132 0.6010 0.5511 0.2895 0.0917 0.0433 0.0389 0.1049 0.3845 0.5631
0.5254 0.6462 0.4012 0.1261 0.0421 0.0425 0.0745 0.2386 0.5567 0.5711
0.6626 0.4001 0.1331 0.0314 0.0232 0.0791 0.2593 0.6122 0.6617 0.3640
0.3285 0.0880 0.0225 0.0153 0.0488 0.2191 0.5723 0.6809 0.3424 0.0813
0.0576 0.0153 0.0144 0.0426 0.2315 0.6651 0.6009 0.2750 0.0686 0.0179
0.0143 0.0132 0.0521 0.2658 0.6522 0.5813 0.2443 0.0590 0.0227 0.0239
0.0120 0.0587 0.2521 0.6021 0.6428 0.2922 0.0536 0.0148 0.0241 0.0775
0.0676 0.2787 0.6225 0.6294 0.3290 0.1010 0.0238 0.0270 0.1251 0.3417
0.3312 0.6155 0.5494 0.2786 0.0871 0.0422 0.0398 0.1103 0.3991 0.5733
0.5179 0.6620 0.4268 0.1387 0.0447 0.0408 0.0684 0.2215 0.5495 0.5869
0.6757 0.4582 0.1649 0.0368 0.0230 0.0696 0.2209 0.5739 0.6753 0.4131
0.3782 0.1057 0.0252 0.0150 0.0426 0.1922 0.5616 0.7096 0.3888 0.0959
0.0634 0.0162 0.0137 0.0380 0.2109 0.6591 0.6258 0.3087 0.0754 0.0180
0.0161 0.0112 0.0428 0.2243 0.6329 0.6155 0.2907 0.0749 0.0247 0.0213
0.0094 0.0458 0.2011 0.5827 0.6822 0.3310 0.0627 0.0141 0.0189 0.0598
0.0565 0.2480 0.6261 0.6594 0.3612 0.1113 0.0228 0.0235 0.1099 0.3169
0.3114 0.6122 0.5729 0.3066 0.0954 0.0418 0.0364 0.1001 0.3830 0.5773
0.4951 0.6829 0.4742 0.1672 0.0511 0.0385 0.0581 0.1894 0.5294 0.6103
0.6240 0.6197 0.3109 0.0768 0.0299 0.0473 0.1121 0.3628 0.6352 0.5446
0.5792 0.2267 0.0582 0.0196 0.0273 0.1213 0.4289 0.7238 0.5760 0.2066
0.1349 0.0326 0.0152 0.0231 0.1125 0.4631 0.6410 0.5068 0.1558 0.0317
0.0304 0.0105 0.0210 0.0908 0.4167 0.6830 0.4827 0.1646 0.0406 0.0167
0.0078 0.0249 0.1097 0.4798 0.7223 0.4413 0.1065 0.0190 0.0148 0.0348
0.0293 0.1476 0.5372 0.6898 0.4740 0.1643 0.0261 0.0166 0.0634 0.2026
0.1551 0.4593 0.6329 0.4909 0.1901 0.0591 0.0262 0.0509 0.2342 0.4863
0.4414 0.6797 0.5210 0.2111 0.0629 0.0379 0.0481 0.1521 0.4863 0.6160
0.5019 0.7001 0.4938 0.1755 0.0525 0.0372 0.0554 0.1839 0.5324 0.6277
0.5595 0.6961 0.4391 0.1330 0.0410 0.0380 0.0687 0.2357 0.5808 0.6165
0.7153 0.4520 0.1523 0.0317 0.0205 0.0714 0.2513 0.6404 0.7085 0.4105
0.3501 0.0935 0.0217 0.0140 0.0453 0.2053 0.5998 0.7264 0.3684 0.0822
0.0547 0.0139 0.0132 0.0404 0.2319 0.6901 0.6337 0.2903 0.0669 0.0158
0.0135 0.0111 0.0474 0.2590 0.6698 0.6059 0.2603 0.0615 0.0218 0.0213
0.0099 0.0509 0.2341 0.6083 0.6671 0.3083 0.0544 0.0134 0.0207 0.0675
0.0639 0.2708 0.6439 0.6527 0.3367 0.1009 0.0220 0.0253 0.1228 0.3438
0.3633 0.6418 0.5497 0.2618 0.0790 0.0398 0.0409 0.1198 0.4261 0.5931
0.5144 0.6822 0.4568 0.1532 0.0475 0.0389 0.0624 0.2052 0.5447 0.6074
0.6440 0.5835 0.2680 0.0629 0.0274 0.0521 0.1348 0.4177 0.6510 0.5143
0.5377 0.2047 0.0524 0.0194 0.0304 0.1309 0.4336 0.6987 0.5354 0.1874
0.1238 0.0307 0.0158 0.0262 0.1268 0.4917 0.6159 0.4468 0.1378 0.0313
0.0290 0.0120 0.0258 0.1110 0.4544 0.6521 0.4281 0.1405 0.0388 0.0195
0.0090 0.0312 0.1304 0.4973 0.7010 0.4053 0.0950 0.0188 0.0166 0.0424
0.0362 0.1725 0.5425 0.6660 0.4407 0.1505 0.0270 0.0193 0.0737 0.2270
0.1846 0.4845 0.5917 0.4215 0.1564 0.0562 0.0306 0.0628 0.2640 0.4897
0.4844 0.6319 0.4146 0.1415 0.0466 0.0429 0.0683 0.2123 0.5261 0.5608
0.6417 0.4135 0.1456 0.0355 0.0249 0.0767 0.2349 0.5679 0.6447 0.3742
0.3438 0.0990 0.0262 0.0169 0.0486 0.2110 0.5336 0.6505 0.3517 0.0928
0.0671 0.0188 0.0159 0.0418 0.2154 0.6236 0.5775 0.2813 0.0773 0.0216
0.0169 0.0153 0.0524 0.2459 0.6159 0.5666 0.2501 0.0645 0.0257 0.0262
0.0139 0.0641 0.2539 0.5841 0.6227 0.2850 0.0557 0.0167 0.0269 0.0835
0.0698 0.2797 0.5981 0.6064 0.3223 0.1023 0.0258 0.0288 0.1256 0.3341
0.3243 0.5920 0.5210 0.2612 0.0833 0.0442 0.0427 0.1153 0.3956 0.5489
0.5825 0.5607 0.2777 0.0738 0.0318 0.0531 0.1206 0.3606 0.6036 0.4942
0.5313 0.2168 0.0590 0.0214 0.0309 0.1267 0.3971 0.6610 0.5316 0.2004
0.1473 0.0377 0.0174 0.0249 0.1102 0.4348 0.5891 0.4641 0.1603 0.0384
0.0338 0.0139 0.0250 0.0978 0.4073 0.6380 0.4384 0.1520 0.0437 0.0209
0.0105 0.0311 0.1225 0.4623 0.6808 0.4135 0.1062 0.0227 0.0186 0.0430
0.0342 0.1606 0.5000 0.6459 0.4547 0.1613 0.0303 0.0198 0.0677 0.2074
0.1607 0.4498 0.5895 0.4472 0.1766 0.0620 0.0301 0.0563 0.2372 0.4632
0.4578 0.6233 0.4254 0.1540 0.0505 0.0433 0.0644 0.1955 0.5053 0.5553
0.6340 0.4234 0.1540 0.0379 0.0255 0.0747 0.2220 0.5471 0.6394 0.3822
0.3580 0.1052 0.0276 0.0170 0.0466 0.2022 0.5247 0.6542 0.3654 0.0985
0.0705 0.0194 0.0158 0.0401 0.2062 0.6161 0.5820 0.2926 0.0808 0.0221
0.0179 0.0148 0.0489 0.2295 0.6035 0.5765 0.2661 0.0705 0.0268 0.0255
0.0130 0.0588 0.2342 0.5745 0.6352 0.2987 0.0595 0.0167 0.0249 0.0766
0.0652 0.2668 0.5943 0.6149 0.3351 0.1069 0.0258 0.0275 0.1189 0.3223
0.3041 0.5819 0.5329 0.2812 0.0910 0.0452 0.0406 0.1062 0.3773 0.5442
0.5626 0.5856 0.3115 0.0869 0.0344 0.0497 0.1043 0.3190 0.5881 0.5155
0.5710 0.2571 0.0730 0.0233 0.0283 0.1124 0.3606 0.6540 0.5711 0.2371
0.1866 0.0476 0.0184 0.0214 0.0878 0.3661 0.5846 0.5265 0.2008 0.0472
0.0401 0.0142 0.0209 0.0754 0.3465 0.6488 0.4874 0.1817 0.0502 0.0199
0.0108 0.0257 0.1019 0.4207 0.6811 0.4500 0.1274 0.0270 0.0187 0.0374
0.0278 0.1342 0.4567 0.6456 0.4947 0.1827 0.0330 0.0182 0.0557 0.1753
0.1324 0.4125 0.6075 0.4998 0.2102 0.0681 0.0276 0.0467 0.2061 0.4415
0.4318 0.6379 0.4677 0.1826 0.0568 0.0411 0.0551 0.1680 0.4845 0.5728
0.6364 0.5001 0.2052 0.0490 0.0264 0.0627 0.1732 0.4796 0.6443 0.4453
0.4400 0.1438 0.0362 0.0176 0.0379 0.1642 0.4861 0.6798 0.4423 0.1329
0.0909 0.0234 0.0154 0.0325 0.1650 0.5693 0.6038 0.3601 0.1026 0.0252
0.0228 0.0126 0.0349 0.1610 0.5380 0.6220 0.3489 0.1036 0.0321 0.0218
0.0100 0.0409 0.1675 0.5362 0.6811 0.3582 0.0770 0.0170 0.0187 0.0538
0.0474 0.2129 0.5737 0.6493 0.3939 0.1293 0.0259 0.0223 0.0920 0.2704
0.2341 0.5354 0.5729 0.3607 0.1245 0.0500 0.0340 0.0787 0.3127 0.5209
0.5066 0.6327 0.3986 0.1292 0.0434 0.0433 0.0735 0.2310 0.5435 0.5597
0.6439 0.3862 0.1289 0.0318 0.0244 0.0816 0.2596 0.5993 0.6450 0.3513
0.3190 0.0871 0.0233 0.0163 0.0513 0.2262 0.5573 0.6551 0.3306 0.0817
0.0593 0.0165 0.0154 0.0445 0.2340 0.6488 0.5806 0.2654 0.0696 0.0195
0.0148 0.0152 0.0569 0.2755 0.6436 0.5597 0.2286 0.0554 0.0232 0.0262
0.0142 0.0680 0.2762 0.6015 0.6174 0.2736 0.0511 0.0159 0.0280 0.0892
0.0744 0.2945 0.6126 0.6066 0.3110 0.0966 0.0249 0.0296 0.1334 0.3511
0.3387 0.6097 0.5296 0.2603 0.0818 0.0429 0.0424 0.1172 0.4063 0.5640
0.5644 0.6128 0.3379 0.0951 0.0355 0.0467 0.0954 0.3006 0.5888 0.5392
0.6091 0.2919 0.0848 0.0243 0.0258 0.1020 0.3404 0.6611 0.6079 0.2685
0.2183 0.0552 0.0187 0.0188 0.0741 0.3216 0.5909 0.5814 0.2350 0.0533
0.0437 0.0138 0.0180 0.0628 0.3113 0.6642 0.5276 0.2053 0.0538 0.0185
0.0109 0.0211 0.0860 0.3873 0.6850 0.4857 0.1489 0.0312 0.0187 0.0325
0.0224 0.1111 0.4161 0.6465 0.5320 0.2043 0.0355 0.0168 0.0459 0.1474
0.1107 0.3769 0.6196 0.5434 0.2424 0.0752 0.0259 0.0397 0.1807 0.4188
0.4034 0.6433 0.5049 0.2149 0.0656 0.0403 0.0483 0.1450 0.4599 0.5842
0.6004 0.5982 0.3029 0.0782 0.0313 0.0491 0.1122 0.3521 0.6173 0.5260
0.5721 0.2378 0.0637 0.0210 0.0280 0.1180 0.3966 0.6889 0.5699 0.2187
0.1575 0.0388 0.0167 0.0224 0.1008 0.4177 0.6103 0.5095 0.1741 0.0385
0.0344 0.0124 0.0215 0.0855 0.3883 0.6638 0.4774 0.1680 0.0444 0.0185
0.0092 0.0263 0.1098 0.4576 0.7020 0.4393 0.1131 0.0221 0.0167 0.0373
0.0298 0.1464 0.5034 0.6670 0.4781 0.1694 0.0290 0.0177 0.0615 0.1948
0.1459 0.4397 0.6190 0.4915 0.1981 0.0632 0.0272 0.0494 0.2220 0.4660
0.4392 0.6624 0.4965 0.1965 0.0593 0.0390 0.0512 0.1603 0.4879 0.5976
0.6098 0.6075 0.3067 0.0779 0.0308 0.0483 0.1119 0.3557 0.6243 0.5340
0.5804 0.2394 0.0636 0.0207 0.0273 0.1172 0.4022 0.7001 0.5777 0.2197
0.1523 0.0373 0.0163 0.0225 0.1034 0.4286 0.6192 0.5108 0.1698 0.0368
0.0333 0.0119 0.0214 0.0868 0.3960 0.6692 0.4788 0.1668 0.0434 0.0180
0.0088 0.0260 0.1101 0.4646 0.7084 0.4396 0.1110 0.0211 0.0161 0.0367
