0.00000000
0.00000000
0.00000000
0.00000000
0.00000000
0.00000000
0.00000000
0.00000000
0.00000000
0.00000000
0.00000000
0.33893918
0.33893918
0.33893918
0.33893918
0.33893918
0.33639304
0.33639304
0.33639304
0.33639304
0.33639304
0.33639304
0.33674689
0.33674689
0.33674689
0.33674689
0.33674689
0.33674689
0.33674689
0.33674689
0.33928174
0.33928174
0.33978680
0.33978680
0.33873533
0.33846449
0.33846449
0.33726886
0.33726886
0.33726886
0.33726886
0.33726886
0.33726886
0.33726886
0.33726886
0.33726886
0.33726886
0.33726886
0.33726886
0.33726886
0.33726886
0.33726886
0.33726886
0.33934952
0.33934952
0.33934952
0.33934952
0.34508059
0.34199466
0.34199466
0.34199466
0.34199466
0.34031622
0.34031622
0.34031622
0.33820250
0.33820250
0.33820250
0.33820250
0.33820250
0.33912434
0.33912434
0.33912434
0.33912434
0.33912434
0.33957429
0.33957429
0.33957429
0.33957429
0.33957429
0.33948415
0.33948415
0.33513399
0.33513399
0.33513399
0.33513399
0.33513399
0.33513399
0.33513399
0.33672965
0.33746977
0.33746977
0.33746977
0.33746977
0.33746977
0.33805716
0.33805716
0.33614022
0.33614022
0.33492367
0.33492367
0.33402405
0.33285490
0.33285490
0.33285490
0.33285490
0.33403469
0.33403469
0.33403469
0.33403469
0.33403469
0.33403469
0.33403469
0.33403469
0.33403469
0.33403469
0.33403469
0.33403469
0.33403469
0.33403469
0.33403469
0.33403469
0.33403469
0.33455716
0.33455716
0.33455716
0.33474382
0.33474382
0.33474382
0.33474382
0.33429047
0.34035573
0.34035573
0.34083155
0.34083155
0.34083155
0.33950335
0.33950335
0.33950335
0.33939882
0.34274534
0.34274534
0.34274534
0.34328231
0.34328231
0.34328231
0.34465371
0.34465371
0.34465371
0.34465371
0.34465371
0.34465371
0.34465371
0.34085938
0.34085938
0.34085938
0.34298436
0.34298436
0.34298436
0.34298436
0.34409749
0.34210603
0.34111429
0.34111429
0.34111429
0.33819249
0.33819249
0.33819249
0.33834438
0.33834438
0.33834438
0.33834438
0.33834438
0.33692704
0.33692704
0.33692704
0.33692704
0.33875558
0.33834043
0.33834043
0.33427592
0.33427592
0.33483792
0.33483792
0.33483792
0.33483792
0.33483792
0.33445449
0.33445449
0.33445449
0.33540848
0.33540848
0.33540848
0.33540848
0.33540848
0.33540848
0.33540848
0.33540848
0.33540848
0.33540848
0.33597436
0.33635862
0.33635862
0.33635862
0.34054022
0.34054022
0.34054022
0.34054022
0.33916706
0.33916706
0.33916706
0.33916706
0.34072882
0.33927449
0.33927449
0.33927449
0.33927449
0.33663957
0.33663957
0.33992433
0.33992433
0.33992433
0.33757918
0.33757918
0.33757918
0.33757918
0.33405576
0.33637608
0.33637608
0.33097508
0.33005729
0.32873877
0.32873877
0.32873877
0.32873877
0.33354428
0.33354428
0.33354428
0.33354428
0.33354428
0.33354428
0.33354428
0.33354428
0.33354428
0.33354428
0.33354428
0.33354428
0.33354428
0.33155243
0.33155243
