0.00000000
0.00000000
0.00000000
0.00000000
0.00000000
0.00000000
0.00000000
0.00000000
0.00000000
0.00000000
0.00000000
0.36242484
0.36242484
0.36242484
0.36242484
0.36242484
0.36002809
0.36002809
0.36002809
0.36002809
0.36002809
0.36002809
0.36051136
0.36051136
0.36051136
0.36051136
0.36051136
0.36051136
0.36051136
0.36051136
0.36266105
0.36266105
0.36169310
0.36169310
0.36209055
0.36027819
0.36027819
0.35850996
0.35850996
0.35850996
0.35850996
0.35850996
0.35850996
0.35850996
0.35850996
0.35850996
0.35850996
0.35850996
0.35850996
0.35850996
0.35850996
0.35850996
0.35850996
0.36081648
0.36081648
0.36081648
0.36081648
0.36450228
0.36265530
0.36265530
0.36265530
0.36265530
0.36070319
0.36070319
0.36070319
0.35785236
0.35785236
0.35785236
0.35785236
0.35785236
0.35848250
0.35848250
0.35848250
0.35848250
0.35848250
0.35800537
0.35800537
0.35800537
0.35800537
0.35800537
0.35741656
0.35741656
0.35408484
0.35408484
0.35408484
0.35408484
0.35408484
0.35408484
0.35408484
0.35451822
0.35682291
0.35682291
0.35682291
0.35682291
0.35682291
0.35708760
0.35708760
0.35563802
0.35563802
0.35402190
0.35402190
0.35285902
0.35213496
0.35213496
0.35213496
0.35213496
0.35201002
0.35201002
0.35201002
0.35201002
0.35201002
0.35201002
0.35201002
0.35201002
0.35201002
0.35201002
0.35201002
0.35201002
0.35201002
0.35201002
0.35201002
0.35201002
0.35201002
0.35153712
0.35153712
0.35153712
0.35001209
0.35001209
0.35001209
0.35001209
0.35045068
0.35569670
0.35569670
0.35612985
0.35612985
0.35612985
0.35580591
0.35580591
0.35580591
0.35422220
0.35686795
0.35686795
0.35686795
0.35738533
0.35738533
0.35738533
0.35698362
0.35698362
0.35698362
0.35698362
0.35698362
0.35698362
0.35698362
0.35251090
0.35251090
0.35251090
0.35428299
0.35428299
0.35428299
0.35428299
0.35550232
0.35159785
0.34933298
0.34933298
0.34933298
0.34576524
0.34576524
0.34576524
0.34593102
0.34593102
0.34593102
0.34593102
0.34593102
0.34541414
0.34541414
0.34541414
0.34541414
0.34626954
0.34721090
0.34721090
0.34434560
0.34434560
0.34352871
0.34352871
0.34352871
0.34352871
0.34352871
0.34605013
0.34605013
0.34605013
0.34627452
0.34627452
0.34627452
0.34627452
0.34627452
0.34627452
0.34627452
0.34627452
0.34627452
0.34627452
0.34784591
0.34877207
0.34877207
0.34877207
0.35259434
0.35259434
0.35259434
0.35259434
0.35338217
0.35338217
0.35338217
0.35338217
0.35498362
0.35410589
0.35410589
0.35410589
0.35410589
0.34986436
0.34986436
0.35055801
0.35055801
0.35055801
0.34943135
0.34943135
0.34943135
0.34943135
0.34762090
0.35134776
0.35134776
0.34524386
0.34492977
0.34265806
0.34265806
0.34265806
0.34265806
0.34659872
0.34659872
0.34659872
0.34659872
0.34659872
0.34659872
0.34659872
0.34659872
0.34659872
0.34659872
0.34659872
0.34659872
0.34659872
0.34502879
0.34502879
