0.00000000
0.00000000
0.00000000
0.00000000
0.00000000
0.00000000
0.00000000
0.00000000
0.00000000
0.00000000
0.00000000
0.32821350
0.32821350
0.32821350
0.32821350
0.32821350
0.32478832
0.32478832
0.32478832
0.32478832
0.32478832
0.32478832
0.32378370
0.32378370
0.32378370
0.32378370
0.32378370
0.32378370
0.32378370
0.32378370
0.32471958
0.32471958
0.32426282
0.32426282
0.32709057
0.32497286
0.32497286
0.32316136
0.32316136
0.32316136
0.32316136
0.32316136
0.32316136
0.32316136
0.32316136
0.32316136
0.32316136
0.32316136
0.32316136
0.32316136
0.32316136
0.32316136
0.32316136
0.32802392
0.32802392
0.32802392
0.32802392
0.33214013
0.32858814
0.32858814
0.32858814
0.32858814
0.32608398
0.32608398
0.32608398
0.32395581
0.32395581
0.32395581
0.32395581
0.32395581
0.32495339
0.32495339
0.32495339
0.32495339
0.32495339
0.32701728
0.32701728
0.32701728
0.32701728
0.32701728
0.33074168
0.33074168
0.32770467
0.32770467
0.32770467
0.32770467
0.32770467
0.32770467
0.32770467
0.32739533
0.32786183
0.32786183
0.32786183
0.32786183
0.32786183
0.32769623
0.32769623
0.32612465
0.32612465
0.32430386
0.32430386
0.31955411
0.32162114
0.32162114
0.32162114
0.32162114
0.32138223
0.32138223
0.32138223
0.32138223
0.32138223
0.32138223
0.32138223
0.32138223
0.32138223
0.32138223
0.32138223
0.32138223
0.32138223
0.32138223
0.32138223
0.32138223
0.32138223
0.32035892
0.32035892
0.32035892
0.31621857
0.31621857
0.31621857
0.31621857
0.31630908
0.32241872
0.32241872
0.32410770
0.32410770
0.32410770
0.32287951
0.32287951
0.32287951
0.32267918
0.32454087
0.32454087
0.32454087
0.32408529
0.32408529
0.32408529
0.32316206
0.32316206
0.32316206
0.32316206
0.32316206
0.32316206
0.32316206
0.31967030
0.31967030
0.31967030
0.31971244
0.31971244
0.31971244
0.31971244
0.32359228
0.32114009
0.32111918
0.32111918
0.32111918
0.31954213
0.31954213
0.31954213
0.31686456
0.31686456
0.31686456
0.31686456
0.31686456
0.31492926
0.31492926
0.31492926
0.31492926
0.31573253
0.31716891
0.31716891
0.31570818
0.31570818
0.31461747
0.31461747
0.31461747
0.31461747
0.31461747
0.31467990
0.31467990
0.31467990
0.31557652
0.31557652
0.31557652
0.31557652
0.31557652
0.31557652
0.31557652
0.31557652
0.31557652
0.31557652
0.31351742
0.31099872
0.31099872
0.31099872
0.31244091
0.31244091
0.31244091
0.31244091
0.31266978
0.31266978
0.31266978
0.31266978
0.31091121
0.30718105
0.30718105
0.30718105
0.30718105
0.30411064
0.30411064
0.30372504
0.30372504
0.30372504
0.29968484
0.29968484
0.29968484
0.29968484
0.29930430
0.30100930
0.30100930
0.29716120
0.29926005
0.29888413
0.29888413
0.29888413
0.29888413
0.30488391
0.30488391
0.30488391
0.30488391
0.30488391
0.30488391
0.30488391
0.30488391
0.30488391
0.30488391
0.30488391
0.30488391
0.30488391
0.30231870
0.30231870
