0.00000000 0.00000000 0.00000000 0.00000000 0.00000000 0.00000000 0.00000000 0.00000000 0.00000000 0.00000000
0.00000000 0.00000000 0.00000000 0.00000000 0.00000000 0.00000000 0.00000000 0.00000000 0.00000000 0.00000000
0.00000000 0.00000000 0.00000000 0.00000000 0.00000000 0.00000000 0.00000000 0.00000000 0.00000000 0.00000000
0.00000000 0.00000000 0.00000000 0.00000000 0.00000000 0.00000000 0.00000000 0.00000000 0.00000000 0.00000000
0.00000000 0.00000000 0.00000000 0.00000000 0.00000000 0.00000000 0.00000000 0.00000000 0.00000000 0.00000000
0.00000000 0.00000000 0.00000000 0.00000000 0.00000000 0.00000000 0.00000000 0.00000000 0.00000000 0.00000000
0.00000000 0.00000000 0.00000000 0.00000000 0.00000000 0.00000000 0.00000000 0.00000000 0.00000000 0.00000000
0.00000000 0.00000000 0.00000000 0.00000000 0.00000000 0.00000000 0.00000000 0.00000000 0.00000000 0.00000000
0.00000000 0.00000000 0.00000000 0.00000000 0.00000000 0.00000000 0.00000000 0.00000000 0.00000000 0.00000000
0.00000000 0.00000000 0.00000000 0.00000000 0.00000000 0.00000000 0.00000000 0.00000000 0.00000000 0.00000000
0.00000000 0.00000000 0.00000000 0.00000000 0.00000000 0.00000000 0.00000000 0.00000000 0.00000000 0.00000000
0.37432987 0.42048014 0.43662436 0.28069074 0.30328131 0.25932963 0.30602248 0.40714901 0.36869013 0.41542654
0.37432987 0.42048014 0.43662436 0.28069074 0.30328131 0.25932963 0.30602248 0.40714901 0.36869013 0.41542654
0.37432987 0.42048014 0.43662436 0.28069074 0.30328131 0.25932963 0.30602248 0.40714901 0.36869013 0.41542654
0.37432987 0.42048014 0.43662436 0.28069074 0.30328131 0.25932963 0.30602248 0.40714901 0.36869013 0.41542654
0.37432987 0.42048014 0.43662436 0.28069074 0.30328131 0.25932963 0.30602248 0.40714901 0.36869013 0.41542654
0.36532694 0.42796798 0.43354411 0.28240217 0.30527861 0.26197083 0.29926717 0.39519897 0.36324410 0.41515942
0.36532694 0.42796798 0.43354411 0.28240217 0.30527861 0.26197083 0.29926717 0.39519897 0.36324410 0.41515942
0.36532694 0.42796798 0.43354411 0.28240217 0.30527861 0.26197083 0.29926717 0.39519897 0.36324410 0.41515942
0.36532694 0.42796798 0.43354411 0.28240217 0.30527861 0.26197083 0.29926717 0.39519897 0.36324410 0.41515942
0.36532694 0.42796798 0.43354411 0.28240217 0.30527861 0.26197083 0.29926717 0.39519897 0.36324410 0.41515942
0.36532694 0.42796798 0.43354411 0.28240217 0.30527861 0.26197083 0.29926717 0.39519897 0.36324410 0.41515942
0.35512811 0.44460550 0.44014480 0.28455494 0.30486272 0.25312114 0.29431894 0.39350837 0.36760718 0.40936092
0.35512811 0.44460550 0.44014480 0.28455494 0.30486272 0.25312114 0.29431894 0.39350837 0.36760718 0.40936092
0.35512811 0.44460550 0.44014480 0.28455494 0.30486272 0.25312114 0.29431894 0.39350837 0.36760718 0.40936092
0.35512811 0.44460550 0.44014480 0.28455494 0.30486272 0.25312114 0.29431894 0.39350837 0.36760718 0.40936092
0.35512811 0.44460550 0.44014480 0.28455494 0.30486272 0.25312114 0.29431894 0.39350837 0.36760718 0.40936092
0.35512811 0.44460550 0.44014480 0.28455494 0.30486272 0.25312114 0.29431894 0.39350837 0.36760718 0.40936092
0.35512811 0.44460550 0.44014480 0.28455494 0.30486272 0.25312114 0.29431894 0.39350837 0.36760718 0.40936092
0.35512811 0.44460550 0.44014480 0.28455494 0.30486272 0.25312114 0.29431894 0.39350837 0.36760718 0.40936092
0.36324152 0.44754635 0.43617425 0.27961865 0.30491375 0.25256544 0.30068852 0.39391749 0.36453839 0.42346097
0.36324152 0.44754635 0.43617425 0.27961865 0.30491375 0.25256544 0.30068852 0.39391749 0.36453839 0.42346097
0.36308711 0.45640640 0.42928887 0.26646390 0.30792849 0.25593997 0.30113722 0.39224063 0.36244814 0.42018780
0.36308711 0.45640640 0.42928887 0.26646390 0.30792849 0.25593997 0.30113722 0.39224063 0.36244814 0.42018780
0.35963388 0.46187535 0.41807870 0.27282940 0.31344815 0.24978953 0.30209207 0.39763083 0.36993927 0.41513260
0.36204491 0.45012907 0.40815268 0.25947456 0.31633016 0.25228103 0.31000442 0.39567243 0.36450964 0.42562683
0.36204491 0.45012907 0.40815268 0.25947456 0.31633016 0.25228103 0.31000442 0.39567243 0.36450964 0.42562683
0.36010050 0.44592123 0.38973489 0.25609499 0.32100544 0.24780730 0.30600261 0.39108428 0.36346385 0.44289326
0.36010050 0.44592123 0.38973489 0.25609499 0.32100544 0.24780730 0.30600261 0.39108428 0.36346385 0.44289326
0.36010050 0.44592123 0.38973489 0.25609499 0.32100544 0.24780730 0.30600261 0.39108428 0.36346385 0.44289326
0.36010050 0.44592123 0.38973489 0.25609499 0.32100544 0.24780730 0.30600261 0.39108428 0.36346385 0.44289326
0.36010050 0.44592123 0.38973489 0.25609499 0.32100544 0.24780730 0.30600261 0.39108428 0.36346385 0.44289326
0.36010050 0.44592123 0.38973489 0.25609499 0.32100544 0.24780730 0.30600261 0.39108428 0.36346385 0.44289326
0.36010050 0.44592123 0.38973489 0.25609499 0.32100544 0.24780730 0.30600261 0.39108428 0.36346385 0.44289326
0.36010050 0.44592123 0.38973489 0.25609499 0.32100544 0.24780730 0.30600261 0.39108428 0.36346385 0.44289326
0.36010050 0.44592123 0.38973489 0.25609499 0.32100544 0.24780730 0.30600261 0.39108428 0.36346385 0.44289326
0.36010050 0.44592123 0.38973489 0.25609499 0.32100544 0.24780730 0.30600261 0.39108428 0.36346385 0.44289326
0.36010050 0.44592123 0.38973489 0.25609499 0.32100544 0.24780730 0.30600261 0.39108428 0.36346385 0.44289326
0.36010050 0.44592123 0.38973489 0.25609499 0.32100544 0.24780730 0.30600261 0.39108428 0.36346385 0.44289326
0.36010050 0.44592123 0.38973489 0.25609499 0.32100544 0.24780730 0.30600261 0.39108428 0.36346385 0.44289326
0.36010050 0.44592123 0.38973489 0.25609499 0.32100544 0.24780730 0.30600261 0.39108428 0.36346385 0.44289326
0.36010050 0.44592123 0.38973489 0.25609499 0.32100544 0.24780730 0.30600261 0.39108428 0.36346385 0.44289326
0.36010050 0.44592123 0.38973489 0.25609499 0.32100544 0.24780730 0.30600261 0.39108428 0.36346385 0.44289326
0.35520462 0.44718632 0.39081816 0.25699872 0.32603342 0.24978799 0.30751834 0.39673183 0.37278703 0.44421451
0.35520462 0.44718632 0.39081816 0.25699872 0.32603342 0.24978799 0.30751834 0.39673183 0.37278703 0.44421451
0.35520462 0.44718632 0.39081816 0.25699872 0.32603342 0.24978799 0.30751834 0.39673183 0.37278703 0.44421451
0.35520462 0.44718632 0.39081816 0.25699872 0.32603342 0.24978799 0.30751834 0.39673183 0.37278703 0.44421451
0.36072404 0.44039165 0.39878334 0.25927640 0.33738186 0.24447582 0.32706257 0.39650073 0.37833994 0.44427610
0.34454837 0.44693706 0.39488367 0.25124831 0.33236643 0.24597902 0.32239634 0.39815848 0.37094892 0.45455223
0.34454837 0.44693706 0.39488367 0.25124831 0.33236643 0.24597902 0.32239634 0.39815848 0.37094892 0.45455223
0.34454837 0.44693706 0.39488367 0.25124831 0.33236643 0.24597902 0.32239634 0.39815848 0.37094892 0.45455223
0.34454837 0.44693706 0.39488367 0.25124831 0.33236643 0.24597902 0.32239634 0.39815848 0.37094892 0.45455223
0.34629286 0.43970746 0.39730469 0.25046408 0.33716628 0.24360969 0.31438647 0.39105607 0.37005765 0.45331020
0.34629286 0.43970746 0.39730469 0.25046408 0.33716628 0.24360969 0.31438647 0.39105607 0.37005765 0.45331020
0.34629286 0.43970746 0.39730469 0.25046408 0.33716628 0.24360969 0.31438647 0.39105607 0.37005765 0.45331020
0.34540320 0.43326080 0.37974824 0.25229067 0.34194234 0.24400460 0.30416325 0.39212415 0.36676330 0.45656409
0.34540320 0.43326080 0.37974824 0.25229067 0.34194234 0.24400460 0.30416325 0.39212415 0.36676330 0.45656409
0.34540320 0.43326080 0.37974824 0.25229067 0.34194234 0.24400460 0.30416325 0.39212415 0.36676330 0.45656409
0.34540320 0.43326080 0.37974824 0.25229067 0.34194234 0.24400460 0.30416325 0.39212415 0.36676330 0.45656409
0.34540320 0.43326080 0.37974824 0.25229067 0.34194234 0.24400460 0.30416325 0.39212415 0.36676330 0.45656409
0.34600878 0.44113616 0.37899593 0.25014239 0.33677559 0.24097385 0.29827131 0.40054395 0.37480635 0.45077429
0.34600878 0.44113616 0.37899593 0.25014239 0.33677559 0.24097385 0.29827131 0.40054395 0.37480635 0.45077429
0.34600878 0.44113616 0.37899593 0.25014239 0.33677559 0.24097385 0.29827131 0.40054395 0.37480635 0.45077429
0.34600878 0.44113616 0.37899593 0.25014239 0.33677559 0.24097385 0.29827131 0.40054395 0.37480635 0.45077429
0.34600878 0.44113616 0.37899593 0.25014239 0.33677559 0.24097385 0.29827131 0.40054395 0.37480635 0.45077429
0.35041477 0.43237557 0.38186304 0.24713357 0.34104390 0.24986644 0.30315076 0.39392031 0.37321767 0.44714176
0.35041477 0.43237557 0.38186304 0.24713357 0.34104390 0.24986644 0.30315076 0.39392031 0.37321767 0.44714176
0.35041477 0.43237557 0.38186304 0.24713357 0.34104390 0.24986644 0.30315076 0.39392031 0.37321767 0.44714176
0.35041477 0.43237557 0.38186304 0.24713357 0.34104390 0.24986644 0.30315076 0.39392031 0.37321767 0.44714176
0.35041477 0.43237557 0.38186304 0.24713357 0.34104390 0.24986644 0.30315076 0.39392031 0.37321767 0.44714176
0.35060976 0.44441182 0.37244240 0.25125496 0.34670723 0.25397247 0.30923880 0.39413753 0.36787218 0.42916616
0.35060976 0.44441182 0.37244240 0.25125496 0.34670723 0.25397247 0.30923880 0.39413753 0.36787218 0.42916616
0.35384664 0.43914227 0.37027832 0.25069475 0.34662909 0.25714592 0.30060077 0.39693010 0.36342471 0.41168660
0.35384664 0.43914227 0.37027832 0.25069475 0.34662909 0.25714592 0.30060077 0.39693010 0.36342471 0.41168660
0.35384664 0.43914227 0.37027832 0.25069475 0.34662909 0.25714592 0.30060077 0.39693010 0.36342471 0.41168660
0.35384664 0.43914227 0.37027832 0.25069475 0.34662909 0.25714592 0.30060077 0.39693010 0.36342471 0.41168660
0.35384664 0.43914227 0.37027832 0.25069475 0.34662909 0.25714592 0.30060077 0.39693010 0.36342471 0.41168660
0.35384664 0.43914227 0.37027832 0.25069475 0.34662909 0.25714592 0.30060077 0.39693010 0.36342471 0.41168660
0.35384664 0.43914227 0.37027832 0.25069475 0.34662909 0.25714592 0.30060077 0.39693010 0.36342471 0.41168660
0.35986743 0.43702667 0.35723209 0.25576629 0.35380075 0.25827482 0.31109809 0.39420064 0.36820711 0.40456169
0.36961401 0.44442326 0.34682331 0.24980071 0.35128591 0.25955076 0.30595740 0.40395460 0.37438109 0.41072333
0.36961401 0.44442326 0.34682331 0.24980071 0.35128591 0.25955076 0.30595740 0.40395460 0.37438109 0.41072333
0.36961401 0.44442326 0.34682331 0.24980071 0.35128591 0.25955076 0.30595740 0.40395460 0.37438109 0.41072333
0.36961401 0.44442326 0.34682331 0.24980071 0.35128591 0.25955076 0.30595740 0.40395460 0.37438109 0.41072333
0.36961401 0.44442326 0.34682331 0.24980071 0.35128591 0.25955076 0.30595740 0.40395460 0.37438109 0.41072333
0.37460115 0.44541528 0.35612992 0.24670470 0.35830132 0.26168579 0.30909980 0.39201579 0.37932334 0.39841997
0.37460115 0.44541528 0.35612992 0.24670470 0.35830132 0.26168579 0.30909980 0.39201579 0.37932334 0.39841997
0.37632974 0.44945388 0.35208190 0.24664556 0.35582884 0.25758337 0.30045986 0.39882653 0.36725935 0.39896613
0.37632974 0.44945388 0.35208190 0.24664556 0.35582884 0.25758337 0.30045986 0.39882653 0.36725935 0.39896613
0.37250583 0.43929175 0.35247749 0.24271377 0.36251822 0.25676733 0.29710422 0.39128036 0.38075365 0.39336164
0.37250583 0.43929175 0.35247749 0.24271377 0.36251822 0.25676733 0.29710422 0.39128036 0.38075365 0.39336164
0.36899797 0.43686795 0.35474210 0.24762003 0.35866407 0.24996780 0.29548375 0.39843353 0.37363556 0.39260266
0.35951382 0.44113579 0.35814694 0.25187399 0.36596545 0.24671617 0.29141261 0.40518050 0.36645214 0.38242680
0.35951382 0.44113579 0.35814694 0.25187399 0.36596545 0.24671617 0.29141261 0.40518050 0.36645214 0.38242680
0.35951382 0.44113579 0.35814694 0.25187399 0.36596545 0.24671617 0.29141261 0.40518050 0.36645214 0.38242680
0.35951382 0.44113579 0.35814694 0.25187399 0.36596545 0.24671617 0.29141261 0.40518050 0.36645214 0.38242680
0.34799339 0.43822965 0.35217834 0.25768028 0.36878304 0.24707095 0.29037710 0.40988843 0.35761684 0.39783791
0.34799339 0.43822965 0.35217834 0.25768028 0.36878304 0.24707095 0.29037710 0.40988843 0.35761684 0.39783791
0.34799339 0.43822965 0.35217834 0.25768028 0.36878304 0.24707095 0.29037710 0.40988843 0.35761684 0.39783791
0.34799339 0.43822965 0.35217834 0.25768028 0.36878304 0.24707095 0.29037710 0.40988843 0.35761684 0.39783791
0.34799339 0.43822965 0.35217834 0.25768028 0.36878304 0.24707095 0.29037710 0.40988843 0.35761684 0.39783791
0.34799339 0.43822965 0.35217834 0.25768028 0.36878304 0.24707095 0.29037710 0.40988843 0.35761684 0.39783791
0.34799339 0.43822965 0.35217834 0.25768028 0.36878304 0.24707095 0.29037710 0.40988843 0.35761684 0.39783791
0.34799339 0.43822965 0.35217834 0.25768028 0.36878304 0.24707095 0.29037710 0.40988843 0.35761684 0.39783791
0.34799339 0.43822965 0.35217834 0.25768028 0.36878304 0.24707095 0.29037710 0.40988843 0.35761684 0.39783791
0.34799339 0.43822965 0.35217834 0.25768028 0.36878304 0.24707095 0.29037710 0.40988843 0.35761684 0.39783791
0.34799339 0.43822965 0.35217834 0.25768028 0.36878304 0.24707095 0.29037710 0.40988843 0.35761684 0.39783791
0.34799339 0.43822965 0.35217834 0.25768028 0.36878304 0.24707095 0.29037710 0.40988843 0.35761684 0.39783791
0.34799339 0.43822965 0.35217834 0.25768028 0.36878304 0.24707095 0.29037710 0.40988843 0.35761684 0.39783791
0.34799339 0.43822965 0.35217834 0.25768028 0.36878304 0.24707095 0.29037710 0.40988843 0.35761684 0.39783791
0.34799339 0.43822965 0.35217834 0.25768028 0.36878304 0.24707095 0.29037710 0.40988843 0.35761684 0.39783791
0.34799339 0.43822965 0.35217834 0.25768028 0.36878304 0.24707095 0.29037710 0.40988843 0.35761684 0.39783791
0.34799339 0.43822965 0.35217834 0.25768028 0.36878304 0.24707095 0.29037710 0.40988843 0.35761684 0.39783791
0.35268561 0.45195461 0.35056717 0.25818399 0.36418724 0.25236154 0.29592343 0.39846528 0.35872159 0.38240278
0.35268561 0.45195461 0.35056717 0.25818399 0.36418724 0.25236154 0.29592343 0.39846528 0.35872159 0.38240278
0.35268561 0.45195461 0.35056717 0.25818399 0.36418724 0.25236154 0.29592343 0.39846528 0.35872159 0.38240278
0.34829196 0.45192838 0.35474288 0.25628772 0.37116256 0.25259972 0.29141816 0.39011682 0.35548661 0.37809725
0.34829196 0.45192838 0.35474288 0.25628772 0.37116256 0.25259972 0.29141816 0.39011682 0.35548661 0.37809725
0.34829196 0.45192838 0.35474288 0.25628772 0.37116256 0.25259972 0.29141816 0.39011682 0.35548661 0.37809725
0.34829196 0.45192838 0.35474288 0.25628772 0.37116256 0.25259972 0.29141816 0.39011682 0.35548661 0.37809725
0.35627123 0.44813559 0.35262089 0.25836948 0.37123573 0.24758666 0.29421068 0.38993263 0.35539221 0.38115574
0.36365649 0.45683393 0.36996572 0.26431426 0.37871299 0.25297688 0.29148584 0.38268246 0.35423926 0.39141452
0.36365649 0.45683393 0.36996572 0.26431426 0.37871299 0.25297688 0.29148584 0.38268246 0.35423926 0.39141452
0.34975476 0.46718533 0.37255678 0.26601330 0.38021743 0.25007739 0.29427219 0.37849911 0.35695818 0.39211183
0.34975476 0.46718533 0.37255678 0.26601330 0.38021743 0.25007739 0.29427219 0.37849911 0.35695818 0.39211183
0.34975476 0.46718533 0.37255678 0.26601330 0.38021743 0.25007739 0.29427219 0.37849911 0.35695818 0.39211183
0.34081940 0.47132949 0.37394013 0.26220765 0.39484638 0.25028069 0.29515695 0.38021598 0.34524719 0.38686367
0.34081940 0.47132949 0.37394013 0.26220765 0.39484638 0.25028069 0.29515695 0.38021598 0.34524719 0.38686367
0.34081940 0.47132949 0.37394013 0.26220765 0.39484638 0.25028069 0.29515695 0.38021598 0.34524719 0.38686367
0.33893829 0.46434292 0.36970202 0.25915894 0.39618335 0.24844992 0.30090491 0.37399217 0.36047645 0.37596732
0.32873006 0.45990214 0.37154467 0.26046983 0.40569838 0.25225611 0.32127780 0.37750129 0.35977138 0.38039128
0.32873006 0.45990214 0.37154467 0.26046983 0.40569838 0.25225611 0.32127780 0.37750129 0.35977138 0.38039128
0.32873006 0.45990214 0.37154467 0.26046983 0.40569838 0.25225611 0.32127780 0.37750129 0.35977138 0.38039128
0.31747299 0.46433001 0.36861119 0.24940805 0.41958486 0.25981244 0.31577860 0.37856884 0.35266556 0.38963477
0.31747299 0.46433001 0.36861119 0.24940805 0.41958486 0.25981244 0.31577860 0.37856884 0.35266556 0.38963477
0.31747299 0.46433001 0.36861119 0.24940805 0.41958486 0.25981244 0.31577860 0.37856884 0.35266556 0.38963477
0.31984218 0.46855897 0.36822810 0.24425760 0.41933614 0.25818900 0.31455607 0.38525826 0.34519715 0.38501682
0.31984218 0.46855897 0.36822810 0.24425760 0.41933614 0.25818900 0.31455607 0.38525826 0.34519715 0.38501682
0.31984218 0.46855897 0.36822810 0.24425760 0.41933614 0.25818900 0.31455607 0.38525826 0.34519715 0.38501682
0.31984218 0.46855897 0.36822810 0.24425760 0.41933614 0.25818900 0.31455607 0.38525826 0.34519715 0.38501682
0.31984218 0.46855897 0.36822810 0.24425760 0.41933614 0.25818900 0.31455607 0.38525826 0.34519715 0.38501682
0.31984218 0.46855897 0.36822810 0.24425760 0.41933614 0.25818900 0.31455607 0.38525826 0.34519715 0.38501682
0.31984218 0.46855897 0.36822810 0.24425760 0.41933614 0.25818900 0.31455607 0.38525826 0.34519715 0.38501682
0.31296085 0.46967435 0.36614643 0.24115005 0.40520278 0.24830950 0.31939972 0.37141286 0.33918977 0.38861810
0.31296085 0.46967435 0.36614643 0.24115005 0.40520278 0.24830950 0.31939972 0.37141286 0.33918977 0.38861810
0.31296085 0.46967435 0.36614643 0.24115005 0.40520278 0.24830950 0.31939972 0.37141286 0.33918977 0.38861810
0.30496679 0.47749690 0.36621596 0.24260859 0.40946437 0.24535444 0.31870022 0.37664412 0.34321009 0.38999948
0.30496679 0.47749690 0.36621596 0.24260859 0.40946437 0.24535444 0.31870022 0.37664412 0.34321009 0.38999948
0.30496679 0.47749690 0.36621596 0.24260859 0.40946437 0.24535444 0.31870022 0.37664412 0.34321009 0.38999948
0.30496679 0.47749690 0.36621596 0.24260859 0.40946437 0.24535444 0.31870022 0.37664412 0.34321009 0.38999948
0.31221489 0.47602592 0.37004337 0.23918903 0.40728949 0.25038272 0.32327397 0.38304106 0.34381227 0.38417058
0.30017739 0.47288063 0.36297119 0.23766923 0.40353397 0.25359718 0.31751213 0.37332285 0.34446056 0.38505197
0.29520163 0.46869410 0.36265296 0.23052238 0.40844417 0.25246891 0.31682053 0.38019864 0.32396492 0.38524371
0.29520163 0.46869410 0.36265296 0.23052238 0.40844417 0.25246891 0.31682053 0.38019864 0.32396492 0.38524371
0.29520163 0.46869410 0.36265296 0.23052238 0.40844417 0.25246891 0.31682053 0.38019864 0.32396492 0.38524371
0.29609232 0.46624556 0.36118116 0.23503718 0.39079118 0.23781823 0.31787298 0.37649383 0.33069216 0.37863270
0.29609232 0.46624556 0.36118116 0.23503718 0.39079118 0.23781823 0.31787298 0.37649383 0.33069216 0.37863270
0.29609232 0.46624556 0.36118116 0.23503718 0.39079118 0.23781823 0.31787298 0.37649383 0.33069216 0.37863270
0.30143682 0.46476150 0.35423955 0.23621814 0.38569178 0.23624406 0.30812689 0.38512812 0.33452654 0.38572969
0.30143682 0.46476150 0.35423955 0.23621814 0.38569178 0.23624406 0.30812689 0.38512812 0.33452654 0.38572969
0.30143682 0.46476150 0.35423955 0.23621814 0.38569178 0.23624406 0.30812689 0.38512812 0.33452654 0.38572969
0.30143682 0.46476150 0.35423955 0.23621814 0.38569178 0.23624406 0.30812689 0.38512812 0.33452654 0.38572969
0.30143682 0.46476150 0.35423955 0.23621814 0.38569178 0.23624406 0.30812689 0.38512812 0.33452654 0.38572969
0.29940651 0.46436502 0.35405909 0.22708212 0.37654447 0.24383353 0.29977545 0.39687998 0.33843126 0.38438354
0.29940651 0.46436502 0.35405909 0.22708212 0.37654447 0.24383353 0.29977545 0.39687998 0.33843126 0.38438354
0.29940651 0.46436502 0.35405909 0.22708212 0.37654447 0.24383353 0.29977545 0.39687998 0.33843126 0.38438354
0.29940651 0.46436502 0.35405909 0.22708212 0.37654447 0.24383353 0.29977545 0.39687998 0.33843126 0.38438354
0.29663573 0.47261154 0.35490115 0.23097574 0.37434428 0.23896633 0.30598527 0.38650355 0.35806826 0.37403673
0.29828332 0.47801337 0.36168892 0.23412957 0.36469321 0.24325976 0.30125186 0.38315024 0.36111874 0.37723849
0.29828332 0.47801337 0.36168892 0.23412957 0.36469321 0.24325976 0.30125186 0.38315024 0.36111874 0.37723849
0.30062379 0.47750746 0.36257444 0.23224753 0.36525775 0.24651663 0.29148897 0.38256085 0.34197899 0.37349673
0.30062379 0.47750746 0.36257444 0.23224753 0.36525775 0.24651663 0.29148897 0.38256085 0.34197899 0.37349673
0.29800176 0.47952374 0.35507751 0.22926392 0.36882142 0.23853852 0.29415592 0.38244984 0.34426159 0.37214000
0.29800176 0.47952374 0.35507751 0.22926392 0.36882142 0.23853852 0.29415592 0.38244984 0.34426159 0.37214000
0.29800176 0.47952374 0.35507751 0.22926392 0.36882142 0.23853852 0.29415592 0.38244984 0.34426159 0.37214000
0.29800176 0.47952374 0.35507751 0.22926392 0.36882142 0.23853852 0.29415592 0.38244984 0.34426159 0.37214000
0.29800176 0.47952374 0.35507751 0.22926392 0.36882142 0.23853852 0.29415592 0.38244984 0.34426159 0.37214000
0.29757105 0.48632067 0.36481167 0.23301182 0.37177281 0.23734220 0.29915945 0.37779681 0.35183849 0.36674928
0.29757105 0.48632067 0.36481167 0.23301182 0.37177281 0.23734220 0.29915945 0.37779681 0.35183849 0.36674928
0.29757105 0.48632067 0.36481167 0.23301182 0.37177281 0.23734220 0.29915945 0.37779681 0.35183849 0.36674928
0.30197589 0.48859150 0.36960044 0.23220955 0.36530000 0.23442954 0.31969177 0.37426760 0.34198349 0.36192608
0.30197589 0.48859150 0.36960044 0.23220955 0.36530000 0.23442954 0.31969177 0.37426760 0.34198349 0.36192608
0.30197589 0.48859150 0.36960044 0.23220955 0.36530000 0.23442954 0.31969177 0.37426760 0.34198349 0.36192608
0.30197589 0.48859150 0.36960044 0.23220955 0.36530000 0.23442954 0.31969177 0.37426760 0.34198349 0.36192608
0.30197589 0.48859150 0.36960044 0.23220955 0.36530000 0.23442954 0.31969177 0.37426760 0.34198349 0.36192608
0.30197589 0.48859150 0.36960044 0.23220955 0.36530000 0.23442954 0.31969177 0.37426760 0.34198349 0.36192608
0.30197589 0.48859150 0.36960044 0.23220955 0.36530000 0.23442954 0.31969177 0.37426760 0.34198349 0.36192608
0.30197589 0.48859150 0.36960044 0.23220955 0.36530000 0.23442954 0.31969177 0.37426760 0.34198349 0.36192608
0.30197589 0.48859150 0.36960044 0.23220955 0.36530000 0.23442954 0.31969177 0.37426760 0.34198349 0.36192608
0.30197589 0.48859150 0.36960044 0.23220955 0.36530000 0.23442954 0.31969177 0.37426760 0.34198349 0.36192608
0.30659561 0.49090049 0.37020969 0.23202708 0.36667150 0.23350401 0.32429878 0.37388828 0.34068874 0.36618131
0.30383377 0.50976465 0.37603489 0.23238062 0.35154777 0.23439036 0.30946857 0.38576826 0.33768175 0.36290501
0.30383377 0.50976465 0.37603489 0.23238062 0.35154777 0.23439036 0.30946857 0.38576826 0.33768175 0.36290501
0.30383377 0.50976465 0.37603489 0.23238062 0.35154777 0.23439036 0.30946857 0.38576826 0.33768175 0.36290501
0.29868303 0.51209189 0.37135807 0.23056571 0.36989081 0.23518764 0.30508213 0.39848760 0.34462204 0.37141132
0.29868303 0.51209189 0.37135807 0.23056571 0.36989081 0.23518764 0.30508213 0.39848760 0.34462204 0.37141132
0.29868303 0.51209189 0.37135807 0.23056571 0.36989081 0.23518764 0.30508213 0.39848760 0.34462204 0.37141132
0.29868303 0.51209189 0.37135807 0.23056571 0.36989081 0.23518764 0.30508213 0.39848760 0.34462204 0.37141132
0.30730183 0.50667544 0.37197726 0.22390247 0.36437387 0.23132318 0.31858119 0.39872768 0.35142312 0.37266751
0.30730183 0.50667544 0.37197726 0.22390247 0.36437387 0.23132318 0.31858119 0.39872768 0.35142312 0.37266751
0.30730183 0.50667544 0.37197726 0.22390247 0.36437387 0.23132318 0.31858119 0.39872768 0.35142312 0.37266751
0.30730183 0.50667544 0.37197726 0.22390247 0.36437387 0.23132318 0.31858119 0.39872768 0.35142312 0.37266751
0.29647266 0.51695913 0.37962513 0.22184376 0.34639730 0.22866017 0.31331261 0.41035140 0.35267789 0.38529168
0.29874980 0.51412489 0.38780074 0.22185156 0.32767381 0.22644708 0.31505909 0.40268101 0.36269264 0.38615779
0.29874980 0.51412489 0.38780074 0.22185156 0.32767381 0.22644708 0.31505909 0.40268101 0.36269264 0.38615779
0.29874980 0.51412489 0.38780074 0.22185156 0.32767381 0.22644708 0.31505909 0.40268101 0.36269264 0.38615779
0.29874980 0.51412489 0.38780074 0.22185156 0.32767381 0.22644708 0.31505909 0.40268101 0.36269264 0.38615779
0.28844196 0.50482164 0.37075721 0.21678234 0.33267466 0.23158733 0.31079474 0.39933739 0.35498269 0.39391624
0.28844196 0.50482164 0.37075721 0.21678234 0.33267466 0.23158733 0.31079474 0.39933739 0.35498269 0.39391624
0.29064452 0.50086911 0.38988174 0.21772456 0.32218917 0.23759361 0.31617958 0.40751410 0.34387527 0.38679353
0.29064452 0.50086911 0.38988174 0.21772456 0.32218917 0.23759361 0.31617958 0.40751410 0.34387527 0.38679353
0.29064452 0.50086911 0.38988174 0.21772456 0.32218917 0.23759361 0.31617958 0.40751410 0.34387527 0.38679353
0.29269989 0.49733499 0.38234204 0.21157175 0.32858768 0.23230983 0.31407364 0.40123263 0.35516919 0.38645380
0.29269989 0.49733499 0.38234204 0.21157175 0.32858768 0.23230983 0.31407364 0.40123263 0.35516919 0.38645380
0.29269989 0.49733499 0.38234204 0.21157175 0.32858768 0.23230983 0.31407364 0.40123263 0.35516919 0.38645380
0.29269989 0.49733499 0.38234204 0.21157175 0.32858768 0.23230983 0.31407364 0.40123263 0.35516919 0.38645380
0.29243658 0.50193892 0.37741323 0.21404677 0.31611244 0.22905264 0.31525914 0.40210744 0.35373432 0.37958586
0.30205489 0.50872065 0.39495706 0.21513746 0.31036454 0.23109104 0.31066715 0.40311654 0.35661430 0.38239168
0.30205489 0.50872065 0.39495706 0.21513746 0.31036454 0.23109104 0.31066715 0.40311654 0.35661430 0.38239168
0.30101769 0.48752570 0.38975869 0.21521956 0.31139823 0.22877818 0.31029731 0.39533615 0.35118319 0.37442747
0.29148855 0.48311757 0.37614236 0.22089967 0.30570625 0.23312705 0.31793487 0.39867392 0.36154882 0.37758704
0.28961277 0.47992891 0.37445374 0.21818778 0.30061299 0.23551239 0.32751332 0.38507157 0.36303088 0.37275445
0.28961277 0.47992891 0.37445374 0.21818778 0.30061299 0.23551239 0.32751332 0.38507157 0.36303088 0.37275445
0.28961277 0.47992891 0.37445374 0.21818778 0.30061299 0.23551239 0.32751332 0.38507157 0.36303088 0.37275445
0.28961277 0.47992891 0.37445374 0.21818778 0.30061299 0.23551239 0.32751332 0.38507157 0.36303088 0.37275445
0.28383791 0.49498412 0.36978893 0.22383301 0.30680319 0.24003223 0.32177306 0.39243781 0.37311654 0.37467781
0.28383791 0.49498412 0.36978893 0.22383301 0.30680319 0.24003223 0.32177306 0.39243781 0.37311654 0.37467781
0.28383791 0.49498412 0.36978893 0.22383301 0.30680319 0.24003223 0.32177306 0.39243781 0.37311654 0.37467781
0.28383791 0.49498412 0.36978893 0.22383301 0.30680319 0.24003223 0.32177306 0.39243781 0.37311654 0.37467781
0.28383791 0.49498412 0.36978893 0.22383301 0.30680319 0.24003223 0.32177306 0.39243781 0.37311654 0.37467781
0.28383791 0.49498412 0.36978893 0.22383301 0.30680319 0.24003223 0.32177306 0.39243781 0.37311654 0.37467781
0.28383791 0.49498412 0.36978893 0.22383301 0.30680319 0.24003223 0.32177306 0.39243781 0.37311654 0.37467781
0.28383791 0.49498412 0.36978893 0.22383301 0.30680319 0.24003223 0.32177306 0.39243781 0.37311654 0.37467781
0.28383791 0.49498412 0.36978893 0.22383301 0.30680319 0.24003223 0.32177306 0.39243781 0.37311654 0.37467781
0.28383791 0.49498412 0.36978893 0.22383301 0.30680319 0.24003223 0.32177306 0.39243781 0.37311654 0.37467781
0.28383791 0.49498412 0.36978893 0.22383301 0.30680319 0.24003223 0.32177306 0.39243781 0.37311654 0.37467781
0.28383791 0.49498412 0.36978893 0.22383301 0.30680319 0.24003223 0.32177306 0.39243781 0.37311654 0.37467781
0.28383791 0.49498412 0.36978893 0.22383301 0.30680319 0.24003223 0.32177306 0.39243781 0.37311654 0.37467781
0.27467878 0.48809596 0.38792776 0.22086654 0.29580343 0.23297787 0.32126720 0.38681674 0.38072993 0.37137466
0.27467878 0.48809596 0.38792776 0.22086654 0.29580343 0.23297787 0.32126720 0.38681674 0.38072993 0.37137466
