0.00000000 0.00000000 0.00000000 0.00000000 0.00000000 0.00000000 0.00000000 0.00000000 0.00000000 0.00000000
0.00000000 0.00000000 0.00000000 0.00000000 0.00000000 0.00000000 0.00000000 0.00000000 0.00000000 0.00000000
0.00000000 0.00000000 0.00000000 0.00000000 0.00000000 0.00000000 0.00000000 0.00000000 0.00000000 0.00000000
0.00000000 0.00000000 0.00000000 0.00000000 0.00000000 0.00000000 0.00000000 0.00000000 0.00000000 0.00000000
0.00000000 0.00000000 0.00000000 0.00000000 0.00000000 0.00000000 0.00000000 0.00000000 0.00000000 0.00000000
0.00000000 0.00000000 0.00000000 0.00000000 0.00000000 0.00000000 0.00000000 0.00000000 0.00000000 0.00000000
0.00000000 0.00000000 0.00000000 0.00000000 0.00000000 0.00000000 0.00000000 0.00000000 0.00000000 0.00000000
0.00000000 0.00000000 0.00000000 0.00000000 0.00000000 0.00000000 0.00000000 0.00000000 0.00000000 0.00000000
0.00000000 0.00000000 0.00000000 0.00000000 0.00000000 0.00000000 0.00000000 0.00000000 0.00000000 0.00000000
0.00000000 0.00000000 0.00000000 0.00000000 0.00000000 0.00000000 0.00000000 0.00000000 0.00000000 0.00000000
0.00000000 0.00000000 0.00000000 0.00000000 0.00000000 0.00000000 0.00000000 0.00000000 0.00000000 0.00000000
0.32637104 0.39737507 0.34900443 0.41610051 0.40118470 0.31726107 0.40846358 0.36707052 0.33189077 0.32578987
0.32637104 0.39737507 0.34900443 0.41610051 0.40118470 0.31726107 0.40846358 0.36707052 0.33189077 0.32578987
0.32637104 0.39737507 0.34900443 0.41610051 0.40118470 0.31726107 0.40846358 0.36707052 0.33189077 0.32578987
0.32637104 0.39737507 0.34900443 0.41610051 0.40118470 0.31726107 0.40846358 0.36707052 0.33189077 0.32578987
0.32637104 0.39737507 0.34900443 0.41610051 0.40118470 0.31726107 0.40846358 0.36707052 0.33189077 0.32578987
0.31627167 0.40034842 0.34076450 0.41743590 0.40740961 0.32353307 0.39999873 0.35562421 0.33164400 0.32855166
0.31627167 0.40034842 0.34076450 0.41743590 0.40740961 0.32353307 0.39999873 0.35562421 0.33164400 0.32855166
0.31627167 0.40034842 0.34076450 0.41743590 0.40740961 0.32353307 0.39999873 0.35562421 0.33164400 0.32855166
0.31627167 0.40034842 0.34076450 0.41743590 0.40740961 0.32353307 0.39999873 0.35562421 0.33164400 0.32855166
0.31627167 0.40034842 0.34076450 0.41743590 0.40740961 0.32353307 0.39999873 0.35562421 0.33164400 0.32855166
0.31627167 0.40034842 0.34076450 0.41743590 0.40740961 0.32353307 0.39999873 0.35562421 0.33164400 0.32855166
0.30408649 0.40506966 0.34435860 0.42309968 0.40254676 0.30998665 0.40159214 0.35824979 0.34028940 0.32506924
0.30408649 0.40506966 0.34435860 0.42309968 0.40254676 0.30998665 0.40159214 0.35824979 0.34028940 0.32506924
0.30408649 0.40506966 0.34435860 0.42309968 0.40254676 0.30998665 0.40159214 0.35824979 0.34028940 0.32506924
0.30408649 0.40506966 0.34435860 0.42309968 0.40254676 0.30998665 0.40159214 0.35824979 0.34028940 0.32506924
0.30408649 0.40506966 0.34435860 0.42309968 0.40254676 0.30998665 0.40159214 0.35824979 0.34028940 0.32506924
0.30408649 0.40506966 0.34435860 0.42309968 0.40254676 0.30998665 0.40159214 0.35824979 0.34028940 0.32506924
0.30408649 0.40506966 0.34435860 0.42309968 0.40254676 0.30998665 0.40159214 0.35824979 0.34028940 0.32506924
0.30408649 0.40506966 0.34435860 0.42309968 0.40254676 0.30998665 0.40159214 0.35824979 0.34028940 0.32506924
0.31262169 0.40654953 0.34295623 0.41841770 0.40694339 0.31612109 0.40958159 0.35687095 0.33181592 0.34187448
0.31262169 0.40654953 0.34295623 0.41841770 0.40694339 0.31612109 0.40958159 0.35687095 0.33181592 0.34187448
0.31270160 0.41571422 0.33303477 0.40401940 0.41047736 0.31721245 0.41296878 0.35924341 0.33532092 0.33771329
0.31270160 0.41571422 0.33303477 0.40401940 0.41047736 0.31721245 0.41296878 0.35924341 0.33532092 0.33771329
0.30442618 0.42574257 0.31941819 0.41127523 0.41666564 0.31815035 0.40777172 0.35880736 0.33635574 0.33512502
0.30981611 0.42355999 0.31258672 0.39992021 0.42713837 0.32507971 0.41208671 0.35318484 0.33536101 0.34242242
0.30981611 0.42355999 0.31258672 0.39992021 0.42713837 0.32507971 0.41208671 0.35318484 0.33536101 0.34242242
0.29875860 0.42006624 0.29728807 0.38343690 0.42030996 0.31415087 0.41094525 0.34742920 0.33954947 0.36308212
0.29875860 0.42006624 0.29728807 0.38343690 0.42030996 0.31415087 0.41094525 0.34742920 0.33954947 0.36308212
0.29875860 0.42006624 0.29728807 0.38343690 0.42030996 0.31415087 0.41094525 0.34742920 0.33954947 0.36308212
0.29875860 0.42006624 0.29728807 0.38343690 0.42030996 0.31415087 0.41094525 0.34742920 0.33954947 0.36308212
0.29875860 0.42006624 0.29728807 0.38343690 0.42030996 0.31415087 0.41094525 0.34742920 0.33954947 0.36308212
0.29875860 0.42006624 0.29728807 0.38343690 0.42030996 0.31415087 0.41094525 0.34742920 0.33954947 0.36308212
0.29875860 0.42006624 0.29728807 0.38343690 0.42030996 0.31415087 0.41094525 0.34742920 0.33954947 0.36308212
0.29875860 0.42006624 0.29728807 0.38343690 0.42030996 0.31415087 0.41094525 0.34742920 0.33954947 0.36308212
0.29875860 0.42006624 0.29728807 0.38343690 0.42030996 0.31415087 0.41094525 0.34742920 0.33954947 0.36308212
0.29875860 0.42006624 0.29728807 0.38343690 0.42030996 0.31415087 0.41094525 0.34742920 0.33954947 0.36308212
0.29875860 0.42006624 0.29728807 0.38343690 0.42030996 0.31415087 0.41094525 0.34742920 0.33954947 0.36308212
0.29875860 0.42006624 0.29728807 0.38343690 0.42030996 0.31415087 0.41094525 0.34742920 0.33954947 0.36308212
0.29875860 0.42006624 0.29728807 0.38343690 0.42030996 0.31415087 0.41094525 0.34742920 0.33954947 0.36308212
0.29875860 0.42006624 0.29728807 0.38343690 0.42030996 0.31415087 0.41094525 0.34742920 0.33954947 0.36308212
0.29875860 0.42006624 0.29728807 0.38343690 0.42030996 0.31415087 0.41094525 0.34742920 0.33954947 0.36308212
0.29875860 0.42006624 0.29728807 0.38343690 0.42030996 0.31415087 0.41094525 0.34742920 0.33954947 0.36308212
0.29476565 0.43100048 0.29805104 0.38428443 0.42655331 0.32422969 0.41021570 0.35186017 0.34926270 0.36276736
0.29476565 0.43100048 0.29805104 0.38428443 0.42655331 0.32422969 0.41021570 0.35186017 0.34926270 0.36276736
0.29476565 0.43100048 0.29805104 0.38428443 0.42655331 0.32422969 0.41021570 0.35186017 0.34926270 0.36276736
0.29476565 0.43100048 0.29805104 0.38428443 0.42655331 0.32422969 0.41021570 0.35186017 0.34926270 0.36276736
0.30231111 0.42698057 0.30646378 0.38870218 0.44063935 0.31778310 0.43408583 0.35820776 0.35573888 0.36190162
0.28497359 0.44143644 0.30116562 0.37560477 0.43797806 0.32269671 0.43154041 0.35295274 0.35025581 0.37411724
0.28497359 0.44143644 0.30116562 0.37560477 0.43797806 0.32269671 0.43154041 0.35295274 0.35025581 0.37411724
0.28497359 0.44143644 0.30116562 0.37560477 0.43797806 0.32269671 0.43154041 0.35295274 0.35025581 0.37411724
0.28497359 0.44143644 0.30116562 0.37560477 0.43797806 0.32269671 0.43154041 0.35295274 0.35025581 0.37411724
0.28720752 0.43377521 0.31126441 0.37625117 0.44031026 0.31741497 0.42559174 0.34492220 0.35080893 0.37348204
0.28720752 0.43377521 0.31126441 0.37625117 0.44031026 0.31741497 0.42559174 0.34492220 0.35080893 0.37348204
0.28720752 0.43377521 0.31126441 0.37625117 0.44031026 0.31741497 0.42559174 0.34492220 0.35080893 0.37348204
0.28900247 0.43409609 0.29433432 0.37841090 0.44720005 0.32223963 0.41343806 0.34061711 0.34601098 0.37490978
0.28900247 0.43409609 0.29433432 0.37841090 0.44720005 0.32223963 0.41343806 0.34061711 0.34601098 0.37490978
0.28900247 0.43409609 0.29433432 0.37841090 0.44720005 0.32223963 0.41343806 0.34061711 0.34601098 0.37490978
0.28900247 0.43409609 0.29433432 0.37841090 0.44720005 0.32223963 0.41343806 0.34061711 0.34601098 0.37490978
0.28900247 0.43409609 0.29433432 0.37841090 0.44720005 0.32223963 0.41343806 0.34061711 0.34601098 0.37490978
0.28824155 0.44021076 0.29323332 0.37578061 0.44319272 0.31769559 0.40315137 0.34779937 0.35822241 0.37128008
0.28824155 0.44021076 0.29323332 0.37578061 0.44319272 0.31769559 0.40315137 0.34779937 0.35822241 0.37128008
0.28824155 0.44021076 0.29323332 0.37578061 0.44319272 0.31769559 0.40315137 0.34779937 0.35822241 0.37128008
0.28824155 0.44021076 0.29323332 0.37578061 0.44319272 0.31769559 0.40315137 0.34779937 0.35822241 0.37128008
0.28824155 0.44021076 0.29323332 0.37578061 0.44319272 0.31769559 0.40315137 0.34779937 0.35822241 0.37128008
0.28944939 0.43061088 0.29198778 0.37988618 0.44687203 0.33146952 0.39911072 0.34652828 0.35545996 0.36340424
0.28944939 0.43061088 0.29198778 0.37988618 0.44687203 0.33146952 0.39911072 0.34652828 0.35545996 0.36340424
0.28944939 0.43061088 0.29198778 0.37988618 0.44687203 0.33146952 0.39911072 0.34652828 0.35545996 0.36340424
0.28944939 0.43061088 0.29198778 0.37988618 0.44687203 0.33146952 0.39911072 0.34652828 0.35545996 0.36340424
0.28944939 0.43061088 0.29198778 0.37988618 0.44687203 0.33146952 0.39911072 0.34652828 0.35545996 0.36340424
0.28781939 0.44954739 0.28778365 0.38623445 0.44873730 0.33448378 0.40188123 0.34871413 0.35709339 0.35031453
0.28781939 0.44954739 0.28778365 0.38623445 0.44873730 0.33448378 0.40188123 0.34871413 0.35709339 0.35031453
0.28577267 0.44289527 0.28968672 0.38689600 0.44078705 0.33132455 0.38840609 0.35630710 0.34938894 0.32948328
0.28577267 0.44289527 0.28968672 0.38689600 0.44078705 0.33132455 0.38840609 0.35630710 0.34938894 0.32948328
0.28577267 0.44289527 0.28968672 0.38689600 0.44078705 0.33132455 0.38840609 0.35630710 0.34938894 0.32948328
0.28577267 0.44289527 0.28968672 0.38689600 0.44078705 0.33132455 0.38840609 0.35630710 0.34938894 0.32948328
0.28577267 0.44289527 0.28968672 0.38689600 0.44078705 0.33132455 0.38840609 0.35630710 0.34938894 0.32948328
0.28577267 0.44289527 0.28968672 0.38689600 0.44078705 0.33132455 0.38840609 0.35630710 0.34938894 0.32948328
0.28577267 0.44289527 0.28968672 0.38689600 0.44078705 0.33132455 0.38840609 0.35630710 0.34938894 0.32948328
0.28654599 0.43627657 0.28336498 0.39376039 0.45001655 0.32755802 0.40358364 0.34944816 0.35224570 0.31758135
0.29266314 0.44259468 0.27643163 0.37934986 0.44797276 0.32546668 0.40350425 0.35827338 0.35833248 0.32339501
0.29266314 0.44259468 0.27643163 0.37934986 0.44797276 0.32546668 0.40350425 0.35827338 0.35833248 0.32339501
0.29266314 0.44259468 0.27643163 0.37934986 0.44797276 0.32546668 0.40350425 0.35827338 0.35833248 0.32339501
0.29266314 0.44259468 0.27643163 0.37934986 0.44797276 0.32546668 0.40350425 0.35827338 0.35833248 0.32339501
0.29266314 0.44259468 0.27643163 0.37934986 0.44797276 0.32546668 0.40350425 0.35827338 0.35833248 0.32339501
0.29453333 0.43346116 0.28194238 0.36983119 0.45326782 0.32644773 0.40847772 0.35254831 0.36362990 0.31796548
0.29453333 0.43346116 0.28194238 0.36983119 0.45326782 0.32644773 0.40847772 0.35254831 0.36362990 0.31796548
0.29613517 0.43655887 0.28341161 0.36692519 0.45114639 0.32056469 0.40293058 0.36641036 0.35561023 0.33033028
0.29613517 0.43655887 0.28341161 0.36692519 0.45114639 0.32056469 0.40293058 0.36641036 0.35561023 0.33033028
0.30228607 0.43172565 0.28347293 0.36219241 0.46049339 0.31696230 0.39655698 0.35797140 0.36529957 0.31869705
0.30228607 0.43172565 0.28347293 0.36219241 0.46049339 0.31696230 0.39655698 0.35797140 0.36529957 0.31869705
0.29473035 0.43717577 0.28798173 0.36546458 0.45288668 0.31053029 0.39306267 0.36211364 0.36485716 0.32943298
0.29213214 0.44426795 0.29202515 0.37415180 0.45612906 0.30526980 0.38635907 0.37712018 0.35720390 0.31978491
0.29213214 0.44426795 0.29202515 0.37415180 0.45612906 0.30526980 0.38635907 0.37712018 0.35720390 0.31978491
0.29213214 0.44426795 0.29202515 0.37415180 0.45612906 0.30526980 0.38635907 0.37712018 0.35720390 0.31978491
0.29213214 0.44426795 0.29202515 0.37415180 0.45612906 0.30526980 0.38635907 0.37712018 0.35720390 0.31978491
0.28422441 0.44147716 0.28766496 0.38394339 0.46540107 0.31508954 0.38454211 0.38118492 0.34935674 0.33433653
0.28422441 0.44147716 0.28766496 0.38394339 0.46540107 0.31508954 0.38454211 0.38118492 0.34935674 0.33433653
0.28422441 0.44147716 0.28766496 0.38394339 0.46540107 0.31508954 0.38454211 0.38118492 0.34935674 0.33433653
0.28422441 0.44147716 0.28766496 0.38394339 0.46540107 0.31508954 0.38454211 0.38118492 0.34935674 0.33433653
0.28422441 0.44147716 0.28766496 0.38394339 0.46540107 0.31508954 0.38454211 0.38118492 0.34935674 0.33433653
0.28422441 0.44147716 0.28766496 0.38394339 0.46540107 0.31508954 0.38454211 0.38118492 0.34935674 0.33433653
0.28422441 0.44147716 0.28766496 0.38394339 0.46540107 0.31508954 0.38454211 0.38118492 0.34935674 0.33433653
0.28422441 0.44147716 0.28766496 0.38394339 0.46540107 0.31508954 0.38454211 0.38118492 0.34935674 0.33433653
0.28422441 0.44147716 0.28766496 0.38394339 0.46540107 0.31508954 0.38454211 0.38118492 0.34935674 0.33433653
0.28422441 0.44147716 0.28766496 0.38394339 0.46540107 0.31508954 0.38454211 0.38118492 0.34935674 0.33433653
0.28422441 0.44147716 0.28766496 0.38394339 0.46540107 0.31508954 0.38454211 0.38118492 0.34935674 0.33433653
0.28422441 0.44147716 0.28766496 0.38394339 0.46540107 0.31508954 0.38454211 0.38118492 0.34935674 0.33433653
0.28422441 0.44147716 0.28766496 0.38394339 0.46540107 0.31508954 0.38454211 0.38118492 0.34935674 0.33433653
0.28422441 0.44147716 0.28766496 0.38394339 0.46540107 0.31508954 0.38454211 0.38118492 0.34935674 0.33433653
0.28422441 0.44147716 0.28766496 0.38394339 0.46540107 0.31508954 0.38454211 0.38118492 0.34935674 0.33433653
0.28422441 0.44147716 0.28766496 0.38394339 0.46540107 0.31508954 0.38454211 0.38118492 0.34935674 0.33433653
0.28422441 0.44147716 0.28766496 0.38394339 0.46540107 0.31508954 0.38454211 0.38118492 0.34935674 0.33433653
0.28121505 0.45100008 0.28814185 0.38126632 0.46301310 0.32572604 0.39602485 0.36857080 0.35093457 0.32558884
0.28121505 0.45100008 0.28814185 0.38126632 0.46301310 0.32572604 0.39602485 0.36857080 0.35093457 0.32558884
0.28121505 0.45100008 0.28814185 0.38126632 0.46301310 0.32572604 0.39602485 0.36857080 0.35093457 0.32558884
0.27658183 0.44327410 0.29004978 0.37787025 0.46918103 0.32639923 0.39284362 0.36234252 0.35038734 0.31999438
0.27658183 0.44327410 0.29004978 0.37787025 0.46918103 0.32639923 0.39284362 0.36234252 0.35038734 0.31999438
0.27658183 0.44327410 0.29004978 0.37787025 0.46918103 0.32639923 0.39284362 0.36234252 0.35038734 0.31999438
0.27658183 0.44327410 0.29004978 0.37787025 0.46918103 0.32639923 0.39284362 0.36234252 0.35038734 0.31999438
0.28329288 0.44755506 0.28755734 0.38213633 0.46700297 0.31523203 0.39424962 0.35810703 0.35326234 0.32468849
0.29021211 0.45784470 0.30198533 0.39051849 0.47259737 0.33169691 0.39032889 0.35378472 0.34666363 0.33197427
0.29021211 0.45784470 0.30198533 0.39051849 0.47259737 0.33169691 0.39032889 0.35378472 0.34666363 0.33197427
0.27682404 0.46078317 0.30275292 0.38816660 0.47507738 0.32587834 0.39355748 0.35631204 0.35344954 0.32959763
0.27682404 0.46078317 0.30275292 0.38816660 0.47507738 0.32587834 0.39355748 0.35631204 0.35344954 0.32959763
0.27682404 0.46078317 0.30275292 0.38816660 0.47507738 0.32587834 0.39355748 0.35631204 0.35344954 0.32959763
0.26824368 0.46470951 0.30662713 0.38165661 0.48181908 0.32195372 0.39236003 0.35970469 0.34490701 0.32577974
0.26824368 0.46470951 0.30662713 0.38165661 0.48181908 0.32195372 0.39236003 0.35970469 0.34490701 0.32577974
0.26824368 0.46470951 0.30662713 0.38165661 0.48181908 0.32195372 0.39236003 0.35970469 0.34490701 0.32577974
0.26949070 0.45621017 0.30502877 0.38119973 0.48046746 0.31685178 0.39623323 0.35936433 0.35868204 0.31601642
0.26253557 0.45265972 0.30593656 0.38001062 0.48980459 0.32538417 0.41899169 0.35886346 0.35927354 0.32182452
0.26253557 0.45265972 0.30593656 0.38001062 0.48980459 0.32538417 0.41899169 0.35886346 0.35927354 0.32182452
0.26253557 0.45265972 0.30593656 0.38001062 0.48980459 0.32538417 0.41899169 0.35886346 0.35927354 0.32182452
0.25705946 0.45639702 0.30547940 0.36230291 0.50879719 0.33085156 0.41200983 0.35951919 0.34576511 0.32588173
0.25705946 0.45639702 0.30547940 0.36230291 0.50879719 0.33085156 0.41200983 0.35951919 0.34576511 0.32588173
0.25705946 0.45639702 0.30547940 0.36230291 0.50879719 0.33085156 0.41200983 0.35951919 0.34576511 0.32588173
0.26028071 0.46635696 0.30935084 0.34925693 0.51012711 0.32552284 0.40501004 0.36240139 0.33611984 0.32306024
0.26028071 0.46635696 0.30935084 0.34925693 0.51012711 0.32552284 0.40501004 0.36240139 0.33611984 0.32306024
0.26028071 0.46635696 0.30935084 0.34925693 0.51012711 0.32552284 0.40501004 0.36240139 0.33611984 0.32306024
0.26028071 0.46635696 0.30935084 0.34925693 0.51012711 0.32552284 0.40501004 0.36240139 0.33611984 0.32306024
0.26028071 0.46635696 0.30935084 0.34925693 0.51012711 0.32552284 0.40501004 0.36240139 0.33611984 0.32306024
0.26028071 0.46635696 0.30935084 0.34925693 0.51012711 0.32552284 0.40501004 0.36240139 0.33611984 0.32306024
0.26028071 0.46635696 0.30935084 0.34925693 0.51012711 0.32552284 0.40501004 0.36240139 0.33611984 0.32306024
0.25909394 0.46365739 0.30885801 0.34558111 0.49244961 0.31734300 0.41386070 0.35007739 0.33072993 0.32300495
0.25909394 0.46365739 0.30885801 0.34558111 0.49244961 0.31734300 0.41386070 0.35007739 0.33072993 0.32300495
0.25909394 0.46365739 0.30885801 0.34558111 0.49244961 0.31734300 0.41386070 0.35007739 0.33072993 0.32300495
0.25221983 0.47173334 0.31442580 0.34638070 0.49238877 0.31757304 0.41613239 0.35439349 0.33630804 0.33043548
0.25221983 0.47173334 0.31442580 0.34638070 0.49238877 0.31757304 0.41613239 0.35439349 0.33630804 0.33043548
0.25221983 0.47173334 0.31442580 0.34638070 0.49238877 0.31757304 0.41613239 0.35439349 0.33630804 0.33043548
0.25221983 0.47173334 0.31442580 0.34638070 0.49238877 0.31757304 0.41613239 0.35439349 0.33630804 0.33043548
0.26432107 0.47055333 0.31926892 0.34169994 0.49079750 0.32569693 0.41973311 0.35926736 0.33494897 0.32638962
0.25853020 0.46752264 0.31105857 0.33660495 0.48856113 0.32661978 0.41081057 0.34469229 0.33218193 0.32388591
0.25883005 0.47168547 0.31385593 0.32509598 0.49313140 0.32893033 0.40780857 0.35325776 0.31417217 0.32624236
0.25883005 0.47168547 0.31385593 0.32509598 0.49313140 0.32893033 0.40780857 0.35325776 0.31417217 0.32624236
0.25883005 0.47168547 0.31385593 0.32509598 0.49313140 0.32893033 0.40780857 0.35325776 0.31417217 0.32624236
0.26055155 0.46942989 0.31243425 0.33391892 0.47509910 0.30212146 0.40857427 0.34616037 0.32369556 0.31457132
0.26055155 0.46942989 0.31243425 0.33391892 0.47509910 0.30212146 0.40857427 0.34616037 0.32369556 0.31457132
0.26055155 0.46942989 0.31243425 0.33391892 0.47509910 0.30212146 0.40857427 0.34616037 0.32369556 0.31457132
0.26024389 0.47021140 0.31692471 0.33191464 0.46427801 0.30747506 0.39946370 0.35540892 0.33501375 0.32856762
0.26024389 0.47021140 0.31692471 0.33191464 0.46427801 0.30747506 0.39946370 0.35540892 0.33501375 0.32856762
0.26024389 0.47021140 0.31692471 0.33191464 0.46427801 0.30747506 0.39946370 0.35540892 0.33501375 0.32856762
0.26024389 0.47021140 0.31692471 0.33191464 0.46427801 0.30747506 0.39946370 0.35540892 0.33501375 0.32856762
0.26024389 0.47021140 0.31692471 0.33191464 0.46427801 0.30747506 0.39946370 0.35540892 0.33501375 0.32856762
0.25619921 0.46583183 0.31264089 0.31632010 0.45713819 0.31690777 0.38886463 0.36108679 0.34108920 0.33149373
0.25619921 0.46583183 0.31264089 0.31632010 0.45713819 0.31690777 0.38886463 0.36108679 0.34108920 0.33149373
0.25619921 0.46583183 0.31264089 0.31632010 0.45713819 0.31690777 0.38886463 0.36108679 0.34108920 0.33149373
0.25619921 0.46583183 0.31264089 0.31632010 0.45713819 0.31690777 0.38886463 0.36108679 0.34108920 0.33149373
0.25229162 0.47713920 0.31362779 0.32529990 0.46041674 0.30638373 0.38795269 0.35209347 0.35519899 0.32394633
0.25555641 0.47537264 0.31944508 0.32790708 0.44783653 0.30947185 0.37946361 0.34944174 0.35673352 0.32396159
0.25555641 0.47537264 0.31944508 0.32790708 0.44783653 0.30947185 0.37946361 0.34944174 0.35673352 0.32396159
0.25429285 0.47146001 0.32317589 0.31992932 0.44745460 0.31014074 0.37288135 0.34764236 0.33704356 0.32039217
0.25429285 0.47146001 0.32317589 0.31992932 0.44745460 0.31014074 0.37288135 0.34764236 0.33704356 0.32039217
0.25294442 0.47676342 0.32361346 0.31859551 0.44979895 0.30140812 0.37547380 0.35117770 0.33606448 0.32214644
0.25294442 0.47676342 0.32361346 0.31859551 0.44979895 0.30140812 0.37547380 0.35117770 0.33606448 0.32214644
0.25294442 0.47676342 0.32361346 0.31859551 0.44979895 0.30140812 0.37547380 0.35117770 0.33606448 0.32214644
0.25294442 0.47676342 0.32361346 0.31859551 0.44979895 0.30140812 0.37547380 0.35117770 0.33606448 0.32214644
0.25294442 0.47676342 0.32361346 0.31859551 0.44979895 0.30140812 0.37547380 0.35117770 0.33606448 0.32214644
0.25543218 0.47962539 0.33278170 0.32203609 0.44391601 0.29563620 0.38536334 0.34607997 0.34336398 0.31789926
0.25543218 0.47962539 0.33278170 0.32203609 0.44391601 0.29563620 0.38536334 0.34607997 0.34336398 0.31789926
0.25543218 0.47962539 0.33278170 0.32203609 0.44391601 0.29563620 0.38536334 0.34607997 0.34336398 0.31789926
0.25707112 0.48948263 0.33769484 0.31640957 0.43839934 0.29208084 0.40812563 0.33623838 0.33592112 0.31562302
0.25707112 0.48948263 0.33769484 0.31640957 0.43839934 0.29208084 0.40812563 0.33623838 0.33592112 0.31562302
0.25707112 0.48948263 0.33769484 0.31640957 0.43839934 0.29208084 0.40812563 0.33623838 0.33592112 0.31562302
0.25707112 0.48948263 0.33769484 0.31640957 0.43839934 0.29208084 0.40812563 0.33623838 0.33592112 0.31562302
0.25707112 0.48948263 0.33769484 0.31640957 0.43839934 0.29208084 0.40812563 0.33623838 0.33592112 0.31562302
0.25707112 0.48948263 0.33769484 0.31640957 0.43839934 0.29208084 0.40812563 0.33623838 0.33592112 0.31562302
0.25707112 0.48948263 0.33769484 0.31640957 0.43839934 0.29208084 0.40812563 0.33623838 0.33592112 0.31562302
0.25707112 0.48948263 0.33769484 0.31640957 0.43839934 0.29208084 0.40812563 0.33623838 0.33592112 0.31562302
0.25707112 0.48948263 0.33769484 0.31640957 0.43839934 0.29208084 0.40812563 0.33623838 0.33592112 0.31562302
0.25707112 0.48948263 0.33769484 0.31640957 0.43839934 0.29208084 0.40812563 0.33623838 0.33592112 0.31562302
0.25415955 0.48747147 0.33763693 0.31028153 0.43580600 0.28753458 0.41890407 0.33767006 0.33795689 0.31928153
0.25261592 0.50163792 0.34858924 0.30881202 0.41776422 0.28734657 0.40843774 0.34555032 0.34028334 0.31995956
0.25261592 0.50163792 0.34858924 0.30881202 0.41776422 0.28734657 0.40843774 0.34555032 0.34028334 0.31995956
0.25261592 0.50163792 0.34858924 0.30881202 0.41776422 0.28734657 0.40843774 0.34555032 0.34028334 0.31995956
0.24511244 0.50079654 0.33923504 0.30205274 0.44227748 0.28255488 0.40219053 0.35882415 0.34317255 0.33178568
0.24511244 0.50079654 0.33923504 0.30205274 0.44227748 0.28255488 0.40219053 0.35882415 0.34317255 0.33178568
0.24511244 0.50079654 0.33923504 0.30205274 0.44227748 0.28255488 0.40219053 0.35882415 0.34317255 0.33178568
0.24511244 0.50079654 0.33923504 0.30205274 0.44227748 0.28255488 0.40219053 0.35882415 0.34317255 0.33178568
0.24761104 0.49433218 0.34138912 0.28984823 0.43305320 0.27632725 0.41571660 0.35937878 0.34786839 0.33346330
0.24761104 0.49433218 0.34138912 0.28984823 0.43305320 0.27632725 0.41571660 0.35937878 0.34786839 0.33346330
0.24761104 0.49433218 0.34138912 0.28984823 0.43305320 0.27632725 0.41571660 0.35937878 0.34786839 0.33346330
0.24761104 0.49433218 0.34138912 0.28984823 0.43305320 0.27632725 0.41571660 0.35937878 0.34786839 0.33346330
0.24141110 0.50798460 0.35098124 0.28866413 0.41688410 0.27476994 0.41165137 0.36764738 0.35303481 0.34808836
0.24211112 0.50617184 0.35958477 0.29220010 0.39734111 0.27089575 0.41413865 0.35793406 0.36704244 0.34958392
0.24211112 0.50617184 0.35958477 0.29220010 0.39734111 0.27089575 0.41413865 0.35793406 0.36704244 0.34958392
0.24211112 0.50617184 0.35958477 0.29220010 0.39734111 0.27089575 0.41413865 0.35793406 0.36704244 0.34958392
0.24211112 0.50617184 0.35958477 0.29220010 0.39734111 0.27089575 0.41413865 0.35793406 0.36704244 0.34958392
0.23573951 0.50158440 0.34540537 0.28315017 0.40180131 0.28406365 0.41528865 0.35631077 0.36471948 0.35388784
0.23573951 0.50158440 0.34540537 0.28315017 0.40180131 0.28406365 0.41528865 0.35631077 0.36471948 0.35388784
0.23755396 0.49940845 0.36547904 0.28347175 0.39467461 0.29125872 0.42651520 0.35969103 0.35279946 0.35449632
0.23755396 0.49940845 0.36547904 0.28347175 0.39467461 0.29125872 0.42651520 0.35969103 0.35279946 0.35449632
0.23755396 0.49940845 0.36547904 0.28347175 0.39467461 0.29125872 0.42651520 0.35969103 0.35279946 0.35449632
0.23738510 0.49387465 0.35633464 0.26720900 0.40123232 0.28457912 0.42570835 0.35491397 0.36189776 0.35276280
0.23738510 0.49387465 0.35633464 0.26720900 0.40123232 0.28457912 0.42570835 0.35491397 0.36189776 0.35276280
0.23738510 0.49387465 0.35633464 0.26720900 0.40123232 0.28457912 0.42570835 0.35491397 0.36189776 0.35276280
0.23738510 0.49387465 0.35633464 0.26720900 0.40123232 0.28457912 0.42570835 0.35491397 0.36189776 0.35276280
0.23596578 0.50170067 0.35300963 0.27366038 0.38418118 0.27592678 0.42635024 0.35672667 0.35586511 0.34758710
0.24336265 0.50468830 0.37073245 0.27818925 0.37413377 0.28491040 0.42011945 0.36329127 0.35924316 0.34750356
0.24336265 0.50468830 0.37073245 0.27818925 0.37413377 0.28491040 0.42011945 0.36329127 0.35924316 0.34750356
0.24463555 0.48039048 0.36266420 0.27674270 0.37152329 0.28014108 0.41653566 0.35862084 0.35029241 0.33482269
0.23752932 0.47763994 0.35032562 0.28582546 0.35879536 0.29060408 0.42606703 0.35551880 0.36721342 0.33955621
0.23614838 0.47244067 0.35163305 0.27666167 0.35459189 0.29461902 0.43846374 0.34258762 0.36915134 0.33474709
0.23614838 0.47244067 0.35163305 0.27666167 0.35459189 0.29461902 0.43846374 0.34258762 0.36915134 0.33474709
0.23614838 0.47244067 0.35163305 0.27666167 0.35459189 0.29461902 0.43846374 0.34258762 0.36915134 0.33474709
0.23614838 0.47244067 0.35163305 0.27666167 0.35459189 0.29461902 0.43846374 0.34258762 0.36915134 0.33474709
0.23188135 0.49357228 0.34486975 0.29002897 0.36270172 0.29860771 0.43229635 0.34592992 0.37688528 0.33801982
0.23188135 0.49357228 0.34486975 0.29002897 0.36270172 0.29860771 0.43229635 0.34592992 0.37688528 0.33801982
0.23188135 0.49357228 0.34486975 0.29002897 0.36270172 0.29860771 0.43229635 0.34592992 0.37688528 0.33801982
0.23188135 0.49357228 0.34486975 0.29002897 0.36270172 0.29860771 0.43229635 0.34592992 0.37688528 0.33801982
0.23188135 0.49357228 0.34486975 0.29002897 0.36270172 0.29860771 0.43229635 0.34592992 0.37688528 0.33801982
0.23188135 0.49357228 0.34486975 0.29002897 0.36270172 0.29860771 0.43229635 0.34592992 0.37688528 0.33801982
0.23188135 0.49357228 0.34486975 0.29002897 0.36270172 0.29860771 0.43229635 0.34592992 0.37688528 0.33801982
0.23188135 0.49357228 0.34486975 0.29002897 0.36270172 0.29860771 0.43229635 0.34592992 0.37688528 0.33801982
0.23188135 0.49357228 0.34486975 0.29002897 0.36270172 0.29860771 0.43229635 0.34592992 0.37688528 0.33801982
0.23188135 0.49357228 0.34486975 0.29002897 0.36270172 0.29860771 0.43229635 0.34592992 0.37688528 0.33801982
0.23188135 0.49357228 0.34486975 0.29002897 0.36270172 0.29860771 0.43229635 0.34592992 0.37688528 0.33801982
0.23188135 0.49357228 0.34486975 0.29002897 0.36270172 0.29860771 0.43229635 0.34592992 0.37688528 0.33801982
0.23188135 0.49357228 0.34486975 0.29002897 0.36270172 0.29860771 0.43229635 0.34592992 0.37688528 0.33801982
0.22487472 0.49007168 0.35607459 0.28644068 0.34976312 0.28708789 0.42952142 0.34191409 0.37946964 0.33209980
0.22487472 0.49007168 0.35607459 0.28644068 0.34976312 0.28708789 0.42952142 0.34191409 0.37946964 0.33209980
