0.00000000 0.00000000 0.00000000 0.00000000 0.00000000 0.00000000 0.00000000 0.00000000 0.00000000 0.00000000
0.00000000 0.00000000 0.00000000 0.00000000 0.00000000 0.00000000 0.00000000 0.00000000 0.00000000 0.00000000
0.00000000 0.00000000 0.00000000 0.00000000 0.00000000 0.00000000 0.00000000 0.00000000 0.00000000 0.00000000
0.00000000 0.00000000 0.00000000 0.00000000 0.00000000 0.00000000 0.00000000 0.00000000 0.00000000 0.00000000
0.00000000 0.00000000 0.00000000 0.00000000 0.00000000 0.00000000 0.00000000 0.00000000 0.00000000 0.00000000
0.00000000 0.00000000 0.00000000 0.00000000 0.00000000 0.00000000 0.00000000 0.00000000 0.00000000 0.00000000
0.00000000 0.00000000 0.00000000 0.00000000 0.00000000 0.00000000 0.00000000 0.00000000 0.00000000 0.00000000
0.00000000 0.00000000 0.00000000 0.00000000 0.00000000 0.00000000 0.00000000 0.00000000 0.00000000 0.00000000
0.00000000 0.00000000 0.00000000 0.00000000 0.00000000 0.00000000 0.00000000 0.00000000 0.00000000 0.00000000
0.00000000 0.00000000 0.00000000 0.00000000 0.00000000 0.00000000 0.00000000 0.00000000 0.00000000 0.00000000
0.00000000 0.00000000 0.00000000 0.00000000 0.00000000 0.00000000 0.00000000 0.00000000 0.00000000 0.00000000
0.40619719 0.32070864 0.41340735 0.32892827 0.33184335 0.25146713 0.29448878 0.27931676 0.34974183 0.30366637
0.40619719 0.32070864 0.41340735 0.32892827 0.33184335 0.25146713 0.29448878 0.27931676 0.34974183 0.30366637
0.40619719 0.32070864 0.41340735 0.32892827 0.33184335 0.25146713 0.29448878 0.27931676 0.34974183 0.30366637
0.40619719 0.32070864 0.41340735 0.32892827 0.33184335 0.25146713 0.29448878 0.27931676 0.34974183 0.30366637
0.40619719 0.32070864 0.41340735 0.32892827 0.33184335 0.25146713 0.29448878 0.27931676 0.34974183 0.30366637
0.39672494 0.32128772 0.40673808 0.33179022 0.33413637 0.25380921 0.28585102 0.27187889 0.34817050 0.30748719
0.39672494 0.32128772 0.40673808 0.33179022 0.33413637 0.25380921 0.28585102 0.27187889 0.34817050 0.30748719
0.39672494 0.32128772 0.40673808 0.33179022 0.33413637 0.25380921 0.28585102 0.27187889 0.34817050 0.30748719
0.39672494 0.32128772 0.40673808 0.33179022 0.33413637 0.25380921 0.28585102 0.27187889 0.34817050 0.30748719
0.39672494 0.32128772 0.40673808 0.33179022 0.33413637 0.25380921 0.28585102 0.27187889 0.34817050 0.30748719
0.39672494 0.32128772 0.40673808 0.33179022 0.33413637 0.25380921 0.28585102 0.27187889 0.34817050 0.30748719
0.38918367 0.32895763 0.41973689 0.33318207 0.33767244 0.24477158 0.28807039 0.27084599 0.35111358 0.31121824
0.38918367 0.32895763 0.41973689 0.33318207 0.33767244 0.24477158 0.28807039 0.27084599 0.35111358 0.31121824
0.38918367 0.32895763 0.41973689 0.33318207 0.33767244 0.24477158 0.28807039 0.27084599 0.35111358 0.31121824
0.38918367 0.32895763 0.41973689 0.33318207 0.33767244 0.24477158 0.28807039 0.27084599 0.35111358 0.31121824
0.38918367 0.32895763 0.41973689 0.33318207 0.33767244 0.24477158 0.28807039 0.27084599 0.35111358 0.31121824
0.38918367 0.32895763 0.41973689 0.33318207 0.33767244 0.24477158 0.28807039 0.27084599 0.35111358 0.31121824
0.38918367 0.32895763 0.41973689 0.33318207 0.33767244 0.24477158 0.28807039 0.27084599 0.35111358 0.31121824
0.38918367 0.32895763 0.41973689 0.33318207 0.33767244 0.24477158 0.28807039 0.27084599 0.35111358 0.31121824
0.38997051 0.33959312 0.41370067 0.33010558 0.33491958 0.24357019 0.29349873 0.26937514 0.34308566 0.32383728
0.38997051 0.33959312 0.41370067 0.33010558 0.33491958 0.24357019 0.29349873 0.26937514 0.34308566 0.32383728
0.38590588 0.34563091 0.40582201 0.31719668 0.33787360 0.24475977 0.29858678 0.27072581 0.35082919 0.31757521
0.38590588 0.34563091 0.40582201 0.31719668 0.33787360 0.24475977 0.29858678 0.27072581 0.35082919 0.31757521
0.38516218 0.35694934 0.39287304 0.32566281 0.34362870 0.24104861 0.29630223 0.27130728 0.35117365 0.31293901
0.39319091 0.34843679 0.39219183 0.31344354 0.34881709 0.24474390 0.29595120 0.27009780 0.34776377 0.31985643
0.39319091 0.34843679 0.39219183 0.31344354 0.34881709 0.24474390 0.29595120 0.27009780 0.34776377 0.31985643
0.38428555 0.34843712 0.37559450 0.30373487 0.34909451 0.24444928 0.29710152 0.26862270 0.35030695 0.33712536
0.38428555 0.34843712 0.37559450 0.30373487 0.34909451 0.24444928 0.29710152 0.26862270 0.35030695 0.33712536
0.38428555 0.34843712 0.37559450 0.30373487 0.34909451 0.24444928 0.29710152 0.26862270 0.35030695 0.33712536
0.38428555 0.34843712 0.37559450 0.30373487 0.34909451 0.24444928 0.29710152 0.26862270 0.35030695 0.33712536
0.38428555 0.34843712 0.37559450 0.30373487 0.34909451 0.24444928 0.29710152 0.26862270 0.35030695 0.33712536
0.38428555 0.34843712 0.37559450 0.30373487 0.34909451 0.24444928 0.29710152 0.26862270 0.35030695 0.33712536
0.38428555 0.34843712 0.37559450 0.30373487 0.34909451 0.24444928 0.29710152 0.26862270 0.35030695 0.33712536
0.38428555 0.34843712 0.37559450 0.30373487 0.34909451 0.24444928 0.29710152 0.26862270 0.35030695 0.33712536
0.38428555 0.34843712 0.37559450 0.30373487 0.34909451 0.24444928 0.29710152 0.26862270 0.35030695 0.33712536
0.38428555 0.34843712 0.37559450 0.30373487 0.34909451 0.24444928 0.29710152 0.26862270 0.35030695 0.33712536
0.38428555 0.34843712 0.37559450 0.30373487 0.34909451 0.24444928 0.29710152 0.26862270 0.35030695 0.33712536
0.38428555 0.34843712 0.37559450 0.30373487 0.34909451 0.24444928 0.29710152 0.26862270 0.35030695 0.33712536
0.38428555 0.34843712 0.37559450 0.30373487 0.34909451 0.24444928 0.29710152 0.26862270 0.35030695 0.33712536
0.38428555 0.34843712 0.37559450 0.30373487 0.34909451 0.24444928 0.29710152 0.26862270 0.35030695 0.33712536
0.38428555 0.34843712 0.37559450 0.30373487 0.34909451 0.24444928 0.29710152 0.26862270 0.35030695 0.33712536
0.38428555 0.34843712 0.37559450 0.30373487 0.34909451 0.24444928 0.29710152 0.26862270 0.35030695 0.33712536
0.38846793 0.35845508 0.36911051 0.30411806 0.35803036 0.25075491 0.29669453 0.26616393 0.35831842 0.33373851
0.38846793 0.35845508 0.36911051 0.30411806 0.35803036 0.25075491 0.29669453 0.26616393 0.35831842 0.33373851
0.38846793 0.35845508 0.36911051 0.30411806 0.35803036 0.25075491 0.29669453 0.26616393 0.35831842 0.33373851
0.38846793 0.35845508 0.36911051 0.30411806 0.35803036 0.25075491 0.29669453 0.26616393 0.35831842 0.33373851
0.39943498 0.35308983 0.38397781 0.30259225 0.36958139 0.24761809 0.31485948 0.26872715 0.36880384 0.34154712
0.38526572 0.36058766 0.37193350 0.29602675 0.36564707 0.24979358 0.31419774 0.26737731 0.35658047 0.34030867
0.38526572 0.36058766 0.37193350 0.29602675 0.36564707 0.24979358 0.31419774 0.26737731 0.35658047 0.34030867
0.38526572 0.36058766 0.37193350 0.29602675 0.36564707 0.24979358 0.31419774 0.26737731 0.35658047 0.34030867
0.38526572 0.36058766 0.37193350 0.29602675 0.36564707 0.24979358 0.31419774 0.26737731 0.35658047 0.34030867
0.38555232 0.35777237 0.37476438 0.29590556 0.37004784 0.24612858 0.31259428 0.26169152 0.35544525 0.33536376
0.38555232 0.35777237 0.37476438 0.29590556 0.37004784 0.24612858 0.31259428 0.26169152 0.35544525 0.33536376
0.38555232 0.35777237 0.37476438 0.29590556 0.37004784 0.24612858 0.31259428 0.26169152 0.35544525 0.33536376
0.38824911 0.35887010 0.35500725 0.29521861 0.37725279 0.24600037 0.30889745 0.26351752 0.34862098 0.33904475
0.38824911 0.35887010 0.35500725 0.29521861 0.37725279 0.24600037 0.30889745 0.26351752 0.34862098 0.33904475
0.38824911 0.35887010 0.35500725 0.29521861 0.37725279 0.24600037 0.30889745 0.26351752 0.34862098 0.33904475
0.38824911 0.35887010 0.35500725 0.29521861 0.37725279 0.24600037 0.30889745 0.26351752 0.34862098 0.33904475
0.38824911 0.35887010 0.35500725 0.29521861 0.37725279 0.24600037 0.30889745 0.26351752 0.34862098 0.33904475
0.39080329 0.36772585 0.35105488 0.29442612 0.37960988 0.24605279 0.30183614 0.26608204 0.35788543 0.33672505
0.39080329 0.36772585 0.35105488 0.29442612 0.37960988 0.24605279 0.30183614 0.26608204 0.35788543 0.33672505
0.39080329 0.36772585 0.35105488 0.29442612 0.37960988 0.24605279 0.30183614 0.26608204 0.35788543 0.33672505
0.39080329 0.36772585 0.35105488 0.29442612 0.37960988 0.24605279 0.30183614 0.26608204 0.35788543 0.33672505
0.39080329 0.36772585 0.35105488 0.29442612 0.37960988 0.24605279 0.30183614 0.26608204 0.35788543 0.33672505
0.39409321 0.35573555 0.35469738 0.29995525 0.38806968 0.25838746 0.30067026 0.26708423 0.35450029 0.33420496
0.39409321 0.35573555 0.35469738 0.29995525 0.38806968 0.25838746 0.30067026 0.26708423 0.35450029 0.33420496
0.39409321 0.35573555 0.35469738 0.29995525 0.38806968 0.25838746 0.30067026 0.26708423 0.35450029 0.33420496
0.39409321 0.35573555 0.35469738 0.29995525 0.38806968 0.25838746 0.30067026 0.26708423 0.35450029 0.33420496
0.39409321 0.35573555 0.35469738 0.29995525 0.38806968 0.25838746 0.30067026 0.26708423 0.35450029 0.33420496
0.39751825 0.37203727 0.35062195 0.30953441 0.39714666 0.26101307 0.30115439 0.26675241 0.35533268 0.31818197
0.39751825 0.37203727 0.35062195 0.30953441 0.39714666 0.26101307 0.30115439 0.26675241 0.35533268 0.31818197
0.38989111 0.35939070 0.35072623 0.31159265 0.39664279 0.26054301 0.29406798 0.27175551 0.34808867 0.30638532
0.38989111 0.35939070 0.35072623 0.31159265 0.39664279 0.26054301 0.29406798 0.27175551 0.34808867 0.30638532
0.38989111 0.35939070 0.35072623 0.31159265 0.39664279 0.26054301 0.29406798 0.27175551 0.34808867 0.30638532
0.38989111 0.35939070 0.35072623 0.31159265 0.39664279 0.26054301 0.29406798 0.27175551 0.34808867 0.30638532
0.38989111 0.35939070 0.35072623 0.31159265 0.39664279 0.26054301 0.29406798 0.27175551 0.34808867 0.30638532
0.38989111 0.35939070 0.35072623 0.31159265 0.39664279 0.26054301 0.29406798 0.27175551 0.34808867 0.30638532
0.38989111 0.35939070 0.35072623 0.31159265 0.39664279 0.26054301 0.29406798 0.27175551 0.34808867 0.30638532
0.38546114 0.35209742 0.35337385 0.31684194 0.40399732 0.25907557 0.30560600 0.26569274 0.35240079 0.29903646
0.38973521 0.35463361 0.34533416 0.30741716 0.39919544 0.25905734 0.31082693 0.27623852 0.35532604 0.30428751
0.38973521 0.35463361 0.34533416 0.30741716 0.39919544 0.25905734 0.31082693 0.27623852 0.35532604 0.30428751
0.38973521 0.35463361 0.34533416 0.30741716 0.39919544 0.25905734 0.31082693 0.27623852 0.35532604 0.30428751
0.38973521 0.35463361 0.34533416 0.30741716 0.39919544 0.25905734 0.31082693 0.27623852 0.35532604 0.30428751
0.38973521 0.35463361 0.34533416 0.30741716 0.39919544 0.25905734 0.31082693 0.27623852 0.35532604 0.30428751
0.39368487 0.34439844 0.34774292 0.29821765 0.40488327 0.25880646 0.31552969 0.27093905 0.35808771 0.29877492
0.39368487 0.34439844 0.34774292 0.29821765 0.40488327 0.25880646 0.31552969 0.27093905 0.35808771 0.29877492
0.38955278 0.35028480 0.34115717 0.29379199 0.40249022 0.25438343 0.31243873 0.27397675 0.35253052 0.30505464
0.38955278 0.35028480 0.34115717 0.29379199 0.40249022 0.25438343 0.31243873 0.27397675 0.35253052 0.30505464
0.38673192 0.34704882 0.34309248 0.28824934 0.41180254 0.24936325 0.30785767 0.27234322 0.36615232 0.29981098
0.38673192 0.34704882 0.34309248 0.28824934 0.41180254 0.24936325 0.30785767 0.27234322 0.36615232 0.29981098
0.38869631 0.34728956 0.33899894 0.29603034 0.40618793 0.24356344 0.30515651 0.27083098 0.36294993 0.30339973
0.38006447 0.35518106 0.34224669 0.29961338 0.40724736 0.23890960 0.29656518 0.27319812 0.35586422 0.29857990
0.38006447 0.35518106 0.34224669 0.29961338 0.40724736 0.23890960 0.29656518 0.27319812 0.35586422 0.29857990
0.38006447 0.35518106 0.34224669 0.29961338 0.40724736 0.23890960 0.29656518 0.27319812 0.35586422 0.29857990
0.38006447 0.35518106 0.34224669 0.29961338 0.40724736 0.23890960 0.29656518 0.27319812 0.35586422 0.29857990
0.37286063 0.35697169 0.33878134 0.30543978 0.40870192 0.23962520 0.29196207 0.27341961 0.34956696 0.30943672
0.37286063 0.35697169 0.33878134 0.30543978 0.40870192 0.23962520 0.29196207 0.27341961 0.34956696 0.30943672
0.37286063 0.35697169 0.33878134 0.30543978 0.40870192 0.23962520 0.29196207 0.27341961 0.34956696 0.30943672
0.37286063 0.35697169 0.33878134 0.30543978 0.40870192 0.23962520 0.29196207 0.27341961 0.34956696 0.30943672
0.37286063 0.35697169 0.33878134 0.30543978 0.40870192 0.23962520 0.29196207 0.27341961 0.34956696 0.30943672
0.37286063 0.35697169 0.33878134 0.30543978 0.40870192 0.23962520 0.29196207 0.27341961 0.34956696 0.30943672
0.37286063 0.35697169 0.33878134 0.30543978 0.40870192 0.23962520 0.29196207 0.27341961 0.34956696 0.30943672
0.37286063 0.35697169 0.33878134 0.30543978 0.40870192 0.23962520 0.29196207 0.27341961 0.34956696 0.30943672
0.37286063 0.35697169 0.33878134 0.30543978 0.40870192 0.23962520 0.29196207 0.27341961 0.34956696 0.30943672
0.37286063 0.35697169 0.33878134 0.30543978 0.40870192 0.23962520 0.29196207 0.27341961 0.34956696 0.30943672
0.37286063 0.35697169 0.33878134 0.30543978 0.40870192 0.23962520 0.29196207 0.27341961 0.34956696 0.30943672
0.37286063 0.35697169 0.33878134 0.30543978 0.40870192 0.23962520 0.29196207 0.27341961 0.34956696 0.30943672
0.37286063 0.35697169 0.33878134 0.30543978 0.40870192 0.23962520 0.29196207 0.27341961 0.34956696 0.30943672
0.37286063 0.35697169 0.33878134 0.30543978 0.40870192 0.23962520 0.29196207 0.27341961 0.34956696 0.30943672
0.37286063 0.35697169 0.33878134 0.30543978 0.40870192 0.23962520 0.29196207 0.27341961 0.34956696 0.30943672
0.37286063 0.35697169 0.33878134 0.30543978 0.40870192 0.23962520 0.29196207 0.27341961 0.34956696 0.30943672
0.37286063 0.35697169 0.33878134 0.30543978 0.40870192 0.23962520 0.29196207 0.27341961 0.34956696 0.30943672
0.37228641 0.36923452 0.33931801 0.30701400 0.41119719 0.24444745 0.30177792 0.26481096 0.35089106 0.30650846
0.37228641 0.36923452 0.33931801 0.30701400 0.41119719 0.24444745 0.30177792 0.26481096 0.35089106 0.30650846
0.37228641 0.36923452 0.33931801 0.30701400 0.41119719 0.24444745 0.30177792 0.26481096 0.35089106 0.30650846
0.37296474 0.36609234 0.34359291 0.30522632 0.41083503 0.24203261 0.29887900 0.25577481 0.34819490 0.30695561
0.37296474 0.36609234 0.34359291 0.30522632 0.41083503 0.24203261 0.29887900 0.25577481 0.34819490 0.30695561
0.37296474 0.36609234 0.34359291 0.30522632 0.41083503 0.24203261 0.29887900 0.25577481 0.34819490 0.30695561
0.37296474 0.36609234 0.34359291 0.30522632 0.41083503 0.24203261 0.29887900 0.25577481 0.34819490 0.30695561
0.38241970 0.36853193 0.33831878 0.31425137 0.41205727 0.23727619 0.30073038 0.25381328 0.34735523 0.30574159
0.39371079 0.38420342 0.35290400 0.31999057 0.41866941 0.24496052 0.29453796 0.25394737 0.34279244 0.31432628
0.39371079 0.38420342 0.35290400 0.31999057 0.41866941 0.24496052 0.29453796 0.25394737 0.34279244 0.31432628
0.37859302 0.38629031 0.34888385 0.31930616 0.42120236 0.24249634 0.29330000 0.25191277 0.34893396 0.31676683
0.37859302 0.38629031 0.34888385 0.31930616 0.42120236 0.24249634 0.29330000 0.25191277 0.34893396 0.31676683
0.37859302 0.38629031 0.34888385 0.31930616 0.42120236 0.24249634 0.29330000 0.25191277 0.34893396 0.31676683
0.36542315 0.39099045 0.34587677 0.31281031 0.42251935 0.24405744 0.28605602 0.24813345 0.34127050 0.31326437
0.36542315 0.39099045 0.34587677 0.31281031 0.42251935 0.24405744 0.28605602 0.24813345 0.34127050 0.31326437
0.36542315 0.39099045 0.34587677 0.31281031 0.42251935 0.24405744 0.28605602 0.24813345 0.34127050 0.31326437
0.36874409 0.38763117 0.34402307 0.31063219 0.42580760 0.24380935 0.28907410 0.24777526 0.35574679 0.30299236
0.35463274 0.38464935 0.34522803 0.30607485 0.43405370 0.24933448 0.30599759 0.24892130 0.35293267 0.30990507
0.35463274 0.38464935 0.34522803 0.30607485 0.43405370 0.24933448 0.30599759 0.24892130 0.35293267 0.30990507
0.35463274 0.38464935 0.34522803 0.30607485 0.43405370 0.24933448 0.30599759 0.24892130 0.35293267 0.30990507
0.33656909 0.39065338 0.34515127 0.28542292 0.44661982 0.24925424 0.30143989 0.24711247 0.34927444 0.31527679
0.33656909 0.39065338 0.34515127 0.28542292 0.44661982 0.24925424 0.30143989 0.24711247 0.34927444 0.31527679
0.33656909 0.39065338 0.34515127 0.28542292 0.44661982 0.24925424 0.30143989 0.24711247 0.34927444 0.31527679
0.34076643 0.40054900 0.35218896 0.27637590 0.44855275 0.24648502 0.30067545 0.25056185 0.34678574 0.31484275
0.34076643 0.40054900 0.35218896 0.27637590 0.44855275 0.24648502 0.30067545 0.25056185 0.34678574 0.31484275
0.34076643 0.40054900 0.35218896 0.27637590 0.44855275 0.24648502 0.30067545 0.25056185 0.34678574 0.31484275
0.34076643 0.40054900 0.35218896 0.27637590 0.44855275 0.24648502 0.30067545 0.25056185 0.34678574 0.31484275
0.34076643 0.40054900 0.35218896 0.27637590 0.44855275 0.24648502 0.30067545 0.25056185 0.34678574 0.31484275
0.34076643 0.40054900 0.35218896 0.27637590 0.44855275 0.24648502 0.30067545 0.25056185 0.34678574 0.31484275
0.34076643 0.40054900 0.35218896 0.27637590 0.44855275 0.24648502 0.30067545 0.25056185 0.34678574 0.31484275
0.33708523 0.40679136 0.35465283 0.27024494 0.42919955 0.24048843 0.31236544 0.24076947 0.34570428 0.32191737
0.33708523 0.40679136 0.35465283 0.27024494 0.42919955 0.24048843 0.31236544 0.24076947 0.34570428 0.32191737
0.33708523 0.40679136 0.35465283 0.27024494 0.42919955 0.24048843 0.31236544 0.24076947 0.34570428 0.32191737
0.32892614 0.41491167 0.35012858 0.27018343 0.43244710 0.23775087 0.30996769 0.24103628 0.34353534 0.32695011
0.32892614 0.41491167 0.35012858 0.27018343 0.43244710 0.23775087 0.30996769 0.24103628 0.34353534 0.32695011
0.32892614 0.41491167 0.35012858 0.27018343 0.43244710 0.23775087 0.30996769 0.24103628 0.34353534 0.32695011
0.32892614 0.41491167 0.35012858 0.27018343 0.43244710 0.23775087 0.30996769 0.24103628 0.34353534 0.32695011
0.34040691 0.40702543 0.35554426 0.26837664 0.43458473 0.24299400 0.31615424 0.24646337 0.34352863 0.32186326
0.32867980 0.40477269 0.35195129 0.26436456 0.43125599 0.24358989 0.30798776 0.23824433 0.34177323 0.32017607
0.32631661 0.40120406 0.35333072 0.25933008 0.43082894 0.24513222 0.30245819 0.24396536 0.32268200 0.31869383
0.32631661 0.40120406 0.35333072 0.25933008 0.43082894 0.24513222 0.30245819 0.24396536 0.32268200 0.31869383
0.32631661 0.40120406 0.35333072 0.25933008 0.43082894 0.24513222 0.30245819 0.24396536 0.32268200 0.31869383
0.33138256 0.40414609 0.36085980 0.26470268 0.41541132 0.23448286 0.29914012 0.24191096 0.33011711 0.31971442
0.33138256 0.40414609 0.36085980 0.26470268 0.41541132 0.23448286 0.29914012 0.24191096 0.33011711 0.31971442
0.33138256 0.40414609 0.36085980 0.26470268 0.41541132 0.23448286 0.29914012 0.24191096 0.33011711 0.31971442
0.33809041 0.40528981 0.35473711 0.26109892 0.40263150 0.23564175 0.28744092 0.24141638 0.33520651 0.32903688
0.33809041 0.40528981 0.35473711 0.26109892 0.40263150 0.23564175 0.28744092 0.24141638 0.33520651 0.32903688
0.33809041 0.40528981 0.35473711 0.26109892 0.40263150 0.23564175 0.28744092 0.24141638 0.33520651 0.32903688
0.33809041 0.40528981 0.35473711 0.26109892 0.40263150 0.23564175 0.28744092 0.24141638 0.33520651 0.32903688
0.33809041 0.40528981 0.35473711 0.26109892 0.40263150 0.23564175 0.28744092 0.24141638 0.33520651 0.32903688
0.33221260 0.40289261 0.35348146 0.24836286 0.39551485 0.24374276 0.28077937 0.24495543 0.34051704 0.32780740
0.33221260 0.40289261 0.35348146 0.24836286 0.39551485 0.24374276 0.28077937 0.24495543 0.34051704 0.32780740
0.33221260 0.40289261 0.35348146 0.24836286 0.39551485 0.24374276 0.28077937 0.24495543 0.34051704 0.32780740
0.33221260 0.40289261 0.35348146 0.24836286 0.39551485 0.24374276 0.28077937 0.24495543 0.34051704 0.32780740
0.33214126 0.40583871 0.35159204 0.25812772 0.40364271 0.23960174 0.28264734 0.25049832 0.34693895 0.31449518
0.33616463 0.39690323 0.35936297 0.26482225 0.39611610 0.24148840 0.28217829 0.24910722 0.34955025 0.31181272
0.33616463 0.39690323 0.35936297 0.26482225 0.39611610 0.24148840 0.28217829 0.24910722 0.34955025 0.31181272
0.33307205 0.39452183 0.35877763 0.25639910 0.39552617 0.24033604 0.27900588 0.24937068 0.33024239 0.30880863
0.33307205 0.39452183 0.35877763 0.25639910 0.39552617 0.24033604 0.27900588 0.24937068 0.33024239 0.30880863
0.33185810 0.40062902 0.35805172 0.25288595 0.39450969 0.23136589 0.27915544 0.25118039 0.32981421 0.30846303
0.33185810 0.40062902 0.35805172 0.25288595 0.39450969 0.23136589 0.27915544 0.25118039 0.32981421 0.30846303
0.33185810 0.40062902 0.35805172 0.25288595 0.39450969 0.23136589 0.27915544 0.25118039 0.32981421 0.30846303
0.33185810 0.40062902 0.35805172 0.25288595 0.39450969 0.23136589 0.27915544 0.25118039 0.32981421 0.30846303
0.33185810 0.40062902 0.35805172 0.25288595 0.39450969 0.23136589 0.27915544 0.25118039 0.32981421 0.30846303
0.33048279 0.40286213 0.36659301 0.25209415 0.38639756 0.22997646 0.29021244 0.24759155 0.33628139 0.30541831
0.33048279 0.40286213 0.36659301 0.25209415 0.38639756 0.22997646 0.29021244 0.24759155 0.33628139 0.30541831
0.33048279 0.40286213 0.36659301 0.25209415 0.38639756 0.22997646 0.29021244 0.24759155 0.33628139 0.30541831
0.33250088 0.40406743 0.36843332 0.25015860 0.38816018 0.22945848 0.30660490 0.24636601 0.32373277 0.30384194
0.33250088 0.40406743 0.36843332 0.25015860 0.38816018 0.22945848 0.30660490 0.24636601 0.32373277 0.30384194
0.33250088 0.40406743 0.36843332 0.25015860 0.38816018 0.22945848 0.30660490 0.24636601 0.32373277 0.30384194
0.33250088 0.40406743 0.36843332 0.25015860 0.38816018 0.22945848 0.30660490 0.24636601 0.32373277 0.30384194
0.33250088 0.40406743 0.36843332 0.25015860 0.38816018 0.22945848 0.30660490 0.24636601 0.32373277 0.30384194
0.33250088 0.40406743 0.36843332 0.25015860 0.38816018 0.22945848 0.30660490 0.24636601 0.32373277 0.30384194
0.33250088 0.40406743 0.36843332 0.25015860 0.38816018 0.22945848 0.30660490 0.24636601 0.32373277 0.30384194
0.33250088 0.40406743 0.36843332 0.25015860 0.38816018 0.22945848 0.30660490 0.24636601 0.32373277 0.30384194
0.33250088 0.40406743 0.36843332 0.25015860 0.38816018 0.22945848 0.30660490 0.24636601 0.32373277 0.30384194
0.33250088 0.40406743 0.36843332 0.25015860 0.38816018 0.22945848 0.30660490 0.24636601 0.32373277 0.30384194
0.33324911 0.40743182 0.36683652 0.24580780 0.38384880 0.22981580 0.31660656 0.24721419 0.32146890 0.30618503
0.32948635 0.42168056 0.36849533 0.24025277 0.36893535 0.22756275 0.31086344 0.24525894 0.32240717 0.30251996
0.32948635 0.42168056 0.36849533 0.24025277 0.36893535 0.22756275 0.31086344 0.24525894 0.32240717 0.30251996
0.32948635 0.42168056 0.36849533 0.24025277 0.36893535 0.22756275 0.31086344 0.24525894 0.32240717 0.30251996
0.31751222 0.42421181 0.35660000 0.23885636 0.38121280 0.22637540 0.30472549 0.25543102 0.32215760 0.31428018
0.31751222 0.42421181 0.35660000 0.23885636 0.38121280 0.22637540 0.30472549 0.25543102 0.32215760 0.31428018
0.31751222 0.42421181 0.35660000 0.23885636 0.38121280 0.22637540 0.30472549 0.25543102 0.32215760 0.31428018
0.31751222 0.42421181 0.35660000 0.23885636 0.38121280 0.22637540 0.30472549 0.25543102 0.32215760 0.31428018
0.32487733 0.41589488 0.35847170 0.23169056 0.37423554 0.22188046 0.31472313 0.25655105 0.32921966 0.31507102
0.32487733 0.41589488 0.35847170 0.23169056 0.37423554 0.22188046 0.31472313 0.25655105 0.32921966 0.31507102
0.32487733 0.41589488 0.35847170 0.23169056 0.37423554 0.22188046 0.31472313 0.25655105 0.32921966 0.31507102
0.32487733 0.41589488 0.35847170 0.23169056 0.37423554 0.22188046 0.31472313 0.25655105 0.32921966 0.31507102
0.31629635 0.43309066 0.36319685 0.23159363 0.36195891 0.22001215 0.31276417 0.26076591 0.33388991 0.32379257
0.31698622 0.42521299 0.37444879 0.23348662 0.34366042 0.21835174 0.31333835 0.25503954 0.34405823 0.32347301
0.31698622 0.42521299 0.37444879 0.23348662 0.34366042 0.21835174 0.31333835 0.25503954 0.34405823 0.32347301
0.31698622 0.42521299 0.37444879 0.23348662 0.34366042 0.21835174 0.31333835 0.25503954 0.34405823 0.32347301
0.31698622 0.42521299 0.37444879 0.23348662 0.34366042 0.21835174 0.31333835 0.25503954 0.34405823 0.32347301
0.31049538 0.42525362 0.36229156 0.22727309 0.34493035 0.22382852 0.31061469 0.24962112 0.34559967 0.32862506
0.31049538 0.42525362 0.36229156 0.22727309 0.34493035 0.22382852 0.31061469 0.24962112 0.34559967 0.32862506
0.31606073 0.41856999 0.37549209 0.22876473 0.34596102 0.22724143 0.32120096 0.25200006 0.33010654 0.32665646
0.31606073 0.41856999 0.37549209 0.22876473 0.34596102 0.22724143 0.32120096 0.25200006 0.33010654 0.32665646
0.31606073 0.41856999 0.37549209 0.22876473 0.34596102 0.22724143 0.32120096 0.25200006 0.33010654 0.32665646
0.31049211 0.41915543 0.37241459 0.21830853 0.34516434 0.22304011 0.32396736 0.25133873 0.34147228 0.32717959
0.31049211 0.41915543 0.37241459 0.21830853 0.34516434 0.22304011 0.32396736 0.25133873 0.34147228 0.32717959
0.31049211 0.41915543 0.37241459 0.21830853 0.34516434 0.22304011 0.32396736 0.25133873 0.34147228 0.32717959
0.31049211 0.41915543 0.37241459 0.21830853 0.34516434 0.22304011 0.32396736 0.25133873 0.34147228 0.32717959
0.31550321 0.42211226 0.36953392 0.22513973 0.33181387 0.22144882 0.32397420 0.25602639 0.33489994 0.32005046
0.32118482 0.42433789 0.38370758 0.22675131 0.32122370 0.22386617 0.31418843 0.25605440 0.33560646 0.32336099
0.32118482 0.42433789 0.38370758 0.22675131 0.32122370 0.22386617 0.31418843 0.25605440 0.33560646 0.32336099
0.32240511 0.39721377 0.37989770 0.22746582 0.31763981 0.22631718 0.30835018 0.25702782 0.32523131 0.31326028
0.31770798 0.39778238 0.36675325 0.23506161 0.31503487 0.23075756 0.31422204 0.25789122 0.33652441 0.31386188
0.31093825 0.39818180 0.36825267 0.22822531 0.31561758 0.23136056 0.33293603 0.25015842 0.33923103 0.31260788
0.31093825 0.39818180 0.36825267 0.22822531 0.31561758 0.23136056 0.33293603 0.25015842 0.33923103 0.31260788
0.31093825 0.39818180 0.36825267 0.22822531 0.31561758 0.23136056 0.33293603 0.25015842 0.33923103 0.31260788
0.31093825 0.39818180 0.36825267 0.22822531 0.31561758 0.23136056 0.33293603 0.25015842 0.33923103 0.31260788
0.30953466 0.41722923 0.36050217 0.23918594 0.32549781 0.23665242 0.32973158 0.25334610 0.34114691 0.31301156
0.30953466 0.41722923 0.36050217 0.23918594 0.32549781 0.23665242 0.32973158 0.25334610 0.34114691 0.31301156
0.30953466 0.41722923 0.36050217 0.23918594 0.32549781 0.23665242 0.32973158 0.25334610 0.34114691 0.31301156
0.30953466 0.41722923 0.36050217 0.23918594 0.32549781 0.23665242 0.32973158 0.25334610 0.34114691 0.31301156
0.30953466 0.41722923 0.36050217 0.23918594 0.32549781 0.23665242 0.32973158 0.25334610 0.34114691 0.31301156
0.30953466 0.41722923 0.36050217 0.23918594 0.32549781 0.23665242 0.32973158 0.25334610 0.34114691 0.31301156
0.30953466 0.41722923 0.36050217 0.23918594 0.32549781 0.23665242 0.32973158 0.25334610 0.34114691 0.31301156
0.30953466 0.41722923 0.36050217 0.23918594 0.32549781 0.23665242 0.32973158 0.25334610 0.34114691 0.31301156
0.30953466 0.41722923 0.36050217 0.23918594 0.32549781 0.23665242 0.32973158 0.25334610 0.34114691 0.31301156
0.30953466 0.41722923 0.36050217 0.23918594 0.32549781 0.23665242 0.32973158 0.25334610 0.34114691 0.31301156
0.30953466 0.41722923 0.36050217 0.23918594 0.32549781 0.23665242 0.32973158 0.25334610 0.34114691 0.31301156
0.30953466 0.41722923 0.36050217 0.23918594 0.32549781 0.23665242 0.32973158 0.25334610 0.34114691 0.31301156
0.30953466 0.41722923 0.36050217 0.23918594 0.32549781 0.23665242 0.32973158 0.25334610 0.34114691 0.31301156
0.29907511 0.41106421 0.37631161 0.23544300 0.31083038 0.23200605 0.33256547 0.25560402 0.34888801 0.31544511
0.29907511 0.41106421 0.37631161 0.23544300 0.31083038 0.23200605 0.33256547 0.25560402 0.34888801 0.31544511
