0.1932 0.2514 0.2561 0.2349 0.2549 0.2353 0.2363 0.2567 0.3788 0.4715
0.1932 0.2514 0.2561 0.2349 0.2549 0.2353 0.2363 0.2567 0.3789 0.4716
0.1932 0.2514 0.2561 0.2349 0.2549 0.2353 0.2363 0.2568 0.3789 0.4716
0.1932 0.2514 0.2561 0.2349 0.2549 0.2353 0.2363 0.2568 0.3789 0.4716
0.1932 0.2514 0.2561 0.2349 0.2549 0.2353 0.2363 0.2568 0.3789 0.4716
0.1932 0.2514 0.2561 0.2349 0.2549 0.2353 0.2363 0.2568 0.3789 0.4716
0.1932 0.2514 0.2561 0.2349 0.2549 0.2353 0.2363 0.2567 0.3789 0.4716
0.1932 0.2514 0.2561 0.2349 0.2549 0.2353 0.2363 0.2567 0.3788 0.4715
0.1932 0.2514 0.2561 0.2348 0.2549 0.2352 0.2363 0.2567 0.3788 0.4714
0.1933 0.2514 0.2561 0.2348 0.2548 0.2352 0.2362 0.2566 0.3788 0.4714
0.1933 0.2514 0.2561 0.2348 0.2548 0.2352 0.2362 0.2566 0.3787 0.4713
0.1933 0.2514 0.2561 0.2348 0.2548 0.2352 0.2362 0.2565 0.3787 0.4712
0.1933 0.2514 0.2561 0.2348 0.2548 0.2352 0.2361 0.2565 0.3786 0.4711
0.1933 0.2515 0.2561 0.2348 0.2548 0.2352 0.2361 0.2564 0.3786 0.4710
0.1933 0.2515 0.2561 0.2347 0.2548 0.2351 0.2360 0.2564 0.3785 0.4709
0.1934 0.2515 0.2561 0.2347 0.2548 0.2351 0.2360 0.2563 0.3784 0.4708
0.1934 0.2515 0.2561 0.2347 0.2547 0.2351 0.2359 0.2562 0.3784 0.4707
0.1934 0.2515 0.2561 0.2347 0.2547 0.2351 0.2359 0.2561 0.3783 0.4706
0.1934 0.2515 0.2561 0.2346 0.2547 0.2351 0.2358 0.2561 0.3782 0.4705
0.1935 0.2515 0.2561 0.2346 0.2547 0.2350 0.2358 0.2560 0.3782 0.4704
0.1935 0.2515 0.2561 0.2346 0.2547 0.2350 0.2358 0.2560 0.3782 0.4703
0.1935 0.2515 0.2561 0.2346 0.2547 0.2350 0.2358 0.2560 0.3781 0.4703
0.1935 0.2515 0.2561 0.2346 0.2547 0.2350 0.2357 0.2559 0.3781 0.4703
0.1935 0.2515 0.2561 0.2346 0.2547 0.2350 0.2357 0.2559 0.3781 0.4702
0.1935 0.2515 0.2561 0.2346 0.2547 0.2350 0.2357 0.2559 0.3781 0.4702
0.1935 0.2515 0.2560 0.2346 0.2547 0.2350 0.2357 0.2559 0.3781 0.4702
0.1935 0.2515 0.2560 0.2346 0.2547 0.2350 0.2357 0.2559 0.3781 0.4702
0.1935 0.2515 0.2560 0.2346 0.2547 0.2350 0.2357 0.2559 0.3781 0.4702
0.1935 0.2515 0.2560 0.2346 0.2547 0.2350 0.2357 0.2559 0.3781 0.4702
0.1935 0.2515 0.2560 0.2346 0.2547 0.2350 0.2357 0.2559 0.3780 0.4702
0.1935 0.2515 0.2560 0.2346 0.2547 0.2350 0.2357 0.2559 0.3780 0.4702
0.1935 0.2515 0.2560 0.2346 0.2547 0.2350 0.2357 0.2559 0.3780 0.4702
0.1935 0.2515 0.2560 0.2346 0.2547 0.2350 0.2357 0.2559 0.3780 0.4702
0.1935 0.2515 0.2560 0.2346 0.2547 0.2350 0.2357 0.2559 0.3780 0.4702
0.1935 0.2515 0.2560 0.2346 0.2547 0.2350 0.2357 0.2559 0.3780 0.4702
0.1935 0.2515 0.2560 0.2346 0.2547 0.2350 0.2357 0.2559 0.3780 0.4702
0.1935 0.2515 0.2560 0.2346 0.2547 0.2350 0.2357 0.2559 0.3780 0.4702
0.1935 0.2515 0.2560 0.2346 0.2547 0.2350 0.2357 0.2559 0.3780 0.4702
0.1935 0.2515 0.2560 0.2346 0.2547 0.2350 0.2357 0.2559 0.3780 0.4702
0.1935 0.2515 0.2560 0.2346 0.2547 0.2350 0.2357 0.2559 0.3780 0.4702
0.1935 0.2515 0.2560 0.2346 0.2547 0.2350 0.2357 0.2559 0.3780 0.4702
0.1935 0.2515 0.2560 0.2346 0.2547 0.2350 0.2357 0.2559 0.3780 0.4702
0.1935 0.2515 0.2560 0.2346 0.2547 0.2350 0.2357 0.2559 0.3780 0.4702
0.1935 0.2515 0.2560 0.2346 0.2547 0.2350 0.2357 0.2559 0.3780 0.4702
0.1935 0.2515 0.2560 0.2346 0.2547 0.2350 0.2357 0.2559 0.3780 0.4702
0.1935 0.2515 0.2560 0.2346 0.2547 0.2350 0.2357 0.2559 0.3780 0.4702
0.1935 0.2515 0.2560 0.2346 0.2547 0.2350 0.2357 0.2559 0.3780 0.4702
0.1935 0.2515 0.2560 0.2346 0.2547 0.2350 0.2357 0.2559 0.3780 0.4702
0.1935 0.2515 0.2560 0.2346 0.2547 0.2350 0.2357 0.2559 0.3780 0.4702
0.1935 0.2515 0.2560 0.2346 0.2547 0.2350 0.2357 0.2559 0.3780 0.4702
0.1935 0.2515 0.2560 0.2346 0.2547 0.2350 0.2357 0.2559 0.3780 0.4702
0.1935 0.2515 0.2560 0.2346 0.2547 0.2350 0.2357 0.2559 0.3780 0.4702
0.1935 0.2515 0.2560 0.2346 0.2547 0.2350 0.2357 0.2559 0.3780 0.4702
0.1935 0.2515 0.2560 0.2346 0.2547 0.2350 0.2357 0.2559 0.3780 0.4702
0.1935 0.2515 0.2560 0.2346 0.2547 0.2350 0.2357 0.2559 0.3780 0.4702
0.1935 0.2515 0.2560 0.2346 0.2547 0.2350 0.2357 0.2559 0.3780 0.4702
0.1935 0.2515 0.2560 0.2346 0.2547 0.2350 0.2357 0.2559 0.3780 0.4702
0.1935 0.2515 0.2560 0.2346 0.2547 0.2350 0.2357 0.2559 0.3780 0.4702
0.1935 0.2515 0.2560 0.2346 0.2547 0.2350 0.2357 0.2559 0.3780 0.4702
0.1935 0.2515 0.2560 0.2346 0.2547 0.2350 0.2357 0.2559 0.3780 0.4702
0.1935 0.2515 0.2560 0.2346 0.2547 0.2350 0.2357 0.2559 0.3780 0.4702
0.1935 0.2515 0.2560 0.2346 0.2547 0.2350 0.2357 0.2559 0.3780 0.4702
0.1935 0.2515 0.2560 0.2346 0.2547 0.2350 0.2357 0.2559 0.3781 0.4702
0.1935 0.2515 0.2560 0.2346 0.2547 0.2350 0.2357 0.2559 0.3781 0.4702
0.1935 0.2515 0.2560 0.2346 0.2547 0.2350 0.2357 0.2559 0.3781 0.4702
0.1935 0.2515 0.2560 0.2346 0.2547 0.2350 0.2357 0.2559 0.3781 0.4702
0.1935 0.2515 0.2560 0.2346 0.2547 0.2350 0.2357 0.2559 0.3781 0.4702
0.1935 0.2515 0.2560 0.2346 0.2547 0.2350 0.2357 0.2559 0.3781 0.4702
0.1935 0.2515 0.2560 0.2346 0.2547 0.2350 0.2357 0.2559 0.3781 0.4702
0.1935 0.2515 0.2560 0.2346 0.2547 0.2350 0.2357 0.2559 0.3781 0.4702
0.1935 0.2515 0.2560 0.2346 0.2547 0.2350 0.2357 0.2559 0.3781 0.4702
0.1935 0.2515 0.2560 0.2346 0.2547 0.2350 0.2357 0.2559 0.3781 0.4702
0.1935 0.2515 0.2560 0.2346 0.2547 0.2350 0.2357 0.2559 0.3781 0.4702
0.1935 0.2515 0.2560 0.2346 0.2547 0.2350 0.2357 0.2559 0.3781 0.4702
0.1935 0.2515 0.2560 0.2346 0.2547 0.2350 0.2357 0.2559 0.3781 0.4702
0.1935 0.2515 0.2560 0.2346 0.2547 0.2350 0.2357 0.2559 0.3781 0.4702
0.1935 0.2515 0.2560 0.2346 0.2547 0.2350 0.2357 0.2559 0.3781 0.4702
0.1935 0.2515 0.2560 0.2346 0.2547 0.2350 0.2357 0.2559 0.3781 0.4702
0.1935 0.2515 0.2560 0.2346 0.2547 0.2350 0.2357 0.2559 0.3781 0.4702
0.1935 0.2515 0.2560 0.2346 0.2547 0.2350 0.2357 0.2559 0.3781 0.4702
0.1935 0.2515 0.2560 0.2346 0.2547 0.2350 0.2357 0.2559 0.3781 0.4702
0.1935 0.2515 0.2561 0.2346 0.2547 0.2350 0.2357 0.2559 0.3781 0.4702
0.1935 0.2515 0.2561 0.2346 0.2547 0.2350 0.2357 0.2559 0.3781 0.4702
0.1935 0.2515 0.2561 0.2346 0.2547 0.2350 0.2357 0.2559 0.3781 0.4702
0.1935 0.2515 0.2561 0.2346 0.2547 0.2350 0.2357 0.2559 0.3781 0.4702
0.1935 0.2515 0.2561 0.2346 0.2547 0.2350 0.2357 0.2559 0.3781 0.4703
0.1935 0.2515 0.2561 0.2346 0.2547 0.2350 0.2357 0.2559 0.3781 0.4703
0.1935 0.2515 0.2561 0.2346 0.2547 0.2350 0.2358 0.2560 0.3781 0.4703
0.1935 0.2515 0.2561 0.2346 0.2547 0.2350 0.2358 0.2560 0.3781 0.4703
0.1935 0.2515 0.2561 0.2346 0.2547 0.2350 0.2358 0.2560 0.3781 0.4703
0.1935 0.2515 0.2561 0.2346 0.2547 0.2350 0.2358 0.2560 0.3781 0.4703
0.1935 0.2515 0.2561 0.2346 0.2547 0.2350 0.2358 0.2560 0.3782 0.4703
0.1935 0.2515 0.2561 0.2346 0.2547 0.2350 0.2358 0.2560 0.3782 0.4704
0.1935 0.2515 0.2561 0.2346 0.2547 0.2350 0.2358 0.2560 0.3782 0.4704
0.1934 0.2515 0.2561 0.2346 0.2547 0.2350 0.2358 0.2560 0.3782 0.4704
0.1934 0.2515 0.2561 0.2346 0.2547 0.2350 0.2358 0.2560 0.3782 0.4704
0.1934 0.2515 0.2561 0.2346 0.2547 0.2350 0.2358 0.2561 0.3782 0.4704
0.1934 0.2515 0.2561 0.2346 0.2547 0.2350 0.2358 0.2561 0.3782 0.4705
0.1934 0.2515 0.2561 0.2346 0.2547 0.2350 0.2358 0.2561 0.3782 0.4705
0.1934 0.2515 0.2561 0.2346 0.2547 0.2351 0.2359 0.2561 0.3783 0.4705
0.1934 0.2515 0.2561 0.2347 0.2547 0.2351 0.2359 0.2561 0.3783 0.4706
0.1934 0.2515 0.2561 0.2347 0.2547 0.2351 0.2359 0.2562 0.3783 0.4706
0.1934 0.2515 0.2561 0.2347 0.2547 0.2351 0.2359 0.2562 0.3783 0.4707
0.1934 0.2515 0.2561 0.2347 0.2547 0.2351 0.2359 0.2562 0.3784 0.4707
0.1934 0.2515 0.2561 0.2347 0.2547 0.2351 0.2359 0.2562 0.3784 0.4707
0.1934 0.2515 0.2561 0.2347 0.2547 0.2351 0.2359 0.2562 0.3784 0.4707
0.1934 0.2515 0.2561 0.2347 0.2547 0.2351 0.2360 0.2562 0.3784 0.4707
0.1934 0.2515 0.2561 0.2347 0.2548 0.2351 0.2360 0.2562 0.3784 0.4707
0.1934 0.2515 0.2561 0.2347 0.2548 0.2351 0.2360 0.2563 0.3784 0.4708
0.1934 0.2515 0.2561 0.2347 0.2548 0.2351 0.2360 0.2563 0.3784 0.4708
0.1934 0.2515 0.2561 0.2347 0.2548 0.2351 0.2360 0.2563 0.3784 0.4708
0.1934 0.2515 0.2561 0.2347 0.2548 0.2351 0.2360 0.2563 0.3785 0.4709
0.1933 0.2515 0.2561 0.2347 0.2548 0.2351 0.2360 0.2563 0.3785 0.4709
0.1933 0.2515 0.2561 0.2347 0.2548 0.2351 0.2361 0.2564 0.3785 0.4709
0.1933 0.2515 0.2561 0.2347 0.2548 0.2351 0.2361 0.2564 0.3785 0.4710
0.1933 0.2514 0.2561 0.2348 0.2548 0.2352 0.2361 0.2564 0.3786 0.4711
0.1933 0.2514 0.2561 0.2348 0.2548 0.2352 0.2361 0.2565 0.3786 0.4711
0.1933 0.2514 0.2561 0.2348 0.2548 0.2352 0.2362 0.2565 0.3787 0.4712
0.1933 0.2514 0.2561 0.2348 0.2548 0.2352 0.2362 0.2566 0.3787 0.4713
0.1933 0.2514 0.2561 0.2348 0.2548 0.2352 0.2362 0.2566 0.3787 0.4713
0.1933 0.2514 0.2561 0.2348 0.2548 0.2352 0.2362 0.2566 0.3787 0.4713
0.1933 0.2514 0.2561 0.2348 0.2548 0.2352 0.2362 0.2566 0.3787 0.4713
0.1933 0.2514 0.2561 0.2348 0.2548 0.2352 0.2362 0.2566 0.3787 0.4713
0.1933 0.2514 0.2561 0.2348 0.2548 0.2352 0.2362 0.2566 0.3787 0.4713
0.1933 0.2514 0.2561 0.2348 0.2548 0.2352 0.2362 0.2566 0.3787 0.4713
0.1933 0.2514 0.2561 0.2348 0.2548 0.2352 0.2362 0.2565 0.3787 0.4712
0.1933 0.2514 0.2561 0.2348 0.2548 0.2352 0.2362 0.2565 0.3787 0.4712
0.1933 0.2514 0.2561 0.2348 0.2548 0.2352 0.2362 0.2565 0.3786 0.4712
0.1933 0.2514 0.2561 0.2348 0.2548 0.2352 0.2361 0.2565 0.3786 0.4711
0.1933 0.2514 0.2561 0.2348 0.2548 0.2352 0.2361 0.2565 0.3786 0.4711
0.1933 0.2514 0.2561 0.2348 0.2548 0.2352 0.2361 0.2564 0.3786 0.4711
0.1933 0.2515 0.2561 0.2348 0.2548 0.2352 0.2361 0.2564 0.3786 0.4710
0.1933 0.2515 0.2561 0.2347 0.2548 0.2351 0.2361 0.2564 0.3785 0.4709
0.1934 0.2515 0.2561 0.2347 0.2548 0.2351 0.2360 0.2563 0.3785 0.4709
0.1934 0.2515 0.2561 0.2347 0.2548 0.2351 0.2360 0.2563 0.3784 0.4708
0.1934 0.2515 0.2561 0.2347 0.2547 0.2351 0.2359 0.2562 0.3784 0.4707
0.1934 0.2515 0.2561 0.2347 0.2547 0.2351 0.2359 0.2562 0.3783 0.4706
0.1934 0.2515 0.2561 0.2347 0.2547 0.2351 0.2359 0.2561 0.3783 0.4706
0.1934 0.2515 0.2561 0.2346 0.2547 0.2351 0.2359 0.2561 0.3783 0.4705
0.1934 0.2515 0.2561 0.2346 0.2547 0.2351 0.2359 0.2561 0.3783 0.4705
0.1934 0.2515 0.2561 0.2346 0.2547 0.2350 0.2358 0.2561 0.3782 0.4705
0.1934 0.2515 0.2561 0.2346 0.2547 0.2350 0.2358 0.2561 0.3782 0.4704
0.1934 0.2515 0.2561 0.2346 0.2547 0.2350 0.2358 0.2560 0.3782 0.4704
0.1935 0.2515 0.2561 0.2346 0.2547 0.2350 0.2358 0.2560 0.3782 0.4704
0.1935 0.2515 0.2561 0.2346 0.2547 0.2350 0.2358 0.2560 0.3782 0.4704
0.1935 0.2515 0.2561 0.2346 0.2547 0.2350 0.2358 0.2560 0.3782 0.4704
0.1935 0.2515 0.2561 0.2346 0.2547 0.2350 0.2358 0.2560 0.3782 0.4703
0.1935 0.2515 0.2561 0.2346 0.2547 0.2350 0.2358 0.2560 0.3781 0.4703
0.1935 0.2515 0.2561 0.2346 0.2547 0.2350 0.2358 0.2560 0.3781 0.4703
0.1935 0.2515 0.2561 0.2346 0.2547 0.2350 0.2358 0.2560 0.3781 0.4703
0.1935 0.2515 0.2561 0.2346 0.2547 0.2350 0.2357 0.2559 0.3781 0.4703
0.1935 0.2515 0.2561 0.2346 0.2547 0.2350 0.2357 0.2559 0.3781 0.4703
0.1935 0.2515 0.2561 0.2346 0.2547 0.2350 0.2357 0.2559 0.3781 0.4702
0.1935 0.2515 0.2561 0.2346 0.2547 0.2350 0.2357 0.2559 0.3781 0.4702
0.1935 0.2515 0.2561 0.2346 0.2547 0.2350 0.2357 0.2559 0.3781 0.4702
0.1935 0.2515 0.2561 0.2346 0.2547 0.2350 0.2357 0.2559 0.3781 0.4702
0.1935 0.2515 0.2561 0.2346 0.2547 0.2350 0.2357 0.2559 0.3781 0.4702
0.1935 0.2515 0.2561 0.2346 0.2547 0.2350 0.2357 0.2559 0.3781 0.4702
0.1935 0.2515 0.2561 0.2346 0.2547 0.2350 0.2357 0.2559 0.3781 0.4702
0.1935 0.2515 0.2561 0.2346 0.2547 0.2350 0.2357 0.2559 0.3781 0.4702
0.1935 0.2515 0.2561 0.2346 0.2547 0.2350 0.2357 0.2559 0.3781 0.4702
0.1935 0.2515 0.2561 0.2346 0.2547 0.2350 0.2357 0.2559 0.3781 0.4702
0.1935 0.2515 0.2560 0.2346 0.2547 0.2350 0.2357 0.2559 0.3781 0.4702
0.1935 0.2515 0.2560 0.2346 0.2547 0.2350 0.2357 0.2559 0.3781 0.4702
0.1935 0.2515 0.2560 0.2346 0.2547 0.2350 0.2357 0.2559 0.3781 0.4702
0.1935 0.2515 0.2560 0.2346 0.2547 0.2350 0.2357 0.2559 0.3781 0.4702
0.1935 0.2515 0.2560 0.2346 0.2547 0.2350 0.2357 0.2559 0.3780 0.4702
0.1935 0.2515 0.2560 0.2346 0.2547 0.2350 0.2357 0.2559 0.3780 0.4702
0.1935 0.2515 0.2560 0.2346 0.2547 0.2350 0.2357 0.2559 0.3780 0.4702
0.1935 0.2515 0.2560 0.2346 0.2547 0.2350 0.2357 0.2559 0.3780 0.4702
0.1935 0.2515 0.2560 0.2346 0.2547 0.2350 0.2357 0.2559 0.3780 0.4702
0.1935 0.2515 0.2560 0.2346 0.2547 0.2350 0.2357 0.2559 0.3780 0.4702
0.1935 0.2515 0.2560 0.2346 0.2547 0.2350 0.2357 0.2559 0.3780 0.4702
0.1935 0.2515 0.2560 0.2346 0.2547 0.2350 0.2357 0.2559 0.3780 0.4702
0.1935 0.2515 0.2560 0.2346 0.2547 0.2350 0.2357 0.2559 0.3780 0.4702
0.1935 0.2515 0.2560 0.2346 0.2547 0.2350 0.2357 0.2559 0.3780 0.4702
0.1935 0.2515 0.2560 0.2346 0.2547 0.2350 0.2357 0.2559 0.3780 0.4702
0.1935 0.2515 0.2560 0.2346 0.2547 0.2350 0.2357 0.2559 0.3780 0.4702
0.1935 0.2515 0.2560 0.2346 0.2547 0.2350 0.2357 0.2559 0.3780 0.4702
0.1935 0.2515 0.2560 0.2346 0.2547 0.2350 0.2357 0.2559 0.3780 0.4702
0.1935 0.2515 0.2560 0.2346 0.2547 0.2350 0.2357 0.2559 0.3780 0.4702
0.1935 0.2515 0.2560 0.2346 0.2547 0.2350 0.2357 0.2559 0.3780 0.4702
0.1935 0.2515 0.2560 0.2346 0.2547 0.2350 0.2357 0.2559 0.3780 0.4702
0.1935 0.2515 0.2560 0.2346 0.2547 0.2350 0.2357 0.2559 0.3780 0.4702
0.1935 0.2515 0.2560 0.2346 0.2547 0.2350 0.2357 0.2559 0.3780 0.4702
0.1935 0.2515 0.2560 0.2346 0.2547 0.2350 0.2357 0.2559 0.3780 0.4702
0.1935 0.2515 0.2560 0.2346 0.2547 0.2350 0.2357 0.2559 0.3780 0.4702
0.1935 0.2515 0.2560 0.2346 0.2547 0.2350 0.2357 0.2559 0.3780 0.4702
0.1935 0.2515 0.2560 0.2346 0.2547 0.2350 0.2357 0.2559 0.3780 0.4702
0.1935 0.2515 0.2560 0.2346 0.2547 0.2350 0.2357 0.2559 0.3780 0.4702
0.1935 0.2515 0.2560 0.2346 0.2547 0.2350 0.2357 0.2559 0.3780 0.4702
0.1935 0.2515 0.2560 0.2346 0.2547 0.2350 0.2357 0.2559 0.3781 0.4702
0.1935 0.2515 0.2560 0.2346 0.2547 0.2350 0.2357 0.2559 0.3781 0.4702
0.1935 0.2515 0.2560 0.2346 0.2547 0.2350 0.2357 0.2559 0.3781 0.4702
0.1935 0.2515 0.2560 0.2346 0.2547 0.2350 0.2357 0.2559 0.3781 0.4702
0.1935 0.2515 0.2560 0.2346 0.2547 0.2350 0.2357 0.2559 0.3781 0.4702
0.1935 0.2515 0.2560 0.2346 0.2547 0.2350 0.2357 0.2559 0.3781 0.4702
0.1935 0.2515 0.2560 0.2346 0.2547 0.2350 0.2357 0.2559 0.3781 0.4702
0.1935 0.2515 0.2560 0.2346 0.2547 0.2350 0.2357 0.2559 0.3781 0.4702
0.1935 0.2515 0.2560 0.2346 0.2547 0.2350 0.2357 0.2559 0.3781 0.4702
0.1935 0.2515 0.2560 0.2346 0.2547 0.2350 0.2357 0.2559 0.3781 0.4702
0.1935 0.2515 0.2560 0.2346 0.2547 0.2350 0.2357 0.2559 0.3781 0.4702
0.1935 0.2515 0.2561 0.2346 0.2547 0.2350 0.2357 0.2559 0.3781 0.4702
0.1935 0.2515 0.2561 0.2346 0.2547 0.2350 0.2357 0.2559 0.3781 0.4702
0.1935 0.2515 0.2561 0.2346 0.2547 0.2350 0.2357 0.2559 0.3781 0.4702
0.1935 0.2515 0.2561 0.2346 0.2547 0.2350 0.2357 0.2559 0.3781 0.4702
0.1935 0.2515 0.2561 0.2346 0.2547 0.2350 0.2357 0.2559 0.3781 0.4702
0.1935 0.2515 0.2561 0.2346 0.2547 0.2350 0.2357 0.2559 0.3781 0.4702
0.1935 0.2515 0.2561 0.2346 0.2547 0.2350 0.2357 0.2559 0.3781 0.4702
0.1935 0.2515 0.2561 0.2346 0.2547 0.2350 0.2357 0.2559 0.3781 0.4702
0.1935 0.2515 0.2561 0.2346 0.2547 0.2350 0.2357 0.2559 0.3781 0.4702
0.1935 0.2515 0.2561 0.2346 0.2547 0.2350 0.2357 0.2559 0.3781 0.4702
0.1935 0.2515 0.2561 0.2346 0.2547 0.2350 0.2357 0.2559 0.3781 0.4702
0.1935 0.2515 0.2561 0.2346 0.2547 0.2350 0.2357 0.2559 0.3781 0.4702
0.1935 0.2515 0.2561 0.2346 0.2547 0.2350 0.2357 0.2559 0.3781 0.4702
0.1935 0.2515 0.2561 0.2346 0.2547 0.2350 0.2357 0.2559 0.3781 0.4702
0.1935 0.2515 0.2561 0.2346 0.2547 0.2350 0.2357 0.2559 0.3781 0.4702
0.1935 0.2515 0.2561 0.2346 0.2547 0.2350 0.2357 0.2559 0.3781 0.4702
0.1935 0.2515 0.2561 0.2346 0.2547 0.2350 0.2357 0.2559 0.3781 0.4702
0.1935 0.2515 0.2561 0.2346 0.2547 0.2350 0.2357 0.2559 0.3781 0.4702
0.1935 0.2515 0.2561 0.2346 0.2547 0.2350 0.2357 0.2559 0.3781 0.4702
0.1935 0.2515 0.2561 0.2346 0.2547 0.2350 0.2357 0.2559 0.3781 0.4702
0.1935 0.2515 0.2561 0.2346 0.2547 0.2350 0.2357 0.2559 0.3781 0.4702
0.1935 0.2515 0.2561 0.2346 0.2547 0.2350 0.2357 0.2559 0.3781 0.4702
0.1935 0.2515 0.2561 0.2346 0.2547 0.2350 0.2357 0.2559 0.3781 0.4703
0.1935 0.2515 0.2561 0.2346 0.2547 0.2350 0.2357 0.2559 0.3781 0.4703
0.1935 0.2515 0.2561 0.2346 0.2547 0.2350 0.2357 0.2559 0.3781 0.4703
0.1935 0.2515 0.2561 0.2346 0.2547 0.2350 0.2357 0.2559 0.3781 0.4703
0.1935 0.2515 0.2561 0.2346 0.2547 0.2350 0.2357 0.2559 0.3781 0.4703
0.1935 0.2515 0.2561 0.2346 0.2547 0.2350 0.2358 0.2560 0.3781 0.4703
0.1935 0.2515 0.2561 0.2346 0.2547 0.2350 0.2358 0.2560 0.3781 0.4703
0.1935 0.2515 0.2561 0.2346 0.2547 0.2350 0.2358 0.2560 0.3781 0.4703
0.1935 0.2515 0.2561 0.2346 0.2547 0.2350 0.2358 0.2560 0.3781 0.4703
0.1935 0.2515 0.2561 0.2346 0.2547 0.2350 0.2358 0.2560 0.3781 0.4703
0.1935 0.2515 0.2561 0.2346 0.2547 0.2350 0.2358 0.2560 0.3782 0.4703
0.1935 0.2515 0.2561 0.2346 0.2547 0.2350 0.2358 0.2560 0.3782 0.4703
0.1935 0.2515 0.2561 0.2346 0.2547 0.2350 0.2358 0.2560 0.3782 0.4704
0.1935 0.2515 0.2561 0.2346 0.2547 0.2350 0.2358 0.2560 0.3782 0.4704
0.1935 0.2515 0.2561 0.2346 0.2547 0.2350 0.2358 0.2560 0.3782 0.4704
0.1934 0.2515 0.2561 0.2346 0.2547 0.2350 0.2358 0.2560 0.3782 0.4704
0.1934 0.2515 0.2561 0.2346 0.2547 0.2350 0.2358 0.2561 0.3782 0.4704
0.1934 0.2515 0.2561 0.2346 0.2547 0.2350 0.2358 0.2561 0.3782 0.4705
0.1934 0.2515 0.2561 0.2346 0.2547 0.2351 0.2359 0.2561 0.3782 0.4705
0.1934 0.2515 0.2561 0.2346 0.2547 0.2351 0.2359 0.2561 0.3783 0.4705
0.1934 0.2515 0.2561 0.2347 0.2547 0.2351 0.2359 0.2561 0.3783 0.4706
0.1934 0.2515 0.2561 0.2347 0.2547 0.2351 0.2359 0.2562 0.3783 0.4706
0.1934 0.2515 0.2561 0.2347 0.2547 0.2351 0.2359 0.2562 0.3783 0.4707
0.1934 0.2515 0.2561 0.2347 0.2547 0.2351 0.2360 0.2562 0.3784 0.4707
0.1934 0.2515 0.2561 0.2347 0.2548 0.2351 0.2360 0.2563 0.3784 0.4708
0.1934 0.2515 0.2561 0.2347 0.2548 0.2351 0.2360 0.2563 0.3784 0.4708
0.1934 0.2515 0.2561 0.2347 0.2548 0.2351 0.2360 0.2563 0.3784 0.4708
0.1934 0.2515 0.2561 0.2347 0.2548 0.2351 0.2360 0.2563 0.3785 0.4709
0.1934 0.2515 0.2561 0.2347 0.2548 0.2351 0.2360 0.2563 0.3785 0.4709
0.1934 0.2515 0.2561 0.2347 0.2548 0.2351 0.2360 0.2563 0.3785 0.4709
0.1933 0.2515 0.2561 0.2347 0.2548 0.2351 0.2361 0.2564 0.3785 0.4709
0.1933 0.2515 0.2561 0.2347 0.2548 0.2352 0.2361 0.2564 0.3785 0.4710
0.1933 0.2514 0.2561 0.2348 0.2548 0.2352 0.2361 0.2564 0.3786 0.4711
0.1933 0.2514 0.2561 0.2348 0.2548 0.2352 0.2361 0.2565 0.3786 0.4711
0.1933 0.2514 0.2561 0.2348 0.2548 0.2352 0.2362 0.2565 0.3787 0.4712
0.1933 0.2514 0.2561 0.2348 0.2548 0.2352 0.2362 0.2566 0.3787 0.4713
0.1933 0.2514 0.2561 0.2348 0.2548 0.2352 0.2362 0.2566 0.3788 0.4714
0.1932 0.2514 0.2561 0.2349 0.2549 0.2352 0.2363 0.2567 0.3788 0.4715
0.1932 0.2514 0.2561 0.2349 0.2549 0.2353 0.2363 0.2568 0.3789 0.4716
0.1932 0.2514 0.2561 0.2349 0.2549 0.2353 0.2364 0.2568 0.3789 0.4717
0.1932 0.2514 0.2561 0.2349 0.2549 0.2353 0.2364 0.2569 0.3790 0.4717
0.1932 0.2514 0.2561 0.2349 0.2549 0.2353 0.2365 0.2569 0.3790 0.4718
0.1932 0.2514 0.2562 0.2349 0.2549 0.2353 0.2365 0.2569 0.3790 0.4719
0.1931 0.2514 0.2562 0.2350 0.2549 0.2353 0.2365 0.2570 0.3791 0.4719
0.1931 0.2514 0.2562 0.2350 0.2549 0.2353 0.2365 0.2570 0.3791 0.4719
0.1931 0.2514 0.2562 0.2350 0.2549 0.2353 0.2365 0.2570 0.3791 0.4719
0.1931 0.2514 0.2562 0.2350 0.2549 0.2353 0.2365 0.2570 0.3791 0.4719
0.1932 0.2514 0.2562 0.2350 0.2549 0.2353 0.2365 0.2570 0.3791 0.4719
0.1932 0.2514 0.2562 0.2349 0.2549 0.2353 0.2365 0.2570 0.3791 0.4719
0.1932 0.2514 0.2562 0.2349 0.2549 0.2353 0.2365 0.2569 0.3790 0.4719
0.1932 0.2514 0.2561 0.2349 0.2549 0.2353 0.2365 0.2569 0.3790 0.4718
0.1932 0.2514 0.2561 0.2349 0.2549 0.2353 0.2364 0.2569 0.3790 0.4718
0.1932 0.2514 0.2561 0.2349 0.2549 0.2353 0.2364 0.2569 0.3790 0.4718
0.1932 0.2514 0.2561 0.2349 0.2549 0.2353 0.2364 0.2568 0.3789 0.4717
0.1932 0.2514 0.2561 0.2349 0.2549 0.2353 0.2364 0.2568 0.3789 0.4716
0.1932 0.2514 0.2561 0.2349 0.2549 0.2353 0.2363 0.2567 0.3789 0.4716
0.1932 0.2514 0.2561 0.2349 0.2549 0.2352 0.2363 0.2567 0.3788 0.4715
0.1933 0.2514 0.2561 0.2348 0.2548 0.2352 0.2362 0.2566 0.3787 0.4714
0.1933 0.2514 0.2561 0.2348 0.2548 0.2352 0.2362 0.2566 0.3787 0.4712
0.1933 0.2514 0.2561 0.2348 0.2548 0.2352 0.2361 0.2565 0.3786 0.4711
0.1933 0.2515 0.2561 0.2348 0.2548 0.2352 0.2361 0.2564 0.3786 0.4710
0.1934 0.2515 0.2561 0.2347 0.2548 0.2351 0.2360 0.2563 0.3785 0.4709
0.1934 0.2515 0.2561 0.2347 0.2548 0.2351 0.2360 0.2563 0.3784 0.4708
0.1934 0.2515 0.2561 0.2347 0.2548 0.2351 0.2360 0.2562 0.3784 0.4707
0.1934 0.2515 0.2561 0.2347 0.2547 0.2351 0.2359 0.2562 0.3783 0.4707
0.1934 0.2515 0.2561 0.2347 0.2547 0.2351 0.2359 0.2561 0.3783 0.4706
0.1934 0.2515 0.2561 0.2346 0.2547 0.2351 0.2359 0.2561 0.3783 0.4705
0.1934 0.2515 0.2561 0.2346 0.2547 0.2350 0.2358 0.2561 0.3782 0.4705
0.1934 0.2515 0.2561 0.2346 0.2547 0.2350 0.2358 0.2560 0.3782 0.4704
0.1935 0.2515 0.2561 0.2346 0.2547 0.2350 0.2358 0.2560 0.3782 0.4704
0.1935 0.2515 0.2561 0.2346 0.2547 0.2350 0.2358 0.2560 0.3782 0.4704
0.1935 0.2515 0.2561 0.2346 0.2547 0.2350 0.2358 0.2560 0.3781 0.4703
0.1935 0.2515 0.2561 0.2346 0.2547 0.2350 0.2358 0.2560 0.3781 0.4703
0.1935 0.2515 0.2561 0.2346 0.2547 0.2350 0.2357 0.2559 0.3781 0.4703
0.1935 0.2515 0.2561 0.2346 0.2547 0.2350 0.2357 0.2559 0.3781 0.4703
0.1935 0.2515 0.2561 0.2346 0.2547 0.2350 0.2357 0.2559 0.3781 0.4702
0.1935 0.2515 0.2561 0.2346 0.2547 0.2350 0.2357 0.2559 0.3781 0.4702
0.1935 0.2515 0.2561 0.2346 0.2547 0.2350 0.2357 0.2559 0.3781 0.4702
0.1935 0.2515 0.2561 0.2346 0.2547 0.2350 0.2357 0.2559 0.3781 0.4702
0.1935 0.2515 0.2560 0.2346 0.2547 0.2350 0.2357 0.2559 0.3781 0.4702
0.1935 0.2515 0.2560 0.2346 0.2547 0.2350 0.2357 0.2559 0.3781 0.4702
0.1935 0.2515 0.2560 0.2346 0.2547 0.2350 0.2357 0.2559 0.3781 0.4702
0.1935 0.2515 0.2560 0.2346 0.2547 0.2350 0.2357 0.2559 0.3781 0.4702
0.1935 0.2515 0.2560 0.2346 0.2547 0.2350 0.2357 0.2559 0.3781 0.4702
0.1935 0.2515 0.2560 0.2346 0.2547 0.2350 0.2357 0.2559 0.3781 0.4702
0.1935 0.2515 0.2560 0.2346 0.2547 0.2350 0.2357 0.2559 0.3781 0.4702
0.1935 0.2515 0.2560 0.2346 0.2547 0.2350 0.2357 0.2559 0.3781 0.4702
0.1935 0.2515 0.2560 0.2346 0.2547 0.2350 0.2357 0.2559 0.3781 0.4702
0.1935 0.2515 0.2560 0.2346 0.2547 0.2350 0.2357 0.2559 0.3781 0.4702
0.1935 0.2515 0.2560 0.2346 0.2547 0.2350 0.2357 0.2559 0.3781 0.4702
0.1935 0.2515 0.2560 0.2346 0.2547 0.2350 0.2357 0.2559 0.3781 0.4702
0.1935 0.2515 0.2560 0.2346 0.2547 0.2350 0.2357 0.2559 0.3781 0.4702
0.1935 0.2515 0.2560 0.2346 0.2547 0.2350 0.2357 0.2559 0.3780 0.4702
0.1935 0.2515 0.2560 0.2346 0.2547 0.2350 0.2357 0.2559 0.3780 0.4702
0.1935 0.2515 0.2560 0.2346 0.2547 0.2350 0.2357 0.2559 0.3780 0.4702
0.1935 0.2515 0.2560 0.2346 0.2547 0.2350 0.2357 0.2559 0.3780 0.4702
0.1935 0.2515 0.2560 0.2346 0.2547 0.2350 0.2357 0.2559 0.3780 0.4702
0.1935 0.2515 0.2560 0.2346 0.2547 0.2350 0.2357 0.2559 0.3780 0.4702
0.1935 0.2515 0.2560 0.2346 0.2547 0.2350 0.2357 0.2559 0.3781 0.4702
0.1935 0.2515 0.2560 0.2346 0.2547 0.2350 0.2357 0.2559 0.3781 0.4702
0.1935 0.2515 0.2560 0.2346 0.2547 0.2350 0.2357 0.2559 0.3781 0.4702
0.1935 0.2515 0.2560 0.2346 0.2547 0.2350 0.2357 0.2559 0.3781 0.4702
0.1935 0.2515 0.2560 0.2346 0.2547 0.2350 0.2357 0.2559 0.3781 0.4702
0.1935 0.2515 0.2560 0.2346 0.2547 0.2350 0.2357 0.2559 0.3781 0.4702
0.1935 0.2515 0.2560 0.2346 0.2547 0.2350 0.2357 0.2559 0.3781 0.4702
0.1935 0.2515 0.2560 0.2346 0.2547 0.2350 0.2357 0.2559 0.3781 0.4702
0.1935 0.2515 0.2560 0.2346 0.2547 0.2350 0.2357 0.2559 0.3781 0.4702
0.1935 0.2515 0.2560 0.2346 0.2547 0.2350 0.2357 0.2559 0.3781 0.4702
0.1935 0.2515 0.2560 0.2346 0.2547 0.2350 0.2357 0.2559 0.3781 0.4702
0.1935 0.2515 0.2560 0.2346 0.2547 0.2350 0.2357 0.2559 0.3781 0.4702
0.1935 0.2515 0.2560 0.2346 0.2547 0.2350 0.2357 0.2559 0.3781 0.4702
0.1935 0.2515 0.2560 0.2346 0.2547 0.2350 0.2357 0.2559 0.3781 0.4702
0.1935 0.2515 0.2560 0.2346 0.2547 0.2350 0.2357 0.2559 0.3781 0.4702
0.1935 0.2515 0.2560 0.2346 0.2547 0.2350 0.2357 0.2559 0.3781 0.4702
0.1935 0.2515 0.2560 0.2346 0.2547 0.2350 0.2357 0.2559 0.3781 0.4702
0.1935 0.2515 0.2561 0.2346 0.2547 0.2350 0.2357 0.2559 0.3781 0.4702
0.1935 0.2515 0.2561 0.2346 0.2547 0.2350 0.2357 0.2559 0.3781 0.4702
0.1935 0.2515 0.2561 0.2346 0.2547 0.2350 0.2357 0.2559 0.3781 0.4702
0.1935 0.2515 0.2561 0.2346 0.2547 0.2350 0.2357 0.2559 0.3781 0.4702
0.1935 0.2515 0.2561 0.2346 0.2547 0.2350 0.2357 0.2559 0.3781 0.4702
0.1935 0.2515 0.2561 0.2346 0.2547 0.2350 0.2357 0.2559 0.3781 0.4702
0.1935 0.2515 0.2561 0.2346 0.2547 0.2350 0.2357 0.2559 0.3781 0.4702
0.1935 0.2515 0.2561 0.2346 0.2547 0.2350 0.2357 0.2559 0.3781 0.4702
0.1935 0.2515 0.2561 0.2346 0.2547 0.2350 0.2357 0.2559 0.3781 0.4702
0.1935 0.2515 0.2561 0.2346 0.2547 0.2350 0.2357 0.2559 0.3781 0.4702
0.1935 0.2515 0.2561 0.2346 0.2547 0.2350 0.2357 0.2559 0.3781 0.4702
0.1935 0.2515 0.2561 0.2346 0.2547 0.2350 0.2357 0.2559 0.3781 0.4702
0.1935 0.2515 0.2561 0.2346 0.2547 0.2350 0.2357 0.2559 0.3781 0.4703
0.1935 0.2515 0.2561 0.2346 0.2547 0.2350 0.2357 0.2559 0.3781 0.4703
0.1935 0.2515 0.2561 0.2346 0.2547 0.2350 0.2357 0.2559 0.3781 0.4703
0.1935 0.2515 0.2561 0.2346 0.2547 0.2350 0.2358 0.2560 0.3781 0.4703
0.1935 0.2515 0.2561 0.2346 0.2547 0.2350 0.2358 0.2560 0.3781 0.4703
0.1935 0.2515 0.2561 0.2346 0.2547 0.2350 0.2358 0.2560 0.3781 0.4703
0.1935 0.2515 0.2561 0.2346 0.2547 0.2350 0.2358 0.2560 0.3781 0.4703
0.1935 0.2515 0.2561 0.2346 0.2547 0.2350 0.2358 0.2560 0.3782 0.4703
0.1935 0.2515 0.2561 0.2346 0.2547 0.2350 0.2358 0.2560 0.3782 0.4703
0.1935 0.2515 0.2561 0.2346 0.2547 0.2350 0.2358 0.2560 0.3782 0.4703
0.1935 0.2515 0.2561 0.2346 0.2547 0.2350 0.2358 0.2560 0.3782 0.4703
0.1935 0.2515 0.2561 0.2346 0.2547 0.2350 0.2358 0.2560 0.3782 0.4703
0.1935 0.2515 0.2561 0.2346 0.2547 0.2350 0.2358 0.2560 0.3782 0.4703
0.1935 0.2515 0.2561 0.2346 0.2547 0.2350 0.2358 0.2560 0.3782 0.4703
0.1935 0.2515 0.2561 0.2346 0.2547 0.2350 0.2358 0.2560 0.3782 0.4703
0.1935 0.2515 0.2561 0.2346 0.2547 0.2350 0.2358 0.2560 0.3781 0.4703
0.1935 0.2515 0.2561 0.2346 0.2547 0.2350 0.2358 0.2560 0.3781 0.4703
0.1935 0.2515 0.2561 0.2346 0.2547 0.2350 0.2358 0.2560 0.3781 0.4703
0.1935 0.2515 0.2561 0.2346 0.2547 0.2350 0.2358 0.2560 0.3781 0.4703
0.1935 0.2515 0.2561 0.2346 0.2547 0.2350 0.2358 0.2560 0.3781 0.4703
0.1935 0.2515 0.2561 0.2346 0.2547 0.2350 0.2358 0.2560 0.3781 0.4703
0.1935 0.2515 0.2561 0.2346 0.2547 0.2350 0.2358 0.2560 0.3781 0.4703
0.1935 0.2515 0.2561 0.2346 0.2547 0.2350 0.2358 0.2560 0.3782 0.4703
0.1935 0.2515 0.2561 0.2346 0.2547 0.2350 0.2358 0.2560 0.3782 0.4704
0.1935 0.2515 0.2561 0.2346 0.2547 0.2350 0.2358 0.2560 0.3782 0.4704
0.1935 0.2515 0.2561 0.2346 0.2547 0.2350 0.2358 0.2560 0.3782 0.4704
0.1935 0.2515 0.2561 0.2346 0.2547 0.2350 0.2358 0.2560 0.3782 0.4704
0.1934 0.2515 0.2561 0.2346 0.2547 0.2350 0.2358 0.2560 0.3782 0.4704
0.1934 0.2515 0.2561 0.2346 0.2547 0.2350 0.2358 0.2561 0.3782 0.4704
0.1934 0.2515 0.2561 0.2346 0.2547 0.2350 0.2358 0.2561 0.3782 0.4705
0.1934 0.2515 0.2561 0.2346 0.2547 0.2350 0.2358 0.2561 0.3782 0.4705
0.1934 0.2515 0.2561 0.2346 0.2547 0.2351 0.2359 0.2561 0.3783 0.4705
0.1934 0.2515 0.2561 0.2347 0.2547 0.2351 0.2359 0.2561 0.3783 0.4706
0.1934 0.2515 0.2561 0.2347 0.2547 0.2351 0.2359 0.2561 0.3783 0.4706
0.1934 0.2515 0.2561 0.2347 0.2547 0.2351 0.2359 0.2562 0.3783 0.4706
0.1934 0.2515 0.2561 0.2347 0.2547 0.2351 0.2359 0.2562 0.3783 0.4706
0.1934 0.2515 0.2561 0.2347 0.2547 0.2351 0.2359 0.2562 0.3783 0.4707
0.1934 0.2515 0.2561 0.2347 0.2547 0.2351 0.2359 0.2562 0.3784 0.4707
0.1934 0.2515 0.2561 0.2347 0.2548 0.2351 0.2360 0.2563 0.3784 0.4708
0.1934 0.2515 0.2561 0.2347 0.2548 0.2351 0.2360 0.2563 0.3784 0.4708
0.1934 0.2515 0.2561 0.2347 0.2548 0.2351 0.2360 0.2563 0.3785 0.4709
0.1933 0.2515 0.2561 0.2347 0.2548 0.2351 0.2360 0.2563 0.3785 0.4709
0.1933 0.2515 0.2561 0.2347 0.2548 0.2351 0.2361 0.2564 0.3785 0.4710
0.1933 0.2515 0.2561 0.2348 0.2548 0.2352 0.2361 0.2564 0.3786 0.4710
0.1933 0.2514 0.2561 0.2348 0.2548 0.2352 0.2361 0.2565 0.3786 0.4711
0.1933 0.2514 0.2561 0.2348 0.2548 0.2352 0.2362 0.2565 0.3787 0.4712
0.1933 0.2514 0.2561 0.2348 0.2548 0.2352 0.2362 0.2566 0.3787 0.4713
0.1932 0.2514 0.2561 0.2349 0.2549 0.2352 0.2363 0.2567 0.3788 0.4715
0.1932 0.2514 0.2561 0.2349 0.2549 0.2353 0.2363 0.2567 0.3789 0.4716
0.1932 0.2514 0.2561 0.2349 0.2549 0.2353 0.2364 0.2568 0.3789 0.4716
0.1932 0.2514 0.2561 0.2349 0.2549 0.2353 0.2364 0.2568 0.3789 0.4717
0.1932 0.2514 0.2561 0.2349 0.2549 0.2353 0.2364 0.2569 0.3790 0.4717
0.1932 0.2514 0.2561 0.2349 0.2549 0.2353 0.2364 0.2569 0.3790 0.4717
0.1932 0.2514 0.2561 0.2349 0.2549 0.2353 0.2364 0.2569 0.3790 0.4717
0.1932 0.2514 0.2561 0.2349 0.2549 0.2353 0.2364 0.2568 0.3789 0.4717
0.1932 0.2514 0.2561 0.2349 0.2549 0.2353 0.2364 0.2568 0.3789 0.4716
0.1932 0.2514 0.2561 0.2349 0.2549 0.2353 0.2363 0.2567 0.3789 0.4716
0.1932 0.2514 0.2561 0.2348 0.2549 0.2352 0.2363 0.2567 0.3788 0.4714
0.1933 0.2514 0.2561 0.2348 0.2548 0.2352 0.2362 0.2566 0.3787 0.4713
0.1933 0.2514 0.2561 0.2348 0.2548 0.2352 0.2362 0.2565 0.3787 0.4712
0.1933 0.2514 0.2561 0.2348 0.2548 0.2352 0.2361 0.2565 0.3786 0.4711
0.1933 0.2515 0.2561 0.2347 0.2548 0.2352 0.2361 0.2564 0.3785 0.4710
0.1934 0.2515 0.2561 0.2347 0.2548 0.2351 0.2360 0.2563 0.3785 0.4709
0.1934 0.2515 0.2561 0.2347 0.2548 0.2351 0.2360 0.2563 0.3784 0.4708
0.1934 0.2515 0.2561 0.2347 0.2547 0.2351 0.2359 0.2562 0.3784 0.4707
0.1934 0.2515 0.2561 0.2347 0.2547 0.2351 0.2359 0.2562 0.3783 0.4706
0.1934 0.2515 0.2561 0.2346 0.2547 0.2351 0.2359 0.2561 0.3783 0.4705
0.1934 0.2515 0.2561 0.2346 0.2547 0.2350 0.2358 0.2561 0.3782 0.4705
0.1935 0.2515 0.2561 0.2346 0.2547 0.2350 0.2358 0.2560 0.3782 0.4704
0.1935 0.2515 0.2561 0.2346 0.2547 0.2350 0.2358 0.2560 0.3782 0.4704
0.1935 0.2515 0.2561 0.2346 0.2547 0.2350 0.2358 0.2560 0.3781 0.4703
0.1935 0.2515 0.2561 0.2346 0.2547 0.2350 0.2358 0.2560 0.3781 0.4703
0.1935 0.2515 0.2561 0.2346 0.2547 0.2350 0.2357 0.2559 0.3781 0.4703
0.1935 0.2515 0.2561 0.2346 0.2547 0.2350 0.2357 0.2559 0.3781 0.4703
0.1935 0.2515 0.2561 0.2346 0.2547 0.2350 0.2357 0.2559 0.3781 0.4702
0.1935 0.2515 0.2561 0.2346 0.2547 0.2350 0.2357 0.2559 0.3781 0.4702
0.1935 0.2515 0.2561 0.2346 0.2547 0.2350 0.2357 0.2559 0.3781 0.4702
0.1935 0.2515 0.2561 0.2346 0.2547 0.2350 0.2357 0.2559 0.3781 0.4702
0.1935 0.2515 0.2560 0.2346 0.2547 0.2350 0.2357 0.2559 0.3781 0.4702
0.1935 0.2515 0.2560 0.2346 0.2547 0.2350 0.2357 0.2559 0.3781 0.4702
0.1935 0.2515 0.2560 0.2346 0.2547 0.2350 0.2357 0.2559 0.3781 0.4702
0.1935 0.2515 0.2560 0.2346 0.2547 0.2350 0.2357 0.2559 0.3781 0.4702
0.1935 0.2515 0.2560 0.2346 0.2547 0.2350 0.2357 0.2559 0.3781 0.4702
0.1935 0.2515 0.2560 0.2346 0.2547 0.2350 0.2357 0.2559 0.3781 0.4702
0.1935 0.2515 0.2560 0.2346 0.2547 0.2350 0.2357 0.2559 0.3780 0.4702
0.1935 0.2515 0.2560 0.2346 0.2547 0.2350 0.2357 0.2559 0.3780 0.4702
0.1935 0.2515 0.2560 0.2346 0.2547 0.2350 0.2357 0.2559 0.3780 0.4702
0.1935 0.2515 0.2560 0.2346 0.2547 0.2350 0.2357 0.2559 0.3780 0.4702
0.1935 0.2515 0.2560 0.2346 0.2547 0.2350 0.2357 0.2559 0.3780 0.4702
0.1935 0.2515 0.2560 0.2346 0.2547 0.2350 0.2357 0.2559 0.3780 0.4702
0.1935 0.2515 0.2560 0.2346 0.2547 0.2350 0.2357 0.2559 0.3780 0.4702
0.1935 0.2515 0.2560 0.2346 0.2547 0.2350 0.2357 0.2559 0.3780 0.4702
0.1935 0.2515 0.2560 0.2346 0.2547 0.2350 0.2357 0.2559 0.3780 0.4702
0.1935 0.2515 0.2560 0.2346 0.2547 0.2350 0.2357 0.2559 0.3780 0.4702
0.1935 0.2515 0.2560 0.2346 0.2547 0.2350 0.2357 0.2559 0.3780 0.4702
0.1935 0.2515 0.2560 0.2346 0.2547 0.2350 0.2357 0.2559 0.3780 0.4702
0.1935 0.2515 0.2560 0.2346 0.2547 0.2350 0.2357 0.2559 0.3780 0.4702
0.1935 0.2515 0.2560 0.2346 0.2547 0.2350 0.2357 0.2559 0.3780 0.4702
0.1935 0.2515 0.2560 0.2346 0.2547 0.2350 0.2357 0.2559 0.3780 0.4702
0.1935 0.2515 0.2560 0.2346 0.2547 0.2350 0.2357 0.2559 0.3780 0.4702
0.1935 0.2515 0.2560 0.2346 0.2547 0.2350 0.2357 0.2559 0.3780 0.4702
0.1935 0.2515 0.2560 0.2346 0.2547 0.2350 0.2357 0.2559 0.3780 0.4702
0.1935 0.2515 0.2560 0.2346 0.2547 0.2350 0.2357 0.2559 0.3780 0.4702
0.1935 0.2515 0.2560 0.2346 0.2547 0.2350 0.2357 0.2559 0.3780 0.4702
0.1935 0.2515 0.2560 0.2346 0.2547 0.2350 0.2357 0.2559 0.3780 0.4702
0.1935 0.2515 0.2560 0.2346 0.2547 0.2350 0.2357 0.2559 0.3780 0.4702
0.1935 0.2515 0.2560 0.2346 0.2547 0.2350 0.2357 0.2559 0.3780 0.4702
0.1935 0.2515 0.2560 0.2346 0.2547 0.2350 0.2357 0.2559 0.3780 0.4702
0.1935 0.2515 0.2560 0.2346 0.2547 0.2350 0.2357 0.2559 0.3780 0.4702
0.1935 0.2515 0.2560 0.2346 0.2547 0.2350 0.2357 0.2559 0.3780 0.4702
0.1935 0.2515 0.2560 0.2346 0.2547 0.2350 0.2357 0.2559 0.3780 0.4702
0.1935 0.2515 0.2560 0.2346 0.2547 0.2350 0.2357 0.2559 0.3780 0.4702
0.1935 0.2515 0.2560 0.2346 0.2547 0.2350 0.2357 0.2559 0.3780 0.4702
0.1935 0.2515 0.2560 0.2346 0.2547 0.2350 0.2357 0.2559 0.3780 0.4702
0.1935 0.2515 0.2560 0.2346 0.2547 0.2350 0.2357 0.2559 0.3780 0.4702
0.1935 0.2515 0.2560 0.2346 0.2547 0.2350 0.2357 0.2559 0.3780 0.4702
0.1935 0.2515 0.2560 0.2346 0.2547 0.2350 0.2357 0.2559 0.3780 0.4702
0.1935 0.2515 0.2560 0.2346 0.2547 0.2350 0.2357 0.2559 0.3780 0.4702
0.1935 0.2515 0.2560 0.2346 0.2547 0.2350 0.2357 0.2559 0.3780 0.4702
0.1935 0.2515 0.2560 0.2346 0.2547 0.2350 0.2357 0.2559 0.3780 0.4702
0.1935 0.2515 0.2560 0.2346 0.2547 0.2350 0.2357 0.2559 0.3780 0.4702
0.1935 0.2515 0.2560 0.2346 0.2547 0.2350 0.2357 0.2559 0.3781 0.4702
0.1935 0.2515 0.2560 0.2346 0.2547 0.2350 0.2357 0.2559 0.3781 0.4702
0.1935 0.2515 0.2560 0.2346 0.2547 0.2350 0.2357 0.2559 0.3781 0.4702
0.1935 0.2515 0.2560 0.2346 0.2547 0.2350 0.2357 0.2559 0.3781 0.4702
0.1935 0.2515 0.2560 0.2346 0.2547 0.2350 0.2357 0.2559 0.3781 0.4702
0.1935 0.2515 0.2560 0.2346 0.2547 0.2350 0.2357 0.2559 0.3781 0.4702
0.1935 0.2515 0.2561 0.2346 0.2547 0.2350 0.2357 0.2559 0.3781 0.4702
0.1935 0.2515 0.2561 0.2346 0.2547 0.2350 0.2357 0.2559 0.3781 0.4702
0.1935 0.2515 0.2561 0.2346 0.2547 0.2350 0.2357 0.2559 0.3781 0.4702
0.1935 0.2515 0.2561 0.2346 0.2547 0.2350 0.2357 0.2559 0.3781 0.4702
0.1935 0.2515 0.2561 0.2346 0.2547 0.2350 0.2357 0.2559 0.3781 0.4703
0.1935 0.2515 0.2561 0.2346 0.2547 0.2350 0.2357 0.2559 0.3781 0.4703
0.1935 0.2515 0.2561 0.2346 0.2547 0.2350 0.2357 0.2559 0.3781 0.4703
0.1935 0.2515 0.2561 0.2346 0.2547 0.2350 0.2357 0.2559 0.3781 0.4703
0.1935 0.2515 0.2561 0.2346 0.2547 0.2350 0.2357 0.2559 0.3781 0.4703
0.1935 0.2515 0.2561 0.2346 0.2547 0.2350 0.2358 0.2560 0.3781 0.4703
0.1935 0.2515 0.2561 0.2346 0.2547 0.2350 0.2358 0.2560 0.3781 0.4703
0.1935 0.2515 0.2561 0.2346 0.2547 0.2350 0.2358 0.2560 0.3781 0.4703
0.1935 0.2515 0.2561 0.2346 0.2547 0.2350 0.2358 0.2560 0.3781 0.4703
0.1935 0.2515 0.2561 0.2346 0.2547 0.2350 0.2358 0.2560 0.3782 0.4704
0.1935 0.2515 0.2561 0.2346 0.2547 0.2350 0.2358 0.2560 0.3782 0.4704
0.1934 0.2515 0.2561 0.2346 0.2547 0.2350 0.2358 0.2560 0.3782 0.4704
0.1934 0.2515 0.2561 0.2346 0.2547 0.2350 0.2358 0.2561 0.3782 0.4705
0.1934 0.2515 0.2561 0.2346 0.2547 0.2350 0.2358 0.2561 0.3782 0.4705
0.1934 0.2515 0.2561 0.2346 0.2547 0.2351 0.2359 0.2561 0.3783 0.4705
0.1934 0.2515 0.2561 0.2347 0.2547 0.2351 0.2359 0.2561 0.3783 0.4706
0.1934 0.2515 0.2561 0.2347 0.2547 0.2351 0.2359 0.2562 0.3783 0.4707
0.1934 0.2515 0.2561 0.2347 0.2548 0.2351 0.2360 0.2562 0.3784 0.4707
0.1934 0.2515 0.2561 0.2347 0.2548 0.2351 0.2360 0.2563 0.3784 0.4708
0.1934 0.2515 0.2561 0.2347 0.2548 0.2351 0.2360 0.2563 0.3785 0.4709
0.1933 0.2515 0.2561 0.2347 0.2548 0.2351 0.2361 0.2564 0.3785 0.4709
0.1933 0.2515 0.2561 0.2347 0.2548 0.2351 0.2361 0.2564 0.3785 0.4710
0.1933 0.2515 0.2561 0.2348 0.2548 0.2352 0.2361 0.2564 0.3785 0.4710
0.1933 0.2514 0.2561 0.2348 0.2548 0.2352 0.2361 0.2564 0.3786 0.4711
0.1933 0.2514 0.2561 0.2348 0.2548 0.2352 0.2361 0.2565 0.3786 0.4711
0.1933 0.2514 0.2561 0.2348 0.2548 0.2352 0.2361 0.2565 0.3786 0.4712
0.1933 0.2514 0.2561 0.2348 0.2548 0.2352 0.2362 0.2565 0.3787 0.4712
0.1933 0.2514 0.2561 0.2348 0.2548 0.2352 0.2362 0.2566 0.3787 0.4713
0.1933 0.2514 0.2561 0.2348 0.2548 0.2352 0.2362 0.2566 0.3787 0.4713
0.1933 0.2514 0.2561 0.2348 0.2548 0.2352 0.2362 0.2566 0.3787 0.4713
0.1933 0.2514 0.2561 0.2348 0.2548 0.2352 0.2362 0.2566 0.3787 0.4713
0.1933 0.2514 0.2561 0.2348 0.2548 0.2352 0.2362 0.2566 0.3787 0.4713
0.1933 0.2514 0.2561 0.2348 0.2548 0.2352 0.2362 0.2566 0.3787 0.4713
0.1933 0.2514 0.2561 0.2348 0.2548 0.2352 0.2362 0.2566 0.3787 0.4713
0.1933 0.2514 0.2561 0.2348 0.2548 0.2352 0.2362 0.2566 0.3787 0.4713
0.1933 0.2514 0.2561 0.2348 0.2548 0.2352 0.2362 0.2566 0.3787 0.4713
0.1933 0.2514 0.2561 0.2348 0.2548 0.2352 0.2362 0.2566 0.3787 0.4713
0.1933 0.2514 0.2561 0.2348 0.2548 0.2352 0.2362 0.2566 0.3787 0.4713
0.1933 0.2514 0.2561 0.2348 0.2548 0.2352 0.2362 0.2566 0.3787 0.4712
0.1933 0.2514 0.2561 0.2348 0.2548 0.2352 0.2362 0.2565 0.3787 0.4712
0.1933 0.2514 0.2561 0.2348 0.2548 0.2352 0.2362 0.2565 0.3787 0.4712
0.1933 0.2514 0.2561 0.2348 0.2548 0.2352 0.2362 0.2565 0.3787 0.4712
0.1933 0.2514 0.2561 0.2348 0.2548 0.2352 0.2362 0.2565 0.3787 0.4712
0.1933 0.2514 0.2561 0.2348 0.2548 0.2352 0.2362 0.2565 0.3787 0.4712
0.1933 0.2514 0.2561 0.2348 0.2548 0.2352 0.2362 0.2566 0.3787 0.4713
0.1933 0.2514 0.2561 0.2348 0.2548 0.2352 0.2362 0.2566 0.3787 0.4713
0.1933 0.2514 0.2561 0.2348 0.2548 0.2352 0.2362 0.2566 0.3787 0.4713
0.1933 0.2514 0.2561 0.2348 0.2548 0.2352 0.2363 0.2566 0.3788 0.4714
0.1932 0.2514 0.2561 0.2348 0.2549 0.2352 0.2363 0.2567 0.3788 0.4715
0.1932 0.2514 0.2561 0.2349 0.2549 0.2353 0.2363 0.2567 0.3788 0.4715
0.1932 0.2514 0.2561 0.2349 0.2549 0.2353 0.2363 0.2568 0.3789 0.4716
0.1932 0.2514 0.2561 0.2349 0.2549 0.2353 0.2364 0.2568 0.3789 0.4716
0.1932 0.2514 0.2561 0.2349 0.2549 0.2353 0.2364 0.2568 0.3789 0.4717
0.1932 0.2514 0.2561 0.2349 0.2549 0.2353 0.2364 0.2569 0.3790 0.4718
0.1932 0.2514 0.2561 0.2349 0.2549 0.2353 0.2365 0.2569 0.3790 0.4718
0.1932 0.2514 0.2561 0.2349 0.2549 0.2353 0.2365 0.2569 0.3790 0.4719
0.1931 0.2514 0.2562 0.2350 0.2549 0.2353 0.2365 0.2570 0.3791 0.4719
0.1931 0.2514 0.2562 0.2350 0.2549 0.2353 0.2365 0.2570 0.3791 0.4720
0.1931 0.2514 0.2562 0.2350 0.2549 0.2354 0.2365 0.2570 0.3791 0.4720
0.1931 0.2514 0.2562 0.2350 0.2549 0.2354 0.2365 0.2570 0.3791 0.4720
0.1931 0.2514 0.2562 0.2350 0.2549 0.2354 0.2366 0.2570 0.3791 0.4720
0.1931 0.2514 0.2562 0.2350 0.2549 0.2354 0.2366 0.2571 0.3791 0.4720
0.1931 0.2514 0.2562 0.2350 0.2549 0.2354 0.2365 0.2570 0.3791 0.4720
0.1931 0.2514 0.2562 0.2350 0.2549 0.2354 0.2365 0.2570 0.3791 0.4720
0.1931 0.2514 0.2562 0.2350 0.2549 0.2353 0.2365 0.2570 0.3791 0.4720
0.1932 0.2514 0.2562 0.2350 0.2549 0.2353 0.2365 0.2570 0.3791 0.4719
0.1932 0.2514 0.2561 0.2349 0.2549 0.2353 0.2365 0.2569 0.3790 0.4718
0.1932 0.2514 0.2561 0.2349 0.2549 0.2353 0.2364 0.2569 0.3790 0.4718
0.1932 0.2514 0.2561 0.2349 0.2549 0.2353 0.2364 0.2568 0.3789 0.4717
0.1932 0.2514 0.2561 0.2349 0.2549 0.2353 0.2363 0.2568 0.3789 0.4716
0.1932 0.2514 0.2561 0.2349 0.2549 0.2352 0.2363 0.2567 0.3788 0.4715
0.1933 0.2514 0.2561 0.2348 0.2548 0.2352 0.2362 0.2566 0.3787 0.4714
0.1933 0.2514 0.2561 0.2348 0.2548 0.2352 0.2362 0.2566 0.3787 0.4712
0.1933 0.2514 0.2561 0.2348 0.2548 0.2352 0.2361 0.2565 0.3786 0.4711
0.1933 0.2515 0.2561 0.2348 0.2548 0.2352 0.2361 0.2564 0.3786 0.4711
0.1933 0.2515 0.2561 0.2347 0.2548 0.2351 0.2361 0.2564 0.3785 0.4709
0.1934 0.2515 0.2561 0.2347 0.2548 0.2351 0.2360 0.2563 0.3784 0.4708
0.1934 0.2515 0.2561 0.2347 0.2548 0.2351 0.2360 0.2562 0.3784 0.4707
0.1934 0.2515 0.2561 0.2347 0.2547 0.2351 0.2359 0.2562 0.3783 0.4707
0.1934 0.2515 0.2561 0.2347 0.2547 0.2351 0.2359 0.2561 0.3783 0.4706
0.1934 0.2515 0.2561 0.2346 0.2547 0.2351 0.2359 0.2561 0.3783 0.4705
0.1934 0.2515 0.2561 0.2346 0.2547 0.2351 0.2359 0.2561 0.3782 0.4705
0.1934 0.2515 0.2561 0.2346 0.2547 0.2350 0.2358 0.2561 0.3782 0.4705
0.1934 0.2515 0.2561 0.2346 0.2547 0.2350 0.2358 0.2560 0.3782 0.4704
0.1935 0.2515 0.2561 0.2346 0.2547 0.2350 0.2358 0.2560 0.3782 0.4704
0.1935 0.2515 0.2561 0.2346 0.2547 0.2350 0.2358 0.2560 0.3782 0.4704
0.1935 0.2515 0.2561 0.2346 0.2547 0.2350 0.2358 0.2560 0.3782 0.4703
0.1935 0.2515 0.2561 0.2346 0.2547 0.2350 0.2358 0.2560 0.3781 0.4703
0.1935 0.2515 0.2561 0.2346 0.2547 0.2350 0.2358 0.2560 0.3781 0.4703
0.1935 0.2515 0.2561 0.2346 0.2547 0.2350 0.2358 0.2560 0.3781 0.4703
0.1935 0.2515 0.2561 0.2346 0.2547 0.2350 0.2357 0.2559 0.3781 0.4703
0.1935 0.2515 0.2561 0.2346 0.2547 0.2350 0.2357 0.2559 0.3781 0.4703
0.1935 0.2515 0.2561 0.2346 0.2547 0.2350 0.2357 0.2559 0.3781 0.4703
0.1935 0.2515 0.2561 0.2346 0.2547 0.2350 0.2357 0.2559 0.3781 0.4703
0.1935 0.2515 0.2561 0.2346 0.2547 0.2350 0.2357 0.2559 0.3781 0.4703
0.1935 0.2515 0.2561 0.2346 0.2547 0.2350 0.2357 0.2559 0.3781 0.4702
0.1935 0.2515 0.2561 0.2346 0.2547 0.2350 0.2357 0.2559 0.3781 0.4702
0.1935 0.2515 0.2561 0.2346 0.2547 0.2350 0.2357 0.2559 0.3781 0.4702
0.1935 0.2515 0.2561 0.2346 0.2547 0.2350 0.2357 0.2559 0.3781 0.4702
0.1935 0.2515 0.2561 0.2346 0.2547 0.2350 0.2357 0.2559 0.3781 0.4702
0.1935 0.2515 0.2561 0.2346 0.2547 0.2350 0.2357 0.2559 0.3781 0.4702
0.1935 0.2515 0.2561 0.2346 0.2547 0.2350 0.2357 0.2559 0.3781 0.4702
0.1935 0.2515 0.2561 0.2346 0.2547 0.2350 0.2357 0.2559 0.3781 0.4702
