0.00000000
0.00000000
0.00000000
0.00000000
0.00000000
0.00000000
0.31018822
0.31018822
0.31018822
0.31018822
0.31018822
0.31018822
0.31018822
0.31018822
0.31018822
0.31018822
0.31018822
0.31018822
0.31018822
0.31018822
0.31018822
0.31018822
0.31018822
0.31018822
0.31018822
0.31018822
0.31018822
0.31018822
0.31018822
0.31018822
0.31018822
0.31038434
0.31038434
0.31038434
0.31038434
0.31038434
0.31038434
0.31038434
0.31038434
0.31038434
0.31038434
0.31038434
0.31038434
0.31038434
0.31038434
0.31038434
0.31001645
0.31001645
0.31001645
0.31001645
0.31001645
0.31001645
0.31001645
0.31001645
0.31001645
0.31001645
0.31001645
0.31102633
0.31102633
0.31102633
0.31102633
0.31102633
