0.00000000
0.00000000
0.00000000
0.00000000
0.00000000
0.00000000
0.30644495
0.30644495
0.30644495
0.30644495
0.30644495
0.30644495
0.30644495
0.30644495
0.30644495
0.30644495
0.30644495
0.30644495
0.30644495
0.30641891
0.30641891
0.30641891
0.30641891
0.30641891
0.30641891
0.30641891
0.30641891
0.30641891
0.30641891
0.30641891
0.30641891
0.30606203
0.30606203
0.30606203
0.30606203
0.30606203
0.30606203
0.30606203
0.30606203
0.30606203
0.30606203
0.30606203
0.30606203
0.30606203
0.30606203
0.30606203
0.30528719
0.30528719
0.30528719
0.30528719
0.30528719
0.30528719
0.30528719
0.30528719
0.30528719
0.30528719
0.30528719
0.30536839
0.30536839
0.30536839
0.30536839
0.30536839
