0.00000000
0.00000000
0.00000000
0.00000000
0.00000000
0.00000000
0.00000000
0.00000000
0.00000000
0.00000000
0.00000000
0.00000000
0.00000000
0.00000000
0.00000000
0.00000000
0.00000000
0.00000000
0.00000000
0.00000000
0.00000000
0.00000000
0.00000000
0.00000000
0.00000000
0.00000000
0.00000000
0.00000000
0.00000000
0.00000000
0.00000000
0.31709307
0.31709307
0.31709307
0.31709307
0.31709307
0.31709307
0.31709307
0.31709307
0.31709307
0.31709307
0.31709307
0.31709307
0.31709307
0.31709307
0.31709307
0.31735026
0.31735026
0.31735026
0.31735026
0.31735026
0.31735026
0.31735026
0.31735026
0.31735026
0.31735026
0.31735026
0.31827954
0.31827954
0.31827954
0.31827954
0.31827954
