0.00000000
0.00000000
0.00000000
0.00000000
0.00000000
0.00000000
0.00000000
0.00000000
0.00000000
0.00000000
0.00000000
0.00000000
0.00000000
0.00000000
0.00000000
0.00000000
0.00000000
0.00000000
0.00000000
0.00000000
0.00000000
0.00000000
0.00000000
0.00000000
0.00000000
0.00000000
0.00000000
0.00000000
0.00000000
0.00000000
0.00000000
0.31358758
0.31358758
0.31358758
0.31358758
0.31358758
0.31358758
0.31358758
0.31358758
0.31358758
0.31358758
0.31358758
0.31358758
0.31358758
0.31358758
0.31358758
0.31335360
0.31335360
0.31335360
0.31335360
0.31335360
0.31335360
0.31335360
0.31335360
0.31335360
0.31335360
0.31335360
0.31551421
0.31551421
0.31551421
0.31551421
0.31551421
