0.00000000
0.00000000
0.00000000
0.00000000
0.00000000
0.00000000
0.28632909
0.28632909
0.28632909
0.28632909
0.28632909
0.28632909
0.28632909
0.28632909
0.28632909
0.28632909
0.28632909
0.28632909
0.28632909
0.28632909
0.28632909
0.28632909
0.28632909
0.28632909
0.28632909
0.28632909
0.28632909
0.28632909
0.28632909
0.28632909
0.28632909
0.28630773
0.28630773
0.28630773
0.28630773
0.28630773
0.28630773
0.28630773
0.28733105
0.28733105
0.28733105
0.28733105
0.28733105
0.28733105
0.28733105
0.28733105
0.28651875
0.28651875
0.28651875
0.28651875
0.28651875
0.28651875
0.28651875
0.28651875
0.28651875
0.28651875
0.28651875
0.28703889
0.28703889
0.28703889
0.28703889
0.28703889
