0.00000000
0.00000000
0.00000000
0.00000000
0.00000000
0.00000000
0.30581937
0.30581937
0.30581937
0.30581937
0.30581937
0.30581937
0.30581937
0.30581937
0.30581937
0.30581937
0.30581937
0.30581937
0.30581937
0.30535085
0.30535085
0.30535085
0.30535085
0.30535085
0.30535085
0.30535085
0.30535085
0.30535085
0.30535085
0.30535085
0.30535085
0.30483030
0.30483030
0.30483030
0.30483030
0.30483030
0.30483030
0.30483030
0.30483030
0.30483030
0.30483030
0.30483030
0.30483030
0.30483030
0.30483030
0.30483030
0.30444061
0.30444061
0.30444061
0.30444061
0.30444061
0.30444061
0.30444061
0.30444061
0.30444061
0.30444061
0.30444061
0.30353567
0.30353567
0.30353567
0.30353567
0.30353567
