0.00000000
0.00000000
0.00000000
0.00000000
0.00000000
0.00000000
0.27706825
0.27706825
0.27706825
0.27706825
0.27706825
0.27706825
0.27706825
0.27706825
0.27706825
0.27706825
0.27706825
0.27706825
0.27706825
0.27706825
0.27706825
0.27706825
0.27706825
0.27706825
0.27706825
0.27706825
0.27706825
0.27706825
0.27706825
0.27706825
0.27706825
0.27727753
0.27727753
0.27727753
0.27727753
0.27727753
0.27727753
0.27727753
0.27770960
0.27770960
0.27770960
0.27770960
0.27770960
0.27770960
0.27770960
0.27770960
0.27820141
0.27820141
0.27820141
0.27820141
0.27820141
0.27820141
0.27820141
0.27820141
0.27820141
0.27820141
0.27820141
0.27878495
0.27878495
0.27878495
0.27878495
0.27878495
