0.00000000 0.00000000 0.00000000 0.00000000 0.00000000 0.00000000 0.00000000 0.00000000 0.00000000 0.00000000
0.00000000 0.00000000 0.00000000 0.00000000 0.00000000 0.00000000 0.00000000 0.00000000 0.00000000 0.00000000
0.00000000 0.00000000 0.00000000 0.00000000 0.00000000 0.00000000 0.00000000 0.00000000 0.00000000 0.00000000
0.00000000 0.00000000 0.00000000 0.00000000 0.00000000 0.00000000 0.00000000 0.00000000 0.00000000 0.00000000
0.00000000 0.00000000 0.00000000 0.00000000 0.00000000 0.00000000 0.00000000 0.00000000 0.00000000 0.00000000
0.00000000 0.00000000 0.00000000 0.00000000 0.00000000 0.00000000 0.00000000 0.00000000 0.00000000 0.00000000
0.24882842 0.26025739 0.25002815 0.26865883 0.27185664 0.26277201 0.34921178 0.26079385 0.32323520 0.25676556
0.24882842 0.26025739 0.25002815 0.26865883 0.27185664 0.26277201 0.34921178 0.26079385 0.32323520 0.25676556
0.24882842 0.26025739 0.25002815 0.26865883 0.27185664 0.26277201 0.34921178 0.26079385 0.32323520 0.25676556
0.24882842 0.26025739 0.25002815 0.26865883 0.27185664 0.26277201 0.34921178 0.26079385 0.32323520 0.25676556
0.24882842 0.26025739 0.25002815 0.26865883 0.27185664 0.26277201 0.34921178 0.26079385 0.32323520 0.25676556
0.24882842 0.26025739 0.25002815 0.26865883 0.27185664 0.26277201 0.34921178 0.26079385 0.32323520 0.25676556
0.24882842 0.26025739 0.25002815 0.26865883 0.27185664 0.26277201 0.34921178 0.26079385 0.32323520 0.25676556
0.24882842 0.26025739 0.25002815 0.26865883 0.27185664 0.26277201 0.34921178 0.26079385 0.32323520 0.25676556
0.24882842 0.26025739 0.25002815 0.26865883 0.27185664 0.26277201 0.34921178 0.26079385 0.32323520 0.25676556
0.24882842 0.26025739 0.25002815 0.26865883 0.27185664 0.26277201 0.34921178 0.26079385 0.32323520 0.25676556
0.24882842 0.26025739 0.25002815 0.26865883 0.27185664 0.26277201 0.34921178 0.26079385 0.32323520 0.25676556
0.24882842 0.26025739 0.25002815 0.26865883 0.27185664 0.26277201 0.34921178 0.26079385 0.32323520 0.25676556
0.24882842 0.26025739 0.25002815 0.26865883 0.27185664 0.26277201 0.34921178 0.26079385 0.32323520 0.25676556
0.24882842 0.26025739 0.25002815 0.26865883 0.27185664 0.26277201 0.34921178 0.26079385 0.32323520 0.25676556
0.24882842 0.26025739 0.25002815 0.26865883 0.27185664 0.26277201 0.34921178 0.26079385 0.32323520 0.25676556
0.24882842 0.26025739 0.25002815 0.26865883 0.27185664 0.26277201 0.34921178 0.26079385 0.32323520 0.25676556
0.24882842 0.26025739 0.25002815 0.26865883 0.27185664 0.26277201 0.34921178 0.26079385 0.32323520 0.25676556
0.24882842 0.26025739 0.25002815 0.26865883 0.27185664 0.26277201 0.34921178 0.26079385 0.32323520 0.25676556
0.24882842 0.26025739 0.25002815 0.26865883 0.27185664 0.26277201 0.34921178 0.26079385 0.32323520 0.25676556
0.24882842 0.26025739 0.25002815 0.26865883 0.27185664 0.26277201 0.34921178 0.26079385 0.32323520 0.25676556
0.24882842 0.26025739 0.25002815 0.26865883 0.27185664 0.26277201 0.34921178 0.26079385 0.32323520 0.25676556
0.24882842 0.26025739 0.25002815 0.26865883 0.27185664 0.26277201 0.34921178 0.26079385 0.32323520 0.25676556
0.24882842 0.26025739 0.25002815 0.26865883 0.27185664 0.26277201 0.34921178 0.26079385 0.32323520 0.25676556
0.24882842 0.26025739 0.25002815 0.26865883 0.27185664 0.26277201 0.34921178 0.26079385 0.32323520 0.25676556
0.24882842 0.26025739 0.25002815 0.26865883 0.27185664 0.26277201 0.34921178 0.26079385 0.32323520 0.25676556
0.24979069 0.25746877 0.24913232 0.26965513 0.27086561 0.26119795 0.34975789 0.26296647 0.32552243 0.25753171
0.24979069 0.25746877 0.24913232 0.26965513 0.27086561 0.26119795 0.34975789 0.26296647 0.32552243 0.25753171
0.24979069 0.25746877 0.24913232 0.26965513 0.27086561 0.26119795 0.34975789 0.26296647 0.32552243 0.25753171
0.24979069 0.25746877 0.24913232 0.26965513 0.27086561 0.26119795 0.34975789 0.26296647 0.32552243 0.25753171
0.24979069 0.25746877 0.24913232 0.26965513 0.27086561 0.26119795 0.34975789 0.26296647 0.32552243 0.25753171
0.24979069 0.25746877 0.24913232 0.26965513 0.27086561 0.26119795 0.34975789 0.26296647 0.32552243 0.25753171
0.24979069 0.25746877 0.24913232 0.26965513 0.27086561 0.26119795 0.34975789 0.26296647 0.32552243 0.25753171
0.25009488 0.26029012 0.24919846 0.27114118 0.26888433 0.26177128 0.34843590 0.26613146 0.32595699 0.25691622
0.25009488 0.26029012 0.24919846 0.27114118 0.26888433 0.26177128 0.34843590 0.26613146 0.32595699 0.25691622
0.25009488 0.26029012 0.24919846 0.27114118 0.26888433 0.26177128 0.34843590 0.26613146 0.32595699 0.25691622
0.25009488 0.26029012 0.24919846 0.27114118 0.26888433 0.26177128 0.34843590 0.26613146 0.32595699 0.25691622
0.25009488 0.26029012 0.24919846 0.27114118 0.26888433 0.26177128 0.34843590 0.26613146 0.32595699 0.25691622
0.25009488 0.26029012 0.24919846 0.27114118 0.26888433 0.26177128 0.34843590 0.26613146 0.32595699 0.25691622
0.25009488 0.26029012 0.24919846 0.27114118 0.26888433 0.26177128 0.34843590 0.26613146 0.32595699 0.25691622
0.25009488 0.26029012 0.24919846 0.27114118 0.26888433 0.26177128 0.34843590 0.26613146 0.32595699 0.25691622
0.24982392 0.26003522 0.25077900 0.27248837 0.27003869 0.26148540 0.34932409 0.26697701 0.32523011 0.25771253
0.24982392 0.26003522 0.25077900 0.27248837 0.27003869 0.26148540 0.34932409 0.26697701 0.32523011 0.25771253
0.24982392 0.26003522 0.25077900 0.27248837 0.27003869 0.26148540 0.34932409 0.26697701 0.32523011 0.25771253
0.24982392 0.26003522 0.25077900 0.27248837 0.27003869 0.26148540 0.34932409 0.26697701 0.32523011 0.25771253
0.24982392 0.26003522 0.25077900 0.27248837 0.27003869 0.26148540 0.34932409 0.26697701 0.32523011 0.25771253
0.24982392 0.26003522 0.25077900 0.27248837 0.27003869 0.26148540 0.34932409 0.26697701 0.32523011 0.25771253
0.24982392 0.26003522 0.25077900 0.27248837 0.27003869 0.26148540 0.34932409 0.26697701 0.32523011 0.25771253
0.24982392 0.26003522 0.25077900 0.27248837 0.27003869 0.26148540 0.34932409 0.26697701 0.32523011 0.25771253
0.24982392 0.26003522 0.25077900 0.27248837 0.27003869 0.26148540 0.34932409 0.26697701 0.32523011 0.25771253
0.24982392 0.26003522 0.25077900 0.27248837 0.27003869 0.26148540 0.34932409 0.26697701 0.32523011 0.25771253
0.24982392 0.26003522 0.25077900 0.27248837 0.27003869 0.26148540 0.34932409 0.26697701 0.32523011 0.25771253
0.25137073 0.25915784 0.25218683 0.27329521 0.27026168 0.26011222 0.34973294 0.26904526 0.32356706 0.26168323
0.25137073 0.25915784 0.25218683 0.27329521 0.27026168 0.26011222 0.34973294 0.26904526 0.32356706 0.26168323
0.25137073 0.25915784 0.25218683 0.27329521 0.27026168 0.26011222 0.34973294 0.26904526 0.32356706 0.26168323
0.25137073 0.25915784 0.25218683 0.27329521 0.27026168 0.26011222 0.34973294 0.26904526 0.32356706 0.26168323
0.25137073 0.25915784 0.25218683 0.27329521 0.27026168 0.26011222 0.34973294 0.26904526 0.32356706 0.26168323
