0.00000000 0.00000000 0.00000000 0.00000000 0.00000000 0.00000000 0.00000000 0.00000000 0.00000000 0.00000000
0.00000000 0.00000000 0.00000000 0.00000000 0.00000000 0.00000000 0.00000000 0.00000000 0.00000000 0.00000000
0.00000000 0.00000000 0.00000000 0.00000000 0.00000000 0.00000000 0.00000000 0.00000000 0.00000000 0.00000000
0.00000000 0.00000000 0.00000000 0.00000000 0.00000000 0.00000000 0.00000000 0.00000000 0.00000000 0.00000000
0.00000000 0.00000000 0.00000000 0.00000000 0.00000000 0.00000000 0.00000000 0.00000000 0.00000000 0.00000000
0.00000000 0.00000000 0.00000000 0.00000000 0.00000000 0.00000000 0.00000000 0.00000000 0.00000000 0.00000000
0.34440722 0.29260856 0.30595890 0.40780296 0.25345579 0.37518267 0.26440290 0.26863542 0.25865071 0.28989854
0.34440722 0.29260856 0.30595890 0.40780296 0.25345579 0.37518267 0.26440290 0.26863542 0.25865071 0.28989854
0.34440722 0.29260856 0.30595890 0.40780296 0.25345579 0.37518267 0.26440290 0.26863542 0.25865071 0.28989854
0.34440722 0.29260856 0.30595890 0.40780296 0.25345579 0.37518267 0.26440290 0.26863542 0.25865071 0.28989854
0.34440722 0.29260856 0.30595890 0.40780296 0.25345579 0.37518267 0.26440290 0.26863542 0.25865071 0.28989854
0.34440722 0.29260856 0.30595890 0.40780296 0.25345579 0.37518267 0.26440290 0.26863542 0.25865071 0.28989854
0.34440722 0.29260856 0.30595890 0.40780296 0.25345579 0.37518267 0.26440290 0.26863542 0.25865071 0.28989854
0.34440722 0.29260856 0.30595890 0.40780296 0.25345579 0.37518267 0.26440290 0.26863542 0.25865071 0.28989854
0.34440722 0.29260856 0.30595890 0.40780296 0.25345579 0.37518267 0.26440290 0.26863542 0.25865071 0.28989854
0.34440722 0.29260856 0.30595890 0.40780296 0.25345579 0.37518267 0.26440290 0.26863542 0.25865071 0.28989854
0.34440722 0.29260856 0.30595890 0.40780296 0.25345579 0.37518267 0.26440290 0.26863542 0.25865071 0.28989854
0.34440722 0.29260856 0.30595890 0.40780296 0.25345579 0.37518267 0.26440290 0.26863542 0.25865071 0.28989854
0.34440722 0.29260856 0.30595890 0.40780296 0.25345579 0.37518267 0.26440290 0.26863542 0.25865071 0.28989854
0.34440722 0.29260856 0.30595890 0.40780296 0.25345579 0.37518267 0.26440290 0.26863542 0.25865071 0.28989854
0.34440722 0.29260856 0.30595890 0.40780296 0.25345579 0.37518267 0.26440290 0.26863542 0.25865071 0.28989854
0.34440722 0.29260856 0.30595890 0.40780296 0.25345579 0.37518267 0.26440290 0.26863542 0.25865071 0.28989854
0.34440722 0.29260856 0.30595890 0.40780296 0.25345579 0.37518267 0.26440290 0.26863542 0.25865071 0.28989854
0.34440722 0.29260856 0.30595890 0.40780296 0.25345579 0.37518267 0.26440290 0.26863542 0.25865071 0.28989854
0.34440722 0.29260856 0.30595890 0.40780296 0.25345579 0.37518267 0.26440290 0.26863542 0.25865071 0.28989854
0.34440722 0.29260856 0.30595890 0.40780296 0.25345579 0.37518267 0.26440290 0.26863542 0.25865071 0.28989854
0.34440722 0.29260856 0.30595890 0.40780296 0.25345579 0.37518267 0.26440290 0.26863542 0.25865071 0.28989854
0.34440722 0.29260856 0.30595890 0.40780296 0.25345579 0.37518267 0.26440290 0.26863542 0.25865071 0.28989854
0.34440722 0.29260856 0.30595890 0.40780296 0.25345579 0.37518267 0.26440290 0.26863542 0.25865071 0.28989854
0.34440722 0.29260856 0.30595890 0.40780296 0.25345579 0.37518267 0.26440290 0.26863542 0.25865071 0.28989854
0.34440722 0.29260856 0.30595890 0.40780296 0.25345579 0.37518267 0.26440290 0.26863542 0.25865071 0.28989854
0.34695777 0.28590650 0.30385161 0.41242786 0.25318586 0.36921320 0.26433475 0.27110983 0.25911703 0.29648463
0.34695777 0.28590650 0.30385161 0.41242786 0.25318586 0.36921320 0.26433475 0.27110983 0.25911703 0.29648463
0.34695777 0.28590650 0.30385161 0.41242786 0.25318586 0.36921320 0.26433475 0.27110983 0.25911703 0.29648463
0.34695777 0.28590650 0.30385161 0.41242786 0.25318586 0.36921320 0.26433475 0.27110983 0.25911703 0.29648463
0.34695777 0.28590650 0.30385161 0.41242786 0.25318586 0.36921320 0.26433475 0.27110983 0.25911703 0.29648463
0.34695777 0.28590650 0.30385161 0.41242786 0.25318586 0.36921320 0.26433475 0.27110983 0.25911703 0.29648463
0.34695777 0.28590650 0.30385161 0.41242786 0.25318586 0.36921320 0.26433475 0.27110983 0.25911703 0.29648463
0.34695777 0.28590650 0.30385161 0.41242786 0.25318586 0.36921320 0.26433475 0.27110983 0.25911703 0.29648463
0.34695777 0.28590650 0.30385161 0.41242786 0.25318586 0.36921320 0.26433475 0.27110983 0.25911703 0.29648463
0.34695777 0.28590650 0.30385161 0.41242786 0.25318586 0.36921320 0.26433475 0.27110983 0.25911703 0.29648463
0.34695777 0.28590650 0.30385161 0.41242786 0.25318586 0.36921320 0.26433475 0.27110983 0.25911703 0.29648463
0.34695777 0.28590650 0.30385161 0.41242786 0.25318586 0.36921320 0.26433475 0.27110983 0.25911703 0.29648463
0.34695777 0.28590650 0.30385161 0.41242786 0.25318586 0.36921320 0.26433475 0.27110983 0.25911703 0.29648463
0.34695777 0.28590650 0.30385161 0.41242786 0.25318586 0.36921320 0.26433475 0.27110983 0.25911703 0.29648463
0.34695777 0.28590650 0.30385161 0.41242786 0.25318586 0.36921320 0.26433475 0.27110983 0.25911703 0.29648463
0.33764582 0.28405262 0.30537592 0.41796325 0.25366012 0.36614373 0.26458193 0.27249494 0.25887908 0.29796568
0.33764582 0.28405262 0.30537592 0.41796325 0.25366012 0.36614373 0.26458193 0.27249494 0.25887908 0.29796568
0.33764582 0.28405262 0.30537592 0.41796325 0.25366012 0.36614373 0.26458193 0.27249494 0.25887908 0.29796568
0.33764582 0.28405262 0.30537592 0.41796325 0.25366012 0.36614373 0.26458193 0.27249494 0.25887908 0.29796568
0.33764582 0.28405262 0.30537592 0.41796325 0.25366012 0.36614373 0.26458193 0.27249494 0.25887908 0.29796568
0.33764582 0.28405262 0.30537592 0.41796325 0.25366012 0.36614373 0.26458193 0.27249494 0.25887908 0.29796568
0.33764582 0.28405262 0.30537592 0.41796325 0.25366012 0.36614373 0.26458193 0.27249494 0.25887908 0.29796568
0.33764582 0.28405262 0.30537592 0.41796325 0.25366012 0.36614373 0.26458193 0.27249494 0.25887908 0.29796568
0.33764582 0.28405262 0.30537592 0.41796325 0.25366012 0.36614373 0.26458193 0.27249494 0.25887908 0.29796568
0.33764582 0.28405262 0.30537592 0.41796325 0.25366012 0.36614373 0.26458193 0.27249494 0.25887908 0.29796568
0.33764582 0.28405262 0.30537592 0.41796325 0.25366012 0.36614373 0.26458193 0.27249494 0.25887908 0.29796568
0.34316400 0.27721732 0.30261198 0.42205504 0.25481891 0.35983283 0.26633235 0.27565956 0.25899450 0.30764711
0.34316400 0.27721732 0.30261198 0.42205504 0.25481891 0.35983283 0.26633235 0.27565956 0.25899450 0.30764711
0.34316400 0.27721732 0.30261198 0.42205504 0.25481891 0.35983283 0.26633235 0.27565956 0.25899450 0.30764711
0.34316400 0.27721732 0.30261198 0.42205504 0.25481891 0.35983283 0.26633235 0.27565956 0.25899450 0.30764711
0.34316400 0.27721732 0.30261198 0.42205504 0.25481891 0.35983283 0.26633235 0.27565956 0.25899450 0.30764711
