0.00000000 0.00000000 0.00000000 0.00000000 0.00000000 0.00000000 0.00000000 0.00000000 0.00000000 0.00000000
0.00000000 0.00000000 0.00000000 0.00000000 0.00000000 0.00000000 0.00000000 0.00000000 0.00000000 0.00000000
0.00000000 0.00000000 0.00000000 0.00000000 0.00000000 0.00000000 0.00000000 0.00000000 0.00000000 0.00000000
0.00000000 0.00000000 0.00000000 0.00000000 0.00000000 0.00000000 0.00000000 0.00000000 0.00000000 0.00000000
0.00000000 0.00000000 0.00000000 0.00000000 0.00000000 0.00000000 0.00000000 0.00000000 0.00000000 0.00000000
0.00000000 0.00000000 0.00000000 0.00000000 0.00000000 0.00000000 0.00000000 0.00000000 0.00000000 0.00000000
0.00000000 0.00000000 0.00000000 0.00000000 0.00000000 0.00000000 0.00000000 0.00000000 0.00000000 0.00000000
0.00000000 0.00000000 0.00000000 0.00000000 0.00000000 0.00000000 0.00000000 0.00000000 0.00000000 0.00000000
0.00000000 0.00000000 0.00000000 0.00000000 0.00000000 0.00000000 0.00000000 0.00000000 0.00000000 0.00000000
0.00000000 0.00000000 0.00000000 0.00000000 0.00000000 0.00000000 0.00000000 0.00000000 0.00000000 0.00000000
0.00000000 0.00000000 0.00000000 0.00000000 0.00000000 0.00000000 0.00000000 0.00000000 0.00000000 0.00000000
0.00000000 0.00000000 0.00000000 0.00000000 0.00000000 0.00000000 0.00000000 0.00000000 0.00000000 0.00000000
0.00000000 0.00000000 0.00000000 0.00000000 0.00000000 0.00000000 0.00000000 0.00000000 0.00000000 0.00000000
0.00000000 0.00000000 0.00000000 0.00000000 0.00000000 0.00000000 0.00000000 0.00000000 0.00000000 0.00000000
0.00000000 0.00000000 0.00000000 0.00000000 0.00000000 0.00000000 0.00000000 0.00000000 0.00000000 0.00000000
0.00000000 0.00000000 0.00000000 0.00000000 0.00000000 0.00000000 0.00000000 0.00000000 0.00000000 0.00000000
0.00000000 0.00000000 0.00000000 0.00000000 0.00000000 0.00000000 0.00000000 0.00000000 0.00000000 0.00000000
0.00000000 0.00000000 0.00000000 0.00000000 0.00000000 0.00000000 0.00000000 0.00000000 0.00000000 0.00000000
0.00000000 0.00000000 0.00000000 0.00000000 0.00000000 0.00000000 0.00000000 0.00000000 0.00000000 0.00000000
0.00000000 0.00000000 0.00000000 0.00000000 0.00000000 0.00000000 0.00000000 0.00000000 0.00000000 0.00000000
0.00000000 0.00000000 0.00000000 0.00000000 0.00000000 0.00000000 0.00000000 0.00000000 0.00000000 0.00000000
0.00000000 0.00000000 0.00000000 0.00000000 0.00000000 0.00000000 0.00000000 0.00000000 0.00000000 0.00000000
0.00000000 0.00000000 0.00000000 0.00000000 0.00000000 0.00000000 0.00000000 0.00000000 0.00000000 0.00000000
0.00000000 0.00000000 0.00000000 0.00000000 0.00000000 0.00000000 0.00000000 0.00000000 0.00000000 0.00000000
0.00000000 0.00000000 0.00000000 0.00000000 0.00000000 0.00000000 0.00000000 0.00000000 0.00000000 0.00000000
0.00000000 0.00000000 0.00000000 0.00000000 0.00000000 0.00000000 0.00000000 0.00000000 0.00000000 0.00000000
0.00000000 0.00000000 0.00000000 0.00000000 0.00000000 0.00000000 0.00000000 0.00000000 0.00000000 0.00000000
0.00000000 0.00000000 0.00000000 0.00000000 0.00000000 0.00000000 0.00000000 0.00000000 0.00000000 0.00000000
0.00000000 0.00000000 0.00000000 0.00000000 0.00000000 0.00000000 0.00000000 0.00000000 0.00000000 0.00000000
0.00000000 0.00000000 0.00000000 0.00000000 0.00000000 0.00000000 0.00000000 0.00000000 0.00000000 0.00000000
0.00000000 0.00000000 0.00000000 0.00000000 0.00000000 0.00000000 0.00000000 0.00000000 0.00000000 0.00000000
0.37036558 0.26130115 0.28558318 0.31439532 0.30517362 0.31293782 0.37970951 0.35717592 0.25438960 0.26455919
0.37036558 0.26130115 0.28558318 0.31439532 0.30517362 0.31293782 0.37970951 0.35717592 0.25438960 0.26455919
0.37036558 0.26130115 0.28558318 0.31439532 0.30517362 0.31293782 0.37970951 0.35717592 0.25438960 0.26455919
0.37036558 0.26130115 0.28558318 0.31439532 0.30517362 0.31293782 0.37970951 0.35717592 0.25438960 0.26455919
0.37036558 0.26130115 0.28558318 0.31439532 0.30517362 0.31293782 0.37970951 0.35717592 0.25438960 0.26455919
0.37036558 0.26130115 0.28558318 0.31439532 0.30517362 0.31293782 0.37970951 0.35717592 0.25438960 0.26455919
0.37036558 0.26130115 0.28558318 0.31439532 0.30517362 0.31293782 0.37970951 0.35717592 0.25438960 0.26455919
0.37036558 0.26130115 0.28558318 0.31439532 0.30517362 0.31293782 0.37970951 0.35717592 0.25438960 0.26455919
0.37036558 0.26130115 0.28558318 0.31439532 0.30517362 0.31293782 0.37970951 0.35717592 0.25438960 0.26455919
0.37036558 0.26130115 0.28558318 0.31439532 0.30517362 0.31293782 0.37970951 0.35717592 0.25438960 0.26455919
0.37036558 0.26130115 0.28558318 0.31439532 0.30517362 0.31293782 0.37970951 0.35717592 0.25438960 0.26455919
0.37036558 0.26130115 0.28558318 0.31439532 0.30517362 0.31293782 0.37970951 0.35717592 0.25438960 0.26455919
0.37036558 0.26130115 0.28558318 0.31439532 0.30517362 0.31293782 0.37970951 0.35717592 0.25438960 0.26455919
0.37036558 0.26130115 0.28558318 0.31439532 0.30517362 0.31293782 0.37970951 0.35717592 0.25438960 0.26455919
0.37036558 0.26130115 0.28558318 0.31439532 0.30517362 0.31293782 0.37970951 0.35717592 0.25438960 0.26455919
0.36181511 0.25827499 0.28583288 0.31889948 0.30557006 0.31064528 0.38343175 0.35851922 0.25424689 0.26612092
0.36181511 0.25827499 0.28583288 0.31889948 0.30557006 0.31064528 0.38343175 0.35851922 0.25424689 0.26612092
0.36181511 0.25827499 0.28583288 0.31889948 0.30557006 0.31064528 0.38343175 0.35851922 0.25424689 0.26612092
0.36181511 0.25827499 0.28583288 0.31889948 0.30557006 0.31064528 0.38343175 0.35851922 0.25424689 0.26612092
0.36181511 0.25827499 0.28583288 0.31889948 0.30557006 0.31064528 0.38343175 0.35851922 0.25424689 0.26612092
0.36181511 0.25827499 0.28583288 0.31889948 0.30557006 0.31064528 0.38343175 0.35851922 0.25424689 0.26612092
0.36181511 0.25827499 0.28583288 0.31889948 0.30557006 0.31064528 0.38343175 0.35851922 0.25424689 0.26612092
0.36181511 0.25827499 0.28583288 0.31889948 0.30557006 0.31064528 0.38343175 0.35851922 0.25424689 0.26612092
0.36181511 0.25827499 0.28583288 0.31889948 0.30557006 0.31064528 0.38343175 0.35851922 0.25424689 0.26612092
0.36181511 0.25827499 0.28583288 0.31889948 0.30557006 0.31064528 0.38343175 0.35851922 0.25424689 0.26612092
0.36181511 0.25827499 0.28583288 0.31889948 0.30557006 0.31064528 0.38343175 0.35851922 0.25424689 0.26612092
0.36775850 0.25598693 0.28427503 0.32242494 0.31163095 0.30730548 0.38536417 0.36292295 0.25335669 0.27200679
0.36775850 0.25598693 0.28427503 0.32242494 0.31163095 0.30730548 0.38536417 0.36292295 0.25335669 0.27200679
0.36775850 0.25598693 0.28427503 0.32242494 0.31163095 0.30730548 0.38536417 0.36292295 0.25335669 0.27200679
0.36775850 0.25598693 0.28427503 0.32242494 0.31163095 0.30730548 0.38536417 0.36292295 0.25335669 0.27200679
0.36775850 0.25598693 0.28427503 0.32242494 0.31163095 0.30730548 0.38536417 0.36292295 0.25335669 0.27200679
