-100.0000 -100.0000
-1.3039 0.0000
-0.7777 0.0000
-0.7109 0.0000
-1.7181 0.0000
-1.0311 0.0000
-0.9429 0.0000
-1.9680 0.0000
-0.6798 0.0000
-1.2912 0.0000
-1.8938 0.0000
-1.3802 0.0000
-1.2297 0.0000
-0.9626 0.0000
-1.0691 0.0000
-1.4040 0.0000
-1.1963 0.0000
-1.0044 0.0000
-1.1306 0.0000
-1.2339 0.0000
-1.7754 0.0000
-0.7680 0.0000
-2.3235 0.0000
-1.4567 0.0000
-2.4266 0.0000
-1.0118 0.0000
-1.4713 0.0000
-1.4348 0.0000
-2.1924 0.0000
-1.6212 0.0000
-1.9875 0.0000
-1.1760 0.0000
-1.4187 0.0000
-2.1859 0.0000
-1.7222 0.0000
-1.7267 0.0000
-1.9007 0.0000
-1.5043 0.0000
-1.5665 0.0000
-1.9092 0.0000
-1.0441 0.0000
-1.6260 0.0000
-2.0989 0.0000
-1.0587 0.0000
-1.3220 0.0000
-2.2073 0.0000
-0.9159 0.0000
-0.8777 0.0000
-0.7436 0.0000
-0.8857 0.0000
-1.0748 0.0000
-0.7950 0.0000
-0.4919 0.0000
-0.9424 0.0000
-0.8228 0.0000
-0.6940 0.0000
-0.7775 0.0000
-0.6551 0.0000
-0.3681 0.0000
-0.4619 0.0000
-0.8456 0.0000
-0.6392 0.0000
