-100.0000 -100.0000
-1.6371 0.0000
-0.9337 0.0000
-0.8604 0.0000
-2.1980 0.0000
-1.2879 0.0000
-1.2064 0.0000
-2.8341 0.0000
-0.9569 0.0000
-1.8401 0.0000
-2.7045 0.0000
-1.9735 0.0000
-1.7551 0.0000
-1.3587 0.0000
-1.5166 0.0000
-1.9908 0.0000
-1.6941 0.0000
-1.4236 0.0000
-1.6317 0.0000
-1.6035 0.0000
-2.1245 0.0000
-0.8275 0.0000
-2.8183 0.0000
-1.7121 0.0000
-2.9555 0.0000
-1.1476 0.0000
-1.7156 0.0000
-1.6916 0.0000
-2.6647 0.0000
-1.9199 0.0000
-2.3914 0.0000
-1.1452 0.0000
-1.4863 0.0000
-2.4049 0.0000
-1.8169 0.0000
-1.8425 0.0000
-2.0234 0.0000
-1.5771 0.0000
-1.5818 0.0000
-2.5578 0.0000
-1.3844 0.0000
-2.1486 0.0000
-2.8135 0.0000
-1.4041 0.0000
-1.7384 0.0000
-2.9573 0.0000
-1.2197 0.0000
-1.6205 0.0000
-1.3777 0.0000
-1.6127 0.0000
-1.9507 0.0000
-1.4671 0.0000
-0.9441 0.0000
-1.7306 0.0000
-1.5096 0.0000
-1.2953 0.0000
-1.4341 0.0000
-0.8724 0.0000
-1.1933 0.0000
-1.4034 0.0000
-2.2956 0.0000
-1.8181 0.0000
