-100.0000 -100.0000
-2.1477 0.0000
-1.3510 0.0000
-1.2687 0.0000
-2.7846 0.0000
-1.7349 0.0000
-1.0979 0.0000
-2.9795 0.0000
-1.0945 0.0000
-1.9740 0.0000
-2.8349 0.0000
-2.1071 0.0000
-1.8896 0.0000
-1.5039 0.0000
-1.6589 0.0000
-2.1430 0.0000
-1.8324 0.0000
-1.5651 0.0000
-1.7533 0.0000
-1.2459 0.0000
-2.2656 0.0000
-0.9741 0.0000
-2.9673 0.0000
-1.8535 0.0000
-3.1092 0.0000
-1.2904 0.0000
-1.8733 0.0000
-1.8229 0.0000
-2.8030 0.0000
-2.0684 0.0000
-2.5479 0.0000
-0.9042 0.0000
-1.6146 0.0000
-2.5327 0.0000
-1.9448 0.0000
-1.9702 0.0000
-2.1567 0.0000
-1.7051 0.0000
-1.2626 0.0000
-2.1738 0.0000
-1.1691 0.0000
-1.8387 0.0000
-2.4123 0.0000
-1.1959 0.0000
-1.4865 0.0000
-2.5319 0.0000
-0.6717 0.0000
-1.4659 0.0000
-1.2463 0.0000
-1.4534 0.0000
-1.7525 0.0000
-1.3214 0.0000
-0.8585 0.0000
-1.5596 0.0000
-1.3681 0.0000
-1.1701 0.0000
-1.3017 0.0000
-0.4412 0.0000
-0.8504 0.0000
-1.0102 0.0000
-1.6932 0.0000
-1.3256 0.0000
