0.4422 0.7539 0.3590 0.7348 0.3866 0.6590 0.4643 0.6133 0.5312 0.5482
0.7729 0.3696 0.6545 0.4138 0.6606 0.5033 0.5883 0.5377 0.5608 0.6208
0.2999 0.5857 0.4885 0.6809 0.5116 0.6248 0.5611 0.5202 0.6020 0.5170
0.6299 0.4652 0.6433 0.5252 0.6483 0.5670 0.5127 0.5545 0.5091 0.6423
0.5116 0.8514 0.4626 0.6897 0.4623 0.5172 0.4916 0.5078 0.6309 0.5199
0.7576 0.3925 0.6121 0.5950 0.5832 0.5563 0.4600 0.6365 0.4371 0.5838
0.2893 0.6097 0.5355 0.6629 0.5011 0.6098 0.5670 0.5032 0.6191 0.5128
0.7474 0.4345 0.6649 0.4487 0.6449 0.5022 0.5536 0.5394 0.5507 0.6214
0.4518 0.7578 0.3949 0.6845 0.4375 0.6141 0.5199 0.5558 0.5941 0.5420
0.7747 0.3056 0.5793 0.4694 0.6483 0.5571 0.5697 0.5901 0.5072 0.6174
0.1322 0.3193 0.6874 0.6755 0.6504 0.5957 0.6183 0.4326 0.6343 0.4614
0.3248 0.6613 0.6356 0.7440 0.5291 0.6852 0.3983 0.6030 0.4250 0.6067
0.5528 0.6238 0.7726 0.6778 0.6305 0.4037 0.5581 0.4450 0.6236 0.3866
0.6033 0.8228 0.4347 0.7791 0.3505 0.6127 0.3428 0.6644 0.4462 0.5500
0.7263 0.5461 0.7708 0.4219 0.5951 0.4410 0.5925 0.4754 0.6290 0.5528
0.5494 0.8227 0.3092 0.7403 0.3377 0.6610 0.4317 0.6461 0.5110 0.5647
0.7682 0.3384 0.6372 0.4331 0.6435 0.5272 0.5962 0.5558 0.5480 0.6040
0.2046 0.4507 0.6014 0.6596 0.5736 0.6126 0.5948 0.4748 0.6227 0.4988
0.3466 0.6615 0.6886 0.6687 0.6030 0.6378 0.4241 0.5483 0.4706 0.6462
0.7170 0.6330 0.8145 0.4715 0.7153 0.3132 0.5546 0.3957 0.6654 0.5252
0.5536 0.8771 0.3867 0.7792 0.3029 0.6246 0.3657 0.6493 0.4913 0.5379
0.7537 0.4648 0.7783 0.3902 0.6263 0.4382 0.6055 0.4839 0.6158 0.5685
0.4067 0.7164 0.3857 0.7240 0.4120 0.6548 0.4840 0.5959 0.5437 0.5430
0.7575 0.3894 0.6604 0.4209 0.6633 0.5045 0.5789 0.5336 0.5594 0.6268
0.4128 0.7222 0.4103 0.6859 0.4492 0.6217 0.5303 0.5508 0.5943 0.5355
0.7730 0.3164 0.5915 0.4547 0.6560 0.5474 0.5746 0.5780 0.5190 0.6229
0.2286 0.5170 0.5704 0.6921 0.5595 0.6033 0.5768 0.4836 0.6178 0.4836
0.5630 0.5675 0.6595 0.6184 0.5990 0.5813 0.4401 0.5777 0.4697 0.6256
0.5745 0.8574 0.5477 0.6416 0.5220 0.4431 0.4888 0.4678 0.6535 0.5326
0.7311 0.5360 0.6797 0.6099 0.5337 0.5161 0.4385 0.6096 0.4680 0.5568
0.5021 0.8074 0.4005 0.6549 0.3824 0.6161 0.5208 0.5648 0.6019 0.5531
0.7642 0.3611 0.6432 0.4549 0.6307 0.5255 0.5767 0.5627 0.5378 0.5984
0.2453 0.5187 0.5579 0.6614 0.5391 0.6178 0.5813 0.4939 0.6165 0.5099
0.4550 0.6143 0.6945 0.5993 0.6314 0.5913 0.4559 0.5337 0.4990 0.6519
0.6518 0.8050 0.5961 0.5606 0.5753 0.4206 0.5065 0.4614 0.6510 0.5705
0.6750 0.6953 0.6319 0.6095 0.4662 0.5227 0.4647 0.5781 0.5335 0.5488
0.6121 0.7291 0.5288 0.5672 0.4531 0.5575 0.5464 0.5425 0.6058 0.5609
0.7017 0.5413 0.5424 0.5412 0.5322 0.5658 0.5414 0.5810 0.5430 0.5854
0.5912 0.7593 0.3860 0.6238 0.4073 0.6199 0.5263 0.5862 0.5790 0.5756
0.7444 0.4016 0.6221 0.4504 0.6116 0.5329 0.5945 0.5510 0.5622 0.5950
0.5080 0.8081 0.3660 0.6615 0.3738 0.6318 0.5177 0.5778 0.5935 0.5607
0.7726 0.3103 0.6137 0.4293 0.6533 0.5395 0.6032 0.5624 0.5424 0.6113
0.1552 0.3550 0.6599 0.6576 0.6225 0.6057 0.6138 0.4479 0.6309 0.4828
0.3277 0.6076 0.6421 0.7050 0.5632 0.6861 0.4407 0.5845 0.4466 0.6166
0.4706 0.6066 0.7086 0.7575 0.5614 0.4901 0.5635 0.4936 0.5879 0.3424
0.7456 0.5852 0.6991 0.6156 0.5614 0.4834 0.4044 0.5935 0.4673 0.5784
0.5264 0.8466 0.4576 0.6649 0.4017 0.5853 0.5131 0.5106 0.6461 0.5173
0.7528 0.4404 0.6650 0.5516 0.5835 0.5209 0.4872 0.5980 0.4838 0.5773
0.3813 0.6817 0.4164 0.6862 0.4424 0.6438 0.5284 0.5629 0.5792 0.5418
0.7601 0.3764 0.6540 0.4195 0.6658 0.5085 0.5823 0.5364 0.5573 0.6276
0.3956 0.7049 0.4197 0.6856 0.4563 0.6234 0.5348 0.5473 0.5951 0.5327
0.7682 0.3260 0.5981 0.4525 0.6583 0.5442 0.5733 0.5730 0.5224 0.6255
0.2901 0.6171 0.5147 0.6990 0.5153 0.6036 0.5561 0.5059 0.6115 0.4937
0.7212 0.4466 0.6396 0.5359 0.6208 0.5368 0.4912 0.5835 0.4903 0.6166
0.4556 0.8036 0.4300 0.7031 0.4454 0.5734 0.5079 0.5329 0.6108 0.5164
0.7643 0.3662 0.5952 0.5661 0.6021 0.5591 0.4846 0.6284 0.4506 0.5959
0.1149 0.2778 0.7173 0.6650 0.6698 0.5932 0.6295 0.4190 0.6400 0.4590
0.3042 0.6639 0.6299 0.7481 0.5203 0.6964 0.4070 0.6023 0.4285 0.6019
0.5030 0.6156 0.7265 0.7289 0.5833 0.4625 0.5601 0.4791 0.5993 0.3628
0.6944 0.6805 0.6152 0.6831 0.4782 0.5335 0.3834 0.6214 0.4584 0.5624
0.6044 0.7766 0.5705 0.5807 0.4526 0.5356 0.5380 0.5084 0.6347 0.5359
0.7204 0.5319 0.6249 0.5707 0.5388 0.5352 0.4904 0.5928 0.5060 0.5711
0.5703 0.7911 0.3324 0.6626 0.3762 0.6436 0.5048 0.6057 0.5652 0.5760
0.7656 0.3305 0.6265 0.4325 0.6431 0.5346 0.6025 0.5574 0.5488 0.6041
0.3898 0.7158 0.4437 0.6625 0.4358 0.6249 0.5430 0.5425 0.6051 0.5389
0.7685 0.3531 0.6414 0.4172 0.6670 0.5147 0.5890 0.5428 0.5539 0.6263
0.3380 0.6387 0.4587 0.6831 0.4867 0.6252 0.5505 0.5320 0.5992 0.5233
0.7077 0.3957 0.6253 0.4810 0.6569 0.5499 0.5455 0.5593 0.5205 0.6360
0.4556 0.8096 0.4330 0.7061 0.4446 0.5693 0.5067 0.5306 0.6128 0.5125
0.7638 0.3689 0.5956 0.5708 0.5999 0.5594 0.4805 0.6303 0.4478 0.5949
0.1161 0.2806 0.7159 0.6647 0.6682 0.5934 0.6290 0.4198 0.6399 0.4596
0.3036 0.6664 0.6319 0.7472 0.5216 0.6951 0.4064 0.6008 0.4295 0.6030
0.5118 0.6161 0.7297 0.7205 0.5882 0.4570 0.5599 0.4763 0.6017 0.3688
0.6809 0.7056 0.5893 0.6978 0.4582 0.5454 0.3789 0.6270 0.4582 0.5597
0.6264 0.7455 0.6090 0.5540 0.4757 0.5191 0.5472 0.5028 0.6339 0.5387
0.6963 0.5922 0.5731 0.6009 0.5034 0.5561 0.4804 0.6018 0.5073 0.5700
0.6133 0.7299 0.3872 0.6225 0.4212 0.6217 0.5212 0.5964 0.5631 0.5804
0.7375 0.4243 0.6136 0.4589 0.6006 0.5357 0.5908 0.5517 0.5642 0.5933
0.5218 0.8111 0.3601 0.6598 0.3711 0.6323 0.5162 0.5814 0.5913 0.5635
0.7713 0.3106 0.6140 0.4308 0.6516 0.5405 0.6035 0.5628 0.5422 0.6098
0.2111 0.4672 0.5986 0.6586 0.5668 0.6109 0.5928 0.4759 0.6238 0.4996
0.3415 0.6611 0.6865 0.6729 0.6008 0.6416 0.4232 0.5503 0.4683 0.6453
0.7078 0.6314 0.8129 0.4849 0.7108 0.3182 0.5552 0.3985 0.6629 0.5158
0.5529 0.8775 0.3826 0.7829 0.3016 0.6268 0.3622 0.6520 0.4878 0.5380
0.7537 0.4668 0.7802 0.3898 0.6261 0.4368 0.6053 0.4828 0.6167 0.5679
0.4021 0.7127 0.3885 0.7263 0.4137 0.6549 0.4825 0.5961 0.5421 0.5418
0.7556 0.3932 0.6615 0.4223 0.6628 0.5043 0.5774 0.5331 0.5594 0.6270
0.4207 0.7301 0.4063 0.6859 0.4460 0.6207 0.5282 0.5523 0.5941 0.5367
0.7741 0.3131 0.5887 0.4564 0.6549 0.5492 0.5747 0.5802 0.5172 0.6219
0.2047 0.4727 0.5954 0.6889 0.5792 0.6023 0.5857 0.4732 0.6210 0.4790
0.4744 0.6199 0.6641 0.6626 0.5838 0.6088 0.4154 0.5794 0.4557 0.6270
0.6593 0.7791 0.7242 0.5449 0.6420 0.3461 0.5173 0.4121 0.6724 0.5304
0.6338 0.7752 0.5188 0.7276 0.3873 0.5787 0.3799 0.6408 0.4691 0.5428
0.6997 0.5705 0.6881 0.4612 0.5590 0.4885 0.5833 0.5089 0.6103 0.5651
0.5767 0.7922 0.3265 0.6839 0.3696 0.6485 0.4822 0.6212 0.5441 0.5751
0.7653 0.3334 0.6288 0.4325 0.6422 0.5333 0.6020 0.5566 0.5496 0.6035
0.3929 0.7183 0.4407 0.6628 0.4341 0.6255 0.5422 0.5438 0.6045 0.5396
0.7700 0.3505 0.6403 0.4165 0.6668 0.5150 0.5901 0.5434 0.5539 0.6257
0.3251 0.6221 0.4686 0.6823 0.4944 0.6251 0.5541 0.5281 0.6003 0.5211
0.6790 0.4223 0.6325 0.4973 0.6542 0.5561 0.5331 0.5570 0.5165 0.6388
0.4805 0.8304 0.4394 0.7015 0.4474 0.5507 0.4995 0.5239 0.6190 0.5154
0.7617 0.3712 0.5947 0.5836 0.5938 0.5628 0.4717 0.6365 0.4395 0.5914
0.1583 0.3783 0.6648 0.6622 0.6168 0.5981 0.6101 0.4453 0.6342 0.4771
0.3540 0.6817 0.6712 0.6969 0.5630 0.6445 0.4116 0.5677 0.4600 0.6255
0.7154 0.6395 0.8099 0.4749 0.7113 0.3163 0.5522 0.3981 0.6642 0.5268
0.5543 0.8767 0.3841 0.7838 0.3014 0.6267 0.3602 0.6536 0.4851 0.5379
0.7537 0.4640 0.7774 0.3905 0.6263 0.4388 0.6055 0.4844 0.6154 0.5687
0.4091 0.7185 0.3841 0.7232 0.4110 0.6548 0.4843 0.5962 0.5442 0.5436
0.7588 0.3874 0.6597 0.4201 0.6635 0.5045 0.5798 0.5339 0.5595 0.6266
0.4076 0.7168 0.4130 0.6858 0.4514 0.6223 0.5316 0.5498 0.5944 0.5347
0.7720 0.3189 0.5933 0.4538 0.6567 0.5464 0.5744 0.5766 0.5200 0.6236
0.2451 0.5456 0.5543 0.6941 0.5469 0.6037 0.5710 0.4901 0.6159 0.4866
0.6198 0.5291 0.6544 0.5892 0.6076 0.5648 0.4575 0.5780 0.4781 0.6234
0.5395 0.8578 0.4871 0.6709 0.4817 0.4904 0.4883 0.4944 0.6393 0.5290
0.7513 0.4350 0.6475 0.5944 0.5708 0.5374 0.4549 0.6243 0.4495 0.5736
0.4001 0.7388 0.4498 0.6634 0.4277 0.6169 0.5391 0.5400 0.6091 0.5354
0.7716 0.3796 0.6511 0.4390 0.6414 0.5089 0.5743 0.5511 0.5481 0.6089
0.1408 0.3079 0.6604 0.6676 0.6449 0.6120 0.6179 0.4470 0.6247 0.4780
0.3626 0.5732 0.6252 0.6938 0.5654 0.6843 0.4523 0.5917 0.4464 0.6140
0.4612 0.6136 0.7419 0.7644 0.5798 0.4614 0.5624 0.4748 0.5987 0.3236
0.7318 0.6109 0.6774 0.6470 0.5341 0.5027 0.3864 0.6104 0.4505 0.5783
0.5444 0.8368 0.4755 0.6487 0.4050 0.5766 0.5156 0.5165 0.6393 0.5244
0.7499 0.4493 0.6700 0.5451 0.5813 0.5177 0.4937 0.5919 0.4925 0.5754
0.4674 0.7640 0.3568 0.6853 0.3926 0.6490 0.5104 0.5881 0.5727 0.5579
0.7767 0.3345 0.6344 0.4164 0.6600 0.5194 0.5984 0.5490 0.5532 0.6173
0.1675 0.3660 0.6274 0.6693 0.6159 0.6141 0.6066 0.4616 0.6213 0.4860
0.3627 0.5870 0.6349 0.6884 0.5752 0.6757 0.4462 0.5845 0.4496 0.6222
0.5174 0.6168 0.7729 0.7123 0.6193 0.4155 0.5610 0.4499 0.6179 0.3563
0.6455 0.7644 0.5148 0.7444 0.4044 0.5810 0.3549 0.6503 0.4441 0.5574
0.6835 0.6427 0.7061 0.4811 0.5420 0.4751 0.5718 0.4874 0.6313 0.5459
0.6054 0.7678 0.3846 0.7012 0.3843 0.6291 0.4432 0.6353 0.5072 0.5673
0.7515 0.3877 0.6295 0.4520 0.6174 0.5307 0.5888 0.5553 0.5539 0.5957
0.4985 0.7999 0.3653 0.6640 0.3782 0.6345 0.5188 0.5778 0.5920 0.5601
0.7735 0.3124 0.6157 0.4276 0.6544 0.5372 0.6027 0.5610 0.5435 0.6122
0.1311 0.3003 0.6888 0.6578 0.6509 0.6036 0.6245 0.4340 0.6341 0.4741
0.3476 0.5572 0.6131 0.7076 0.5469 0.7019 0.4610 0.6024 0.4404 0.5995
0.3726 0.6216 0.6757 0.8326 0.5101 0.5449 0.5626 0.5173 0.5639 0.2839
0.7238 0.5839 0.6509 0.6625 0.5564 0.5207 0.3937 0.6124 0.4391 0.5829
0.5001 0.8614 0.4060 0.7793 0.4624 0.6099 0.4632 0.4626 0.6666 0.4461
0.7456 0.5068 0.6824 0.6404 0.5423 0.5182 0.4011 0.6337 0.4280 0.5594
0.3141 0.6091 0.4608 0.7145 0.4745 0.6454 0.5154 0.5596 0.5608 0.5251
0.7268 0.4333 0.6701 0.4441 0.6559 0.5091 0.5591 0.5311 0.5544 0.6291
0.4861 0.7894 0.3869 0.6817 0.4297 0.6026 0.5111 0.5562 0.5971 0.5469
0.7732 0.3008 0.5715 0.4818 0.6430 0.5646 0.5645 0.5984 0.4982 0.6143
0.1171 0.2854 0.7153 0.6661 0.6667 0.5922 0.6281 0.4198 0.6403 0.4586
0.3055 0.6607 0.6264 0.7504 0.5176 0.6985 0.4067 0.6053 0.4262 0.6000
0.4908 0.6154 0.7229 0.7401 0.5770 0.4692 0.5604 0.4823 0.5963 0.3542
0.7107 0.6493 0.6449 0.6649 0.5029 0.5190 0.3883 0.6147 0.4582 0.5666
0.5781 0.8078 0.5261 0.6113 0.4281 0.5544 0.5277 0.5136 0.6362 0.5318
0.7383 0.4833 0.6592 0.5500 0.5656 0.5210 0.4961 0.5883 0.5023 0.5726
0.5380 0.8061 0.3208 0.6793 0.3639 0.6508 0.5000 0.6053 0.5677 0.5709
0.7714 0.3167 0.6207 0.4288 0.6512 0.5360 0.6028 0.5598 0.5449 0.6093
0.1737 0.3934 0.6379 0.6581 0.6029 0.6079 0.6063 0.4582 0.6281 0.4891
0.3229 0.6384 0.6627 0.6973 0.5775 0.6705 0.4291 0.5702 0.4536 0.6293
0.5730 0.6139 0.7559 0.6567 0.6256 0.4166 0.5605 0.4547 0.6193 0.4097
0.6061 0.8200 0.4493 0.7621 0.3599 0.6026 0.3600 0.6502 0.4651 0.5476
0.7209 0.5598 0.7655 0.4280 0.5890 0.4437 0.5907 0.4751 0.6310 0.5512
0.5557 0.8207 0.3129 0.7383 0.3396 0.6590 0.4312 0.6464 0.5098 0.5652
0.7674 0.3392 0.6375 0.4342 0.6422 0.5278 0.5961 0.5561 0.5479 0.6031
0.2537 0.5355 0.5527 0.6608 0.5317 0.6170 0.5790 0.4960 0.6169 0.5113
0.4620 0.6099 0.6939 0.5952 0.6329 0.5891 0.4582 0.5333 0.5003 0.6520
0.6434 0.8137 0.5767 0.5711 0.5627 0.4308 0.5035 0.4672 0.6490 0.5705
0.6864 0.6688 0.6526 0.5927 0.4837 0.5138 0.4730 0.5727 0.5352 0.5501
0.5885 0.7600 0.4882 0.5925 0.4286 0.5742 0.5376 0.5505 0.6045 0.5599
0.7302 0.4615 0.5977 0.5021 0.5760 0.5446 0.5570 0.5710 0.5418 0.5885
0.5460 0.8041 0.3500 0.6556 0.3738 0.6352 0.5152 0.5892 0.5841 0.5694
0.7682 0.3193 0.6200 0.4320 0.6472 0.5382 0.6034 0.5604 0.5452 0.6066
0.3359 0.6561 0.4862 0.6613 0.4704 0.6207 0.5565 0.5243 0.6105 0.5282
0.7069 0.4252 0.6625 0.4540 0.6641 0.5241 0.5544 0.5342 0.5451 0.6373
0.4893 0.7946 0.3849 0.6825 0.4269 0.6019 0.5102 0.5565 0.5978 0.5465
0.7733 0.2983 0.5698 0.4801 0.6440 0.5655 0.5665 0.5981 0.4989 0.6147
0.1181 0.2879 0.7144 0.6657 0.6653 0.5922 0.6277 0.4203 0.6403 0.4591
0.3047 0.6627 0.6277 0.7499 0.5183 0.6977 0.4063 0.6043 0.4269 0.6007
0.4964 0.6155 0.7246 0.7350 0.5799 0.4661 0.5603 0.4808 0.5977 0.3582
0.7033 0.6635 0.6317 0.6732 0.4916 0.5256 0.3861 0.6178 0.4583 0.5646
0.5899 0.7946 0.5457 0.5977 0.4386 0.5461 0.5322 0.5115 0.6354 0.5338
0.7315 0.5021 0.6471 0.5573 0.5555 0.5260 0.4944 0.5895 0.5044 0.5718
0.5520 0.8043 0.3215 0.6741 0.3656 0.6490 0.5008 0.6066 0.5665 0.5733
0.7697 0.3182 0.6215 0.4305 0.6489 0.5368 0.6031 0.5600 0.5452 0.6074
0.2619 0.5524 0.5487 0.6600 0.5244 0.6157 0.5768 0.4977 0.6176 0.5125
0.4619 0.6096 0.6938 0.5952 0.6333 0.5892 0.4580 0.5334 0.5001 0.6524
0.6424 0.8147 0.5745 0.5723 0.5612 0.4320 0.5031 0.4679 0.6488 0.5705
0.6877 0.6657 0.6549 0.5907 0.4857 0.5128 0.4740 0.5720 0.5354 0.5502
0.5860 0.7629 0.4841 0.5950 0.4261 0.5759 0.5368 0.5513 0.6044 0.5597
0.7326 0.4545 0.6021 0.4988 0.5798 0.5428 0.5583 0.5702 0.5416 0.5889
0.5421 0.8056 0.3492 0.6573 0.3727 0.6357 0.5149 0.5888 0.5846 0.5688
0.7689 0.3169 0.6187 0.4317 0.6482 0.5388 0.6035 0.5611 0.5444 0.6072
0.3111 0.6244 0.5065 0.6608 0.4876 0.6190 0.5630 0.5157 0.6129 0.5231
0.6402 0.4840 0.6746 0.4941 0.6570 0.5407 0.5248 0.5319 0.5332 0.6435
0.5354 0.8276 0.4002 0.6681 0.4382 0.5671 0.4989 0.5426 0.6097 0.5553
0.7675 0.3238 0.5934 0.4986 0.6290 0.5578 0.5499 0.5996 0.4940 0.6035
0.2342 0.5280 0.5880 0.6620 0.5439 0.6037 0.5832 0.4803 0.6261 0.4988
0.6315 0.5307 0.6734 0.5287 0.6233 0.5421 0.5031 0.5433 0.5247 0.6274
0.5710 0.8388 0.4383 0.6438 0.4680 0.5262 0.4934 0.5211 0.6229 0.5647
0.7558 0.4103 0.6691 0.5096 0.6013 0.5184 0.5266 0.5795 0.5099 0.5811
0.3956 0.7368 0.4554 0.6630 0.4298 0.6152 0.5402 0.5376 0.6106 0.5339
0.7718 0.3821 0.6519 0.4387 0.6418 0.5077 0.5733 0.5504 0.5485 0.6096
0.1520 0.3307 0.6447 0.6691 0.6330 0.6138 0.6127 0.4541 0.6222 0.4818
0.3612 0.5880 0.6346 0.6900 0.5732 0.6766 0.4460 0.5852 0.4492 0.6210
0.5128 0.6164 0.7698 0.7170 0.6156 0.4199 0.5611 0.4523 0.6161 0.3538
0.6534 0.7519 0.5307 0.7365 0.4154 0.5743 0.3581 0.6469 0.4447 0.5586
0.6726 0.6648 0.6878 0.4958 0.5286 0.4839 0.5667 0.4907 0.6316 0.5445
0.6232 0.7402 0.4183 0.6839 0.4053 0.6160 0.4499 0.6293 0.5072 0.5678
0.7384 0.4283 0.6105 0.4688 0.5967 0.5377 0.5819 0.5577 0.5567 0.5929
0.5296 0.8089 0.3532 0.6598 0.3712 0.6349 0.5153 0.5853 0.5880 0.5659
0.7705 0.3123 0.6156 0.4311 0.6505 0.5400 0.6035 0.5623 0.5429 0.6089
0.2437 0.5241 0.5665 0.6593 0.5388 0.6137 0.5823 0.4900 0.6200 0.5080
0.4002 0.6434 0.6954 0.6317 0.6214 0.6106 0.4377 0.5377 0.4864 0.6523
0.7166 0.7027 0.7498 0.4720 0.6778 0.3412 0.5367 0.4148 0.6647 0.5643
0.5927 0.8358 0.4703 0.7194 0.3521 0.5882 0.4080 0.6187 0.5175 0.5417
0.7359 0.4939 0.7528 0.4120 0.6061 0.4547 0.5999 0.4918 0.6139 0.5666
0.5372 0.8127 0.3089 0.7079 0.3517 0.6590 0.4724 0.6236 0.5441 0.5688
0.7724 0.3228 0.6261 0.4262 0.6519 0.5313 0.6017 0.5569 0.5475 0.6099
0.1309 0.2991 0.6884 0.6579 0.6512 0.6041 0.6245 0.4343 0.6337 0.4743
0.3433 0.5660 0.6177 0.7079 0.5489 0.6999 0.4575 0.5997 0.4411 0.6020
0.3854 0.6177 0.6784 0.8240 0.5156 0.5392 0.5631 0.5155 0.5666 0.2911
0.7502 0.5877 0.6797 0.6256 0.5854 0.4850 0.3925 0.5937 0.4549 0.5997
0.4895 0.8561 0.4066 0.7616 0.4524 0.6141 0.4788 0.4661 0.6691 0.4574
0.7501 0.4803 0.6607 0.6301 0.5538 0.5278 0.4129 0.6355 0.4289 0.5685
0.1777 0.3851 0.5992 0.7053 0.5893 0.6311 0.5643 0.4978 0.5828 0.4916
0.4091 0.6467 0.6917 0.6356 0.6051 0.6105 0.4416 0.5423 0.4886 0.6410
0.7247 0.6835 0.7700 0.4605 0.6918 0.3304 0.5412 0.4083 0.6659 0.5620
0.5825 0.8482 0.4477 0.7366 0.3379 0.5981 0.3960 0.6275 0.5099 0.5407
0.7424 0.4806 0.7622 0.4038 0.6140 0.4493 0.6025 0.4893 0.6141 0.5673
0.5222 0.8067 0.3146 0.7111 0.3558 0.6592 0.4727 0.6211 0.5442 0.5658
0.7741 0.3278 0.6300 0.4226 0.6542 0.5264 0.6005 0.5538 0.5500 0.6120
0.1168 0.2632 0.7034 0.6603 0.6705 0.6042 0.6312 0.4265 0.6342 0.4685
0.3716 0.5198 0.5938 0.7032 0.5404 0.7075 0.4760 0.6125 0.4386 0.5902
0.3309 0.6406 0.6770 0.8577 0.4987 0.5556 0.5591 0.5171 0.5582 0.2610
0.5846 0.5678 0.5146 0.8035 0.4233 0.6769 0.3986 0.6919 0.3665 0.5070
0.7014 0.6671 0.8068 0.6567 0.7430 0.3707 0.4745 0.3398 0.6893 0.4131
0.5715 0.8502 0.3506 0.8309 0.3045 0.6536 0.3044 0.7014 0.4111 0.5383
0.7544 0.4321 0.6781 0.5161 0.5956 0.5110 0.5163 0.5783 0.5094 0.5792
0.4128 0.7145 0.3920 0.6892 0.4224 0.6469 0.5186 0.5746 0.5740 0.5477
0.7707 0.3597 0.6482 0.4141 0.6650 0.5090 0.5897 0.5397 0.5578 0.6241
0.3258 0.6221 0.4679 0.6824 0.4945 0.6252 0.5538 0.5284 0.6000 0.5214
0.6880 0.4148 0.6308 0.4924 0.6548 0.5539 0.5366 0.5576 0.5178 0.6378
0.4738 0.8251 0.4367 0.7031 0.4460 0.5564 0.5014 0.5263 0.6171 0.5146
0.7623 0.3698 0.5942 0.5803 0.5956 0.5623 0.4742 0.6351 0.4415 0.5925
0.1419 0.3418 0.6842 0.6625 0.6354 0.5962 0.6170 0.4359 0.6365 0.4710
0.3206 0.6878 0.6604 0.7221 0.5469 0.6661 0.4038 0.5786 0.4470 0.6191
0.6603 0.6335 0.7926 0.5519 0.6799 0.3514 0.5543 0.4181 0.6478 0.4771
0.5569 0.8731 0.3742 0.7951 0.3022 0.6330 0.3477 0.6634 0.4700 0.5395
0.7514 0.4786 0.7868 0.3905 0.6236 0.4320 0.6043 0.4784 0.6206 0.5644
0.4383 0.7503 0.3617 0.7344 0.3890 0.6586 0.4657 0.6119 0.5320 0.5475
0.7721 0.3714 0.6552 0.4140 0.6609 0.5029 0.5876 0.5372 0.5609 0.6213
0.3126 0.6031 0.4781 0.6817 0.5034 0.6251 0.5575 0.5244 0.6008 0.5193
0.6664 0.4348 0.6362 0.5049 0.6523 0.5585 0.5272 0.5562 0.5146 0.6395
0.4899 0.8373 0.4444 0.6987 0.4505 0.5419 0.4970 0.5201 0.6221 0.5168
0.7608 0.3744 0.5968 0.5877 0.5912 0.5627 0.4683 0.6378 0.4374 0.5897
0.1890 0.4418 0.6308 0.6621 0.5853 0.6013 0.5984 0.4611 0.6302 0.4871
0.4625 0.6328 0.6786 0.6295 0.5923 0.5989 0.4449 0.5530 0.4886 0.6303
0.6963 0.7435 0.6993 0.5017 0.6429 0.3683 0.5247 0.4315 0.6594 0.5691
0.6198 0.7982 0.5198 0.6934 0.3848 0.5698 0.4191 0.6107 0.5161 0.5436
0.7112 0.5469 0.7116 0.4448 0.5743 0.4767 0.5889 0.5026 0.6121 0.5651
0.5650 0.8046 0.3151 0.6939 0.3594 0.6535 0.4773 0.6236 0.5439 0.5736
0.7683 0.3240 0.6260 0.4308 0.6466 0.5347 0.6026 0.5583 0.5470 0.6057
0.3100 0.6215 0.5060 0.6612 0.4887 0.6197 0.5632 0.5159 0.6124 0.5232
0.6452 0.4802 0.6740 0.4911 0.6575 0.5393 0.5269 0.5319 0.5342 0.6430
0.5329 0.8260 0.3985 0.6693 0.4369 0.5697 0.4995 0.5438 0.6088 0.5547
0.7681 0.3203 0.5897 0.4980 0.6302 0.5596 0.5509 0.6004 0.4934 0.6046
0.2226 0.5079 0.5991 0.6620 0.5538 0.6027 0.5869 0.4753 0.6274 0.4957
0.5885 0.5595 0.6754 0.5555 0.6157 0.5564 0.4872 0.5454 0.5154 0.6285
0.5960 0.8401 0.4769 0.6225 0.4958 0.4933 0.4928 0.5029 0.6331 0.5691
0.7414 0.4945 0.7090 0.5207 0.5730 0.4934 0.5106 0.5640 0.5259 0.5649
0.4760 0.7993 0.4078 0.6597 0.3882 0.6173 0.5237 0.5595 0.6044 0.5485
0.7661 0.3631 0.6437 0.4518 0.6331 0.5228 0.5764 0.5609 0.5394 0.6007
0.1423 0.3211 0.6710 0.6588 0.6382 0.6074 0.6190 0.4430 0.6302 0.4797
0.3249 0.6161 0.6466 0.7046 0.5647 0.6834 0.4378 0.5817 0.4479 0.6186
0.4901 0.6071 0.7171 0.7401 0.5731 0.4769 0.5630 0.4870 0.5936 0.3548
0.7261 0.6192 0.6733 0.6389 0.5298 0.5014 0.4005 0.6022 0.4668 0.5690
0.5542 0.8300 0.4909 0.6365 0.4111 0.5694 0.5203 0.5146 0.6398 0.5266
0.7473 0.4571 0.6699 0.5446 0.5781 0.5172 0.4954 0.5898 0.4961 0.5744
0.4975 0.7867 0.3384 0.6843 0.3774 0.6505 0.5048 0.5962 0.5706 0.5635
0.7752 0.3253 0.6276 0.4215 0.6563 0.5269 0.6007 0.5541 0.5494 0.6138
0.1223 0.2744 0.6938 0.6619 0.6642 0.6057 0.6281 0.4311 0.6323 0.4705
0.3739 0.5222 0.5958 0.7010 0.5437 0.7048 0.4746 0.6108 0.4395 0.5928
0.3430 0.6346 0.6826 0.8511 0.5053 0.5467 0.5605 0.5141 0.5624 0.2642
0.6394 0.5784 0.5646 0.7589 0.4679 0.6232 0.3924 0.6661 0.3901 0.5390
0.5797 0.8175 0.5527 0.7618 0.5677 0.5275 0.4499 0.4214 0.6684 0.4251
0.7108 0.6114 0.6439 0.6947 0.4829 0.5368 0.3699 0.6466 0.4225 0.5459
0.5862 0.7863 0.3604 0.6946 0.3744 0.6362 0.4608 0.6261 0.5277 0.5688
0.7592 0.3646 0.6378 0.4449 0.6287 0.5280 0.5907 0.5559 0.5500 0.5977
0.4546 0.7701 0.3924 0.6648 0.3994 0.6321 0.5277 0.5650 0.5964 0.5520
0.7766 0.3224 0.6241 0.4201 0.6596 0.5274 0.6003 0.5545 0.5485 0.6168
0.1418 0.3154 0.6637 0.6654 0.6420 0.6096 0.6182 0.4452 0.6273 0.4776
0.3689 0.5477 0.6110 0.6964 0.5564 0.6939 0.4631 0.6007 0.4430 0.6048
0.4002 0.6177 0.7096 0.8132 0.5392 0.5074 0.5629 0.4979 0.5795 0.2902
0.7654 0.5946 0.7011 0.6076 0.5939 0.4660 0.3829 0.5886 0.4565 0.6133
0.4856 0.8489 0.4240 0.7233 0.4314 0.6084 0.4990 0.4806 0.6642 0.4820
0.7547 0.4533 0.6495 0.5971 0.5715 0.5296 0.4438 0.6234 0.4483 0.5779
0.1225 0.2667 0.6760 0.6923 0.6557 0.6212 0.5996 0.4570 0.6015 0.4731
0.3198 0.6603 0.6701 0.6990 0.5720 0.6644 0.4238 0.5660 0.4577 0.6282
0.6243 0.6240 0.7784 0.5972 0.6579 0.3781 0.5574 0.4332 0.6361 0.4478
0.5683 0.8619 0.3878 0.7891 0.3153 0.6275 0.3498 0.6612 0.4678 0.5419
0.7458 0.4965 0.7897 0.3954 0.6179 0.4299 0.6021 0.4744 0.6250 0.5597
0.4977 0.8000 0.3234 0.7405 0.3544 0.6630 0.4459 0.6325 0.5211 0.5573
0.7746 0.3495 0.6442 0.4202 0.6531 0.5142 0.5945 0.5469 0.5553 0.6125
0.1354 0.2990 0.6704 0.6657 0.6501 0.6100 0.6209 0.4422 0.6272 0.4758
0.3669 0.5530 0.6135 0.6967 0.5573 0.6926 0.4609 0.5993 0.4435 0.6060
0.4092 0.6165 0.7139 0.8065 0.5448 0.5011 0.5629 0.4949 0.5821 0.2951
0.7651 0.5882 0.7031 0.6074 0.5916 0.4675 0.3847 0.5902 0.4560 0.6100
0.4895 0.8491 0.4290 0.7120 0.4236 0.6050 0.5026 0.4868 0.6611 0.4896
0.7551 0.4476 0.6503 0.5867 0.5755 0.5287 0.4536 0.6185 0.4554 0.5790
0.1368 0.2967 0.6561 0.6897 0.6393 0.6228 0.5956 0.4647 0.6013 0.4792
0.3268 0.6644 0.6776 0.6901 0.5806 0.6553 0.4231 0.5597 0.4625 0.6334
0.6639 0.6289 0.7958 0.5464 0.6834 0.3487 0.5560 0.4163 0.6490 0.4785
0.5569 0.8731 0.3769 0.7915 0.3037 0.6311 0.3518 0.6601 0.4746 0.5394
0.7512 0.4794 0.7872 0.3904 0.6234 0.4317 0.6043 0.4781 0.6209 0.5641
0.4406 0.7524 0.3601 0.7346 0.3875 0.6588 0.4649 0.6127 0.5315 0.5479
0.7726 0.3703 0.6548 0.4139 0.6607 0.5031 0.5880 0.5375 0.5609 0.6210
0.3052 0.5930 0.4842 0.6813 0.5081 0.6250 0.5596 0.5219 0.6015 0.5179
0.6458 0.4522 0.6403 0.5164 0.6501 0.5632 0.5189 0.5551 0.5116 0.6411
0.5027 0.8460 0.4539 0.6939 0.4566 0.5280 0.4937 0.5134 0.6270 0.5186
0.7591 0.3827 0.6036 0.5926 0.5869 0.5602 0.4634 0.6380 0.4363 0.5867
0.2440 0.5408 0.5760 0.6625 0.5363 0.6062 0.5802 0.4856 0.6238 0.5022
0.6738 0.4992 0.6712 0.5002 0.6316 0.5275 0.5204 0.5410 0.5344 0.6261
0.5438 0.8280 0.4092 0.6615 0.4463 0.5584 0.4976 0.5381 0.6118 0.5587
0.7653 0.3393 0.6059 0.5070 0.6222 0.5523 0.5404 0.5996 0.4920 0.5989
0.2682 0.5821 0.5565 0.6623 0.5165 0.6066 0.5730 0.4941 0.6224 0.5072
0.7170 0.4645 0.6679 0.4713 0.6390 0.5125 0.5383 0.5399 0.5437 0.6237
0.5053 0.8028 0.3901 0.6768 0.4322 0.5912 0.5063 0.5527 0.6003 0.5508
0.7712 0.3054 0.5729 0.4932 0.6372 0.5662 0.5562 0.6031 0.4917 0.6108
0.1377 0.3350 0.6911 0.6629 0.6400 0.5943 0.6188 0.4324 0.6380 0.4683
0.3102 0.6861 0.6525 0.7330 0.5380 0.6763 0.4019 0.5856 0.4404 0.6145
0.6194 0.6284 0.7754 0.6039 0.6542 0.3810 0.5559 0.4349 0.6347 0.4451
0.5685 0.8617 0.3854 0.7925 0.3140 0.6293 0.3459 0.6644 0.4633 0.5422
0.7460 0.4958 0.7895 0.3954 0.6180 0.4301 0.6021 0.4746 0.6248 0.5598
0.4966 0.7992 0.3240 0.7404 0.3550 0.6629 0.4463 0.6321 0.5213 0.5572
0.7747 0.3499 0.6444 0.4200 0.6533 0.5139 0.5944 0.5467 0.5554 0.6127
0.1374 0.3032 0.6674 0.6660 0.6479 0.6103 0.6199 0.4436 0.6267 0.4765
0.3663 0.5561 0.6153 0.6961 0.5587 0.6913 0.4596 0.5981 0.4439 0.6073
0.4168 0.6156 0.7180 0.8007 0.5499 0.4954 0.5629 0.4922 0.5845 0.2991
0.7630 0.5843 0.7035 0.6097 0.5872 0.4706 0.3861 0.5924 0.4551 0.6059
0.4945 0.8497 0.4327 0.7032 0.4169 0.6020 0.5047 0.4925 0.6579 0.4958
0.7551 0.4435 0.6518 0.5787 0.5783 0.5278 0.4614 0.6146 0.4611 0.5793
0.1598 0.3441 0.6258 0.6881 0.6143 0.6254 0.5878 0.4772 0.5992 0.4878
0.3464 0.6657 0.6875 0.6723 0.5938 0.6389 0.4253 0.5503 0.4715 0.6404
0.7137 0.6343 0.8126 0.4766 0.7127 0.3157 0.5541 0.3973 0.6642 0.5228
0.5534 0.8773 0.3844 0.7818 0.3019 0.6260 0.3629 0.6514 0.4884 0.5379
0.7537 0.4651 0.7786 0.3901 0.6263 0.4379 0.6055 0.4837 0.6159 0.5684
0.4046 0.7146 0.3870 0.7246 0.4130 0.6548 0.4839 0.5957 0.5434 0.5426
0.7565 0.3911 0.6608 0.4216 0.6631 0.5045 0.5782 0.5334 0.5593 0.6269
0.4169 0.7263 0.4081 0.6859 0.4475 0.6213 0.5292 0.5516 0.5942 0.5361
0.7736 0.3147 0.5900 0.4555 0.6555 0.5483 0.5747 0.5791 0.5181 0.6224
0.2162 0.4944 0.5831 0.6905 0.5696 0.6028 0.5813 0.4783 0.6194 0.4813
0.5166 0.5961 0.6625 0.6416 0.5914 0.5953 0.4268 0.5782 0.4626 0.6266
0.6124 0.8345 0.6262 0.6017 0.5741 0.3971 0.4983 0.4416 0.6639 0.5331
0.6918 0.6549 0.6296 0.6594 0.4702 0.5350 0.4129 0.6182 0.4725 0.5480
0.5848 0.7629 0.4787 0.5973 0.4250 0.5784 0.5360 0.5531 0.6031 0.5603
0.7345 0.4486 0.6055 0.4955 0.5831 0.5414 0.5600 0.5693 0.5419 0.5892
0.5389 0.8065 0.3490 0.6584 0.3720 0.6361 0.5147 0.5884 0.5851 0.5682
0.7695 0.3153 0.6178 0.4315 0.6490 0.5392 0.6035 0.5615 0.5439 0.6078
0.2905 0.5960 0.5240 0.6604 0.5024 0.6174 0.5686 0.5082 0.6150 0.5187
0.5649 0.5415 0.6845 0.5372 0.6480 0.5602 0.4950 0.5313 0.5196 0.6484
0.5730 0.8427 0.4405 0.6437 0.4689 0.5220 0.4930 0.5186 0.6252 0.5636
0.7538 0.4252 0.6837 0.5011 0.5994 0.5091 0.5313 0.5701 0.5207 0.5780
0.4146 0.7545 0.4426 0.6627 0.4186 0.6160 0.5359 0.5432 0.6091 0.5374
0.7707 0.3766 0.6495 0.4417 0.6396 0.5116 0.5744 0.5532 0.5462 0.6073
0.1226 0.2699 0.6879 0.6648 0.6656 0.6088 0.6271 0.4341 0.6291 0.4713
0.3677 0.5458 0.6087 0.6988 0.5525 0.6964 0.4643 0.6027 0.4422 0.6019
0.3889 0.6199 0.7027 0.8214 0.5313 0.5164 0.5626 0.5021 0.5757 0.2848
0.7611 0.6022 0.6944 0.6144 0.5910 0.4702 0.3816 0.5896 0.4552 0.6135
0.4841 0.8504 0.4161 0.7397 0.4409 0.6123 0.4916 0.4740 0.6668 0.4717
0.7534 0.4621 0.6504 0.6117 0.5650 0.5304 0.4303 0.6298 0.4387 0.5753
0.1233 0.2697 0.6738 0.6968 0.6530 0.6222 0.5948 0.4604 0.5977 0.4729
0.3216 0.6648 0.6725 0.6975 0.5726 0.6613 0.4225 0.5643 0.4592 0.6290
0.6425 0.6270 0.7862 0.5745 0.6695 0.3645 0.5565 0.4255 0.6420 0.4618
0.5619 0.8682 0.3802 0.7917 0.3083 0.6304 0.3497 0.6616 0.4702 0.5406
0.7489 0.4873 0.7893 0.3923 0.6211 0.4303 0.6034 0.4760 0.6231 0.5619
0.4713 0.7794 0.3396 0.7380 0.3692 0.6612 0.4545 0.6235 0.5259 0.5530
0.7756 0.3581 0.6493 0.4154 0.6572 0.5078 0.5923 0.5422 0.5586 0.6166
0.2034 0.4316 0.5825 0.6736 0.5837 0.6189 0.5923 0.4812 0.6142 0.4962
0.3790 0.6169 0.6599 0.6664 0.6006 0.6467 0.4348 0.5648 0.4620 0.6414
0.6792 0.6429 0.8439 0.5211 0.7244 0.2915 0.5539 0.3768 0.6734 0.4712
0.5554 0.8750 0.3616 0.8108 0.2923 0.6416 0.3298 0.6786 0.4502 0.5389
0.7542 0.4637 0.7774 0.3907 0.6265 0.4388 0.6050 0.4846 0.6150 0.5689
0.3980 0.7081 0.3917 0.7251 0.4167 0.6544 0.4848 0.5940 0.5435 0.5412
0.7529 0.3961 0.6622 0.4239 0.6627 0.5049 0.5760 0.5328 0.5589 0.6275
0.4290 0.7384 0.4023 0.6859 0.4426 0.6195 0.5260 0.5536 0.5940 0.5379
0.7747 0.3101 0.5859 0.4585 0.6538 0.5512 0.5745 0.5824 0.5152 0.6210
0.1826 0.4291 0.6205 0.6856 0.5988 0.6009 0.5946 0.4625 0.6243 0.4742
0.4047 0.6534 0.6629 0.6977 0.5679 0.6344 0.3991 0.5838 0.4434 0.6251
0.7072 0.6659 0.8311 0.4817 0.7240 0.2891 0.5475 0.3772 0.6783 0.5117
0.5665 0.8651 0.3884 0.7950 0.3051 0.6294 0.3423 0.6688 0.4598 0.5386
0.7511 0.4636 0.7707 0.3947 0.6237 0.4440 0.6050 0.4876 0.6133 0.5692
0.4685 0.7698 0.3454 0.7162 0.3805 0.6573 0.4791 0.6090 0.5454 0.5555
0.7758 0.3501 0.6449 0.4132 0.6615 0.5106 0.5945 0.5427 0.5577 0.6195
0.2334 0.4848 0.5508 0.6759 0.5586 0.6211 0.5819 0.4945 0.6103 0.5032
0.4159 0.6073 0.6655 0.6416 0.6153 0.6272 0.4412 0.5570 0.4720 0.6479
0.6985 0.6928 0.8220 0.4917 0.7149 0.2907 0.5420 0.3770 0.6817 0.5118
0.5791 0.8516 0.4100 0.7854 0.3183 0.6213 0.3471 0.6655 0.4594 0.5394
0.7464 0.4715 0.7648 0.4002 0.6184 0.4479 0.6036 0.4894 0.6130 0.5684
0.5076 0.7980 0.3222 0.7124 0.3618 0.6588 0.4746 0.6177 0.5449 0.5631
0.7755 0.3332 0.6341 0.4192 0.6565 0.5216 0.5993 0.5506 0.5524 0.6141
0.1310 0.2917 0.6787 0.6642 0.6544 0.6082 0.6234 0.4383 0.6293 0.4740
0.3707 0.5380 0.6050 0.6984 0.5512 0.6983 0.4675 0.6047 0.4416 0.6000
0.3769 0.6226 0.6974 0.8297 0.5243 0.5242 0.5624 0.5055 0.5724 0.2787
0.7476 0.6065 0.6789 0.6341 0.5768 0.4875 0.3814 0.5977 0.4482 0.6068
0.4877 0.8547 0.4073 0.7585 0.4490 0.6148 0.4798 0.4695 0.6669 0.4607
0.7510 0.4754 0.6572 0.6267 0.5564 0.5290 0.4163 0.6349 0.4303 0.5703
0.1589 0.3471 0.6231 0.7033 0.6094 0.6285 0.5732 0.4865 0.5869 0.4856
0.3683 0.6634 0.6888 0.6615 0.5942 0.6284 0.4298 0.5481 0.4777 0.6389
0.7293 0.6424 0.8093 0.4536 0.7165 0.3109 0.5517 0.3952 0.6678 0.5430
0.5588 0.8729 0.3989 0.7704 0.3086 0.6190 0.3723 0.6445 0.4961 0.5383
0.7525 0.4637 0.7747 0.3921 0.6252 0.4410 0.6055 0.4857 0.6146 0.5689
0.4420 0.7480 0.3622 0.7192 0.3938 0.6562 0.4815 0.6033 0.5450 0.5503
0.7715 0.3647 0.6518 0.4133 0.6634 0.5060 0.5893 0.5382 0.5597 0.6229
0.3202 0.6141 0.4722 0.6821 0.4983 0.6252 0.5554 0.5267 0.6003 0.5205
0.6793 0.4230 0.6330 0.4974 0.6538 0.5557 0.5328 0.5570 0.5166 0.6385
0.4807 0.8304 0.4394 0.7014 0.4475 0.5506 0.4995 0.5239 0.6191 0.5155
0.7617 0.3712 0.5947 0.5836 0.5938 0.5628 0.4717 0.6365 0.4395 0.5914
0.1588 0.3793 0.6643 0.6622 0.6163 0.5981 0.6099 0.4455 0.6342 0.4773
0.3552 0.6813 0.6714 0.6961 0.5635 0.6439 0.4119 0.5675 0.4604 0.6257
0.7164 0.6397 0.8100 0.4734 0.7117 0.3158 0.5521 0.3978 0.6644 0.5278
0.5545 0.8765 0.3847 0.7833 0.3017 0.6263 0.3607 0.6533 0.4856 0.5379
0.7537 0.4638 0.7772 0.3906 0.6263 0.4390 0.6055 0.4845 0.6153 0.5688
0.4105 0.7198 0.3832 0.7230 0.4103 0.6549 0.4843 0.5964 0.5443 0.5439
0.7595 0.3863 0.6594 0.4197 0.6635 0.5045 0.5803 0.5341 0.5596 0.6264
0.4046 0.7137 0.4147 0.6857 0.4528 0.6226 0.5324 0.5492 0.5945 0.5343
0.7714 0.3204 0.5944 0.4535 0.6570 0.5458 0.5742 0.5758 0.5206 0.6239
0.2548 0.5618 0.5453 0.6952 0.5397 0.6038 0.5676 0.4938 0.6149 0.4882
0.6489 0.5077 0.6512 0.5739 0.6117 0.5564 0.4668 0.5787 0.4822 0.6220
0.5216 0.8509 0.4643 0.6821 0.4663 0.5138 0.4911 0.5070 0.6313 0.5262
0.7567 0.3983 0.6190 0.5923 0.5822 0.5526 0.4615 0.6332 0.4409 0.5822
0.3172 0.6473 0.5123 0.6632 0.4811 0.6118 0.5595 0.5131 0.6164 0.5189
0.7640 0.4134 0.6616 0.4372 0.6470 0.4983 0.5633 0.5409 0.5535 0.6186
0.3758 0.6795 0.4326 0.6847 0.4687 0.6243 0.5398 0.5427 0.5953 0.5303
0.7635 0.3362 0.6042 0.4546 0.6579 0.5420 0.5694 0.5704 0.5232 0.6264
0.3257 0.6668 0.4874 0.7024 0.4934 0.6021 0.5450 0.5165 0.6089 0.4987
0.7538 0.4104 0.6291 0.5233 0.6223 0.5316 0.5013 0.5911 0.4889 0.6115
0.3674 0.7136 0.4591 0.7037 0.4726 0.5999 0.5332 0.5272 0.6060 0.5062
0.7662 0.3850 0.6168 0.5268 0.6191 0.5373 0.5039 0.6017 0.4808 0.6064
0.2332 0.5206 0.5639 0.6920 0.5570 0.6050 0.5753 0.4865 0.6161 0.4860
0.5943 0.5453 0.6571 0.6001 0.6052 0.5720 0.4514 0.5766 0.4758 0.6251
0.5541 0.8602 0.5106 0.6597 0.4973 0.4701 0.4875 0.4831 0.6458 0.5308
0.7445 0.4753 0.6697 0.5975 0.5577 0.5243 0.4488 0.6158 0.4586 0.5656
0.4526 0.7825 0.4166 0.6621 0.3990 0.6188 0.5278 0.5550 0.6049 0.5450
0.7678 0.3665 0.6453 0.4476 0.6357 0.5193 0.5766 0.5582 0.5420 0.6030
0.1099 0.2462 0.7136 0.6591 0.6794 0.6039 0.6348 0.4219 0.6351 0.4664
0.3562 0.5415 0.6038 0.7074 0.5416 0.7057 0.4677 0.6077 0.4392 0.5939
0.3498 0.6309 0.6736 0.8469 0.5021 0.5530 0.5611 0.5188 0.5599 0.2716
0.6506 0.5683 0.5750 0.7465 0.4816 0.6110 0.3979 0.6591 0.3984 0.5389
0.5685 0.8275 0.5297 0.7682 0.5532 0.5390 0.4492 0.4263 0.6685 0.4258
0.7178 0.5937 0.6588 0.6851 0.4939 0.5301 0.3741 0.6433 0.4234 0.5465
0.5698 0.8031 0.3373 0.7074 0.3600 0.6460 0.4565 0.6299 0.5282 0.5681
0.7638 0.3500 0.6397 0.4398 0.6360 0.5274 0.5929 0.5563 0.5480 0.5999
0.3818 0.7029 0.4448 0.6638 0.4419 0.6270 0.5447 0.5421 0.6035 0.5383
0.7670 0.3567 0.6433 0.4177 0.6671 0.5139 0.5878 0.5418 0.5543 0.6268
0.3502 0.6537 0.4496 0.6837 0.4796 0.6252 0.5471 0.5357 0.5981 0.5254
0.7291 0.3744 0.6188 0.4691 0.6586 0.5458 0.5551 0.5618 0.5230 0.6334
0.4285 0.7844 0.4353 0.7078 0.4482 0.5827 0.5146 0.5328 0.6090 0.5098
0.7657 0.3717 0.6012 0.5564 0.6059 0.5528 0.4889 0.6218 0.4582 0.5982
0.1161 0.2789 0.7104 0.6711 0.6701 0.5947 0.6275 0.4218 0.6374 0.4574
0.3170 0.6523 0.6256 0.7482 0.5205 0.6955 0.4059 0.6075 0.4240 0.6004
0.4940 0.6173 0.7374 0.7365 0.5875 0.4549 0.5602 0.4735 0.6020 0.3516
0.6958 0.6778 0.6160 0.6866 0.4785 0.5347 0.3786 0.6248 0.4525 0.5645
0.6031 0.7782 0.5674 0.5829 0.4510 0.5370 0.5370 0.5094 0.6340 0.5359
0.7217 0.5284 0.6276 0.5690 0.5408 0.5340 0.4910 0.5923 0.5060 0.5711
0.5682 0.7931 0.3306 0.6642 0.3746 0.6444 0.5042 0.6060 0.5653 0.5757
0.7663 0.3284 0.6258 0.4322 0.6440 0.5350 0.6027 0.5578 0.5482 0.6045
0.3773 0.7027 0.4531 0.6623 0.4436 0.6241 0.5461 0.5385 0.6062 0.5365
0.7617 0.3639 0.6456 0.4206 0.6675 0.5142 0.5842 0.5406 0.5536 0.6285
0.3800 0.6886 0.4292 0.6852 0.4635 0.6244 0.5391 0.5437 0.5961 0.5301
0.7594 0.3388 0.6049 0.4541 0.6596 0.5429 0.5696 0.5685 0.5243 0.6282
0.3476 0.6952 0.4727 0.7043 0.4811 0.6002 0.5384 0.5219 0.6079 0.5013
0.7622 0.3971 0.6231 0.5247 0.6204 0.5334 0.5022 0.5969 0.4846 0.6086
0.3005 0.6272 0.5046 0.6988 0.5099 0.6051 0.5532 0.5102 0.6095 0.4972
0.7375 0.4280 0.6354 0.5256 0.6236 0.5333 0.4991 0.5849 0.4923 0.6152
0.4250 0.7754 0.4341 0.7052 0.4504 0.5869 0.5166 0.5343 0.6072 0.5127
0.7663 0.3697 0.6016 0.5509 0.6085 0.5518 0.4932 0.6192 0.4617 0.5994
0.1193 0.2865 0.7050 0.6724 0.6661 0.5953 0.6255 0.4244 0.6364 0.4583
0.3193 0.6542 0.6283 0.7469 0.5231 0.6928 0.4040 0.6063 0.4243 0.6022
0.5088 0.6186 0.7470 0.7225 0.5987 0.4416 0.5597 0.4662 0.6076 0.3599
0.6693 0.7258 0.5639 0.7166 0.4391 0.5587 0.3680 0.6371 0.4502 0.5597
0.6471 0.7118 0.6444 0.5286 0.4986 0.5037 0.5556 0.4978 0.6326 0.5414
0.6661 0.6601 0.5071 0.6373 0.4608 0.5819 0.4674 0.6135 0.5074 0.5690
0.6762 0.5982 0.4965 0.5497 0.5040 0.5806 0.5502 0.5769 0.5613 0.5857
0.6276 0.6990 0.4411 0.5860 0.4493 0.5987 0.5412 0.5766 0.5778 0.5788
0.6885 0.5632 0.5453 0.5149 0.5304 0.5598 0.5688 0.5590 0.5745 0.5846
0.5772 0.7785 0.3838 0.6305 0.3962 0.6199 0.5239 0.5831 0.5846 0.5721
0.7517 0.3772 0.6270 0.4431 0.6227 0.5320 0.5979 0.5520 0.5587 0.5974
0.4897 0.7994 0.3760 0.6626 0.3805 0.6308 0.5207 0.5726 0.5958 0.5572
0.7742 0.3128 0.6158 0.4265 0.6554 0.5363 0.6025 0.5605 0.5438 0.6132
0.1231 0.2809 0.6983 0.6585 0.6613 0.6032 0.6283 0.4292 0.6348 0.4709
0.3607 0.5335 0.6006 0.7061 0.5416 0.7066 0.4706 0.6093 0.4388 0.5928
0.3417 0.6347 0.6730 0.8516 0.4995 0.5560 0.5603 0.5192 0.5584 0.2678
0.6187 0.5632 0.5445 0.7756 0.4530 0.6446 0.4001 0.6759 0.3831 0.5209
0.6459 0.7407 0.6954 0.7079 0.6618 0.4505 0.4662 0.3809 0.6783 0.4197
0.6456 0.7481 0.4996 0.7687 0.3901 0.5955 0.3363 0.6751 0.4160 0.5424
0.7198 0.5286 0.6309 0.5425 0.5473 0.5290 0.5153 0.5766 0.5284 0.5732
0.5729 0.7894 0.3325 0.6637 0.3768 0.6438 0.5029 0.6074 0.5627 0.5763
0.7652 0.3325 0.6272 0.4328 0.6423 0.5342 0.6023 0.5570 0.5493 0.6037
0.3982 0.7241 0.4374 0.6627 0.4307 0.6255 0.5410 0.5452 0.6042 0.5404
0.7717 0.3471 0.6388 0.4160 0.6664 0.5156 0.5915 0.5443 0.5537 0.6250
0.3082 0.5996 0.4822 0.6812 0.5050 0.6247 0.5589 0.5226 0.6019 0.5181
0.6306 0.4634 0.6423 0.5243 0.6490 0.5673 0.5135 0.5545 0.5092 0.6426
0.5106 0.8510 0.4618 0.6903 0.4616 0.5182 0.4918 0.5084 0.6305 0.5196
0.7577 0.3914 0.6110 0.5949 0.5836 0.5568 0.4603 0.6368 0.4369 0.5841
0.2844 0.6028 0.5396 0.6629 0.5047 0.6095 0.5684 0.5014 0.6196 0.5117
0.7429 0.4393 0.6655 0.4519 0.6441 0.5036 0.5513 0.5393 0.5498 0.6219
0.4632 0.7681 0.3917 0.6837 0.4347 0.6108 0.5169 0.5564 0.5947 0.5438
0.7743 0.3039 0.5764 0.4740 0.6463 0.5598 0.5677 0.5932 0.5038 0.6162
0.1210 0.2935 0.7051 0.6718 0.6632 0.5938 0.6247 0.4243 0.6374 0.4582
0.3168 0.6545 0.6260 0.7493 0.5201 0.6951 0.4040 0.6078 0.4233 0.6006
0.4989 0.6177 0.7399 0.7320 0.5907 0.4511 0.5600 0.4714 0.6036 0.3545
0.6877 0.6930 0.6003 0.6960 0.4662 0.5421 0.3755 0.6286 0.4519 0.5629
0.6169 0.7594 0.5912 0.5664 0.4651 0.5269 0.5426 0.5061 0.6335 0.5377
0.7082 0.5631 0.5990 0.5859 0.5208 0.5457 0.4856 0.5972 0.5070 0.5705
0.5908 0.7656 0.3551 0.6450 0.3956 0.6343 0.5120 0.6021 0.5640 0.5783
0.7564 0.3629 0.6289 0.4393 0.6292 0.5318 0.5992 0.5532 0.5559 0.5991
0.4745 0.7889 0.3844 0.6633 0.3878 0.6305 0.5237 0.5687 0.5969 0.5546
0.7754 0.3163 0.6188 0.4238 0.6573 0.5327 0.6017 0.5581 0.5457 0.6148
0.1216 0.2745 0.6965 0.6609 0.6644 0.6047 0.6286 0.4298 0.6333 0.4702
0.3739 0.5184 0.5936 0.7020 0.5416 0.7068 0.4764 0.6123 0.4389 0.5908
0.3334 0.6393 0.6790 0.8564 0.5005 0.5530 0.5595 0.5161 0.5594 0.2612
0.5968 0.5701 0.5250 0.7946 0.4322 0.6660 0.3968 0.6869 0.3711 0.5144
0.6838 0.6892 0.7708 0.6730 0.7152 0.4006 0.4732 0.3558 0.6843 0.4167
0.5959 0.8224 0.3960 0.8125 0.3298 0.6355 0.3142 0.6938 0.4122 0.5400
0.7488 0.4498 0.6813 0.5116 0.5895 0.5081 0.5223 0.5714 0.5199 0.5764
0.5033 0.7907 0.3336 0.6869 0.3737 0.6518 0.5011 0.5997 0.5676 0.5644
0.7749 0.3251 0.6275 0.4219 0.6558 0.5273 0.6008 0.5544 0.5493 0.6134
0.1201 0.2701 0.6976 0.6612 0.6667 0.6051 0.6293 0.4293 0.6331 0.4697
0.3737 0.5200 0.5944 0.7018 0.5422 0.7061 0.4756 0.6118 0.4391 0.5915
0.3369 0.6375 0.6802 0.8545 0.5022 0.5508 0.5599 0.5154 0.5605 0.2622
0.6120 0.5723 0.5386 0.7826 0.4444 0.6516 0.3953 0.6800 0.3776 0.5230
0.6506 0.7347 0.7041 0.7045 0.6675 0.4454 0.4663 0.3790 0.6781 0.4198
0.6400 0.7577 0.4875 0.7741 0.3829 0.6002 0.3337 0.6773 0.4155 0.5422
0.7253 0.5146 0.6421 0.5356 0.5553 0.5243 0.5175 0.5746 0.5279 0.5735
0.5647 0.7973 0.3256 0.6698 0.3705 0.6469 0.5005 0.6084 0.5632 0.5752
0.7675 0.3247 0.6248 0.4316 0.6457 0.5355 0.6029 0.5585 0.5471 0.6054
0.3470 0.6685 0.4764 0.6618 0.4632 0.6220 0.5536 0.5285 0.6091 0.5306
0.7296 0.4024 0.6571 0.4399 0.6661 0.5189 0.5658 0.5358 0.5491 0.6344
0.4627 0.7718 0.3888 0.6855 0.4305 0.6124 0.5172 0.5573 0.5950 0.5424
0.7750 0.3006 0.5751 0.4683 0.6493 0.5597 0.5724 0.5909 0.5070 0.6179
0.1259 0.3051 0.6973 0.6735 0.6575 0.5946 0.6218 0.4280 0.6360 0.4595
0.3200 0.6574 0.6300 0.7474 0.5237 0.6911 0.4013 0.6060 0.4237 0.6031
0.5207 0.6199 0.7537 0.7109 0.6071 0.4316 0.5593 0.4607 0.6118 0.3671
0.6486 0.7600 0.5224 0.7380 0.4098 0.5765 0.3598 0.6461 0.4487 0.5565
0.6780 0.6541 0.6976 0.4881 0.5354 0.4791 0.5696 0.4886 0.6319 0.5451
0.6139 0.7550 0.4004 0.6932 0.3941 0.6229 0.4463 0.6325 0.5071 0.5676
0.7459 0.4051 0.6220 0.4590 0.6086 0.5334 0.5859 0.5561 0.5553 0.5944
0.5145 0.8066 0.3575 0.6626 0.3730 0.6351 0.5164 0.5820 0.5900 0.5631
0.7721 0.3109 0.6145 0.4297 0.6526 0.5395 0.6032 0.5623 0.5426 0.6106
0.1707 0.3879 0.6420 0.6579 0.6059 0.6072 0.6075 0.4563 0.6288 0.4879
0.3231 0.6318 0.6580 0.6996 0.5740 0.6745 0.4314 0.5736 0.4518 0.6264
0.5472 0.6108 0.7437 0.6843 0.6091 0.4359 0.5614 0.4653 0.6111 0.3921
0.6398 0.7740 0.5123 0.7328 0.4031 0.5768 0.3709 0.6383 0.4648 0.5521
0.6850 0.6402 0.7111 0.4772 0.5446 0.4723 0.5738 0.4850 0.6331 0.5456
0.6021 0.7726 0.3786 0.7046 0.3804 0.6315 0.4418 0.6365 0.5069 0.5672
0.7534 0.3818 0.6316 0.4497 0.6204 0.5300 0.5898 0.5551 0.5533 0.5962
0.4914 0.7960 0.3694 0.6643 0.3811 0.6342 0.5201 0.5757 0.5928 0.5587
0.7741 0.3136 0.6167 0.4264 0.6552 0.5359 0.6024 0.5601 0.5442 0.6129
0.1234 0.2815 0.6980 0.6584 0.6609 0.6032 0.6282 0.4294 0.6348 0.4710
0.3596 0.5353 0.6015 0.7063 0.5419 0.7063 0.4699 0.6088 0.4389 0.5933
0.3438 0.6336 0.6730 0.8504 0.5001 0.5554 0.5606 0.5192 0.5588 0.2688
0.6266 0.5639 0.5518 0.7687 0.4599 0.6367 0.3998 0.6719 0.3868 0.5251
0.6260 0.7662 0.6539 0.7253 0.6340 0.4742 0.4615 0.3930 0.6755 0.4211
0.6689 0.7046 0.5512 0.7448 0.4215 0.5753 0.3475 0.6655 0.4181 0.5435
0.6865 0.6096 0.5588 0.5854 0.4989 0.5584 0.5008 0.5898 0.5290 0.5719
0.6327 0.6949 0.4168 0.6043 0.4440 0.6107 0.5274 0.5925 0.5604 0.5820
0.7133 0.4958 0.5795 0.4875 0.5648 0.5478 0.5794 0.5555 0.5694 0.5888
0.5516 0.8030 0.3626 0.6488 0.3772 0.6288 0.5175 0.5851 0.5872 0.5687
0.7657 0.3276 0.6230 0.4332 0.6436 0.5366 0.6029 0.5586 0.5477 0.6047
0.3935 0.7204 0.4420 0.6623 0.4333 0.6246 0.5422 0.5432 0.6052 0.5393
0.7696 0.3510 0.6404 0.4168 0.6669 0.5151 0.5898 0.5434 0.5537 0.6259
0.3286 0.6267 0.4659 0.6825 0.4923 0.6251 0.5531 0.5292 0.6000 0.5217
0.6873 0.4148 0.6306 0.4926 0.6550 0.5543 0.5366 0.5576 0.5177 0.6380
0.4741 0.8253 0.4368 0.7031 0.4460 0.5561 0.5013 0.5262 0.6172 0.5146
0.7623 0.3699 0.5942 0.5804 0.5955 0.5624 0.4740 0.6352 0.4414 0.5924
0.1425 0.3431 0.6836 0.6625 0.6348 0.5963 0.6168 0.4362 0.6364 0.4712
0.3214 0.6879 0.6609 0.7214 0.5475 0.6654 0.4040 0.5782 0.4474 0.6194
0.6628 0.6338 0.7936 0.5485 0.6814 0.3496 0.5542 0.4170 0.6486 0.4792
0.5565 0.8735 0.3740 0.7950 0.3018 0.6330 0.3480 0.6632 0.4705 0.5393
0.7516 0.4778 0.7865 0.3903 0.6238 0.4323 0.6044 0.4787 0.6204 0.5646
0.4348 0.7469 0.3642 0.7339 0.3912 0.6584 0.4670 0.6106 0.5326 0.5469
0.7712 0.3731 0.6558 0.4142 0.6612 0.5027 0.5869 0.5367 0.5610 0.6218
0.3240 0.6183 0.4691 0.6824 0.4964 0.6253 0.5542 0.5280 0.5997 0.5213
0.6937 0.4104 0.6299 0.4895 0.6551 0.5523 0.5387 0.5580 0.5186 0.6370
0.4695 0.8214 0.4353 0.7039 0.4453 0.5599 0.5027 0.5276 0.6159 0.5142
0.7627 0.3692 0.5942 0.5779 0.5967 0.5618 0.4758 0.6340 0.4429 0.5931
0.1332 0.3217 0.6949 0.6629 0.6459 0.5952 0.6209 0.4306 0.6377 0.4675
0.3100 0.6851 0.6525 0.7324 0.5384 0.6766 0.4027 0.5853 0.4408 0.6146
0.6169 0.6279 0.7742 0.6069 0.6526 0.3829 0.5560 0.4360 0.6339 0.4432
0.5695 0.8606 0.3869 0.7919 0.3152 0.6287 0.3460 0.6642 0.4631 0.5424
