0.4486 0.7666 0.3140 0.7703 0.4216 0.6783 0.4597 0.6106 0.5159 0.5406
0.7814 0.3555 0.6242 0.4602 0.6358 0.5284 0.6234 0.5474 0.5782 0.5903
0.2576 0.5443 0.5261 0.6723 0.5794 0.6107 0.5622 0.5110 0.5884 0.4956
0.5603 0.5249 0.6436 0.6131 0.5995 0.6031 0.5695 0.5413 0.5419 0.5498
0.4784 0.7838 0.3477 0.6646 0.4473 0.6213 0.5110 0.5738 0.5723 0.5332
0.7314 0.4747 0.7258 0.6122 0.5774 0.5548 0.5313 0.5698 0.5218 0.5803
0.3000 0.5944 0.4951 0.6789 0.5547 0.6125 0.5473 0.5271 0.5851 0.5044
0.6965 0.4325 0.6473 0.5223 0.6205 0.5547 0.5991 0.5428 0.5648 0.5720
0.3816 0.7096 0.3869 0.6802 0.4898 0.6282 0.5259 0.5557 0.5731 0.5202
0.7771 0.3085 0.4348 0.6174 0.6087 0.6477 0.5852 0.6056 0.5014 0.6139
0.1482 0.3285 0.7025 0.6570 0.6865 0.5825 0.6075 0.4529 0.6110 0.4646
0.3988 0.6155 0.6079 0.7210 0.5749 0.6726 0.5318 0.5483 0.5056 0.5310
0.5497 0.5830 0.7600 0.5282 0.6091 0.5258 0.5842 0.5033 0.5871 0.5299
0.6244 0.7628 0.4906 0.7647 0.4376 0.6629 0.4239 0.6168 0.4737 0.5968
0.6859 0.6337 0.7816 0.4851 0.5984 0.4399 0.5636 0.5049 0.6491 0.5337
0.5393 0.8087 0.3078 0.7512 0.3965 0.6647 0.4497 0.6243 0.5168 0.5518
0.7290 0.3426 0.4293 0.6204 0.6091 0.6545 0.5892 0.5951 0.5089 0.6021
0.2116 0.4594 0.5969 0.6705 0.6194 0.6016 0.5772 0.4907 0.5941 0.4844
0.4116 0.6070 0.6172 0.6977 0.5810 0.6576 0.5432 0.5420 0.5178 0.5290
0.6367 0.6075 0.8645 0.3667 0.6235 0.3916 0.6140 0.4606 0.6549 0.5207
0.5855 0.8022 0.3382 0.8097 0.3773 0.6919 0.4074 0.6468 0.4664 0.5703
0.7342 0.4727 0.7933 0.4357 0.6383 0.4448 0.6016 0.5160 0.6262 0.5609
0.4198 0.7419 0.3375 0.7632 0.4404 0.6723 0.4711 0.5989 0.5229 0.5351
0.7496 0.3984 0.6720 0.4562 0.6336 0.5139 0.6196 0.5339 0.5871 0.5775
0.3532 0.6787 0.4125 0.6794 0.5079 0.6254 0.5333 0.5469 0.5761 0.5151
0.7889 0.3350 0.5657 0.5166 0.6248 0.5683 0.6075 0.5702 0.5497 0.6007
0.2210 0.4787 0.5852 0.6659 0.6140 0.6002 0.5764 0.4924 0.5972 0.4857
0.4533 0.5844 0.6071 0.7098 0.5766 0.6637 0.5336 0.5548 0.5047 0.5413
0.5276 0.7708 0.4529 0.6061 0.4716 0.5757 0.5279 0.5557 0.5893 0.5330
0.6913 0.6348 0.7928 0.5924 0.5346 0.4995 0.5043 0.5498 0.5515 0.5568
0.5275 0.7921 0.3461 0.6672 0.4384 0.6154 0.5006 0.5865 0.5720 0.5424
0.7148 0.3698 0.4687 0.6278 0.6028 0.6468 0.5788 0.5917 0.5088 0.5962
0.2540 0.5337 0.5375 0.6769 0.5823 0.6104 0.5608 0.5105 0.5865 0.4949
0.4276 0.5979 0.6198 0.6879 0.5834 0.6515 0.5468 0.5416 0.5210 0.5311
0.5712 0.7338 0.6033 0.5279 0.5140 0.5162 0.5539 0.5280 0.6110 0.5305
0.6528 0.7044 0.6598 0.6485 0.4836 0.5505 0.4850 0.5748 0.5402 0.5535
0.6022 0.7548 0.5061 0.5785 0.4832 0.5444 0.5283 0.5603 0.6000 0.5437
0.6351 0.7033 0.6556 0.5297 0.5189 0.5038 0.5445 0.5370 0.5986 0.5413
0.5860 0.7721 0.4621 0.5833 0.4661 0.5598 0.5285 0.5603 0.5916 0.5411
0.6816 0.6206 0.7686 0.4026 0.5847 0.4296 0.5991 0.4961 0.6397 0.5388
0.5143 0.8000 0.3234 0.6650 0.4297 0.6228 0.5038 0.5841 0.5681 0.5399
0.7503 0.3156 0.4054 0.6049 0.6161 0.6543 0.5997 0.5973 0.5116 0.6081
0.1657 0.3680 0.6682 0.6621 0.6645 0.5901 0.5978 0.4656 0.6039 0.4712
0.4082 0.6091 0.6171 0.6995 0.5805 0.6587 0.5426 0.5419 0.5173 0.5285
0.5032 0.5784 0.6636 0.6207 0.5937 0.6034 0.5649 0.5310 0.5468 0.5365
0.6856 0.6438 0.8129 0.5897 0.5618 0.5233 0.4979 0.5369 0.5388 0.5899
0.5889 0.7846 0.3686 0.7501 0.5143 0.6374 0.4809 0.5397 0.6116 0.5075
0.6984 0.4746 0.6919 0.5892 0.5932 0.5618 0.5431 0.5771 0.5368 0.5693
0.3987 0.7224 0.3663 0.7254 0.4660 0.6500 0.4982 0.5769 0.5475 0.5272
0.7630 0.3890 0.6773 0.4401 0.6368 0.5040 0.6244 0.5322 0.5922 0.5793
0.3407 0.6638 0.4253 0.6787 0.5165 0.6238 0.5368 0.5426 0.5776 0.5128
0.7890 0.3506 0.6181 0.4805 0.6299 0.5373 0.6142 0.5558 0.5675 0.5943
0.2693 0.5620 0.5180 0.6707 0.5729 0.6094 0.5595 0.5136 0.5898 0.4971
0.6950 0.4386 0.6406 0.5651 0.6088 0.5743 0.5801 0.5546 0.5452 0.5766
0.4136 0.7407 0.3663 0.6778 0.4727 0.6277 0.5193 0.5632 0.5728 0.5246
0.7509 0.3165 0.3561 0.7463 0.5748 0.7240 0.5316 0.6454 0.4352 0.6248
0.1329 0.2919 0.7312 0.6566 0.7044 0.5781 0.6146 0.4434 0.6138 0.4594
0.3981 0.6154 0.6102 0.7158 0.5765 0.6695 0.5346 0.5464 0.5088 0.5298
0.5192 0.5783 0.6965 0.5912 0.5991 0.5788 0.5714 0.5222 0.5598 0.5347
0.6610 0.6956 0.7021 0.6692 0.5102 0.5821 0.4666 0.5707 0.5116 0.5919
0.6198 0.7464 0.5102 0.6662 0.5267 0.5716 0.5048 0.5415 0.6165 0.5241
0.6463 0.6818 0.6953 0.5646 0.5232 0.5121 0.5214 0.5551 0.5780 0.5441
0.5604 0.7941 0.3802 0.6529 0.4346 0.6049 0.5005 0.5839 0.5654 0.5445
0.7157 0.4784 0.7070 0.4501 0.6163 0.4924 0.6094 0.5217 0.6011 0.5626
0.3924 0.7151 0.3844 0.6812 0.4846 0.6272 0.5227 0.5587 0.5718 0.5218
0.7845 0.3681 0.6712 0.4241 0.6408 0.4972 0.6304 0.5339 0.5953 0.5846
0.2955 0.6031 0.4771 0.6752 0.5494 0.6170 0.5502 0.5261 0.5833 0.5038
0.7032 0.4373 0.6721 0.5056 0.6216 0.5382 0.6016 0.5369 0.5723 0.5698
0.4226 0.7495 0.3580 0.6781 0.4671 0.6287 0.5171 0.5658 0.5721 0.5261
0.7495 0.3180 0.3554 0.7506 0.5733 0.7262 0.5291 0.6466 0.4328 0.6251
0.1339 0.2940 0.7296 0.6569 0.7033 0.5784 0.6140 0.4441 0.6136 0.4598
0.3981 0.6154 0.6102 0.7158 0.5765 0.6695 0.5346 0.5464 0.5089 0.5297
0.5228 0.5786 0.7040 0.5842 0.6003 0.5730 0.5729 0.5201 0.5628 0.5342
0.6547 0.7057 0.6744 0.6841 0.4985 0.5926 0.4610 0.5776 0.5071 0.5903
0.6280 0.7346 0.5492 0.6438 0.5342 0.5545 0.5119 0.5382 0.6201 0.5261
0.6284 0.7146 0.6256 0.6020 0.4966 0.5406 0.5070 0.5685 0.5675 0.5454
0.5914 0.7662 0.4827 0.5967 0.4666 0.5621 0.5213 0.5635 0.5835 0.5426
0.6732 0.6393 0.7536 0.4151 0.5745 0.4369 0.5928 0.5000 0.6372 0.5379
0.5286 0.8016 0.3328 0.6560 0.4302 0.6163 0.5052 0.5832 0.5704 0.5411
0.7380 0.3391 0.4401 0.5946 0.6145 0.6405 0.5985 0.5888 0.5201 0.6014
0.2153 0.4665 0.5917 0.6684 0.6167 0.6012 0.5770 0.4916 0.5948 0.4851
0.4112 0.6073 0.6173 0.6978 0.5809 0.6577 0.5432 0.5419 0.5178 0.5289
0.6346 0.6020 0.8648 0.3702 0.6258 0.3950 0.6142 0.4610 0.6527 0.5211
0.5847 0.8032 0.3346 0.8121 0.3763 0.6945 0.4058 0.6479 0.4646 0.5714
0.7354 0.4696 0.7949 0.4378 0.6399 0.4449 0.6010 0.5163 0.6263 0.5612
0.4179 0.7400 0.3389 0.7650 0.4410 0.6731 0.4704 0.5992 0.5219 0.5349
0.7433 0.4034 0.6717 0.4616 0.6324 0.5169 0.6178 0.5339 0.5857 0.5764
0.3600 0.6867 0.4055 0.6797 0.5033 0.6263 0.5314 0.5491 0.5753 0.5164
0.7877 0.3287 0.5403 0.5348 0.6222 0.5834 0.6039 0.5769 0.5410 0.6035
0.2028 0.4441 0.6125 0.6639 0.6306 0.5963 0.5834 0.4836 0.6003 0.4810
0.4198 0.6034 0.6039 0.7239 0.5732 0.6733 0.5289 0.5536 0.5011 0.5361
0.5818 0.7138 0.6740 0.4932 0.5364 0.4877 0.5660 0.5127 0.6224 0.5269
0.6336 0.7393 0.5575 0.7337 0.4434 0.6152 0.4439 0.6070 0.4988 0.5670
0.6487 0.6928 0.6729 0.4913 0.5386 0.4762 0.5595 0.5292 0.6254 0.5416
0.5626 0.7950 0.3765 0.6804 0.4263 0.6180 0.4861 0.5937 0.5507 0.5474
0.7147 0.4816 0.7106 0.4497 0.6157 0.4907 0.6088 0.5210 0.6016 0.5619
0.3961 0.7187 0.3811 0.6816 0.4823 0.6277 0.5216 0.5599 0.5713 0.5225
0.7868 0.3645 0.6664 0.4251 0.6409 0.4990 0.6307 0.5352 0.5943 0.5857
0.2853 0.5880 0.4899 0.6744 0.5573 0.6154 0.5534 0.5221 0.5847 0.5016
0.6471 0.4739 0.6620 0.5494 0.6127 0.5642 0.5887 0.5382 0.5605 0.5613
0.4480 0.7688 0.3451 0.6753 0.4549 0.6282 0.5127 0.5713 0.5709 0.5298
0.7382 0.3481 0.4133 0.7473 0.5687 0.7098 0.5206 0.6386 0.4386 0.6176
0.1716 0.3743 0.6684 0.6641 0.6631 0.5887 0.5948 0.4682 0.6052 0.4727
0.4007 0.6133 0.6094 0.7150 0.5767 0.6690 0.5350 0.5468 0.5090 0.5300
0.6366 0.6098 0.8660 0.3643 0.6233 0.3890 0.6142 0.4596 0.6564 0.5202
0.5864 0.8019 0.3393 0.8113 0.3774 0.6932 0.4059 0.6474 0.4647 0.5715
0.7336 0.4746 0.7935 0.4345 0.6376 0.4442 0.6017 0.5156 0.6264 0.5606
0.4210 0.7432 0.3366 0.7626 0.4398 0.6721 0.4712 0.5989 0.5232 0.5352
0.7532 0.3953 0.6716 0.4534 0.6342 0.5125 0.6205 0.5340 0.5877 0.5783
0.3486 0.6733 0.4172 0.6792 0.5111 0.6248 0.5346 0.5453 0.5766 0.5143
0.7894 0.3392 0.5813 0.5057 0.6264 0.5590 0.6096 0.5660 0.5550 0.5989
0.2336 0.5016 0.5669 0.6672 0.6028 0.6027 0.5718 0.4982 0.5952 0.4888
0.4992 0.5585 0.6140 0.6860 0.5823 0.6481 0.5417 0.5549 0.5118 0.5477
0.4967 0.7826 0.3758 0.6474 0.4526 0.6081 0.5153 0.5694 0.5770 0.5338
0.7210 0.5603 0.8294 0.5433 0.5730 0.4742 0.5316 0.5361 0.5629 0.5598
0.4197 0.7300 0.3788 0.6851 0.4773 0.6255 0.5149 0.5669 0.5725 0.5268
0.7641 0.3161 0.4421 0.5923 0.6171 0.6384 0.5974 0.5949 0.5156 0.6088
0.1394 0.3109 0.7109 0.6594 0.6927 0.5842 0.6104 0.4497 0.6090 0.4626
0.4068 0.6101 0.6155 0.7033 0.5794 0.6610 0.5407 0.5430 0.5153 0.5288
0.5096 0.5763 0.6722 0.6123 0.5958 0.5965 0.5670 0.5287 0.5507 0.5362
0.6900 0.6651 0.7799 0.6148 0.5588 0.5623 0.4813 0.5450 0.5188 0.6191
0.5963 0.7765 0.4010 0.7307 0.5119 0.6217 0.4849 0.5452 0.6091 0.5145
0.6913 0.5465 0.7721 0.5255 0.5876 0.4964 0.5495 0.5472 0.5743 0.5534
0.4626 0.7777 0.3188 0.7204 0.4310 0.6519 0.4862 0.5928 0.5448 0.5373
0.7860 0.3224 0.5317 0.5058 0.6317 0.5754 0.6192 0.5689 0.5541 0.6016
0.1677 0.3739 0.6618 0.6617 0.6621 0.5912 0.5974 0.4668 0.6038 0.4719
0.4073 0.6098 0.6154 0.7034 0.5793 0.6611 0.5406 0.5432 0.5151 0.5289
0.5351 0.5767 0.7220 0.5649 0.6040 0.5572 0.5773 0.5149 0.5712 0.5333
0.6468 0.7350 0.5908 0.7234 0.4763 0.6350 0.4405 0.5949 0.4860 0.6068
0.6527 0.6951 0.6617 0.5762 0.5597 0.5039 0.5334 0.5256 0.6317 0.5303
0.5824 0.7789 0.4299 0.6934 0.4335 0.6147 0.4717 0.6032 0.5380 0.5499
0.6844 0.6018 0.7768 0.4209 0.5885 0.4386 0.5937 0.5008 0.6290 0.5415
0.5034 0.7970 0.3204 0.6726 0.4303 0.6274 0.5023 0.5847 0.5658 0.5390
0.7591 0.3074 0.4046 0.5987 0.6183 0.6517 0.6022 0.5978 0.5127 0.6101
0.1452 0.3234 0.7025 0.6589 0.6866 0.5847 0.6079 0.4529 0.6083 0.4644
0.4079 0.6094 0.6171 0.6997 0.5805 0.6589 0.5424 0.5419 0.5172 0.5285
0.4684 0.5970 0.6251 0.6623 0.5828 0.6349 0.5526 0.5407 0.5300 0.5356
0.6987 0.6195 0.8110 0.5571 0.6297 0.5817 0.5076 0.5134 0.5181 0.6654
0.5848 0.7909 0.3252 0.8078 0.5795 0.6777 0.4823 0.4698 0.6493 0.4564
0.7152 0.4443 0.7003 0.6952 0.5830 0.6122 0.4746 0.6374 0.4780 0.5821
0.3716 0.6909 0.3869 0.7540 0.4749 0.6619 0.4883 0.5805 0.5336 0.5256
0.6462 0.4706 0.6568 0.5433 0.6154 0.5639 0.5927 0.5368 0.5632 0.5612
0.4215 0.7479 0.3543 0.6799 0.4661 0.6311 0.5168 0.5671 0.5698 0.5269
0.7632 0.3076 0.3887 0.6689 0.5977 0.6820 0.5693 0.6209 0.4771 0.6173
0.1369 0.3012 0.7242 0.6563 0.7000 0.5789 0.6129 0.4457 0.6134 0.4607
0.3980 0.6156 0.6099 0.7164 0.5764 0.6699 0.5343 0.5466 0.5085 0.5299
0.5146 0.5783 0.6873 0.5998 0.5976 0.5859 0.5695 0.5247 0.5561 0.5352
0.6695 0.6823 0.7360 0.6489 0.5259 0.5691 0.4739 0.5614 0.5171 0.5952
0.6099 0.7598 0.4635 0.6930 0.5190 0.5923 0.4964 0.5444 0.6128 0.5210
0.6675 0.6341 0.7598 0.5257 0.5550 0.4848 0.5377 0.5421 0.5868 0.5441
0.5262 0.8054 0.3177 0.6946 0.4167 0.6363 0.4863 0.5966 0.5513 0.5444
0.7435 0.3236 0.4113 0.6084 0.6144 0.6543 0.5973 0.5963 0.5114 0.6061
0.1818 0.4013 0.6424 0.6649 0.6481 0.5942 0.5903 0.4748 0.6005 0.4761
0.4086 0.6088 0.6171 0.6992 0.5806 0.6586 0.5427 0.5419 0.5174 0.5285
0.5479 0.5800 0.7500 0.5363 0.6078 0.5336 0.5829 0.5065 0.5830 0.5314
0.6197 0.7559 0.5102 0.7537 0.4372 0.6437 0.4336 0.6130 0.4860 0.5793
0.6805 0.6450 0.7643 0.4988 0.5927 0.4496 0.5592 0.5075 0.6474 0.5327
0.5460 0.8067 0.3193 0.7453 0.3996 0.6595 0.4516 0.6225 0.5190 0.5519
0.7225 0.3687 0.4829 0.5963 0.6093 0.6291 0.5906 0.5827 0.5236 0.5944
0.2590 0.5420 0.5312 0.6754 0.5788 0.6104 0.5601 0.5120 0.5867 0.4958
0.4294 0.5969 0.6203 0.6867 0.5837 0.6507 0.5472 0.5415 0.5214 0.5314
0.5660 0.7403 0.5802 0.5397 0.5070 0.5254 0.5498 0.5326 0.6076 0.5312
0.6587 0.6942 0.6851 0.6322 0.4932 0.5379 0.4917 0.5684 0.5462 0.5525
0.5905 0.7663 0.4673 0.5981 0.4714 0.5600 0.5215 0.5671 0.5939 0.5441
0.6563 0.6632 0.7257 0.4853 0.5491 0.4726 0.5626 0.5209 0.6104 0.5405
0.5499 0.7975 0.3626 0.6392 0.4364 0.6024 0.5092 0.5792 0.5746 0.5422
0.7224 0.4253 0.6184 0.5027 0.6167 0.5474 0.6060 0.5456 0.5721 0.5764
0.3364 0.6524 0.4396 0.6786 0.5215 0.6207 0.5376 0.5404 0.5780 0.5116
0.6402 0.4780 0.6676 0.5355 0.6165 0.5574 0.5949 0.5323 0.5680 0.5581
0.4321 0.7578 0.3444 0.6802 0.4594 0.6324 0.5142 0.5704 0.5688 0.5287
0.7627 0.3082 0.3895 0.6677 0.5980 0.6813 0.5698 0.6204 0.4778 0.6169
0.1378 0.3032 0.7227 0.6565 0.6990 0.5792 0.6124 0.4463 0.6132 0.4611
0.3980 0.6156 0.6100 0.7163 0.5764 0.6698 0.5343 0.5466 0.5085 0.5299
0.5167 0.5783 0.6915 0.5959 0.5983 0.5827 0.5704 0.5236 0.5578 0.5350
0.6655 0.6886 0.7205 0.6585 0.5186 0.5752 0.4705 0.5657 0.5145 0.5937
0.6144 0.7539 0.4846 0.6809 0.5223 0.5829 0.5002 0.5433 0.6144 0.5225
0.6580 0.6569 0.7342 0.5416 0.5409 0.4955 0.5307 0.5472 0.5837 0.5438
0.5418 0.8032 0.3385 0.6788 0.4220 0.6247 0.4912 0.5925 0.5566 0.5448
0.7293 0.3684 0.4974 0.5705 0.6142 0.6139 0.5991 0.5757 0.5352 0.5929
0.2636 0.5496 0.5255 0.6737 0.5756 0.6102 0.5596 0.5132 0.5871 0.4967
0.4297 0.5967 0.6204 0.6864 0.5837 0.6505 0.5473 0.5415 0.5215 0.5314
0.5655 0.7410 0.5775 0.5411 0.5062 0.5264 0.5494 0.5331 0.6072 0.5313
0.6594 0.6930 0.6879 0.6302 0.4943 0.5365 0.4925 0.5677 0.5470 0.5524
0.5892 0.7675 0.4632 0.6002 0.4701 0.5617 0.5208 0.5678 0.5932 0.5442
0.6586 0.6583 0.7321 0.4809 0.5524 0.4697 0.5645 0.5193 0.6115 0.5406
0.5461 0.7989 0.3555 0.6437 0.4344 0.6059 0.5078 0.5805 0.5732 0.5421
0.7249 0.4038 0.5751 0.5272 0.6161 0.5720 0.6037 0.5565 0.5588 0.5825
0.3114 0.6199 0.4673 0.6770 0.5393 0.6174 0.5448 0.5315 0.5810 0.5067
0.5243 0.5446 0.6414 0.6225 0.5983 0.6104 0.5685 0.5375 0.5421 0.5433
0.4765 0.7842 0.3368 0.6693 0.4442 0.6263 0.5096 0.5766 0.5692 0.5344
0.7415 0.4120 0.6280 0.5933 0.5947 0.5804 0.5629 0.5754 0.5262 0.5872
0.2426 0.5064 0.5663 0.6725 0.5995 0.6029 0.5667 0.5033 0.5936 0.4916
0.4622 0.5767 0.6152 0.6816 0.5851 0.6483 0.5474 0.5470 0.5192 0.5388
0.5004 0.7804 0.3798 0.6444 0.4537 0.6067 0.5164 0.5692 0.5765 0.5347
0.7258 0.5532 0.8386 0.4784 0.5886 0.4408 0.5599 0.5179 0.5926 0.5518
0.4131 0.7239 0.3843 0.6844 0.4815 0.6247 0.5168 0.5647 0.5735 0.5256
0.7656 0.3189 0.4553 0.5836 0.6183 0.6310 0.5989 0.5918 0.5198 0.6076
0.1466 0.3273 0.6979 0.6604 0.6845 0.5863 0.6067 0.4544 0.6074 0.4652
0.4070 0.6100 0.6152 0.7038 0.5792 0.6613 0.5404 0.5433 0.5149 0.5290
0.5328 0.5764 0.7172 0.5696 0.6032 0.5612 0.5764 0.5163 0.5691 0.5336
0.6502 0.7296 0.6085 0.7154 0.4827 0.6290 0.4438 0.5910 0.4888 0.6073
0.6471 0.7045 0.6375 0.5918 0.5535 0.5153 0.5283 0.5289 0.6288 0.5296
0.5915 0.7684 0.4667 0.6769 0.4449 0.6009 0.4782 0.5968 0.5438 0.5490
0.6675 0.6445 0.7488 0.4415 0.5670 0.4495 0.5817 0.5072 0.6266 0.5389
0.5350 0.8013 0.3393 0.6530 0.4309 0.6134 0.5055 0.5828 0.5708 0.5416
0.7329 0.3566 0.4746 0.5791 0.6146 0.6241 0.5993 0.5807 0.5296 0.5962
0.2456 0.5202 0.5492 0.6716 0.5904 0.6069 0.5659 0.5054 0.5899 0.4925
0.4186 0.6030 0.6183 0.6934 0.5820 0.6549 0.5448 0.5418 0.5193 0.5299
0.6096 0.6766 0.7660 0.4351 0.5703 0.4440 0.5860 0.4913 0.6379 0.5248
0.6132 0.7658 0.4698 0.7481 0.4199 0.6334 0.4408 0.6169 0.4994 0.5614
0.6875 0.6214 0.7819 0.4232 0.5881 0.4248 0.5861 0.5052 0.6438 0.5418
0.5191 0.8083 0.2976 0.7341 0.4029 0.6591 0.4662 0.6112 0.5306 0.5476
0.7549 0.3085 0.3973 0.6090 0.6163 0.6582 0.5991 0.6003 0.5084 0.6103
0.1442 0.3210 0.7043 0.6595 0.6876 0.5847 0.6080 0.4525 0.6082 0.4642
0.4078 0.6094 0.6170 0.6997 0.5805 0.6589 0.5424 0.5419 0.5172 0.5284
0.4723 0.5939 0.6286 0.6582 0.5842 0.6320 0.5540 0.5399 0.5316 0.5359
0.7136 0.6125 0.8408 0.5282 0.6259 0.5398 0.5157 0.5081 0.5365 0.6472
0.5792 0.7957 0.3069 0.8127 0.5664 0.6838 0.4768 0.4815 0.6416 0.4617
0.7116 0.3626 0.4860 0.7718 0.5780 0.7125 0.4732 0.6767 0.4253 0.6046
0.2580 0.5357 0.5186 0.7416 0.5602 0.6433 0.5257 0.5365 0.5511 0.5022
0.4118 0.6065 0.6144 0.7019 0.5800 0.6604 0.5413 0.5437 0.5154 0.5299
0.6156 0.6642 0.7916 0.4181 0.5814 0.4305 0.5922 0.4841 0.6428 0.5235
0.6073 0.7742 0.4399 0.7637 0.4100 0.6470 0.4328 0.6240 0.4916 0.5633
0.6995 0.5936 0.8038 0.4082 0.6029 0.4144 0.5934 0.5003 0.6468 0.5432
0.5035 0.8037 0.2930 0.7432 0.4039 0.6652 0.4643 0.6120 0.5273 0.5464
0.7687 0.3042 0.4210 0.5843 0.6210 0.6407 0.6051 0.5948 0.5182 0.6105
0.1313 0.2921 0.7264 0.6568 0.7025 0.5809 0.6152 0.4437 0.6115 0.4595
0.4075 0.6096 0.6168 0.7004 0.5803 0.6593 0.5421 0.5421 0.5168 0.5285
0.4596 0.6066 0.6165 0.6722 0.5787 0.6419 0.5488 0.5430 0.5262 0.5349
0.5410 0.6920 0.5366 0.7627 0.6399 0.8157 0.4390 0.5523 0.3893 0.7595
0.6675 0.6307 0.8060 0.5875 0.7384 0.4792 0.5859 0.3494 0.7332 0.4275
0.6112 0.7881 0.3564 0.8457 0.4003 0.7178 0.3567 0.6879 0.4452 0.5802
0.6972 0.4980 0.7319 0.5469 0.5979 0.5233 0.5601 0.5511 0.5652 0.5639
0.4213 0.7441 0.3460 0.7287 0.4512 0.6536 0.4911 0.5847 0.5437 0.5314
0.7839 0.3635 0.6560 0.4354 0.6392 0.5072 0.6283 0.5383 0.5898 0.5865
0.2826 0.5838 0.4934 0.6743 0.5594 0.6150 0.5542 0.5211 0.5850 0.5011
0.6640 0.4632 0.6651 0.5367 0.6153 0.5567 0.5924 0.5378 0.5639 0.5638
0.4412 0.7641 0.3477 0.6763 0.4579 0.6286 0.5137 0.5700 0.5711 0.5289
0.7410 0.3358 0.3850 0.7538 0.5691 0.7201 0.5219 0.6436 0.4333 0.6210
0.1568 0.3435 0.6919 0.6616 0.6783 0.5849 0.6018 0.4594 0.6083 0.4679
0.3989 0.6146 0.6098 0.7155 0.5766 0.6693 0.5348 0.5466 0.5090 0.5297
0.6119 0.5934 0.8493 0.4065 0.6253 0.4252 0.6080 0.4694 0.6369 0.5226
0.5888 0.7999 0.3471 0.8124 0.3818 0.6963 0.4041 0.6465 0.4611 0.5771
0.7329 0.4997 0.8317 0.4167 0.6427 0.4147 0.5998 0.5024 0.6437 0.5523
0.4458 0.7643 0.3161 0.7701 0.4233 0.6779 0.4605 0.6097 0.5162 0.5401
0.7802 0.3589 0.6316 0.4568 0.6361 0.5247 0.6237 0.5455 0.5802 0.5891
0.2674 0.5601 0.5132 0.6732 0.5714 0.6124 0.5590 0.5150 0.5870 0.4978
0.6213 0.4895 0.6564 0.5695 0.6086 0.5764 0.5827 0.5392 0.5547 0.5578
0.4572 0.7745 0.3432 0.6731 0.4516 0.6270 0.5116 0.5727 0.5709 0.5310
0.7351 0.3742 0.4811 0.7252 0.5696 0.6819 0.5212 0.6254 0.4541 0.6099
0.2000 0.4303 0.6254 0.6682 0.6360 0.5951 0.5825 0.4836 0.5999 0.4809
0.4102 0.6072 0.6092 0.7108 0.5778 0.6664 0.5367 0.5473 0.5101 0.5314
0.5939 0.6975 0.7136 0.4687 0.5505 0.4698 0.5745 0.5042 0.6285 0.5265
0.6269 0.7461 0.5364 0.7204 0.4403 0.6080 0.4534 0.6041 0.5108 0.5594
0.6585 0.6769 0.7040 0.4728 0.5510 0.4621 0.5663 0.5227 0.6308 0.5413
0.5512 0.8024 0.3452 0.6990 0.4162 0.6324 0.4787 0.6006 0.5438 0.5480
0.7233 0.4038 0.5717 0.5336 0.6149 0.5758 0.6017 0.5582 0.5561 0.5828
0.3116 0.6201 0.4670 0.6777 0.5390 0.6177 0.5444 0.5318 0.5806 0.5068
0.5299 0.5415 0.6426 0.6186 0.5992 0.6080 0.5697 0.5373 0.5433 0.5440
0.4741 0.7833 0.3359 0.6705 0.4445 0.6271 0.5096 0.5765 0.5689 0.5342
0.7421 0.3997 0.5972 0.6082 0.5938 0.5965 0.5618 0.5823 0.5180 0.5909
0.2314 0.4873 0.5813 0.6712 0.6088 0.6008 0.5708 0.4983 0.5953 0.4889
0.4388 0.5902 0.6118 0.6954 0.5817 0.6569 0.5424 0.5474 0.5148 0.5356
0.5236 0.7718 0.4361 0.6139 0.4676 0.5829 0.5256 0.5592 0.5857 0.5342
0.7035 0.6103 0.8227 0.5156 0.5608 0.4551 0.5382 0.5267 0.5844 0.5479
0.5007 0.7848 0.3389 0.6774 0.4419 0.6232 0.5011 0.5849 0.5699 0.5393
0.7306 0.3240 0.3827 0.6593 0.6042 0.6841 0.5791 0.6111 0.4870 0.6095
0.1543 0.3429 0.6869 0.6646 0.6756 0.5890 0.6013 0.4601 0.6042 0.4679
0.4079 0.6093 0.6169 0.6998 0.5804 0.6589 0.5424 0.5420 0.5172 0.5285
0.5109 0.5769 0.6762 0.6086 0.5961 0.5936 0.5678 0.5277 0.5520 0.5361
0.6734 0.6654 0.7712 0.6239 0.5380 0.5447 0.4859 0.5515 0.5293 0.5859
0.6006 0.7715 0.4202 0.7175 0.5148 0.6118 0.4894 0.5442 0.6114 0.5163
0.6851 0.5781 0.7827 0.5139 0.5798 0.4821 0.5480 0.5408 0.5835 0.5485
0.4871 0.7933 0.3084 0.7151 0.4211 0.6498 0.4837 0.5968 0.5453 0.5407
0.7747 0.3064 0.4451 0.5644 0.6240 0.6254 0.6093 0.5889 0.5270 0.6089
0.1358 0.3027 0.7179 0.6571 0.6972 0.5822 0.6130 0.4467 0.6106 0.4612
0.4073 0.6097 0.6166 0.7009 0.5801 0.6596 0.5419 0.5422 0.5166 0.5286
0.4632 0.6025 0.6199 0.6684 0.5804 0.6391 0.5503 0.5421 0.5277 0.5351
0.5888 0.6840 0.6490 0.7054 0.6385 0.7564 0.4553 0.5365 0.4270 0.7373
0.6182 0.7398 0.5124 0.7401 0.6447 0.6094 0.5212 0.4207 0.6839 0.4433
0.6720 0.6730 0.7078 0.7138 0.5010 0.5796 0.4227 0.6319 0.5027 0.5635
0.5695 0.7886 0.3947 0.6967 0.4272 0.6208 0.4753 0.6013 0.5426 0.5496
0.6983 0.5487 0.7691 0.4304 0.6035 0.4541 0.5993 0.5066 0.6179 0.5491
0.4601 0.7732 0.3331 0.6821 0.4459 0.6320 0.5068 0.5779 0.5654 0.5331
0.7834 0.3149 0.4991 0.5251 0.6295 0.5931 0.6166 0.5761 0.5449 0.6046
0.1514 0.3381 0.6900 0.6591 0.6796 0.5867 0.6052 0.4568 0.6073 0.4666
0.4071 0.6099 0.6161 0.7020 0.5798 0.6602 0.5414 0.5426 0.5160 0.5287
0.4842 0.5861 0.6388 0.6463 0.5879 0.6230 0.5580 0.5373 0.5365 0.5364
0.7251 0.6246 0.8502 0.5267 0.6251 0.5381 0.5073 0.5074 0.5331 0.6570
0.5755 0.7968 0.3061 0.8046 0.5429 0.6789 0.4724 0.5056 0.6272 0.4770
0.7103 0.3376 0.4050 0.7644 0.5830 0.7287 0.4983 0.6714 0.4278 0.6094
0.1862 0.4058 0.6247 0.7239 0.6280 0.6241 0.5593 0.4983 0.5690 0.4830
0.4055 0.6105 0.6152 0.7035 0.5796 0.6613 0.5408 0.5429 0.5154 0.5286
0.5811 0.5882 0.8105 0.4653 0.6178 0.4740 0.5966 0.4857 0.6127 0.5261
0.5977 0.7879 0.3921 0.7965 0.3978 0.6818 0.4127 0.6368 0.4683 0.5779
0.7197 0.5543 0.8463 0.4127 0.6343 0.3973 0.5922 0.4917 0.6579 0.5411
0.4900 0.7961 0.2900 0.7704 0.4007 0.6802 0.4499 0.6220 0.5119 0.5471
0.7739 0.3114 0.4580 0.5636 0.6232 0.6213 0.6074 0.5875 0.5280 0.6078
0.1407 0.3140 0.7086 0.6586 0.6913 0.5841 0.6101 0.4503 0.6091 0.4630
0.4069 0.6100 0.6159 0.7023 0.5797 0.6605 0.5412 0.5427 0.5158 0.5287
0.4878 0.5841 0.6425 0.6421 0.5891 0.6199 0.5592 0.5363 0.5382 0.5365
0.7211 0.6261 0.8488 0.5346 0.6177 0.5346 0.5057 0.5109 0.5337 0.6484
0.5761 0.7962 0.3114 0.7981 0.5356 0.6741 0.4724 0.5134 0.6231 0.4828
0.7085 0.3429 0.4142 0.7527 0.5847 0.7206 0.5062 0.6630 0.4360 0.6073
0.1995 0.4327 0.6041 0.7228 0.6156 0.6257 0.5550 0.5043 0.5680 0.4865
0.4065 0.6099 0.6154 0.7026 0.5798 0.6608 0.5412 0.5428 0.5157 0.5287
0.6110 0.5919 0.8456 0.4108 0.6247 0.4291 0.6073 0.4710 0.6350 0.5232
0.5883 0.7994 0.3487 0.8104 0.3822 0.6941 0.4057 0.6457 0.4630 0.5754
0.7327 0.5016 0.8331 0.4156 0.6427 0.4133 0.5997 0.5017 0.6446 0.5518
0.4474 0.7656 0.3149 0.7702 0.4223 0.6781 0.4600 0.6102 0.5160 0.5404
0.7810 0.3569 0.6274 0.4587 0.6359 0.5268 0.6236 0.5466 0.5791 0.5898
0.2617 0.5509 0.5207 0.6727 0.5761 0.6114 0.5609 0.5127 0.5878 0.4965
0.5851 0.5107 0.6488 0.5957 0.6032 0.5924 0.5748 0.5404 0.5471 0.5530
0.4697 0.7807 0.3440 0.6689 0.4483 0.6243 0.5109 0.5738 0.5715 0.5325
0.7328 0.4293 0.6258 0.6651 0.5741 0.6131 0.5266 0.5946 0.4915 0.5934
0.2535 0.5244 0.5518 0.6745 0.5902 0.6052 0.5624 0.5085 0.5914 0.4943
0.5056 0.5519 0.6225 0.6544 0.5916 0.6315 0.5569 0.5458 0.5278 0.5445
0.4745 0.7785 0.3496 0.6651 0.4494 0.6224 0.5121 0.5735 0.5709 0.5335
0.7394 0.4483 0.7069 0.5577 0.5951 0.5377 0.5629 0.5579 0.5462 0.5772
0.2766 0.5603 0.5232 0.6760 0.5726 0.6086 0.5551 0.5176 0.5887 0.4993
0.5943 0.5000 0.6367 0.5957 0.6047 0.5963 0.5759 0.5438 0.5451 0.5564
0.4360 0.7581 0.3495 0.6775 0.4601 0.6300 0.5146 0.5698 0.5694 0.5290
0.7527 0.3230 0.4034 0.6838 0.5913 0.6842 0.5593 0.6220 0.4718 0.6144
0.1543 0.3383 0.6960 0.6601 0.6812 0.5838 0.6036 0.4573 0.6094 0.4669
0.3983 0.6150 0.6098 0.7159 0.5765 0.6695 0.5346 0.5466 0.5088 0.5297
0.5811 0.5900 0.8143 0.4619 0.6182 0.4707 0.5970 0.4842 0.6144 0.5254
0.5984 0.7884 0.3905 0.7983 0.3978 0.6843 0.4110 0.6375 0.4662 0.5802
0.7201 0.5531 0.8466 0.4125 0.6346 0.3974 0.5923 0.4919 0.6576 0.5413
0.4892 0.7956 0.2903 0.7704 0.4010 0.6802 0.4500 0.6218 0.5120 0.5470
0.7743 0.3120 0.4614 0.5613 0.6235 0.6194 0.6078 0.5867 0.5290 0.6075
0.1421 0.3172 0.7062 0.6588 0.6898 0.5845 0.6094 0.4512 0.6088 0.4635
0.4069 0.6100 0.6159 0.7024 0.5797 0.6605 0.5411 0.5427 0.5157 0.5287
0.4909 0.5825 0.6460 0.6384 0.5900 0.6170 0.5603 0.5354 0.5397 0.5365
0.7175 0.6287 0.8453 0.5429 0.6109 0.5341 0.5036 0.5144 0.5333 0.6424
0.5773 0.7952 0.3178 0.7915 0.5296 0.6691 0.4728 0.5199 0.6197 0.4879
0.7065 0.3517 0.4327 0.7396 0.5861 0.7095 0.5124 0.6541 0.4452 0.6044
0.2219 0.4754 0.5708 0.7231 0.5953 0.6292 0.5473 0.5144 0.5652 0.4921
0.4086 0.6086 0.6157 0.7013 0.5801 0.6599 0.5418 0.5427 0.5162 0.5289
0.6363 0.6062 0.8656 0.3664 0.6245 0.3914 0.6143 0.4602 0.6549 0.5206
0.5854 0.8026 0.3367 0.8112 0.3768 0.6933 0.4063 0.6475 0.4652 0.5710
0.7346 0.4712 0.7929 0.4368 0.6387 0.4455 0.6014 0.5164 0.6258 0.5612
0.4187 0.7409 0.3384 0.7637 0.4409 0.6725 0.4711 0.5987 0.5227 0.5349
0.7466 0.4009 0.6722 0.4585 0.6331 0.5151 0.6188 0.5338 0.5865 0.5769
0.3568 0.6830 0.4088 0.6796 0.5055 0.6259 0.5323 0.5481 0.5757 0.5158
0.7884 0.3318 0.5529 0.5257 0.6235 0.5758 0.6057 0.5736 0.5453 0.6021
0.2115 0.4609 0.5993 0.6649 0.6225 0.5982 0.5800 0.4878 0.5988 0.4833
0.4322 0.5963 0.6047 0.7193 0.5743 0.6701 0.5304 0.5543 0.5021 0.5381
0.5548 0.7472 0.5571 0.5542 0.5006 0.5351 0.5452 0.5364 0.6047 0.5305
0.6613 0.6921 0.6883 0.6681 0.4878 0.5580 0.4730 0.5787 0.5251 0.5613
0.5880 0.7684 0.4605 0.6021 0.4690 0.5630 0.5201 0.5684 0.5924 0.5442
0.6605 0.6542 0.7371 0.4768 0.5552 0.4671 0.5663 0.5179 0.6126 0.5406
0.5429 0.7999 0.3501 0.6471 0.4330 0.6085 0.5067 0.5815 0.5722 0.5421
0.7271 0.3876 0.5408 0.5457 0.6155 0.5904 0.6021 0.5649 0.5487 0.5871
0.2909 0.5912 0.4914 0.6756 0.5545 0.6144 0.5510 0.5239 0.5836 0.5025
0.4647 0.5774 0.6279 0.6635 0.5892 0.6360 0.5552 0.5401 0.5291 0.5359
0.5108 0.7846 0.3814 0.6400 0.4516 0.6040 0.5163 0.5698 0.5773 0.5358
0.7223 0.5654 0.8422 0.4732 0.5863 0.4352 0.5597 0.5152 0.5966 0.5493
0.4339 0.7419 0.3687 0.6844 0.4700 0.6259 0.5121 0.5705 0.5719 0.5291
0.7599 0.3120 0.4170 0.6109 0.6143 0.6532 0.5935 0.6011 0.5067 0.6108
0.1275 0.2834 0.7326 0.6577 0.7066 0.5806 0.6166 0.4416 0.6116 0.4582
0.4068 0.6101 0.6160 0.7022 0.5798 0.6604 0.5413 0.5426 0.5159 0.5287
0.4794 0.5891 0.6342 0.6515 0.5864 0.6269 0.5563 0.5384 0.5344 0.5361
0.7288 0.6241 0.8473 0.5204 0.6333 0.5466 0.5085 0.5045 0.5308 0.6684
0.5760 0.7971 0.3025 0.8109 0.5525 0.6833 0.4731 0.4955 0.6328 0.4700
0.7114 0.3380 0.4108 0.7763 0.5803 0.7332 0.4869 0.6794 0.4200 0.6103
0.1920 0.4170 0.6149 0.7287 0.6212 0.6274 0.5545 0.5030 0.5656 0.4851
0.4050 0.6108 0.6147 0.7044 0.5794 0.6619 0.5404 0.5431 0.5150 0.5287
0.5951 0.5902 0.8289 0.4386 0.6213 0.4520 0.6018 0.4784 0.6236 0.5245
0.5927 0.7943 0.3678 0.8046 0.3892 0.6891 0.4085 0.6418 0.4649 0.5770
0.7273 0.5281 0.8457 0.4085 0.6401 0.4002 0.5971 0.4946 0.6535 0.5458
0.4697 0.7828 0.2999 0.7711 0.4101 0.6799 0.4542 0.6169 0.5134 0.5441
0.7823 0.3306 0.5467 0.5052 0.6307 0.5710 0.6172 0.5666 0.5556 0.5996
0.1876 0.4155 0.6290 0.6649 0.6418 0.5964 0.5884 0.4780 0.5997 0.4779
0.4108 0.6078 0.6147 0.7041 0.5790 0.6613 0.5401 0.5441 0.5143 0.5298
0.6280 0.6094 0.8632 0.3750 0.6235 0.3970 0.6121 0.4611 0.6527 0.5195
0.5903 0.8050 0.3299 0.8233 0.3768 0.7093 0.3950 0.6521 0.4510 0.5856
0.7350 0.4667 0.7894 0.4421 0.6390 0.4496 0.6004 0.5184 0.6234 0.5623
0.4148 0.7371 0.3417 0.7640 0.4431 0.6724 0.4717 0.5978 0.5228 0.5343
0.7363 0.4093 0.6725 0.4665 0.6313 0.5193 0.6162 0.5335 0.5847 0.5749
0.3679 0.6956 0.3977 0.6801 0.4981 0.6272 0.5293 0.5517 0.5745 0.5178
0.7859 0.3228 0.5137 0.5540 0.6193 0.5991 0.6000 0.5839 0.5318 0.6062
0.1863 0.4109 0.6385 0.6619 0.6465 0.5925 0.5902 0.4750 0.6033 0.4765
0.4069 0.6109 0.6043 0.7265 0.5728 0.6754 0.5285 0.5520 0.5013 0.5336
0.6229 0.6432 0.8323 0.3914 0.6010 0.4084 0.6022 0.4711 0.6511 0.5205
0.5983 0.7918 0.3766 0.8054 0.3888 0.6866 0.4068 0.6428 0.4637 0.5769
0.7212 0.5267 0.8152 0.4061 0.6267 0.4180 0.6025 0.5024 0.6408 0.5510
0.4599 0.7768 0.3088 0.7553 0.4199 0.6709 0.4668 0.6064 0.5244 0.5408
0.7878 0.3394 0.5923 0.4709 0.6355 0.5423 0.6238 0.5548 0.5713 0.5952
0.2121 0.4637 0.5910 0.6674 0.6188 0.6017 0.5788 0.4903 0.5956 0.4846
0.4187 0.6033 0.6153 0.7010 0.5797 0.6592 0.5410 0.5446 0.5149 0.5311
0.6122 0.6661 0.7943 0.4194 0.5822 0.4302 0.5918 0.4829 0.6434 0.5222
0.6067 0.7806 0.4169 0.7913 0.4010 0.6716 0.4144 0.6351 0.4709 0.5752
0.7074 0.5719 0.8135 0.4026 0.6122 0.4114 0.5976 0.4989 0.6465 0.5450
0.4903 0.7972 0.2948 0.7478 0.4075 0.6679 0.4645 0.6109 0.5260 0.5448
0.7775 0.3097 0.4640 0.5526 0.6255 0.6149 0.6111 0.5849 0.5325 0.6075
0.1409 0.3145 0.7085 0.6581 0.6913 0.5839 0.6103 0.4502 0.6094 0.4630
0.4071 0.6099 0.6162 0.7017 0.5799 0.6601 0.5415 0.5425 0.5162 0.5287
0.4749 0.5922 0.6301 0.6563 0.5849 0.6304 0.5547 0.5395 0.5325 0.5359
0.7303 0.6263 0.8358 0.5218 0.6412 0.5658 0.5071 0.5035 0.5237 0.6845
0.5783 0.7962 0.3046 0.8138 0.5627 0.6848 0.4750 0.4852 0.6389 0.4635
0.7114 0.3535 0.4585 0.7770 0.5780 0.7220 0.4754 0.6796 0.4212 0.6070
0.2377 0.5016 0.5464 0.7385 0.5777 0.6391 0.5337 0.5272 0.5549 0.4974
0.4080 0.6088 0.6142 0.7037 0.5795 0.6615 0.5406 0.5436 0.5149 0.5293
0.6343 0.6242 0.8530 0.3722 0.6136 0.3949 0.6098 0.4642 0.6552 0.5207
0.5904 0.7964 0.3593 0.8003 0.3840 0.6820 0.4129 0.6421 0.4721 0.5684
0.7278 0.5016 0.8074 0.4163 0.6326 0.4282 0.6031 0.5076 0.6350 0.5553
0.4417 0.7620 0.3208 0.7589 0.4288 0.6717 0.4687 0.6031 0.5237 0.5382
0.7825 0.3615 0.6459 0.4440 0.6380 0.5144 0.6265 0.5413 0.5859 0.5876
0.2761 0.5738 0.5018 0.6738 0.5645 0.6139 0.5562 0.5185 0.5859 0.4997
0.6466 0.4741 0.6616 0.5503 0.6125 0.5648 0.5884 0.5384 0.5601 0.5613
0.4481 0.7689 0.3452 0.6752 0.4549 0.6281 0.5127 0.5713 0.5709 0.5298
0.7382 0.3484 0.4142 0.7470 0.5687 0.7095 0.5206 0.6384 0.4388 0.6175
0.1720 0.3751 0.6677 0.6641 0.6627 0.5888 0.5946 0.4684 0.6051 0.4728
0.4007 0.6132 0.6094 0.7150 0.5767 0.6690 0.5351 0.5468 0.5090 0.5300
0.6367 0.6106 0.8656 0.3643 0.6228 0.3890 0.6140 0.4597 0.6565 0.5202
0.5866 0.8017 0.3401 0.8109 0.3776 0.6927 0.4062 0.6472 0.4650 0.5714
0.7333 0.4756 0.7939 0.4337 0.6374 0.4436 0.6018 0.5153 0.6267 0.5604
0.4218 0.7440 0.3360 0.7624 0.4394 0.6721 0.4711 0.5991 0.5232 0.5353
0.7551 0.3936 0.6713 0.4520 0.6345 0.5119 0.6210 0.5341 0.5880 0.5787
0.3459 0.6701 0.4200 0.6790 0.5129 0.6245 0.5353 0.5444 0.5769 0.5138
0.7895 0.3416 0.5899 0.4997 0.6272 0.5539 0.6107 0.5637 0.5579 0.5979
0.2411 0.5150 0.5563 0.6680 0.5963 0.6042 0.5691 0.5016 0.5940 0.4906
0.5378 0.5367 0.6203 0.6641 0.5873 0.6340 0.5490 0.5545 0.5184 0.5530
0.4799 0.7814 0.3558 0.6610 0.4498 0.6183 0.5125 0.5722 0.5734 0.5330
0.7303 0.4997 0.7700 0.5819 0.5790 0.5229 0.5345 0.5562 0.5387 0.5729
0.3295 0.6335 0.4624 0.6811 0.5338 0.6165 0.5385 0.5379 0.5815 0.5103
0.7526 0.3827 0.6288 0.4916 0.6283 0.5431 0.6110 0.5489 0.5690 0.5849
0.3108 0.6243 0.4599 0.6770 0.5381 0.6195 0.5452 0.5320 0.5810 0.5070
0.7857 0.3601 0.6384 0.4704 0.6309 0.5269 0.6153 0.5503 0.5732 0.5911
0.2985 0.6065 0.4810 0.6733 0.5500 0.6143 0.5501 0.5251 0.5857 0.5033
0.7643 0.3761 0.6118 0.5408 0.6153 0.5669 0.5897 0.5666 0.5441 0.5940
0.3271 0.6456 0.4477 0.6756 0.5287 0.6188 0.5415 0.5359 0.5817 0.5091
0.7765 0.3360 0.5088 0.6043 0.6060 0.6220 0.5772 0.5959 0.5094 0.6093
0.2175 0.4723 0.5900 0.6660 0.6167 0.5998 0.5775 0.4910 0.5974 0.4850
0.4756 0.5718 0.6108 0.6977 0.5795 0.6557 0.5379 0.5545 0.5086 0.5443
0.5103 0.7797 0.4029 0.6320 0.4587 0.5961 0.5196 0.5648 0.5815 0.5338
0.7093 0.5952 0.8280 0.5536 0.5596 0.4744 0.5219 0.5372 0.5630 0.5564
0.4766 0.7727 0.3442 0.6825 0.4494 0.6263 0.5036 0.5812 0.5693 0.5360
0.7436 0.3119 0.3766 0.6496 0.6075 0.6812 0.5840 0.6116 0.4894 0.6125
0.1231 0.2725 0.7416 0.6585 0.7118 0.5795 0.6184 0.4387 0.6120 0.4565
0.4075 0.6096 0.6168 0.7002 0.5803 0.6592 0.5422 0.5420 0.5169 0.5285
0.4627 0.6026 0.6199 0.6685 0.5804 0.6393 0.5503 0.5421 0.5276 0.5352
0.5805 0.6699 0.6712 0.7028 0.6243 0.7295 0.4642 0.5393 0.4423 0.7048
0.6145 0.7464 0.4894 0.7483 0.6381 0.6175 0.5172 0.4254 0.6807 0.4443
0.6783 0.6584 0.7371 0.6970 0.5127 0.5652 0.4300 0.6255 0.5087 0.5621
0.5581 0.7973 0.3600 0.7132 0.4166 0.6350 0.4689 0.6076 0.5365 0.5501
0.7095 0.4721 0.6864 0.4877 0.6105 0.5168 0.5983 0.5330 0.5842 0.5660
0.3878 0.7104 0.3882 0.6836 0.4867 0.6279 0.5226 0.5582 0.5710 0.5212
0.7817 0.3717 0.6742 0.4249 0.6404 0.4967 0.6298 0.5330 0.5956 0.5836
0.3051 0.6168 0.4655 0.6760 0.5422 0.6186 0.5473 0.5298 0.5821 0.5057
0.7418 0.4087 0.6753 0.4760 0.6278 0.5213 0.6105 0.5373 0.5796 0.5767
0.3949 0.7239 0.3793 0.6785 0.4833 0.6269 0.5233 0.5581 0.5744 0.5215
0.7609 0.3112 0.3691 0.7206 0.5827 0.7092 0.5435 0.6380 0.4486 0.6243
0.1323 0.2920 0.7307 0.6554 0.7045 0.5781 0.6154 0.4427 0.6141 0.4591
0.3985 0.6156 0.6092 0.7183 0.5757 0.6710 0.5333 0.5472 0.5073 0.5304
0.5194 0.5778 0.6957 0.5918 0.5991 0.5793 0.5713 0.5224 0.5596 0.5347
0.6654 0.6967 0.7022 0.6689 0.5149 0.5887 0.4644 0.5697 0.5076 0.6017
0.6192 0.7472 0.5076 0.6683 0.5257 0.5730 0.5039 0.5422 0.6157 0.5242
0.6475 0.6794 0.6996 0.5621 0.5251 0.5103 0.5224 0.5542 0.5787 0.5440
0.5585 0.7954 0.3750 0.6560 0.4330 0.6073 0.4993 0.5849 0.5643 0.5446
0.7172 0.4654 0.6878 0.4626 0.6165 0.5054 0.6086 0.5273 0.5942 0.5659
0.3795 0.7018 0.3963 0.6809 0.4927 0.6259 0.5259 0.5547 0.5731 0.5195
0.7725 0.3825 0.6822 0.4277 0.6392 0.4961 0.6280 0.5306 0.5962 0.5805
0.3302 0.6506 0.4365 0.6779 0.5239 0.6224 0.5398 0.5389 0.5789 0.5107
0.7829 0.3669 0.6527 0.4609 0.6322 0.5185 0.6173 0.5456 0.5785 0.5884
0.3181 0.6338 0.4577 0.6748 0.5354 0.6173 0.5442 0.5324 0.5832 0.5072
0.7749 0.3537 0.5656 0.5670 0.6117 0.5905 0.5848 0.5804 0.5288 0.6022
0.2696 0.5625 0.5175 0.6711 0.5724 0.6097 0.5592 0.5139 0.5894 0.4972
0.7336 0.4086 0.6383 0.5409 0.6142 0.5616 0.5880 0.5568 0.5501 0.5841
0.3827 0.7108 0.3912 0.6781 0.4911 0.6255 0.5264 0.5543 0.5755 0.5194
0.7629 0.3111 0.3759 0.7117 0.5850 0.7035 0.5471 0.6351 0.4534 0.6235
0.1348 0.2978 0.7262 0.6557 0.7016 0.5788 0.6141 0.4444 0.6136 0.4600
0.3986 0.6155 0.6088 0.7190 0.5755 0.6714 0.5329 0.5475 0.5069 0.5306
0.5267 0.5782 0.7106 0.5777 0.6015 0.5675 0.5743 0.5183 0.5657 0.5338
0.6539 0.7167 0.6460 0.6986 0.4927 0.6107 0.4525 0.5834 0.4977 0.6004
0.6360 0.7224 0.5869 0.6224 0.5417 0.5381 0.5186 0.5348 0.6234 0.5278
0.6120 0.7408 0.5550 0.6365 0.4727 0.5678 0.4939 0.5813 0.5570 0.5469
0.6244 0.7228 0.6111 0.5272 0.5087 0.5101 0.5473 0.5380 0.6042 0.5400
0.6076 0.7482 0.5399 0.5401 0.4909 0.5278 0.5442 0.5450 0.6046 0.5397
0.6400 0.7023 0.6573 0.4730 0.5316 0.4786 0.5690 0.5210 0.6236 0.5377
0.5796 0.7782 0.4402 0.5905 0.4605 0.5668 0.5264 0.5632 0.5901 0.5412
0.6911 0.5956 0.7797 0.3943 0.5958 0.4262 0.6051 0.4938 0.6397 0.5408
0.4952 0.7936 0.3210 0.6727 0.4331 0.6278 0.5040 0.5831 0.5667 0.5378
0.7649 0.3051 0.4132 0.5891 0.6202 0.6451 0.6046 0.5958 0.5165 0.6103
0.1386 0.3086 0.7138 0.6576 0.6941 0.5827 0.6114 0.4485 0.6100 0.4621
0.4078 0.6094 0.6170 0.6999 0.5804 0.6590 0.5424 0.5420 0.5171 0.5285
0.4608 0.6047 0.6181 0.6705 0.5795 0.6407 0.5495 0.5425 0.5268 0.5350
0.5460 0.6805 0.6029 0.7437 0.6253 0.7748 0.4508 0.5491 0.4154 0.7225
0.6401 0.6964 0.6524 0.6794 0.6865 0.5548 0.5491 0.3895 0.7058 0.4364
0.6388 0.7405 0.5229 0.7924 0.4421 0.6559 0.3854 0.6654 0.4703 0.5720
0.6432 0.6856 0.6900 0.5527 0.5251 0.5053 0.5312 0.5462 0.5883 0.5439
0.5620 0.7933 0.3834 0.6545 0.4347 0.6050 0.4994 0.5844 0.5642 0.5448
0.7145 0.4873 0.7188 0.4424 0.6159 0.4841 0.6098 0.5181 0.6054 0.5605
0.4011 0.7237 0.3768 0.6814 0.4793 0.6280 0.5206 0.5613 0.5710 0.5233
0.7890 0.3601 0.6596 0.4273 0.6408 0.5020 0.6308 0.5371 0.5926 0.5871
0.2722 0.5678 0.5066 0.6732 0.5676 0.6131 0.5577 0.5169 0.5866 0.4988
0.5629 0.5234 0.6445 0.6106 0.6000 0.6016 0.5703 0.5409 0.5428 0.5500
0.4776 0.7836 0.3471 0.6652 0.4473 0.6217 0.5110 0.5738 0.5722 0.5332
0.7316 0.4701 0.7168 0.6176 0.5771 0.5606 0.5308 0.5722 0.5188 0.5816
0.2949 0.5872 0.5010 0.6784 0.5584 0.6118 0.5488 0.5252 0.5857 0.5034
0.6802 0.4444 0.6470 0.5340 0.6179 0.5610 0.5954 0.5426 0.5619 0.5692
0.3930 0.7212 0.3771 0.6803 0.4829 0.6291 0.5232 0.5591 0.5721 0.5222
0.7727 0.3058 0.4115 0.6390 0.6046 0.6631 0.5793 0.6125 0.4910 0.6160
0.1397 0.3088 0.7179 0.6559 0.6963 0.5799 0.6118 0.4474 0.6129 0.4617
0.3983 0.6157 0.6089 0.7188 0.5756 0.6713 0.5330 0.5474 0.5070 0.5305
0.5216 0.5779 0.7003 0.5875 0.5999 0.5757 0.5723 0.5212 0.5615 0.5344
0.6616 0.7031 0.6850 0.6785 0.5077 0.5955 0.4606 0.5741 0.5046 0.6010
0.6243 0.7400 0.5318 0.6544 0.5302 0.5624 0.5083 0.5403 0.6179 0.5255
0.6364 0.7006 0.6579 0.5852 0.5084 0.5276 0.5135 0.5624 0.5724 0.5447
0.5770 0.7809 0.4311 0.6245 0.4504 0.5831 0.5110 0.5737 0.5747 0.5436
0.6972 0.5747 0.7813 0.3961 0.6025 0.4298 0.6074 0.4951 0.6361 0.5434
0.4794 0.7856 0.3247 0.6769 0.4383 0.6300 0.5052 0.5809 0.5662 0.5358
0.7744 0.3061 0.4436 0.5640 0.6242 0.6257 0.6098 0.5888 0.5272 0.6088
0.1369 0.3052 0.7161 0.6570 0.6960 0.5823 0.6125 0.4474 0.6105 0.4615
0.4075 0.6096 0.6167 0.7005 0.5802 0.6594 0.5420 0.5421 0.5167 0.5285
0.4604 0.6056 0.6173 0.6713 0.5791 0.6412 0.5491 0.5428 0.5266 0.5349
0.5489 0.6925 0.5578 0.7540 0.6398 0.8070 0.4408 0.5494 0.3950 0.7567
0.6563 0.6595 0.7473 0.6283 0.7167 0.5117 0.5700 0.3665 0.7215 0.4314
0.6208 0.7721 0.4142 0.8280 0.4134 0.6958 0.3665 0.6811 0.4536 0.5771
0.6835 0.5836 0.7860 0.4963 0.5830 0.4691 0.5601 0.5276 0.5972 0.5479
0.4910 0.7957 0.3059 0.7182 0.4183 0.6514 0.4812 0.5989 0.5432 0.5416
0.7730 0.3054 0.4372 0.5705 0.6231 0.6302 0.6082 0.5908 0.5243 0.6094
0.1342 0.2990 0.7209 0.6569 0.6991 0.5817 0.6138 0.4456 0.6110 0.4606
0.4074 0.6097 0.6166 0.7007 0.5802 0.6595 0.5420 0.5422 0.5167 0.5286
0.4614 0.6045 0.6182 0.6703 0.5796 0.6405 0.5496 0.5425 0.5270 0.5350
0.5586 0.6909 0.5882 0.7411 0.6383 0.7919 0.4447 0.5456 0.4048 0.7494
0.6418 0.6928 0.6625 0.6751 0.6894 0.5508 0.5508 0.3874 0.7071 0.4360
0.6367 0.7443 0.5104 0.7968 0.4386 0.6605 0.3833 0.6672 0.4684 0.5725
0.6483 0.6757 0.7076 0.5426 0.5326 0.4978 0.5353 0.5425 0.5910 0.5437
0.5542 0.7982 0.3630 0.6665 0.4284 0.6142 0.4950 0.5886 0.5601 0.5451
0.7204 0.4357 0.6368 0.4945 0.6163 0.5377 0.6058 0.5414 0.5769 0.5738
0.3485 0.6670 0.4269 0.6797 0.5131 0.6224 0.5341 0.5447 0.5764 0.5139
0.6964 0.4420 0.6792 0.4892 0.6259 0.5299 0.6086 0.5301 0.5810 0.5662
0.4058 0.7350 0.3627 0.6811 0.4740 0.6312 0.5198 0.5635 0.5707 0.5245
0.7755 0.3067 0.4250 0.6236 0.6079 0.6531 0.5842 0.6077 0.4984 0.6146
0.1437 0.3182 0.7106 0.6564 0.6917 0.5811 0.6098 0.4500 0.6120 0.4631
0.3985 0.6157 0.6085 0.7198 0.5753 0.6719 0.5324 0.5478 0.5064 0.5307
0.5325 0.5791 0.7231 0.5657 0.6035 0.5574 0.5768 0.5146 0.5710 0.5329
0.6451 0.7310 0.6011 0.7196 0.4760 0.6267 0.4439 0.5936 0.4905 0.5992
0.6499 0.6999 0.6496 0.5837 0.5568 0.5095 0.5311 0.5270 0.6306 0.5298
0.5869 0.7739 0.4477 0.6855 0.4390 0.6080 0.4749 0.6001 0.5408 0.5494
0.6764 0.6235 0.7665 0.4287 0.5785 0.4418 0.5883 0.5030 0.6288 0.5399
0.5196 0.8011 0.3256 0.6646 0.4287 0.6219 0.5029 0.5848 0.5676 0.5406
0.7459 0.3215 0.4113 0.6050 0.6153 0.6528 0.5987 0.5959 0.5126 0.6065
0.1791 0.3960 0.6466 0.6641 0.6508 0.5934 0.5917 0.4732 0.6012 0.4753
0.4085 0.6089 0.6171 0.6993 0.5806 0.6586 0.5426 0.5419 0.5174 0.5285
0.5353 0.5774 0.7236 0.5631 0.6038 0.5561 0.5776 0.5145 0.5715 0.5334
0.6347 0.7323 0.5914 0.7212 0.4647 0.6166 0.4480 0.5963 0.4981 0.5804
0.6540 0.6932 0.6662 0.5715 0.5622 0.5010 0.5354 0.5237 0.6337 0.5299
0.5806 0.7808 0.4229 0.6967 0.4313 0.6175 0.4704 0.6045 0.5368 0.5500
0.6875 0.5926 0.7789 0.4193 0.5921 0.4387 0.5955 0.5005 0.6284 0.5424
0.4963 0.7942 0.3204 0.6750 0.4320 0.6289 0.5025 0.5841 0.5654 0.5382
0.7642 0.3052 0.4115 0.5908 0.6199 0.6463 0.6042 0.5962 0.5157 0.6103
0.1387 0.3089 0.7136 0.6577 0.6940 0.5828 0.6114 0.4486 0.6099 0.4621
0.4078 0.6094 0.6170 0.6999 0.5804 0.6590 0.5424 0.5420 0.5171 0.5285
0.4613 0.6042 0.6185 0.6700 0.5797 0.6404 0.5497 0.5424 0.5270 0.5351
0.5516 0.6786 0.6190 0.7361 0.6242 0.7649 0.4536 0.5472 0.4215 0.7173
0.6332 0.7107 0.6092 0.6993 0.6736 0.5723 0.5404 0.3991 0.6991 0.4385
0.6481 0.7230 0.5783 0.7721 0.4581 0.6348 0.3955 0.6564 0.4793 0.5695
0.6206 0.7251 0.6005 0.6001 0.4921 0.5418 0.5129 0.5639 0.5745 0.5454
0.6014 0.7543 0.5215 0.5797 0.4780 0.5481 0.5273 0.5570 0.5881 0.5421
0.6536 0.6783 0.7028 0.4484 0.5493 0.4599 0.5785 0.5118 0.6295 0.5374
0.5586 0.7933 0.3816 0.6237 0.4429 0.5920 0.5149 0.5744 0.5800 0.5418
0.7160 0.4826 0.7138 0.4428 0.6168 0.4864 0.6109 0.5190 0.6047 0.5614
0.3955 0.7182 0.3817 0.6809 0.4828 0.6273 0.5222 0.5595 0.5718 0.5223
0.7863 0.3655 0.6681 0.4245 0.6409 0.4982 0.6307 0.5347 0.5947 0.5854
0.2881 0.5923 0.4863 0.6746 0.5551 0.6158 0.5525 0.5232 0.5843 0.5022
0.6633 0.4637 0.6652 0.5368 0.6153 0.5567 0.5924 0.5377 0.5639 0.5636
0.4415 0.7644 0.3475 0.6763 0.4577 0.6286 0.5136 0.5701 0.5711 0.5289
0.7409 0.3362 0.3858 0.7537 0.5691 0.7198 0.5218 0.6434 0.4334 0.6209
0.1573 0.3446 0.6910 0.6617 0.6777 0.5850 0.6016 0.4597 0.6081 0.4681
0.3989 0.6145 0.6098 0.7155 0.5766 0.6693 0.5348 0.5466 0.5090 0.5297
0.6137 0.5937 0.8510 0.4034 0.6257 0.4226 0.6086 0.4686 0.6382 0.5224
0.5884 0.8004 0.3453 0.8129 0.3811 0.6967 0.4038 0.6469 0.4610 0.5768
0.7334 0.4968 0.8295 0.4182 0.6428 0.4168 0.5999 0.5035 0.6425 0.5530
0.4433 0.7622 0.3180 0.7699 0.4248 0.6777 0.4612 0.6088 0.5166 0.5397
0.7788 0.3622 0.6377 0.4542 0.6362 0.5217 0.6239 0.5439 0.5818 0.5880
0.2764 0.5742 0.5015 0.6740 0.5643 0.6140 0.5561 0.5187 0.5857 0.4997
0.6745 0.4564 0.6668 0.5291 0.6168 0.5521 0.5946 0.5377 0.5659 0.5654
0.4366 0.7607 0.3499 0.6769 0.4600 0.6287 0.5144 0.5691 0.5713 0.5282
0.7430 0.3298 0.3727 0.7552 0.5699 0.7239 0.5232 0.6455 0.4317 0.6226
0.1491 0.3270 0.7045 0.6601 0.6865 0.5828 0.6058 0.4544 0.6100 0.4653
0.3984 0.6150 0.6100 0.7155 0.5766 0.6693 0.5348 0.5465 0.5090 0.5296
0.5792 0.5897 0.8116 0.4657 0.6177 0.4738 0.5963 0.4853 0.6129 0.5256
0.5992 0.7874 0.3944 0.7970 0.3991 0.6831 0.4117 0.6367 0.4668 0.5803
