0.00000000
0.00000000
0.18045205
0.18045205
0.15742897
0.14530301
0.14741730
0.14741730
0.13851155
0.13851155
0.13816665
0.13816665
0.13728110
0.13728110
0.13728110
0.12528321
0.12528321
0.13345824
0.13345824
0.13345824
0.13345824
0.12880530
0.12880530
0.12228369
0.12228369
0.11421906
0.11421906
0.07993041
0.05764035
0.06167878
0.06167878
0.06167878
0.05741644
0.12885289
0.12885289
0.11598437
0.07351813
0.06705867
0.05217527
0.07513159
0.05086648
0.05086648
0.07393771
0.07393771
0.08109047
0.07841744
0.09120203
0.11915128
0.11915128
0.04941987
0.11597149
0.11597149
0.05321115
0.05321115
0.05321115
0.07602520
0.07602520
0.07602520
0.04995573
0.04960074
0.04960074
0.06181152
0.06181152
0.06181152
0.06181152
0.06181152
0.05113709
0.08448641
0.08448641
0.04568108
0.04568108
0.04568108
0.04880529
0.05325318
0.05325318
0.05325318
0.05325318
0.04927422
0.04738937
0.04738937
0.06650230
0.06650230
0.11585561
0.10348492
0.09479550
0.09479550
0.04759245
0.04759245
0.04759245
0.04759245
0.06022500
0.05184414
0.05184414
0.05184414
0.05184414
0.06744114
0.06744114
0.05653644
0.05653644
0.05653644
0.05192984
0.05509136
0.05509136
0.04930363
0.05314114
0.05617824
0.05617824
0.05377904
0.05377904
0.05377904
0.05951864
0.06770656
0.09102546
0.05958437
0.05717242
0.05717242
0.05717242
0.05461449
0.05461449
0.05592547
0.05592547
0.06083863
0.06083863
0.06427926
0.04898118
0.04898118
0.05688954
0.05688954
0.05688954
0.05548708
0.05548708
0.05487587
0.05487587
0.05487587
0.05487587
0.05941284
0.05941284
0.05800780
0.05800780
0.05800780
0.05800780
0.05498175
0.05498175
0.05132565
0.05132565
0.05132565
0.05132565
0.05132565
0.05438206
0.05438206
0.05438206
0.05438206
0.06233922
0.06233922
0.05781998
0.05055148
0.05055148
0.05055148
0.06024011
0.05492179
0.06562306
0.06562306
0.06562306
0.06562306
0.06562306
0.05418949
0.05145356
0.05145356
0.05145356
0.05145356
0.05145356
0.05145356
0.05429658
0.06858641
0.05277999
0.05277999
0.05277999
0.05277999
0.05713444
0.05713444
0.05713444
0.05713444
0.05201053
0.05201053
0.05201053
0.05454085
0.05778501
0.06066815
0.06615817
0.06416468
0.05804367
0.05804367
0.06195200
0.06573780
0.06564166
0.06584924
0.06768518
0.06044639
0.05799133
0.05994604
0.05994604
0.05974786
0.05815947
0.05776555
0.05776555
0.06173392
0.06173392
0.06173392
0.06173392
0.06173392
0.06061610
0.06061610
0.06224638
0.06224638
0.07672540
0.07672540
0.07672540
0.07672540
0.08348503
0.08348503
0.08248905
0.06136369
0.06487755
0.06487755
0.06378358
0.07166282
0.07499144
0.05632219
0.05485665
0.05485665
0.05853724
0.05268657
0.05268657
0.05268657
0.05949825
0.05949825
0.06814338
0.06975553
0.06975553
0.06975553
0.07065784
0.07065784
0.07065784
0.05204284
0.05204284
0.05400170
0.05400170
0.05325443
0.05196804
0.05391367
0.05391367
0.05580556
0.06803177
0.06803177
0.06553060
0.06937971
0.06954520
0.06954520
0.05303594
0.05303594
0.05572931
0.05572931
0.04693629
0.05671185
0.05246595
0.04880590
0.04880590
0.06310474
0.06310474
0.04921393
0.04921393
0.04921393
0.04921393
0.04921393
0.04921393
0.04921393
0.06209894
0.06209894
0.07088762
0.07359314
0.07359314
0.04489946
0.04471458
0.04533239
0.04533239
0.04667883
0.04667883
0.04667883
0.04667883
0.05136126
0.05136126
0.05136126
0.05136126
0.05136126
0.05136126
0.05136126
0.05136126
0.05136126
0.04550757
0.04346056
0.05305805
0.05305805
0.05305805
0.04887241
0.04887241
0.04887241
0.04402809
0.04163060
0.04247218
0.04596029
0.04935068
0.05194477
0.05596211
0.05596211
0.05596211
0.05596211
0.05596211
0.04247245
0.04482390
0.04397356
0.04150502
0.04150502
0.04150502
0.04655555
0.04132422
0.04132422
0.04132422
0.04132422
0.04132422
0.04471651
0.04890112
0.04890112
0.04890112
0.04260922
0.04370417
0.04670101
0.04670101
0.04863071
0.05003695
0.04743022
0.04671143
0.04671143
0.04671143
0.04671143
0.04679741
0.04123271
0.04123271
0.04123271
0.04273152
0.03998416
0.04868544
0.05070756
0.04989942
0.04447172
0.04447172
0.04447172
0.04447172
0.04447172
0.04447172
0.04239113
0.04239113
0.04239113
0.04239113
0.04239113
0.04304311
0.04304311
0.04670612
0.04670612
0.04084551
0.04084551
0.04084551
0.04056268
0.04056268
0.04274255
0.04274255
0.04291784
0.04291784
0.04291784
0.05388675
0.05006435
0.05006435
0.05006435
0.04206895
0.04479535
0.04278557
0.04768933
0.04768933
0.04768933
0.04875050
0.05316774
0.05316774
0.05316774
0.05913866
0.05913866
0.05913866
0.06562584
0.06562584
0.07414936
0.04006925
0.04006925
0.04006925
0.04784519
0.05535461
0.05535461
0.03819267
0.03843677
0.03970116
0.04113923
0.04113923
0.03819873
0.03561616
0.03875385
0.03998063
0.03974595
0.04057738
0.04604031
0.04799304
0.04871779
0.03864298
0.03864298
0.04250068
0.04194836
0.04194836
0.04194836
0.04212898
0.04008986
0.04008986
0.04008986
0.04653764
0.04653764
0.04653764
0.04653764
0.04653764
0.04323813
0.04323813
0.04387892
0.04000367
0.04125576
0.04125576
0.04308118
0.04308118
0.04030054
0.03917381
0.04524386
0.05542432
0.05542432
0.03979595
0.03979595
0.04587142
0.04587142
0.04587142
0.04587142
0.04587142
0.04618990
0.04268537
0.04268537
0.04268537
0.04484897
0.04484897
0.04082560
0.04082560
0.04139729
0.04076283
0.04076283
0.04411036
0.04411036
0.04185024
0.04316195
0.04796283
0.04796283
0.04796283
0.04251316
0.04251316
0.04251316
0.04082792
0.03988513
0.03988513
0.04303487
0.04303487
0.04028978
0.04028978
0.04028978
0.04028978
0.04032451
0.03988585
0.04234929
0.04247082
0.04247082
0.04177123
0.04177123
0.04177123
0.04177123
0.04418171
0.03920520
0.04315089
0.04315089
0.04315089
0.04279011
0.04398451
0.04673298
0.04559203
0.04415978
0.04415978
0.04464441
0.04464441
0.04654513
0.04654513
0.04654513
0.04054733
0.03729239
0.03729239
0.03834260
0.03888536
0.03888536
0.03888536
0.04000346
0.04000346
0.04000346
0.04000346
0.04139454
0.04139454
0.03780324
0.04280180
0.04280180
0.04280180
0.04448095
0.04782784
0.04749744
0.04749744
0.04749744
0.04749744
0.04749744
0.04001137
0.04001137
0.04001137
0.03960850
0.04112406
0.04011195
0.04011195
0.04344544
0.04171036
0.04171036
0.04187363
0.04187363
0.04187363
0.04354179
0.04403455
0.04211210
0.04971012
0.04666549
0.05142314
0.05142314
0.05781194
0.04239540
0.04495685
0.04091090
0.04091090
0.04091090
0.04091090
0.04091090
0.04091090
0.04091090
0.04420649
0.04688273
0.04525805
0.04728374
0.04522534
0.05243972
0.05243972
0.05243972
0.05243972
0.04774694
0.04854462
0.04854462
0.04854462
0.04854462
0.04854462
0.04621321
0.04460401
0.04753454
0.05575498
0.06760582
0.07173226
0.07173226
0.04995496
0.04995496
0.04987597
0.05651603
0.05651603
0.05651603
0.05651603
0.04698289
0.04230312
0.04427407
0.04355153
0.04208368
0.04208368
0.04178930
0.04286092
0.04286092
0.04286092
0.04286092
0.04286092
0.04363573
0.04752826
0.04573049
0.04521287
0.04504390
0.04504390
0.04504390
0.04950766
0.04870450
0.04870450
0.04676159
0.04676159
0.04571832
0.04571832
0.04767785
0.04767785
0.04767785
0.04767785
0.04767785
0.04568846
0.05187562
0.04784087
0.04784087
0.05358458
0.05358458
0.05358458
0.05358458
0.05358458
0.05358458
0.05358458
0.05358458
0.04833000
0.04833000
0.04833000
0.04833000
0.04168250
0.04168250
0.04168250
0.04168250
0.04168250
0.04168250
0.04114610
0.04356553
0.04081054
0.04081054
0.04081054
0.04081054
0.04420930
0.04363688
0.04363688
0.03967036
0.03961910
0.04015587
0.04015587
0.04015587
0.04015587
0.04169302
0.03883503
0.04333944
0.04333944
0.04333944
0.04081832
0.04081832
0.04688579
0.04688579
0.04688579
0.04214585
0.04214585
0.04214585
0.04403606
0.04292171
0.04086699
0.04086699
0.04086699
0.04104543
0.04104543
0.04144845
0.04144845
0.04144845
0.04399179
0.04399179
0.04399179
0.04049005
0.04303254
0.04303254
0.04303254
0.04303254
0.04303254
0.04290524
0.04290524
0.04641934
0.05143016
0.05340984
0.05664281
0.05664281
0.05664281
0.05664281
0.05664281
0.04106754
0.04106754
0.04106754
0.04106754
0.04106754
0.04106754
0.04106754
0.04106754
0.04106754
0.04106754
0.04038272
0.04913807
0.05023956
0.05023956
0.05582397
0.03997155
0.04091675
0.04091675
0.04091675
0.04091675
0.04545827
0.04359369
0.04432723
0.04432723
0.04432723
0.04673902
0.04673902
0.04523627
0.04523627
0.04518477
0.04518477
0.04518477
0.04518477
0.04518477
0.04518477
0.04299839
0.04646687
0.05044541
0.04652464
0.04652464
0.04652464
0.04652464
0.04652464
0.04623987
0.04623987
0.04977577
0.05562976
0.05562976
0.05562976
0.04247670
0.04247670
0.04414796
0.04571837
0.04571837
0.04623409
0.04623409
0.04602230
0.04602230
0.04310419
0.04224904
0.04224904
0.04224904
0.04379453
0.04669054
0.04252421
0.04423541
0.04423541
0.04813277
0.04813277
0.04813277
0.04442102
0.05108213
0.05108213
0.05108213
0.05308375
0.04233210
0.04302286
0.04546049
0.04744722
0.04744722
0.04744722
0.04204121
0.04581808
0.04581808
0.04332972
0.04487287
0.04487287
0.04487287
0.04487287
0.04487287
0.04640721
0.04640721
0.04332707
0.04332707
0.04332707
0.04332707
0.04498791
0.04962156
0.04962156
0.04962156
0.05893165
0.05893165
0.05893165
0.04394141
0.04394141
0.04999944
0.04999944
0.04999944
0.04404611
0.04787024
0.04787024
0.04787024
0.04787024
0.04846666
0.04432276
0.04343380
0.04343380
0.04533070
0.04774842
0.04774842
0.05461179
0.05461179
0.05461179
0.05461179
0.04526315
0.04491526
0.04491526
0.04491526
0.04632630
0.04632630
0.04632630
0.04720892
0.04451645
0.05145081
0.05145081
0.04769719
0.04983531
0.05467347
0.05467347
0.05467347
0.05626420
0.05626420
0.04915151
0.04915151
0.04915151
0.04915151
0.04945856
0.04945856
0.04941916
0.04588860
0.04588860
0.04588860
0.04588860
0.04588860
0.04588860
0.04588860
0.04966592
0.04966592
0.04966592
0.04966592
0.04966592
0.04966592
0.04966592
0.04966592
0.04966592
0.04659403
0.04311481
0.04385167
0.04385167
0.04530303
0.04530303
0.04530303
0.04389622
0.04389622
0.04389622
0.04860800
0.05197043
0.04659241
0.04504814
0.04504814
0.04504814
0.04504814
0.04859501
0.04859501
0.04343179
0.04372773
0.04372773
0.04372773
0.04555376
0.04450143
0.04450143
0.04450143
0.04577582
0.04577582
0.04631203
0.04650420
0.05454274
0.05454274
0.05606408
0.05606408
0.05606408
0.05862059
0.04931674
0.04892202
0.04892202
0.05065935
0.05065935
0.05065935
0.04702780
0.04702780
0.05311777
0.05311777
0.05311777
0.05319207
0.05211264
0.05211264
0.05038114
0.05038114
0.04831870
0.04492962
0.04492962
0.04492962
0.05383241
0.05383241
0.05383241
0.05383241
0.05383241
0.05383241
0.05664943
0.05664943
0.04844275
0.05072864
0.05349364
0.05431354
0.06020278
0.06051510
0.06052990
0.06052990
0.06052990
0.06052990
0.06052990
0.05959482
0.07128278
0.07128278
0.07128278
0.05055602
0.04489636
0.04858685
0.04858685
0.04858685
0.04655418
0.04655418
0.05007176
0.05007176
0.05152852
0.05152852
0.05152852
0.05152852
0.05152852
0.05152852
0.05152852
0.05152852
0.05152852
0.04744588
0.05306783
0.05306783
0.05306783
0.05306783
0.05349151
0.05349151
0.05349151
0.04699828
0.04699828
0.04699828
0.05247994
0.05172160
0.05172160
0.05172160
0.05172160
0.05172160
0.05172160
0.05172160
0.04803077
0.04803077
0.04803077
0.04803077
0.04803077
0.04803077
0.05323078
0.04548555
0.04475262
0.04531315
0.04833976
0.05567636
0.05567636
0.05567636
0.05567636
0.05567636
0.05567636
0.04618844
0.04618844
0.04568862
0.04828179
0.04828179
0.04832145
0.04621452
0.05226634
0.04324611
0.04600113
0.04600113
0.04600113
0.04678670
0.04640864
0.04640864
0.04518968
0.05039655
0.05039655
0.05039655
0.05039655
0.05039655
0.05365289
0.05365289
0.06493770
0.06857738
0.06013253
0.06013253
0.06013253
0.05378909
0.04918352
0.04918352
0.04918352
0.04918352
0.04918352
0.05388501
0.05388501
0.05388501
0.06036826
0.06036826
0.04871807
0.05850747
0.05853238
0.05853238
0.05853238
0.05853238
0.05853238
0.05853238
0.05853238
0.06202397
0.06202397
0.04427897
0.05583370
0.05583370
0.05583370
0.04907184
0.04886812
0.04917564
0.04717688
0.04717688
0.04970268
0.04970268
0.05310683
0.05310683
0.04814583
0.05072555
0.05072555
0.05343473
0.05056368
0.05056368
0.05056368
0.04781278
0.04781278
0.04781278
0.04781278
0.05220340
0.05963050
0.05216344
0.05216344
0.05216344
0.05216344
0.05259435
0.05242741
0.05242741
0.05242741
0.05263444
0.04677838
0.05225519
0.05778012
0.05633852
0.05633852
0.05633852
0.06735675
0.06735675
0.06735675
0.06735675
0.05218751
0.04821776
0.04915321
0.05056178
0.04811548
0.04811548
0.04811548
0.04871041
0.05652801
0.05163283
0.05163283
0.04882640
0.05053064
0.04672110
0.04553116
0.04553116
0.04511236
0.04511236
0.04538057
0.04538057
0.04994572
0.05094471
0.05094471
0.04813630
0.04813630
0.04813630
0.04813630
0.04813630
0.04772751
0.04772751
0.04772751
0.04772751
0.05486431
0.06261287
0.06261287
0.05819871
0.05819871
0.07065456
0.07065456
0.07411729
0.07411729
0.07411729
0.06381059
0.06997244
0.05083859
0.05083859
0.05028772
0.04661307
0.04661307
0.04661307
0.04874289
0.05098782
0.05098782
0.05098782
0.05098782
0.05098782
0.05098782
0.05098782
0.05098782
0.05027284
0.05271303
0.04609094
0.05055371
0.05055371
0.04882589
0.04882589
0.04882589
0.04882589
0.04644633
0.04644633
0.04777284
0.04777284
0.04777284
0.04777284
0.04777284
0.04777284
0.04777284
0.04850847
0.04850847
0.04850847
0.04850847
0.04871054
0.04935844
0.04935844
0.04935844
0.04935844
0.04961397
0.04961397
0.04961397
0.04961397
0.05315748
0.05594341
0.05540807
0.04693783
0.04693783
0.04693783
0.04761127
0.04761127
0.04971189
0.04733374
0.05594940
0.05697161
0.05348037
0.05655746
0.04984152
0.04984152
0.05316131
0.05316131
0.05316131
0.04680561
0.04680561
0.05608187
0.05445260
0.05999889
0.06778192
0.06532072
0.06532072
0.06644249
0.06644249
0.06644249
0.06644249
0.06644249
0.06644249
0.06644249
0.06644249
0.06644249
0.06644249
0.06644249
0.06839889
0.05970365
0.06861924
0.04636555
0.04799201
0.04799201
0.04799201
0.05048603
0.04513482
0.04513482
0.05097137
0.05097137
0.05097137
0.05097137
0.04948992
0.04745853
0.04745853
0.04745853
0.04603657
0.04603657
0.04603657
0.05584661
0.05584661
0.05296527
0.05566254
0.05566254
0.05566254
