0.00000000
0.00000000
0.20207907
0.20207907
0.16684860
0.15763779
0.15765801
0.15765801
0.15506178
0.15506178
0.15413173
0.15413173
0.15412320
0.15412320
0.15412320
0.15163048
0.15163048
0.15320010
0.15320010
0.15320010
0.15320010
0.15359334
0.15359334
0.15757885
0.15757885
0.14816257
0.14816257
0.14665212
0.13532413
0.13533528
0.13533528
0.13533528
0.13626028
0.13828187
0.13828187
0.13875162
0.13685021
0.13174176
0.13719459
0.14561641
0.14336124
0.14336124
0.10589906
0.10589906
0.10314207
0.06109849
0.07578401
0.06699156
0.06699156
0.04342878
0.06137560
0.06137560
0.05361091
0.05361091
0.05361091
0.08275826
0.08275826
0.08275826
0.05837344
0.07315689
0.07315689
0.04478321
0.04478321
0.04478321
0.04478321
0.04478321
0.05287438
0.04441411
0.04441411
0.03972566
0.03972566
0.03972566
0.04287605
0.07555180
0.07555180
0.07555180
0.07555180
0.07054407
0.04239014
0.04239014
0.06708570
0.06708570
0.08873684
0.08619665
0.09347455
0.09347455
0.04545076
0.04545076
0.04545076
0.04545076
0.04236741
0.06795629
0.06795629
0.06795629
0.06795629
0.05630006
0.05630006
0.05493377
0.05493377
0.05493377
0.05383817
0.04172325
0.04172325
0.04423518
0.05490740
0.06736964
0.06736964
0.05111449
0.05111449
0.05111449
0.04973558
0.04419498
0.04383413
0.04915955
0.05931194
0.05931194
0.05931194
0.04850057
0.04850057
0.05424166
0.05424166
0.04736109
0.04736109
0.04604040
0.04869445
0.04869445
0.04769114
0.04769114
0.04769114
0.04659747
0.04659747
0.04608651
0.04608651
0.04608651
0.04608651
0.04434917
0.04434917
0.04662688
0.04662688
0.04662688
0.04662688
0.04970531
0.04970531
0.05281905
0.05281905
0.05281905
0.05281905
0.05281905
0.05119367
0.05119367
0.05119367
0.05119367
0.05313189
0.05313189
0.04620736
0.04688698
0.04688698
0.04688698
0.05535876
0.05748103
0.05672417
0.05672417
0.05672417
0.05672417
0.05672417
0.07726000
0.04669654
0.04669654
0.04669654
0.04669654
0.04669654
0.04669654
0.05632902
0.06413159
0.05110681
0.05110681
0.05110681
0.05110681
0.05372775
0.05372775
0.05372775
0.05372775
0.06240079
0.06240079
0.06240079
0.05397187
0.05683276
0.06530373
0.06786168
0.05927349
0.04987307
0.04987307
0.05058338
0.05076626
0.05166246
0.05677578
0.05360759
0.05164240
0.04780012
0.05653579
0.05653579
0.06087815
0.05692989
0.06130108
0.06130108
0.05875988
0.05875988
0.05875988
0.05875988
0.05875988
0.05034818
0.05034818
0.05611118
0.05611118
0.05959491
0.05959491
0.05959491
0.05959491
0.06280845
0.06280845
0.05769453
0.05047222
0.05171742
0.05171742
0.05315047
0.05216650
0.05595641
0.04983354
0.05419872
0.05419872
0.05169207
0.04573994
0.04573994
0.04573994
0.04553013
0.04553013
0.04795350
0.05524663
0.05524663
0.05524663
0.06452920
0.06452920
0.06452920
0.06678945
0.06678945
0.04921846
0.04921846
0.04690590
0.05218042
0.04787107
0.04787107
0.04678753
0.04558138
0.04558138
0.05123815
0.05219002
0.05013829
0.05013829
0.04652356
0.04652356
0.04747815
0.04747815
0.04547145
0.04931207
0.04526126
0.06254531
0.06254531
0.04537488
0.04537488
0.04799790
0.04799790
0.04799790
0.04799790
0.04799790
0.04799790
0.04799790
0.04895723
0.04895723
0.05403439
0.05175294
0.05175294
0.04869957
0.04919656
0.04641829
0.04641829
0.05059686
0.05059686
0.05059686
0.05059686
0.04873456
0.04873456
0.04873456
0.04873456
0.04873456
0.04873456
0.04873456
0.04873456
0.04873456
0.04413673
0.04663996
0.04721843
0.04721843
0.04721843
0.05900835
0.05900835
0.05900835
0.04477450
0.04351428
0.04368067
0.04995894
0.04767621
0.04888596
0.04895434
0.04895434
0.04895434
0.04895434
0.04895434
0.04835171
0.04497093
0.04398857
0.04759777
0.04759777
0.04759777
0.05339827
0.04448902
0.04448902
0.04448902
0.04448902
0.04448902
0.04533675
0.04592489
0.04592489
0.04592489
0.04360922
0.04395915
0.04806335
0.04806335
0.04644475
0.05472403
0.04510575
0.04569535
0.04569535
0.04569535
0.04569535
0.04979227
0.04811996
0.04811996
0.04811996
0.04773894
0.04373099
0.05000481
0.05931064
0.06251300
0.04826579
0.04826579
0.04826579
0.04826579
0.04826579
0.04826579
0.04220429
0.04220429
0.04220429
0.04220429
0.04220429
0.04924036
0.04924036
0.05338661
0.05338661
0.04949972
0.04949972
0.04949972
0.05142141
0.05142141
0.05128477
0.05128477
0.06832537
0.06832537
0.06832537
0.06639306
0.05293930
0.05293930
0.05293930
0.04150215
0.04513445
0.04462380
0.04511752
0.04511752
0.04511752
0.04852492
0.05000237
0.05000237
0.05000237
0.04963680
0.04963680
0.04963680
0.04836937
0.04836937
0.05226349
0.04565938
0.04565938
0.04565938
0.04728216
0.06055728
0.06055728
0.04681044
0.04638381
0.04193459
0.04263193
0.04263193
0.04884952
0.04536955
0.05538842
0.04495117
0.05074181
0.04701760
0.04627555
0.04867374
0.05223521
0.04404530
0.04404530
0.04677497
0.05233089
0.05233089
0.05233089
0.05268881
0.04960597
0.04960597
0.04960597
0.04760346
0.04760346
0.04760346
0.04760346
0.04760346
0.05355964
0.05355964
0.05379257
0.04801462
0.04621348
0.04621348
0.04754844
0.04754844
0.05225662
0.05380287
0.04876726
0.04902855
0.04902855
0.04740659
0.04740659
0.05053024
0.05053024
0.05053024
0.05053024
0.05053024
0.05316110
0.04463928
0.04463928
0.04463928
0.04709731
0.04709731
0.05063256
0.05063256
0.05336959
0.05073236
0.05073236
0.04846791
0.04846791
0.04991123
0.05067991
0.04882792
0.04882792
0.04882792
0.05227740
0.05227740
0.05227740
0.04661982
0.05004674
0.05004674
0.05568081
0.05568081
0.05146642
0.05146642
0.05146642
0.05146642
0.04463535
0.05541508
0.05019353
0.05114818
0.05114818
0.05012157
0.05012157
0.05012157
0.05012157
0.05464444
0.04980526
0.04862075
0.04862075
0.04862075
0.05218804
0.05787263
0.06206251
0.06685103
0.06747752
0.06747752
0.07488681
0.07488681
0.08032980
0.08032980
0.08032980
0.05741266
0.05274050
0.05274050
0.05455810
0.05743068
0.05743068
0.05743068
0.06187037
0.06187037
0.06221089
0.06221089
0.07085317
0.07085317
0.05516427
0.05553393
0.05553393
0.05553393
0.05726453
0.06221483
0.06224213
0.06224213
0.06224213
0.06224213
0.06224213
0.04890854
0.04890854
0.04890854
0.06040591
0.05282265
0.04646425
0.04646425
0.05231519
0.05539753
0.05539753
0.04992963
0.04992963
0.04992963
0.04576660
0.04907886
0.04960928
0.05379648
0.05080396
0.04725725
0.04725725
0.04910546
0.05043236
0.04888472
0.04501202
0.04501202
0.04501202
0.04501202
0.04501202
0.04501202
0.04501202
0.04714421
0.04516466
0.05087199
0.04778794
0.04967416
0.04602309
0.04602309
0.04602309
0.04602309
0.04749798
0.04905624
0.04905624
0.04905624
0.04905624
0.04905624
0.04676524
0.05039016
0.05410239
0.06151573
0.05566529
0.05098444
0.05098444
0.04912781
0.04912781
0.05176953
0.05554068
0.05554068
0.05554068
0.05554068
0.05611017
0.04736981
0.04884929
0.04381224
0.04333540
0.04333540
0.04209364
0.04265194
0.04265194
0.04265194
0.04265194
0.04265194
0.04657335
0.04341985
0.04048006
0.04689505
0.04591303
0.04591303
0.04591303
0.04416250
0.04492673
0.04492673
0.04910798
0.04910798
0.05284010
0.05284010
0.05457425
0.05457425
0.05457425
0.05457425
0.05457425
0.05774739
0.04297603
0.04339558
0.04339558
0.04109286
0.04109286
0.04109286
0.04109286
0.04109286
0.04109286
0.04109286
0.04109286
0.04003739
0.04003739
0.04003739
0.04003739
0.05067013
0.05067013
0.05067013
0.05067013
0.05067013
0.05067013
0.05115886
0.04949134
0.04230055
0.04230055
0.04230055
0.04230055
0.04507699
0.04857005
0.04857005
0.03774349
0.04861876
0.05333245
0.05333245
0.05333245
0.05333245
0.05546351
0.04405756
0.04745262
0.04745262
0.04745262
0.04365914
0.04365914
0.04511152
0.04511152
0.04511152
0.03931238
0.03931238
0.03931238
0.04050460
0.04299605
0.04512825
0.04512825
0.04512825
0.04425500
0.04425500
0.04620999
0.04620999
0.04620999
0.05872802
0.05872802
0.05872802
0.04461787
0.04442662
0.04442662
0.04442662
0.04442662
0.04442662
0.04835091
0.04835091
0.04634875
0.04518080
0.04887683
0.04422451
0.04422451
0.04422451
0.04422451
0.04422451
0.04312174
0.04312174
0.04312174
0.04312174
0.04312174
0.04312174
0.04312174
0.04312174
0.04312174
0.04312174
0.04468392
0.04446146
0.04606173
0.04606173
0.04649133
0.04683315
0.04617848
0.04617848
0.04617848
0.04617848
0.04196047
0.04509386
0.04264152
0.04264152
0.04264152
0.04381862
0.04381862
0.04572871
0.04572871
0.04585745
0.04585745
0.04585745
0.04585745
0.04585745
0.04585745
0.04241513
0.04423879
0.04378698
0.04468288
0.04468288
0.04468288
0.04468288
0.04468288
0.04150635
0.04150635
0.04232835
0.04716688
0.04716688
0.04716688
0.04264631
0.04264631
0.04100795
0.04152081
0.04152081
0.04724748
0.04724748
0.05251768
0.05251768
0.04805660
0.04471455
0.04471455
0.04471455
0.04433889
0.04850265
0.04626958
0.04004803
0.04004803
0.04502471
0.04502471
0.04502471
0.04430360
0.04502814
0.04502814
0.04502814
0.04439605
0.04217172
0.04084803
0.04061169
0.04246287
0.04246287
0.04246287
0.04096927
0.04057266
0.04057266
0.04447867
0.04440818
0.04440818
0.04440818
0.04440818
0.04440818
0.03980872
0.03980872
0.04019484
0.04019484
0.04019484
0.04019484
0.04034963
0.04165984
0.04165984
0.04165984
0.04596421
0.04596421
0.04596421
0.04563778
0.04563778
0.04920454
0.04920454
0.04920454
0.04650803
0.04803675
0.04803675
0.04803675
0.04803675
0.04740785
0.05049813
0.04313762
0.04313762
0.04263118
0.04664381
0.04664381
0.05320461
0.05320461
0.05320461
0.05320461
0.05195255
0.06135155
0.06135155
0.06135155
0.05824448
0.05824448
0.05824448
0.04691383
0.04417637
0.04826757
0.04826757
0.04771424
0.06192942
0.06360355
0.06360355
0.06360355
0.05563814
0.05563814
0.05060644
0.05060644
0.05060644
0.05060644
0.05371093
0.05371093
0.04388673
0.04356742
0.04356742
0.04356742
0.04356742
0.04356742
0.04356742
0.04356742
0.04917305
0.04917305
0.04917305
0.04917305
0.04917305
0.04917305
0.04917305
0.04917305
0.04917305
0.05111671
0.04451510
0.04297259
0.04297259
0.04966532
0.04966532
0.04966532
0.04716425
0.04716425
0.04716425
0.04533165
0.04680359
0.04687286
0.04727980
0.04727980
0.04727980
0.04727980
0.04996490
0.04996490
0.04378753
0.04918880
0.04918880
0.04918880
0.04564419
0.04871288
0.04871288
0.04871288
0.04791033
0.04791033
0.04247677
0.04331956
0.04583648
0.04583648
0.05464098
0.05464098
0.05464098
0.05521501
0.04464865
0.04828095
0.04828095
0.05604069
0.05604069
0.05604069
0.05828819
0.05828819
0.04050168
0.04050168
0.04050168
0.04400763
0.04472297
0.04472297
0.04745474
0.04745474
0.05576533
0.04790240
0.04790240
0.04790240
0.04363430
0.04363430
0.04363430
0.04363430
0.04363430
0.04363430
0.05440958
0.05440958
0.04558295
0.04339954
0.04517522
0.05184674
0.05414867
0.05182805
0.05385221
0.05385221
0.05385221
0.05385221
0.05385221
0.06206602
0.05929024
0.05929024
0.05929024
0.04774110
0.04450803
0.04872293
0.04872293
0.04872293
0.05578874
0.05578874
0.04892372
0.04892372
0.05166111
0.05166111
0.05166111
0.05166111
0.05166111
0.05166111
0.05166111
0.05166111
0.05166111
0.05062420
0.04453743
0.04453743
0.04453743
0.04453743
0.04623235
0.04623235
0.04623235
0.05560982
0.05560982
0.05560982
0.05982824
0.06697495
0.06697495
0.06697495
0.06697495
0.06697495
0.06697495
0.06697495
0.04394362
0.04394362
0.04394362
0.04394362
0.04394362
0.04394362
0.04933412
0.04307229
0.04478031
0.04565678
0.04901777
0.04541266
0.04541266
0.04541266
0.04541266
0.04541266
0.04541266
0.04311453
0.04311453
0.04521576
0.04558476
0.04558476
0.04508926
0.04613595
0.05545854
0.06099764
0.05068568
0.05068568
0.05068568
0.04621142
0.05211878
0.05211878
0.04826053
0.04641623
0.04641623
0.04641623
0.04641623
0.04641623
0.06286633
0.06286633
0.05913925
0.06727196
0.05605000
0.05605000
0.05605000
0.05534777
0.04740040
0.04740040
0.04740040
0.04740040
0.04740040
0.04776327
0.04776327
0.04776327
0.05069225
0.05069225
0.04633023
0.05658144
0.06276449
0.06276449
0.06276449
0.06276449
0.06276449
0.06276449
0.06276449
0.05788134
0.05788134
0.04403555
0.04663534
0.04663534
0.04663534
0.04227604
0.04811138
0.04846394
0.04455875
0.04455875
0.04254630
0.04254630
0.04518015
0.04518015
0.04656822
0.04768852
0.04768852
0.04663431
0.05664975
0.05664975
0.05664975
0.05195150
0.05195150
0.05195150
0.05195150
0.05636697
0.05276619
0.05695248
0.05695248
0.05695248
0.05695248
0.05356319
0.04674066
0.04674066
0.04674066
0.04619310
0.05088827
0.05818989
0.05401694
0.05980076
0.05980076
0.05980076
0.07406975
0.07406975
0.07406975
0.07406975
0.05329071
0.05506479
0.06031422
0.04522391
0.05616284
0.05616284
0.05616284
0.05406773
0.04922105
0.05303265
0.05303265
0.05492420
0.06009105
0.04555106
0.04929425
0.04929425
0.04865453
0.04865453
0.04727242
0.04727242
0.04932713
0.05489789
0.05489789
0.04943916
0.04943916
0.04943916
0.04943916
0.04943916
0.04778965
0.04778965
0.04778965
0.04778965
0.05518981
0.05575368
0.05575368
0.05893285
0.05893285
0.06442988
0.06442988
0.06629379
0.06629379
0.06629379
0.06567942
0.06733832
0.05408851
0.05408851
0.05196208
0.04568348
0.04568348
0.04568348
0.04570319
0.05937119
0.05937119
0.05937119
0.05937119
0.05937119
0.05937119
0.05937119
0.05937119
0.06370768
0.06427684
0.04966074
0.04867472
0.04867472
0.04642867
0.04642867
0.04642867
0.04642867
0.04374020
0.04374020
0.04313624
0.04313624
0.04313624
0.04313624
0.04313624
0.04313624
0.04313624
0.04447266
0.04447266
0.04447266
0.04447266
0.05072250
0.05649722
0.05649722
0.05649722
0.05649722
0.04693602
0.04693602
0.04693602
0.04693602
0.04588221
0.04557285
0.04765903
0.05063965
0.05063965
0.05063965
0.04800482
0.04800482
0.04719572
0.05399342
0.05663674
0.05606857
0.05534757
0.05785649
0.05388563
0.05388563
0.05620358
0.05620358
0.05620358
0.05404155
0.05404155
0.04935652
0.05268894
0.05302259
0.05286199
0.05598962
0.05598962
0.05730717
0.05730717
0.05730717
0.05730717
0.05730717
0.05730717
0.05730717
0.05730717
0.05730717
0.05730717
0.05730717
0.06022869
0.05429525
0.06095008
0.05039909
0.04662130
0.04662130
0.04662130
0.05070398
0.05214482
0.05214482
0.05180631
0.05180631
0.05180631
0.05180631
0.04561461
0.04527038
0.04527038
0.04527038
0.04670210
0.04670210
0.04670210
0.05294952
0.05294952
0.05340078
0.04746027
0.04746027
0.04746027
