0.00000000
0.00000000
0.17863561
0.17863561
0.15578637
0.17491160
0.17020866
0.17020866
0.14275332
0.14275332
0.14231140
0.14231140
0.14310905
0.14310905
0.14310905
0.13484786
0.13484786
0.13535940
0.13535940
0.13535940
0.13535940
0.14198502
0.14198502
0.14074645
0.14074645
0.12035234
0.12035234
0.10457321
0.09942317
0.13452970
0.13452970
0.13452970
0.15468040
0.17097170
0.17097170
0.17205945
0.18310651
0.17039990
0.15655558
0.14822556
0.14498863
0.14498863
0.07285950
0.07285950
0.07583339
0.06103295
0.09218326
0.16705628
0.16705628
0.06809496
0.11755655
0.11755655
0.05458706
0.05458706
0.05458706
0.08047654
0.08047654
0.08047654
0.04214851
0.04272160
0.04272160
0.04995709
0.04995709
0.04995709
0.04995709
0.04995709
0.06900813
0.05875866
0.05875866
0.06000610
0.06000610
0.06000610
0.04257046
0.05976096
0.05976096
0.05976096
0.05976096
0.08582995
0.06809536
0.06809536
0.08285079
0.08285079
0.09067069
0.12282250
0.14609791
0.14609791
0.04580339
0.04580339
0.04580339
0.04580339
0.04890385
0.05220697
0.05220697
0.05220697
0.05220697
0.07062470
0.07062470
0.06205002
0.06205002
0.06205002
0.06258760
0.07836750
0.07836750
0.07055858
0.08253844
0.06764795
0.06764795
0.08631176
0.08631176
0.08631176
0.05658014
0.05645833
0.06085235
0.09045923
0.09017005
0.09017005
0.09017005
0.09151767
0.09151767
0.06146080
0.06146080
0.13086486
0.13086486
0.14005352
0.07841599
0.07841599
0.08681306
0.08681306
0.08681306
0.07333336
0.07333336
0.08663183
0.08663183
0.08663183
0.08663183
0.08825500
0.08825500
0.05599226
0.05599226
0.05599226
0.05599226
0.06957428
0.06957428
0.05982190
0.05982190
0.05982190
0.05982190
0.05982190
0.07673778
0.07673778
0.07673778
0.07673778
0.10499935
0.10499935
0.06459428
0.06060329
0.06060329
0.06060329
0.06308279
0.06616129
0.05436261
0.05436261
0.05436261
0.05436261
0.05436261
0.05981794
0.05786370
0.05786370
0.05786370
0.05786370
0.05786370
0.05786370
0.06028155
0.06267219
0.07906017
0.07906017
0.07906017
0.07906017
0.06982531
0.06982531
0.06982531
0.06982531
0.05773903
0.05773903
0.05773903
0.06066136
0.06533152
0.07072357
0.09047691
0.08272418
0.05970348
0.05970348
0.05717207
0.06137305
0.06421612
0.07088649
0.06416894
0.05592233
0.06418151
0.06345717
0.06345717
0.06518587
0.07504202
0.05507733
0.05507733
0.07261797
0.07261797
0.07261797
0.07261797
0.07261797
0.05971801
0.05971801
0.06310970
0.06310970
0.06584322
0.06584322
0.06584322
0.06584322
0.07096076
0.07096076
0.06928356
0.05799450
0.06239277
0.06239277
0.06120125
0.06540482
0.05971095
0.06299172
0.06298496
0.06298496
0.06623298
0.05992330
0.05992330
0.05992330
0.05763926
0.05763926
0.06486820
0.07171873
0.07171873
0.07171873
0.05522593
0.05522593
0.05522593
0.05865705
0.05865705
0.07789721
0.07789721
0.07442160
0.07343711
0.07627432
0.07627432
0.05558103
0.05264287
0.05264287
0.05639662
0.05372515
0.05469786
0.05469786
0.05774647
0.05774647
0.05559226
0.05559226
0.06064322
0.05789744
0.05742161
0.05553683
0.05553683
0.05834908
0.05834908
0.06011800
0.06011800
0.06011800
0.06011800
0.06011800
0.06011800
0.06011800
0.06152098
0.06152098
0.06157041
0.06434894
0.06434894
0.06839191
0.06859190
0.06119317
0.06119317
0.06466580
0.06466580
0.06466580
0.06466580
0.05992108
0.05992108
0.05992108
0.05992108
0.05992108
0.05992108
0.05992108
0.05992108
0.05992108
0.06255979
0.06218316
0.06393692
0.06393692
0.06393692
0.06299077
0.06299077
0.06299077
0.06455501
0.06228468
0.06822803
0.06618652
0.06293453
0.06528156
0.06207626
0.06207626
0.06207626
0.06207626
0.06207626
0.06026261
0.06790590
0.06075235
0.06607379
0.06607379
0.06607379
0.05923954
0.06320397
0.06320397
0.06320397
0.06320397
0.06320397
0.06763679
0.06535715
0.06535715
0.06535715
0.06239575
0.06021704
0.07166553
0.07166553
0.07028921
0.07824337
0.06085785
0.06045234
0.06045234
0.06045234
0.06045234
0.06048912
0.06049684
0.06049684
0.06049684
0.06479250
0.06553843
0.06409671
0.06422572
0.06903638
0.07068066
0.07068066
0.07068066
0.07068066
0.07068066
0.07068066
0.06269612
0.06269612
0.06269612
0.06269612
0.06269612
0.06815292
0.06815292
0.06992427
0.06992427
0.06191621
0.06191621
0.06191621
0.05946198
0.05946198
0.06716263
0.06716263
0.06128208
0.06128208
0.06128208
0.07174931
0.06551599
0.06551599
0.06551599
0.06785716
0.06257946
0.06648104
0.06745939
0.06745939
0.06745939
0.07237899
0.07566011
0.07566011
0.07566011
0.07485894
0.07485894
0.07485894
0.08040580
0.08040580
0.08995346
0.06562366
0.06562366
0.06562366
0.06778257
0.06722254
0.06722254
0.06653751
0.06583511
0.06625774
0.06804733
0.06804733
0.06253830
0.06338352
0.06602113
0.06239329
0.06339803
0.06193322
0.06242065
0.06245079
0.06276291
0.06146375
0.06146375
0.06111214
0.06620038
0.06620038
0.06620038
0.06128946
0.07164703
0.07164703
0.07164703
0.06223580
0.06223580
0.06223580
0.06223580
0.06223580
0.06164830
0.06164830
0.06109841
0.06658345
0.06837350
0.06837350
0.06341902
0.06341902
0.06568531
0.05583784
0.05830524
0.05810822
0.06510491
0.05354782
0.05354782
0.05263192
0.05263192
0.05263192
0.05263192
0.05263192
0.05191911
0.05049437
0.05049437
0.05049437
0.05203426
0.05203426
0.04583824
0.04583824
0.04503146
0.04409241
0.04409241
0.04687702
0.04687702
0.04879886
0.04269738
0.03952834
0.03952834
0.03952834
0.03779967
0.03779967
0.03779967
0.03847486
0.03735749
0.03735749
0.04248665
0.04248665
0.04082668
0.04082668
0.04082668
0.04082668
0.04261813
0.05194564
0.04008103
0.03794559
0.03794559
0.04158982
0.04158982
0.04158982
0.04158982
0.04677467
0.04009030
0.04370919
0.04370919
0.04370919
0.04464953
0.04972892
0.05961902
0.04889514
0.05417102
0.05417102
0.07047607
0.07047607
0.08049829
0.08049829
0.08049829
0.04168305
0.03973032
0.03973032
0.04066273
0.04162519
0.04162519
0.04162519
0.03564979
0.03564979
0.03564979
0.03564979
0.03928384
0.03928384
0.03555768
0.04239728
0.04239728
0.04239728
0.04415643
0.04460801
0.04885800
0.04885800
0.04885800
0.04885800
0.04885800
0.03598647
0.03598647
0.03598647
0.04440847
0.03767895
0.03758406
0.03758406
0.04076350
0.03647361
0.03647361
0.03495466
0.03495466
0.03495466
0.03608191
0.03662876
0.03429974
0.03496973
0.03799878
0.04039249
0.04039249
0.04827812
0.04089557
0.03420931
0.04199745
0.04199745
0.04199745
0.04199745
0.04199745
0.04199745
0.04199745
0.03400401
0.03823248
0.03750382
0.03914040
0.04298020
0.04910590
0.04910590
0.04910590
0.04910590
0.04584169
0.04636000
0.04636000
0.04636000
0.04636000
0.04636000
0.03719543
0.03625727
0.03693377
0.03742447
0.04091357
0.04430424
0.04430424
0.03620194
0.03620194
0.03819682
0.03811042
0.03811042
0.03811042
0.03811042
0.03850955
0.03882407
0.03755158
0.03912389
0.03840413
0.03840413
0.03891190
0.03990912
0.03990912
0.03990912
0.03990912
0.03990912
0.03980055
0.04406435
0.04725660
0.03915068
0.03598022
0.03598022
0.03598022
0.03886498
0.03725299
0.03725299
0.03777865
0.03777865
0.03967919
0.03967919
0.04049482
0.04049482
0.04049482
0.04049482
0.04049482
0.04845302
0.03716587
0.04135337
0.04135337
0.04230073
0.04230073
0.04230073
0.04230073
0.04230073
0.04230073
0.04230073
0.04230073
0.04060366
0.04060366
0.04060366
0.04060366
0.03512543
0.03512543
0.03512543
0.03512543
0.03512543
0.03512543
0.03620943
0.03551914
0.04115135
0.04115135
0.04115135
0.04115135
0.04259590
0.04840002
0.04840002
0.04437798
0.04372561
0.04511130
0.04511130
0.04511130
0.04511130
0.04894804
0.03655699
0.04439967
0.04439967
0.04439967
0.03902836
0.03902836
0.03691143
0.03691143
0.03691143
0.04684574
0.04684574
0.04684574
0.05028847
0.04627598
0.04846528
0.04846528
0.04846528
0.05014225
0.05014225
0.05562345
0.05562345
0.05562345
0.05516727
0.05516727
0.05516727
0.05241991
0.04753026
0.04753026
0.04753026
0.04753026
0.04753026
0.04487651
0.04487651
0.04598116
0.04377088
0.04679444
0.04327454
0.04327454
0.04327454
0.04327454
0.04327454
0.04522434
0.04522434
0.04522434
0.04522434
0.04522434
0.04522434
0.04522434
0.04522434
0.04522434
0.04522434
0.04957980
0.04965353
0.04803640
0.04803640
0.04504862
0.04499509
0.05038245
0.05038245
0.05038245
0.05038245
0.04383786
0.04200169
0.04771650
0.04771650
0.04771650
0.04126957
0.04126957
0.03960456
0.03960456
0.04032356
0.04032356
0.04032356
0.04032356
0.04032356
0.04032356
0.05149063
0.04917166
0.05073755
0.04145414
0.04145414
0.04145414
0.04145414
0.04145414
0.04666372
0.04666372
0.05235873
0.04845339
0.04845339
0.04845339
0.04274001
0.04274001
0.04268635
0.03864745
0.03864745
0.04139678
0.04139678
0.04835787
0.04835787
0.05378075
0.04200455
0.04200455
0.04200455
0.04322371
0.04342314
0.04146216
0.05509598
0.05509598
0.04650132
0.04650132
0.04650132
0.04684452
0.04930542
0.04930542
0.04930542
0.04387122
0.04842018
0.05519990
0.05186837
0.05151638
0.05151638
0.05151638
0.05177839
0.05524440
0.05524440
0.04625595
0.04215458
0.04215458
0.04215458
0.04215458
0.04215458
0.04293292
0.04293292
0.04301959
0.04301959
0.04301959
0.04301959
0.04578569
0.04067422
0.04067422
0.04067422
0.03962911
0.03962911
0.03962911
0.04148701
0.04148701
0.03503024
0.03503024
0.03503024
0.04587388
0.04116594
0.04116594
0.04116594
0.04116594
0.03572432
0.03658073
0.04642545
0.04642545
0.04736574
0.04071676
0.04071676
0.03756581
0.03756581
0.03756581
0.03756581
0.03944206
0.03838280
0.03838280
0.03838280
0.04074317
0.04074317
0.04074317
0.04071337
0.03650616
0.04225139
0.04225139
0.04053079
0.03799960
0.04053157
0.04053157
0.04053157
0.04428823
0.04428823
0.04113962
0.04113962
0.04113962
0.04113962
0.04533036
0.04533036
0.04277441
0.05259677
0.05259677
0.05259677
0.05259677
0.05259677
0.05259677
0.05259677
0.05152418
0.05152418
0.05152418
0.05152418
0.05152418
0.05152418
0.05152418
0.05152418
0.05152418
0.04814583
0.04273011
0.04129441
0.04129441
0.04401833
0.04401833
0.04401833
0.05237344
0.05237344
0.05237344
0.03568181
0.03736395
0.04243151
0.04703565
0.04703565
0.04703565
0.04703565
0.04397488
0.04397488
0.03935228
0.03854135
0.03854135
0.03854135
0.03852533
0.03777114
0.03777114
0.03777114
0.04588342
0.04588342
0.04020203
0.04322963
0.03588517
0.03588517
0.03542783
0.03542783
0.03542783
0.03671474
0.04396051
0.04297244
0.04297244
0.03914047
0.03914047
0.03914047
0.03693278
0.03693278
0.04145167
0.04145167
0.04145167
0.04278068
0.04580126
0.04580126
0.03688666
0.03688666
0.03167881
0.03635100
0.03635100
0.03635100
0.04107122
0.04107122
0.04107122
0.04107122
0.04107122
0.04107122
0.03506936
0.03506936
0.04838674
0.05010915
0.05321809
0.04146411
0.03879965
0.03663051
0.03744823
0.03744823
0.03744823
0.03744823
0.03744823
0.04472954
0.05280664
0.05280664
0.05280664
0.03910387
0.04683036
0.03462866
0.03462866
0.03462866
0.03622901
0.03622901
0.03453058
0.03453058
0.03368720
0.03368720
0.03368720
0.03368720
0.03368720
0.03368720
0.03368720
0.03368720
0.03368720
0.03491672
0.03751469
0.03751469
0.03751469
0.03751469
0.04080263
0.04080263
0.04080263
0.03887053
0.03887053
0.03887053
0.03952331
0.03679858
0.03679858
0.03679858
0.03679858
0.03679858
0.03679858
0.03679858
0.03772158
0.03772158
0.03772158
0.03772158
0.03772158
0.03772158
0.04110054
0.04458472
0.04173381
0.04135880
0.04400097
0.05295680
0.05295680
0.05295680
0.05295680
0.05295680
0.05295680
0.03981290
0.03981290
0.04729503
0.04863049
0.04863049
0.04173398
0.03981279
0.03722192
0.04002746
0.03737531
0.03737531
0.03737531
0.05069202
0.05509803
0.05509803
0.04292014
0.04053501
0.04053501
0.04053501
0.04053501
0.04053501
0.04047888
0.04047888
0.04528351
0.05632442
0.05395421
0.05395421
0.05395421
0.05204994
0.04299103
0.04299103
0.04299103
0.04299103
0.04299103
0.04540319
0.04540319
0.04540319
0.04157290
0.04157290
0.04966913
0.04248194
0.03998123
0.03998123
0.03998123
0.03998123
0.03998123
0.03998123
0.03998123
0.04016564
0.04016564
0.04464580
0.03717823
0.03717823
0.03717823
0.03969853
0.03957624
0.04250771
0.04541710
0.04541710
0.04040939
0.04040939
0.04116203
0.04116203
0.03947535
0.03975540
0.03975540
0.03624875
0.03721748
0.03721748
0.03721748
0.03579433
0.03579433
0.03579433
0.03579433
0.03801551
0.04220325
0.03488974
0.03488974
0.03488974
0.03488974
0.03509186
0.03455959
0.03455959
0.03455959
0.03687438
0.04014789
0.04155962
0.03359972
0.03308696
0.03308696
0.03308696
0.03377926
0.03377926
0.03377926
0.03377926
0.03667552
0.03860263
0.04428035
0.03770553
0.03669389
0.03669389
0.03669389
0.03478771
0.03352230
0.03576923
0.03576923
0.03391948
0.03476148
0.03814321
0.04406703
0.04406703
0.04263511
0.04263511
0.04507957
0.04507957
0.03408855
0.03440941
0.03440941
0.03093409
0.03093409
0.03093409
0.03093409
0.03093409
0.03997953
0.03997953
0.03997953
0.03997953
0.03621434
0.03447635
0.03447635
0.04074915
0.04074915
0.03665241
0.03665241
0.03664072
0.03664072
0.03664072
0.04327537
0.04218992
0.03645203
0.03645203
0.03521121
0.04020056
0.04020056
0.04020056
0.03493228
0.03667285
0.03667285
0.03667285
0.03667285
0.03667285
0.03667285
0.03667285
0.03667285
0.04323640
0.04694635
0.03539630
0.04058762
0.04058762
0.03893549
0.03893549
0.03893549
0.03893549
0.04251585
0.04251585
0.05302845
0.05302845
0.05302845
0.05302845
0.05302845
0.05302845
0.05302845
0.05287401
0.05287401
0.05287401
0.05287401
0.03990602
0.03497107
0.03497107
0.03497107
0.03497107
0.04106807
0.04106807
0.04106807
0.04106807
0.03823605
0.04788530
0.03582772
0.03651136
0.03651136
0.03651136
0.03594879
0.03594879
0.03819301
0.03572041
0.04020446
0.03424700
0.04416487
0.03476431
0.03921167
0.03921167
0.03859060
0.03859060
0.03859060
0.03773685
0.03773685
0.04270244
0.03535332
0.03604467
0.03649576
0.04213986
0.04213986
0.04318814
0.04318814
0.04318814
0.04318814
0.04318814
0.04318814
0.04318814
0.04318814
0.04318814
0.04318814
0.04318814
0.05036222
0.04963000
0.05434290
0.04452078
0.05544598
0.05544598
0.05544598
0.05513518
0.03783315
0.03783315
0.04204206
0.04204206
0.04204206
0.04204206
0.03973511
0.03890938
0.03890938
0.03890938
0.04338670
0.04338670
0.04338670
0.03402896
0.03402896
0.03761468
0.03739839
0.03739839
0.03739839
