0.00000000
0.00000000
0.19783987
0.19783987
0.16021693
0.15432210
0.14829508
0.14829508
0.14259144
0.14259144
0.13802833
0.13802833
0.13701060
0.13701060
0.13701060
0.12632075
0.12632075
0.13740872
0.13740872
0.13740872
0.13740872
0.12131619
0.12131619
0.12604937
0.12604937
0.10729249
0.10729249
0.08934847
0.07464228
0.07554311
0.07554311
0.07554311
0.07933186
0.10290592
0.10290592
0.08670976
0.09048372
0.07682255
0.06611129
0.07210629
0.07430284
0.07430284
0.07060164
0.07060164
0.06512923
0.10223054
0.08708638
0.10134028
0.10134028
0.06712503
0.05656361
0.05656361
0.04317072
0.04317072
0.04317072
0.06436601
0.06436601
0.06436601
0.07334121
0.09665488
0.09665488
0.05715546
0.05715546
0.05715546
0.05715546
0.05715546
0.06143822
0.03863391
0.03863391
0.03298965
0.03298965
0.03298965
0.03439060
0.06919031
0.06919031
0.06919031
0.06919031
0.05660492
0.02791462
0.02791462
0.05840535
0.05840535
0.11298365
0.12523103
0.11407683
0.11407683
0.02897427
0.02897427
0.02897427
0.02897427
0.03159029
0.02167553
0.02167553
0.02167553
0.02167553
0.03305192
0.03305192
0.02791313
0.02791313
0.02791313
0.03758186
0.02501423
0.02501423
0.03729078
0.05817787
0.02699754
0.02699754
0.02054217
0.02054217
0.02054217
0.03494955
0.03283571
0.04935026
0.03537364
0.02977128
0.02977128
0.02977128
0.03737088
0.03737088
0.05297056
0.05297056
0.03343280
0.03343280
0.03784457
0.04075290
0.04075290
0.05448835
0.05448835
0.05448835
0.05619852
0.05619852
0.04306686
0.04306686
0.04306686
0.04306686
0.02806423
0.02806423
0.03355405
0.03355405
0.03355405
0.03355405
0.03816195
0.03816195
0.05260683
0.05260683
0.05260683
0.05260683
0.05260683
0.03091808
0.03091808
0.03091808
0.03091808
0.04045222
0.04045222
0.03171353
0.03993041
0.03993041
0.03993041
0.03069996
0.03467087
0.04275883
0.04275883
0.04275883
0.04275883
0.04275883
0.03441285
0.02581581
0.02581581
0.02581581
0.02581581
0.02581581
0.02581581
0.03232570
0.04218839
0.02964638
0.02964638
0.02964638
0.02964638
0.03094634
0.03094634
0.03094634
0.03094634
0.02741987
0.02741987
0.02741987
0.02662923
0.03388918
0.02556870
0.02520654
0.03899133
0.03920971
0.03920971
0.03666151
0.04893529
0.04575896
0.03920610
0.05511274
0.06226050
0.05916857
0.06402553
0.06402553
0.06520874
0.07833696
0.07887785
0.07887785
0.08333065
0.08333065
0.08333065
0.08333065
0.08333065
0.05326795
0.05326795
0.06486742
0.06486742
0.05804649
0.05804649
0.05804649
0.05804649
0.06491221
0.06491221
0.07853640
0.06620511
0.07529172
0.07529172
0.03336669
0.03222338
0.03113482
0.02883611
0.02759863
0.02759863
0.03138627
0.04021015
0.04021015
0.04021015
0.04344274
0.04344274
0.04798652
0.04831016
0.04831016
0.04831016
0.04413878
0.04413878
0.04413878
0.03288650
0.03288650
0.03680916
0.03680916
0.03447482
0.03095736
0.03232501
0.03232501
0.04694067
0.05725285
0.05725285
0.04753711
0.03687666
0.03568959
0.03568959
0.05774096
0.05774096
0.05969651
0.05969651
0.04842074
0.03599132
0.03213172
0.02947743
0.02947743
0.03635080
0.03635080
0.03631510
0.03631510
0.03631510
0.03631510
0.03631510
0.03631510
0.03631510
0.03887020
0.03887020
0.03552502
0.04100698
0.04100698
0.03970854
0.03635699
0.03193255
0.03193255
0.03183324
0.03183324
0.03183324
0.03183324
0.03388783
0.03388783
0.03388783
0.03388783
0.03388783
0.03388783
0.03388783
0.03388783
0.03388783
0.02970496
0.03469689
0.04517871
0.04517871
0.04517871
0.03139392
0.03139392
0.03139392
0.03569050
0.04332209
0.04058457
0.03994479
0.04323743
0.04594635
0.04963323
0.04963323
0.04963323
0.04963323
0.04963323
0.04316591
0.04426137
0.04005928
0.03690166
0.03690166
0.03690166
0.04034492
0.04308816
0.04308816
0.04308816
0.04308816
0.04308816
0.03770918
0.03494041
0.03494041
0.03494041
0.03476159
0.04486532
0.04287469
0.04287469
0.05237482
0.05930470
0.03682591
0.03348135
0.03348135
0.03348135
0.03348135
0.03808014
0.03648674
0.03648674
0.03648674
0.03766404
0.03413248
0.03592186
0.04324313
0.05894286
0.04339131
0.04339131
0.04339131
0.04339131
0.04339131
0.04339131
0.03151830
0.03151830
0.03151830
0.03151830
0.03151830
0.03847578
0.03847578
0.04111410
0.04111410
0.03377788
0.03377788
0.03377788
0.03420661
0.03420661
0.03516065
0.03516065
0.03926403
0.03926403
0.03926403
0.03803173
0.03784035
0.03784035
0.03784035
0.03316272
0.03465212
0.03468405
0.04651443
0.04651443
0.04651443
0.04729284
0.05760461
0.05760461
0.05760461
0.05698495
0.05698495
0.05698495
0.06171486
0.06171486
0.08014189
0.03218865
0.03218865
0.03218865
0.03347306
0.04070751
0.04070751
0.04143856
0.03146227
0.03428967
0.03678117
0.03678117
0.03732248
0.03373873
0.04573024
0.03373908
0.03512109
0.03306440
0.03050356
0.03216523
0.03346647
0.03754891
0.03754891
0.03464295
0.03653176
0.03653176
0.03653176
0.03467469
0.03306296
0.03306296
0.03306296
0.03254026
0.03254026
0.03254026
0.03254026
0.03254026
0.03547293
0.03547293
0.04336247
0.03679509
0.03638224
0.03638224
0.03529327
0.03529327
0.03223704
0.04107729
0.04015521
0.03864010
0.03864010
0.03120131
0.03120131
0.03152591
0.03152591
0.03152591
0.03152591
0.03152591
0.03741457
0.03216054
0.03216054
0.03216054
0.03478757
0.03478757
0.03285417
0.03285417
0.03531220
0.03876826
0.03876826
0.03409625
0.03409625
0.03308268
0.03478804
0.03299976
0.03299976
0.03299976
0.03352750
0.03352750
0.03352750
0.03463069
0.03293192
0.03293192
0.03928705
0.03928705
0.03334056
0.03334056
0.03334056
0.03334056
0.03613290
0.03734440
0.03660475
0.03322695
0.03322695
0.03769244
0.03769244
0.03769244
0.03769244
0.04236886
0.03646870
0.03486372
0.03486372
0.03486372
0.03700417
0.03710771
0.03548042
0.04254601
0.04078186
0.04078186
0.04382573
0.04382573
0.05087537
0.05087537
0.05087537
0.03291138
0.03461462
0.03461462
0.03700732
0.03770737
0.03770737
0.03770737
0.04748006
0.04748006
0.04748006
0.04748006
0.05113629
0.05113629
0.03437267
0.04117270
0.04117270
0.04117270
0.05229743
0.05811075
0.05385471
0.05385471
0.05385471
0.05385471
0.05385471
0.03604104
0.03604104
0.03604104
0.04424144
0.03482314
0.03293765
0.03293765
0.03356641
0.03516773
0.03516773
0.03641341
0.03641341
0.03641341
0.03708711
0.03627192
0.03585517
0.03863012
0.03866805
0.04913174
0.04913174
0.06259574
0.03593775
0.03521530
0.03438803
0.03438803
0.03438803
0.03438803
0.03438803
0.03438803
0.03438803
0.03558945
0.03520469
0.03500230
0.03749623
0.03428219
0.04241887
0.04241887
0.04241887
0.04241887
0.03763718
0.03533774
0.03533774
0.03533774
0.03533774
0.03533774
0.03661119
0.03587884
0.03939059
0.03738530
0.04649141
0.04179017
0.04179017
0.03732798
0.03732798
0.03686834
0.03727207
0.03727207
0.03727207
0.03727207
0.03600225
0.03909356
0.03618015
0.03381499
0.03478495
0.03478495
0.03640754
0.03784670
0.03784670
0.03784670
0.03784670
0.03784670
0.03637207
0.03751958
0.03397522
0.03559379
0.03895873
0.03895873
0.03895873
0.03311938
0.03496888
0.03496888
0.03607386
0.03607386
0.03902715
0.03902715
0.03816835
0.03816835
0.03816835
0.03816835
0.03816835
0.04046634
0.03334786
0.03275474
0.03275474
0.03349363
0.03349363
0.03349363
0.03349363
0.03349363
0.03349363
0.03349363
0.03349363
0.03273473
0.03273473
0.03273473
0.03273473
0.03895712
0.03895712
0.03895712
0.03895712
0.03895712
0.03895712
0.04283017
0.04401331
0.03912930
0.03912930
0.03912930
0.03912930
0.03761411
0.03471778
0.03471778
0.03245439
0.03249581
0.03884866
0.03884866
0.03884866
0.03884866
0.04987661
0.03793699
0.04510406
0.04510406
0.04510406
0.03207435
0.03207435
0.03679747
0.03679747
0.03679747
0.03291158
0.03291158
0.03291158
0.03315318
0.03447709
0.03422841
0.03422841
0.03422841
0.03431933
0.03431933
0.03959058
0.03959058
0.03959058
0.04475390
0.04475390
0.04475390
0.03588447
0.03662984
0.03662984
0.03662984
0.03662984
0.03662984
0.03238277
0.03238277
0.03366344
0.03196076
0.03207721
0.03357783
0.03357783
0.03357783
0.03357783
0.03357783
0.03921928
0.03921928
0.03921928
0.03921928
0.03921928
0.03921928
0.03921928
0.03921928
0.03921928
0.03921928
0.03775380
0.03807390
0.03756215
0.03756215
0.04344431
0.03288447
0.03278017
0.03278017
0.03278017
0.03278017
0.03427528
0.04260650
0.03518594
0.03518594
0.03518594
0.03455838
0.03455838
0.03748229
0.03748229
0.04251562
0.04251562
0.04251562
0.04251562
0.04251562
0.04251562
0.03389775
0.03564635
0.04038617
0.03359815
0.03359815
0.03359815
0.03359815
0.03359815
0.03167256
0.03167256
0.03229198
0.03143181
0.03143181
0.03143181
0.03231326
0.03231326
0.03539845
0.03856898
0.03856898
0.04072168
0.04072168
0.03815708
0.03815708
0.04215154
0.04103197
0.04103197
0.04103197
0.04014078
0.04834177
0.03354404
0.03118783
0.03118783
0.03309223
0.03309223
0.03309223
0.03265891
0.03405514
0.03405514
0.03405514
0.03539397
0.03668612
0.04650263
0.05375091
0.04297947
0.04297947
0.04297947
0.03212415
0.03332884
0.03332884
0.03196913
0.03260903
0.03260903
0.03260903
0.03260903
0.03260903
0.03349927
0.03349927
0.03284620
0.03284620
0.03284620
0.03284620
0.03318266
0.03852016
0.03852016
0.03852016
0.04506490
0.04506490
0.04506490
0.03566120
0.03566120
0.03366088
0.03366088
0.03366088
0.03254036
0.03781258
0.03781258
0.03781258
0.03781258
0.03804577
0.03344331
0.03342366
0.03342366
0.03528288
0.03814592
0.03814592
0.03453808
0.03453808
0.03453808
0.03453808
0.03369675
0.04286834
0.04286834
0.04286834
0.04210957
0.04210957
0.04210957
0.03616250
0.03867600
0.03938754
0.03938754
0.04279329
0.06087706
0.06375414
0.06375414
0.06375414
0.06296939
0.06296939
0.03839252
0.03839252
0.03839252
0.03839252
0.04069566
0.04069566
0.03385315
0.03269393
0.03269393
0.03269393
0.03269393
0.03269393
0.03269393
0.03269393
0.03238782
0.03238782
0.03238782
0.03238782
0.03238782
0.03238782
0.03238782
0.03238782
0.03238782
0.03411225
0.03419457
0.03448057
0.03448057
0.04552866
0.04552866
0.04552866
0.05369147
0.05369147
0.05369147
0.03731668
0.03214353
0.04027649
0.03291966
0.03291966
0.03291966
0.03291966
0.03869346
0.03869346
0.03803778
0.03255230
0.03255230
0.03255230
0.04056136
0.04245282
0.04245282
0.04245282
0.03325000
0.03325000
0.03675361
0.03402226
0.03675902
0.03675902
0.03819457
0.03819457
0.03819457
0.03690337
0.03880782
0.03767344
0.03767344
0.03793633
0.03793633
0.03793633
0.03909559
0.03909559
0.03202502
0.03202502
0.03202502
0.03213897
0.03500241
0.03500241
0.03195728
0.03195728
0.03462840
0.04023679
0.04023679
0.04023679
0.03679101
0.03679101
0.03679101
0.03679101
0.03679101
0.03679101
0.04578322
0.04578322
0.03474849
0.03185988
0.03610578
0.04019710
0.04275367
0.03365495
0.03899219
0.03899219
0.03899219
0.03899219
0.03899219
0.03615170
0.03936788
0.03936788
0.03936788
0.03070555
0.04256680
0.03810311
0.03810311
0.03810311
0.03386476
0.03386476
0.03395656
0.03395656
0.03538567
0.03538567
0.03538567
0.03538567
0.03538567
0.03538567
0.03538567
0.03538567
0.03538567
0.02991503
0.03060293
0.03060293
0.03060293
0.03060293
0.03166587
0.03166587
0.03166587
0.04128615
0.04128615
0.04128615
0.04989519
0.04843949
0.04843949
0.04843949
0.04843949
0.04843949
0.04843949
0.04843949
0.03341117
0.03341117
0.03341117
0.03341117
0.03341117
0.03341117
0.03070489
0.03283017
0.03115374
0.03277042
0.03541703
0.04571920
0.04571920
0.04571920
0.04571920
0.04571920
0.04571920
0.03130277
0.03130277
0.02994635
0.03334835
0.03334835
0.03332352
0.03383747
0.03643937
0.03145245
0.03074927
0.03074927
0.03074927
0.02986216
0.03042326
0.03042326
0.03163974
0.03144617
0.03144617
0.03144617
0.03144617
0.03144617
0.03481434
0.03481434
0.03996251
0.04822247
0.04408453
0.04408453
0.04408453
0.03960878
0.03415707
0.03415707
0.03415707
0.03415707
0.03415707
0.04311198
0.04311198
0.04311198
0.03907886
0.03907886
0.03113070
0.03086266
0.03648221
0.03648221
0.03648221
0.03648221
0.03648221
0.03648221
0.03648221
0.03370825
0.03370825
0.02869572
0.03634015
0.03634015
0.03634015
0.03328530
0.02888898
0.03533812
0.03020392
0.03020392
0.03431454
0.03431454
0.03739011
0.03739011
0.02915739
0.02974758
0.02974758
0.02914956
0.02886206
0.02886206
0.02886206
0.03083153
0.03083153
0.03083153
0.03083153
0.03312944
0.03475452
0.02951747
0.02951747
0.02951747
0.02951747
0.03136137
0.03611582
0.03611582
0.03611582
0.03829813
0.02941914
0.02968133
0.03142979
0.03056049
0.03056049
0.03056049
0.03587563
0.03587563
0.03587563
0.03587563
0.03266938
0.03201459
0.03319481
0.02996196
0.03115204
0.03115204
0.03115204
0.03474624
0.02946012
0.03373861
0.03373861
0.03638943
0.02969287
0.02999094
0.03112360
0.03112360
0.03393542
0.03393542
0.03659135
0.03659135
0.02863711
0.03243640
0.03243640
0.03286188
0.03286188
0.03286188
0.03286188
0.03286188
0.03124513
0.03124513
0.03124513
0.03124513
0.03550196
0.04612952
0.04612952
0.03812022
0.03812022
0.04167302
0.04167302
0.04943625
0.04943625
0.04943625
0.04665909
0.04608413
0.02924248
0.02924248
0.03283379
0.03205050
0.03205050
0.03205050
0.03238733
0.03836925
0.03836925
0.03836925
0.03836925
0.03836925
0.03836925
0.03836925
0.03836925
0.04419381
0.04859979
0.03565616
0.02942155
0.02942155
0.03230603
0.03230603
0.03230603
0.03230603
0.03262873
0.03262873
0.02975634
0.02975634
0.02975634
0.02975634
0.02975634
0.02975634
0.02975634
0.03233754
0.03233754
0.03233754
0.03233754
0.03271378
0.02892370
0.02892370
0.02892370
0.02892370
0.02930367
0.02930367
0.02930367
0.02930367
0.03081688
0.03042227
0.02971046
0.03134709
0.03134709
0.03134709
0.02918462
0.02918462
0.02893869
0.02967550
0.03072624
0.03314040
0.03739453
0.03071661
0.02955821
0.02955821
0.02857359
0.02857359
0.02857359
0.02981432
0.02981432
0.03179282
0.03081160
0.03653650
0.04075128
0.04587556
0.04587556
0.04773149
0.04773149
0.04773149
0.04773149
0.04773149
0.04773149
0.04773149
0.04773149
0.04773149
0.04773149
0.04773149
0.04958324
0.03987600
0.04942663
0.02855044
0.03116292
0.03116292
0.03116292
0.03377685
0.02911438
0.02911438
0.02864737
0.02864737
0.02864737
0.02864737
0.03106871
0.03262534
0.03262534
0.03262534
0.02942637
0.02942637
0.02942637
0.02822450
0.02822450
0.03191739
0.03406987
0.03406987
0.03406987
