0.00000000
0.00000000
0.21679620
0.21679620
0.16638622
0.14957428
0.18733452
0.18733452
0.15255605
0.15255605
0.14493781
0.14493781
0.15264812
0.15264812
0.15264812
0.13161153
0.13161153
0.13132879
0.13132879
0.13132879
0.13132879
0.13188945
0.13188945
0.14192211
0.14192211
0.12074301
0.12074301
0.10281928
0.12231126
0.10641929
0.10641929
0.10641929
0.12659048
0.14782657
0.14782657
0.16377682
0.20689535
0.07491669
0.11024691
0.15148768
0.13017658
0.13017658
0.06188985
0.06188985
0.07977752
0.06926874
0.12189149
0.07214027
0.07214027
0.04695985
0.07206581
0.07206581
0.04861668
0.04861668
0.04861668
0.05011153
0.05011153
0.05011153
0.05663117
0.05215948
0.05215948
0.08562901
0.08562901
0.08562901
0.08562901
0.08562901
0.04601497
0.07327081
0.07327081
0.05047232
0.05047232
0.05047232
0.05375322
0.05640439
0.05640439
0.05640439
0.05640439
0.05534790
0.04640250
0.04640250
0.04765464
0.04765464
0.04811292
0.06154933
0.06028075
0.06028075
0.05004615
0.05004615
0.05004615
0.05004615
0.04610369
0.04517351
0.04517351
0.04517351
0.04517351
0.06369268
0.06369268
0.06563052
0.06563052
0.06563052
0.09954044
0.05000794
0.05000794
0.06733898
0.04040735
0.05933611
0.05933611
0.09027351
0.09027351
0.09027351
0.05476993
0.06562746
0.07699854
0.06749392
0.06107066
0.06107066
0.06107066
0.05128560
0.05128560
0.05215044
0.05215044
0.06683753
0.06683753
0.06359393
0.06531668
0.06531668
0.05153531
0.05153531
0.05153531
0.05778362
0.05778362
0.05421376
0.05421376
0.05421376
0.05421376
0.06440945
0.06440945
0.04880209
0.04880209
0.04880209
0.04880209
0.05040021
0.05040021
0.05685548
0.05685548
0.05685548
0.05685548
0.05685548
0.04501802
0.04501802
0.04501802
0.04501802
0.04525202
0.04525202
0.05130822
0.05349262
0.05349262
0.05349262
0.05682901
0.07462973
0.07534331
0.07534331
0.07534331
0.07534331
0.07534331
0.08177108
0.04509830
0.04509830
0.04509830
0.04509830
0.04509830
0.04509830
0.03886428
0.04092074
0.04127305
0.04127305
0.04127305
0.04127305
0.06513490
0.06513490
0.06513490
0.06513490
0.04692297
0.04692297
0.04692297
0.05279568
0.04160746
0.04670936
0.05721545
0.04670008
0.05132960
0.05132960
0.05700650
0.04847626
0.05057446
0.06301444
0.04694941
0.04277322
0.04806757
0.04590446
0.04590446
0.04938649
0.04546079
0.04172780
0.04172780
0.03957902
0.03957902
0.03957902
0.03957902
0.03957902
0.04363587
0.04363587
0.03524372
0.03524372
0.04883689
0.04883689
0.04883689
0.04883689
0.03951112
0.03951112
0.03795767
0.04752290
0.04856297
0.04856297
0.04213471
0.03854498
0.04570624
0.03898700
0.03721600
0.03721600
0.03673992
0.04116841
0.04116841
0.04116841
0.03514352
0.03514352
0.03415652
0.03609646
0.03609646
0.03609646
0.04041881
0.04041881
0.04041881
0.03994647
0.03994647
0.03809163
0.03809163
0.03770899
0.04554919
0.04185797
0.04185797
0.04034752
0.03900571
0.03900571
0.04290850
0.05130020
0.05433151
0.05433151
0.03854313
0.03854313
0.04061354
0.04061354
0.03677353
0.04117950
0.03599066
0.04840085
0.04840085
0.04314711
0.04314711
0.03732424
0.03732424
0.03732424
0.03732424
0.03732424
0.03732424
0.03732424
0.03626792
0.03626792
0.03803210
0.04051691
0.04051691
0.03820281
0.03964660
0.03524235
0.03524235
0.03631296
0.03631296
0.03631296
0.03631296
0.03594806
0.03594806
0.03594806
0.03594806
0.03594806
0.03594806
0.03594806
0.03594806
0.03594806
0.03596451
0.03511550
0.04425481
0.04425481
0.04425481
0.04464897
0.04464897
0.04464897
0.03671950
0.03685111
0.04079193
0.04112390
0.03659177
0.04143740
0.03596764
0.03596764
0.03596764
0.03596764
0.03596764
0.03668500
0.03486949
0.03260186
0.03445627
0.03445627
0.03445627
0.03635494
0.03329012
0.03329012
0.03329012
0.03329012
0.03329012
0.03746360
0.04003110
0.04003110
0.04003110
0.03235099
0.03705892
0.04119961
0.04119961
0.04191446
0.04134904
0.03266404
0.03479485
0.03479485
0.03479485
0.03479485
0.03894933
0.03677626
0.03677626
0.03677626
0.03436702
0.03289877
0.03820988
0.03963321
0.03651460
0.03280078
0.03280078
0.03280078
0.03280078
0.03280078
0.03280078
0.03246057
0.03246057
0.03246057
0.03246057
0.03246057
0.03553756
0.03553756
0.03631915
0.03631915
0.03394531
0.03394531
0.03394531
0.03165920
0.03165920
0.03300874
0.03300874
0.03298046
0.03298046
0.03298046
0.03473113
0.03875938
0.03875938
0.03875938
0.03441485
0.03171193
0.03327803
0.03463290
0.03463290
0.03463290
0.03395624
0.03537373
0.03537373
0.03537373
0.03246870
0.03246870
0.03246870
0.03218185
0.03218185
0.03412024
0.03402301
0.03402301
0.03402301
0.03480418
0.04159043
0.04159043
0.03276185
0.03163068
0.03759096
0.03329807
0.03329807
0.03509808
0.03775210
0.03794859
0.03716407
0.04023336
0.03555887
0.03260958
0.02973311
0.03242760
0.03236003
0.03236003
0.03392375
0.03366742
0.03366742
0.03366742
0.03441988
0.03928320
0.03928320
0.03928320
0.03436656
0.03436656
0.03436656
0.03436656
0.03436656
0.03639427
0.03639427
0.03332730
0.03440619
0.03722240
0.03722240
0.03375094
0.03375094
0.03186585
0.03003889
0.03423948
0.03391824
0.03391824
0.04311777
0.04311777
0.04415474
0.04415474
0.04415474
0.04415474
0.04415474
0.03769403
0.04025921
0.04025921
0.04025921
0.03858540
0.03858540
0.03847526
0.03847526
0.03765222
0.03788786
0.03788786
0.04125967
0.04125967
0.04194408
0.04082875
0.04405162
0.04405162
0.04405162
0.03801070
0.03801070
0.03801070
0.03994033
0.04321869
0.04321869
0.03734549
0.03734549
0.03806662
0.03806662
0.03806662
0.03806662
0.03861322
0.04231886
0.04278393
0.04098000
0.04098000
0.04102163
0.04102163
0.04102163
0.04102163
0.04530284
0.04501834
0.04952427
0.04952427
0.04952427
0.04222732
0.04089076
0.04396882
0.04718843
0.04664908
0.04664908
0.04556780
0.04556780
0.04741110
0.04741110
0.04741110
0.03986874
0.04198607
0.04198607
0.04136728
0.04594945
0.04594945
0.04594945
0.04955412
0.04955412
0.04955412
0.04955412
0.04253198
0.04253198
0.04244691
0.04606299
0.04606299
0.04606299
0.04176873
0.04737647
0.04830067
0.04830067
0.04830067
0.04830067
0.04830067
0.04276166
0.04276166
0.04276166
0.04506867
0.03708819
0.03718384
0.03718384
0.03916344
0.04446906
0.04446906
0.04583459
0.04583459
0.04583459
0.04068896
0.03986813
0.04137890
0.04229705
0.04933705
0.04750065
0.04750065
0.04821928
0.03753737
0.04402102
0.04060534
0.04060534
0.04060534
0.04060534
0.04060534
0.04060534
0.04060534
0.03967233
0.04275240
0.03794601
0.03786007
0.03822093
0.04210139
0.04210139
0.04210139
0.04210139
0.04110850
0.04106905
0.04106905
0.04106905
0.04106905
0.04106905
0.04366937
0.04841894
0.05526642
0.05572214
0.06516873
0.07053219
0.07053219
0.05457999
0.05457999
0.05032267
0.05539212
0.05539212
0.05539212
0.05539212
0.05726215
0.03936909
0.04035675
0.04143898
0.04682414
0.04682414
0.05073355
0.05705312
0.05705312
0.05705312
0.05705312
0.05705312
0.04473046
0.04336301
0.04114424
0.03979016
0.03950343
0.03950343
0.03950343
0.03875304
0.04396857
0.04396857
0.04514845
0.04514845
0.05425307
0.05425307
0.05521657
0.05521657
0.05521657
0.05521657
0.05521657
0.05413498
0.04193490
0.03591441
0.03591441
0.03803500
0.03803500
0.03803500
0.03803500
0.03803500
0.03803500
0.03803500
0.03803500
0.03906464
0.03906464
0.03906464
0.03906464
0.04677898
0.04677898
0.04677898
0.04677898
0.04677898
0.04677898
0.05226646
0.05313347
0.04369948
0.04369948
0.04369948
0.04369948
0.04149225
0.04062432
0.04062432
0.03273448
0.03908290
0.03826512
0.03826512
0.03826512
0.03826512
0.03390251
0.04416385
0.03731053
0.03731053
0.03731053
0.03484251
0.03484251
0.03950530
0.03950530
0.03950530
0.03826253
0.03826253
0.03826253
0.03741530
0.03778377
0.03515412
0.03515412
0.03515412
0.03935526
0.03935526
0.04319683
0.04319683
0.04319683
0.05006982
0.05006982
0.05006982
0.03572983
0.03334881
0.03334881
0.03334881
0.03334881
0.03334881
0.03995918
0.03995918
0.04047524
0.03992100
0.03832870
0.04382184
0.04382184
0.04382184
0.04382184
0.04382184
0.04219182
0.04219182
0.04219182
0.04219182
0.04219182
0.04219182
0.04219182
0.04219182
0.04219182
0.04219182
0.03837444
0.03812149
0.04573729
0.04573729
0.05314712
0.03913174
0.03624107
0.03624107
0.03624107
0.03624107
0.04571085
0.04402133
0.04233871
0.04233871
0.04233871
0.04155009
0.04155009
0.04381153
0.04381153
0.04273914
0.04273914
0.04273914
0.04273914
0.04273914
0.04273914
0.03375840
0.03167713
0.03893549
0.03760422
0.03760422
0.03760422
0.03760422
0.03760422
0.04437596
0.04437596
0.04977813
0.05013334
0.05013334
0.05013334
0.04357147
0.04357147
0.04219248
0.04444674
0.04444674
0.04068498
0.04068498
0.03956377
0.03956377
0.03892693
0.03751577
0.03751577
0.03751577
0.03786823
0.03608117
0.04418316
0.03755359
0.03755359
0.04129260
0.04129260
0.04129260
0.03940984
0.04206299
0.04206299
0.04206299
0.05040883
0.04671240
0.04270389
0.04212887
0.04038833
0.04038833
0.04038833
0.03796552
0.04423282
0.04423282
0.04245857
0.04531288
0.04531288
0.04531288
0.04531288
0.04531288
0.04099803
0.04099803
0.04400314
0.04400314
0.04400314
0.04400314
0.04684301
0.05326565
0.05326565
0.05326565
0.07032420
0.07032420
0.07032420
0.04995241
0.04995241
0.05289040
0.05289040
0.05289040
0.04502474
0.04697121
0.04697121
0.04697121
0.04697121
0.04848109
0.04027618
0.04549469
0.04549469
0.04949986
0.04800013
0.04800013
0.05388652
0.05388652
0.05388652
0.05388652
0.04149520
0.04217921
0.04217921
0.04217921
0.03857047
0.03857047
0.03857047
0.04483161
0.04941898
0.04882464
0.04882464
0.04412789
0.05115454
0.05080642
0.05080642
0.05080642
0.05304885
0.05304885
0.03918023
0.03918023
0.03918023
0.03918023
0.03714779
0.03714779
0.03975790
0.03990865
0.03990865
0.03990865
0.03990865
0.03990865
0.03990865
0.03990865
0.04566203
0.04566203
0.04566203
0.04566203
0.04566203
0.04566203
0.04566203
0.04566203
0.04566203
0.04481860
0.04737069
0.04817712
0.04817712
0.04761873
0.04761873
0.04761873
0.04214422
0.04214422
0.04214422
0.04616492
0.04269053
0.04131125
0.04242853
0.04242853
0.04242853
0.04242853
0.04739133
0.04739133
0.04690434
0.04648019
0.04648019
0.04648019
0.03825455
0.04124827
0.04124827
0.04124827
0.04748966
0.04748966
0.04337435
0.04098754
0.05057409
0.05057409
0.05308978
0.05308978
0.05308978
0.05377873
0.04491891
0.04349802
0.04349802
0.04409328
0.04409328
0.04409328
0.04479935
0.04479935
0.04268379
0.04268379
0.04268379
0.04343050
0.04185091
0.04185091
0.04989142
0.04989142
0.05056532
0.04635328
0.04635328
0.04635328
0.04806388
0.04806388
0.04806388
0.04806388
0.04806388
0.04806388
0.05283622
0.05283622
0.04260649
0.04639346
0.04487305
0.05714150
0.05008077
0.04966616
0.05095811
0.05095811
0.05095811
0.05095811
0.05095811
0.05338664
0.05784191
0.05784191
0.05784191
0.04908263
0.04040910
0.04565318
0.04565318
0.04565318
0.04740561
0.04740561
0.05137573
0.05137573
0.06061094
0.06061094
0.06061094
0.06061094
0.06061094
0.06061094
0.06061094
0.06061094
0.06061094
0.04342674
0.04886119
0.04886119
0.04886119
0.04886119
0.05198049
0.05198049
0.05198049
0.05169821
0.05169821
0.05169821
0.06052866
0.05730666
0.05730666
0.05730666
0.05730666
0.05730666
0.05730666
0.05730666
0.04813142
0.04813142
0.04813142
0.04813142
0.04813142
0.04813142
0.04579175
0.04573502
0.04617066
0.04802884
0.04317812
0.03958458
0.03958458
0.03958458
0.03958458
0.03958458
0.03958458
0.04361807
0.04361807
0.03755896
0.03573752
0.03573752
0.04665095
0.04447648
0.05143559
0.04637039
0.04992614
0.04992614
0.04992614
0.03810767
0.03801088
0.03801088
0.04388545
0.04468316
0.04468316
0.04468316
0.04468316
0.04468316
0.04794764
0.04794764
0.04958401
0.05333489
0.04310096
0.04310096
0.04310096
0.04548175
0.04181735
0.04181735
0.04181735
0.04181735
0.04181735
0.04982622
0.04982622
0.04982622
0.04976562
0.04976562
0.03950754
0.04591707
0.04558764
0.04558764
0.04558764
0.04558764
0.04558764
0.04558764
0.04558764
0.04569773
0.04569773
0.03740581
0.04615681
0.04615681
0.04615681
0.04500559
0.04691877
0.03818891
0.03879987
0.03879987
0.04294022
0.04294022
0.04094269
0.04094269
0.03871387
0.04377647
0.04377647
0.04211021
0.04852512
0.04852512
0.04852512
0.04130070
0.04130070
0.04130070
0.04130070
0.04329013
0.04767006
0.04548396
0.04548396
0.04548396
0.04548396
0.04620457
0.04653448
0.04653448
0.04653448
0.04886528
0.04115246
0.04591820
0.04344132
0.04953349
0.04953349
0.04953349
0.05561235
0.05561235
0.05561235
0.05561235
0.05270711
0.04681967
0.05040022
0.04180642
0.04567753
0.04567753
0.04567753
0.04324421
0.04330367
0.04560890
0.04560890
0.04705214
0.04571544
0.04152982
0.03798440
0.03798440
0.04095791
0.04095791
0.04110613
0.04110613
0.04299285
0.04762279
0.04762279
0.05098029
0.05098029
0.05098029
0.05098029
0.05098029
0.03942797
0.03942797
0.03942797
0.03942797
0.04348772
0.04556524
0.04556524
0.04081616
0.04081616
0.04122213
0.04122213
0.04458467
0.04458467
0.04458467
0.03966151
0.04559905
0.04091517
0.04091517
0.04030317
0.03887291
0.03887291
0.03887291
0.04269781
0.04951204
0.04951204
0.04951204
0.04951204
0.04951204
0.04951204
0.04951204
0.04951204
0.05226821
0.05900967
0.04579942
0.04169815
0.04169815
0.04617946
0.04617946
0.04617946
0.04617946
0.04204367
0.04204367
0.03739964
0.03739964
0.03739964
0.03739964
0.03739964
0.03739964
0.03739964
0.03678818
0.03678818
0.03678818
0.03678818
0.03704200
0.04237195
0.04237195
0.04237195
0.04237195
0.03782949
0.03782949
0.03782949
0.03782949
0.03820624
0.03996919
0.05097739
0.04225323
0.04225323
0.04225323
0.04159376
0.04159376
0.04409385
0.04350735
0.04719626
0.04504640
0.04016931
0.04596442
0.04142348
0.04142348
0.04430708
0.04430708
0.04430708
0.04363354
0.04363354
0.04327249
0.04645708
0.05064270
0.04717397
0.05662492
0.05662492
0.05874864
0.05874864
0.05874864
0.05874864
0.05874864
0.05874864
0.05874864
0.05874864
0.05874864
0.05874864
0.05874864
0.05997817
0.06177699
0.06867918
0.03958922
0.04377572
0.04377572
0.04377572
0.04698205
0.04040842
0.04040842
0.04028239
0.04028239
0.04028239
0.04028239
0.04480694
0.04379183
0.04379183
0.04379183
0.03880766
0.03880766
0.03880766
0.04843491
0.04843491
0.04779564
0.04234665
0.04234665
0.04234665
