0.00000000
0.00000000
0.19541275
0.19541275
0.15809654
0.14912807
0.14674464
0.14674464
0.14355384
0.14355384
0.13664494
0.13664494
0.13571186
0.13571186
0.13571186
0.12955911
0.12955911
0.12660247
0.12660247
0.12660247
0.12660247
0.13474348
0.13474348
0.13462038
0.13462038
0.10582604
0.10582604
0.12538562
0.09862002
0.09587413
0.09587413
0.09587413
0.07490232
0.07833412
0.07833412
0.11533979
0.07831644
0.08826843
0.09209088
0.10264576
0.10994974
0.10994974
0.07166140
0.07166140
0.06701083
0.07010047
0.06720560
0.11711734
0.11711734
0.04656269
0.06168472
0.06168472
0.05463850
0.05463850
0.05463850
0.04858762
0.04858762
0.04858762
0.08037302
0.09870125
0.09870125
0.09709504
0.09709504
0.09709504
0.09709504
0.09709504
0.04578852
0.09965711
0.09965711
0.04393088
0.04393088
0.04393088
0.04352738
0.08841981
0.08841981
0.08841981
0.08841981
0.10739116
0.08620698
0.08620698
0.09622443
0.09622443
0.10978162
0.15161600
0.13164884
0.13164884
0.04836992
0.04836992
0.04836992
0.04836992
0.05132006
0.08734500
0.08734500
0.08734500
0.08734500
0.04700789
0.04700789
0.05021752
0.05021752
0.05021752
0.04959242
0.05100041
0.05100041
0.05006943
0.04594934
0.04558832
0.04558832
0.07466599
0.07466599
0.07466599
0.04796795
0.05834939
0.07423358
0.05080345
0.05446479
0.05446479
0.05446479
0.05138243
0.05138243
0.05193069
0.05193069
0.06766304
0.06766304
0.08323783
0.05630729
0.05630729
0.06033884
0.06033884
0.06033884
0.06232600
0.06232600
0.05764305
0.05764305
0.05764305
0.05764305
0.05327977
0.05327977
0.05449143
0.05449143
0.05449143
0.05449143
0.05398075
0.05398075
0.06517629
0.06517629
0.06517629
0.06517629
0.06517629
0.05320291
0.05320291
0.05320291
0.05320291
0.05376823
0.05376823
0.07020868
0.06404155
0.06404155
0.06404155
0.06147593
0.08017777
0.07264112
0.07264112
0.07264112
0.07264112
0.07264112
0.05893912
0.05596603
0.05596603
0.05596603
0.05596603
0.05596603
0.05596603
0.06781700
0.06481052
0.07074269
0.07074269
0.07074269
0.07074269
0.07323756
0.07323756
0.07323756
0.07323756
0.06544161
0.06544161
0.06544161
0.05817911
0.05779713
0.06149105
0.07116780
0.06614413
0.05701117
0.05701117
0.06170288
0.06735573
0.05759619
0.06065132
0.05771306
0.05597873
0.06404613
0.05708868
0.05708868
0.06305927
0.06691013
0.05956024
0.05956024
0.08330589
0.08330589
0.08330589
0.08330589
0.08330589
0.06284323
0.06284323
0.05579662
0.05579662
0.06701377
0.06701377
0.06701377
0.06701377
0.06296688
0.06296688
0.08146018
0.07153671
0.06897228
0.06897228
0.06909177
0.06069124
0.06520775
0.06199393
0.05437300
0.05437300
0.06102321
0.07102988
0.07102988
0.07102988
0.06352805
0.06352805
0.06360081
0.06232805
0.06232805
0.06232805
0.05823978
0.05823978
0.05823978
0.06778359
0.06778359
0.05834311
0.05834311
0.05806304
0.06042363
0.06841570
0.06841570
0.06959133
0.07603729
0.07603729
0.06750721
0.06087346
0.06112423
0.06112423
0.05988508
0.05988508
0.06053097
0.06053097
0.06131609
0.06274427
0.06076470
0.06155935
0.06155935
0.06569965
0.06569965
0.06289831
0.06289831
0.06289831
0.06289831
0.06289831
0.06289831
0.06289831
0.05989106
0.05989106
0.06187241
0.05996867
0.05996867
0.06247935
0.06266529
0.06338155
0.06338155
0.06446430
0.06446430
0.06446430
0.06446430
0.06167395
0.06167395
0.06167395
0.06167395
0.06167395
0.06167395
0.06167395
0.06167395
0.06167395
0.06597232
0.06740478
0.06653026
0.06653026
0.06653026
0.07872274
0.07872274
0.07872274
0.06482353
0.07747790
0.06936277
0.07029632
0.06416732
0.06346489
0.06537838
0.06537838
0.06537838
0.06537838
0.06537838
0.06602035
0.06590857
0.06888724
0.07588137
0.07588137
0.07588137
0.06361097
0.06596049
0.06596049
0.06596049
0.06596049
0.06596049
0.06654483
0.06760458
0.06760458
0.06760458
0.07145222
0.07539785
0.08083646
0.08083646
0.07971336
0.08338870
0.06772368
0.06742540
0.06742540
0.06742540
0.06742540
0.07026968
0.06849626
0.06849626
0.06849626
0.06787868
0.07195870
0.07026088
0.07099197
0.07390538
0.06811256
0.06811256
0.06811256
0.06811256
0.06811256
0.06811256
0.07178368
0.07178368
0.07178368
0.07178368
0.07178368
0.06778834
0.06778834
0.06603780
0.06603780
0.07056971
0.07056971
0.07056971
0.06415013
0.06415013
0.06635940
0.06635940
0.06887391
0.06887391
0.06887391
0.07238811
0.06776628
0.06776628
0.06776628
0.06568612
0.06776019
0.06687335
0.07233359
0.07233359
0.07233359
0.07680187
0.08275159
0.08275159
0.08275159
0.09799763
0.09799763
0.09799763
0.09429413
0.09429413
0.10654975
0.06229248
0.06229248
0.06229248
0.06388833
0.06576467
0.06576467
0.05854931
0.06251934
0.06406150
0.06379979
0.06379979
0.06122400
0.06133213
0.06366869
0.06203504
0.06397666
0.06292684
0.06247254
0.06386864
0.06212845
0.05951733
0.05951733
0.06136173
0.06128366
0.06128366
0.06128366
0.06390349
0.06458995
0.06458995
0.06458995
0.06433793
0.06433793
0.06433793
0.06433793
0.06433793
0.06276134
0.06276134
0.06450324
0.06328643
0.06317026
0.06317026
0.06552766
0.06552766
0.06706635
0.07108992
0.07248355
0.07434856
0.07434856
0.07964985
0.07964985
0.07830368
0.07830368
0.07830368
0.07830368
0.07830368
0.07373707
0.07247545
0.07247545
0.07247545
0.06783918
0.06783918
0.07301648
0.07301648
0.07045173
0.07087299
0.07087299
0.07035500
0.07035500
0.07382974
0.07667183
0.07782319
0.07782319
0.07782319
0.07319338
0.07319338
0.07319338
0.07252410
0.07497875
0.07497875
0.07225008
0.07225008
0.07376717
0.07376717
0.07376717
0.07376717
0.07079667
0.07723073
0.07237510
0.07919982
0.07919982
0.07829879
0.07829879
0.07829879
0.07829879
0.07634100
0.08013456
0.09636033
0.09636033
0.09636033
0.07854312
0.07521079
0.07366133
0.07352061
0.07332314
0.07332314
0.07276802
0.07276802
0.07423112
0.07423112
0.07423112
0.07729864
0.07161322
0.07161322
0.06975704
0.07105836
0.07105836
0.07105836
0.07474505
0.07474505
0.07474505
0.07474505
0.07412265
0.07412265
0.07276789
0.07013829
0.07013829
0.07013829
0.07274161
0.07593574
0.07395058
0.07395058
0.07395058
0.07395058
0.07395058
0.07992201
0.07992201
0.07992201
0.07627916
0.08282489
0.07185095
0.07185095
0.07523936
0.07989142
0.07989142
0.07493529
0.07493529
0.07493529
0.07498017
0.08004450
0.08117711
0.07265403
0.07340239
0.07384738
0.07384738
0.07595663
0.08180800
0.08364037
0.07755001
0.07755001
0.07755001
0.07755001
0.07755001
0.07755001
0.07755001
0.07742012
0.07139826
0.07257499
0.07183152
0.07465323
0.07331852
0.07331852
0.07331852
0.07331852
0.07055379
0.07152465
0.07152465
0.07152465
0.07152465
0.07152465
0.07572982
0.08012830
0.08506831
0.09157035
0.08099184
0.07762432
0.07762432
0.07496829
0.07496829
0.07475022
0.07779628
0.07779628
0.07779628
0.07779628
0.07815025
0.08306358
0.07810297
0.07468836
0.07782449
0.07782449
0.07631726
0.07690354
0.07690354
0.07690354
0.07690354
0.07690354
0.08395798
0.08493765
0.08174361
0.07451413
0.07407832
0.07407832
0.07407832
0.07508338
0.07487786
0.07487786
0.07531468
0.07531468
0.07694261
0.07694261
0.07726890
0.07726890
0.07726890
0.07726890
0.07726890
0.07955624
0.07678505
0.07498101
0.07498101
0.07904780
0.07904780
0.07904780
0.07904780
0.07904780
0.07904780
0.07904780
0.07904780
0.07912731
0.07912731
0.07912731
0.07912731
0.08289720
0.08289720
0.08289720
0.08289720
0.08289720
0.08289720
0.08789924
0.09374112
0.08144487
0.08144487
0.08144487
0.08144487
0.08979234
0.09248695
0.09248695
0.07445080
0.07410450
0.07607592
0.07607592
0.07607592
0.07607592
0.07759099
0.07308894
0.07345669
0.07345669
0.07345669
0.07046772
0.07046772
0.07304951
0.07304951
0.07304951
0.07566755
0.07566755
0.07566755
0.07745792
0.07292746
0.07644966
0.07644966
0.07644966
0.07772368
0.07772368
0.07451584
0.07451584
0.07451584
0.07577878
0.07577878
0.07577878
0.07235367
0.07379733
0.07379733
0.07379733
0.07379733
0.07379733
0.08479401
0.08479401
0.08530789
0.07844796
0.08065108
0.08229501
0.08229501
0.08229501
0.08229501
0.08229501
0.07587893
0.07587893
0.07587893
0.07587893
0.07587893
0.07587893
0.07587893
0.07587893
0.07587893
0.07587893
0.07284859
0.06732706
0.06741098
0.06741098
0.07162662
0.07439846
0.07783165
0.07783165
0.07783165
0.07783165
0.06969250
0.07304432
0.06881854
0.06881854
0.06881854
0.06754714
0.06754714
0.06669568
0.06669568
0.06593906
0.06593906
0.06593906
0.06593906
0.06593906
0.06593906
0.07039689
0.07139086
0.06318840
0.06071861
0.06071861
0.06071861
0.06071861
0.06071861
0.05741486
0.05741486
0.05824037
0.05991955
0.05991955
0.05991955
0.05999826
0.05999826
0.05915574
0.06325883
0.06325883
0.06480676
0.06480676
0.06393015
0.06393015
0.06253338
0.05604156
0.05604156
0.05604156
0.05726114
0.06124150
0.05640077
0.06029969
0.06029969
0.05338549
0.05338549
0.05338549
0.05588633
0.05945293
0.05945293
0.05945293
0.05795502
0.05279913
0.05282970
0.05279680
0.05411120
0.05411120
0.05411120
0.06300849
0.05642656
0.05642656
0.05022295
0.04977255
0.04977255
0.04977255
0.04977255
0.04977255
0.05212582
0.05212582
0.04969054
0.04969054
0.04969054
0.04969054
0.05282471
0.05478002
0.05478002
0.05478002
0.05360721
0.05360721
0.05360721
0.04666809
0.04666809
0.05279740
0.05279740
0.05279740
0.05088271
0.05301594
0.05301594
0.05301594
0.05301594
0.05306728
0.05014383
0.04728838
0.04728838
0.04533966
0.05022600
0.05022600
0.05211687
0.05211687
0.05211687
0.05211687
0.05079353
0.05675376
0.05675376
0.05675376
0.05464425
0.05464425
0.05464425
0.05589421
0.05665461
0.04638017
0.04638017
0.06080180
0.06215389
0.06741805
0.06741805
0.06741805
0.07391258
0.07391258
0.04707208
0.04707208
0.04707208
0.04707208
0.04834119
0.04834119
0.04621198
0.05638228
0.05638228
0.05638228
0.05638228
0.05638228
0.05638228
0.05638228
0.05310737
0.05310737
0.05310737
0.05310737
0.05310737
0.05310737
0.05310737
0.05310737
0.05310737
0.05247793
0.05465470
0.05805604
0.05805604
0.06916397
0.06916397
0.06916397
0.08549374
0.08549374
0.08549374
0.04749828
0.04965708
0.04758492
0.04909576
0.04909576
0.04909576
0.04909576
0.04585936
0.04585936
0.04497255
0.04645876
0.04645876
0.04645876
0.04683385
0.04924508
0.04924508
0.04924508
0.04485727
0.04485727
0.04848877
0.04766611
0.04476260
0.04476260
0.04895273
0.04895273
0.04895273
0.05219212
0.05072300
0.04480130
0.04480130
0.04506144
0.04506144
0.04506144
0.04416242
0.04416242
0.04985883
0.04985883
0.04985883
0.04806305
0.04767398
0.04767398
0.04234253
0.04234253
0.04428879
0.04188150
0.04188150
0.04188150
0.04282850
0.04282850
0.04282850
0.04282850
0.04282850
0.04282850
0.04460881
0.04460881
0.04102269
0.04202889
0.05713543
0.04217729
0.04088637
0.04310500
0.04719916
0.04719916
0.04719916
0.04719916
0.04719916
0.04942594
0.05024873
0.05024873
0.05024873
0.03871464
0.04093621
0.04007355
0.04007355
0.04007355
0.03861478
0.03861478
0.04544803
0.04544803
0.04484795
0.04484795
0.04484795
0.04484795
0.04484795
0.04484795
0.04484795
0.04484795
0.04484795
0.03950354
0.04397147
0.04397147
0.04397147
0.04397147
0.03852330
0.03852330
0.03852330
0.04074237
0.04074237
0.04074237
0.05215360
0.05026115
0.05026115
0.05026115
0.05026115
0.05026115
0.05026115
0.05026115
0.03880258
0.03880258
0.03880258
0.03880258
0.03880258
0.03880258
0.03921123
0.04402992
0.03804671
0.05130502
0.05541950
0.07015647
0.07015647
0.07015647
0.07015647
0.07015647
0.07015647
0.03748076
0.03748076
0.03834980
0.04165982
0.04165982
0.03768693
0.04276203
0.03982249
0.04184692
0.03577089
0.03577089
0.03577089
0.03955794
0.04581609
0.04581609
0.03697227
0.03637833
0.03637833
0.03637833
0.03637833
0.03637833
0.04368201
0.04368201
0.04728543
0.04699868
0.03640329
0.03640329
0.03640329
0.03857840
0.03718002
0.03718002
0.03718002
0.03718002
0.03718002
0.04559964
0.04559964
0.04559964
0.05275096
0.05275096
0.03909299
0.06001181
0.05198049
0.05198049
0.05198049
0.05198049
0.05198049
0.05198049
0.05198049
0.05266086
0.05266086
0.03889880
0.03539800
0.03539800
0.03539800
0.03453454
0.03427857
0.03428646
0.03689907
0.03689907
0.03843766
0.03843766
0.04017716
0.04017716
0.03552073
0.04088628
0.04088628
0.03462452
0.03507583
0.03507583
0.03507583
0.03513537
0.03513537
0.03513537
0.03513537
0.03589074
0.04434908
0.03387081
0.03387081
0.03387081
0.03387081
0.03571641
0.04354975
0.04354975
0.04354975
0.05061029
0.03735484
0.03923216
0.03300094
0.03283445
0.03283445
0.03283445
0.03583770
0.03583770
0.03583770
0.03583770
0.02983833
0.03476118
0.05459714
0.03499792
0.03707213
0.03707213
0.03707213
0.03533881
0.03398651
0.03123059
0.03123059
0.03105252
0.03222489
0.03140424
0.03857097
0.03857097
0.03748820
0.03748820
0.04500094
0.04500094
0.03553125
0.03177962
0.03177962
0.02933543
0.02933543
0.02933543
0.02933543
0.02933543
0.03277947
0.03277947
0.03277947
0.03277947
0.03258371
0.03452000
0.03452000
0.03618493
0.03618493
0.03859137
0.03859137
0.04285818
0.04285818
0.04285818
0.03935921
0.04406764
0.04118191
0.04118191
0.03754026
0.03195511
0.03195511
0.03195511
0.03534376
0.03005497
0.03005497
0.03005497
0.03005497
0.03005497
0.03005497
0.03005497
0.03005497
0.03243597
0.03234004
0.03085540
0.03311687
0.03311687
0.03131844
0.03131844
0.03131844
0.03131844
0.03145184
0.03145184
0.03357279
0.03357279
0.03357279
0.03357279
0.03357279
0.03357279
0.03357279
0.03246798
0.03246798
0.03246798
0.03246798
0.03411919
0.03724360
0.03724360
0.03724360
0.03724360
0.03634748
0.03634748
0.03634748
0.03634748
0.03298960
0.03665523
0.03513312
0.03596171
0.03596171
0.03596171
0.04061146
0.04061146
0.03931081
0.03611301
0.03059825
0.03235024
0.04192940
0.03413191
0.03380426
0.03380426
0.03366532
0.03366532
0.03366532
0.03212908
0.03212908
0.03367259
0.04536081
0.06408546
0.08831410
0.10312032
0.10312032
0.10361695
0.10361695
0.10361695
0.10361695
0.10361695
0.10361695
0.10361695
0.10361695
0.10361695
0.10361695
0.10361695
0.08950577
0.08250038
0.08750021
0.04028392
0.04840019
0.04840019
0.04840019
0.05073136
0.03609210
0.03609210
0.03729604
0.03729604
0.03729604
0.03729604
0.03364907
0.03593202
0.03593202
0.03593202
0.03671675
0.03671675
0.03671675
0.04311578
0.04311578
0.04000492
0.04424221
0.04424221
0.04424221
