0.0276 0.0722 0.2230 0.4352 0.5549 0.3002 0.1122 0.0494 0.0533 0.0879
0.0252 0.1024 0.3651 0.6351 0.6284 0.2613 0.0717 0.0322 0.0504 0.1160
0.0795 0.2283 0.4186 0.4626 0.3681 0.1417 0.0593 0.0583 0.1265 0.2382
0.3068 0.2635 0.1478 0.0495 0.0737 0.0973 0.1410 0.2739 0.3528 0.2904
0.2012 0.0497 0.0152 0.0060 0.0594 0.2580 0.4848 0.5074 0.2449 0.0746
0.0598 0.0150 0.0094 0.0105 0.1659 0.4739 0.5828 0.3655 0.0929 0.0258
0.0513 0.0196 0.0170 0.0225 0.2187 0.4444 0.4782 0.2715 0.0831 0.0318
0.0304 0.0592 0.1562 0.3083 0.4971 0.3212 0.1469 0.0659 0.0572 0.0752
0.0245 0.0990 0.3590 0.6342 0.6333 0.2666 0.0730 0.0321 0.0491 0.1126
0.0552 0.1835 0.4138 0.5339 0.4556 0.1718 0.0609 0.0468 0.0947 0.1953
0.2790 0.3426 0.2648 0.1124 0.1021 0.0825 0.0892 0.1874 0.3313 0.3561
0.3105 0.0857 0.0204 0.0053 0.0386 0.1835 0.4262 0.5548 0.3459 0.1196
0.0633 0.0154 0.0092 0.0098 0.1571 0.4675 0.5865 0.3774 0.0972 0.0265
0.0544 0.0173 0.0131 0.0162 0.1955 0.4590 0.5250 0.3099 0.0866 0.0288
0.0354 0.0431 0.0848 0.1581 0.4064 0.3555 0.2190 0.1029 0.0638 0.0588
0.0243 0.0950 0.3443 0.6191 0.6298 0.2717 0.0762 0.0331 0.0488 0.1089
0.0364 0.1370 0.3932 0.5952 0.5513 0.2149 0.0654 0.0379 0.0678 0.1502
0.2160 0.3631 0.3721 0.2196 0.1548 0.0838 0.0650 0.1240 0.2742 0.3678
0.3781 0.1316 0.0313 0.0067 0.0336 0.1399 0.3500 0.5404 0.4064 0.1708
0.0762 0.0181 0.0096 0.0089 0.1356 0.4350 0.5760 0.4001 0.1129 0.0306
0.0566 0.0159 0.0109 0.0130 0.1807 0.4688 0.5566 0.3377 0.0892 0.0270
0.0414 0.0311 0.0439 0.0724 0.3203 0.3919 0.3151 0.1580 0.0713 0.0455
0.0250 0.0884 0.3105 0.5745 0.6124 0.2794 0.0842 0.0365 0.0497 0.1029
0.0284 0.1148 0.3822 0.6313 0.6069 0.2435 0.0680 0.0333 0.0555 0.1281
0.1668 0.3543 0.4388 0.3272 0.2128 0.0905 0.0545 0.0904 0.2257 0.3554
0.4058 0.2078 0.0632 0.0133 0.0377 0.1051 0.2406 0.4555 0.4338 0.2461
0.1249 0.0291 0.0116 0.0070 0.0902 0.3458 0.5387 0.4579 0.1675 0.0467
0.0584 0.0150 0.0096 0.0110 0.1702 0.4755 0.5791 0.3590 0.0912 0.0257
0.0473 0.0234 0.0244 0.0352 0.2543 0.4244 0.4139 0.2233 0.0784 0.0364
0.0267 0.0769 0.2483 0.4790 0.5735 0.2938 0.1027 0.0449 0.0521 0.0923
0.0253 0.1047 0.3741 0.6445 0.6311 0.2586 0.0699 0.0316 0.0504 0.1181
0.1043 0.2826 0.4514 0.4400 0.3142 0.1173 0.0537 0.0646 0.1569 0.2878
0.3682 0.3141 0.1603 0.0445 0.0595 0.0818 0.1317 0.2977 0.4071 0.3383
0.2538 0.0624 0.0161 0.0051 0.0463 0.2230 0.4713 0.5453 0.2942 0.0912
0.0601 0.0147 0.0091 0.0101 0.1636 0.4761 0.5887 0.3709 0.0933 0.0255
0.0522 0.0189 0.0157 0.0203 0.2115 0.4489 0.4926 0.2829 0.0842 0.0308
0.0309 0.0569 0.1453 0.2862 0.4859 0.3253 0.1546 0.0697 0.0579 0.0730
0.0242 0.0994 0.3635 0.6412 0.6373 0.2665 0.0721 0.0315 0.0487 0.1129
0.0532 0.1828 0.4223 0.5508 0.4676 0.1732 0.0596 0.0449 0.0920 0.1942
0.3012 0.4048 0.3280 0.1387 0.1015 0.0706 0.0728 0.1722 0.3528 0.4097
0.4035 0.1216 0.0244 0.0047 0.0281 0.1434 0.3914 0.5916 0.4266 0.1615
0.0670 0.0159 0.0091 0.0093 0.1494 0.4594 0.5870 0.3871 0.1017 0.0274
0.0559 0.0163 0.0115 0.0139 0.1850 0.4660 0.5475 0.3294 0.0884 0.0275
0.0380 0.0372 0.0631 0.1119 0.3662 0.3719 0.2599 0.1254 0.0671 0.0523
0.0243 0.0945 0.3428 0.6182 0.6302 0.2725 0.0766 0.0331 0.0487 0.1083
0.0330 0.1297 0.3956 0.6170 0.5760 0.2243 0.0652 0.0354 0.0626 0.1429
0.2297 0.4248 0.4500 0.2720 0.1584 0.0724 0.0522 0.1104 0.2888 0.4200
0.4551 0.2037 0.0498 0.0087 0.0291 0.1027 0.2735 0.5218 0.4738 0.2448
0.1127 0.0260 0.0109 0.0072 0.0979 0.3658 0.5503 0.4483 0.1543 0.0423
0.0581 0.0150 0.0097 0.0112 0.1716 0.4750 0.5767 0.3563 0.0908 0.0258
0.0462 0.0246 0.0271 0.0402 0.2655 0.4185 0.3954 0.2102 0.0771 0.0379
0.0257 0.0834 0.2836 0.5353 0.5967 0.2855 0.0915 0.0398 0.0507 0.0982
0.0260 0.1082 0.3803 0.6458 0.6267 0.2538 0.0686 0.0316 0.0516 0.1215
0.1431 0.3506 0.4800 0.4011 0.2526 0.0942 0.0490 0.0749 0.2010 0.3496
0.4135 0.3383 0.1566 0.0375 0.0498 0.0747 0.1332 0.3262 0.4455 0.3620
0.2867 0.0702 0.0164 0.0046 0.0400 0.2058 0.4662 0.5679 0.3238 0.1012
0.0600 0.0146 0.0090 0.0100 0.1634 0.4775 0.5910 0.3722 0.0931 0.0253
0.0524 0.0187 0.0154 0.0199 0.2098 0.4500 0.4959 0.2856 0.0844 0.0306
0.0302 0.0599 0.1596 0.3154 0.5007 0.3200 0.1446 0.0648 0.0569 0.0759
0.0241 0.1007 0.3701 0.6490 0.6404 0.2651 0.0708 0.0309 0.0485 0.1141
0.0645 0.2132 0.4427 0.5328 0.4260 0.1533 0.0559 0.0485 0.1075 0.2226
0.3338 0.4610 0.3735 0.1505 0.0945 0.0610 0.0634 0.1696 0.3829 0.4586
0.4690 0.1493 0.0267 0.0042 0.0227 0.1223 0.3737 0.6187 0.4819 0.1926
0.0704 0.0166 0.0092 0.0090 0.1432 0.4515 0.5859 0.3946 0.1059 0.0283
0.0563 0.0160 0.0111 0.0132 0.1821 0.4681 0.5539 0.3352 0.0889 0.0271
0.0392 0.0348 0.0552 0.0955 0.3489 0.3793 0.2796 0.1367 0.0686 0.0497
0.0242 0.0945 0.3435 0.6193 0.6309 0.2726 0.0764 0.0330 0.0486 0.1084
0.0322 0.1286 0.3978 0.6237 0.5822 0.2261 0.0648 0.0347 0.0615 0.1417
0.2447 0.4578 0.4806 0.2854 0.1532 0.0666 0.0479 0.1087 0.3037 0.4485
0.4774 0.2481 0.0664 0.0113 0.0294 0.0890 0.2319 0.4930 0.4940 0.2869
0.1577 0.0360 0.0123 0.0061 0.0725 0.3074 0.5257 0.4915 0.2016 0.0565
0.0587 0.0147 0.0093 0.0106 0.1680 0.4775 0.5847 0.3640 0.0916 0.0254
0.0485 0.0221 0.0217 0.0305 0.2425 0.4309 0.4345 0.2381 0.0799 0.0349
0.0264 0.0788 0.2590 0.4967 0.5809 0.2913 0.0991 0.0432 0.0516 0.0940
0.0250 0.1056 0.3802 0.6527 0.6352 0.2580 0.0687 0.0309 0.0501 0.1189
0.1334 0.3463 0.4939 0.4310 0.2708 0.0965 0.0473 0.0695 0.1906 0.3448
0.4077 0.4406 0.2727 0.0776 0.0626 0.0601 0.0852 0.2436 0.4443 0.4472
0.4392 0.1222 0.0212 0.0036 0.0235 0.1395 0.4150 0.6323 0.4558 0.1635
0.0623 0.0148 0.0088 0.0095 0.1575 0.4735 0.5938 0.3804 0.0959 0.0256
0.0549 0.0169 0.0125 0.0153 0.1918 0.4616 0.5331 0.3167 0.0872 0.0283
0.0341 0.0467 0.0993 0.1892 0.4289 0.3468 0.1988 0.0921 0.0621 0.0625
0.0239 0.0988 0.3645 0.6448 0.6407 0.2678 0.0720 0.0312 0.0481 0.1122
0.0448 0.1657 0.4231 0.5863 0.5103 0.1882 0.0598 0.0403 0.0803 0.1776
0.3119 0.5080 0.4710 0.2275 0.1152 0.0564 0.0486 0.1329 0.3654 0.4956
0.5219 0.2213 0.0446 0.0063 0.0219 0.0929 0.2884 0.5789 0.5287 0.2648
0.1160 0.0264 0.0108 0.0070 0.0950 0.3622 0.5514 0.4544 0.1579 0.0430
0.0582 0.0149 0.0096 0.0110 0.1707 0.4760 0.5792 0.3585 0.0910 0.0257
0.0461 0.0246 0.0273 0.0404 0.2660 0.4182 0.3945 0.2096 0.0770 0.0380
0.0251 0.0868 0.3027 0.5640 0.6086 0.2814 0.0863 0.0374 0.0499 0.1014
0.0263 0.1104 0.3858 0.6494 0.6258 0.2510 0.0675 0.0315 0.0521 0.1236
0.1859 0.4204 0.5131 0.3765 0.2077 0.0767 0.0443 0.0836 0.2465 0.4119
0.4428 0.4075 0.2067 0.0485 0.0495 0.0628 0.1073 0.3014 0.4720 0.4221
0.3999 0.1048 0.0192 0.0036 0.0265 0.1555 0.4343 0.6223 0.4223 0.1434
0.0608 0.0145 0.0087 0.0096 0.1603 0.4781 0.5959 0.3781 0.0940 0.0251
0.0544 0.0172 0.0130 0.0161 0.1951 0.4594 0.5261 0.3107 0.0867 0.0287
0.0320 0.0532 0.1276 0.2495 0.4661 0.3328 0.1689 0.0768 0.0593 0.0692
0.0238 0.1002 0.3709 0.6521 0.6434 0.2663 0.0707 0.0306 0.0480 0.1135
0.0545 0.1923 0.4393 0.5638 0.4667 0.1676 0.0568 0.0440 0.0940 0.2027
0.3400 0.5252 0.4642 0.2055 0.1026 0.0531 0.0493 0.1443 0.3903 0.5120
0.5361 0.2145 0.0396 0.0053 0.0200 0.0939 0.3063 0.6039 0.5397 0.2591
0.1069 0.0243 0.0104 0.0072 0.1016 0.3775 0.5591 0.4457 0.1479 0.0399
0.0583 0.0149 0.0095 0.0109 0.1701 0.4766 0.5807 0.3599 0.0910 0.0256
0.0459 0.0249 0.0278 0.0414 0.2680 0.4172 0.3914 0.2075 0.0768 0.0383
0.0248 0.0888 0.3135 0.5795 0.6150 0.2792 0.0835 0.0361 0.0495 0.1032
0.0264 0.1112 0.3879 0.6508 0.6256 0.2499 0.0671 0.0314 0.0523 0.1243
0.2060 0.4511 0.5285 0.3685 0.1916 0.0703 0.0423 0.0871 0.2670 0.4393
0.4506 0.4479 0.2461 0.0595 0.0514 0.0573 0.0927 0.2796 0.4798 0.4562
0.4694 0.1304 0.0209 0.0032 0.0210 0.1319 0.4161 0.6512 0.4809 0.1732
0.0613 0.0145 0.0087 0.0095 0.1590 0.4774 0.5969 0.3802 0.0946 0.0251
0.0551 0.0168 0.0123 0.0150 0.1902 0.4627 0.5365 0.3197 0.0875 0.0281
0.0334 0.0486 0.1076 0.2071 0.4407 0.3423 0.1889 0.0870 0.0612 0.0646
0.0237 0.1002 0.3722 0.6543 0.6449 0.2664 0.0704 0.0305 0.0479 0.1135
0.0521 0.1872 0.4389 0.5726 0.4778 0.1715 0.0569 0.0428 0.0907 0.1978
0.3481 0.5553 0.5024 0.2286 0.1040 0.0495 0.0443 0.1366 0.3981 0.5376
0.5460 0.2662 0.0582 0.0078 0.0219 0.0807 0.2484 0.5550 0.5501 0.3072
0.1773 0.0400 0.0126 0.0056 0.0645 0.2889 0.5202 0.5099 0.2210 0.0621
0.0589 0.0145 0.0091 0.0103 0.1664 0.4792 0.5891 0.3679 0.0918 0.0251
0.0492 0.0214 0.0203 0.0282 0.2361 0.4345 0.4459 0.2466 0.0807 0.0340
0.0258 0.0823 0.2781 0.5272 0.5936 0.2869 0.0931 0.0405 0.0508 0.0972
0.0249 0.1064 0.3843 0.6577 0.6375 0.2573 0.0679 0.0306 0.0499 0.1195
0.1681 0.4071 0.5238 0.4102 0.2297 0.0806 0.0432 0.0763 0.2284 0.3990
0.4224 0.5196 0.3664 0.1131 0.0675 0.0504 0.0639 0.2079 0.4591 0.5134
0.5496 0.1746 0.0254 0.0031 0.0165 0.1055 0.3791 0.6707 0.5486 0.2215
0.0677 0.0157 0.0088 0.0089 0.1467 0.4606 0.5926 0.3933 0.1025 0.0271
0.0571 0.0155 0.0104 0.0122 0.1769 0.4718 0.5655 0.3456 0.0898 0.0264
0.0395 0.0342 0.0535 0.0919 0.3448 0.3811 0.2845 0.1396 0.0690 0.0491
0.0237 0.0976 0.3612 0.6423 0.6409 0.2694 0.0727 0.0313 0.0479 0.1111
0.0341 0.1366 0.4090 0.6246 0.5721 0.2174 0.0627 0.0351 0.0645 0.1493
0.3132 0.5587 0.5492 0.2907 0.1250 0.0506 0.0392 0.1144 0.3681 0.5377
0.4995 0.4129 0.1751 0.0331 0.0379 0.0595 0.1212 0.3579 0.5182 0.4305
0.4458 0.1183 0.0195 0.0032 0.0224 0.1413 0.4297 0.6472 0.4609 0.1596
0.0602 0.0142 0.0086 0.0095 0.1612 0.4810 0.5984 0.3783 0.0932 0.0247
0.0546 0.0171 0.0128 0.0158 0.1939 0.4603 0.5288 0.3130 0.0869 0.0286
0.0308 0.0574 0.1475 0.2908 0.4884 0.3246 0.1530 0.0689 0.0577 0.0734
0.0236 0.1016 0.3784 0.6610 0.6471 0.2648 0.0692 0.0300 0.0478 0.1148
0.0738 0.2417 0.4683 0.5321 0.4009 0.1386 0.0519 0.0500 0.1198 0.2486
0.3757 0.5836 0.5161 0.2224 0.0954 0.0456 0.0425 0.1418 0.4224 0.5631
0.5589 0.2951 0.0682 0.0090 0.0220 0.0744 0.2262 0.5395 0.5617 0.3337
0.2475 0.0569 0.0143 0.0046 0.0460 0.2338 0.4930 0.5568 0.2879 0.0845
0.0593 0.0143 0.0088 0.0099 0.1643 0.4808 0.5940 0.3725 0.0922 0.0248
0.0514 0.0195 0.0168 0.0222 0.2180 0.4451 0.4800 0.2728 0.0832 0.0317
0.0262 0.0796 0.2636 0.5044 0.5842 0.2903 0.0976 0.0425 0.0514 0.0948
0.0243 0.1049 0.3846 0.6622 0.6428 0.2599 0.0680 0.0301 0.0490 0.1180
0.1714 0.4181 0.5355 0.4180 0.2285 0.0785 0.0418 0.0755 0.2319 0.4084
0.4155 0.5894 0.4816 0.1780 0.0794 0.0436 0.0465 0.1652 0.4557 0.5708
0.5943 0.2440 0.0401 0.0044 0.0162 0.0827 0.3026 0.6369 0.5882 0.2899
0.1376 0.0308 0.0113 0.0063 0.0813 0.3338 0.5424 0.4788 0.1807 0.0492
0.0589 0.0145 0.0090 0.0103 0.1663 0.4795 0.5896 0.3682 0.0917 0.0251
0.0485 0.0221 0.0217 0.0305 0.2425 0.4309 0.4345 0.2381 0.0799 0.0349
0.0247 0.0898 0.3194 0.5879 0.6186 0.2781 0.0821 0.0354 0.0492 0.1041
0.0255 0.1092 0.3892 0.6584 0.6338 0.2534 0.0670 0.0306 0.0509 0.1223
0.2471 0.5152 0.5670 0.3643 0.1662 0.0590 0.0377 0.0919 0.3075 0.4960
0.4374 0.6009 0.4767 0.1650 0.0730 0.0418 0.0470 0.1746 0.4741 0.5819
0.6129 0.2453 0.0375 0.0039 0.0147 0.0812 0.3128 0.6569 0.6034 0.2922
0.1324 0.0296 0.0111 0.0064 0.0840 0.3407 0.5458 0.4743 0.1753 0.0476
0.0589 0.0145 0.0090 0.0102 0.1661 0.4798 0.5902 0.3687 0.0918 0.0250
0.0488 0.0218 0.0212 0.0297 0.2404 0.4321 0.4383 0.2409 0.0802 0.0346
0.0244 0.0917 0.3300 0.6026 0.6247 0.2759 0.0795 0.0343 0.0488 0.1058
0.0256 0.1098 0.3903 0.6587 0.6331 0.2526 0.0668 0.0307 0.0510 0.1228
0.2731 0.5441 0.5766 0.3495 0.1508 0.0541 0.0366 0.0972 0.3322 0.5223
0.4318 0.6254 0.5231 0.1970 0.0786 0.0398 0.0414 0.1582 0.4704 0.6021
0.5951 0.3147 0.0675 0.0079 0.0191 0.0690 0.2267 0.5638 0.5917 0.3532
0.3364 0.0808 0.0163 0.0038 0.0324 0.1854 0.4652 0.6036 0.3673 0.1148
0.0595 0.0142 0.0086 0.0097 0.1630 0.4820 0.5974 0.3757 0.0924 0.0247
0.0530 0.0182 0.0145 0.0185 0.2048 0.4532 0.5061 0.2939 0.0852 0.0300
0.0259 0.0813 0.2731 0.5195 0.5905 0.2881 0.0947 0.0412 0.0510 0.0963
0.0241 0.1046 0.3860 0.6654 0.6455 0.2606 0.0677 0.0298 0.0486 0.1177
0.2134 0.4809 0.5633 0.3957 0.1919 0.0656 0.0384 0.0832 0.2749 0.4645
0.4207 0.6475 0.5721 0.2391 0.0866 0.0381 0.0362 0.1406 0.4621 0.6201
0.4751 0.5889 0.4178 0.1197 0.0596 0.0417 0.0549 0.2097 0.5043 0.5744
0.6477 0.2209 0.0261 0.0023 0.0114 0.0847 0.3710 0.7211 0.6308 0.2715
0.0674 0.0155 0.0087 0.0088 0.1467 0.4629 0.5956 0.3947 0.1021 0.0268
0.0583 0.0148 0.0095 0.0109 0.1698 0.4771 0.5818 0.3607 0.0911 0.0255
0.0437 0.0276 0.0344 0.0539 0.2918 0.4054 0.3548 0.1830 0.0742 0.0415
0.0234 0.0999 0.3743 0.6588 0.6483 0.2672 0.0700 0.0301 0.0474 0.1132
0.0330 0.1346 0.4115 0.6335 0.5810 0.2202 0.0624 0.0342 0.0627 0.1472
0.3848 0.6435 0.6036 0.2888 0.1021 0.0396 0.0333 0.1218 0.4321 0.6143
0.4406 0.6666 0.5836 0.2367 0.0818 0.0359 0.0350 0.1435 0.4791 0.6377
0.4493 0.6691 0.5790 0.2282 0.0789 0.0354 0.0354 0.1475 0.4862 0.6404
0.4673 0.6460 0.5203 0.1781 0.0691 0.0369 0.0415 0.1713 0.5000 0.6219
0.6319 0.3022 0.0531 0.0054 0.0153 0.0691 0.2591 0.6214 0.6211 0.3446
0.2230 0.0550 0.0156 0.0056 0.0534 0.2421 0.4782 0.5232 0.2656 0.0816
0.0546 0.0178 0.0136 0.0168 0.1968 0.4550 0.5181 0.3059 0.0870 0.0295
0.0428 0.0292 0.0385 0.0616 0.3040 0.3986 0.3361 0.1714 0.0731 0.0434
0.0258 0.0875 0.2996 0.5550 0.6015 0.2794 0.0870 0.0383 0.0509 0.1022
0.0349 0.1222 0.3560 0.5623 0.5494 0.2289 0.0728 0.0401 0.0653 0.1366
0.1388 0.1389 0.1259 0.0862 0.1629 0.1694 0.1626 0.1829 0.1902 0.1652
0.1038 0.0349 0.0192 0.0142 0.1243 0.3320 0.4494 0.3577 0.1461 0.0533
0.0557 0.0194 0.0153 0.0188 0.1994 0.4415 0.4967 0.2948 0.0887 0.0317
0.0438 0.0283 0.0358 0.0561 0.2941 0.4017 0.3481 0.1798 0.0743 0.0424
0.0305 0.0615 0.1641 0.3213 0.5009 0.3162 0.1417 0.0641 0.0574 0.0776
0.0284 0.0917 0.2945 0.5289 0.5767 0.2698 0.0881 0.0412 0.0551 0.1068
0.0526 0.1247 0.2674 0.3706 0.4165 0.2122 0.0942 0.0644 0.0900 0.1424
0.1123 0.0877 0.0763 0.0592 0.1704 0.2216 0.2255 0.2082 0.1595 0.1127
0.0779 0.0273 0.0180 0.0170 0.1576 0.3781 0.4637 0.3222 0.1162 0.0428
0.0537 0.0201 0.0168 0.0214 0.2105 0.4389 0.4801 0.2788 0.0862 0.0325
0.0418 0.0314 0.0441 0.0723 0.3187 0.3901 0.3142 0.1584 0.0718 0.0459
0.0298 0.0650 0.1807 0.3532 0.5155 0.3102 0.1320 0.0595 0.0565 0.0810
0.0294 0.0915 0.2863 0.5115 0.5657 0.2687 0.0903 0.0429 0.0565 0.1069
0.0544 0.1206 0.2485 0.3399 0.4007 0.2146 0.1002 0.0692 0.0923 0.1389
0.1072 0.0748 0.0623 0.0494 0.1677 0.2404 0.2541 0.2233 0.1532 0.0988
0.0728 0.0247 0.0166 0.0165 0.1635 0.3947 0.4787 0.3222 0.1100 0.0393
0.0530 0.0201 0.0170 0.0219 0.2133 0.4397 0.4779 0.2757 0.0853 0.0324
0.0410 0.0324 0.0472 0.0785 0.3272 0.3866 0.3036 0.1518 0.0710 0.0471
0.0294 0.0668 0.1904 0.3716 0.5240 0.3072 0.1269 0.0570 0.0559 0.0829
0.0294 0.0932 0.2930 0.5204 0.5683 0.2665 0.0884 0.0422 0.0566 0.1085
0.0570 0.1249 0.2507 0.3341 0.3905 0.2093 0.0993 0.0708 0.0958 0.1433
0.1158 0.0742 0.0565 0.0416 0.1522 0.2381 0.2679 0.2434 0.1625 0.0988
0.0726 0.0236 0.0154 0.0153 0.1608 0.4015 0.4920 0.3308 0.1095 0.0378
0.0535 0.0193 0.0158 0.0201 0.2079 0.4446 0.4909 0.2852 0.0858 0.0314
0.0411 0.0321 0.0463 0.0769 0.3253 0.3880 0.3066 0.1534 0.0711 0.0467
0.0287 0.0695 0.2049 0.3995 0.5370 0.3033 0.1199 0.0535 0.0550 0.0854
0.0291 0.0956 0.3038 0.5357 0.5742 0.2639 0.0855 0.0408 0.0563 0.1107
0.0610 0.1352 0.2633 0.3373 0.3793 0.1988 0.0950 0.0713 0.1012 0.1534
0.1286 0.0779 0.0542 0.0364 0.1367 0.2288 0.2732 0.2619 0.1763 0.1034
0.0735 0.0229 0.0146 0.0142 0.1565 0.4045 0.5023 0.3401 0.1106 0.0370
0.0532 0.0193 0.0158 0.0203 0.2088 0.4450 0.4903 0.2842 0.0855 0.0314
0.0405 0.0331 0.0495 0.0833 0.3336 0.3844 0.2963 0.1471 0.0703 0.0479
0.0284 0.0713 0.2141 0.4159 0.5440 0.3006 0.1159 0.0516 0.0545 0.0871
0.0294 0.0979 0.3104 0.5420 0.5743 0.2607 0.0838 0.0404 0.0567 0.1129
0.0655 0.1392 0.2580 0.3175 0.3605 0.1935 0.0964 0.0755 0.1071 0.1577
0.1329 0.0742 0.0484 0.0312 0.1282 0.2325 0.2903 0.2798 0.1805 0.0998
0.0722 0.0219 0.0139 0.0137 0.1569 0.4117 0.5118 0.3438 0.1088 0.0356
0.0531 0.0191 0.0157 0.0201 0.2088 0.4460 0.4917 0.2848 0.0854 0.0312
0.0401 0.0337 0.0515 0.0874 0.3388 0.3823 0.2902 0.1434 0.0698 0.0486
0.0278 0.0741 0.2287 0.4420 0.5553 0.2967 0.1099 0.0488 0.0538 0.0897
0.0295 0.1013 0.3223 0.5558 0.5776 0.2565 0.0808 0.0393 0.0570 0.1161
0.0741 0.1576 0.2756 0.3161 0.3387 0.1774 0.0906 0.0777 0.1182 0.1757
0.1525 0.0856 0.0518 0.0298 0.1145 0.2123 0.2786 0.2918 0.2013 0.1129
0.0760 0.0222 0.0134 0.0126 0.1487 0.4069 0.5173 0.3560 0.1133 0.0362
0.0538 0.0186 0.0149 0.0188 0.2039 0.4492 0.5018 0.2929 0.0861 0.0306
0.0407 0.0326 0.0482 0.0808 0.3307 0.3861 0.3004 0.1494 0.0705 0.0473
0.0280 0.0727 0.2221 0.4308 0.5508 0.2987 0.1125 0.0500 0.0540 0.0884
0.0289 0.1004 0.3241 0.5624 0.5834 0.2584 0.0805 0.0386 0.0560 0.1151
0.0709 0.1528 0.2740 0.3222 0.3481 0.1818 0.0912 0.0760 0.1142 0.1709
0.1527 0.0818 0.0481 0.0274 0.1119 0.2168 0.2899 0.3011 0.2012 0.1089
0.0750 0.0214 0.0128 0.0122 0.1487 0.4126 0.5252 0.3596 0.1120 0.0351
0.0543 0.0180 0.0140 0.0174 0.1990 0.4531 0.5130 0.3018 0.0867 0.0298
0.0405 0.0328 0.0487 0.0819 0.3323 0.3857 0.2987 0.1483 0.0703 0.0475
0.0275 0.0748 0.2335 0.4512 0.5599 0.2960 0.1080 0.0478 0.0534 0.0903
0.0288 0.1026 0.3330 0.5734 0.5870 0.2560 0.0784 0.0377 0.0559 0.1171
0.0760 0.1710 0.3010 0.3405 0.3415 0.1689 0.0835 0.0741 0.1209 0.1880
0.1778 0.0946 0.0508 0.0254 0.0975 0.1965 0.2801 0.3183 0.2269 0.1237
0.0788 0.0222 0.0128 0.0117 0.1425 0.4054 0.5248 0.3671 0.1165 0.0362
0.0545 0.0179 0.0138 0.0172 0.1979 0.4537 0.5149 0.3035 0.0869 0.0297
0.0410 0.0319 0.0462 0.0768 0.3257 0.3886 0.3071 0.1534 0.0709 0.0465
0.0274 0.0754 0.2370 0.4574 0.5626 0.2952 0.1067 0.0471 0.0532 0.0909
0.0289 0.1032 0.3350 0.5756 0.5875 0.2553 0.0779 0.0376 0.0560 0.1176
0.0783 0.1757 0.3048 0.3391 0.3360 0.1656 0.0824 0.0748 0.1238 0.1925
0.1832 0.0956 0.0498 0.0241 0.0939 0.1944 0.2829 0.3258 0.2322 0.1250
0.0797 0.0217 0.0122 0.0110 0.1392 0.4078 0.5334 0.3753 0.1174 0.0356
0.0552 0.0173 0.0129 0.0158 0.1924 0.4579 0.5274 0.3138 0.0877 0.0289
0.0418 0.0307 0.0426 0.0697 0.3162 0.3932 0.3199 0.1611 0.0718 0.0451
0.0274 0.0747 0.2340 0.4528 0.5611 0.2963 0.1079 0.0476 0.0532 0.0902
0.0279 0.1027 0.3410 0.5889 0.5971 0.2571 0.0766 0.0363 0.0546 0.1170
0.0771 0.1827 0.3247 0.3646 0.3461 0.1624 0.0776 0.0706 0.1225 0.1985
0.1999 0.1115 0.0577 0.0261 0.0895 0.1769 0.2603 0.3215 0.2491 0.1422
0.0863 0.0232 0.0124 0.0104 0.1300 0.3948 0.5303 0.3864 0.1252 0.0378
0.0560 0.0169 0.0122 0.0147 0.1875 0.4609 0.5376 0.3228 0.0886 0.0283
0.0430 0.0287 0.0373 0.0592 0.3004 0.4007 0.3417 0.1748 0.0734 0.0428
0.0275 0.0741 0.2313 0.4486 0.5597 0.2973 0.1089 0.0480 0.0532 0.0896
0.0273 0.1027 0.3463 0.5992 0.6039 0.2579 0.0755 0.0354 0.0536 0.1168
0.0792 0.1962 0.3484 0.3858 0.3473 0.1551 0.0723 0.0679 0.1254 0.2106
0.2224 0.1350 0.0695 0.0290 0.0844 0.1565 0.2330 0.3155 0.2715 0.1669
0.0962 0.0254 0.0127 0.0097 0.1186 0.3769 0.5251 0.4009 0.1365 0.0411
0.0567 0.0165 0.0116 0.0138 0.1834 0.4632 0.5458 0.3303 0.0894 0.0278
0.0439 0.0275 0.0342 0.0533 0.2906 0.4054 0.3559 0.1839 0.0744 0.0415
0.0277 0.0723 0.2221 0.4327 0.5531 0.2999 0.1125 0.0497 0.0536 0.0880
0.0269 0.1021 0.3482 0.6046 0.6085 0.2593 0.0751 0.0348 0.0529 0.1161
0.0754 0.1991 0.3682 0.4181 0.3652 0.1552 0.0684 0.0630 0.1208 0.2125
0.2405 0.1645 0.0882 0.0350 0.0832 0.1379 0.2012 0.2982 0.2897 0.1964
0.1143 0.0301 0.0135 0.0090 0.1028 0.3462 0.5113 0.4206 0.1566 0.0476
0.0575 0.0162 0.0111 0.0130 0.1790 0.4651 0.5539 0.3384 0.0904 0.0274
0.0456 0.0254 0.0290 0.0435 0.2722 0.4146 0.3841 0.2027 0.0764 0.0389
0.0284 0.0688 0.2041 0.4003 0.5393 0.3051 0.1204 0.0533 0.0545 0.0846
0.0263 0.1007 0.3486 0.6096 0.6141 0.2618 0.0751 0.0343 0.0519 0.1147
0.0689 0.1946 0.3813 0.4514 0.3908 0.1598 0.0661 0.0578 0.1127 0.2075
0.2491 0.1934 0.1114 0.0442 0.0861 0.1245 0.1728 0.2745 0.2989 0.2239
0.1368 0.0359 0.0145 0.0083 0.0880 0.3149 0.4971 0.4423 0.1807 0.0557
0.0585 0.0159 0.0106 0.0122 0.1744 0.4669 0.5624 0.3470 0.0915 0.0270
0.0477 0.0230 0.0236 0.0337 0.2505 0.4261 0.4199 0.2277 0.0790 0.0360
0.0293 0.0644 0.1816 0.3582 0.5206 0.3121 0.1316 0.0586 0.0557 0.0804
0.0256 0.0989 0.3476 0.6134 0.6196 0.2650 0.0754 0.0338 0.0509 0.1128
0.0609 0.1821 0.3839 0.4801 0.4217 0.1696 0.0659 0.0532 0.1022 0.1952
0.2389 0.2135 0.1390 0.0595 0.0971 0.1184 0.1488 0.2409 0.2904 0.2414
0.1565 0.0414 0.0155 0.0079 0.0782 0.2910 0.4838 0.4572 0.2012 0.0632
0.0594 0.0157 0.0102 0.0116 0.1704 0.4678 0.5688 0.3540 0.0925 0.0268
0.0495 0.0213 0.0200 0.0276 0.2342 0.4351 0.4488 0.2489 0.0810 0.0338
0.0305 0.0589 0.1544 0.3046 0.4950 0.3216 0.1481 0.0666 0.0574 0.0750
0.0251 0.0970 0.3445 0.6134 0.6227 0.2679 0.0761 0.0337 0.0501 0.1110
0.0513 0.1657 0.3869 0.5190 0.4649 0.1839 0.0658 0.0475 0.0892 0.1790
0.2270 0.2589 0.2046 0.0988 0.1171 0.1058 0.1117 0.1900 0.2811 0.2806
0.2121 0.0589 0.0187 0.0072 0.0597 0.2372 0.4468 0.4881 0.2561 0.0858
0.0614 0.0158 0.0099 0.0110 0.1648 0.4650 0.5726 0.3620 0.0950 0.0270
0.0512 0.0198 0.0172 0.0229 0.2199 0.4435 0.4757 0.2696 0.0830 0.0320
0.0324 0.0522 0.1229 0.2393 0.4599 0.3346 0.1732 0.0791 0.0598 0.0682
0.0249 0.0956 0.3408 0.6109 0.6235 0.2701 0.0770 0.0338 0.0497 0.1096
0.0451 0.1549 0.3909 0.5499 0.4981 0.1948 0.0653 0.0434 0.0805 0.1681
0.2219 0.3019 0.2705 0.1423 0.1327 0.0957 0.0884 0.1582 0.2779 0.3171
0.2724 0.0817 0.0228 0.0069 0.0472 0.1936 0.4085 0.5109 0.3126 0.1137
0.0648 0.0163 0.0098 0.0103 0.1566 0.4585 0.5754 0.3728 0.0991 0.0277
0.0532 0.0182 0.0144 0.0184 0.2039 0.4532 0.5072 0.2951 0.0854 0.0299
0.0350 0.0443 0.0893 0.1677 0.4135 0.3525 0.2122 0.0993 0.0633 0.0600
0.0248 0.0933 0.3325 0.6023 0.6218 0.2732 0.0789 0.0344 0.0495 0.1074
0.0376 0.1380 0.3880 0.5833 0.5419 0.2130 0.0663 0.0391 0.0696 0.1514
0.2034 0.3356 0.3470 0.2100 0.1598 0.0903 0.0700 0.1255 0.2613 0.3437
0.3350 0.1168 0.0308 0.0076 0.0396 0.1539 0.3541 0.5136 0.3693 0.1538
0.0730 0.0180 0.0100 0.0096 0.1424 0.4383 0.5697 0.3880 0.1091 0.0304
0.0551 0.0169 0.0124 0.0152 0.1907 0.4616 0.5345 0.3184 0.0875 0.0283
0.0389 0.0355 0.0576 0.1004 0.3541 0.3768 0.2733 0.1331 0.0682 0.0506
0.0251 0.0892 0.3134 0.5775 0.6128 0.2781 0.0835 0.0363 0.0499 0.1037
0.0314 0.1211 0.3790 0.6089 0.5825 0.2338 0.0684 0.0357 0.0601 0.1347
0.1664 0.3270 0.3932 0.2851 0.2035 0.0962 0.0619 0.0993 0.2245 0.3327
0.3524 0.1529 0.0455 0.0110 0.0418 0.1311 0.2903 0.4688 0.3864 0.1910
0.0904 0.0219 0.0107 0.0086 0.1199 0.4002 0.5555 0.4133 0.1295 0.0362
0.0564 0.0161 0.0112 0.0134 0.1824 0.4668 0.5517 0.3339 0.0890 0.0273
0.0424 0.0296 0.0396 0.0639 0.3080 0.3975 0.3316 0.1682 0.0725 0.0438
0.0259 0.0826 0.2783 0.5263 0.5924 0.2862 0.0931 0.0406 0.0510 0.0976
0.0278 0.1105 0.3720 0.6246 0.6087 0.2487 0.0701 0.0336 0.0544 0.1241
0.1232 0.2893 0.4156 0.3671 0.2681 0.1117 0.0588 0.0777 0.1782 0.2962
0.3476 0.2008 0.0757 0.0198 0.0501 0.1121 0.2178 0.3916 0.3850 0.2364
0.1287 0.0310 0.0124 0.0074 0.0892 0.3363 0.5267 0.4540 0.1717 0.0493
0.0579 0.0154 0.0102 0.0118 0.1741 0.4715 0.5688 0.3501 0.0907 0.0264
0.0465 0.0242 0.0263 0.0387 0.2622 0.4201 0.4006 0.2139 0.0775 0.0375
0.0271 0.0747 0.2363 0.4583 0.5646 0.2966 0.1070 0.0470 0.0528 0.0902
0.0258 0.1047 0.3689 0.6353 0.6249 0.2579 0.0709 0.0323 0.0512 0.1182
0.0973 0.2657 0.4386 0.4411 0.3263 0.1238 0.0557 0.0635 0.1485 0.2727
0.3504 0.2907 0.1483 0.0429 0.0620 0.0877 0.1398 0.2984 0.3912 0.3170
0.2185 0.0544 0.0158 0.0058 0.0548 0.2442 0.4768 0.5180 0.2615 0.0808
0.0597 0.0151 0.0095 0.0107 0.1667 0.4729 0.5804 0.3635 0.0928 0.0260
0.0502 0.0206 0.0187 0.0254 0.2280 0.4390 0.4607 0.2579 0.0819 0.0330
0.0297 0.0619 0.1694 0.3347 0.5099 0.3164 0.1385 0.0619 0.0563 0.0779
0.0247 0.1000 0.3608 0.6344 0.6317 0.2649 0.0726 0.0321 0.0495 0.1137
0.0623 0.2004 0.4227 0.5185 0.4286 0.1600 0.0592 0.0495 0.1043 0.2113
0.2994 0.3516 0.2566 0.1006 0.0926 0.0794 0.0914 0.2008 0.3496 0.3652
0.3187 0.0886 0.0207 0.0052 0.0375 0.1795 0.4232 0.5585 0.3531 0.1230
0.0632 0.0155 0.0093 0.0100 0.1579 0.4667 0.5844 0.3755 0.0970 0.0266
0.0537 0.0178 0.0138 0.0174 0.2004 0.4558 0.5148 0.3012 0.0859 0.0294
0.0339 0.0472 0.1015 0.1940 0.4320 0.3455 0.1960 0.0907 0.0618 0.0631
0.0244 0.0962 0.3490 0.6242 0.6312 0.2701 0.0752 0.0327 0.0489 0.1100
0.0416 0.1524 0.4053 0.5820 0.5228 0.1991 0.0630 0.0400 0.0755 0.1652
0.2555 0.4027 0.3796 0.1969 0.1307 0.0739 0.0631 0.1374 0.3120 0.4041
0.4085 0.1402 0.0306 0.0059 0.0297 0.1322 0.3522 0.5627 0.4320 0.1808
0.0751 0.0179 0.0097 0.0090 0.1375 0.4371 0.5759 0.3975 0.1115 0.0304
0.0560 0.0162 0.0114 0.0137 0.1843 0.4663 0.5488 0.3307 0.0885 0.0274
0.0396 0.0341 0.0530 0.0908 0.3435 0.3815 0.2859 0.1404 0.0691 0.0489
0.0247 0.0909 0.3232 0.5919 0.6192 0.2765 0.0811 0.0352 0.0494 0.1051
0.0308 0.1222 0.3882 0.6225 0.5901 0.2334 0.0667 0.0345 0.0592 0.1356
0.1973 0.3941 0.4512 0.3041 0.1845 0.0800 0.0523 0.0989 0.2570 0.3915
0.4309 0.2170 0.0619 0.0120 0.0341 0.1004 0.2429 0.4746 0.4548 0.2560
0.1273 0.0297 0.0117 0.0070 0.0887 0.3423 0.5369 0.4599 0.1701 0.0475
0.0580 0.0152 0.0099 0.0114 0.1725 0.4738 0.5738 0.3541 0.0908 0.0260
0.0462 0.0246 0.0271 0.0401 0.2652 0.4186 0.3958 0.2105 0.0771 0.0379
0.0263 0.0795 0.2625 0.5020 0.5829 0.2903 0.0980 0.0428 0.0516 0.0947
0.0259 0.1069 0.3762 0.6421 0.6261 0.2552 0.0694 0.0319 0.0515 0.1203
0.1214 0.3125 0.4624 0.4187 0.2832 0.1061 0.0518 0.0697 0.1767 0.3152
0.3881 0.3199 0.1541 0.0398 0.0544 0.0795 0.1353 0.3144 0.4239 0.3445
0.2595 0.0637 0.0162 0.0050 0.0451 0.2199 0.4705 0.5494 0.2993 0.0929
0.0599 0.0148 0.0092 0.0103 0.1649 0.4755 0.5863 0.3683 0.0930 0.0256
0.0513 0.0195 0.0169 0.0223 0.2182 0.4448 0.4794 0.2724 0.0832 0.0317
0.0297 0.0621 0.1704 0.3368 0.5110 0.3162 0.1380 0.0616 0.0562 0.0781
0.0244 0.1009 0.3680 0.6447 0.6372 0.2644 0.0712 0.0313 0.0490 0.1144
0.0690 0.2210 0.4422 0.5184 0.4096 0.1482 0.0559 0.0506 0.1133 0.2302
0.3328 0.4251 0.3229 0.1229 0.0890 0.0659 0.0736 0.1875 0.3809 0.4289
0.4154 0.1227 0.0236 0.0043 0.0266 0.1415 0.3970 0.6037 0.4365 0.1631
0.0657 0.0157 0.0091 0.0094 0.1519 0.4625 0.5874 0.3843 0.1001 0.0270
0.0551 0.0168 0.0122 0.0150 0.1901 0.4626 0.5366 0.3199 0.0875 0.0281
0.0364 0.0408 0.0759 0.1391 0.3910 0.3617 0.2339 0.1109 0.0650 0.0563
0.0242 0.0959 0.3498 0.6267 0.6333 0.2708 0.0751 0.0325 0.0486 0.1097
0.0370 0.1418 0.4040 0.6035 0.5508 0.2106 0.0634 0.0373 0.0688 0.1547
0.2573 0.4489 0.4490 0.2486 0.1403 0.0670 0.0520 0.1200 0.3150 0.4423
0.4706 0.1976 0.0442 0.0073 0.0265 0.1035 0.2911 0.5487 0.4860 0.2398
0.1034 0.0239 0.0106 0.0075 0.1053 0.3812 0.5568 0.4380 0.1441 0.0393
0.0576 0.0153 0.0101 0.0117 0.1742 0.4733 0.5710 0.3510 0.0904 0.0261
0.0446 0.0264 0.0315 0.0482 0.2816 0.4103 0.3700 0.1930 0.0753 0.0401
0.0253 0.0860 0.2978 0.5566 0.6053 0.2823 0.0876 0.0380 0.0501 0.1007
0.0269 0.1112 0.3835 0.6430 0.6201 0.2492 0.0679 0.0321 0.0530 0.1245
0.1687 0.3851 0.4868 0.3717 0.2209 0.0844 0.0478 0.0826 0.2284 0.3811
0.4308 0.3271 0.1373 0.0303 0.0446 0.0757 0.1461 0.3555 0.4593 0.3535
0.2667 0.0643 0.0158 0.0047 0.0433 0.2178 0.4745 0.5585 0.3057 0.0938
0.0597 0.0146 0.0091 0.0102 0.1645 0.4776 0.5894 0.3701 0.0927 0.0253
0.0513 0.0195 0.0169 0.0223 0.2182 0.4449 0.4794 0.2724 0.0832 0.0317
0.0290 0.0652 0.1865 0.3682 0.5257 0.3110 0.1290 0.0572 0.0552 0.0811
0.0243 0.1019 0.3727 0.6502 0.6393 0.2634 0.0703 0.0309 0.0489 0.1152
0.0796 0.2472 0.4585 0.5055 0.3795 0.1347 0.0532 0.0535 0.1270 0.2542
0.3598 0.4583 0.3419 0.1227 0.0823 0.0601 0.0692 0.1914 0.4049 0.4583
0.4576 0.1394 0.0247 0.0040 0.0231 0.1281 0.3873 0.6224 0.4720 0.1820
0.0671 0.0159 0.0090 0.0092 0.1488 0.4599 0.5886 0.3887 0.1018 0.0273
0.0558 0.0163 0.0116 0.0139 0.1854 0.4658 0.5466 0.3287 0.0883 0.0275
0.0370 0.0393 0.0706 0.1279 0.3813 0.3657 0.2439 0.1164 0.0658 0.0547
0.0241 0.0960 0.3510 0.6286 0.6344 0.2709 0.0748 0.0324 0.0484 0.1097
0.0360 0.1401 0.4061 0.6112 0.5584 0.2129 0.0631 0.0365 0.0673 0.1529
0.2687 0.4835 0.4878 0.2717 0.1395 0.0617 0.0467 0.1148 0.3264 0.4718
0.5015 0.2455 0.0591 0.0092 0.0259 0.0881 0.2473 0.5252 0.5134 0.2859
0.1487 0.0340 0.0120 0.0063 0.0765 0.3175 0.5302 0.4838 0.1924 0.0536
0.0584 0.0149 0.0095 0.0109 0.1699 0.4762 0.5805 0.3600 0.0912 0.0256
0.0472 0.0235 0.0246 0.0357 0.2553 0.4239 0.4122 0.2220 0.0783 0.0366
0.0258 0.0821 0.2767 0.5248 0.5924 0.2871 0.0936 0.0407 0.0509 0.0971
0.0257 0.1080 0.3825 0.6501 0.6299 0.2544 0.0682 0.0313 0.0512 0.1212
0.1574 0.3807 0.5013 0.4019 0.2380 0.0865 0.0461 0.0764 0.2167 0.3761
0.4214 0.4132 0.2286 0.0589 0.0556 0.0630 0.0991 0.2757 0.4547 0.4254
0.4004 0.1065 0.0197 0.0037 0.0266 0.1541 0.4296 0.6191 0.4229 0.1454
0.0612 0.0147 0.0088 0.0097 0.1599 0.4759 0.5936 0.3775 0.0946 0.0254
0.0539 0.0176 0.0136 0.0170 0.1989 0.4569 0.5182 0.3040 0.0861 0.0292
0.0324 0.0519 0.1220 0.2377 0.4593 0.3353 0.1741 0.0794 0.0598 0.0679
0.0239 0.1000 0.3692 0.6497 0.6420 0.2663 0.0710 0.0308 0.0482 0.1133
0.0555 0.1941 0.4390 0.5600 0.4622 0.1662 0.0568 0.0445 0.0954 0.2045
0.3364 0.5198 0.4600 0.2046 0.1035 0.0539 0.0499 0.1442 0.3870 0.5072
0.5310 0.2074 0.0379 0.0051 0.0201 0.0962 0.3133 0.6070 0.5353 0.2522
0.0984 0.0226 0.0102 0.0076 0.1092 0.3917 0.5636 0.4346 0.1385 0.0373
0.0577 0.0152 0.0100 0.0116 0.1736 0.4740 0.5728 0.3524 0.0904 0.0260
0.0438 0.0274 0.0340 0.0531 0.2905 0.4060 0.3567 0.1842 0.0743 0.0413
0.0246 0.0905 0.3224 0.5917 0.6198 0.2772 0.0813 0.0352 0.0492 0.1047
0.0279 0.1160 0.3909 0.6434 0.6133 0.2429 0.0664 0.0323 0.0548 0.1292
0.2272 0.4699 0.5253 0.3428 0.1734 0.0661 0.0425 0.0941 0.2877 0.4568
0.4644 0.3958 0.1805 0.0382 0.0435 0.0633 0.1190 0.3335 0.4891 0.4138
0.3841 0.0986 0.0185 0.0037 0.0278 0.1622 0.4411 0.6174 0.4088 0.1362
0.0603 0.0145 0.0088 0.0098 0.1619 0.4786 0.5943 0.3754 0.0934 0.0251
0.0530 0.0182 0.0146 0.0186 0.2051 0.4530 0.5054 0.2933 0.0851 0.0300
0.0304 0.0591 0.1559 0.3079 0.4970 0.3214 0.1471 0.0660 0.0572 0.0752
0.0239 0.1014 0.3745 0.6548 0.6432 0.2645 0.0699 0.0305 0.0483 0.1147
0.0724 0.2357 0.4608 0.5282 0.4034 0.1413 0.0530 0.0502 0.1179 0.2432
0.3653 0.5332 0.4479 0.1810 0.0916 0.0512 0.0513 0.1578 0.4120 0.5205
0.5452 0.2042 0.0347 0.0044 0.0186 0.0962 0.3270 0.6274 0.5466 0.2499
0.0922 0.0211 0.0099 0.0078 0.1151 0.4041 0.5696 0.4277 0.1313 0.0352
0.0577 0.0152 0.0100 0.0116 0.1738 0.4740 0.5724 0.3521 0.0904 0.0260
0.0436 0.0278 0.0350 0.0549 0.2936 0.4045 0.3522 0.1813 0.0740 0.0418
0.0244 0.0922 0.3318 0.6045 0.6252 0.2753 0.0791 0.0342 0.0489 0.1062
0.0284 0.1179 0.3936 0.6432 0.6105 0.2404 0.0659 0.0324 0.0555 0.1310
0.2505 0.4987 0.5367 0.3313 0.1586 0.0608 0.0410 0.0988 0.3102 0.4827
0.4705 0.4236 0.2045 0.0440 0.0446 0.0594 0.1078 0.3179 0.4951 0.4374
0.4341 0.1158 0.0197 0.0034 0.0234 0.1441 0.4281 0.6390 0.4511 0.1565
0.0605 0.0144 0.0087 0.0096 0.1609 0.4788 0.5959 0.3774 0.0937 0.0250
0.0537 0.0177 0.0137 0.0173 0.1998 0.4564 0.5163 0.3024 0.0859 0.0293
0.0310 0.0566 0.1440 0.2836 0.4846 0.3259 0.1556 0.0702 0.0580 0.0727
0.0238 0.1013 0.3752 0.6564 0.6445 0.2649 0.0698 0.0304 0.0481 0.1145
0.0699 0.2316 0.4616 0.5363 0.4121 0.1437 0.0530 0.0490 0.1147 0.2393
0.3711 0.5600 0.4834 0.2016 0.0934 0.0481 0.0465 0.1494 0.4178 0.5432
0.5592 0.2400 0.0449 0.0056 0.0191 0.0858 0.2863 0.6004 0.5596 0.2841
0.1320 0.0298 0.0112 0.0065 0.0846 0.3403 0.5437 0.4720 0.1749 0.0477
0.0584 0.0148 0.0094 0.0108 0.1692 0.4772 0.5827 0.3617 0.0912 0.0255
0.0464 0.0243 0.0266 0.0391 0.2632 0.4197 0.3991 0.2128 0.0774 0.0376
0.0249 0.0885 0.3121 0.5776 0.6142 0.2795 0.0838 0.0363 0.0495 0.1029
0.0264 0.1116 0.3894 0.6524 0.6260 0.2495 0.0668 0.0313 0.0523 0.1247
0.2292 0.4863 0.5478 0.3629 0.1759 0.0638 0.0400 0.0905 0.2901 0.4705
0.4516 0.5079 0.3217 0.0859 0.0573 0.0505 0.0726 0.2399 0.4825 0.5058
0.5458 0.1669 0.0238 0.0029 0.0164 0.1087 0.3910 0.6772 0.5450 0.2136
0.0638 0.0149 0.0087 0.0092 0.1538 0.4712 0.5960 0.3860 0.0977 0.0258
0.0561 0.0161 0.0113 0.0135 0.1833 0.4674 0.5515 0.3329 0.0886 0.0272
0.0361 0.0413 0.0778 0.1433 0.3946 0.3603 0.2305 0.1090 0.0647 0.0568
0.0237 0.0993 0.3690 0.6513 0.6442 0.2675 0.0711 0.0307 0.0478 0.1127
0.0432 0.1638 0.4275 0.5980 0.5205 0.1905 0.0591 0.0390 0.0781 0.1756
0.3477 0.5803 0.5426 0.2606 0.1089 0.0470 0.0397 0.1262 0.3987 0.5584
0.5274 0.3690 0.1238 0.0199 0.0302 0.0641 0.1552 0.4284 0.5390 0.3954
0.3784 0.0946 0.0176 0.0036 0.0280 0.1664 0.4498 0.6202 0.4037 0.1316
0.0597 0.0143 0.0087 0.0097 0.1629 0.4810 0.5960 0.3751 0.0926 0.0248
0.0527 0.0185 0.0150 0.0192 0.2075 0.4515 0.5007 0.2895 0.0848 0.0303
0.0282 0.0688 0.2053 0.4038 0.5416 0.3054 0.1198 0.0529 0.0542 0.0846
0.0240 0.1033 0.3817 0.6620 0.6453 0.2624 0.0685 0.0300 0.0483 0.1164
0.1224 0.3408 0.5102 0.4673 0.2937 0.0994 0.0454 0.0634 0.1785 0.3387
0.4085 0.5945 0.4974 0.1916 0.0829 0.0434 0.0446 0.1580 0.4501 0.5746
0.5869 0.2589 0.0466 0.0054 0.0174 0.0799 0.2798 0.6119 0.5828 0.3030
0.1609 0.0361 0.0120 0.0058 0.0705 0.3062 0.5295 0.4983 0.2047 0.0566
0.0587 0.0146 0.0092 0.0104 0.1674 0.4787 0.5871 0.3659 0.0916 0.0252
0.0481 0.0225 0.0226 0.0320 0.2464 0.4288 0.4277 0.2331 0.0794 0.0354
0.0248 0.0887 0.3133 0.5794 0.6150 0.2793 0.0836 0.0361 0.0495 0.1031
0.0258 0.1100 0.3894 0.6566 0.6313 0.2520 0.0669 0.0308 0.0513 0.1231
0.2470 0.5138 0.5648 0.3621 0.1659 0.0592 0.0380 0.0923 0.3075 0.4948
0.4416 0.5836 0.4443 0.1450 0.0693 0.0433 0.0513 0.1869 0.4769 0.5677
0.6098 0.2193 0.0304 0.0031 0.0139 0.0877 0.3468 0.6818 0.5997 0.2677
0.0866 0.0197 0.0095 0.0079 0.1206 0.4168 0.5768 0.4224 0.1249 0.0331
0.0581 0.0149 0.0096 0.0111 0.1709 0.4762 0.5791 0.3582 0.0909 0.0257
0.0440 0.0272 0.0335 0.0521 0.2888 0.4068 0.3593 0.1859 0.0745 0.0411
0.0239 0.0958 0.3519 0.6310 0.6364 0.2715 0.0746 0.0321 0.0481 0.1095
0.0291 0.1214 0.3995 0.6445 0.6065 0.2362 0.0648 0.0325 0.0567 0.1343
0.3155 0.5785 0.5774 0.3148 0.1279 0.0484 0.0362 0.1087 0.3708 0.5543
0.4536 0.5771 0.4215 0.1288 0.0646 0.0435 0.0545 0.1997 0.4865 0.5631
0.6168 0.2120 0.0276 0.0027 0.0131 0.0891 0.3626 0.6975 0.6050 0.2612
0.0750 0.0172 0.0090 0.0084 0.1351 0.4430 0.5874 0.4063 0.1113 0.0293
0.0580 0.0150 0.0097 0.0112 0.1715 0.4758 0.5778 0.3570 0.0907 0.0257
0.0433 0.0282 0.0360 0.0570 0.2970 0.4028 0.3472 0.1781 0.0736 0.0422
0.0237 0.0978 0.3626 0.6444 0.6421 0.2694 0.0724 0.0311 0.0478 0.1112
0.0308 0.1270 0.4044 0.6392 0.5951 0.2291 0.0638 0.0333 0.0593 0.1398
0.3374 0.5998 0.5855 0.3057 0.1188 0.0454 0.0353 0.1129 0.3904 0.5738
0.4494 0.6061 0.4724 0.1574 0.0696 0.0410 0.0474 0.1804 0.4841 0.5871
0.6304 0.2376 0.0326 0.0031 0.0131 0.0819 0.3347 0.6849 0.6173 0.2861
0.1102 0.0247 0.0104 0.0070 0.0985 0.3735 0.5599 0.4519 0.1515 0.0406
0.0587 0.0146 0.0092 0.0104 0.1673 0.4789 0.5875 0.3661 0.0915 0.0252
0.0473 0.0233 0.0243 0.0350 0.2539 0.4247 0.4148 0.2238 0.0785 0.0364
0.0239 0.0953 0.3495 0.6283 0.6354 0.2720 0.0751 0.0323 0.0482 0.1090
0.0271 0.1150 0.3953 0.6537 0.6220 0.2451 0.0657 0.0314 0.0534 0.1280
0.3306 0.6015 0.5960 0.3208 0.1234 0.0455 0.0343 0.1087 0.3846 0.5748
0.4401 0.6463 0.5496 0.2113 0.0788 0.0377 0.0384 0.1531 0.4779 0.6204
0.5444 0.4505 0.1825 0.0304 0.0326 0.0531 0.1168 0.3772 0.5556 0.4647
0.5786 0.1746 0.0225 0.0025 0.0143 0.1033 0.3991 0.7014 0.5721 0.2229
0.0599 0.0140 0.0084 0.0094 0.1609 0.4832 0.6018 0.3803 0.0929 0.0244
0.0559 0.0162 0.0115 0.0138 0.1850 0.4663 0.5480 0.3297 0.0884 0.0274
0.0304 0.0591 0.1557 0.3075 0.4969 0.3215 0.1473 0.0661 0.0572 0.0751
0.0235 0.1025 0.3839 0.6679 0.6505 0.2641 0.0682 0.0295 0.0476 0.1155
0.1249 0.3510 0.5219 0.4755 0.2924 0.0968 0.0440 0.0627 0.1814 0.3474
0.4203 0.6597 0.5930 0.2566 0.0889 0.0371 0.0341 0.1347 0.4621 0.6304
0.4452 0.6649 0.5759 0.2281 0.0798 0.0359 0.0357 0.1471 0.4828 0.6365
0.4719 0.6299 0.4881 0.1569 0.0655 0.0382 0.0453 0.1835 0.5032 0.6086
0.6670 0.2387 0.0279 0.0023 0.0107 0.0793 0.3592 0.7241 0.6475 0.2894
0.0831 0.0189 0.0093 0.0080 0.1244 0.4248 0.5809 0.4187 0.1208 0.0319
0.0587 0.0146 0.0092 0.0104 0.1672 0.4790 0.5876 0.3663 0.0915 0.0252
0.0478 0.0228 0.0232 0.0330 0.2490 0.4273 0.4231 0.2298 0.0791 0.0357
0.0235 0.0990 0.3698 0.6536 0.6462 0.2681 0.0709 0.0305 0.0475 0.1124
0.0289 0.1215 0.4013 0.6474 0.6084 0.2363 0.0645 0.0323 0.0564 0.1344
0.3709 0.6306 0.5976 0.2928 0.1066 0.0412 0.0339 0.1194 0.4199 0.6023
0.4481 0.6378 0.5267 0.1913 0.0745 0.0382 0.0409 0.1626 0.4841 0.6137
0.5762 0.3758 0.1072 0.0144 0.0240 0.0609 0.1700 0.4813 0.5786 0.4044
0.4480 0.1181 0.0192 0.0031 0.0221 0.1413 0.4321 0.6502 0.4627 0.1594
0.0596 0.0142 0.0087 0.0097 0.1631 0.4813 0.5962 0.3751 0.0925 0.0248
0.0531 0.0181 0.0144 0.0184 0.2043 0.4535 0.5071 0.2947 0.0852 0.0299
0.0275 0.0721 0.2230 0.4358 0.5555 0.3005 0.1122 0.0493 0.0533 0.0878
0.0240 0.1038 0.3833 0.6631 0.6451 0.2616 0.0682 0.0300 0.0485 0.1169
0.1452 0.3785 0.5227 0.4424 0.2597 0.0884 0.0436 0.0692 0.2039 0.3728
0.4222 0.5680 0.4402 0.1506 0.0739 0.0454 0.0520 0.1810 0.4605 0.5534
0.5862 0.2112 0.0313 0.0035 0.0154 0.0914 0.3431 0.6650 0.5801 0.2587
0.0846 0.0194 0.0096 0.0080 0.1233 0.4199 0.5763 0.4181 0.1226 0.0327
0.0573 0.0154 0.0103 0.0120 0.1761 0.4724 0.5674 0.3474 0.0899 0.0263
0.0416 0.0307 0.0428 0.0703 0.3174 0.3933 0.3190 0.1604 0.0716 0.0451
0.0240 0.0954 0.3491 0.6270 0.6344 0.2717 0.0752 0.0324 0.0483 0.1092
0.0318 0.1292 0.4036 0.6323 0.5873 0.2260 0.0639 0.0340 0.0609 0.1421
0.3034 0.5505 0.5482 0.2972 0.1296 0.0520 0.0394 0.1118 0.3593 0.5301
0.5114 0.3855 0.1444 0.0251 0.0338 0.0626 0.1396 0.3948 0.5268 0.4083
0.3826 0.0969 0.0181 0.0036 0.0278 0.1639 0.4454 0.6196 0.4073 0.1343
0.0598 0.0144 0.0088 0.0099 0.1633 0.4795 0.5936 0.3735 0.0928 0.0250
0.0519 0.0191 0.0160 0.0209 0.2134 0.4478 0.4888 0.2798 0.0839 0.0311
0.0284 0.0677 0.1992 0.3923 0.5366 0.3072 0.1227 0.0542 0.0545 0.0835
0.0242 0.1032 0.3794 0.6580 0.6426 0.2620 0.0690 0.0303 0.0487 0.1164
0.1095 0.3147 0.4973 0.4783 0.3156 0.1078 0.0473 0.0606 0.1635 0.3153
0.4013 0.5629 0.4546 0.1680 0.0810 0.0467 0.0501 0.1686 0.4431 0.5477
0.5758 0.2148 0.0338 0.0039 0.0164 0.0911 0.3307 0.6490 0.5718 0.2616
0.0923 0.0211 0.0099 0.0077 0.1148 0.4040 0.5700 0.4284 0.1315 0.0352
0.0576 0.0153 0.0101 0.0117 0.1744 0.4736 0.5711 0.3508 0.0902 0.0261
0.0427 0.0291 0.0383 0.0615 0.3043 0.3994 0.3370 0.1716 0.0729 0.0432
0.0242 0.0940 0.3419 0.6179 0.6307 0.2732 0.0768 0.0331 0.0485 0.1079
0.0301 0.1237 0.3993 0.6383 0.5990 0.2329 0.0647 0.0332 0.0582 0.1367
0.2863 0.5401 0.5535 0.3158 0.1395 0.0539 0.0389 0.1057 0.3438 0.5201
0.4880 0.4413 0.2109 0.0434 0.0423 0.0565 0.1049 0.3225 0.5098 0.4533
0.4703 0.1294 0.0205 0.0031 0.0208 0.1324 0.4192 0.6541 0.4816 0.1722
0.0607 0.0144 0.0087 0.0096 0.1605 0.4788 0.5965 0.3782 0.0938 0.0250
0.0540 0.0175 0.0135 0.0168 0.1981 0.4575 0.5199 0.3054 0.0862 0.0291
0.0306 0.0583 0.1521 0.3002 0.4932 0.3228 0.1497 0.0673 0.0574 0.0744
0.0238 0.1017 0.3771 0.6585 0.6453 0.2644 0.0694 0.0302 0.0481 0.1149
0.0823 0.2617 0.4787 0.5201 0.3775 0.1291 0.0503 0.0524 0.1306 0.2668
0.3913 0.5968 0.5201 0.2165 0.0906 0.0437 0.0420 0.1457 0.4359 0.5753
0.5794 0.2777 0.0554 0.0067 0.0190 0.0765 0.2545 0.5828 0.5775 0.3195
0.1954 0.0442 0.0130 0.0053 0.0587 0.2727 0.5127 0.5232 0.2387 0.0677
0.0588 0.0146 0.0091 0.0104 0.1670 0.4788 0.5877 0.3665 0.0916 0.0252
0.0486 0.0220 0.0216 0.0303 0.2421 0.4311 0.4353 0.2387 0.0800 0.0348
0.0253 0.0857 0.2967 0.5554 0.6052 0.2828 0.0879 0.0381 0.0501 0.1003
0.0255 0.1088 0.3874 0.6565 0.6331 0.2538 0.0673 0.0308 0.0509 0.1219
0.2150 0.4745 0.5509 0.3811 0.1881 0.0663 0.0397 0.0858 0.2762 0.4594
0.4386 0.5594 0.4096 0.1282 0.0671 0.0457 0.0564 0.1981 0.4737 0.5474
0.5910 0.2004 0.0277 0.0030 0.0145 0.0941 0.3632 0.6829 0.5835 0.2486
0.0736 0.0170 0.0090 0.0085 0.1374 0.4458 0.5875 0.4032 0.1096 0.0290
0.0573 0.0154 0.0103 0.0120 0.1759 0.4726 0.5678 0.3477 0.0899 0.0263
0.0405 0.0325 0.0481 0.0808 0.3315 0.3869 0.3009 0.1493 0.0702 0.0471
0.0238 0.0974 0.3601 0.6410 0.6404 0.2696 0.0729 0.0314 0.0479 0.1109
0.0338 0.1361 0.4100 0.6275 0.5748 0.2182 0.0626 0.0348 0.0639 0.1487
0.3299 0.5836 0.5685 0.2956 0.1199 0.0473 0.0371 0.1148 0.3835 0.5597
0.4887 0.4901 0.2660 0.0590 0.0463 0.0510 0.0862 0.2869 0.5120 0.4936
0.5522 0.1651 0.0227 0.0027 0.0158 0.1089 0.3987 0.6863 0.5501 0.2122
0.0614 0.0144 0.0086 0.0093 0.1583 0.4783 0.5989 0.3820 0.0947 0.0250
0.0557 0.0163 0.0116 0.0140 0.1860 0.4656 0.5457 0.3277 0.0882 0.0276
0.0337 0.0478 0.1041 0.1996 0.4358 0.3442 0.1930 0.0891 0.0615 0.0637
0.0235 0.1010 0.3769 0.6602 0.6476 0.2657 0.0695 0.0300 0.0477 0.1141
0.0606 0.2115 0.4566 0.5609 0.4461 0.1557 0.0540 0.0452 0.1023 0.2204
0.3850 0.6186 0.5625 0.2530 0.0972 0.0419 0.0374 0.1323 0.4314 0.5931
0.5256 0.4370 0.1816 0.0320 0.0349 0.0554 0.1175 0.3671 0.5400 0.4522
0.5102 0.1434 0.0209 0.0028 0.0180 0.1216 0.4147 0.6739 0.5148 0.1883
0.0600 0.0142 0.0086 0.0095 0.1612 0.4816 0.5991 0.3785 0.0931 0.0247
0.0544 0.0172 0.0130 0.0161 0.1952 0.4594 0.5261 0.3106 0.0867 0.0287
0.0298 0.0613 0.1669 0.3300 0.5079 0.3175 0.1401 0.0626 0.0564 0.0773
0.0237 0.1025 0.3816 0.6640 0.6478 0.2637 0.0686 0.0298 0.0479 0.1156
0.1053 0.3119 0.5035 0.4935 0.3263 0.1093 0.0466 0.0583 0.1587 0.3123
0.4104 0.6343 0.5609 0.2363 0.0886 0.0396 0.0374 0.1405 0.4531 0.6081
0.5338 0.4454 0.1844 0.0318 0.0341 0.0541 0.1160 0.3694 0.5469 0.4598
0.5387 0.1557 0.0216 0.0027 0.0164 0.1137 0.4082 0.6854 0.5386 0.2021
0.0600 0.0141 0.0085 0.0095 0.1611 0.4821 0.6000 0.3791 0.0930 0.0246
0.0547 0.0170 0.0126 0.0155 0.1927 0.4611 0.5314 0.3152 0.0871 0.0284
0.0299 0.0610 0.1653 0.3270 0.5064 0.3180 0.1410 0.0630 0.0565 0.0770
