0.00000000
0.00000000
0.00000000
0.00000000
0.00000000
0.00000000
0.34595807
0.34595807
0.34595807
0.34595807
0.34595807
0.34595807
0.34595807
0.34595807
0.34595807
0.34595807
0.34564572
0.34564572
0.34564572
0.34564572
0.34356643
0.34356643
0.34356643
0.34356643
0.34356643
0.34394746
0.34394746
0.34394746
0.34394746
0.34394746
0.34394746
0.34394746
0.34394746
0.34394746
0.34394746
0.34394746
0.34394746
0.34394746
0.34394746
0.34394746
0.34394746
0.34394746
0.34394746
0.34322747
0.34322747
0.34322747
0.34322747
0.34322747
0.34322747
0.34322747
0.34322747
0.34322747
0.34322747
0.34322747
0.34322747
0.34322747
0.34322747
0.34322747
0.34322747
0.34322747
0.34513348
0.34513348
0.34513348
0.34513348
0.34513348
0.34613440
0.34613440
0.34613440
0.34613440
0.34613440
0.34613440
0.34613440
0.34613440
0.34697360
0.34697360
0.34697360
0.34528546
0.34528546
0.34528546
0.34528546
0.34528546
0.34528546
0.34606598
0.34606598
0.34606598
0.34606598
0.34606598
0.34606598
0.34606598
0.34606598
0.34577503
0.34577503
0.34577503
0.34577503
0.34577503
0.34577503
0.34577503
0.34577503
0.34324376
0.34324376
0.34324376
0.34324376
0.34324376
0.34324376
0.34324376
0.34324376
0.34324376
0.34324376
0.34324376
0.34324376
0.34324376
0.34324376
0.34324376
0.34459207
0.34459207
0.34459207
0.34459207
0.34459207
0.34459207
0.34459207
0.34459207
0.34459207
0.34459207
0.34459207
0.34459207
0.34459207
0.34459207
0.34447098
0.34286459
0.34286459
0.34286459
0.34286459
0.34286459
0.34098460
0.34098460
0.34098460
0.34098460
0.34098460
0.34098460
0.34098460
0.34098460
0.34098460
0.34098460
0.34098460
0.34098460
0.34098460
0.34098460
0.34098460
0.34098460
0.34098460
0.34098460
0.34098460
0.34098460
0.34098460
0.33797064
0.33797064
0.33797064
0.33797064
0.33797064
0.33645155
0.33645155
0.33645155
0.33645155
0.33645155
0.33645155
0.33645155
0.33645155
0.33645155
0.33645155
0.33645155
0.33645155
0.33645155
0.33645155
0.33645155
0.33645155
0.33645155
0.33645155
0.33645155
0.33645155
0.33645155
0.33645155
0.33645155
0.33645155
0.33645155
0.33645155
0.33645155
0.33645155
0.33645155
0.33624308
0.33624308
0.33624308
0.33624308
0.33624308
0.33624308
0.33624308
0.33624308
0.33624308
0.33624308
0.33624308
0.33624308
0.33624308
0.33460832
0.33542320
0.33580673
0.33580673
0.33580673
0.33580673
0.33580673
0.33580673
0.33580673
0.33580673
0.33580673
0.33580673
0.33580673
0.33580673
0.33580673
0.33580673
0.33580673
0.33580673
0.33580673
0.33580673
0.33580673
0.33580673
0.33580673
0.33580673
0.33580673
0.33580673
0.33580673
0.33580673
0.33580673
0.33580673
0.33580673
0.33580673
0.33580673
0.33580673
0.33580673
0.33580673
0.33207103
0.33207103
0.33207103
0.33207103
0.33207103
0.33207103
0.33207103
0.33207103
0.33207103
0.33207103
0.33207103
0.33207103
0.33207103
