0.00000000
0.00000000
0.00000000
0.00000000
0.00000000
0.00000000
0.36252870
0.36252870
0.36252870
0.36252870
0.36252870
0.36252870
0.36252870
0.36252870
0.36252870
0.36252870
0.36248996
0.36248996
0.36248996
0.36248996
0.36103311
0.36103311
0.36103311
0.36103311
0.36103311
0.36015709
0.36015709
0.36015709
0.36015709
0.36015709
0.36015709
0.36015709
0.36015709
0.36015709
0.36015709
0.36015709
0.36015709
0.36015709
0.36015709
0.36015709
0.36015709
0.36015709
0.36015709
0.36015709
0.36015709
0.36015709
0.36015709
0.36015709
0.36015709
0.36015709
0.36015709
0.36015709
0.36015709
0.36015709
0.36015709
0.36015709
0.36015709
0.36015709
0.35895754
0.35895754
0.35922672
0.35922672
0.35922672
0.35922672
0.35922672
0.35922672
0.35922672
0.35922672
0.35922672
0.35922672
0.35922672
0.35922672
0.35922672
0.35969295
0.35969295
0.35969295
0.35969295
0.35969295
0.35969295
0.35969295
0.35969295
0.35969295
0.35894745
0.35894745
0.35894745
0.35894745
0.35894745
0.35894745
0.35894745
0.35894745
0.35681609
0.35681609
0.35681609
0.35681609
0.35681609
0.35681609
0.35681609
0.35681609
0.35470626
0.35470626
0.35470626
0.35470626
0.35470626
0.35470626
0.35470626
0.35470626
0.35470626
0.35470626
0.35470626
0.35470626
0.35470626
0.35470626
0.35470626
0.35587414
0.35587414
0.35587414
0.35587414
0.35587414
0.35587414
0.35587414
0.35685822
0.35685822
0.35685822
0.35685822
0.35685822
0.35685822
0.35685822
0.35807587
0.35634859
0.35634859
0.35634859
0.35634859
0.35634859
0.35537727
0.35537727
0.35537727
0.35537727
0.35537727
0.35537727
0.35537727
0.35537727
0.35537727
0.35537727
0.35537727
0.35537727
0.35537727
0.35537727
0.35537727
0.35537727
0.35537727
0.35537727
0.35537727
0.35537727
0.35537727
0.35265747
0.35265747
0.35265747
0.35265747
0.35265747
0.35097370
0.35097370
0.35097370
0.35097370
0.35097370
0.35097370
0.35097370
0.35097370
0.35097370
0.35097370
0.35097370
0.35097370
0.35097370
0.35097370
0.35097370
0.35097370
0.35097370
0.35097370
0.35097370
0.35097370
0.35097370
0.35097370
0.35097370
0.35097370
0.35097370
0.35097370
0.35097370
0.35097370
0.35097370
0.34999734
0.34999734
0.34999734
0.34999734
0.34999734
0.34999734
0.34999734
0.34999734
0.34999734
0.34999734
0.34999734
0.34999734
0.34999734
0.34942374
0.35141079
0.35141079
0.35141079
0.35141079
0.35141079
0.35141079
0.35141079
0.35141079
0.35141079
0.35141079
0.35141079
0.35141079
0.35141079
0.35141079
0.35141079
0.35141079
0.35141079
0.35141079
0.35141079
0.35141079
0.35141079
0.35141079
0.35141079
0.35141079
0.35141079
0.35141079
0.35141079
0.35141079
0.35141079
0.35458963
0.35458963
0.35458963
0.35458963
0.35458963
0.35458963
0.35458963
0.35458963
0.35458963
0.35458963
0.35458963
0.35458963
0.35458963
0.35458963
0.35458963
0.35458963
0.35458963
0.35458963
0.35458963
