0.00000000
0.00000000
0.00000000
0.00000000
0.00000000
0.00000000
0.00000000
0.00000000
0.00000000
0.00000000
0.00000000
0.00000000
0.00000000
0.00000000
0.00000000
0.00000000
0.31420665
0.31420665
0.31420665
0.31420665
0.31233349
0.31233349
0.31233349
0.31233349
0.31233349
0.31320092
0.31320092
0.31320092
0.31320092
0.31320092
0.31320092
0.31320092
0.31320092
0.31320092
0.31320092
0.31320092
0.31320092
0.31320092
0.31320092
0.31320092
0.31320092
0.31320092
0.31320092
0.31363257
0.31363257
0.31363257
0.31363257
0.31363257
0.31363257
0.31363257
0.31363257
0.31363257
0.31363257
0.31363257
0.31363257
0.31363257
0.31363257
0.31363257
0.31297007
0.31297007
0.31316537
0.31316537
0.31316537
0.31316537
0.31316537
0.31404266
0.31404266
0.31404266
0.31404266
0.31404266
0.31404266
0.31404266
0.31404266
0.31526537
0.31526537
0.31526537
0.31259811
0.31259811
0.31259811
0.31259811
0.31259811
0.31259811
0.31196441
0.31196441
0.31196441
0.31196441
0.31196441
0.31196441
0.31196441
0.31196441
0.31008669
0.31008669
0.31008669
0.31008669
0.31008669
0.31008669
0.31008669
0.31008669
0.30817585
0.30817585
0.30817585
0.30817585
0.30817585
0.30817585
0.30817585
0.30817585
0.30817585
0.30817585
0.30817585
0.30817585
0.30817585
0.30817585
0.30817585
0.30987663
0.30987663
0.30987663
0.30987663
0.30987663
0.30987663
0.30987663
0.30987663
0.30987663
0.30987663
0.30987663
0.30987663
0.30987663
0.30987663
0.31160590
0.31160590
0.31160590
0.31160590
0.31160590
0.31160590
0.31160590
0.31160590
0.31160590
0.31160590
0.31160590
0.31160590
0.31160590
0.31160590
0.31160590
0.31160590
0.31160590
0.31160590
0.31160590
0.31160590
0.31160590
0.31160590
0.31160590
0.31160590
0.31160590
0.31160590
0.31160590
0.30937242
0.30937242
0.30937242
0.30937242
0.30937242
0.30734384
0.30734384
0.30734384
0.30734384
0.30734384
0.30734384
0.30734384
0.30734384
0.30734384
0.30734384
0.30734384
0.30734384
0.30734384
0.30734384
0.30734384
0.30734384
0.30734384
0.30734384
0.30734384
0.30734384
0.30734384
0.30734384
0.30734384
0.30734384
0.30734384
0.30734384
0.30734384
0.30734384
0.30734384
0.30538626
0.30538626
0.30538626
0.30538626
0.30538626
0.30538626
0.30538626
0.30538626
0.30538626
0.30538626
0.30538626
0.30592671
0.30592671
0.30467662
0.30497830
0.30612663
0.30612663
0.30612663
0.30612663
0.30612663
0.30612663
0.30612663
0.30612663
0.30612663
0.30612663
0.30612663
0.30612663
0.30612663
0.30612663
0.30612663
0.30612663
0.30612663
0.30612663
0.30612663
0.30612663
0.30612663
0.30612663
0.30612663
0.30612663
0.30612663
0.30612663
0.30612663
0.30612663
0.30945566
0.30945566
0.30945566
0.30945566
0.30945566
0.30945566
0.30945566
0.30945566
0.30945566
0.30945566
0.30945566
0.30945566
0.30945566
0.30945566
0.30945566
0.30945566
0.30945566
0.30945566
0.30945566
