0.00000000
0.00000000
0.00000000
0.00000000
0.00000000
0.00000000
0.00000000
0.00000000
0.00000000
0.00000000
0.00000000
0.00000000
0.00000000
0.00000000
0.00000000
0.00000000
0.38377085
0.38377085
0.38377085
0.38377085
0.38377085
0.38377085
0.38377085
0.38377085
0.38377085
0.38363962
0.38363962
0.38363962
0.38363962
0.38363962
0.38363962
0.38363962
0.38363962
0.38363962
0.38363962
0.38363962
0.38363962
0.38363962
0.38363962
0.38363962
0.38363962
0.38363962
0.38363962
0.38363962
0.38363962
0.38363962
0.38363962
0.38363962
0.38363962
0.38363962
0.38363962
0.38363962
0.38363962
0.38363962
0.38363962
0.38363962
0.38363962
0.38363962
0.38300214
0.38300214
0.38429066
0.38429066
0.38429066
0.38429066
0.38429066
0.38550937
0.38550937
0.38550937
0.38550937
0.38550937
0.38550937
0.38550937
0.38550937
0.38550937
0.38550937
0.38550937
0.38550937
0.38550937
0.38550937
0.38550937
0.38550937
0.38550937
0.38489800
0.38489800
0.38489800
0.38489800
0.38489800
0.38489800
0.38489800
0.38489800
0.38335825
0.38335825
0.38335825
0.38335825
0.38335825
0.38335825
0.38335825
0.38335825
0.38018101
0.38018101
0.38018101
0.38018101
0.38018101
0.38018101
0.38018101
0.38018101
0.38018101
0.38018101
0.38018101
0.38018101
0.38018101
0.38018101
0.38018101
0.38127129
0.38127129
0.38127129
0.38127129
0.38127129
0.38127129
0.38127129
0.38320186
0.38320186
0.38320186
0.38320186
0.38320186
0.38320186
0.38320186
0.38351912
0.38219101
0.38219101
0.38219101
0.38219101
0.38219101
0.38219101
0.38219101
0.38219101
0.38219101
0.38219101
0.38219101
0.38219101
0.38219101
0.38219101
0.38219101
0.38219101
0.38219101
0.38219101
0.38219101
0.38219101
0.38219101
0.38219101
0.38219101
0.38219101
0.38219101
0.38219101
0.37848061
0.37848061
0.37848061
0.37848061
0.37848061
0.37848061
0.37848061
0.37848061
0.37848061
0.37848061
0.37848061
0.37848061
0.37848061
0.37848061
0.37848061
0.37848061
0.37848061
0.37848061
0.37848061
0.37848061
0.37848061
0.37848061
0.37848061
0.37848061
0.37848061
0.37848061
0.37848061
0.37848061
0.37848061
0.37848061
0.37848061
0.37848061
0.37848061
0.37848061
0.37778953
0.37778953
0.37778953
0.37778953
0.37778953
0.37778953
0.37778953
0.38000854
0.38000854
0.38000854
0.38000854
0.38228662
0.38228662
0.38104110
0.38269613
0.38464774
0.38464774
0.38464774
0.38464774
0.38464774
0.38464774
0.38464774
0.38464774
0.38464774
0.38464774
0.38464774
0.38464774
0.38464774
0.38464774
0.38464774
0.38464774
0.38464774
0.38464774
0.38464774
0.38464774
0.38464774
0.38464774
0.38464774
0.38464774
0.38464774
0.38464774
0.38464774
0.38464774
0.38659611
0.38659611
0.38659611
0.38659611
0.38659611
0.38659611
0.38659611
0.38659611
0.38659611
0.38659611
0.38659611
0.38659611
0.38659611
0.38659611
0.38659611
0.38659611
0.38659611
0.38659611
0.38659611
