0.00000000 0.00000000 0.00000000 0.00000000 0.00000000 0.00000000 0.00000000 0.00000000 0.00000000 0.00000000
0.00000000 0.00000000 0.00000000 0.00000000 0.00000000 0.00000000 0.00000000 0.00000000 0.00000000 0.00000000
0.00000000 0.00000000 0.00000000 0.00000000 0.00000000 0.00000000 0.00000000 0.00000000 0.00000000 0.00000000
0.00000000 0.00000000 0.00000000 0.00000000 0.00000000 0.00000000 0.00000000 0.00000000 0.00000000 0.00000000
0.00000000 0.00000000 0.00000000 0.00000000 0.00000000 0.00000000 0.00000000 0.00000000 0.00000000 0.00000000
0.00000000 0.00000000 0.00000000 0.00000000 0.00000000 0.00000000 0.00000000 0.00000000 0.00000000 0.00000000
0.39155121 0.24443547 0.36307284 0.38966120 0.33644316 0.42136601 0.30904220 0.30991285 0.29358556 0.36285289
0.39155121 0.24443547 0.36307284 0.38966120 0.33644316 0.42136601 0.30904220 0.30991285 0.29358556 0.36285289
0.39155121 0.24443547 0.36307284 0.38966120 0.33644316 0.42136601 0.30904220 0.30991285 0.29358556 0.36285289
0.39155121 0.24443547 0.36307284 0.38966120 0.33644316 0.42136601 0.30904220 0.30991285 0.29358556 0.36285289
0.39155121 0.24443547 0.36307284 0.38966120 0.33644316 0.42136601 0.30904220 0.30991285 0.29358556 0.36285289
0.39155121 0.24443547 0.36307284 0.38966120 0.33644316 0.42136601 0.30904220 0.30991285 0.29358556 0.36285289
0.39155121 0.24443547 0.36307284 0.38966120 0.33644316 0.42136601 0.30904220 0.30991285 0.29358556 0.36285289
0.39155121 0.24443547 0.36307284 0.38966120 0.33644316 0.42136601 0.30904220 0.30991285 0.29358556 0.36285289
0.39155121 0.24443547 0.36307284 0.38966120 0.33644316 0.42136601 0.30904220 0.30991285 0.29358556 0.36285289
0.39155121 0.24443547 0.36307284 0.38966120 0.33644316 0.42136601 0.30904220 0.30991285 0.29358556 0.36285289
0.38481150 0.24473149 0.36454519 0.38678875 0.35058481 0.42153560 0.30851631 0.30899536 0.29259881 0.35687676
0.38481150 0.24473149 0.36454519 0.38678875 0.35058481 0.42153560 0.30851631 0.30899536 0.29259881 0.35687676
0.38481150 0.24473149 0.36454519 0.38678875 0.35058481 0.42153560 0.30851631 0.30899536 0.29259881 0.35687676
0.38481150 0.24473149 0.36454519 0.38678875 0.35058481 0.42153560 0.30851631 0.30899536 0.29259881 0.35687676
0.39311870 0.24518614 0.35614193 0.37807704 0.34577663 0.41501444 0.30687505 0.31006062 0.29004223 0.36015027
0.39311870 0.24518614 0.35614193 0.37807704 0.34577663 0.41501444 0.30687505 0.31006062 0.29004223 0.36015027
0.39311870 0.24518614 0.35614193 0.37807704 0.34577663 0.41501444 0.30687505 0.31006062 0.29004223 0.36015027
0.39311870 0.24518614 0.35614193 0.37807704 0.34577663 0.41501444 0.30687505 0.31006062 0.29004223 0.36015027
0.39311870 0.24518614 0.35614193 0.37807704 0.34577663 0.41501444 0.30687505 0.31006062 0.29004223 0.36015027
0.39508521 0.24516333 0.35791094 0.38216574 0.34019353 0.41306675 0.30617501 0.30875610 0.29548705 0.36042811
0.39508521 0.24516333 0.35791094 0.38216574 0.34019353 0.41306675 0.30617501 0.30875610 0.29548705 0.36042811
0.39508521 0.24516333 0.35791094 0.38216574 0.34019353 0.41306675 0.30617501 0.30875610 0.29548705 0.36042811
0.39508521 0.24516333 0.35791094 0.38216574 0.34019353 0.41306675 0.30617501 0.30875610 0.29548705 0.36042811
0.39508521 0.24516333 0.35791094 0.38216574 0.34019353 0.41306675 0.30617501 0.30875610 0.29548705 0.36042811
0.39508521 0.24516333 0.35791094 0.38216574 0.34019353 0.41306675 0.30617501 0.30875610 0.29548705 0.36042811
0.39508521 0.24516333 0.35791094 0.38216574 0.34019353 0.41306675 0.30617501 0.30875610 0.29548705 0.36042811
0.39508521 0.24516333 0.35791094 0.38216574 0.34019353 0.41306675 0.30617501 0.30875610 0.29548705 0.36042811
0.39508521 0.24516333 0.35791094 0.38216574 0.34019353 0.41306675 0.30617501 0.30875610 0.29548705 0.36042811
0.39508521 0.24516333 0.35791094 0.38216574 0.34019353 0.41306675 0.30617501 0.30875610 0.29548705 0.36042811
0.39508521 0.24516333 0.35791094 0.38216574 0.34019353 0.41306675 0.30617501 0.30875610 0.29548705 0.36042811
0.39508521 0.24516333 0.35791094 0.38216574 0.34019353 0.41306675 0.30617501 0.30875610 0.29548705 0.36042811
0.39508521 0.24516333 0.35791094 0.38216574 0.34019353 0.41306675 0.30617501 0.30875610 0.29548705 0.36042811
0.39508521 0.24516333 0.35791094 0.38216574 0.34019353 0.41306675 0.30617501 0.30875610 0.29548705 0.36042811
0.39508521 0.24516333 0.35791094 0.38216574 0.34019353 0.41306675 0.30617501 0.30875610 0.29548705 0.36042811
0.39508521 0.24516333 0.35791094 0.38216574 0.34019353 0.41306675 0.30617501 0.30875610 0.29548705 0.36042811
0.39508521 0.24516333 0.35791094 0.38216574 0.34019353 0.41306675 0.30617501 0.30875610 0.29548705 0.36042811
0.39508521 0.24516333 0.35791094 0.38216574 0.34019353 0.41306675 0.30617501 0.30875610 0.29548705 0.36042811
0.39418848 0.24199725 0.35837923 0.38452873 0.34070643 0.41097855 0.30797407 0.30447353 0.29564756 0.35757779
0.39418848 0.24199725 0.35837923 0.38452873 0.34070643 0.41097855 0.30797407 0.30447353 0.29564756 0.35757779
0.39418848 0.24199725 0.35837923 0.38452873 0.34070643 0.41097855 0.30797407 0.30447353 0.29564756 0.35757779
0.39418848 0.24199725 0.35837923 0.38452873 0.34070643 0.41097855 0.30797407 0.30447353 0.29564756 0.35757779
0.39418848 0.24199725 0.35837923 0.38452873 0.34070643 0.41097855 0.30797407 0.30447353 0.29564756 0.35757779
0.39418848 0.24199725 0.35837923 0.38452873 0.34070643 0.41097855 0.30797407 0.30447353 0.29564756 0.35757779
0.39418848 0.24199725 0.35837923 0.38452873 0.34070643 0.41097855 0.30797407 0.30447353 0.29564756 0.35757779
0.39418848 0.24199725 0.35837923 0.38452873 0.34070643 0.41097855 0.30797407 0.30447353 0.29564756 0.35757779
0.39418848 0.24199725 0.35837923 0.38452873 0.34070643 0.41097855 0.30797407 0.30447353 0.29564756 0.35757779
0.39418848 0.24199725 0.35837923 0.38452873 0.34070643 0.41097855 0.30797407 0.30447353 0.29564756 0.35757779
0.39418848 0.24199725 0.35837923 0.38452873 0.34070643 0.41097855 0.30797407 0.30447353 0.29564756 0.35757779
0.39418848 0.24199725 0.35837923 0.38452873 0.34070643 0.41097855 0.30797407 0.30447353 0.29564756 0.35757779
0.39418848 0.24199725 0.35837923 0.38452873 0.34070643 0.41097855 0.30797407 0.30447353 0.29564756 0.35757779
0.39418848 0.24199725 0.35837923 0.38452873 0.34070643 0.41097855 0.30797407 0.30447353 0.29564756 0.35757779
0.39418848 0.24199725 0.35837923 0.38452873 0.34070643 0.41097855 0.30797407 0.30447353 0.29564756 0.35757779
0.39418848 0.24199725 0.35837923 0.38452873 0.34070643 0.41097855 0.30797407 0.30447353 0.29564756 0.35757779
0.39418848 0.24199725 0.35837923 0.38452873 0.34070643 0.41097855 0.30797407 0.30447353 0.29564756 0.35757779
0.39148735 0.23821337 0.36252523 0.38881513 0.34548285 0.41532984 0.30523812 0.31116933 0.29818745 0.35747980
0.39148735 0.23821337 0.36252523 0.38881513 0.34548285 0.41532984 0.30523812 0.31116933 0.29818745 0.35747980
0.39148735 0.23821337 0.36252523 0.38881513 0.34548285 0.41532984 0.30523812 0.31116933 0.29818745 0.35747980
0.39148735 0.23821337 0.36252523 0.38881513 0.34548285 0.41532984 0.30523812 0.31116933 0.29818745 0.35747980
0.39148735 0.23821337 0.36252523 0.38881513 0.34548285 0.41532984 0.30523812 0.31116933 0.29818745 0.35747980
0.39606498 0.24164687 0.36523480 0.38293452 0.35362208 0.41331054 0.31093793 0.31080356 0.29922174 0.35228562
0.39606498 0.24164687 0.36523480 0.38293452 0.35362208 0.41331054 0.31093793 0.31080356 0.29922174 0.35228562
0.39606498 0.24164687 0.36523480 0.38293452 0.35362208 0.41331054 0.31093793 0.31080356 0.29922174 0.35228562
0.39606498 0.24164687 0.36523480 0.38293452 0.35362208 0.41331054 0.31093793 0.31080356 0.29922174 0.35228562
0.39606498 0.24164687 0.36523480 0.38293452 0.35362208 0.41331054 0.31093793 0.31080356 0.29922174 0.35228562
0.39606498 0.24164687 0.36523480 0.38293452 0.35362208 0.41331054 0.31093793 0.31080356 0.29922174 0.35228562
0.39606498 0.24164687 0.36523480 0.38293452 0.35362208 0.41331054 0.31093793 0.31080356 0.29922174 0.35228562
0.39606498 0.24164687 0.36523480 0.38293452 0.35362208 0.41331054 0.31093793 0.31080356 0.29922174 0.35228562
0.39833564 0.24017061 0.36964902 0.37052964 0.35343803 0.42239203 0.30770242 0.31273115 0.30077908 0.35684436
0.39833564 0.24017061 0.36964902 0.37052964 0.35343803 0.42239203 0.30770242 0.31273115 0.30077908 0.35684436
0.39833564 0.24017061 0.36964902 0.37052964 0.35343803 0.42239203 0.30770242 0.31273115 0.30077908 0.35684436
0.39622487 0.23865296 0.37193860 0.36813215 0.34974494 0.42800135 0.29586635 0.31310242 0.29875824 0.35224752
0.39622487 0.23865296 0.37193860 0.36813215 0.34974494 0.42800135 0.29586635 0.31310242 0.29875824 0.35224752
0.39622487 0.23865296 0.37193860 0.36813215 0.34974494 0.42800135 0.29586635 0.31310242 0.29875824 0.35224752
0.39622487 0.23865296 0.37193860 0.36813215 0.34974494 0.42800135 0.29586635 0.31310242 0.29875824 0.35224752
0.39622487 0.23865296 0.37193860 0.36813215 0.34974494 0.42800135 0.29586635 0.31310242 0.29875824 0.35224752
0.39622487 0.23865296 0.37193860 0.36813215 0.34974494 0.42800135 0.29586635 0.31310242 0.29875824 0.35224752
0.39631617 0.22961929 0.38186898 0.37000547 0.35467678 0.42269655 0.29486412 0.31972058 0.29196779 0.35527156
0.39631617 0.22961929 0.38186898 0.37000547 0.35467678 0.42269655 0.29486412 0.31972058 0.29196779 0.35527156
0.39631617 0.22961929 0.38186898 0.37000547 0.35467678 0.42269655 0.29486412 0.31972058 0.29196779 0.35527156
0.39631617 0.22961929 0.38186898 0.37000547 0.35467678 0.42269655 0.29486412 0.31972058 0.29196779 0.35527156
0.39631617 0.22961929 0.38186898 0.37000547 0.35467678 0.42269655 0.29486412 0.31972058 0.29196779 0.35527156
0.39631617 0.22961929 0.38186898 0.37000547 0.35467678 0.42269655 0.29486412 0.31972058 0.29196779 0.35527156
0.39631617 0.22961929 0.38186898 0.37000547 0.35467678 0.42269655 0.29486412 0.31972058 0.29196779 0.35527156
0.39631617 0.22961929 0.38186898 0.37000547 0.35467678 0.42269655 0.29486412 0.31972058 0.29196779 0.35527156
0.39872940 0.22416689 0.38031123 0.36489526 0.35727033 0.43139626 0.29530049 0.31435393 0.29064798 0.35261985
0.39872940 0.22416689 0.38031123 0.36489526 0.35727033 0.43139626 0.29530049 0.31435393 0.29064798 0.35261985
0.39872940 0.22416689 0.38031123 0.36489526 0.35727033 0.43139626 0.29530049 0.31435393 0.29064798 0.35261985
0.39872940 0.22416689 0.38031123 0.36489526 0.35727033 0.43139626 0.29530049 0.31435393 0.29064798 0.35261985
0.39872940 0.22416689 0.38031123 0.36489526 0.35727033 0.43139626 0.29530049 0.31435393 0.29064798 0.35261985
0.39872940 0.22416689 0.38031123 0.36489526 0.35727033 0.43139626 0.29530049 0.31435393 0.29064798 0.35261985
0.39872940 0.22416689 0.38031123 0.36489526 0.35727033 0.43139626 0.29530049 0.31435393 0.29064798 0.35261985
0.39872940 0.22416689 0.38031123 0.36489526 0.35727033 0.43139626 0.29530049 0.31435393 0.29064798 0.35261985
0.39926746 0.22311245 0.37683647 0.36339046 0.35080433 0.42377847 0.29476211 0.30917232 0.28688404 0.35704935
0.39926746 0.22311245 0.37683647 0.36339046 0.35080433 0.42377847 0.29476211 0.30917232 0.28688404 0.35704935
0.39926746 0.22311245 0.37683647 0.36339046 0.35080433 0.42377847 0.29476211 0.30917232 0.28688404 0.35704935
0.39926746 0.22311245 0.37683647 0.36339046 0.35080433 0.42377847 0.29476211 0.30917232 0.28688404 0.35704935
0.39926746 0.22311245 0.37683647 0.36339046 0.35080433 0.42377847 0.29476211 0.30917232 0.28688404 0.35704935
0.39926746 0.22311245 0.37683647 0.36339046 0.35080433 0.42377847 0.29476211 0.30917232 0.28688404 0.35704935
0.39926746 0.22311245 0.37683647 0.36339046 0.35080433 0.42377847 0.29476211 0.30917232 0.28688404 0.35704935
0.39926746 0.22311245 0.37683647 0.36339046 0.35080433 0.42377847 0.29476211 0.30917232 0.28688404 0.35704935
0.39926746 0.22311245 0.37683647 0.36339046 0.35080433 0.42377847 0.29476211 0.30917232 0.28688404 0.35704935
0.39926746 0.22311245 0.37683647 0.36339046 0.35080433 0.42377847 0.29476211 0.30917232 0.28688404 0.35704935
0.39926746 0.22311245 0.37683647 0.36339046 0.35080433 0.42377847 0.29476211 0.30917232 0.28688404 0.35704935
0.39926746 0.22311245 0.37683647 0.36339046 0.35080433 0.42377847 0.29476211 0.30917232 0.28688404 0.35704935
0.39926746 0.22311245 0.37683647 0.36339046 0.35080433 0.42377847 0.29476211 0.30917232 0.28688404 0.35704935
0.39926746 0.22311245 0.37683647 0.36339046 0.35080433 0.42377847 0.29476211 0.30917232 0.28688404 0.35704935
0.39926746 0.22311245 0.37683647 0.36339046 0.35080433 0.42377847 0.29476211 0.30917232 0.28688404 0.35704935
0.39403471 0.22230852 0.38251505 0.36293701 0.35068431 0.42279786 0.29708439 0.30857245 0.28460472 0.37215325
0.39403471 0.22230852 0.38251505 0.36293701 0.35068431 0.42279786 0.29708439 0.30857245 0.28460472 0.37215325
0.39403471 0.22230852 0.38251505 0.36293701 0.35068431 0.42279786 0.29708439 0.30857245 0.28460472 0.37215325
0.39403471 0.22230852 0.38251505 0.36293701 0.35068431 0.42279786 0.29708439 0.30857245 0.28460472 0.37215325
0.39403471 0.22230852 0.38251505 0.36293701 0.35068431 0.42279786 0.29708439 0.30857245 0.28460472 0.37215325
0.39403471 0.22230852 0.38251505 0.36293701 0.35068431 0.42279786 0.29708439 0.30857245 0.28460472 0.37215325
0.39403471 0.22230852 0.38251505 0.36293701 0.35068431 0.42279786 0.29708439 0.30857245 0.28460472 0.37215325
0.39403471 0.22230852 0.38251505 0.36293701 0.35068431 0.42279786 0.29708439 0.30857245 0.28460472 0.37215325
0.39403471 0.22230852 0.38251505 0.36293701 0.35068431 0.42279786 0.29708439 0.30857245 0.28460472 0.37215325
0.39403471 0.22230852 0.38251505 0.36293701 0.35068431 0.42279786 0.29708439 0.30857245 0.28460472 0.37215325
0.39403471 0.22230852 0.38251505 0.36293701 0.35068431 0.42279786 0.29708439 0.30857245 0.28460472 0.37215325
0.39403471 0.22230852 0.38251505 0.36293701 0.35068431 0.42279786 0.29708439 0.30857245 0.28460472 0.37215325
0.39403471 0.22230852 0.38251505 0.36293701 0.35068431 0.42279786 0.29708439 0.30857245 0.28460472 0.37215325
0.39403471 0.22230852 0.38251505 0.36293701 0.35068431 0.42279786 0.29708439 0.30857245 0.28460472 0.37215325
0.39213504 0.22489841 0.37513717 0.36578982 0.35188723 0.41570572 0.30345565 0.30700458 0.28600979 0.37808551
0.39809229 0.22605550 0.37027249 0.35828546 0.35306254 0.40668992 0.30521849 0.30811966 0.27727221 0.38142722
0.39809229 0.22605550 0.37027249 0.35828546 0.35306254 0.40668992 0.30521849 0.30811966 0.27727221 0.38142722
0.39809229 0.22605550 0.37027249 0.35828546 0.35306254 0.40668992 0.30521849 0.30811966 0.27727221 0.38142722
0.39809229 0.22605550 0.37027249 0.35828546 0.35306254 0.40668992 0.30521849 0.30811966 0.27727221 0.38142722
0.39809229 0.22605550 0.37027249 0.35828546 0.35306254 0.40668992 0.30521849 0.30811966 0.27727221 0.38142722
0.39537148 0.22844781 0.36888292 0.35133989 0.35016854 0.40629910 0.30951545 0.30385235 0.28032299 0.37453927
0.39537148 0.22844781 0.36888292 0.35133989 0.35016854 0.40629910 0.30951545 0.30385235 0.28032299 0.37453927
0.39537148 0.22844781 0.36888292 0.35133989 0.35016854 0.40629910 0.30951545 0.30385235 0.28032299 0.37453927
0.39537148 0.22844781 0.36888292 0.35133989 0.35016854 0.40629910 0.30951545 0.30385235 0.28032299 0.37453927
0.39537148 0.22844781 0.36888292 0.35133989 0.35016854 0.40629910 0.30951545 0.30385235 0.28032299 0.37453927
0.39537148 0.22844781 0.36888292 0.35133989 0.35016854 0.40629910 0.30951545 0.30385235 0.28032299 0.37453927
0.39537148 0.22844781 0.36888292 0.35133989 0.35016854 0.40629910 0.30951545 0.30385235 0.28032299 0.37453927
0.39537148 0.22844781 0.36888292 0.35133989 0.35016854 0.40629910 0.30951545 0.30385235 0.28032299 0.37453927
0.39537148 0.22844781 0.36888292 0.35133989 0.35016854 0.40629910 0.30951545 0.30385235 0.28032299 0.37453927
0.39537148 0.22844781 0.36888292 0.35133989 0.35016854 0.40629910 0.30951545 0.30385235 0.28032299 0.37453927
0.39537148 0.22844781 0.36888292 0.35133989 0.35016854 0.40629910 0.30951545 0.30385235 0.28032299 0.37453927
0.39537148 0.22844781 0.36888292 0.35133989 0.35016854 0.40629910 0.30951545 0.30385235 0.28032299 0.37453927
0.39537148 0.22844781 0.36888292 0.35133989 0.35016854 0.40629910 0.30951545 0.30385235 0.28032299 0.37453927
0.39537148 0.22844781 0.36888292 0.35133989 0.35016854 0.40629910 0.30951545 0.30385235 0.28032299 0.37453927
0.39537148 0.22844781 0.36888292 0.35133989 0.35016854 0.40629910 0.30951545 0.30385235 0.28032299 0.37453927
0.39537148 0.22844781 0.36888292 0.35133989 0.35016854 0.40629910 0.30951545 0.30385235 0.28032299 0.37453927
0.39537148 0.22844781 0.36888292 0.35133989 0.35016854 0.40629910 0.30951545 0.30385235 0.28032299 0.37453927
0.39537148 0.22844781 0.36888292 0.35133989 0.35016854 0.40629910 0.30951545 0.30385235 0.28032299 0.37453927
0.39537148 0.22844781 0.36888292 0.35133989 0.35016854 0.40629910 0.30951545 0.30385235 0.28032299 0.37453927
0.39537148 0.22844781 0.36888292 0.35133989 0.35016854 0.40629910 0.30951545 0.30385235 0.28032299 0.37453927
0.39537148 0.22844781 0.36888292 0.35133989 0.35016854 0.40629910 0.30951545 0.30385235 0.28032299 0.37453927
0.39441624 0.22488327 0.36226087 0.34393627 0.34914465 0.40552666 0.30158522 0.30243547 0.27805100 0.37482360
0.39441624 0.22488327 0.36226087 0.34393627 0.34914465 0.40552666 0.30158522 0.30243547 0.27805100 0.37482360
0.39441624 0.22488327 0.36226087 0.34393627 0.34914465 0.40552666 0.30158522 0.30243547 0.27805100 0.37482360
0.39441624 0.22488327 0.36226087 0.34393627 0.34914465 0.40552666 0.30158522 0.30243547 0.27805100 0.37482360
0.39441624 0.22488327 0.36226087 0.34393627 0.34914465 0.40552666 0.30158522 0.30243547 0.27805100 0.37482360
0.38869210 0.22635857 0.36542914 0.34236005 0.35310369 0.40351659 0.29413576 0.30205194 0.27430082 0.37205887
0.38869210 0.22635857 0.36542914 0.34236005 0.35310369 0.40351659 0.29413576 0.30205194 0.27430082 0.37205887
0.38869210 0.22635857 0.36542914 0.34236005 0.35310369 0.40351659 0.29413576 0.30205194 0.27430082 0.37205887
0.38869210 0.22635857 0.36542914 0.34236005 0.35310369 0.40351659 0.29413576 0.30205194 0.27430082 0.37205887
0.38869210 0.22635857 0.36542914 0.34236005 0.35310369 0.40351659 0.29413576 0.30205194 0.27430082 0.37205887
0.38869210 0.22635857 0.36542914 0.34236005 0.35310369 0.40351659 0.29413576 0.30205194 0.27430082 0.37205887
0.38869210 0.22635857 0.36542914 0.34236005 0.35310369 0.40351659 0.29413576 0.30205194 0.27430082 0.37205887
0.38869210 0.22635857 0.36542914 0.34236005 0.35310369 0.40351659 0.29413576 0.30205194 0.27430082 0.37205887
0.38869210 0.22635857 0.36542914 0.34236005 0.35310369 0.40351659 0.29413576 0.30205194 0.27430082 0.37205887
0.38869210 0.22635857 0.36542914 0.34236005 0.35310369 0.40351659 0.29413576 0.30205194 0.27430082 0.37205887
0.38869210 0.22635857 0.36542914 0.34236005 0.35310369 0.40351659 0.29413576 0.30205194 0.27430082 0.37205887
0.38869210 0.22635857 0.36542914 0.34236005 0.35310369 0.40351659 0.29413576 0.30205194 0.27430082 0.37205887
0.38869210 0.22635857 0.36542914 0.34236005 0.35310369 0.40351659 0.29413576 0.30205194 0.27430082 0.37205887
0.38869210 0.22635857 0.36542914 0.34236005 0.35310369 0.40351659 0.29413576 0.30205194 0.27430082 0.37205887
0.38869210 0.22635857 0.36542914 0.34236005 0.35310369 0.40351659 0.29413576 0.30205194 0.27430082 0.37205887
0.38869210 0.22635857 0.36542914 0.34236005 0.35310369 0.40351659 0.29413576 0.30205194 0.27430082 0.37205887
0.38869210 0.22635857 0.36542914 0.34236005 0.35310369 0.40351659 0.29413576 0.30205194 0.27430082 0.37205887
0.38869210 0.22635857 0.36542914 0.34236005 0.35310369 0.40351659 0.29413576 0.30205194 0.27430082 0.37205887
0.38869210 0.22635857 0.36542914 0.34236005 0.35310369 0.40351659 0.29413576 0.30205194 0.27430082 0.37205887
0.38869210 0.22635857 0.36542914 0.34236005 0.35310369 0.40351659 0.29413576 0.30205194 0.27430082 0.37205887
0.38869210 0.22635857 0.36542914 0.34236005 0.35310369 0.40351659 0.29413576 0.30205194 0.27430082 0.37205887
0.38869210 0.22635857 0.36542914 0.34236005 0.35310369 0.40351659 0.29413576 0.30205194 0.27430082 0.37205887
0.38869210 0.22635857 0.36542914 0.34236005 0.35310369 0.40351659 0.29413576 0.30205194 0.27430082 0.37205887
0.38869210 0.22635857 0.36542914 0.34236005 0.35310369 0.40351659 0.29413576 0.30205194 0.27430082 0.37205887
0.38869210 0.22635857 0.36542914 0.34236005 0.35310369 0.40351659 0.29413576 0.30205194 0.27430082 0.37205887
0.38869210 0.22635857 0.36542914 0.34236005 0.35310369 0.40351659 0.29413576 0.30205194 0.27430082 0.37205887
0.38869210 0.22635857 0.36542914 0.34236005 0.35310369 0.40351659 0.29413576 0.30205194 0.27430082 0.37205887
0.38869210 0.22635857 0.36542914 0.34236005 0.35310369 0.40351659 0.29413576 0.30205194 0.27430082 0.37205887
0.38869210 0.22635857 0.36542914 0.34236005 0.35310369 0.40351659 0.29413576 0.30205194 0.27430082 0.37205887
0.38916741 0.22613971 0.36662555 0.34098653 0.35390552 0.40468674 0.29089060 0.31057542 0.27247443 0.36466463
0.38916741 0.22613971 0.36662555 0.34098653 0.35390552 0.40468674 0.29089060 0.31057542 0.27247443 0.36466463
0.38916741 0.22613971 0.36662555 0.34098653 0.35390552 0.40468674 0.29089060 0.31057542 0.27247443 0.36466463
0.38916741 0.22613971 0.36662555 0.34098653 0.35390552 0.40468674 0.29089060 0.31057542 0.27247443 0.36466463
0.38916741 0.22613971 0.36662555 0.34098653 0.35390552 0.40468674 0.29089060 0.31057542 0.27247443 0.36466463
0.38916741 0.22613971 0.36662555 0.34098653 0.35390552 0.40468674 0.29089060 0.31057542 0.27247443 0.36466463
0.38916741 0.22613971 0.36662555 0.34098653 0.35390552 0.40468674 0.29089060 0.31057542 0.27247443 0.36466463
0.38916741 0.22613971 0.36662555 0.34098653 0.35390552 0.40468674 0.29089060 0.31057542 0.27247443 0.36466463
0.38916741 0.22613971 0.36662555 0.34098653 0.35390552 0.40468674 0.29089060 0.31057542 0.27247443 0.36466463
0.38916741 0.22613971 0.36662555 0.34098653 0.35390552 0.40468674 0.29089060 0.31057542 0.27247443 0.36466463
0.38916741 0.22613971 0.36662555 0.34098653 0.35390552 0.40468674 0.29089060 0.31057542 0.27247443 0.36466463
0.38916741 0.22613971 0.36662555 0.34098653 0.35390552 0.40468674 0.29089060 0.31057542 0.27247443 0.36466463
0.38916741 0.22613971 0.36662555 0.34098653 0.35390552 0.40468674 0.29089060 0.31057542 0.27247443 0.36466463
0.38134459 0.22599608 0.35747708 0.33752121 0.35343792 0.40732824 0.29386734 0.31271102 0.27140121 0.36438918
0.38357880 0.22860790 0.35188919 0.34409730 0.34777712 0.41340682 0.29878224 0.30818564 0.27438459 0.36341950
0.38261928 0.22930081 0.34304378 0.35213935 0.34371516 0.41192551 0.30836432 0.30721584 0.27737523 0.36438191
0.38261928 0.22930081 0.34304378 0.35213935 0.34371516 0.41192551 0.30836432 0.30721584 0.27737523 0.36438191
0.38261928 0.22930081 0.34304378 0.35213935 0.34371516 0.41192551 0.30836432 0.30721584 0.27737523 0.36438191
0.38261928 0.22930081 0.34304378 0.35213935 0.34371516 0.41192551 0.30836432 0.30721584 0.27737523 0.36438191
0.38261928 0.22930081 0.34304378 0.35213935 0.34371516 0.41192551 0.30836432 0.30721584 0.27737523 0.36438191
0.38261928 0.22930081 0.34304378 0.35213935 0.34371516 0.41192551 0.30836432 0.30721584 0.27737523 0.36438191
0.38261928 0.22930081 0.34304378 0.35213935 0.34371516 0.41192551 0.30836432 0.30721584 0.27737523 0.36438191
0.38261928 0.22930081 0.34304378 0.35213935 0.34371516 0.41192551 0.30836432 0.30721584 0.27737523 0.36438191
0.38261928 0.22930081 0.34304378 0.35213935 0.34371516 0.41192551 0.30836432 0.30721584 0.27737523 0.36438191
0.38261928 0.22930081 0.34304378 0.35213935 0.34371516 0.41192551 0.30836432 0.30721584 0.27737523 0.36438191
0.38261928 0.22930081 0.34304378 0.35213935 0.34371516 0.41192551 0.30836432 0.30721584 0.27737523 0.36438191
0.38261928 0.22930081 0.34304378 0.35213935 0.34371516 0.41192551 0.30836432 0.30721584 0.27737523 0.36438191
0.38261928 0.22930081 0.34304378 0.35213935 0.34371516 0.41192551 0.30836432 0.30721584 0.27737523 0.36438191
0.38261928 0.22930081 0.34304378 0.35213935 0.34371516 0.41192551 0.30836432 0.30721584 0.27737523 0.36438191
0.38261928 0.22930081 0.34304378 0.35213935 0.34371516 0.41192551 0.30836432 0.30721584 0.27737523 0.36438191
0.38261928 0.22930081 0.34304378 0.35213935 0.34371516 0.41192551 0.30836432 0.30721584 0.27737523 0.36438191
0.38261928 0.22930081 0.34304378 0.35213935 0.34371516 0.41192551 0.30836432 0.30721584 0.27737523 0.36438191
0.38261928 0.22930081 0.34304378 0.35213935 0.34371516 0.41192551 0.30836432 0.30721584 0.27737523 0.36438191
0.38261928 0.22930081 0.34304378 0.35213935 0.34371516 0.41192551 0.30836432 0.30721584 0.27737523 0.36438191
0.38261928 0.22930081 0.34304378 0.35213935 0.34371516 0.41192551 0.30836432 0.30721584 0.27737523 0.36438191
0.38261928 0.22930081 0.34304378 0.35213935 0.34371516 0.41192551 0.30836432 0.30721584 0.27737523 0.36438191
0.38261928 0.22930081 0.34304378 0.35213935 0.34371516 0.41192551 0.30836432 0.30721584 0.27737523 0.36438191
0.38261928 0.22930081 0.34304378 0.35213935 0.34371516 0.41192551 0.30836432 0.30721584 0.27737523 0.36438191
0.38261928 0.22930081 0.34304378 0.35213935 0.34371516 0.41192551 0.30836432 0.30721584 0.27737523 0.36438191
0.38261928 0.22930081 0.34304378 0.35213935 0.34371516 0.41192551 0.30836432 0.30721584 0.27737523 0.36438191
0.38261928 0.22930081 0.34304378 0.35213935 0.34371516 0.41192551 0.30836432 0.30721584 0.27737523 0.36438191
0.38261928 0.22930081 0.34304378 0.35213935 0.34371516 0.41192551 0.30836432 0.30721584 0.27737523 0.36438191
0.38261928 0.22930081 0.34304378 0.35213935 0.34371516 0.41192551 0.30836432 0.30721584 0.27737523 0.36438191
0.38261928 0.22930081 0.34304378 0.35213935 0.34371516 0.41192551 0.30836432 0.30721584 0.27737523 0.36438191
0.38261928 0.22930081 0.34304378 0.35213935 0.34371516 0.41192551 0.30836432 0.30721584 0.27737523 0.36438191
0.38261928 0.22930081 0.34304378 0.35213935 0.34371516 0.41192551 0.30836432 0.30721584 0.27737523 0.36438191
0.38261928 0.22930081 0.34304378 0.35213935 0.34371516 0.41192551 0.30836432 0.30721584 0.27737523 0.36438191
0.38261928 0.22930081 0.34304378 0.35213935 0.34371516 0.41192551 0.30836432 0.30721584 0.27737523 0.36438191
0.38261928 0.22930081 0.34304378 0.35213935 0.34371516 0.41192551 0.30836432 0.30721584 0.27737523 0.36438191
0.37787713 0.23447554 0.34566303 0.35225517 0.33157701 0.40095183 0.31307574 0.30107080 0.27257683 0.35736715
0.37787713 0.23447554 0.34566303 0.35225517 0.33157701 0.40095183 0.31307574 0.30107080 0.27257683 0.35736715
0.37787713 0.23447554 0.34566303 0.35225517 0.33157701 0.40095183 0.31307574 0.30107080 0.27257683 0.35736715
0.37787713 0.23447554 0.34566303 0.35225517 0.33157701 0.40095183 0.31307574 0.30107080 0.27257683 0.35736715
0.37787713 0.23447554 0.34566303 0.35225517 0.33157701 0.40095183 0.31307574 0.30107080 0.27257683 0.35736715
0.37787713 0.23447554 0.34566303 0.35225517 0.33157701 0.40095183 0.31307574 0.30107080 0.27257683 0.35736715
0.37787713 0.23447554 0.34566303 0.35225517 0.33157701 0.40095183 0.31307574 0.30107080 0.27257683 0.35736715
0.37787713 0.23447554 0.34566303 0.35225517 0.33157701 0.40095183 0.31307574 0.30107080 0.27257683 0.35736715
0.37787713 0.23447554 0.34566303 0.35225517 0.33157701 0.40095183 0.31307574 0.30107080 0.27257683 0.35736715
0.37787713 0.23447554 0.34566303 0.35225517 0.33157701 0.40095183 0.31307574 0.30107080 0.27257683 0.35736715
0.37787713 0.23447554 0.34566303 0.35225517 0.33157701 0.40095183 0.31307574 0.30107080 0.27257683 0.35736715
0.37787713 0.23447554 0.34566303 0.35225517 0.33157701 0.40095183 0.31307574 0.30107080 0.27257683 0.35736715
0.37787713 0.23447554 0.34566303 0.35225517 0.33157701 0.40095183 0.31307574 0.30107080 0.27257683 0.35736715
