0.00000000 0.00000000 0.00000000 0.00000000 0.00000000 0.00000000 0.00000000 0.00000000 0.00000000 0.00000000
0.00000000 0.00000000 0.00000000 0.00000000 0.00000000 0.00000000 0.00000000 0.00000000 0.00000000 0.00000000
0.00000000 0.00000000 0.00000000 0.00000000 0.00000000 0.00000000 0.00000000 0.00000000 0.00000000 0.00000000
0.00000000 0.00000000 0.00000000 0.00000000 0.00000000 0.00000000 0.00000000 0.00000000 0.00000000 0.00000000
0.00000000 0.00000000 0.00000000 0.00000000 0.00000000 0.00000000 0.00000000 0.00000000 0.00000000 0.00000000
0.00000000 0.00000000 0.00000000 0.00000000 0.00000000 0.00000000 0.00000000 0.00000000 0.00000000 0.00000000
0.42540265 0.36498053 0.25223294 0.33446838 0.31647292 0.25005247 0.31366805 0.34438643 0.25758105 0.36341381
0.42540265 0.36498053 0.25223294 0.33446838 0.31647292 0.25005247 0.31366805 0.34438643 0.25758105 0.36341381
0.42540265 0.36498053 0.25223294 0.33446838 0.31647292 0.25005247 0.31366805 0.34438643 0.25758105 0.36341381
0.42540265 0.36498053 0.25223294 0.33446838 0.31647292 0.25005247 0.31366805 0.34438643 0.25758105 0.36341381
0.42540265 0.36498053 0.25223294 0.33446838 0.31647292 0.25005247 0.31366805 0.34438643 0.25758105 0.36341381
0.42540265 0.36498053 0.25223294 0.33446838 0.31647292 0.25005247 0.31366805 0.34438643 0.25758105 0.36341381
0.42540265 0.36498053 0.25223294 0.33446838 0.31647292 0.25005247 0.31366805 0.34438643 0.25758105 0.36341381
0.42540265 0.36498053 0.25223294 0.33446838 0.31647292 0.25005247 0.31366805 0.34438643 0.25758105 0.36341381
0.42540265 0.36498053 0.25223294 0.33446838 0.31647292 0.25005247 0.31366805 0.34438643 0.25758105 0.36341381
0.42540265 0.36498053 0.25223294 0.33446838 0.31647292 0.25005247 0.31366805 0.34438643 0.25758105 0.36341381
0.41726316 0.36413529 0.25362064 0.33403850 0.32553632 0.25019604 0.30972158 0.35169259 0.25771062 0.36027484
0.41726316 0.36413529 0.25362064 0.33403850 0.32553632 0.25019604 0.30972158 0.35169259 0.25771062 0.36027484
0.41726316 0.36413529 0.25362064 0.33403850 0.32553632 0.25019604 0.30972158 0.35169259 0.25771062 0.36027484
0.41726316 0.36413529 0.25362064 0.33403850 0.32553632 0.25019604 0.30972158 0.35169259 0.25771062 0.36027484
0.41726316 0.36413529 0.25362064 0.33403850 0.32553632 0.25019604 0.30972158 0.35169259 0.25771062 0.36027484
0.41726316 0.36413529 0.25362064 0.33403850 0.32553632 0.25019604 0.30972158 0.35169259 0.25771062 0.36027484
0.41726316 0.36413529 0.25362064 0.33403850 0.32553632 0.25019604 0.30972158 0.35169259 0.25771062 0.36027484
0.41726316 0.36413529 0.25362064 0.33403850 0.32553632 0.25019604 0.30972158 0.35169259 0.25771062 0.36027484
0.41726316 0.36413529 0.25362064 0.33403850 0.32553632 0.25019604 0.30972158 0.35169259 0.25771062 0.36027484
0.41726316 0.36413529 0.25362064 0.33403850 0.32553632 0.25019604 0.30972158 0.35169259 0.25771062 0.36027484
0.41726316 0.36413529 0.25362064 0.33403850 0.32553632 0.25019604 0.30972158 0.35169259 0.25771062 0.36027484
0.41726316 0.36413529 0.25362064 0.33403850 0.32553632 0.25019604 0.30972158 0.35169259 0.25771062 0.36027484
0.41726316 0.36413529 0.25362064 0.33403850 0.32553632 0.25019604 0.30972158 0.35169259 0.25771062 0.36027484
0.41726316 0.36413529 0.25362064 0.33403850 0.32553632 0.25019604 0.30972158 0.35169259 0.25771062 0.36027484
0.41726316 0.36413529 0.25362064 0.33403850 0.32553632 0.25019604 0.30972158 0.35169259 0.25771062 0.36027484
0.41726316 0.36413529 0.25362064 0.33403850 0.32553632 0.25019604 0.30972158 0.35169259 0.25771062 0.36027484
0.41726316 0.36413529 0.25362064 0.33403850 0.32553632 0.25019604 0.30972158 0.35169259 0.25771062 0.36027484
0.41726316 0.36413529 0.25362064 0.33403850 0.32553632 0.25019604 0.30972158 0.35169259 0.25771062 0.36027484
0.41726316 0.36413529 0.25362064 0.33403850 0.32553632 0.25019604 0.30972158 0.35169259 0.25771062 0.36027484
0.41726316 0.36413529 0.25362064 0.33403850 0.32553632 0.25019604 0.30972158 0.35169259 0.25771062 0.36027484
0.41726316 0.36413529 0.25362064 0.33403850 0.32553632 0.25019604 0.30972158 0.35169259 0.25771062 0.36027484
0.41726316 0.36413529 0.25362064 0.33403850 0.32553632 0.25019604 0.30972158 0.35169259 0.25771062 0.36027484
0.41726316 0.36413529 0.25362064 0.33403850 0.32553632 0.25019604 0.30972158 0.35169259 0.25771062 0.36027484
0.41726316 0.36413529 0.25362064 0.33403850 0.32553632 0.25019604 0.30972158 0.35169259 0.25771062 0.36027484
0.41726316 0.36413529 0.25362064 0.33403850 0.32553632 0.25019604 0.30972158 0.35169259 0.25771062 0.36027484
0.41726316 0.36413529 0.25362064 0.33403850 0.32553632 0.25019604 0.30972158 0.35169259 0.25771062 0.36027484
0.41726316 0.36413529 0.25362064 0.33403850 0.32553632 0.25019604 0.30972158 0.35169259 0.25771062 0.36027484
0.41376990 0.36150493 0.25635417 0.34021387 0.32367104 0.24753736 0.31347289 0.35223722 0.25680341 0.35899677
0.41376990 0.36150493 0.25635417 0.34021387 0.32367104 0.24753736 0.31347289 0.35223722 0.25680341 0.35899677
0.41376990 0.36150493 0.25635417 0.34021387 0.32367104 0.24753736 0.31347289 0.35223722 0.25680341 0.35899677
0.41376990 0.36150493 0.25635417 0.34021387 0.32367104 0.24753736 0.31347289 0.35223722 0.25680341 0.35899677
0.41376990 0.36150493 0.25635417 0.34021387 0.32367104 0.24753736 0.31347289 0.35223722 0.25680341 0.35899677
0.41376990 0.36150493 0.25635417 0.34021387 0.32367104 0.24753736 0.31347289 0.35223722 0.25680341 0.35899677
0.41376990 0.36150493 0.25635417 0.34021387 0.32367104 0.24753736 0.31347289 0.35223722 0.25680341 0.35899677
0.41376990 0.36150493 0.25635417 0.34021387 0.32367104 0.24753736 0.31347289 0.35223722 0.25680341 0.35899677
0.41376990 0.36150493 0.25635417 0.34021387 0.32367104 0.24753736 0.31347289 0.35223722 0.25680341 0.35899677
0.41376990 0.36150493 0.25635417 0.34021387 0.32367104 0.24753736 0.31347289 0.35223722 0.25680341 0.35899677
0.41376990 0.36150493 0.25635417 0.34021387 0.32367104 0.24753736 0.31347289 0.35223722 0.25680341 0.35899677
0.41376990 0.36150493 0.25635417 0.34021387 0.32367104 0.24753736 0.31347289 0.35223722 0.25680341 0.35899677
0.41376990 0.36150493 0.25635417 0.34021387 0.32367104 0.24753736 0.31347289 0.35223722 0.25680341 0.35899677
0.41376990 0.36150493 0.25635417 0.34021387 0.32367104 0.24753736 0.31347289 0.35223722 0.25680341 0.35899677
0.41376990 0.36150493 0.25635417 0.34021387 0.32367104 0.24753736 0.31347289 0.35223722 0.25680341 0.35899677
0.41376990 0.36150493 0.25635417 0.34021387 0.32367104 0.24753736 0.31347289 0.35223722 0.25680341 0.35899677
0.41376990 0.36150493 0.25635417 0.34021387 0.32367104 0.24753736 0.31347289 0.35223722 0.25680341 0.35899677
0.41414096 0.35502228 0.25651653 0.34555627 0.32458148 0.24707024 0.31509621 0.35745226 0.26273002 0.35479365
0.41414096 0.35502228 0.25651653 0.34555627 0.32458148 0.24707024 0.31509621 0.35745226 0.26273002 0.35479365
0.41414096 0.35502228 0.25651653 0.34555627 0.32458148 0.24707024 0.31509621 0.35745226 0.26273002 0.35479365
0.41414096 0.35502228 0.25651653 0.34555627 0.32458148 0.24707024 0.31509621 0.35745226 0.26273002 0.35479365
0.41414096 0.35502228 0.25651653 0.34555627 0.32458148 0.24707024 0.31509621 0.35745226 0.26273002 0.35479365
0.41414096 0.35502228 0.25651653 0.34555627 0.32458148 0.24707024 0.31509621 0.35745226 0.26273002 0.35479365
0.41414096 0.35502228 0.25651653 0.34555627 0.32458148 0.24707024 0.31509621 0.35745226 0.26273002 0.35479365
0.41414096 0.35502228 0.25651653 0.34555627 0.32458148 0.24707024 0.31509621 0.35745226 0.26273002 0.35479365
0.41414096 0.35502228 0.25651653 0.34555627 0.32458148 0.24707024 0.31509621 0.35745226 0.26273002 0.35479365
0.41414096 0.35502228 0.25651653 0.34555627 0.32458148 0.24707024 0.31509621 0.35745226 0.26273002 0.35479365
0.41414096 0.35502228 0.25651653 0.34555627 0.32458148 0.24707024 0.31509621 0.35745226 0.26273002 0.35479365
0.41414096 0.35502228 0.25651653 0.34555627 0.32458148 0.24707024 0.31509621 0.35745226 0.26273002 0.35479365
0.41414096 0.35502228 0.25651653 0.34555627 0.32458148 0.24707024 0.31509621 0.35745226 0.26273002 0.35479365
0.41470079 0.34899404 0.25808640 0.33695132 0.32257430 0.25545220 0.31482350 0.35652782 0.26160146 0.35603075
0.41470079 0.34899404 0.25808640 0.33695132 0.32257430 0.25545220 0.31482350 0.35652782 0.26160146 0.35603075
0.41470079 0.34899404 0.25808640 0.33695132 0.32257430 0.25545220 0.31482350 0.35652782 0.26160146 0.35603075
0.41470079 0.34899404 0.25808640 0.33695132 0.32257430 0.25545220 0.31482350 0.35652782 0.26160146 0.35603075
0.41470079 0.34899404 0.25808640 0.33695132 0.32257430 0.25545220 0.31482350 0.35652782 0.26160146 0.35603075
0.41470079 0.34899404 0.25808640 0.33695132 0.32257430 0.25545220 0.31482350 0.35652782 0.26160146 0.35603075
0.41470079 0.34899404 0.25808640 0.33695132 0.32257430 0.25545220 0.31482350 0.35652782 0.26160146 0.35603075
0.41470079 0.34899404 0.25808640 0.33695132 0.32257430 0.25545220 0.31482350 0.35652782 0.26160146 0.35603075
0.41470079 0.34899404 0.25808640 0.33695132 0.32257430 0.25545220 0.31482350 0.35652782 0.26160146 0.35603075
0.41351174 0.33373244 0.26326335 0.34059809 0.32500711 0.25196552 0.31548631 0.36322892 0.25623118 0.35826166
0.41351174 0.33373244 0.26326335 0.34059809 0.32500711 0.25196552 0.31548631 0.36322892 0.25623118 0.35826166
0.41351174 0.33373244 0.26326335 0.34059809 0.32500711 0.25196552 0.31548631 0.36322892 0.25623118 0.35826166
0.41351174 0.33373244 0.26326335 0.34059809 0.32500711 0.25196552 0.31548631 0.36322892 0.25623118 0.35826166
0.41351174 0.33373244 0.26326335 0.34059809 0.32500711 0.25196552 0.31548631 0.36322892 0.25623118 0.35826166
0.41351174 0.33373244 0.26326335 0.34059809 0.32500711 0.25196552 0.31548631 0.36322892 0.25623118 0.35826166
0.41351174 0.33373244 0.26326335 0.34059809 0.32500711 0.25196552 0.31548631 0.36322892 0.25623118 0.35826166
0.41351174 0.33373244 0.26326335 0.34059809 0.32500711 0.25196552 0.31548631 0.36322892 0.25623118 0.35826166
0.41633193 0.32104109 0.26185210 0.33577920 0.32246423 0.25950916 0.31970879 0.35688594 0.25641298 0.35833273
0.41633193 0.32104109 0.26185210 0.33577920 0.32246423 0.25950916 0.31970879 0.35688594 0.25641298 0.35833273
0.41633193 0.32104109 0.26185210 0.33577920 0.32246423 0.25950916 0.31970879 0.35688594 0.25641298 0.35833273
0.41633193 0.32104109 0.26185210 0.33577920 0.32246423 0.25950916 0.31970879 0.35688594 0.25641298 0.35833273
0.41633193 0.32104109 0.26185210 0.33577920 0.32246423 0.25950916 0.31970879 0.35688594 0.25641298 0.35833273
0.41633193 0.32104109 0.26185210 0.33577920 0.32246423 0.25950916 0.31970879 0.35688594 0.25641298 0.35833273
0.41633193 0.32104109 0.26185210 0.33577920 0.32246423 0.25950916 0.31970879 0.35688594 0.25641298 0.35833273
0.41633193 0.32104109 0.26185210 0.33577920 0.32246423 0.25950916 0.31970879 0.35688594 0.25641298 0.35833273
0.41510098 0.31536787 0.26055668 0.33543634 0.31610217 0.25559292 0.31579107 0.35167911 0.25509950 0.36329674
0.41510098 0.31536787 0.26055668 0.33543634 0.31610217 0.25559292 0.31579107 0.35167911 0.25509950 0.36329674
0.41510098 0.31536787 0.26055668 0.33543634 0.31610217 0.25559292 0.31579107 0.35167911 0.25509950 0.36329674
0.41510098 0.31536787 0.26055668 0.33543634 0.31610217 0.25559292 0.31579107 0.35167911 0.25509950 0.36329674
0.41510098 0.31536787 0.26055668 0.33543634 0.31610217 0.25559292 0.31579107 0.35167911 0.25509950 0.36329674
0.41510098 0.31536787 0.26055668 0.33543634 0.31610217 0.25559292 0.31579107 0.35167911 0.25509950 0.36329674
0.41510098 0.31536787 0.26055668 0.33543634 0.31610217 0.25559292 0.31579107 0.35167911 0.25509950 0.36329674
0.41510098 0.31536787 0.26055668 0.33543634 0.31610217 0.25559292 0.31579107 0.35167911 0.25509950 0.36329674
0.41510098 0.31536787 0.26055668 0.33543634 0.31610217 0.25559292 0.31579107 0.35167911 0.25509950 0.36329674
0.41510098 0.31536787 0.26055668 0.33543634 0.31610217 0.25559292 0.31579107 0.35167911 0.25509950 0.36329674
0.41510098 0.31536787 0.26055668 0.33543634 0.31610217 0.25559292 0.31579107 0.35167911 0.25509950 0.36329674
0.41510098 0.31536787 0.26055668 0.33543634 0.31610217 0.25559292 0.31579107 0.35167911 0.25509950 0.36329674
0.41510098 0.31536787 0.26055668 0.33543634 0.31610217 0.25559292 0.31579107 0.35167911 0.25509950 0.36329674
0.41510098 0.31536787 0.26055668 0.33543634 0.31610217 0.25559292 0.31579107 0.35167911 0.25509950 0.36329674
0.41510098 0.31536787 0.26055668 0.33543634 0.31610217 0.25559292 0.31579107 0.35167911 0.25509950 0.36329674
0.41306128 0.30987088 0.26494349 0.33201881 0.31354887 0.25527410 0.31816125 0.35394482 0.25510423 0.37757321
0.41306128 0.30987088 0.26494349 0.33201881 0.31354887 0.25527410 0.31816125 0.35394482 0.25510423 0.37757321
0.41306128 0.30987088 0.26494349 0.33201881 0.31354887 0.25527410 0.31816125 0.35394482 0.25510423 0.37757321
0.41306128 0.30987088 0.26494349 0.33201881 0.31354887 0.25527410 0.31816125 0.35394482 0.25510423 0.37757321
0.41306128 0.30987088 0.26494349 0.33201881 0.31354887 0.25527410 0.31816125 0.35394482 0.25510423 0.37757321
0.41306128 0.30987088 0.26494349 0.33201881 0.31354887 0.25527410 0.31816125 0.35394482 0.25510423 0.37757321
0.41306128 0.30987088 0.26494349 0.33201881 0.31354887 0.25527410 0.31816125 0.35394482 0.25510423 0.37757321
0.41519733 0.31142231 0.26879281 0.32845832 0.32399757 0.25726429 0.32127669 0.37041922 0.25285820 0.36817538
0.41519733 0.31142231 0.26879281 0.32845832 0.32399757 0.25726429 0.32127669 0.37041922 0.25285820 0.36817538
0.41519733 0.31142231 0.26879281 0.32845832 0.32399757 0.25726429 0.32127669 0.37041922 0.25285820 0.36817538
0.41519733 0.31142231 0.26879281 0.32845832 0.32399757 0.25726429 0.32127669 0.37041922 0.25285820 0.36817538
0.41519733 0.31142231 0.26879281 0.32845832 0.32399757 0.25726429 0.32127669 0.37041922 0.25285820 0.36817538
0.41519733 0.31142231 0.26879281 0.32845832 0.32399757 0.25726429 0.32127669 0.37041922 0.25285820 0.36817538
0.41519733 0.31142231 0.26879281 0.32845832 0.32399757 0.25726429 0.32127669 0.37041922 0.25285820 0.36817538
0.41634093 0.31428131 0.26632347 0.32952761 0.32851399 0.25213472 0.32515221 0.37186659 0.24994715 0.37371301
0.42186921 0.31503615 0.26741450 0.32831019 0.33014187 0.24552411 0.32900392 0.37061229 0.24405366 0.37215515
0.42186921 0.31503615 0.26741450 0.32831019 0.33014187 0.24552411 0.32900392 0.37061229 0.24405366 0.37215515
0.42186921 0.31503615 0.26741450 0.32831019 0.33014187 0.24552411 0.32900392 0.37061229 0.24405366 0.37215515
0.42186921 0.31503615 0.26741450 0.32831019 0.33014187 0.24552411 0.32900392 0.37061229 0.24405366 0.37215515
0.42186921 0.31503615 0.26741450 0.32831019 0.33014187 0.24552411 0.32900392 0.37061229 0.24405366 0.37215515
0.42186921 0.31503615 0.26741450 0.32831019 0.33014187 0.24552411 0.32900392 0.37061229 0.24405366 0.37215515
0.42186921 0.31503615 0.26741450 0.32831019 0.33014187 0.24552411 0.32900392 0.37061229 0.24405366 0.37215515
0.42186921 0.31503615 0.26741450 0.32831019 0.33014187 0.24552411 0.32900392 0.37061229 0.24405366 0.37215515
0.42186921 0.31503615 0.26741450 0.32831019 0.33014187 0.24552411 0.32900392 0.37061229 0.24405366 0.37215515
0.42186921 0.31503615 0.26741450 0.32831019 0.33014187 0.24552411 0.32900392 0.37061229 0.24405366 0.37215515
0.42186921 0.31503615 0.26741450 0.32831019 0.33014187 0.24552411 0.32900392 0.37061229 0.24405366 0.37215515
0.42186921 0.31503615 0.26741450 0.32831019 0.33014187 0.24552411 0.32900392 0.37061229 0.24405366 0.37215515
0.42186921 0.31503615 0.26741450 0.32831019 0.33014187 0.24552411 0.32900392 0.37061229 0.24405366 0.37215515
0.42186921 0.31503615 0.26741450 0.32831019 0.33014187 0.24552411 0.32900392 0.37061229 0.24405366 0.37215515
0.42186921 0.31503615 0.26741450 0.32831019 0.33014187 0.24552411 0.32900392 0.37061229 0.24405366 0.37215515
0.42186921 0.31503615 0.26741450 0.32831019 0.33014187 0.24552411 0.32900392 0.37061229 0.24405366 0.37215515
0.42186921 0.31503615 0.26741450 0.32831019 0.33014187 0.24552411 0.32900392 0.37061229 0.24405366 0.37215515
0.42186921 0.31503615 0.26741450 0.32831019 0.33014187 0.24552411 0.32900392 0.37061229 0.24405366 0.37215515
0.42186921 0.31503615 0.26741450 0.32831019 0.33014187 0.24552411 0.32900392 0.37061229 0.24405366 0.37215515
0.42186921 0.31503615 0.26741450 0.32831019 0.33014187 0.24552411 0.32900392 0.37061229 0.24405366 0.37215515
0.42186921 0.31503615 0.26741450 0.32831019 0.33014187 0.24552411 0.32900392 0.37061229 0.24405366 0.37215515
0.42186921 0.31503615 0.26741450 0.32831019 0.33014187 0.24552411 0.32900392 0.37061229 0.24405366 0.37215515
0.42186921 0.31503615 0.26741450 0.32831019 0.33014187 0.24552411 0.32900392 0.37061229 0.24405366 0.37215515
0.42186921 0.31503615 0.26741450 0.32831019 0.33014187 0.24552411 0.32900392 0.37061229 0.24405366 0.37215515
0.42186921 0.31503615 0.26741450 0.32831019 0.33014187 0.24552411 0.32900392 0.37061229 0.24405366 0.37215515
0.42186921 0.31503615 0.26741450 0.32831019 0.33014187 0.24552411 0.32900392 0.37061229 0.24405366 0.37215515
0.42327311 0.30504567 0.26462021 0.31987423 0.32487596 0.24536625 0.32465579 0.37336866 0.24250615 0.37191281
0.42327311 0.30504567 0.26462021 0.31987423 0.32487596 0.24536625 0.32465579 0.37336866 0.24250615 0.37191281
0.42327311 0.30504567 0.26462021 0.31987423 0.32487596 0.24536625 0.32465579 0.37336866 0.24250615 0.37191281
0.42327311 0.30504567 0.26462021 0.31987423 0.32487596 0.24536625 0.32465579 0.37336866 0.24250615 0.37191281
0.42327311 0.30504567 0.26462021 0.31987423 0.32487596 0.24536625 0.32465579 0.37336866 0.24250615 0.37191281
0.42026329 0.30663868 0.26382352 0.32498864 0.32636513 0.24547103 0.31864712 0.37146448 0.24213717 0.37244022
0.42026329 0.30663868 0.26382352 0.32498864 0.32636513 0.24547103 0.31864712 0.37146448 0.24213717 0.37244022
0.42026329 0.30663868 0.26382352 0.32498864 0.32636513 0.24547103 0.31864712 0.37146448 0.24213717 0.37244022
0.42026329 0.30663868 0.26382352 0.32498864 0.32636513 0.24547103 0.31864712 0.37146448 0.24213717 0.37244022
0.42026329 0.30663868 0.26382352 0.32498864 0.32636513 0.24547103 0.31864712 0.37146448 0.24213717 0.37244022
0.42026329 0.30663868 0.26382352 0.32498864 0.32636513 0.24547103 0.31864712 0.37146448 0.24213717 0.37244022
0.42026329 0.30663868 0.26382352 0.32498864 0.32636513 0.24547103 0.31864712 0.37146448 0.24213717 0.37244022
0.42026329 0.30663868 0.26382352 0.32498864 0.32636513 0.24547103 0.31864712 0.37146448 0.24213717 0.37244022
0.42026329 0.30663868 0.26382352 0.32498864 0.32636513 0.24547103 0.31864712 0.37146448 0.24213717 0.37244022
0.42026329 0.30663868 0.26382352 0.32498864 0.32636513 0.24547103 0.31864712 0.37146448 0.24213717 0.37244022
0.42026329 0.30663868 0.26382352 0.32498864 0.32636513 0.24547103 0.31864712 0.37146448 0.24213717 0.37244022
0.42026329 0.30663868 0.26382352 0.32498864 0.32636513 0.24547103 0.31864712 0.37146448 0.24213717 0.37244022
0.42026329 0.30663868 0.26382352 0.32498864 0.32636513 0.24547103 0.31864712 0.37146448 0.24213717 0.37244022
0.42026329 0.30663868 0.26382352 0.32498864 0.32636513 0.24547103 0.31864712 0.37146448 0.24213717 0.37244022
0.42026329 0.30663868 0.26382352 0.32498864 0.32636513 0.24547103 0.31864712 0.37146448 0.24213717 0.37244022
0.42026329 0.30663868 0.26382352 0.32498864 0.32636513 0.24547103 0.31864712 0.37146448 0.24213717 0.37244022
0.42026329 0.30663868 0.26382352 0.32498864 0.32636513 0.24547103 0.31864712 0.37146448 0.24213717 0.37244022
0.42026329 0.30663868 0.26382352 0.32498864 0.32636513 0.24547103 0.31864712 0.37146448 0.24213717 0.37244022
0.42026329 0.30663868 0.26382352 0.32498864 0.32636513 0.24547103 0.31864712 0.37146448 0.24213717 0.37244022
0.42026329 0.30663868 0.26382352 0.32498864 0.32636513 0.24547103 0.31864712 0.37146448 0.24213717 0.37244022
0.42026329 0.30663868 0.26382352 0.32498864 0.32636513 0.24547103 0.31864712 0.37146448 0.24213717 0.37244022
0.42026329 0.30663868 0.26382352 0.32498864 0.32636513 0.24547103 0.31864712 0.37146448 0.24213717 0.37244022
0.42026329 0.30663868 0.26382352 0.32498864 0.32636513 0.24547103 0.31864712 0.37146448 0.24213717 0.37244022
0.42026329 0.30663868 0.26382352 0.32498864 0.32636513 0.24547103 0.31864712 0.37146448 0.24213717 0.37244022
0.42026329 0.30663868 0.26382352 0.32498864 0.32636513 0.24547103 0.31864712 0.37146448 0.24213717 0.37244022
0.42026329 0.30663868 0.26382352 0.32498864 0.32636513 0.24547103 0.31864712 0.37146448 0.24213717 0.37244022
0.42026329 0.30663868 0.26382352 0.32498864 0.32636513 0.24547103 0.31864712 0.37146448 0.24213717 0.37244022
0.42026329 0.30663868 0.26382352 0.32498864 0.32636513 0.24547103 0.31864712 0.37146448 0.24213717 0.37244022
0.42026329 0.30663868 0.26382352 0.32498864 0.32636513 0.24547103 0.31864712 0.37146448 0.24213717 0.37244022
0.42335933 0.30759325 0.26472703 0.32493785 0.32130400 0.24794318 0.31742361 0.37913070 0.24227239 0.36715698
0.42335933 0.30759325 0.26472703 0.32493785 0.32130400 0.24794318 0.31742361 0.37913070 0.24227239 0.36715698
0.42335933 0.30759325 0.26472703 0.32493785 0.32130400 0.24794318 0.31742361 0.37913070 0.24227239 0.36715698
0.42335933 0.30759325 0.26472703 0.32493785 0.32130400 0.24794318 0.31742361 0.37913070 0.24227239 0.36715698
0.42335933 0.30759325 0.26472703 0.32493785 0.32130400 0.24794318 0.31742361 0.37913070 0.24227239 0.36715698
0.42335933 0.30759325 0.26472703 0.32493785 0.32130400 0.24794318 0.31742361 0.37913070 0.24227239 0.36715698
0.42335933 0.30759325 0.26472703 0.32493785 0.32130400 0.24794318 0.31742361 0.37913070 0.24227239 0.36715698
0.42657024 0.31129134 0.26194756 0.33639515 0.31982153 0.25156776 0.31976548 0.37784243 0.24608323 0.35837132
0.42657024 0.31129134 0.26194756 0.33639515 0.31982153 0.25156776 0.31976548 0.37784243 0.24608323 0.35837132
0.42657024 0.31129134 0.26194756 0.33639515 0.31982153 0.25156776 0.31976548 0.37784243 0.24608323 0.35837132
0.42657024 0.31129134 0.26194756 0.33639515 0.31982153 0.25156776 0.31976548 0.37784243 0.24608323 0.35837132
0.42657024 0.31129134 0.26194756 0.33639515 0.31982153 0.25156776 0.31976548 0.37784243 0.24608323 0.35837132
0.42657024 0.31129134 0.26194756 0.33639515 0.31982153 0.25156776 0.31976548 0.37784243 0.24608323 0.35837132
0.42018896 0.31106926 0.25774393 0.33266380 0.32207189 0.25421348 0.32346239 0.38115384 0.25112953 0.35956867
0.42433828 0.31712285 0.25629898 0.33949457 0.31934052 0.26192424 0.32921866 0.38047727 0.25400216 0.36216907
0.42776307 0.32119608 0.24810512 0.34837900 0.31623416 0.26224388 0.34052571 0.37983823 0.25646439 0.35821932
0.42776307 0.32119608 0.24810512 0.34837900 0.31623416 0.26224388 0.34052571 0.37983823 0.25646439 0.35821932
0.42776307 0.32119608 0.24810512 0.34837900 0.31623416 0.26224388 0.34052571 0.37983823 0.25646439 0.35821932
0.42776307 0.32119608 0.24810512 0.34837900 0.31623416 0.26224388 0.34052571 0.37983823 0.25646439 0.35821932
0.42776307 0.32119608 0.24810512 0.34837900 0.31623416 0.26224388 0.34052571 0.37983823 0.25646439 0.35821932
0.42776307 0.32119608 0.24810512 0.34837900 0.31623416 0.26224388 0.34052571 0.37983823 0.25646439 0.35821932
0.42776307 0.32119608 0.24810512 0.34837900 0.31623416 0.26224388 0.34052571 0.37983823 0.25646439 0.35821932
0.42776307 0.32119608 0.24810512 0.34837900 0.31623416 0.26224388 0.34052571 0.37983823 0.25646439 0.35821932
0.42776307 0.32119608 0.24810512 0.34837900 0.31623416 0.26224388 0.34052571 0.37983823 0.25646439 0.35821932
0.42776307 0.32119608 0.24810512 0.34837900 0.31623416 0.26224388 0.34052571 0.37983823 0.25646439 0.35821932
0.42776307 0.32119608 0.24810512 0.34837900 0.31623416 0.26224388 0.34052571 0.37983823 0.25646439 0.35821932
0.42776307 0.32119608 0.24810512 0.34837900 0.31623416 0.26224388 0.34052571 0.37983823 0.25646439 0.35821932
0.42776307 0.32119608 0.24810512 0.34837900 0.31623416 0.26224388 0.34052571 0.37983823 0.25646439 0.35821932
0.42776307 0.32119608 0.24810512 0.34837900 0.31623416 0.26224388 0.34052571 0.37983823 0.25646439 0.35821932
0.42776307 0.32119608 0.24810512 0.34837900 0.31623416 0.26224388 0.34052571 0.37983823 0.25646439 0.35821932
0.42776307 0.32119608 0.24810512 0.34837900 0.31623416 0.26224388 0.34052571 0.37983823 0.25646439 0.35821932
0.42776307 0.32119608 0.24810512 0.34837900 0.31623416 0.26224388 0.34052571 0.37983823 0.25646439 0.35821932
0.42776307 0.32119608 0.24810512 0.34837900 0.31623416 0.26224388 0.34052571 0.37983823 0.25646439 0.35821932
0.42776307 0.32119608 0.24810512 0.34837900 0.31623416 0.26224388 0.34052571 0.37983823 0.25646439 0.35821932
0.42776307 0.32119608 0.24810512 0.34837900 0.31623416 0.26224388 0.34052571 0.37983823 0.25646439 0.35821932
0.42776307 0.32119608 0.24810512 0.34837900 0.31623416 0.26224388 0.34052571 0.37983823 0.25646439 0.35821932
0.42776307 0.32119608 0.24810512 0.34837900 0.31623416 0.26224388 0.34052571 0.37983823 0.25646439 0.35821932
0.42776307 0.32119608 0.24810512 0.34837900 0.31623416 0.26224388 0.34052571 0.37983823 0.25646439 0.35821932
0.42776307 0.32119608 0.24810512 0.34837900 0.31623416 0.26224388 0.34052571 0.37983823 0.25646439 0.35821932
0.42776307 0.32119608 0.24810512 0.34837900 0.31623416 0.26224388 0.34052571 0.37983823 0.25646439 0.35821932
0.42776307 0.32119608 0.24810512 0.34837900 0.31623416 0.26224388 0.34052571 0.37983823 0.25646439 0.35821932
0.42776307 0.32119608 0.24810512 0.34837900 0.31623416 0.26224388 0.34052571 0.37983823 0.25646439 0.35821932
0.42776307 0.32119608 0.24810512 0.34837900 0.31623416 0.26224388 0.34052571 0.37983823 0.25646439 0.35821932
0.43583569 0.31866675 0.25550072 0.33748050 0.31446576 0.26526717 0.33637166 0.38512379 0.26393492 0.35416722
0.43583569 0.31866675 0.25550072 0.33748050 0.31446576 0.26526717 0.33637166 0.38512379 0.26393492 0.35416722
0.43583569 0.31866675 0.25550072 0.33748050 0.31446576 0.26526717 0.33637166 0.38512379 0.26393492 0.35416722
0.43583569 0.31866675 0.25550072 0.33748050 0.31446576 0.26526717 0.33637166 0.38512379 0.26393492 0.35416722
0.43583569 0.31866675 0.25550072 0.33748050 0.31446576 0.26526717 0.33637166 0.38512379 0.26393492 0.35416722
0.43583569 0.31866675 0.25550072 0.33748050 0.31446576 0.26526717 0.33637166 0.38512379 0.26393492 0.35416722
0.43583569 0.31866675 0.25550072 0.33748050 0.31446576 0.26526717 0.33637166 0.38512379 0.26393492 0.35416722
0.43583569 0.31866675 0.25550072 0.33748050 0.31446576 0.26526717 0.33637166 0.38512379 0.26393492 0.35416722
0.43583569 0.31866675 0.25550072 0.33748050 0.31446576 0.26526717 0.33637166 0.38512379 0.26393492 0.35416722
0.43583569 0.31866675 0.25550072 0.33748050 0.31446576 0.26526717 0.33637166 0.38512379 0.26393492 0.35416722
0.43583569 0.31866675 0.25550072 0.33748050 0.31446576 0.26526717 0.33637166 0.38512379 0.26393492 0.35416722
0.43583569 0.31866675 0.25550072 0.33748050 0.31446576 0.26526717 0.33637166 0.38512379 0.26393492 0.35416722
0.43583569 0.31866675 0.25550072 0.33748050 0.31446576 0.26526717 0.33637166 0.38512379 0.26393492 0.35416722
0.43583569 0.31866675 0.25550072 0.33748050 0.31446576 0.26526717 0.33637166 0.38512379 0.26393492 0.35416722
0.43583569 0.31866675 0.25550072 0.33748050 0.31446576 0.26526717 0.33637166 0.38512379 0.26393492 0.35416722
0.43583569 0.31866675 0.25550072 0.33748050 0.31446576 0.26526717 0.33637166 0.38512379 0.26393492 0.35416722
0.43583569 0.31866675 0.25550072 0.33748050 0.31446576 0.26526717 0.33637166 0.38512379 0.26393492 0.35416722
0.43583569 0.31866675 0.25550072 0.33748050 0.31446576 0.26526717 0.33637166 0.38512379 0.26393492 0.35416722
0.43583569 0.31866675 0.25550072 0.33748050 0.31446576 0.26526717 0.33637166 0.38512379 0.26393492 0.35416722
