0.00000000 0.00000000 0.00000000 0.00000000 0.00000000 0.00000000 0.00000000 0.00000000 0.00000000 0.00000000
0.00000000 0.00000000 0.00000000 0.00000000 0.00000000 0.00000000 0.00000000 0.00000000 0.00000000 0.00000000
0.00000000 0.00000000 0.00000000 0.00000000 0.00000000 0.00000000 0.00000000 0.00000000 0.00000000 0.00000000
0.00000000 0.00000000 0.00000000 0.00000000 0.00000000 0.00000000 0.00000000 0.00000000 0.00000000 0.00000000
0.00000000 0.00000000 0.00000000 0.00000000 0.00000000 0.00000000 0.00000000 0.00000000 0.00000000 0.00000000
0.00000000 0.00000000 0.00000000 0.00000000 0.00000000 0.00000000 0.00000000 0.00000000 0.00000000 0.00000000
0.42302600 0.34874109 0.37781378 0.40315243 0.36132787 0.25680096 0.27712855 0.44018716 0.32241169 0.30330421
0.42302600 0.34874109 0.37781378 0.40315243 0.36132787 0.25680096 0.27712855 0.44018716 0.32241169 0.30330421
0.42302600 0.34874109 0.37781378 0.40315243 0.36132787 0.25680096 0.27712855 0.44018716 0.32241169 0.30330421
0.42302600 0.34874109 0.37781378 0.40315243 0.36132787 0.25680096 0.27712855 0.44018716 0.32241169 0.30330421
0.42302600 0.34874109 0.37781378 0.40315243 0.36132787 0.25680096 0.27712855 0.44018716 0.32241169 0.30330421
0.42302600 0.34874109 0.37781378 0.40315243 0.36132787 0.25680096 0.27712855 0.44018716 0.32241169 0.30330421
0.42302600 0.34874109 0.37781378 0.40315243 0.36132787 0.25680096 0.27712855 0.44018716 0.32241169 0.30330421
0.42302600 0.34874109 0.37781378 0.40315243 0.36132787 0.25680096 0.27712855 0.44018716 0.32241169 0.30330421
0.42302600 0.34874109 0.37781378 0.40315243 0.36132787 0.25680096 0.27712855 0.44018716 0.32241169 0.30330421
0.42302600 0.34874109 0.37781378 0.40315243 0.36132787 0.25680096 0.27712855 0.44018716 0.32241169 0.30330421
0.41643174 0.34678599 0.37650329 0.40041862 0.37562918 0.25634020 0.27769855 0.43925020 0.31702193 0.29673944
0.41643174 0.34678599 0.37650329 0.40041862 0.37562918 0.25634020 0.27769855 0.43925020 0.31702193 0.29673944
0.41643174 0.34678599 0.37650329 0.40041862 0.37562918 0.25634020 0.27769855 0.43925020 0.31702193 0.29673944
0.41643174 0.34678599 0.37650329 0.40041862 0.37562918 0.25634020 0.27769855 0.43925020 0.31702193 0.29673944
0.42480457 0.34599522 0.36766547 0.39507991 0.36990962 0.25482893 0.27492221 0.44205655 0.31778334 0.29820636
0.42480457 0.34599522 0.36766547 0.39507991 0.36990962 0.25482893 0.27492221 0.44205655 0.31778334 0.29820636
0.42480457 0.34599522 0.36766547 0.39507991 0.36990962 0.25482893 0.27492221 0.44205655 0.31778334 0.29820636
0.42480457 0.34599522 0.36766547 0.39507991 0.36990962 0.25482893 0.27492221 0.44205655 0.31778334 0.29820636
0.42480457 0.34599522 0.36766547 0.39507991 0.36990962 0.25482893 0.27492221 0.44205655 0.31778334 0.29820636
0.42764970 0.34451600 0.37331276 0.40281855 0.36343111 0.25136484 0.27478387 0.43834420 0.32088215 0.29311550
0.42764970 0.34451600 0.37331276 0.40281855 0.36343111 0.25136484 0.27478387 0.43834420 0.32088215 0.29311550
0.42764970 0.34451600 0.37331276 0.40281855 0.36343111 0.25136484 0.27478387 0.43834420 0.32088215 0.29311550
0.42764970 0.34451600 0.37331276 0.40281855 0.36343111 0.25136484 0.27478387 0.43834420 0.32088215 0.29311550
0.42764970 0.34451600 0.37331276 0.40281855 0.36343111 0.25136484 0.27478387 0.43834420 0.32088215 0.29311550
0.42764970 0.34451600 0.37331276 0.40281855 0.36343111 0.25136484 0.27478387 0.43834420 0.32088215 0.29311550
0.42764970 0.34451600 0.37331276 0.40281855 0.36343111 0.25136484 0.27478387 0.43834420 0.32088215 0.29311550
0.42764970 0.34451600 0.37331276 0.40281855 0.36343111 0.25136484 0.27478387 0.43834420 0.32088215 0.29311550
0.42764970 0.34451600 0.37331276 0.40281855 0.36343111 0.25136484 0.27478387 0.43834420 0.32088215 0.29311550
0.42764970 0.34451600 0.37331276 0.40281855 0.36343111 0.25136484 0.27478387 0.43834420 0.32088215 0.29311550
0.42764970 0.34451600 0.37331276 0.40281855 0.36343111 0.25136484 0.27478387 0.43834420 0.32088215 0.29311550
0.42764970 0.34451600 0.37331276 0.40281855 0.36343111 0.25136484 0.27478387 0.43834420 0.32088215 0.29311550
0.42764970 0.34451600 0.37331276 0.40281855 0.36343111 0.25136484 0.27478387 0.43834420 0.32088215 0.29311550
0.42764970 0.34451600 0.37331276 0.40281855 0.36343111 0.25136484 0.27478387 0.43834420 0.32088215 0.29311550
0.42764970 0.34451600 0.37331276 0.40281855 0.36343111 0.25136484 0.27478387 0.43834420 0.32088215 0.29311550
0.42764970 0.34451600 0.37331276 0.40281855 0.36343111 0.25136484 0.27478387 0.43834420 0.32088215 0.29311550
0.42764970 0.34451600 0.37331276 0.40281855 0.36343111 0.25136484 0.27478387 0.43834420 0.32088215 0.29311550
0.42764970 0.34451600 0.37331276 0.40281855 0.36343111 0.25136484 0.27478387 0.43834420 0.32088215 0.29311550
0.42483036 0.34386647 0.37433371 0.40844370 0.36394397 0.25053402 0.27817401 0.43322160 0.31919277 0.29121877
0.42483036 0.34386647 0.37433371 0.40844370 0.36394397 0.25053402 0.27817401 0.43322160 0.31919277 0.29121877
0.42483036 0.34386647 0.37433371 0.40844370 0.36394397 0.25053402 0.27817401 0.43322160 0.31919277 0.29121877
0.42483036 0.34386647 0.37433371 0.40844370 0.36394397 0.25053402 0.27817401 0.43322160 0.31919277 0.29121877
0.42483036 0.34386647 0.37433371 0.40844370 0.36394397 0.25053402 0.27817401 0.43322160 0.31919277 0.29121877
0.42483036 0.34386647 0.37433371 0.40844370 0.36394397 0.25053402 0.27817401 0.43322160 0.31919277 0.29121877
0.42483036 0.34386647 0.37433371 0.40844370 0.36394397 0.25053402 0.27817401 0.43322160 0.31919277 0.29121877
0.42483036 0.34386647 0.37433371 0.40844370 0.36394397 0.25053402 0.27817401 0.43322160 0.31919277 0.29121877
0.42483036 0.34386647 0.37433371 0.40844370 0.36394397 0.25053402 0.27817401 0.43322160 0.31919277 0.29121877
0.42483036 0.34386647 0.37433371 0.40844370 0.36394397 0.25053402 0.27817401 0.43322160 0.31919277 0.29121877
0.42483036 0.34386647 0.37433371 0.40844370 0.36394397 0.25053402 0.27817401 0.43322160 0.31919277 0.29121877
0.42483036 0.34386647 0.37433371 0.40844370 0.36394397 0.25053402 0.27817401 0.43322160 0.31919277 0.29121877
0.42483036 0.34386647 0.37433371 0.40844370 0.36394397 0.25053402 0.27817401 0.43322160 0.31919277 0.29121877
0.42483036 0.34386647 0.37433371 0.40844370 0.36394397 0.25053402 0.27817401 0.43322160 0.31919277 0.29121877
0.42483036 0.34386647 0.37433371 0.40844370 0.36394397 0.25053402 0.27817401 0.43322160 0.31919277 0.29121877
0.42506991 0.35446463 0.36684216 0.41482352 0.34898484 0.24451090 0.27369683 0.43050706 0.32215025 0.29827633
0.42506991 0.35446463 0.36684216 0.41482352 0.34898484 0.24451090 0.27369683 0.43050706 0.32215025 0.29827633
0.42733395 0.34953887 0.36927830 0.42243278 0.35079709 0.24697716 0.27201934 0.43953807 0.32909567 0.29611383
0.42733395 0.34953887 0.36927830 0.42243278 0.35079709 0.24697716 0.27201934 0.43953807 0.32909567 0.29611383
0.42733395 0.34953887 0.36927830 0.42243278 0.35079709 0.24697716 0.27201934 0.43953807 0.32909567 0.29611383
0.42733395 0.34953887 0.36927830 0.42243278 0.35079709 0.24697716 0.27201934 0.43953807 0.32909567 0.29611383
0.42733395 0.34953887 0.36927830 0.42243278 0.35079709 0.24697716 0.27201934 0.43953807 0.32909567 0.29611383
0.42884484 0.36390303 0.37619234 0.41900752 0.36397824 0.24336808 0.27115506 0.44040825 0.32866211 0.28942788
0.42884484 0.36390303 0.37619234 0.41900752 0.36397824 0.24336808 0.27115506 0.44040825 0.32866211 0.28942788
0.42884484 0.36390303 0.37619234 0.41900752 0.36397824 0.24336808 0.27115506 0.44040825 0.32866211 0.28942788
0.42884484 0.36390303 0.37619234 0.41900752 0.36397824 0.24336808 0.27115506 0.44040825 0.32866211 0.28942788
0.42884484 0.36390303 0.37619234 0.41900752 0.36397824 0.24336808 0.27115506 0.44040825 0.32866211 0.28942788
0.42884484 0.36390303 0.37619234 0.41900752 0.36397824 0.24336808 0.27115506 0.44040825 0.32866211 0.28942788
0.42884484 0.36390303 0.37619234 0.41900752 0.36397824 0.24336808 0.27115506 0.44040825 0.32866211 0.28942788
0.42884484 0.36390303 0.37619234 0.41900752 0.36397824 0.24336808 0.27115506 0.44040825 0.32866211 0.28942788
0.42884484 0.36390303 0.37619234 0.41900752 0.36397824 0.24336808 0.27115506 0.44040825 0.32866211 0.28942788
0.42884484 0.36390303 0.37619234 0.41900752 0.36397824 0.24336808 0.27115506 0.44040825 0.32866211 0.28942788
0.42884484 0.36390303 0.37619234 0.41900752 0.36397824 0.24336808 0.27115506 0.44040825 0.32866211 0.28942788
0.42884484 0.36390303 0.37619234 0.41900752 0.36397824 0.24336808 0.27115506 0.44040825 0.32866211 0.28942788
0.42884484 0.36390303 0.37619234 0.41900752 0.36397824 0.24336808 0.27115506 0.44040825 0.32866211 0.28942788
0.42884484 0.36390303 0.37619234 0.41900752 0.36397824 0.24336808 0.27115506 0.44040825 0.32866211 0.28942788
0.42884484 0.36390303 0.37619234 0.41900752 0.36397824 0.24336808 0.27115506 0.44040825 0.32866211 0.28942788
0.42884484 0.36390303 0.37619234 0.41900752 0.36397824 0.24336808 0.27115506 0.44040825 0.32866211 0.28942788
0.42884484 0.36390303 0.37619234 0.41900752 0.36397824 0.24336808 0.27115506 0.44040825 0.32866211 0.28942788
0.42785485 0.34411643 0.38568763 0.42175636 0.36838826 0.24058599 0.27245365 0.44715222 0.32019016 0.29231025
0.42785485 0.34411643 0.38568763 0.42175636 0.36838826 0.24058599 0.27245365 0.44715222 0.32019016 0.29231025
0.42785485 0.34411643 0.38568763 0.42175636 0.36838826 0.24058599 0.27245365 0.44715222 0.32019016 0.29231025
0.42785485 0.34411643 0.38568763 0.42175636 0.36838826 0.24058599 0.27245365 0.44715222 0.32019016 0.29231025
0.42785485 0.34411643 0.38568763 0.42175636 0.36838826 0.24058599 0.27245365 0.44715222 0.32019016 0.29231025
0.42785485 0.34411643 0.38568763 0.42175636 0.36838826 0.24058599 0.27245365 0.44715222 0.32019016 0.29231025
0.42785485 0.34411643 0.38568763 0.42175636 0.36838826 0.24058599 0.27245365 0.44715222 0.32019016 0.29231025
0.42785485 0.34411643 0.38568763 0.42175636 0.36838826 0.24058599 0.27245365 0.44715222 0.32019016 0.29231025
0.43045295 0.33031080 0.38372519 0.41477804 0.36740810 0.24711181 0.27613260 0.43852467 0.31826634 0.29157784
0.43045295 0.33031080 0.38372519 0.41477804 0.36740810 0.24711181 0.27613260 0.43852467 0.31826634 0.29157784
0.43045295 0.33031080 0.38372519 0.41477804 0.36740810 0.24711181 0.27613260 0.43852467 0.31826634 0.29157784
0.43045295 0.33031080 0.38372519 0.41477804 0.36740810 0.24711181 0.27613260 0.43852467 0.31826634 0.29157784
0.43045295 0.33031080 0.38372519 0.41477804 0.36740810 0.24711181 0.27613260 0.43852467 0.31826634 0.29157784
0.43045295 0.33031080 0.38372519 0.41477804 0.36740810 0.24711181 0.27613260 0.43852467 0.31826634 0.29157784
0.43045295 0.33031080 0.38372519 0.41477804 0.36740810 0.24711181 0.27613260 0.43852467 0.31826634 0.29157784
0.43045295 0.33031080 0.38372519 0.41477804 0.36740810 0.24711181 0.27613260 0.43852467 0.31826634 0.29157784
0.42979273 0.32061075 0.38001846 0.41677109 0.36128817 0.24382281 0.27512586 0.43138872 0.31670405 0.29470414
0.42979273 0.32061075 0.38001846 0.41677109 0.36128817 0.24382281 0.27512586 0.43138872 0.31670405 0.29470414
0.42979273 0.32061075 0.38001846 0.41677109 0.36128817 0.24382281 0.27512586 0.43138872 0.31670405 0.29470414
0.42979273 0.32061075 0.38001846 0.41677109 0.36128817 0.24382281 0.27512586 0.43138872 0.31670405 0.29470414
0.42979273 0.32061075 0.38001846 0.41677109 0.36128817 0.24382281 0.27512586 0.43138872 0.31670405 0.29470414
0.42979273 0.32061075 0.38001846 0.41677109 0.36128817 0.24382281 0.27512586 0.43138872 0.31670405 0.29470414
0.42979273 0.32061075 0.38001846 0.41677109 0.36128817 0.24382281 0.27512586 0.43138872 0.31670405 0.29470414
0.42979273 0.32061075 0.38001846 0.41677109 0.36128817 0.24382281 0.27512586 0.43138872 0.31670405 0.29470414
0.42979273 0.32061075 0.38001846 0.41677109 0.36128817 0.24382281 0.27512586 0.43138872 0.31670405 0.29470414
0.42979273 0.32061075 0.38001846 0.41677109 0.36128817 0.24382281 0.27512586 0.43138872 0.31670405 0.29470414
0.42979273 0.32061075 0.38001846 0.41677109 0.36128817 0.24382281 0.27512586 0.43138872 0.31670405 0.29470414
0.42979273 0.32061075 0.38001846 0.41677109 0.36128817 0.24382281 0.27512586 0.43138872 0.31670405 0.29470414
0.42979273 0.32061075 0.38001846 0.41677109 0.36128817 0.24382281 0.27512586 0.43138872 0.31670405 0.29470414
0.42979273 0.32061075 0.38001846 0.41677109 0.36128817 0.24382281 0.27512586 0.43138872 0.31670405 0.29470414
0.42979273 0.32061075 0.38001846 0.41677109 0.36128817 0.24382281 0.27512586 0.43138872 0.31670405 0.29470414
0.42979273 0.32061075 0.38001846 0.41677109 0.36128817 0.24382281 0.27512586 0.43138872 0.31670405 0.29470414
0.42979273 0.32061075 0.38001846 0.41677109 0.36128817 0.24382281 0.27512586 0.43138872 0.31670405 0.29470414
0.42979273 0.32061075 0.38001846 0.41677109 0.36128817 0.24382281 0.27512586 0.43138872 0.31670405 0.29470414
0.42979273 0.32061075 0.38001846 0.41677109 0.36128817 0.24382281 0.27512586 0.43138872 0.31670405 0.29470414
0.42979273 0.32061075 0.38001846 0.41677109 0.36128817 0.24382281 0.27512586 0.43138872 0.31670405 0.29470414
0.42979273 0.32061075 0.38001846 0.41677109 0.36128817 0.24382281 0.27512586 0.43138872 0.31670405 0.29470414
0.42979273 0.32061075 0.38001846 0.41677109 0.36128817 0.24382281 0.27512586 0.43138872 0.31670405 0.29470414
0.43349912 0.32442156 0.38044205 0.41937678 0.36477437 0.24632546 0.27383409 0.44881943 0.31570923 0.28584896
0.43349912 0.32442156 0.38044205 0.41937678 0.36477437 0.24632546 0.27383409 0.44881943 0.31570923 0.28584896
0.43349912 0.32442156 0.38044205 0.41937678 0.36477437 0.24632546 0.27383409 0.44881943 0.31570923 0.28584896
0.43349912 0.32442156 0.38044205 0.41937678 0.36477437 0.24632546 0.27383409 0.44881943 0.31570923 0.28584896
0.43349912 0.32442156 0.38044205 0.41937678 0.36477437 0.24632546 0.27383409 0.44881943 0.31570923 0.28584896
0.43349912 0.32442156 0.38044205 0.41937678 0.36477437 0.24632546 0.27383409 0.44881943 0.31570923 0.28584896
0.43349912 0.32442156 0.38044205 0.41937678 0.36477437 0.24632546 0.27383409 0.44881943 0.31570923 0.28584896
0.43292890 0.32550115 0.37489620 0.41812892 0.36658784 0.24041747 0.27669492 0.45064965 0.31334690 0.28647953
0.44331385 0.33282810 0.37188432 0.41709795 0.36774993 0.23542698 0.27765727 0.44869394 0.30350796 0.28575228
0.44331385 0.33282810 0.37188432 0.41709795 0.36774993 0.23542698 0.27765727 0.44869394 0.30350796 0.28575228
0.44331385 0.33282810 0.37188432 0.41709795 0.36774993 0.23542698 0.27765727 0.44869394 0.30350796 0.28575228
0.44331385 0.33282810 0.37188432 0.41709795 0.36774993 0.23542698 0.27765727 0.44869394 0.30350796 0.28575228
0.44331385 0.33282810 0.37188432 0.41709795 0.36774993 0.23542698 0.27765727 0.44869394 0.30350796 0.28575228
0.43756930 0.33650554 0.37110245 0.40730874 0.36072748 0.23543434 0.27925998 0.44673020 0.30762753 0.28087796
0.43756930 0.33650554 0.37110245 0.40730874 0.36072748 0.23543434 0.27925998 0.44673020 0.30762753 0.28087796
0.43756930 0.33650554 0.37110245 0.40730874 0.36072748 0.23543434 0.27925998 0.44673020 0.30762753 0.28087796
0.43756930 0.33650554 0.37110245 0.40730874 0.36072748 0.23543434 0.27925998 0.44673020 0.30762753 0.28087796
0.43756930 0.33650554 0.37110245 0.40730874 0.36072748 0.23543434 0.27925998 0.44673020 0.30762753 0.28087796
0.43756930 0.33650554 0.37110245 0.40730874 0.36072748 0.23543434 0.27925998 0.44673020 0.30762753 0.28087796
0.43756930 0.33650554 0.37110245 0.40730874 0.36072748 0.23543434 0.27925998 0.44673020 0.30762753 0.28087796
0.43756930 0.33650554 0.37110245 0.40730874 0.36072748 0.23543434 0.27925998 0.44673020 0.30762753 0.28087796
0.43756930 0.33650554 0.37110245 0.40730874 0.36072748 0.23543434 0.27925998 0.44673020 0.30762753 0.28087796
0.43756930 0.33650554 0.37110245 0.40730874 0.36072748 0.23543434 0.27925998 0.44673020 0.30762753 0.28087796
0.43756930 0.33650554 0.37110245 0.40730874 0.36072748 0.23543434 0.27925998 0.44673020 0.30762753 0.28087796
0.43756930 0.33650554 0.37110245 0.40730874 0.36072748 0.23543434 0.27925998 0.44673020 0.30762753 0.28087796
0.43756930 0.33650554 0.37110245 0.40730874 0.36072748 0.23543434 0.27925998 0.44673020 0.30762753 0.28087796
0.43756930 0.33650554 0.37110245 0.40730874 0.36072748 0.23543434 0.27925998 0.44673020 0.30762753 0.28087796
0.43756930 0.33650554 0.37110245 0.40730874 0.36072748 0.23543434 0.27925998 0.44673020 0.30762753 0.28087796
0.43756930 0.33650554 0.37110245 0.40730874 0.36072748 0.23543434 0.27925998 0.44673020 0.30762753 0.28087796
0.43756930 0.33650554 0.37110245 0.40730874 0.36072748 0.23543434 0.27925998 0.44673020 0.30762753 0.28087796
0.43756930 0.33650554 0.37110245 0.40730874 0.36072748 0.23543434 0.27925998 0.44673020 0.30762753 0.28087796
0.43756930 0.33650554 0.37110245 0.40730874 0.36072748 0.23543434 0.27925998 0.44673020 0.30762753 0.28087796
0.43756930 0.33650554 0.37110245 0.40730874 0.36072748 0.23543434 0.27925998 0.44673020 0.30762753 0.28087796
0.43756930 0.33650554 0.37110245 0.40730874 0.36072748 0.23543434 0.27925998 0.44673020 0.30762753 0.28087796
0.44145519 0.32682430 0.36562138 0.40235952 0.35436348 0.23614995 0.27236953 0.44759723 0.30717810 0.27889022
0.44145519 0.32682430 0.36562138 0.40235952 0.35436348 0.23614995 0.27236953 0.44759723 0.30717810 0.27889022
0.44145519 0.32682430 0.36562138 0.40235952 0.35436348 0.23614995 0.27236953 0.44759723 0.30717810 0.27889022
0.44145519 0.32682430 0.36562138 0.40235952 0.35436348 0.23614995 0.27236953 0.44759723 0.30717810 0.27889022
0.44145519 0.32682430 0.36562138 0.40235952 0.35436348 0.23614995 0.27236953 0.44759723 0.30717810 0.27889022
0.44077286 0.32824794 0.36711658 0.39946857 0.35870701 0.23500109 0.26647743 0.44548989 0.30773838 0.27862359
0.44077286 0.32824794 0.36711658 0.39946857 0.35870701 0.23500109 0.26647743 0.44548989 0.30773838 0.27862359
0.44077286 0.32824794 0.36711658 0.39946857 0.35870701 0.23500109 0.26647743 0.44548989 0.30773838 0.27862359
0.44077286 0.32824794 0.36711658 0.39946857 0.35870701 0.23500109 0.26647743 0.44548989 0.30773838 0.27862359
0.44077286 0.32824794 0.36711658 0.39946857 0.35870701 0.23500109 0.26647743 0.44548989 0.30773838 0.27862359
0.44077286 0.32824794 0.36711658 0.39946857 0.35870701 0.23500109 0.26647743 0.44548989 0.30773838 0.27862359
0.44077286 0.32824794 0.36711658 0.39946857 0.35870701 0.23500109 0.26647743 0.44548989 0.30773838 0.27862359
0.44077286 0.32824794 0.36711658 0.39946857 0.35870701 0.23500109 0.26647743 0.44548989 0.30773838 0.27862359
0.44077286 0.32824794 0.36711658 0.39946857 0.35870701 0.23500109 0.26647743 0.44548989 0.30773838 0.27862359
0.44077286 0.32824794 0.36711658 0.39946857 0.35870701 0.23500109 0.26647743 0.44548989 0.30773838 0.27862359
0.44077286 0.32824794 0.36711658 0.39946857 0.35870701 0.23500109 0.26647743 0.44548989 0.30773838 0.27862359
0.44077286 0.32824794 0.36711658 0.39946857 0.35870701 0.23500109 0.26647743 0.44548989 0.30773838 0.27862359
0.44077286 0.32824794 0.36711658 0.39946857 0.35870701 0.23500109 0.26647743 0.44548989 0.30773838 0.27862359
0.44077286 0.32824794 0.36711658 0.39946857 0.35870701 0.23500109 0.26647743 0.44548989 0.30773838 0.27862359
0.44077286 0.32824794 0.36711658 0.39946857 0.35870701 0.23500109 0.26647743 0.44548989 0.30773838 0.27862359
0.44077286 0.32824794 0.36711658 0.39946857 0.35870701 0.23500109 0.26647743 0.44548989 0.30773838 0.27862359
0.44077286 0.32824794 0.36711658 0.39946857 0.35870701 0.23500109 0.26647743 0.44548989 0.30773838 0.27862359
0.44077286 0.32824794 0.36711658 0.39946857 0.35870701 0.23500109 0.26647743 0.44548989 0.30773838 0.27862359
0.44077286 0.32824794 0.36711658 0.39946857 0.35870701 0.23500109 0.26647743 0.44548989 0.30773838 0.27862359
0.44077286 0.32824794 0.36711658 0.39946857 0.35870701 0.23500109 0.26647743 0.44548989 0.30773838 0.27862359
0.44077286 0.32824794 0.36711658 0.39946857 0.35870701 0.23500109 0.26647743 0.44548989 0.30773838 0.27862359
0.44077286 0.32824794 0.36711658 0.39946857 0.35870701 0.23500109 0.26647743 0.44548989 0.30773838 0.27862359
0.44077286 0.32824794 0.36711658 0.39946857 0.35870701 0.23500109 0.26647743 0.44548989 0.30773838 0.27862359
0.44077286 0.32824794 0.36711658 0.39946857 0.35870701 0.23500109 0.26647743 0.44548989 0.30773838 0.27862359
0.44077286 0.32824794 0.36711658 0.39946857 0.35870701 0.23500109 0.26647743 0.44548989 0.30773838 0.27862359
0.44077286 0.32824794 0.36711658 0.39946857 0.35870701 0.23500109 0.26647743 0.44548989 0.30773838 0.27862359
0.44077286 0.32824794 0.36711658 0.39946857 0.35870701 0.23500109 0.26647743 0.44548989 0.30773838 0.27862359
0.44077286 0.32824794 0.36711658 0.39946857 0.35870701 0.23500109 0.26647743 0.44548989 0.30773838 0.27862359
0.44077286 0.32824794 0.36711658 0.39946857 0.35870701 0.23500109 0.26647743 0.44548989 0.30773838 0.27862359
0.44263746 0.33015873 0.36580191 0.39256587 0.35312628 0.23712934 0.26636051 0.45148016 0.30530312 0.27610851
0.44263746 0.33015873 0.36580191 0.39256587 0.35312628 0.23712934 0.26636051 0.45148016 0.30530312 0.27610851
0.44263746 0.33015873 0.36580191 0.39256587 0.35312628 0.23712934 0.26636051 0.45148016 0.30530312 0.27610851
0.44263746 0.33015873 0.36580191 0.39256587 0.35312628 0.23712934 0.26636051 0.45148016 0.30530312 0.27610851
0.44263746 0.33015873 0.36580191 0.39256587 0.35312628 0.23712934 0.26636051 0.45148016 0.30530312 0.27610851
0.44263746 0.33015873 0.36580191 0.39256587 0.35312628 0.23712934 0.26636051 0.45148016 0.30530312 0.27610851
0.44263746 0.33015873 0.36580191 0.39256587 0.35312628 0.23712934 0.26636051 0.45148016 0.30530312 0.27610851
0.44263746 0.33015873 0.36580191 0.39256587 0.35312628 0.23712934 0.26636051 0.45148016 0.30530312 0.27610851
0.44263746 0.33015873 0.36580191 0.39256587 0.35312628 0.23712934 0.26636051 0.45148016 0.30530312 0.27610851
0.44263746 0.33015873 0.36580191 0.39256587 0.35312628 0.23712934 0.26636051 0.45148016 0.30530312 0.27610851
0.44263746 0.33015873 0.36580191 0.39256587 0.35312628 0.23712934 0.26636051 0.45148016 0.30530312 0.27610851
0.44865415 0.33108157 0.37577311 0.39571092 0.35471212 0.23862868 0.26181429 0.46018832 0.30170242 0.27702844
0.44366265 0.32863894 0.37855028 0.39675191 0.35049818 0.23915719 0.26387317 0.46778808 0.29751861 0.27965026
0.43534686 0.32511096 0.36946388 0.38936798 0.35266903 0.24061050 0.26785367 0.46854869 0.29660190 0.28168961
0.43989140 0.32755000 0.36436820 0.39487634 0.34692660 0.24656684 0.27440847 0.46695364 0.29819574 0.28264865
0.44297202 0.32891184 0.35345654 0.40265898 0.34201497 0.24617027 0.28119550 0.46652946 0.30439470 0.28271047
0.44297202 0.32891184 0.35345654 0.40265898 0.34201497 0.24617027 0.28119550 0.46652946 0.30439470 0.28271047
0.44297202 0.32891184 0.35345654 0.40265898 0.34201497 0.24617027 0.28119550 0.46652946 0.30439470 0.28271047
0.44297202 0.32891184 0.35345654 0.40265898 0.34201497 0.24617027 0.28119550 0.46652946 0.30439470 0.28271047
0.44297202 0.32891184 0.35345654 0.40265898 0.34201497 0.24617027 0.28119550 0.46652946 0.30439470 0.28271047
0.44297202 0.32891184 0.35345654 0.40265898 0.34201497 0.24617027 0.28119550 0.46652946 0.30439470 0.28271047
0.44297202 0.32891184 0.35345654 0.40265898 0.34201497 0.24617027 0.28119550 0.46652946 0.30439470 0.28271047
0.44297202 0.32891184 0.35345654 0.40265898 0.34201497 0.24617027 0.28119550 0.46652946 0.30439470 0.28271047
0.44297202 0.32891184 0.35345654 0.40265898 0.34201497 0.24617027 0.28119550 0.46652946 0.30439470 0.28271047
0.44297202 0.32891184 0.35345654 0.40265898 0.34201497 0.24617027 0.28119550 0.46652946 0.30439470 0.28271047
0.44297202 0.32891184 0.35345654 0.40265898 0.34201497 0.24617027 0.28119550 0.46652946 0.30439470 0.28271047
0.44297202 0.32891184 0.35345654 0.40265898 0.34201497 0.24617027 0.28119550 0.46652946 0.30439470 0.28271047
0.44297202 0.32891184 0.35345654 0.40265898 0.34201497 0.24617027 0.28119550 0.46652946 0.30439470 0.28271047
0.44297202 0.32891184 0.35345654 0.40265898 0.34201497 0.24617027 0.28119550 0.46652946 0.30439470 0.28271047
0.44297202 0.32891184 0.35345654 0.40265898 0.34201497 0.24617027 0.28119550 0.46652946 0.30439470 0.28271047
0.44297202 0.32891184 0.35345654 0.40265898 0.34201497 0.24617027 0.28119550 0.46652946 0.30439470 0.28271047
0.44297202 0.32891184 0.35345654 0.40265898 0.34201497 0.24617027 0.28119550 0.46652946 0.30439470 0.28271047
0.44297202 0.32891184 0.35345654 0.40265898 0.34201497 0.24617027 0.28119550 0.46652946 0.30439470 0.28271047
0.44297202 0.32891184 0.35345654 0.40265898 0.34201497 0.24617027 0.28119550 0.46652946 0.30439470 0.28271047
0.44297202 0.32891184 0.35345654 0.40265898 0.34201497 0.24617027 0.28119550 0.46652946 0.30439470 0.28271047
0.44297202 0.32891184 0.35345654 0.40265898 0.34201497 0.24617027 0.28119550 0.46652946 0.30439470 0.28271047
0.44297202 0.32891184 0.35345654 0.40265898 0.34201497 0.24617027 0.28119550 0.46652946 0.30439470 0.28271047
0.44297202 0.32891184 0.35345654 0.40265898 0.34201497 0.24617027 0.28119550 0.46652946 0.30439470 0.28271047
0.44297202 0.32891184 0.35345654 0.40265898 0.34201497 0.24617027 0.28119550 0.46652946 0.30439470 0.28271047
0.44297202 0.32891184 0.35345654 0.40265898 0.34201497 0.24617027 0.28119550 0.46652946 0.30439470 0.28271047
0.44297202 0.32891184 0.35345654 0.40265898 0.34201497 0.24617027 0.28119550 0.46652946 0.30439470 0.28271047
0.44297202 0.32891184 0.35345654 0.40265898 0.34201497 0.24617027 0.28119550 0.46652946 0.30439470 0.28271047
0.44297202 0.32891184 0.35345654 0.40265898 0.34201497 0.24617027 0.28119550 0.46652946 0.30439470 0.28271047
0.45325802 0.32651257 0.36039334 0.39326559 0.33891359 0.24954214 0.28016802 0.46843371 0.31377513 0.27654680
0.45325802 0.32651257 0.36039334 0.39326559 0.33891359 0.24954214 0.28016802 0.46843371 0.31377513 0.27654680
0.45325802 0.32651257 0.36039334 0.39326559 0.33891359 0.24954214 0.28016802 0.46843371 0.31377513 0.27654680
0.45325802 0.32651257 0.36039334 0.39326559 0.33891359 0.24954214 0.28016802 0.46843371 0.31377513 0.27654680
0.45325802 0.32651257 0.36039334 0.39326559 0.33891359 0.24954214 0.28016802 0.46843371 0.31377513 0.27654680
0.45325802 0.32651257 0.36039334 0.39326559 0.33891359 0.24954214 0.28016802 0.46843371 0.31377513 0.27654680
0.45325802 0.32651257 0.36039334 0.39326559 0.33891359 0.24954214 0.28016802 0.46843371 0.31377513 0.27654680
0.45325802 0.32651257 0.36039334 0.39326559 0.33891359 0.24954214 0.28016802 0.46843371 0.31377513 0.27654680
0.45325802 0.32651257 0.36039334 0.39326559 0.33891359 0.24954214 0.28016802 0.46843371 0.31377513 0.27654680
0.45325802 0.32651257 0.36039334 0.39326559 0.33891359 0.24954214 0.28016802 0.46843371 0.31377513 0.27654680
0.45325802 0.32651257 0.36039334 0.39326559 0.33891359 0.24954214 0.28016802 0.46843371 0.31377513 0.27654680
0.45325802 0.32651257 0.36039334 0.39326559 0.33891359 0.24954214 0.28016802 0.46843371 0.31377513 0.27654680
0.45325802 0.32651257 0.36039334 0.39326559 0.33891359 0.24954214 0.28016802 0.46843371 0.31377513 0.27654680
0.45325802 0.32651257 0.36039334 0.39326559 0.33891359 0.24954214 0.28016802 0.46843371 0.31377513 0.27654680
0.45325802 0.32651257 0.36039334 0.39326559 0.33891359 0.24954214 0.28016802 0.46843371 0.31377513 0.27654680
0.45325802 0.32651257 0.36039334 0.39326559 0.33891359 0.24954214 0.28016802 0.46843371 0.31377513 0.27654680
0.45325802 0.32651257 0.36039334 0.39326559 0.33891359 0.24954214 0.28016802 0.46843371 0.31377513 0.27654680
0.45325802 0.32651257 0.36039334 0.39326559 0.33891359 0.24954214 0.28016802 0.46843371 0.31377513 0.27654680
0.45325802 0.32651257 0.36039334 0.39326559 0.33891359 0.24954214 0.28016802 0.46843371 0.31377513 0.27654680
