0.00000000 0.00000000 0.00000000 0.00000000 0.00000000 0.00000000 0.00000000 0.00000000 0.00000000 0.00000000
0.00000000 0.00000000 0.00000000 0.00000000 0.00000000 0.00000000 0.00000000 0.00000000 0.00000000 0.00000000
0.00000000 0.00000000 0.00000000 0.00000000 0.00000000 0.00000000 0.00000000 0.00000000 0.00000000 0.00000000
0.00000000 0.00000000 0.00000000 0.00000000 0.00000000 0.00000000 0.00000000 0.00000000 0.00000000 0.00000000
0.00000000 0.00000000 0.00000000 0.00000000 0.00000000 0.00000000 0.00000000 0.00000000 0.00000000 0.00000000
0.00000000 0.00000000 0.00000000 0.00000000 0.00000000 0.00000000 0.00000000 0.00000000 0.00000000 0.00000000
0.00000000 0.00000000 0.00000000 0.00000000 0.00000000 0.00000000 0.00000000 0.00000000 0.00000000 0.00000000
0.00000000 0.00000000 0.00000000 0.00000000 0.00000000 0.00000000 0.00000000 0.00000000 0.00000000 0.00000000
0.00000000 0.00000000 0.00000000 0.00000000 0.00000000 0.00000000 0.00000000 0.00000000 0.00000000 0.00000000
0.00000000 0.00000000 0.00000000 0.00000000 0.00000000 0.00000000 0.00000000 0.00000000 0.00000000 0.00000000
0.00000000 0.00000000 0.00000000 0.00000000 0.00000000 0.00000000 0.00000000 0.00000000 0.00000000 0.00000000
0.00000000 0.00000000 0.00000000 0.00000000 0.00000000 0.00000000 0.00000000 0.00000000 0.00000000 0.00000000
0.00000000 0.00000000 0.00000000 0.00000000 0.00000000 0.00000000 0.00000000 0.00000000 0.00000000 0.00000000
0.00000000 0.00000000 0.00000000 0.00000000 0.00000000 0.00000000 0.00000000 0.00000000 0.00000000 0.00000000
0.00000000 0.00000000 0.00000000 0.00000000 0.00000000 0.00000000 0.00000000 0.00000000 0.00000000 0.00000000
0.00000000 0.00000000 0.00000000 0.00000000 0.00000000 0.00000000 0.00000000 0.00000000 0.00000000 0.00000000
0.41452003 0.36244872 0.34556089 0.41820274 0.34252537 0.34852792 0.35981038 0.43107744 0.41974685 0.38082128
0.41452003 0.36244872 0.34556089 0.41820274 0.34252537 0.34852792 0.35981038 0.43107744 0.41974685 0.38082128
0.41452003 0.36244872 0.34556089 0.41820274 0.34252537 0.34852792 0.35981038 0.43107744 0.41974685 0.38082128
0.41452003 0.36244872 0.34556089 0.41820274 0.34252537 0.34852792 0.35981038 0.43107744 0.41974685 0.38082128
0.41452003 0.36244872 0.34556089 0.41820274 0.34252537 0.34852792 0.35981038 0.43107744 0.41974685 0.38082128
0.41452003 0.36244872 0.34556089 0.41820274 0.34252537 0.34852792 0.35981038 0.43107744 0.41974685 0.38082128
0.41452003 0.36244872 0.34556089 0.41820274 0.34252537 0.34852792 0.35981038 0.43107744 0.41974685 0.38082128
0.41452003 0.36244872 0.34556089 0.41820274 0.34252537 0.34852792 0.35981038 0.43107744 0.41974685 0.38082128
0.41452003 0.36244872 0.34556089 0.41820274 0.34252537 0.34852792 0.35981038 0.43107744 0.41974685 0.38082128
0.41625933 0.35812799 0.35029191 0.42539244 0.33587796 0.34657579 0.36204218 0.42584082 0.42315388 0.37709418
0.41625933 0.35812799 0.35029191 0.42539244 0.33587796 0.34657579 0.36204218 0.42584082 0.42315388 0.37709418
0.41625933 0.35812799 0.35029191 0.42539244 0.33587796 0.34657579 0.36204218 0.42584082 0.42315388 0.37709418
0.41625933 0.35812799 0.35029191 0.42539244 0.33587796 0.34657579 0.36204218 0.42584082 0.42315388 0.37709418
0.41625933 0.35812799 0.35029191 0.42539244 0.33587796 0.34657579 0.36204218 0.42584082 0.42315388 0.37709418
0.41625933 0.35812799 0.35029191 0.42539244 0.33587796 0.34657579 0.36204218 0.42584082 0.42315388 0.37709418
0.41625933 0.35812799 0.35029191 0.42539244 0.33587796 0.34657579 0.36204218 0.42584082 0.42315388 0.37709418
0.41625933 0.35812799 0.35029191 0.42539244 0.33587796 0.34657579 0.36204218 0.42584082 0.42315388 0.37709418
0.41625933 0.35812799 0.35029191 0.42539244 0.33587796 0.34657579 0.36204218 0.42584082 0.42315388 0.37709418
0.41625933 0.35812799 0.35029191 0.42539244 0.33587796 0.34657579 0.36204218 0.42584082 0.42315388 0.37709418
0.41625933 0.35812799 0.35029191 0.42539244 0.33587796 0.34657579 0.36204218 0.42584082 0.42315388 0.37709418
0.41625933 0.35812799 0.35029191 0.42539244 0.33587796 0.34657579 0.36204218 0.42584082 0.42315388 0.37709418
0.41625933 0.35812799 0.35029191 0.42539244 0.33587796 0.34657579 0.36204218 0.42584082 0.42315388 0.37709418
0.41625933 0.35812799 0.35029191 0.42539244 0.33587796 0.34657579 0.36204218 0.42584082 0.42315388 0.37709418
0.41625933 0.35812799 0.35029191 0.42539244 0.33587796 0.34657579 0.36204218 0.42584082 0.42315388 0.37709418
0.41625933 0.35812799 0.35029191 0.42539244 0.33587796 0.34657579 0.36204218 0.42584082 0.42315388 0.37709418
0.41625933 0.35812799 0.35029191 0.42539244 0.33587796 0.34657579 0.36204218 0.42584082 0.42315388 0.37709418
0.41625933 0.35812799 0.35029191 0.42539244 0.33587796 0.34657579 0.36204218 0.42584082 0.42315388 0.37709418
0.41625933 0.35812799 0.35029191 0.42539244 0.33587796 0.34657579 0.36204218 0.42584082 0.42315388 0.37709418
0.41625933 0.35812799 0.35029191 0.42539244 0.33587796 0.34657579 0.36204218 0.42584082 0.42315388 0.37709418
0.41625933 0.35812799 0.35029191 0.42539244 0.33587796 0.34657579 0.36204218 0.42584082 0.42315388 0.37709418
0.41625933 0.35812799 0.35029191 0.42539244 0.33587796 0.34657579 0.36204218 0.42584082 0.42315388 0.37709418
0.41625933 0.35812799 0.35029191 0.42539244 0.33587796 0.34657579 0.36204218 0.42584082 0.42315388 0.37709418
0.41625933 0.35812799 0.35029191 0.42539244 0.33587796 0.34657579 0.36204218 0.42584082 0.42315388 0.37709418
0.41625933 0.35812799 0.35029191 0.42539244 0.33587796 0.34657579 0.36204218 0.42584082 0.42315388 0.37709418
0.41625933 0.35812799 0.35029191 0.42539244 0.33587796 0.34657579 0.36204218 0.42584082 0.42315388 0.37709418
0.41625933 0.35812799 0.35029191 0.42539244 0.33587796 0.34657579 0.36204218 0.42584082 0.42315388 0.37709418
0.41625933 0.35812799 0.35029191 0.42539244 0.33587796 0.34657579 0.36204218 0.42584082 0.42315388 0.37709418
0.41625933 0.35812799 0.35029191 0.42539244 0.33587796 0.34657579 0.36204218 0.42584082 0.42315388 0.37709418
0.41625933 0.35812799 0.35029191 0.42539244 0.33587796 0.34657579 0.36204218 0.42584082 0.42315388 0.37709418
0.41625933 0.35812799 0.35029191 0.42539244 0.33587796 0.34657579 0.36204218 0.42584082 0.42315388 0.37709418
0.41625933 0.35812799 0.35029191 0.42539244 0.33587796 0.34657579 0.36204218 0.42584082 0.42315388 0.37709418
0.41625933 0.35812799 0.35029191 0.42539244 0.33587796 0.34657579 0.36204218 0.42584082 0.42315388 0.37709418
0.41747310 0.36894273 0.34317681 0.43029585 0.32415994 0.33472924 0.35570969 0.42371449 0.42546511 0.38648649
0.41747310 0.36894273 0.34317681 0.43029585 0.32415994 0.33472924 0.35570969 0.42371449 0.42546511 0.38648649
0.41653567 0.36001050 0.34922253 0.43438655 0.32481240 0.33644467 0.35454005 0.43115957 0.43058903 0.38384021
0.41653567 0.36001050 0.34922253 0.43438655 0.32481240 0.33644467 0.35454005 0.43115957 0.43058903 0.38384021
0.41653567 0.36001050 0.34922253 0.43438655 0.32481240 0.33644467 0.35454005 0.43115957 0.43058903 0.38384021
0.41653567 0.36001050 0.34922253 0.43438655 0.32481240 0.33644467 0.35454005 0.43115957 0.43058903 0.38384021
0.41653567 0.36001050 0.34922253 0.43438655 0.32481240 0.33644467 0.35454005 0.43115957 0.43058903 0.38384021
0.41987804 0.36977957 0.35629601 0.42988560 0.33370827 0.33250344 0.35451934 0.43017713 0.43171402 0.37730455
0.41987804 0.36977957 0.35629601 0.42988560 0.33370827 0.33250344 0.35451934 0.43017713 0.43171402 0.37730455
0.41987804 0.36977957 0.35629601 0.42988560 0.33370827 0.33250344 0.35451934 0.43017713 0.43171402 0.37730455
0.41987804 0.36977957 0.35629601 0.42988560 0.33370827 0.33250344 0.35451934 0.43017713 0.43171402 0.37730455
0.41987804 0.36977957 0.35629601 0.42988560 0.33370827 0.33250344 0.35451934 0.43017713 0.43171402 0.37730455
0.41987804 0.36977957 0.35629601 0.42988560 0.33370827 0.33250344 0.35451934 0.43017713 0.43171402 0.37730455
0.41987804 0.36977957 0.35629601 0.42988560 0.33370827 0.33250344 0.35451934 0.43017713 0.43171402 0.37730455
0.41987804 0.36977957 0.35629601 0.42988560 0.33370827 0.33250344 0.35451934 0.43017713 0.43171402 0.37730455
0.41987804 0.36977957 0.35629601 0.42988560 0.33370827 0.33250344 0.35451934 0.43017713 0.43171402 0.37730455
0.41987804 0.36977957 0.35629601 0.42988560 0.33370827 0.33250344 0.35451934 0.43017713 0.43171402 0.37730455
0.41987804 0.36977957 0.35629601 0.42988560 0.33370827 0.33250344 0.35451934 0.43017713 0.43171402 0.37730455
0.41987804 0.36977957 0.35629601 0.42988560 0.33370827 0.33250344 0.35451934 0.43017713 0.43171402 0.37730455
0.41987804 0.36977957 0.35629601 0.42988560 0.33370827 0.33250344 0.35451934 0.43017713 0.43171402 0.37730455
0.41987804 0.36977957 0.35629601 0.42988560 0.33370827 0.33250344 0.35451934 0.43017713 0.43171402 0.37730455
0.41987804 0.36977957 0.35629601 0.42988560 0.33370827 0.33250344 0.35451934 0.43017713 0.43171402 0.37730455
0.41987804 0.36977957 0.35629601 0.42988560 0.33370827 0.33250344 0.35451934 0.43017713 0.43171402 0.37730455
0.41987804 0.36977957 0.35629601 0.42988560 0.33370827 0.33250344 0.35451934 0.43017713 0.43171402 0.37730455
0.42065572 0.35081037 0.36538224 0.43426226 0.33864614 0.32890181 0.35378019 0.43506898 0.42132356 0.38018558
0.42065572 0.35081037 0.36538224 0.43426226 0.33864614 0.32890181 0.35378019 0.43506898 0.42132356 0.38018558
0.42065572 0.35081037 0.36538224 0.43426226 0.33864614 0.32890181 0.35378019 0.43506898 0.42132356 0.38018558
0.42065572 0.35081037 0.36538224 0.43426226 0.33864614 0.32890181 0.35378019 0.43506898 0.42132356 0.38018558
0.42065572 0.35081037 0.36538224 0.43426226 0.33864614 0.32890181 0.35378019 0.43506898 0.42132356 0.38018558
0.42065572 0.35081037 0.36538224 0.43426226 0.33864614 0.32890181 0.35378019 0.43506898 0.42132356 0.38018558
0.42065572 0.35081037 0.36538224 0.43426226 0.33864614 0.32890181 0.35378019 0.43506898 0.42132356 0.38018558
0.42065572 0.35081037 0.36538224 0.43426226 0.33864614 0.32890181 0.35378019 0.43506898 0.42132356 0.38018558
0.42303006 0.33989229 0.36090272 0.43000000 0.33759316 0.34037693 0.35672869 0.42663396 0.42161074 0.37835219
0.42303006 0.33989229 0.36090272 0.43000000 0.33759316 0.34037693 0.35672869 0.42663396 0.42161074 0.37835219
0.42303006 0.33989229 0.36090272 0.43000000 0.33759316 0.34037693 0.35672869 0.42663396 0.42161074 0.37835219
0.42303006 0.33989229 0.36090272 0.43000000 0.33759316 0.34037693 0.35672869 0.42663396 0.42161074 0.37835219
0.42303006 0.33989229 0.36090272 0.43000000 0.33759316 0.34037693 0.35672869 0.42663396 0.42161074 0.37835219
0.42303006 0.33989229 0.36090272 0.43000000 0.33759316 0.34037693 0.35672869 0.42663396 0.42161074 0.37835219
0.42303006 0.33989229 0.36090272 0.43000000 0.33759316 0.34037693 0.35672869 0.42663396 0.42161074 0.37835219
0.42303006 0.33989229 0.36090272 0.43000000 0.33759316 0.34037693 0.35672869 0.42663396 0.42161074 0.37835219
0.42175464 0.33557700 0.35580485 0.43037793 0.33383465 0.33418454 0.35373508 0.41627497 0.41990969 0.38105436
0.42175464 0.33557700 0.35580485 0.43037793 0.33383465 0.33418454 0.35373508 0.41627497 0.41990969 0.38105436
0.42175464 0.33557700 0.35580485 0.43037793 0.33383465 0.33418454 0.35373508 0.41627497 0.41990969 0.38105436
0.42175464 0.33557700 0.35580485 0.43037793 0.33383465 0.33418454 0.35373508 0.41627497 0.41990969 0.38105436
0.42175464 0.33557700 0.35580485 0.43037793 0.33383465 0.33418454 0.35373508 0.41627497 0.41990969 0.38105436
0.42175464 0.33557700 0.35580485 0.43037793 0.33383465 0.33418454 0.35373508 0.41627497 0.41990969 0.38105436
0.42175464 0.33557700 0.35580485 0.43037793 0.33383465 0.33418454 0.35373508 0.41627497 0.41990969 0.38105436
0.42175464 0.33557700 0.35580485 0.43037793 0.33383465 0.33418454 0.35373508 0.41627497 0.41990969 0.38105436
0.42175464 0.33557700 0.35580485 0.43037793 0.33383465 0.33418454 0.35373508 0.41627497 0.41990969 0.38105436
0.42175464 0.33557700 0.35580485 0.43037793 0.33383465 0.33418454 0.35373508 0.41627497 0.41990969 0.38105436
0.42175464 0.33557700 0.35580485 0.43037793 0.33383465 0.33418454 0.35373508 0.41627497 0.41990969 0.38105436
0.42175464 0.33557700 0.35580485 0.43037793 0.33383465 0.33418454 0.35373508 0.41627497 0.41990969 0.38105436
0.42175464 0.33557700 0.35580485 0.43037793 0.33383465 0.33418454 0.35373508 0.41627497 0.41990969 0.38105436
0.42175464 0.33557700 0.35580485 0.43037793 0.33383465 0.33418454 0.35373508 0.41627497 0.41990969 0.38105436
0.42175464 0.33557700 0.35580485 0.43037793 0.33383465 0.33418454 0.35373508 0.41627497 0.41990969 0.38105436
0.42064099 0.33009559 0.35790220 0.42706093 0.33205949 0.33411327 0.35947786 0.41927056 0.41649513 0.39613827
0.42064099 0.33009559 0.35790220 0.42706093 0.33205949 0.33411327 0.35947786 0.41927056 0.41649513 0.39613827
0.42064099 0.33009559 0.35790220 0.42706093 0.33205949 0.33411327 0.35947786 0.41927056 0.41649513 0.39613827
0.42064099 0.33009559 0.35790220 0.42706093 0.33205949 0.33411327 0.35947786 0.41927056 0.41649513 0.39613827
0.42064099 0.33009559 0.35790220 0.42706093 0.33205949 0.33411327 0.35947786 0.41927056 0.41649513 0.39613827
0.42064099 0.33009559 0.35790220 0.42706093 0.33205949 0.33411327 0.35947786 0.41927056 0.41649513 0.39613827
0.42064099 0.33009559 0.35790220 0.42706093 0.33205949 0.33411327 0.35947786 0.41927056 0.41649513 0.39613827
0.42263158 0.32973232 0.35810565 0.42802338 0.33667161 0.33294311 0.35733161 0.43604148 0.41821188 0.39081200
0.42263158 0.32973232 0.35810565 0.42802338 0.33667161 0.33294311 0.35733161 0.43604148 0.41821188 0.39081200
0.42263158 0.32973232 0.35810565 0.42802338 0.33667161 0.33294311 0.35733161 0.43604148 0.41821188 0.39081200
0.42263158 0.32973232 0.35810565 0.42802338 0.33667161 0.33294311 0.35733161 0.43604148 0.41821188 0.39081200
0.42263158 0.32973232 0.35810565 0.42802338 0.33667161 0.33294311 0.35733161 0.43604148 0.41821188 0.39081200
0.42263158 0.32973232 0.35810565 0.42802338 0.33667161 0.33294311 0.35733161 0.43604148 0.41821188 0.39081200
0.42263158 0.32973232 0.35810565 0.42802338 0.33667161 0.33294311 0.35733161 0.43604148 0.41821188 0.39081200
0.42698442 0.33056543 0.35332246 0.42430351 0.33753057 0.32709791 0.36804805 0.43681908 0.41492176 0.39377590
0.43569877 0.33723535 0.34813888 0.42065361 0.33832372 0.31403288 0.36891869 0.43473631 0.40596691 0.39497220
0.43569877 0.33723535 0.34813888 0.42065361 0.33832372 0.31403288 0.36891869 0.43473631 0.40596691 0.39497220
0.43569877 0.33723535 0.34813888 0.42065361 0.33832372 0.31403288 0.36891869 0.43473631 0.40596691 0.39497220
0.43569877 0.33723535 0.34813888 0.42065361 0.33832372 0.31403288 0.36891869 0.43473631 0.40596691 0.39497220
0.43569877 0.33723535 0.34813888 0.42065361 0.33832372 0.31403288 0.36891869 0.43473631 0.40596691 0.39497220
0.43569877 0.33723535 0.34813888 0.42065361 0.33832372 0.31403288 0.36891869 0.43473631 0.40596691 0.39497220
0.43569877 0.33723535 0.34813888 0.42065361 0.33832372 0.31403288 0.36891869 0.43473631 0.40596691 0.39497220
0.43569877 0.33723535 0.34813888 0.42065361 0.33832372 0.31403288 0.36891869 0.43473631 0.40596691 0.39497220
0.43569877 0.33723535 0.34813888 0.42065361 0.33832372 0.31403288 0.36891869 0.43473631 0.40596691 0.39497220
0.43569877 0.33723535 0.34813888 0.42065361 0.33832372 0.31403288 0.36891869 0.43473631 0.40596691 0.39497220
0.43569877 0.33723535 0.34813888 0.42065361 0.33832372 0.31403288 0.36891869 0.43473631 0.40596691 0.39497220
0.43569877 0.33723535 0.34813888 0.42065361 0.33832372 0.31403288 0.36891869 0.43473631 0.40596691 0.39497220
0.43569877 0.33723535 0.34813888 0.42065361 0.33832372 0.31403288 0.36891869 0.43473631 0.40596691 0.39497220
0.43569877 0.33723535 0.34813888 0.42065361 0.33832372 0.31403288 0.36891869 0.43473631 0.40596691 0.39497220
0.43569877 0.33723535 0.34813888 0.42065361 0.33832372 0.31403288 0.36891869 0.43473631 0.40596691 0.39497220
0.43569877 0.33723535 0.34813888 0.42065361 0.33832372 0.31403288 0.36891869 0.43473631 0.40596691 0.39497220
0.43569877 0.33723535 0.34813888 0.42065361 0.33832372 0.31403288 0.36891869 0.43473631 0.40596691 0.39497220
0.43569877 0.33723535 0.34813888 0.42065361 0.33832372 0.31403288 0.36891869 0.43473631 0.40596691 0.39497220
0.43569877 0.33723535 0.34813888 0.42065361 0.33832372 0.31403288 0.36891869 0.43473631 0.40596691 0.39497220
0.43569877 0.33723535 0.34813888 0.42065361 0.33832372 0.31403288 0.36891869 0.43473631 0.40596691 0.39497220
0.43569877 0.33723535 0.34813888 0.42065361 0.33832372 0.31403288 0.36891869 0.43473631 0.40596691 0.39497220
0.43569877 0.33723535 0.34813888 0.42065361 0.33832372 0.31403288 0.36891869 0.43473631 0.40596691 0.39497220
0.43569877 0.33723535 0.34813888 0.42065361 0.33832372 0.31403288 0.36891869 0.43473631 0.40596691 0.39497220
0.43569877 0.33723535 0.34813888 0.42065361 0.33832372 0.31403288 0.36891869 0.43473631 0.40596691 0.39497220
0.43569877 0.33723535 0.34813888 0.42065361 0.33832372 0.31403288 0.36891869 0.43473631 0.40596691 0.39497220
0.43569877 0.33723535 0.34813888 0.42065361 0.33832372 0.31403288 0.36891869 0.43473631 0.40596691 0.39497220
0.43820948 0.32686567 0.34127956 0.41502522 0.33452707 0.31199371 0.36255310 0.43434826 0.40178639 0.39256268
0.43820948 0.32686567 0.34127956 0.41502522 0.33452707 0.31199371 0.36255310 0.43434826 0.40178639 0.39256268
0.43820948 0.32686567 0.34127956 0.41502522 0.33452707 0.31199371 0.36255310 0.43434826 0.40178639 0.39256268
0.43820948 0.32686567 0.34127956 0.41502522 0.33452707 0.31199371 0.36255310 0.43434826 0.40178639 0.39256268
0.43820948 0.32686567 0.34127956 0.41502522 0.33452707 0.31199371 0.36255310 0.43434826 0.40178639 0.39256268
0.43820948 0.32686567 0.34127956 0.41502522 0.33452707 0.31199371 0.36255310 0.43434826 0.40178639 0.39256268
0.43820948 0.32686567 0.34127956 0.41502522 0.33452707 0.31199371 0.36255310 0.43434826 0.40178639 0.39256268
0.43820948 0.32686567 0.34127956 0.41502522 0.33452707 0.31199371 0.36255310 0.43434826 0.40178639 0.39256268
0.43820948 0.32686567 0.34127956 0.41502522 0.33452707 0.31199371 0.36255310 0.43434826 0.40178639 0.39256268
0.43820948 0.32686567 0.34127956 0.41502522 0.33452707 0.31199371 0.36255310 0.43434826 0.40178639 0.39256268
0.43820948 0.32686567 0.34127956 0.41502522 0.33452707 0.31199371 0.36255310 0.43434826 0.40178639 0.39256268
0.43820948 0.32686567 0.34127956 0.41502522 0.33452707 0.31199371 0.36255310 0.43434826 0.40178639 0.39256268
0.43820948 0.32686567 0.34127956 0.41502522 0.33452707 0.31199371 0.36255310 0.43434826 0.40178639 0.39256268
0.43820948 0.32686567 0.34127956 0.41502522 0.33452707 0.31199371 0.36255310 0.43434826 0.40178639 0.39256268
0.43820948 0.32686567 0.34127956 0.41502522 0.33452707 0.31199371 0.36255310 0.43434826 0.40178639 0.39256268
0.43820948 0.32686567 0.34127956 0.41502522 0.33452707 0.31199371 0.36255310 0.43434826 0.40178639 0.39256268
0.43820948 0.32686567 0.34127956 0.41502522 0.33452707 0.31199371 0.36255310 0.43434826 0.40178639 0.39256268
0.43820948 0.32686567 0.34127956 0.41502522 0.33452707 0.31199371 0.36255310 0.43434826 0.40178639 0.39256268
0.43820948 0.32686567 0.34127956 0.41502522 0.33452707 0.31199371 0.36255310 0.43434826 0.40178639 0.39256268
0.43820948 0.32686567 0.34127956 0.41502522 0.33452707 0.31199371 0.36255310 0.43434826 0.40178639 0.39256268
0.43820948 0.32686567 0.34127956 0.41502522 0.33452707 0.31199371 0.36255310 0.43434826 0.40178639 0.39256268
0.43820948 0.32686567 0.34127956 0.41502522 0.33452707 0.31199371 0.36255310 0.43434826 0.40178639 0.39256268
0.43820948 0.32686567 0.34127956 0.41502522 0.33452707 0.31199371 0.36255310 0.43434826 0.40178639 0.39256268
0.43820948 0.32686567 0.34127956 0.41502522 0.33452707 0.31199371 0.36255310 0.43434826 0.40178639 0.39256268
0.43820948 0.32686567 0.34127956 0.41502522 0.33452707 0.31199371 0.36255310 0.43434826 0.40178639 0.39256268
0.43820948 0.32686567 0.34127956 0.41502522 0.33452707 0.31199371 0.36255310 0.43434826 0.40178639 0.39256268
0.43820948 0.32686567 0.34127956 0.41502522 0.33452707 0.31199371 0.36255310 0.43434826 0.40178639 0.39256268
0.43820948 0.32686567 0.34127956 0.41502522 0.33452707 0.31199371 0.36255310 0.43434826 0.40178639 0.39256268
0.43820948 0.32686567 0.34127956 0.41502522 0.33452707 0.31199371 0.36255310 0.43434826 0.40178639 0.39256268
0.43820948 0.32686567 0.34127956 0.41502522 0.33452707 0.31199371 0.36255310 0.43434826 0.40178639 0.39256268
0.43820948 0.32686567 0.34127956 0.41502522 0.33452707 0.31199371 0.36255310 0.43434826 0.40178639 0.39256268
0.43820948 0.32686567 0.34127956 0.41502522 0.33452707 0.31199371 0.36255310 0.43434826 0.40178639 0.39256268
0.43820948 0.32686567 0.34127956 0.41502522 0.33452707 0.31199371 0.36255310 0.43434826 0.40178639 0.39256268
0.43820948 0.32686567 0.34127956 0.41502522 0.33452707 0.31199371 0.36255310 0.43434826 0.40178639 0.39256268
0.43968886 0.32889380 0.34079857 0.41393179 0.33090836 0.31740106 0.35518479 0.44281671 0.39577464 0.38619228
0.43968886 0.32889380 0.34079857 0.41393179 0.33090836 0.31740106 0.35518479 0.44281671 0.39577464 0.38619228
0.43968886 0.32889380 0.34079857 0.41393179 0.33090836 0.31740106 0.35518479 0.44281671 0.39577464 0.38619228
0.43968886 0.32889380 0.34079857 0.41393179 0.33090836 0.31740106 0.35518479 0.44281671 0.39577464 0.38619228
0.43968886 0.32889380 0.34079857 0.41393179 0.33090836 0.31740106 0.35518479 0.44281671 0.39577464 0.38619228
0.43968886 0.32889380 0.34079857 0.41393179 0.33090836 0.31740106 0.35518479 0.44281671 0.39577464 0.38619228
0.43968886 0.32889380 0.34079857 0.41393179 0.33090836 0.31740106 0.35518479 0.44281671 0.39577464 0.38619228
0.44169273 0.33324909 0.33497391 0.42419396 0.32561346 0.32177256 0.35696261 0.44793303 0.40618266 0.37836102
0.44169273 0.33324909 0.33497391 0.42419396 0.32561346 0.32177256 0.35696261 0.44793303 0.40618266 0.37836102
0.44169273 0.33324909 0.33497391 0.42419396 0.32561346 0.32177256 0.35696261 0.44793303 0.40618266 0.37836102
0.44169273 0.33324909 0.33497391 0.42419396 0.32561346 0.32177256 0.35696261 0.44793303 0.40618266 0.37836102
0.44726551 0.33152282 0.34268233 0.42857622 0.32691026 0.32491909 0.35194941 0.45648412 0.40256159 0.37897668
0.44726551 0.33152282 0.34268233 0.42857622 0.32691026 0.32491909 0.35194941 0.45648412 0.40256159 0.37897668
0.43754349 0.33067055 0.33376932 0.42340830 0.32815348 0.32734016 0.35958533 0.45659997 0.40506199 0.37916053
0.44523890 0.33369801 0.32665684 0.43175302 0.32117847 0.33329759 0.36904318 0.45421705 0.40520066 0.37539238
0.44427401 0.33575906 0.31676535 0.44170944 0.31811449 0.33481941 0.38047656 0.45121279 0.41188056 0.37772468
0.44427401 0.33575906 0.31676535 0.44170944 0.31811449 0.33481941 0.38047656 0.45121279 0.41188056 0.37772468
0.44427401 0.33575906 0.31676535 0.44170944 0.31811449 0.33481941 0.38047656 0.45121279 0.41188056 0.37772468
0.44427401 0.33575906 0.31676535 0.44170944 0.31811449 0.33481941 0.38047656 0.45121279 0.41188056 0.37772468
0.44427401 0.33575906 0.31676535 0.44170944 0.31811449 0.33481941 0.38047656 0.45121279 0.41188056 0.37772468
0.44427401 0.33575906 0.31676535 0.44170944 0.31811449 0.33481941 0.38047656 0.45121279 0.41188056 0.37772468
0.44427401 0.33575906 0.31676535 0.44170944 0.31811449 0.33481941 0.38047656 0.45121279 0.41188056 0.37772468
0.44427401 0.33575906 0.31676535 0.44170944 0.31811449 0.33481941 0.38047656 0.45121279 0.41188056 0.37772468
0.44427401 0.33575906 0.31676535 0.44170944 0.31811449 0.33481941 0.38047656 0.45121279 0.41188056 0.37772468
0.44427401 0.33575906 0.31676535 0.44170944 0.31811449 0.33481941 0.38047656 0.45121279 0.41188056 0.37772468
0.44427401 0.33575906 0.31676535 0.44170944 0.31811449 0.33481941 0.38047656 0.45121279 0.41188056 0.37772468
0.44427401 0.33575906 0.31676535 0.44170944 0.31811449 0.33481941 0.38047656 0.45121279 0.41188056 0.37772468
0.44427401 0.33575906 0.31676535 0.44170944 0.31811449 0.33481941 0.38047656 0.45121279 0.41188056 0.37772468
0.44427401 0.33575906 0.31676535 0.44170944 0.31811449 0.33481941 0.38047656 0.45121279 0.41188056 0.37772468
0.44427401 0.33575906 0.31676535 0.44170944 0.31811449 0.33481941 0.38047656 0.45121279 0.41188056 0.37772468
0.44427401 0.33575906 0.31676535 0.44170944 0.31811449 0.33481941 0.38047656 0.45121279 0.41188056 0.37772468
0.44427401 0.33575906 0.31676535 0.44170944 0.31811449 0.33481941 0.38047656 0.45121279 0.41188056 0.37772468
0.44427401 0.33575906 0.31676535 0.44170944 0.31811449 0.33481941 0.38047656 0.45121279 0.41188056 0.37772468
0.44427401 0.33575906 0.31676535 0.44170944 0.31811449 0.33481941 0.38047656 0.45121279 0.41188056 0.37772468
0.44427401 0.33575906 0.31676535 0.44170944 0.31811449 0.33481941 0.38047656 0.45121279 0.41188056 0.37772468
0.44427401 0.33575906 0.31676535 0.44170944 0.31811449 0.33481941 0.38047656 0.45121279 0.41188056 0.37772468
0.44427401 0.33575906 0.31676535 0.44170944 0.31811449 0.33481941 0.38047656 0.45121279 0.41188056 0.37772468
0.44427401 0.33575906 0.31676535 0.44170944 0.31811449 0.33481941 0.38047656 0.45121279 0.41188056 0.37772468
0.44427401 0.33575906 0.31676535 0.44170944 0.31811449 0.33481941 0.38047656 0.45121279 0.41188056 0.37772468
0.44427401 0.33575906 0.31676535 0.44170944 0.31811449 0.33481941 0.38047656 0.45121279 0.41188056 0.37772468
0.44427401 0.33575906 0.31676535 0.44170944 0.31811449 0.33481941 0.38047656 0.45121279 0.41188056 0.37772468
0.44427401 0.33575906 0.31676535 0.44170944 0.31811449 0.33481941 0.38047656 0.45121279 0.41188056 0.37772468
0.44427401 0.33575906 0.31676535 0.44170944 0.31811449 0.33481941 0.38047656 0.45121279 0.41188056 0.37772468
0.45516386 0.33052879 0.32157509 0.43310338 0.31602985 0.33723490 0.38182265 0.45426460 0.42674960 0.37321674
0.45516386 0.33052879 0.32157509 0.43310338 0.31602985 0.33723490 0.38182265 0.45426460 0.42674960 0.37321674
0.45516386 0.33052879 0.32157509 0.43310338 0.31602985 0.33723490 0.38182265 0.45426460 0.42674960 0.37321674
0.45516386 0.33052879 0.32157509 0.43310338 0.31602985 0.33723490 0.38182265 0.45426460 0.42674960 0.37321674
0.45516386 0.33052879 0.32157509 0.43310338 0.31602985 0.33723490 0.38182265 0.45426460 0.42674960 0.37321674
0.45516386 0.33052879 0.32157509 0.43310338 0.31602985 0.33723490 0.38182265 0.45426460 0.42674960 0.37321674
0.45516386 0.33052879 0.32157509 0.43310338 0.31602985 0.33723490 0.38182265 0.45426460 0.42674960 0.37321674
0.45516386 0.33052879 0.32157509 0.43310338 0.31602985 0.33723490 0.38182265 0.45426460 0.42674960 0.37321674
0.45516386 0.33052879 0.32157509 0.43310338 0.31602985 0.33723490 0.38182265 0.45426460 0.42674960 0.37321674
0.45516386 0.33052879 0.32157509 0.43310338 0.31602985 0.33723490 0.38182265 0.45426460 0.42674960 0.37321674
0.45516386 0.33052879 0.32157509 0.43310338 0.31602985 0.33723490 0.38182265 0.45426460 0.42674960 0.37321674
0.45516386 0.33052879 0.32157509 0.43310338 0.31602985 0.33723490 0.38182265 0.45426460 0.42674960 0.37321674
0.45516386 0.33052879 0.32157509 0.43310338 0.31602985 0.33723490 0.38182265 0.45426460 0.42674960 0.37321674
0.45516386 0.33052879 0.32157509 0.43310338 0.31602985 0.33723490 0.38182265 0.45426460 0.42674960 0.37321674
0.45516386 0.33052879 0.32157509 0.43310338 0.31602985 0.33723490 0.38182265 0.45426460 0.42674960 0.37321674
0.45516386 0.33052879 0.32157509 0.43310338 0.31602985 0.33723490 0.38182265 0.45426460 0.42674960 0.37321674
0.45516386 0.33052879 0.32157509 0.43310338 0.31602985 0.33723490 0.38182265 0.45426460 0.42674960 0.37321674
0.45516386 0.33052879 0.32157509 0.43310338 0.31602985 0.33723490 0.38182265 0.45426460 0.42674960 0.37321674
0.45516386 0.33052879 0.32157509 0.43310338 0.31602985 0.33723490 0.38182265 0.45426460 0.42674960 0.37321674
