0.00000000 0.00000000 0.00000000 0.00000000 0.00000000 0.00000000 0.00000000 0.00000000 0.00000000 0.00000000
0.00000000 0.00000000 0.00000000 0.00000000 0.00000000 0.00000000 0.00000000 0.00000000 0.00000000 0.00000000
0.00000000 0.00000000 0.00000000 0.00000000 0.00000000 0.00000000 0.00000000 0.00000000 0.00000000 0.00000000
0.00000000 0.00000000 0.00000000 0.00000000 0.00000000 0.00000000 0.00000000 0.00000000 0.00000000 0.00000000
0.00000000 0.00000000 0.00000000 0.00000000 0.00000000 0.00000000 0.00000000 0.00000000 0.00000000 0.00000000
0.00000000 0.00000000 0.00000000 0.00000000 0.00000000 0.00000000 0.00000000 0.00000000 0.00000000 0.00000000
0.00000000 0.00000000 0.00000000 0.00000000 0.00000000 0.00000000 0.00000000 0.00000000 0.00000000 0.00000000
0.00000000 0.00000000 0.00000000 0.00000000 0.00000000 0.00000000 0.00000000 0.00000000 0.00000000 0.00000000
0.00000000 0.00000000 0.00000000 0.00000000 0.00000000 0.00000000 0.00000000 0.00000000 0.00000000 0.00000000
0.00000000 0.00000000 0.00000000 0.00000000 0.00000000 0.00000000 0.00000000 0.00000000 0.00000000 0.00000000
0.00000000 0.00000000 0.00000000 0.00000000 0.00000000 0.00000000 0.00000000 0.00000000 0.00000000 0.00000000
0.00000000 0.00000000 0.00000000 0.00000000 0.00000000 0.00000000 0.00000000 0.00000000 0.00000000 0.00000000
0.00000000 0.00000000 0.00000000 0.00000000 0.00000000 0.00000000 0.00000000 0.00000000 0.00000000 0.00000000
0.00000000 0.00000000 0.00000000 0.00000000 0.00000000 0.00000000 0.00000000 0.00000000 0.00000000 0.00000000
0.00000000 0.00000000 0.00000000 0.00000000 0.00000000 0.00000000 0.00000000 0.00000000 0.00000000 0.00000000
0.00000000 0.00000000 0.00000000 0.00000000 0.00000000 0.00000000 0.00000000 0.00000000 0.00000000 0.00000000
0.30957663 0.28043869 0.27075820 0.28161094 0.32413184 0.26722580 0.32743767 0.23115806 0.39749850 0.40624415
0.30957663 0.28043869 0.27075820 0.28161094 0.32413184 0.26722580 0.32743767 0.23115806 0.39749850 0.40624415
0.30957663 0.28043869 0.27075820 0.28161094 0.32413184 0.26722580 0.32743767 0.23115806 0.39749850 0.40624415
0.30957663 0.28043869 0.27075820 0.28161094 0.32413184 0.26722580 0.32743767 0.23115806 0.39749850 0.40624415
0.31325438 0.28132770 0.26166502 0.27822896 0.31665292 0.26020209 0.32541792 0.23287371 0.39682665 0.40840667
0.31325438 0.28132770 0.26166502 0.27822896 0.31665292 0.26020209 0.32541792 0.23287371 0.39682665 0.40840667
0.31325438 0.28132770 0.26166502 0.27822896 0.31665292 0.26020209 0.32541792 0.23287371 0.39682665 0.40840667
0.31325438 0.28132770 0.26166502 0.27822896 0.31665292 0.26020209 0.32541792 0.23287371 0.39682665 0.40840667
0.31325438 0.28132770 0.26166502 0.27822896 0.31665292 0.26020209 0.32541792 0.23287371 0.39682665 0.40840667
0.31043475 0.28258540 0.26278676 0.28814410 0.31459579 0.26087703 0.32632895 0.23153654 0.40087467 0.40597095
0.31043475 0.28258540 0.26278676 0.28814410 0.31459579 0.26087703 0.32632895 0.23153654 0.40087467 0.40597095
0.31043475 0.28258540 0.26278676 0.28814410 0.31459579 0.26087703 0.32632895 0.23153654 0.40087467 0.40597095
0.31043475 0.28258540 0.26278676 0.28814410 0.31459579 0.26087703 0.32632895 0.23153654 0.40087467 0.40597095
0.31043475 0.28258540 0.26278676 0.28814410 0.31459579 0.26087703 0.32632895 0.23153654 0.40087467 0.40597095
0.31043475 0.28258540 0.26278676 0.28814410 0.31459579 0.26087703 0.32632895 0.23153654 0.40087467 0.40597095
0.31043475 0.28258540 0.26278676 0.28814410 0.31459579 0.26087703 0.32632895 0.23153654 0.40087467 0.40597095
0.31043475 0.28258540 0.26278676 0.28814410 0.31459579 0.26087703 0.32632895 0.23153654 0.40087467 0.40597095
0.31043475 0.28258540 0.26278676 0.28814410 0.31459579 0.26087703 0.32632895 0.23153654 0.40087467 0.40597095
0.31043475 0.28258540 0.26278676 0.28814410 0.31459579 0.26087703 0.32632895 0.23153654 0.40087467 0.40597095
0.31043475 0.28258540 0.26278676 0.28814410 0.31459579 0.26087703 0.32632895 0.23153654 0.40087467 0.40597095
0.31043475 0.28258540 0.26278676 0.28814410 0.31459579 0.26087703 0.32632895 0.23153654 0.40087467 0.40597095
0.31043475 0.28258540 0.26278676 0.28814410 0.31459579 0.26087703 0.32632895 0.23153654 0.40087467 0.40597095
0.31043475 0.28258540 0.26278676 0.28814410 0.31459579 0.26087703 0.32632895 0.23153654 0.40087467 0.40597095
0.31043475 0.28258540 0.26278676 0.28814410 0.31459579 0.26087703 0.32632895 0.23153654 0.40087467 0.40597095
0.31043475 0.28258540 0.26278676 0.28814410 0.31459579 0.26087703 0.32632895 0.23153654 0.40087467 0.40597095
0.31043475 0.28258540 0.26278676 0.28814410 0.31459579 0.26087703 0.32632895 0.23153654 0.40087467 0.40597095
0.31043475 0.28258540 0.26278676 0.28814410 0.31459579 0.26087703 0.32632895 0.23153654 0.40087467 0.40597095
0.30482431 0.28118977 0.26274506 0.29453924 0.31802155 0.26007021 0.32814214 0.22915913 0.40244562 0.40614300
0.30482431 0.28118977 0.26274506 0.29453924 0.31802155 0.26007021 0.32814214 0.22915913 0.40244562 0.40614300
0.30482431 0.28118977 0.26274506 0.29453924 0.31802155 0.26007021 0.32814214 0.22915913 0.40244562 0.40614300
0.30482431 0.28118977 0.26274506 0.29453924 0.31802155 0.26007021 0.32814214 0.22915913 0.40244562 0.40614300
0.30482431 0.28118977 0.26274506 0.29453924 0.31802155 0.26007021 0.32814214 0.22915913 0.40244562 0.40614300
0.30482431 0.28118977 0.26274506 0.29453924 0.31802155 0.26007021 0.32814214 0.22915913 0.40244562 0.40614300
0.30482431 0.28118977 0.26274506 0.29453924 0.31802155 0.26007021 0.32814214 0.22915913 0.40244562 0.40614300
0.30482431 0.28118977 0.26274506 0.29453924 0.31802155 0.26007021 0.32814214 0.22915913 0.40244562 0.40614300
0.30482431 0.28118977 0.26274506 0.29453924 0.31802155 0.26007021 0.32814214 0.22915913 0.40244562 0.40614300
0.30482431 0.28118977 0.26274506 0.29453924 0.31802155 0.26007021 0.32814214 0.22915913 0.40244562 0.40614300
0.30482431 0.28118977 0.26274506 0.29453924 0.31802155 0.26007021 0.32814214 0.22915913 0.40244562 0.40614300
0.30482431 0.28118977 0.26274506 0.29453924 0.31802155 0.26007021 0.32814214 0.22915913 0.40244562 0.40614300
0.30482431 0.28118977 0.26274506 0.29453924 0.31802155 0.26007021 0.32814214 0.22915913 0.40244562 0.40614300
0.30482431 0.28118977 0.26274506 0.29453924 0.31802155 0.26007021 0.32814214 0.22915913 0.40244562 0.40614300
0.30482431 0.28118977 0.26274506 0.29453924 0.31802155 0.26007021 0.32814214 0.22915913 0.40244562 0.40614300
0.30342363 0.29409215 0.25485727 0.30081893 0.31019177 0.25143343 0.32484192 0.22768064 0.40023825 0.41050361
0.30342363 0.29409215 0.25485727 0.30081893 0.31019177 0.25143343 0.32484192 0.22768064 0.40023825 0.41050361
0.30189720 0.28614309 0.25646644 0.30534744 0.31388866 0.25233223 0.32120220 0.22757997 0.40484133 0.40943370
0.30189720 0.28614309 0.25646644 0.30534744 0.31388866 0.25233223 0.32120220 0.22757997 0.40484133 0.40943370
0.30189720 0.28614309 0.25646644 0.30534744 0.31388866 0.25233223 0.32120220 0.22757997 0.40484133 0.40943370
0.30189720 0.28614309 0.25646644 0.30534744 0.31388866 0.25233223 0.32120220 0.22757997 0.40484133 0.40943370
0.30189720 0.28614309 0.25646644 0.30534744 0.31388866 0.25233223 0.32120220 0.22757997 0.40484133 0.40943370
0.30094718 0.29663964 0.25906660 0.29939784 0.32472015 0.24966323 0.32105222 0.23023541 0.40562334 0.40313893
0.30094718 0.29663964 0.25906660 0.29939784 0.32472015 0.24966323 0.32105222 0.23023541 0.40562334 0.40313893
0.30094718 0.29663964 0.25906660 0.29939784 0.32472015 0.24966323 0.32105222 0.23023541 0.40562334 0.40313893
0.30094718 0.29663964 0.25906660 0.29939784 0.32472015 0.24966323 0.32105222 0.23023541 0.40562334 0.40313893
0.30094718 0.29663964 0.25906660 0.29939784 0.32472015 0.24966323 0.32105222 0.23023541 0.40562334 0.40313893
0.30094718 0.29663964 0.25906660 0.29939784 0.32472015 0.24966323 0.32105222 0.23023541 0.40562334 0.40313893
0.30094718 0.29663964 0.25906660 0.29939784 0.32472015 0.24966323 0.32105222 0.23023541 0.40562334 0.40313893
0.30094718 0.29663964 0.25906660 0.29939784 0.32472015 0.24966323 0.32105222 0.23023541 0.40562334 0.40313893
0.30556902 0.29593424 0.26316946 0.28685757 0.32202738 0.25612621 0.32228480 0.23253453 0.41185354 0.40566266
0.30556902 0.29593424 0.26316946 0.28685757 0.32202738 0.25612621 0.32228480 0.23253453 0.41185354 0.40566266
0.30556902 0.29593424 0.26316946 0.28685757 0.32202738 0.25612621 0.32228480 0.23253453 0.41185354 0.40566266
0.30231093 0.29941773 0.26363870 0.28641650 0.32197674 0.25875173 0.30886233 0.23170507 0.40564150 0.40042905
0.30231093 0.29941773 0.26363870 0.28641650 0.32197674 0.25875173 0.30886233 0.23170507 0.40564150 0.40042905
0.30231093 0.29941773 0.26363870 0.28641650 0.32197674 0.25875173 0.30886233 0.23170507 0.40564150 0.40042905
0.30231093 0.29941773 0.26363870 0.28641650 0.32197674 0.25875173 0.30886233 0.23170507 0.40564150 0.40042905
0.30231093 0.29941773 0.26363870 0.28641650 0.32197674 0.25875173 0.30886233 0.23170507 0.40564150 0.40042905
0.30231093 0.29941773 0.26363870 0.28641650 0.32197674 0.25875173 0.30886233 0.23170507 0.40564150 0.40042905
0.30197029 0.28608971 0.27094858 0.28941710 0.32866955 0.25758225 0.30776720 0.23446484 0.39693125 0.40173133
0.30197029 0.28608971 0.27094858 0.28941710 0.32866955 0.25758225 0.30776720 0.23446484 0.39693125 0.40173133
0.30197029 0.28608971 0.27094858 0.28941710 0.32866955 0.25758225 0.30776720 0.23446484 0.39693125 0.40173133
0.30197029 0.28608971 0.27094858 0.28941710 0.32866955 0.25758225 0.30776720 0.23446484 0.39693125 0.40173133
0.30197029 0.28608971 0.27094858 0.28941710 0.32866955 0.25758225 0.30776720 0.23446484 0.39693125 0.40173133
0.30197029 0.28608971 0.27094858 0.28941710 0.32866955 0.25758225 0.30776720 0.23446484 0.39693125 0.40173133
0.30197029 0.28608971 0.27094858 0.28941710 0.32866955 0.25758225 0.30776720 0.23446484 0.39693125 0.40173133
0.30197029 0.28608971 0.27094858 0.28941710 0.32866955 0.25758225 0.30776720 0.23446484 0.39693125 0.40173133
0.30301961 0.28021538 0.26665532 0.28321242 0.33008153 0.26827242 0.31080595 0.23012982 0.39302694 0.39360836
0.30301961 0.28021538 0.26665532 0.28321242 0.33008153 0.26827242 0.31080595 0.23012982 0.39302694 0.39360836
0.30301961 0.28021538 0.26665532 0.28321242 0.33008153 0.26827242 0.31080595 0.23012982 0.39302694 0.39360836
0.30301961 0.28021538 0.26665532 0.28321242 0.33008153 0.26827242 0.31080595 0.23012982 0.39302694 0.39360836
0.30301961 0.28021538 0.26665532 0.28321242 0.33008153 0.26827242 0.31080595 0.23012982 0.39302694 0.39360836
0.30301961 0.28021538 0.26665532 0.28321242 0.33008153 0.26827242 0.31080595 0.23012982 0.39302694 0.39360836
0.30301961 0.28021538 0.26665532 0.28321242 0.33008153 0.26827242 0.31080595 0.23012982 0.39302694 0.39360836
0.30301961 0.28021538 0.26665532 0.28321242 0.33008153 0.26827242 0.31080595 0.23012982 0.39302694 0.39360836
0.30041056 0.28089139 0.26403396 0.27933326 0.32191684 0.26182890 0.31299315 0.22669238 0.39301702 0.39602361
0.30041056 0.28089139 0.26403396 0.27933326 0.32191684 0.26182890 0.31299315 0.22669238 0.39301702 0.39602361
0.30041056 0.28089139 0.26403396 0.27933326 0.32191684 0.26182890 0.31299315 0.22669238 0.39301702 0.39602361
0.30041056 0.28089139 0.26403396 0.27933326 0.32191684 0.26182890 0.31299315 0.22669238 0.39301702 0.39602361
0.30041056 0.28089139 0.26403396 0.27933326 0.32191684 0.26182890 0.31299315 0.22669238 0.39301702 0.39602361
0.30041056 0.28089139 0.26403396 0.27933326 0.32191684 0.26182890 0.31299315 0.22669238 0.39301702 0.39602361
0.30041056 0.28089139 0.26403396 0.27933326 0.32191684 0.26182890 0.31299315 0.22669238 0.39301702 0.39602361
0.30041056 0.28089139 0.26403396 0.27933326 0.32191684 0.26182890 0.31299315 0.22669238 0.39301702 0.39602361
0.30041056 0.28089139 0.26403396 0.27933326 0.32191684 0.26182890 0.31299315 0.22669238 0.39301702 0.39602361
0.30041056 0.28089139 0.26403396 0.27933326 0.32191684 0.26182890 0.31299315 0.22669238 0.39301702 0.39602361
0.30041056 0.28089139 0.26403396 0.27933326 0.32191684 0.26182890 0.31299315 0.22669238 0.39301702 0.39602361
0.30041056 0.28089139 0.26403396 0.27933326 0.32191684 0.26182890 0.31299315 0.22669238 0.39301702 0.39602361
0.30041056 0.28089139 0.26403396 0.27933326 0.32191684 0.26182890 0.31299315 0.22669238 0.39301702 0.39602361
0.30041056 0.28089139 0.26403396 0.27933326 0.32191684 0.26182890 0.31299315 0.22669238 0.39301702 0.39602361
0.30041056 0.28089139 0.26403396 0.27933326 0.32191684 0.26182890 0.31299315 0.22669238 0.39301702 0.39602361
0.30092167 0.27759989 0.26699238 0.27824814 0.32118900 0.26259703 0.31571449 0.22639991 0.39074501 0.41009628
0.30092167 0.27759989 0.26699238 0.27824814 0.32118900 0.26259703 0.31571449 0.22639991 0.39074501 0.41009628
0.30092167 0.27759989 0.26699238 0.27824814 0.32118900 0.26259703 0.31571449 0.22639991 0.39074501 0.41009628
0.30092167 0.27759989 0.26699238 0.27824814 0.32118900 0.26259703 0.31571449 0.22639991 0.39074501 0.41009628
0.30092167 0.27759989 0.26699238 0.27824814 0.32118900 0.26259703 0.31571449 0.22639991 0.39074501 0.41009628
0.30092167 0.27759989 0.26699238 0.27824814 0.32118900 0.26259703 0.31571449 0.22639991 0.39074501 0.41009628
0.30092167 0.27759989 0.26699238 0.27824814 0.32118900 0.26259703 0.31571449 0.22639991 0.39074501 0.41009628
0.30092167 0.27759989 0.26699238 0.27824814 0.32118900 0.26259703 0.31571449 0.22639991 0.39074501 0.41009628
0.30092167 0.27759989 0.26699238 0.27824814 0.32118900 0.26259703 0.31571449 0.22639991 0.39074501 0.41009628
0.30092167 0.27759989 0.26699238 0.27824814 0.32118900 0.26259703 0.31571449 0.22639991 0.39074501 0.41009628
0.30092167 0.27759989 0.26699238 0.27824814 0.32118900 0.26259703 0.31571449 0.22639991 0.39074501 0.41009628
0.30092167 0.27759989 0.26699238 0.27824814 0.32118900 0.26259703 0.31571449 0.22639991 0.39074501 0.41009628
0.30092167 0.27759989 0.26699238 0.27824814 0.32118900 0.26259703 0.31571449 0.22639991 0.39074501 0.41009628
0.30092167 0.27759989 0.26699238 0.27824814 0.32118900 0.26259703 0.31571449 0.22639991 0.39074501 0.41009628
0.30317286 0.28207438 0.26530325 0.27494685 0.32777373 0.25722540 0.32464871 0.22767581 0.38955679 0.41344041
0.30317286 0.28207438 0.26530325 0.27494685 0.32777373 0.25722540 0.32464871 0.22767581 0.38955679 0.41344041
0.30317286 0.28207438 0.26530325 0.27494685 0.32777373 0.25722540 0.32464871 0.22767581 0.38955679 0.41344041
0.30317286 0.28207438 0.26530325 0.27494685 0.32777373 0.25722540 0.32464871 0.22767581 0.38955679 0.41344041
0.30317286 0.28207438 0.26530325 0.27494685 0.32777373 0.25722540 0.32464871 0.22767581 0.38955679 0.41344041
0.30317286 0.28207438 0.26530325 0.27494685 0.32777373 0.25722540 0.32464871 0.22767581 0.38955679 0.41344041
0.30317286 0.28207438 0.26530325 0.27494685 0.32777373 0.25722540 0.32464871 0.22767581 0.38955679 0.41344041
0.30317286 0.28207438 0.26530325 0.27494685 0.32777373 0.25722540 0.32464871 0.22767581 0.38955679 0.41344041
0.30317286 0.28207438 0.26530325 0.27494685 0.32777373 0.25722540 0.32464871 0.22767581 0.38955679 0.41344041
0.30317286 0.28207438 0.26530325 0.27494685 0.32777373 0.25722540 0.32464871 0.22767581 0.38955679 0.41344041
0.30317286 0.28207438 0.26530325 0.27494685 0.32777373 0.25722540 0.32464871 0.22767581 0.38955679 0.41344041
0.30317286 0.28207438 0.26530325 0.27494685 0.32777373 0.25722540 0.32464871 0.22767581 0.38955679 0.41344041
0.30317286 0.28207438 0.26530325 0.27494685 0.32777373 0.25722540 0.32464871 0.22767581 0.38955679 0.41344041
0.30317286 0.28207438 0.26530325 0.27494685 0.32777373 0.25722540 0.32464871 0.22767581 0.38955679 0.41344041
0.30317286 0.28207438 0.26530325 0.27494685 0.32777373 0.25722540 0.32464871 0.22767581 0.38955679 0.41344041
0.30317286 0.28207438 0.26530325 0.27494685 0.32777373 0.25722540 0.32464871 0.22767581 0.38955679 0.41344041
0.30317286 0.28207438 0.26530325 0.27494685 0.32777373 0.25722540 0.32464871 0.22767581 0.38955679 0.41344041
0.30317286 0.28207438 0.26530325 0.27494685 0.32777373 0.25722540 0.32464871 0.22767581 0.38955679 0.41344041
0.30317286 0.28207438 0.26530325 0.27494685 0.32777373 0.25722540 0.32464871 0.22767581 0.38955679 0.41344041
0.30317286 0.28207438 0.26530325 0.27494685 0.32777373 0.25722540 0.32464871 0.22767581 0.38955679 0.41344041
0.30317286 0.28207438 0.26530325 0.27494685 0.32777373 0.25722540 0.32464871 0.22767581 0.38955679 0.41344041
0.30317286 0.28207438 0.26530325 0.27494685 0.32777373 0.25722540 0.32464871 0.22767581 0.38955679 0.41344041
0.30317286 0.28207438 0.26530325 0.27494685 0.32777373 0.25722540 0.32464871 0.22767581 0.38955679 0.41344041
0.30317286 0.28207438 0.26530325 0.27494685 0.32777373 0.25722540 0.32464871 0.22767581 0.38955679 0.41344041
0.30317286 0.28207438 0.26530325 0.27494685 0.32777373 0.25722540 0.32464871 0.22767581 0.38955679 0.41344041
0.30317286 0.28207438 0.26530325 0.27494685 0.32777373 0.25722540 0.32464871 0.22767581 0.38955679 0.41344041
0.30317286 0.28207438 0.26530325 0.27494685 0.32777373 0.25722540 0.32464871 0.22767581 0.38955679 0.41344041
0.30259460 0.27510041 0.25869302 0.27297987 0.32752820 0.25463165 0.31841955 0.22623360 0.39149699 0.41288572
0.30259460 0.27510041 0.25869302 0.27297987 0.32752820 0.25463165 0.31841955 0.22623360 0.39149699 0.41288572
0.30259460 0.27510041 0.25869302 0.27297987 0.32752820 0.25463165 0.31841955 0.22623360 0.39149699 0.41288572
0.30259460 0.27510041 0.25869302 0.27297987 0.32752820 0.25463165 0.31841955 0.22623360 0.39149699 0.41288572
0.30259460 0.27510041 0.25869302 0.27297987 0.32752820 0.25463165 0.31841955 0.22623360 0.39149699 0.41288572
0.29890618 0.27350943 0.25688854 0.27384681 0.32694885 0.25061463 0.31242359 0.22504241 0.38903973 0.41250278
0.29890618 0.27350943 0.25688854 0.27384681 0.32694885 0.25061463 0.31242359 0.22504241 0.38903973 0.41250278
0.29890618 0.27350943 0.25688854 0.27384681 0.32694885 0.25061463 0.31242359 0.22504241 0.38903973 0.41250278
0.29890618 0.27350943 0.25688854 0.27384681 0.32694885 0.25061463 0.31242359 0.22504241 0.38903973 0.41250278
0.29890618 0.27350943 0.25688854 0.27384681 0.32694885 0.25061463 0.31242359 0.22504241 0.38903973 0.41250278
0.29890618 0.27350943 0.25688854 0.27384681 0.32694885 0.25061463 0.31242359 0.22504241 0.38903973 0.41250278
0.29890618 0.27350943 0.25688854 0.27384681 0.32694885 0.25061463 0.31242359 0.22504241 0.38903973 0.41250278
0.29890618 0.27350943 0.25688854 0.27384681 0.32694885 0.25061463 0.31242359 0.22504241 0.38903973 0.41250278
0.29890618 0.27350943 0.25688854 0.27384681 0.32694885 0.25061463 0.31242359 0.22504241 0.38903973 0.41250278
0.29890618 0.27350943 0.25688854 0.27384681 0.32694885 0.25061463 0.31242359 0.22504241 0.38903973 0.41250278
0.29890618 0.27350943 0.25688854 0.27384681 0.32694885 0.25061463 0.31242359 0.22504241 0.38903973 0.41250278
0.29890618 0.27350943 0.25688854 0.27384681 0.32694885 0.25061463 0.31242359 0.22504241 0.38903973 0.41250278
0.29890618 0.27350943 0.25688854 0.27384681 0.32694885 0.25061463 0.31242359 0.22504241 0.38903973 0.41250278
0.29890618 0.27350943 0.25688854 0.27384681 0.32694885 0.25061463 0.31242359 0.22504241 0.38903973 0.41250278
0.29890618 0.27350943 0.25688854 0.27384681 0.32694885 0.25061463 0.31242359 0.22504241 0.38903973 0.41250278
0.29890618 0.27350943 0.25688854 0.27384681 0.32694885 0.25061463 0.31242359 0.22504241 0.38903973 0.41250278
0.29890618 0.27350943 0.25688854 0.27384681 0.32694885 0.25061463 0.31242359 0.22504241 0.38903973 0.41250278
0.29890618 0.27350943 0.25688854 0.27384681 0.32694885 0.25061463 0.31242359 0.22504241 0.38903973 0.41250278
0.29890618 0.27350943 0.25688854 0.27384681 0.32694885 0.25061463 0.31242359 0.22504241 0.38903973 0.41250278
0.29890618 0.27350943 0.25688854 0.27384681 0.32694885 0.25061463 0.31242359 0.22504241 0.38903973 0.41250278
0.29890618 0.27350943 0.25688854 0.27384681 0.32694885 0.25061463 0.31242359 0.22504241 0.38903973 0.41250278
0.29890618 0.27350943 0.25688854 0.27384681 0.32694885 0.25061463 0.31242359 0.22504241 0.38903973 0.41250278
0.29890618 0.27350943 0.25688854 0.27384681 0.32694885 0.25061463 0.31242359 0.22504241 0.38903973 0.41250278
0.29890618 0.27350943 0.25688854 0.27384681 0.32694885 0.25061463 0.31242359 0.22504241 0.38903973 0.41250278
0.29890618 0.27350943 0.25688854 0.27384681 0.32694885 0.25061463 0.31242359 0.22504241 0.38903973 0.41250278
0.29890618 0.27350943 0.25688854 0.27384681 0.32694885 0.25061463 0.31242359 0.22504241 0.38903973 0.41250278
0.29890618 0.27350943 0.25688854 0.27384681 0.32694885 0.25061463 0.31242359 0.22504241 0.38903973 0.41250278
0.29890618 0.27350943 0.25688854 0.27384681 0.32694885 0.25061463 0.31242359 0.22504241 0.38903973 0.41250278
0.29890618 0.27350943 0.25688854 0.27384681 0.32694885 0.25061463 0.31242359 0.22504241 0.38903973 0.41250278
0.30092210 0.27307877 0.25698334 0.27197712 0.32145042 0.25121005 0.30705533 0.22926791 0.38816355 0.40436992
0.30092210 0.27307877 0.25698334 0.27197712 0.32145042 0.25121005 0.30705533 0.22926791 0.38816355 0.40436992
0.30092210 0.27307877 0.25698334 0.27197712 0.32145042 0.25121005 0.30705533 0.22926791 0.38816355 0.40436992
0.30092210 0.27307877 0.25698334 0.27197712 0.32145042 0.25121005 0.30705533 0.22926791 0.38816355 0.40436992
0.30092210 0.27307877 0.25698334 0.27197712 0.32145042 0.25121005 0.30705533 0.22926791 0.38816355 0.40436992
0.30092210 0.27307877 0.25698334 0.27197712 0.32145042 0.25121005 0.30705533 0.22926791 0.38816355 0.40436992
0.30092210 0.27307877 0.25698334 0.27197712 0.32145042 0.25121005 0.30705533 0.22926791 0.38816355 0.40436992
0.30092210 0.27307877 0.25698334 0.27197712 0.32145042 0.25121005 0.30705533 0.22926791 0.38816355 0.40436992
0.30092210 0.27307877 0.25698334 0.27197712 0.32145042 0.25121005 0.30705533 0.22926791 0.38816355 0.40436992
0.30092210 0.27307877 0.25698334 0.27197712 0.32145042 0.25121005 0.30705533 0.22926791 0.38816355 0.40436992
0.30092210 0.27307877 0.25698334 0.27197712 0.32145042 0.25121005 0.30705533 0.22926791 0.38816355 0.40436992
0.30887632 0.27001926 0.25803336 0.27759032 0.32057344 0.25257309 0.30224298 0.23220880 0.38192978 0.40774544
0.30887632 0.27001926 0.25803336 0.27759032 0.32057344 0.25257309 0.30224298 0.23220880 0.38192978 0.40774544
0.30089047 0.26942941 0.25339674 0.27117567 0.32032988 0.25345709 0.30633738 0.23486408 0.38005331 0.40878969
0.30543152 0.27170528 0.24940189 0.27595851 0.31345683 0.25875238 0.31272645 0.23423715 0.37989683 0.40305904
0.30546919 0.27324479 0.24192769 0.27931163 0.30713725 0.25636005 0.32394979 0.23478040 0.38552322 0.40480829
0.30546919 0.27324479 0.24192769 0.27931163 0.30713725 0.25636005 0.32394979 0.23478040 0.38552322 0.40480829
0.30546919 0.27324479 0.24192769 0.27931163 0.30713725 0.25636005 0.32394979 0.23478040 0.38552322 0.40480829
0.30546919 0.27324479 0.24192769 0.27931163 0.30713725 0.25636005 0.32394979 0.23478040 0.38552322 0.40480829
0.30546919 0.27324479 0.24192769 0.27931163 0.30713725 0.25636005 0.32394979 0.23478040 0.38552322 0.40480829
0.30546919 0.27324479 0.24192769 0.27931163 0.30713725 0.25636005 0.32394979 0.23478040 0.38552322 0.40480829
0.30546919 0.27324479 0.24192769 0.27931163 0.30713725 0.25636005 0.32394979 0.23478040 0.38552322 0.40480829
0.30546919 0.27324479 0.24192769 0.27931163 0.30713725 0.25636005 0.32394979 0.23478040 0.38552322 0.40480829
0.30546919 0.27324479 0.24192769 0.27931163 0.30713725 0.25636005 0.32394979 0.23478040 0.38552322 0.40480829
0.30546919 0.27324479 0.24192769 0.27931163 0.30713725 0.25636005 0.32394979 0.23478040 0.38552322 0.40480829
0.30546919 0.27324479 0.24192769 0.27931163 0.30713725 0.25636005 0.32394979 0.23478040 0.38552322 0.40480829
0.30546919 0.27324479 0.24192769 0.27931163 0.30713725 0.25636005 0.32394979 0.23478040 0.38552322 0.40480829
0.30546919 0.27324479 0.24192769 0.27931163 0.30713725 0.25636005 0.32394979 0.23478040 0.38552322 0.40480829
0.30546919 0.27324479 0.24192769 0.27931163 0.30713725 0.25636005 0.32394979 0.23478040 0.38552322 0.40480829
0.30546919 0.27324479 0.24192769 0.27931163 0.30713725 0.25636005 0.32394979 0.23478040 0.38552322 0.40480829
0.30546919 0.27324479 0.24192769 0.27931163 0.30713725 0.25636005 0.32394979 0.23478040 0.38552322 0.40480829
0.30546919 0.27324479 0.24192769 0.27931163 0.30713725 0.25636005 0.32394979 0.23478040 0.38552322 0.40480829
0.30546919 0.27324479 0.24192769 0.27931163 0.30713725 0.25636005 0.32394979 0.23478040 0.38552322 0.40480829
0.30546919 0.27324479 0.24192769 0.27931163 0.30713725 0.25636005 0.32394979 0.23478040 0.38552322 0.40480829
0.30546919 0.27324479 0.24192769 0.27931163 0.30713725 0.25636005 0.32394979 0.23478040 0.38552322 0.40480829
0.30546919 0.27324479 0.24192769 0.27931163 0.30713725 0.25636005 0.32394979 0.23478040 0.38552322 0.40480829
0.30546919 0.27324479 0.24192769 0.27931163 0.30713725 0.25636005 0.32394979 0.23478040 0.38552322 0.40480829
0.30546919 0.27324479 0.24192769 0.27931163 0.30713725 0.25636005 0.32394979 0.23478040 0.38552322 0.40480829
0.30546919 0.27324479 0.24192769 0.27931163 0.30713725 0.25636005 0.32394979 0.23478040 0.38552322 0.40480829
0.30546919 0.27324479 0.24192769 0.27931163 0.30713725 0.25636005 0.32394979 0.23478040 0.38552322 0.40480829
0.30546919 0.27324479 0.24192769 0.27931163 0.30713725 0.25636005 0.32394979 0.23478040 0.38552322 0.40480829
0.30546919 0.27324479 0.24192769 0.27931163 0.30713725 0.25636005 0.32394979 0.23478040 0.38552322 0.40480829
0.30546919 0.27324479 0.24192769 0.27931163 0.30713725 0.25636005 0.32394979 0.23478040 0.38552322 0.40480829
0.31206786 0.27526599 0.24743663 0.27110917 0.30972625 0.25892764 0.32942997 0.24017222 0.39940607 0.40129711
0.31206786 0.27526599 0.24743663 0.27110917 0.30972625 0.25892764 0.32942997 0.24017222 0.39940607 0.40129711
0.31206786 0.27526599 0.24743663 0.27110917 0.30972625 0.25892764 0.32942997 0.24017222 0.39940607 0.40129711
0.31206786 0.27526599 0.24743663 0.27110917 0.30972625 0.25892764 0.32942997 0.24017222 0.39940607 0.40129711
0.31206786 0.27526599 0.24743663 0.27110917 0.30972625 0.25892764 0.32942997 0.24017222 0.39940607 0.40129711
0.31206786 0.27526599 0.24743663 0.27110917 0.30972625 0.25892764 0.32942997 0.24017222 0.39940607 0.40129711
0.31206786 0.27526599 0.24743663 0.27110917 0.30972625 0.25892764 0.32942997 0.24017222 0.39940607 0.40129711
0.31206786 0.27526599 0.24743663 0.27110917 0.30972625 0.25892764 0.32942997 0.24017222 0.39940607 0.40129711
0.31206786 0.27526599 0.24743663 0.27110917 0.30972625 0.25892764 0.32942997 0.24017222 0.39940607 0.40129711
0.31206786 0.27526599 0.24743663 0.27110917 0.30972625 0.25892764 0.32942997 0.24017222 0.39940607 0.40129711
0.31206786 0.27526599 0.24743663 0.27110917 0.30972625 0.25892764 0.32942997 0.24017222 0.39940607 0.40129711
0.31206786 0.27526599 0.24743663 0.27110917 0.30972625 0.25892764 0.32942997 0.24017222 0.39940607 0.40129711
0.31206786 0.27526599 0.24743663 0.27110917 0.30972625 0.25892764 0.32942997 0.24017222 0.39940607 0.40129711
0.31206786 0.27526599 0.24743663 0.27110917 0.30972625 0.25892764 0.32942997 0.24017222 0.39940607 0.40129711
0.31206786 0.27526599 0.24743663 0.27110917 0.30972625 0.25892764 0.32942997 0.24017222 0.39940607 0.40129711
0.31206786 0.27526599 0.24743663 0.27110917 0.30972625 0.25892764 0.32942997 0.24017222 0.39940607 0.40129711
0.31206786 0.27526599 0.24743663 0.27110917 0.30972625 0.25892764 0.32942997 0.24017222 0.39940607 0.40129711
0.31206786 0.27526599 0.24743663 0.27110917 0.30972625 0.25892764 0.32942997 0.24017222 0.39940607 0.40129711
0.31206786 0.27526599 0.24743663 0.27110917 0.30972625 0.25892764 0.32942997 0.24017222 0.39940607 0.40129711
