-100.0000 -100.0000
0.1298 0.0000
-0.1673 0.0000
0.1487 0.0000
-0.1847 0.0000
0.4586 0.0000
0.3631 0.0000
0.0822 0.0000
0.4015 0.0000
0.4588 0.0000
0.0699 0.0000
0.3232 0.0000
0.4583 0.0000
0.2257 0.0000
0.0283 0.0000
0.4856 0.0000
0.4267 0.0000
0.2819 0.0000
0.3431 0.0000
0.6340 0.0000
0.4561 0.0000
0.5092 0.0000
0.3926 0.0000
0.3332 0.0000
0.4343 0.0000
-2.4044 0.0000
-0.8288 0.0000
-0.3489 0.0000
-0.4195 0.0000
-0.3007 0.0000
0.0770 0.0000
-0.3543 0.0000
-0.2591 0.0000
-0.3496 0.0000
-0.6282 0.0000
-0.4374 0.0000
-0.2203 0.0000
-0.2373 0.0000
-0.1332 0.0000
-0.1928 0.0000
-0.3663 0.0000
-0.5224 0.0000
0.0081 0.0000
-0.7917 0.0000
-0.2884 0.0000
-0.2686 0.0000
0.1158 0.0000
-0.2483 0.0000
-0.1603 0.0000
-0.5107 0.0000
-0.3404 0.0000
0.0626 0.0000
-0.7533 0.0000
-0.8592 0.0000
-0.2807 0.0000
-0.4080 0.0000
-0.4061 0.0000
-0.4987 0.0000
-0.5027 0.0000
-0.1709 0.0000
-3.4843 0.0000
-0.3780 0.0000
