-100.0000 -100.0000
0.0772 0.0000
-0.1913 0.0000
0.0914 0.0000
-0.2054 0.0000
0.3733 0.0000
0.2843 0.0000
0.0367 0.0000
0.3175 0.0000
0.3710 0.0000
0.0219 0.0000
0.2463 0.0000
0.3718 0.0000
0.1683 0.0000
-0.0012 0.0000
0.3973 0.0000
0.3450 0.0000
0.2120 0.0000
0.2655 0.0000
0.5314 0.0000
0.3649 0.0000
0.4198 0.0000
0.3049 0.0000
0.2582 0.0000
0.3476 0.0000
-2.2389 0.0000
-0.0987 0.0000
0.1850 0.0000
0.1381 0.0000
0.2191 0.0000
0.4558 0.0000
0.1807 0.0000
0.2439 0.0000
0.1799 0.0000
0.0193 0.0000
0.1303 0.0000
0.2650 0.0000
0.2566 0.0000
0.3182 0.0000
0.2810 0.0000
0.1779 0.0000
0.0828 0.0000
0.4147 0.0000
-0.0807 0.0000
0.2248 0.0000
0.2320 0.0000
0.4836 0.0000
0.2456 0.0000
0.3068 0.0000
0.0771 0.0000
0.1906 0.0000
0.4456 0.0000
-0.0583 0.0000
-0.1234 0.0000
0.2305 0.0000
0.1475 0.0000
0.1515 0.0000
0.0915 0.0000
0.0894 0.0000
0.2947 0.0000
-1.7901 0.0000
0.1675 0.0000
