-100.0000 -100.0000
0.0672 0.0000
-0.0959 0.0000
0.0800 0.0000
-0.1106 0.0000
0.2552 0.0000
0.1978 0.0000
0.0443 0.0000
0.2185 0.0000
0.2559 0.0000
0.0353 0.0000
0.1707 0.0000
0.2551 0.0000
0.1323 0.0000
0.0262 0.0000
0.2685 0.0000
0.2321 0.0000
0.1520 0.0000
0.1854 0.0000
0.3527 0.0000
0.2493 0.0000
0.2812 0.0000
0.2072 0.0000
0.1819 0.0000
0.2390 0.0000
-1.1611 0.0000
-0.2558 0.0000
-0.0465 0.0000
-0.0826 0.0000
-0.0246 0.0000
0.1385 0.0000
-0.0530 0.0000
-0.0067 0.0000
-0.0528 0.0000
-0.1625 0.0000
-0.0914 0.0000
0.0070 0.0000
0.0013 0.0000
0.0456 0.0000
0.0136 0.0000
-0.0536 0.0000
-0.1191 0.0000
0.1116 0.0000
-0.2335 0.0000
-0.0252 0.0000
-0.0183 0.0000
0.1559 0.0000
-0.0072 0.0000
0.0338 0.0000
-0.1190 0.0000
-0.0473 0.0000
0.1338 0.0000
-0.2143 0.0000
-0.2783 0.0000
-0.0165 0.0000
-0.0773 0.0000
-0.0728 0.0000
-0.1245 0.0000
-0.1138 0.0000
0.0259 0.0000
-1.7199 0.0000
-0.2397 0.0000
