0.0189 0.0295 0.1070 0.3782 0.4885 0.3481 0.0867 0.0274 0.0167 0.0430
0.0477 0.2164 0.5011 0.6074 0.3295 0.1041 0.0190 0.0189 0.0485 0.2343
0.1358 0.3378 0.4454 0.3901 0.1830 0.0804 0.0349 0.0581 0.1421 0.3360
0.5358 0.5427 0.2851 0.0986 0.0539 0.0595 0.1248 0.3619 0.5608 0.4989
0.4721 0.2737 0.0953 0.0468 0.0638 0.1269 0.3045 0.4962 0.4787 0.2669
0.2611 0.0420 0.0130 0.0193 0.1149 0.3915 0.6747 0.5905 0.2402 0.0531
0.0590 0.0169 0.0179 0.0689 0.2987 0.4992 0.4498 0.1993 0.0504 0.0253
0.0166 0.0170 0.0589 0.2927 0.5118 0.4455 0.1406 0.0353 0.0141 0.0266
0.0401 0.1886 0.4846 0.6234 0.3578 0.1140 0.0189 0.0167 0.0403 0.2091
0.0963 0.2997 0.4757 0.4718 0.2264 0.0858 0.0273 0.0388 0.1000 0.3051
0.4847 0.5306 0.3109 0.1199 0.0615 0.0598 0.1056 0.3046 0.5093 0.4899
0.5296 0.3978 0.1548 0.0595 0.0549 0.0896 0.2233 0.4671 0.5452 0.3724
0.2799 0.0496 0.0151 0.0202 0.1083 0.3639 0.6520 0.5901 0.2602 0.0612
0.1196 0.0235 0.0140 0.0364 0.2003 0.4656 0.5781 0.3680 0.1049 0.0330
0.0166 0.0119 0.0369 0.2245 0.5118 0.5135 0.2041 0.0467 0.0138 0.0195
0.0328 0.1417 0.4170 0.6077 0.3915 0.1389 0.0224 0.0162 0.0323 0.1645
0.0741 0.2718 0.4953 0.5310 0.2626 0.0905 0.0230 0.0289 0.0765 0.2821
0.3758 0.4840 0.3463 0.1686 0.0818 0.0638 0.0797 0.2101 0.3965 0.4527
0.5653 0.4949 0.2154 0.0719 0.0499 0.0695 0.1732 0.4404 0.5868 0.4556
0.3168 0.0724 0.0221 0.0238 0.0971 0.3024 0.5844 0.5738 0.3010 0.0847
0.1956 0.0307 0.0119 0.0227 0.1437 0.4368 0.6638 0.5211 0.1758 0.0409
0.0189 0.0106 0.0281 0.1784 0.4893 0.5408 0.2584 0.0612 0.0156 0.0176
0.0247 0.0780 0.2736 0.5398 0.4410 0.2038 0.0356 0.0181 0.0233 0.0991
0.0578 0.2462 0.5115 0.5840 0.2996 0.0955 0.0197 0.0220 0.0592 0.2606
0.2484 0.4196 0.3932 0.2551 0.1185 0.0702 0.0546 0.1207 0.2622 0.4016
0.5737 0.5433 0.2575 0.0824 0.0488 0.0608 0.1463 0.4144 0.5981 0.4981
0.3849 0.1367 0.0430 0.0321 0.0803 0.2098 0.4556 0.5409 0.3781 0.1462
0.2381 0.0350 0.0113 0.0187 0.1238 0.4218 0.6940 0.5845 0.2165 0.0454
0.0258 0.0113 0.0229 0.1324 0.4350 0.5414 0.3217 0.0896 0.0214 0.0184
0.0168 0.0298 0.1194 0.4175 0.5087 0.3421 0.0751 0.0230 0.0149 0.0435
0.0453 0.2190 0.5193 0.6282 0.3380 0.1022 0.0174 0.0172 0.0460 0.2371
0.1432 0.3469 0.4449 0.3805 0.1768 0.0789 0.0357 0.0613 0.1501 0.3435
0.5490 0.5541 0.2878 0.0965 0.0521 0.0581 0.1256 0.3713 0.5746 0.5086
0.4783 0.2831 0.0989 0.0474 0.0628 0.1235 0.2985 0.4958 0.4857 0.2749
0.2591 0.0398 0.0122 0.0185 0.1156 0.4015 0.6876 0.5981 0.2377 0.0506
0.0587 0.0163 0.0172 0.0671 0.2996 0.5059 0.4592 0.2026 0.0500 0.0245
0.0143 0.0138 0.0513 0.2904 0.5377 0.4790 0.1503 0.0337 0.0120 0.0223
0.0370 0.1837 0.4934 0.6418 0.3713 0.1151 0.0177 0.0151 0.0371 0.2049
0.0885 0.2923 0.4851 0.4933 0.2378 0.0868 0.0255 0.0350 0.0917 0.2992
0.4634 0.5255 0.3221 0.1298 0.0650 0.0599 0.0984 0.2823 0.4877 0.4862
0.5543 0.4555 0.1874 0.0656 0.0514 0.0771 0.1946 0.4558 0.5734 0.4216
0.2873 0.0529 0.0160 0.0206 0.1059 0.3536 0.6432 0.5900 0.2681 0.0646
0.1570 0.0265 0.0123 0.0275 0.1678 0.4548 0.6329 0.4548 0.1393 0.0363
0.0159 0.0102 0.0310 0.2071 0.5190 0.5418 0.2292 0.0498 0.0131 0.0170
0.0282 0.1178 0.3827 0.6068 0.4178 0.1560 0.0240 0.0153 0.0273 0.1410
0.0641 0.2593 0.5098 0.5659 0.2840 0.0925 0.0206 0.0244 0.0659 0.2719
0.3159 0.4586 0.3709 0.2057 0.0965 0.0660 0.0665 0.1642 0.3338 0.4327
0.5812 0.5425 0.2513 0.0792 0.0478 0.0612 0.1515 0.4259 0.6054 0.4971
0.3547 0.1036 0.0319 0.0280 0.0872 0.2483 0.5142 0.5568 0.3435 0.1152
0.2304 0.0334 0.0110 0.0189 0.1270 0.4290 0.6955 0.5787 0.2088 0.0437
0.0215 0.0103 0.0240 0.1509 0.4668 0.5515 0.2978 0.0748 0.0177 0.0171
0.0174 0.0386 0.1589 0.4711 0.5022 0.2990 0.0573 0.0196 0.0157 0.0544
0.0463 0.2261 0.5277 0.6304 0.3343 0.0997 0.0171 0.0172 0.0472 0.2435
0.1652 0.3661 0.4345 0.3488 0.1606 0.0762 0.0393 0.0724 0.1735 0.3590
0.5620 0.5626 0.2875 0.0935 0.0503 0.0571 0.1279 0.3827 0.5879 0.5158
0.4707 0.2672 0.0920 0.0457 0.0640 0.1296 0.3118 0.5009 0.4769 0.2613
0.2561 0.0380 0.0116 0.0180 0.1167 0.4096 0.6961 0.6017 0.2343 0.0487
0.0525 0.0152 0.0174 0.0725 0.3168 0.5146 0.4457 0.1849 0.0445 0.0232
0.0127 0.0128 0.0518 0.3077 0.5582 0.4885 0.1437 0.0301 0.0106 0.0210
0.0357 0.1886 0.5126 0.6595 0.3770 0.1120 0.0163 0.0140 0.0359 0.2098
0.0896 0.2954 0.4869 0.4924 0.2361 0.0861 0.0255 0.0353 0.0930 0.3018
0.4685 0.5312 0.3247 0.1293 0.0641 0.0591 0.0982 0.2846 0.4931 0.4910
0.5660 0.4819 0.2033 0.0683 0.0498 0.0721 0.1831 0.4517 0.5866 0.4442
0.2891 0.0535 0.0161 0.0206 0.1053 0.3516 0.6418 0.5905 0.2700 0.0653
0.1727 0.0277 0.0118 0.0248 0.1572 0.4511 0.6522 0.4872 0.1539 0.0375
0.0156 0.0096 0.0291 0.2017 0.5229 0.5529 0.2384 0.0507 0.0128 0.0161
0.0263 0.1092 0.3702 0.6081 0.4294 0.1633 0.0246 0.0148 0.0254 0.1323
0.0599 0.2541 0.5172 0.5823 0.2942 0.0933 0.0195 0.0225 0.0615 0.2676
0.3000 0.4519 0.3786 0.2175 0.1011 0.0665 0.0630 0.1526 0.3171 0.4276
0.5843 0.5568 0.2641 0.0822 0.0474 0.0589 0.1444 0.4191 0.6093 0.5097
0.3795 0.1293 0.0403 0.0311 0.0815 0.2173 0.4684 0.5453 0.3717 0.1394
0.2403 0.0340 0.0107 0.0179 0.1229 0.4275 0.7044 0.5942 0.2182 0.0443
0.0242 0.0106 0.0222 0.1348 0.4465 0.5517 0.3224 0.0862 0.0200 0.0173
0.0140 0.0240 0.1064 0.4229 0.5403 0.3737 0.0788 0.0211 0.0122 0.0363
0.0405 0.2143 0.5370 0.6570 0.3562 0.1024 0.0157 0.0149 0.0411 0.2334
0.1310 0.3389 0.4567 0.4043 0.1873 0.0796 0.0330 0.0547 0.1371 0.3373
0.5396 0.5614 0.3037 0.1036 0.0534 0.0565 0.1167 0.3529 0.5657 0.5155
0.5291 0.3891 0.1487 0.0577 0.0550 0.0919 0.2308 0.4736 0.5441 0.3649
0.2653 0.0411 0.0124 0.0183 0.1134 0.3965 0.6867 0.6025 0.2439 0.0520
0.1021 0.0208 0.0139 0.0403 0.2206 0.4824 0.5638 0.3325 0.0888 0.0298
0.0125 0.0096 0.0359 0.2539 0.5610 0.5429 0.1914 0.0370 0.0103 0.0163
0.0314 0.1617 0.4799 0.6571 0.3988 0.1246 0.0175 0.0134 0.0312 0.1845
0.0713 0.2725 0.5062 0.5454 0.2682 0.0898 0.0217 0.0272 0.0736 0.2830
0.3841 0.4954 0.3529 0.1684 0.0800 0.0621 0.0787 0.2126 0.4057 0.4624
0.5885 0.5482 0.2519 0.0780 0.0469 0.0605 0.1525 0.4320 0.6129 0.5019
0.3375 0.0875 0.0267 0.0258 0.0915 0.2732 0.5491 0.5665 0.3240 0.0997
0.2289 0.0324 0.0106 0.0185 0.1277 0.4345 0.7015 0.5817 0.2070 0.0426
0.0190 0.0095 0.0241 0.1620 0.4884 0.5618 0.2870 0.0670 0.0156 0.0160
0.0169 0.0414 0.1768 0.4988 0.5072 0.2865 0.0508 0.0178 0.0153 0.0579
0.0443 0.2256 0.5378 0.6442 0.3416 0.0992 0.0162 0.0161 0.0451 0.2434
0.1739 0.3746 0.4324 0.3386 0.1549 0.0750 0.0405 0.0766 0.1830 0.3659
0.5624 0.5693 0.2948 0.0957 0.0502 0.0560 0.1244 0.3781 0.5886 0.5217
0.4978 0.3196 0.1146 0.0507 0.0597 0.1111 0.2736 0.4892 0.5079 0.3060
0.2572 0.0374 0.0113 0.0176 0.1163 0.4126 0.7015 0.6066 0.2352 0.0480
0.0710 0.0172 0.0153 0.0550 0.2711 0.5035 0.5038 0.2462 0.0608 0.0255
0.0109 0.0094 0.0395 0.2857 0.5848 0.5418 0.1702 0.0309 0.0089 0.0161
0.0324 0.1763 0.5081 0.6709 0.3935 0.1167 0.0160 0.0129 0.0324 0.1986
0.0761 0.2797 0.5022 0.5315 0.2588 0.0884 0.0226 0.0292 0.0787 0.2890
0.4194 0.5125 0.3432 0.1517 0.0728 0.0605 0.0857 0.2404 0.4426 0.4762
0.5885 0.5432 0.2468 0.0766 0.0469 0.0614 0.1558 0.4360 0.6125 0.4974
0.3190 0.0727 0.0220 0.0236 0.0964 0.3019 0.5858 0.5764 0.3032 0.0850
0.2258 0.0317 0.0105 0.0185 0.1291 0.4380 0.7029 0.5799 0.2039 0.0418
0.0175 0.0090 0.0242 0.1698 0.5027 0.5682 0.2797 0.0623 0.0143 0.0153
0.0167 0.0427 0.1849 0.5106 0.5092 0.2811 0.0482 0.0170 0.0152 0.0595
0.0431 0.2247 0.5424 0.6512 0.3459 0.0992 0.0157 0.0156 0.0439 0.2427
0.1757 0.3766 0.4325 0.3369 0.1538 0.0747 0.0407 0.0774 0.1849 0.3676
0.5591 0.5709 0.2994 0.0978 0.0507 0.0556 0.1217 0.3722 0.5855 0.5233
0.5156 0.3572 0.1323 0.0543 0.0570 0.1001 0.2498 0.4813 0.5284 0.3379
0.2580 0.0375 0.0113 0.0175 0.1160 0.4123 0.7020 0.6076 0.2360 0.0481
0.0843 0.0186 0.0144 0.0471 0.2465 0.4957 0.5355 0.2866 0.0727 0.0272
0.0104 0.0085 0.0360 0.2773 0.5922 0.5588 0.1805 0.0314 0.0085 0.0148
0.0313 0.1719 0.5056 0.6740 0.3991 0.1186 0.0160 0.0126 0.0313 0.1945
0.0715 0.2740 0.5083 0.5466 0.2679 0.0893 0.0216 0.0271 0.0738 0.2844
0.3918 0.5009 0.3529 0.1655 0.0783 0.0615 0.0795 0.2175 0.4138 0.4669
0.5945 0.5660 0.2663 0.0808 0.0461 0.0577 0.1450 0.4267 0.6199 0.5176
0.3521 0.1003 0.0307 0.0274 0.0878 0.2530 0.5219 0.5598 0.3405 0.1120
0.2394 0.0328 0.0103 0.0174 0.1233 0.4342 0.7127 0.5997 0.2170 0.0430
0.0203 0.0095 0.0225 0.1496 0.4769 0.5655 0.3057 0.0738 0.0167 0.0158
0.0126 0.0218 0.1034 0.4346 0.5595 0.3875 0.0779 0.0194 0.0109 0.0335
0.0379 0.2128 0.5497 0.6749 0.3670 0.1020 0.0146 0.0136 0.0384 0.2324
0.1339 0.3429 0.4569 0.4007 0.1848 0.0789 0.0333 0.0558 0.1402 0.3405
0.5252 0.5597 0.3131 0.1102 0.0554 0.0563 0.1105 0.3353 0.5514 0.5145
0.5650 0.4737 0.1966 0.0666 0.0500 0.0737 0.1886 0.4569 0.5852 0.4370
0.2699 0.0427 0.0128 0.0185 0.1118 0.3899 0.6818 0.6028 0.2488 0.0538
0.1675 0.0264 0.0114 0.0248 0.1606 0.4587 0.6558 0.4836 0.1488 0.0360
0.0124 0.0080 0.0281 0.2215 0.5621 0.5780 0.2293 0.0424 0.0101 0.0139
0.0257 0.1183 0.4049 0.6365 0.4334 0.1536 0.0214 0.0133 0.0250 0.1419
0.0540 0.2473 0.5305 0.6083 0.3101 0.0941 0.0179 0.0198 0.0553 0.2621
0.2856 0.4476 0.3882 0.2303 0.1055 0.0666 0.0594 0.1417 0.3020 0.4244
0.5824 0.5797 0.2912 0.0903 0.0476 0.0550 0.1295 0.3981 0.6089 0.5304
0.4675 0.2591 0.0883 0.0446 0.0646 0.1330 0.3195 0.5044 0.4729 0.2543
0.2511 0.0346 0.0104 0.0169 0.1187 0.4264 0.7145 0.6111 0.2285 0.0449
0.0493 0.0142 0.0168 0.0737 0.3267 0.5251 0.4472 0.1789 0.0416 0.0219
0.0088 0.0082 0.0400 0.3152 0.6191 0.5585 0.1582 0.0255 0.0072 0.0144
0.0325 0.1892 0.5365 0.6882 0.3928 0.1102 0.0145 0.0122 0.0327 0.2110
0.0790 0.2848 0.5014 0.5247 0.2536 0.0874 0.0230 0.0303 0.0818 0.2933
0.4142 0.5125 0.3477 0.1554 0.0738 0.0603 0.0837 0.2347 0.4373 0.4764
0.5971 0.5739 0.2731 0.0822 0.0458 0.0565 0.1416 0.4241 0.6228 0.5246
0.3568 0.1047 0.0321 0.0280 0.0867 0.2468 0.5132 0.5577 0.3458 0.1162
0.2429 0.0327 0.0100 0.0169 0.1219 0.4355 0.7182 0.6069 0.2202 0.0428
0.0208 0.0094 0.0218 0.1447 0.4725 0.5676 0.3140 0.0767 0.0171 0.0157
0.0103 0.0143 0.0717 0.3952 0.5937 0.4594 0.1016 0.0205 0.0087 0.0233
0.0351 0.2075 0.5575 0.6908 0.3799 0.1030 0.0138 0.0124 0.0355 0.2280
0.1175 0.3284 0.4693 0.4324 0.2007 0.0808 0.0302 0.0478 0.1227 0.3289
0.4828 0.5442 0.3288 0.1268 0.0618 0.0574 0.0985 0.2931 0.5083 0.5021
0.5973 0.5592 0.2571 0.0777 0.0458 0.0589 0.1511 0.4362 0.6222 0.5115
0.3033 0.0616 0.0185 0.0218 0.1010 0.3285 0.6176 0.5853 0.2855 0.0737
0.2336 0.0317 0.0100 0.0175 0.1257 0.4398 0.7142 0.5956 0.2112 0.0417
0.0161 0.0084 0.0236 0.1746 0.5173 0.5794 0.2785 0.0588 0.0131 0.0143
0.0136 0.0286 0.1355 0.4769 0.5454 0.3411 0.0617 0.0175 0.0120 0.0424
0.0371 0.2146 0.5584 0.6834 0.3705 0.1009 0.0140 0.0130 0.0377 0.2343
0.1545 0.3619 0.4465 0.3685 0.1680 0.0763 0.0366 0.0659 0.1623 0.3559
0.5022 0.5538 0.3245 0.1199 0.0588 0.0565 0.1027 0.3103 0.5282 0.5099
0.5992 0.5608 0.2574 0.0775 0.0455 0.0587 0.1513 0.4377 0.6241 0.5128
0.2920 0.0545 0.0164 0.0206 0.1044 0.3486 0.6399 0.5915 0.2730 0.0664
0.2323 0.0314 0.0100 0.0175 0.1263 0.4411 0.7144 0.5945 0.2099 0.0414
0.0152 0.0081 0.0239 0.1816 0.5278 0.5832 0.2718 0.0555 0.0123 0.0140
0.0139 0.0306 0.1440 0.4861 0.5414 0.3305 0.0585 0.0172 0.0123 0.0448
0.0368 0.2146 0.5605 0.6859 0.3719 0.1008 0.0139 0.0129 0.0374 0.2344
0.1661 0.3714 0.4405 0.3519 0.1599 0.0751 0.0386 0.0718 0.1747 0.3635
0.4769 0.5433 0.3325 0.1298 0.0627 0.0573 0.0964 0.2865 0.5023 0.5014
0.6042 0.5838 0.2787 0.0823 0.0449 0.0551 0.1398 0.4266 0.6303 0.5333
0.3352 0.0851 0.0258 0.0253 0.0920 0.2774 0.5552 0.5688 0.3212 0.0972
0.2439 0.0324 0.0098 0.0166 0.1215 0.4380 0.7226 0.6110 0.2210 0.0424
0.0185 0.0088 0.0222 0.1561 0.4931 0.5757 0.3010 0.0687 0.0151 0.0149
0.0091 0.0111 0.0579 0.3751 0.6147 0.5024 0.1174 0.0209 0.0075 0.0188
0.0338 0.2071 0.5654 0.7008 0.3861 0.1027 0.0132 0.0118 0.0342 0.2278
0.1172 0.3290 0.4710 0.4340 0.2010 0.0806 0.0300 0.0475 0.1224 0.3294
0.4200 0.5179 0.3493 0.1541 0.0727 0.0596 0.0838 0.2378 0.4435 0.4809
0.5512 0.5760 0.3116 0.1034 0.0517 0.0545 0.1149 0.3575 0.5781 0.5281
0.5759 0.4971 0.2108 0.0688 0.0485 0.0694 0.1790 0.4540 0.5973 0.4571
0.2546 0.0355 0.0106 0.0170 0.1173 0.4223 0.7124 0.6125 0.2320 0.0459
0.1795 0.0270 0.0109 0.0228 0.1530 0.4580 0.6725 0.5097 0.1599 0.0366
0.0086 0.0062 0.0282 0.2654 0.6243 0.6099 0.2054 0.0305 0.0068 0.0113
0.0252 0.1191 0.4123 0.6448 0.4371 0.1524 0.0206 0.0128 0.0245 0.1427
0.0430 0.2292 0.5519 0.6579 0.3463 0.0974 0.0152 0.0152 0.0438 0.2470
0.2838 0.4492 0.3922 0.2334 0.1061 0.0662 0.0584 0.1395 0.3003 0.4258
0.4438 0.5300 0.3439 0.1441 0.0683 0.0584 0.0884 0.2568 0.4682 0.4908
0.4700 0.5424 0.3372 0.1335 0.0639 0.0572 0.0938 0.2790 0.4954 0.5009
0.5308 0.5697 0.3205 0.1112 0.0546 0.0548 0.1082 0.3353 0.5576 0.5232
0.6106 0.5892 0.2798 0.0813 0.0441 0.0544 0.1404 0.4318 0.6369 0.5380
0.4398 0.2128 0.0702 0.0402 0.0694 0.1549 0.3612 0.5157 0.4411 0.2142
0.2400 0.0425 0.0147 0.0225 0.1229 0.3849 0.6403 0.5479 0.2205 0.0539
0.0285 0.0165 0.0347 0.1630 0.4172 0.4728 0.2501 0.0776 0.0243 0.0255
0.0393 0.1365 0.3616 0.5375 0.3614 0.1466 0.0294 0.0219 0.0386 0.1584
0.0913 0.2860 0.4667 0.4745 0.2336 0.0891 0.0276 0.0376 0.0945 0.2933
0.4715 0.4938 0.2792 0.1120 0.0637 0.0659 0.1175 0.3136 0.4937 0.4579
0.4715 0.3086 0.1174 0.0550 0.0639 0.1133 0.2612 0.4615 0.4810 0.2972
0.2826 0.0808 0.0299 0.0328 0.1073 0.2785 0.4986 0.4912 0.2694 0.0936
0.0778 0.0360 0.0387 0.0980 0.2574 0.3661 0.3068 0.1698 0.0698 0.0487
0.0448 0.0739 0.1637 0.3308 0.3407 0.2281 0.0776 0.0452 0.0421 0.0927
0.0735 0.2240 0.4105 0.4705 0.2640 0.1078 0.0310 0.0349 0.0747 0.2385
0.1871 0.3521 0.3806 0.2929 0.1471 0.0814 0.0504 0.0926 0.1956 0.3456
0.4724 0.4622 0.2452 0.0997 0.0636 0.0721 0.1354 0.3371 0.4926 0.4302
0.4320 0.2500 0.0939 0.0510 0.0708 0.1346 0.2953 0.4621 0.4367 0.2472
0.2521 0.0736 0.0302 0.0362 0.1180 0.2888 0.4824 0.4549 0.2388 0.0868
0.0667 0.0370 0.0464 0.1217 0.2798 0.3554 0.2592 0.1358 0.0599 0.0501
0.0485 0.0887 0.1921 0.3505 0.3277 0.2046 0.0677 0.0436 0.0462 0.1084
0.0792 0.2320 0.4073 0.4554 0.2534 0.1058 0.0323 0.0377 0.0807 0.2453
0.2082 0.3627 0.3663 0.2671 0.1360 0.0803 0.0557 0.1066 0.2178 0.3537
0.4763 0.4507 0.2311 0.0939 0.0630 0.0747 0.1447 0.3506 0.4956 0.4200
0.4121 0.2164 0.0795 0.0472 0.0746 0.1505 0.3244 0.4704 0.4139 0.2181
0.2338 0.0660 0.0282 0.0367 0.1253 0.3043 0.4890 0.4426 0.2199 0.0792
0.0586 0.0343 0.0474 0.1332 0.2992 0.3638 0.2458 0.1204 0.0523 0.0471
0.0483 0.0928 0.2035 0.3632 0.3285 0.1985 0.0636 0.0417 0.0461 0.1127
0.0794 0.2355 0.4131 0.4593 0.2530 0.1044 0.0317 0.0373 0.0810 0.2485
0.2146 0.3684 0.3658 0.2621 0.1330 0.0794 0.0565 0.1101 0.2247 0.3584
0.4864 0.4535 0.2272 0.0905 0.0613 0.0745 0.1491 0.3619 0.5059 0.4222
0.4064 0.2004 0.0718 0.0444 0.0758 0.1597 0.3449 0.4812 0.4066 0.2039
0.2274 0.0585 0.0246 0.0340 0.1281 0.3239 0.5177 0.4549 0.2123 0.0714
0.0513 0.0294 0.0436 0.1361 0.3199 0.3869 0.2511 0.1127 0.0454 0.0414
0.0453 0.0903 0.2072 0.3771 0.3389 0.2004 0.0609 0.0388 0.0431 0.1103
0.0769 0.2375 0.4247 0.4733 0.2575 0.1031 0.0300 0.0352 0.0785 0.2506
0.2179 0.3748 0.3703 0.2623 0.1314 0.0781 0.0560 0.1108 0.2285 0.3639
0.4995 0.4622 0.2270 0.0877 0.0593 0.0733 0.1516 0.3731 0.5196 0.4293
0.4025 0.1884 0.0661 0.0421 0.0766 0.1673 0.3622 0.4907 0.4015 0.1932
0.2199 0.0547 0.0232 0.0335 0.1315 0.3345 0.5272 0.4538 0.2045 0.0673
0.0466 0.0280 0.0447 0.1459 0.3351 0.3923 0.2402 0.1026 0.0411 0.0398
0.0455 0.0965 0.2232 0.3924 0.3379 0.1918 0.0563 0.0369 0.0435 0.1168
0.0784 0.2439 0.4316 0.4751 0.2547 0.1010 0.0295 0.0353 0.0802 0.2563
0.2371 0.3870 0.3631 0.2451 0.1231 0.0766 0.0597 0.1228 0.2488 0.3736
0.5043 0.4577 0.2196 0.0843 0.0586 0.0744 0.1577 0.3832 0.5240 0.4251
0.3931 0.1725 0.0595 0.0399 0.0785 0.1781 0.3825 0.4982 0.3905 0.1790
0.2103 0.0504 0.0218 0.0332 0.1360 0.3471 0.5366 0.4505 0.1945 0.0629
0.0426 0.0262 0.0445 0.1533 0.3498 0.4008 0.2343 0.0950 0.0374 0.0377
0.0446 0.0997 0.2355 0.4078 0.3413 0.1870 0.0526 0.0348 0.0427 0.1202
0.0774 0.2481 0.4428 0.4856 0.2567 0.0992 0.0282 0.0340 0.0792 0.2603
0.2425 0.3949 0.3672 0.2439 0.1209 0.0751 0.0594 0.1246 0.2549 0.3803
0.5153 0.4727 0.2268 0.0845 0.0569 0.0718 0.1548 0.3868 0.5360 0.4379
0.3987 0.1748 0.0596 0.0394 0.0773 0.1768 0.3845 0.5035 0.3964 0.1810
0.2155 0.0489 0.0203 0.0309 0.1336 0.3539 0.5561 0.4682 0.1991 0.0611
0.0413 0.0242 0.0412 0.1483 0.3549 0.4146 0.2458 0.0967 0.0360 0.0352
0.0424 0.0917 0.2218 0.4023 0.3495 0.1967 0.0552 0.0348 0.0404 0.1120
0.0752 0.2448 0.4438 0.4913 0.2607 0.1000 0.0277 0.0330 0.0769 0.2575
0.2372 0.3911 0.3685 0.2481 0.1230 0.0757 0.0586 0.1214 0.2491 0.3772
0.5154 0.4689 0.2231 0.0833 0.0569 0.0726 0.1574 0.3898 0.5358 0.4346
0.3918 0.1632 0.0549 0.0378 0.0788 0.1855 0.4007 0.5096 0.3882 0.1705
0.2137 0.0455 0.0185 0.0292 0.1345 0.3667 0.5759 0.4794 0.1966 0.0574
0.0371 0.0213 0.0384 0.1506 0.3729 0.4343 0.2505 0.0917 0.0321 0.0316
0.0399 0.0889 0.2241 0.4144 0.3595 0.1991 0.0534 0.0326 0.0379 0.1093
0.0725 0.2455 0.4539 0.5047 0.2658 0.0992 0.0264 0.0311 0.0742 0.2583
0.2324 0.3932 0.3770 0.2562 0.1250 0.0749 0.0562 0.1166 0.2443 0.3792
0.5256 0.4825 0.2295 0.0833 0.0554 0.0702 0.1550 0.3936 0.5468 0.4461
0.3982 0.1693 0.0568 0.0381 0.0775 0.1811 0.3953 0.5104 0.3952 0.1760
0.2190 0.0461 0.0183 0.0284 0.1320 0.3655 0.5811 0.4880 0.2017 0.0580
0.0375 0.0210 0.0372 0.1466 0.3711 0.4380 0.2571 0.0942 0.0324 0.0311
0.0392 0.0879 0.2239 0.4170 0.3624 0.2002 0.0531 0.0321 0.0372 0.1083
0.0721 0.2461 0.4566 0.5078 0.2667 0.0988 0.0261 0.0308 0.0738 0.2590
0.2341 0.3950 0.3774 0.2553 0.1243 0.0746 0.0563 0.1174 0.2462 0.3807
0.5290 0.4846 0.2293 0.0826 0.0549 0.0700 0.1557 0.3966 0.5503 0.4478
0.3918 0.1578 0.0521 0.0364 0.0788 0.1901 0.4127 0.5176 0.3875 0.1656
0.2197 0.0433 0.0168 0.0265 0.1317 0.3772 0.6019 0.5026 0.2017 0.0549
0.0350 0.0185 0.0335 0.1426 0.3827 0.4591 0.2711 0.0941 0.0300 0.0280
0.0356 0.0762 0.2039 0.4113 0.3784 0.2170 0.0568 0.0315 0.0335 0.0960
0.0677 0.2405 0.4621 0.5225 0.2760 0.0999 0.0249 0.0286 0.0691 0.2543
0.2139 0.3850 0.3894 0.2769 0.1333 0.0755 0.0518 0.1041 0.2248 0.3729
0.5315 0.4965 0.2393 0.0852 0.0545 0.0678 0.1497 0.3910 0.5535 0.4581
0.4052 0.1740 0.0577 0.0379 0.0760 0.1781 0.3940 0.5144 0.4027 0.1801
0.2303 0.0437 0.0161 0.0248 0.1270 0.3777 0.6166 0.5227 0.2117 0.0553
0.0364 0.0177 0.0305 0.1311 0.3760 0.4689 0.2924 0.1026 0.0311 0.0269
0.0325 0.0651 0.1816 0.4006 0.3939 0.2369 0.0623 0.0315 0.0303 0.0841
0.0636 0.2359 0.4686 0.5376 0.2851 0.1007 0.0238 0.0266 0.0649 0.2505
0.1946 0.3753 0.4024 0.3003 0.1430 0.0764 0.0474 0.0918 0.2044 0.3654
0.5365 0.5114 0.2509 0.0878 0.0538 0.0651 0.1434 0.3865 0.5594 0.4711
0.4180 0.1903 0.0635 0.0393 0.0735 0.1674 0.3768 0.5116 0.4172 0.1946
0.2395 0.0444 0.0156 0.0236 0.1231 0.3768 0.6267 0.5381 0.2206 0.0559
0.0380 0.0174 0.0284 0.1222 0.3689 0.4749 0.3095 0.1104 0.0325 0.0264
0.0305 0.0571 0.1629 0.3879 0.4048 0.2548 0.0681 0.0320 0.0282 0.0751
0.0609 0.2313 0.4708 0.5466 0.2918 0.1018 0.0232 0.0254 0.0620 0.2465
0.1720 0.3611 0.4160 0.3297 0.1561 0.0780 0.0428 0.0786 0.1804 0.3542
0.5337 0.5213 0.2633 0.0922 0.0542 0.0632 0.1358 0.3751 0.5573 0.4800
0.4416 0.2268 0.0774 0.0430 0.0691 0.1471 0.3402 0.5021 0.4443 0.2265
0.2528 0.0465 0.0157 0.0226 0.1179 0.3706 0.6325 0.5540 0.2337 0.0582
0.0436 0.0176 0.0254 0.1047 0.3462 0.4782 0.3446 0.1315 0.0373 0.0266
0.0278 0.0455 0.1330 0.3619 0.4211 0.2877 0.0805 0.0337 0.0252 0.0618
0.0569 0.2228 0.4711 0.5580 0.3021 0.1042 0.0226 0.0238 0.0578 0.2391
0.1487 0.3443 0.4309 0.3645 0.1725 0.0800 0.0381 0.0657 0.1556 0.3408
0.5271 0.5268 0.2740 0.0971 0.0551 0.0620 0.1290 0.3621 0.5512 0.4850
0.4620 0.2616 0.0914 0.0464 0.0655 0.1315 0.3103 0.4939 0.4677 0.2567
0.2624 0.0479 0.0156 0.0218 0.1144 0.3672 0.6379 0.5660 0.2431 0.0595
0.0525 0.0182 0.0223 0.0858 0.3167 0.4796 0.3896 0.1634 0.0450 0.0271
0.0246 0.0335 0.1004 0.3278 0.4425 0.3353 0.1006 0.0362 0.0219 0.0476
0.0521 0.2104 0.4676 0.5699 0.3158 0.1080 0.0221 0.0221 0.0527 0.2281
0.1285 0.3274 0.4442 0.3989 0.1897 0.0823 0.0343 0.0552 0.1341 0.3272
0.5146 0.5267 0.2833 0.1029 0.0570 0.0615 0.1223 0.3455 0.5388 0.4854
0.4781 0.2923 0.1046 0.0495 0.0628 0.1198 0.2868 0.4865 0.4862 0.2829
0.2692 0.0493 0.0157 0.0215 0.1120 0.3631 0.6389 0.5723 0.2499 0.0610
0.0646 0.0194 0.0199 0.0700 0.2848 0.4754 0.4341 0.2032 0.0557 0.0286
0.0225 0.0253 0.0757 0.2924 0.4584 0.3824 0.1254 0.0398 0.0196 0.0374
0.0478 0.1950 0.4561 0.5758 0.3294 0.1138 0.0223 0.0209 0.0481 0.2141
0.1066 0.3065 0.4604 0.4430 0.2131 0.0853 0.0300 0.0443 0.1108 0.3103
0.4799 0.5199 0.3023 0.1181 0.0623 0.0615 0.1085 0.3060 0.5038 0.4806
0.5126 0.3661 0.1397 0.0571 0.0574 0.0974 0.2384 0.4694 0.5261 0.3456
0.2850 0.0557 0.0174 0.0220 0.1066 0.3436 0.6238 0.5751 0.2666 0.0677
0.0921 0.0227 0.0174 0.0506 0.2343 0.4608 0.5012 0.2817 0.0804 0.0323
0.0212 0.0197 0.0577 0.2577 0.4687 0.4265 0.1548 0.0445 0.0182 0.0301
0.0433 0.1777 0.4416 0.5815 0.3455 0.1210 0.0227 0.0198 0.0433 0.1982
0.0922 0.2920 0.4741 0.4782 0.2322 0.0875 0.0270 0.0374 0.0955 0.2985
0.4447 0.5099 0.3187 0.1340 0.0682 0.0619 0.0973 0.2704 0.4679 0.4730
0.5376 0.4255 0.1721 0.0637 0.0537 0.0832 0.2059 0.4559 0.5550 0.3961
0.3004 0.0635 0.0196 0.0229 0.1018 0.3228 0.6043 0.5742 0.2832 0.0757
0.1310 0.0265 0.0149 0.0358 0.1890 0.4468 0.5721 0.3807 0.1159 0.0365
0.0202 0.0153 0.0428 0.2220 0.4770 0.4737 0.1932 0.0509 0.0171 0.0241
0.0375 0.1485 0.4039 0.5772 0.3691 0.1366 0.0247 0.0189 0.0370 0.1705
0.0784 0.2755 0.4876 0.5160 0.2547 0.0902 0.0241 0.0310 0.0809 0.2850
0.3810 0.4848 0.3425 0.1649 0.0806 0.0639 0.0814 0.2152 0.4019 0.4532
0.5594 0.4842 0.2094 0.0712 0.0507 0.0713 0.1767 0.4402 0.5803 0.4464
0.3276 0.0823 0.0254 0.0255 0.0941 0.2822 0.5567 0.5640 0.3134 0.0945
0.1805 0.0313 0.0134 0.0262 0.1523 0.4291 0.6303 0.4808 0.1621 0.0418
0.0212 0.0132 0.0336 0.1875 0.4689 0.5044 0.2348 0.0611 0.0178 0.0211
0.0320 0.1086 0.3261 0.5428 0.3961 0.1684 0.0314 0.0198 0.0309 0.1309
0.0678 0.2594 0.4960 0.5467 0.2757 0.0933 0.0221 0.0265 0.0697 0.2715
0.2972 0.4442 0.3714 0.2152 0.1019 0.0679 0.0644 0.1534 0.3138 0.4209
0.5674 0.5199 0.2381 0.0780 0.0496 0.0648 0.1574 0.4237 0.5904 0.4775
0.3639 0.1152 0.0360 0.0298 0.0850 0.2330 0.4894 0.5477 0.3544 0.1262
0.2157 0.0350 0.0127 0.0221 0.1336 0.4165 0.6595 0.5384 0.1957 0.0457
0.0241 0.0127 0.0285 0.1580 0.4467 0.5166 0.2736 0.0749 0.0202 0.0204
0.0267 0.0693 0.2270 0.4821 0.4276 0.2222 0.0455 0.0224 0.0250 0.0893
0.0598 0.2444 0.4999 0.5703 0.2944 0.0966 0.0208 0.0233 0.0612 0.2587
0.2142 0.3957 0.4038 0.2854 0.1331 0.0732 0.0492 0.1010 0.2256 0.3823
0.5616 0.5389 0.2617 0.0860 0.0504 0.0611 0.1417 0.4006 0.5860 0.4946
0.4160 0.1794 0.0583 0.0371 0.0739 0.1750 0.3957 0.5230 0.4140 0.1848
0.2432 0.0385 0.0126 0.0199 0.1217 0.4043 0.6741 0.5746 0.2223 0.0494
0.0319 0.0133 0.0234 0.1191 0.3984 0.5186 0.3345 0.1058 0.0268 0.0211
0.0209 0.0372 0.1315 0.4031 0.4706 0.3111 0.0738 0.0263 0.0188 0.0525
0.0497 0.2236 0.5056 0.6041 0.3230 0.1017 0.0190 0.0194 0.0506 0.2408
0.1449 0.3471 0.4420 0.3765 0.1754 0.0790 0.0363 0.0624 0.1518 0.3436
0.5466 0.5506 0.2857 0.0964 0.0524 0.0586 0.1262 0.3706 0.5719 0.5056
0.4786 0.2857 0.1004 0.0479 0.0627 0.1224 0.2955 0.4937 0.4862 0.2772
0.2623 0.0428 0.0133 0.0195 0.1144 0.3883 0.6712 0.5891 0.2417 0.0539
0.0544 0.0165 0.0188 0.0749 0.3113 0.5000 0.4307 0.1826 0.0463 0.0249
0.0178 0.0205 0.0706 0.3122 0.4989 0.4127 0.1235 0.0338 0.0154 0.0313
0.0425 0.1982 0.4917 0.6194 0.3484 0.1103 0.0188 0.0173 0.0428 0.2179
0.1033 0.3078 0.4707 0.4560 0.2172 0.0845 0.0285 0.0420 0.1074 0.3118
0.4949 0.5351 0.3081 0.1162 0.0599 0.0594 0.1082 0.3142 0.5197 0.4935
0.5317 0.4024 0.1572 0.0600 0.0546 0.0886 0.2210 0.4663 0.5476 0.3763
0.2819 0.0510 0.0155 0.0205 0.1077 0.3593 0.6468 0.5882 0.2625 0.0627
0.1132 0.0231 0.0145 0.0388 0.2072 0.4661 0.5644 0.3502 0.0992 0.0326
0.0169 0.0131 0.0410 0.2367 0.5084 0.4962 0.1892 0.0446 0.0142 0.0212
0.0349 0.1576 0.4442 0.6172 0.3811 0.1291 0.0207 0.0161 0.0346 0.1799
0.0771 0.2771 0.4945 0.5237 0.2570 0.0894 0.0234 0.0301 0.0797 0.2866
0.4058 0.5004 0.3401 0.1551 0.0755 0.0621 0.0851 0.2326 0.4280 0.4660
0.5671 0.4947 0.2141 0.0712 0.0497 0.0696 0.1747 0.4433 0.5886 0.4553
0.3161 0.0719 0.0219 0.0237 0.0973 0.3034 0.5855 0.5740 0.3002 0.0842
0.1866 0.0302 0.0122 0.0240 0.1487 0.4381 0.6532 0.5037 0.1674 0.0403
0.0187 0.0111 0.0302 0.1877 0.4914 0.5315 0.2446 0.0581 0.0155 0.0183
0.0275 0.0986 0.3257 0.5671 0.4223 0.1765 0.0297 0.0173 0.0263 0.1209
0.0616 0.2538 0.5096 0.5722 0.2898 0.0938 0.0203 0.0235 0.0633 0.2671
0.2752 0.4361 0.3845 0.2340 0.1089 0.0684 0.0592 0.1372 0.2907 0.4148
0.5779 0.5470 0.2583 0.0818 0.0482 0.0603 0.1466 0.4176 0.6025 0.5012
0.3851 0.1369 0.0430 0.0321 0.0803 0.2096 0.4554 0.5408 0.3783 0.1463
0.2362 0.0352 0.0115 0.0191 0.1246 0.4200 0.6892 0.5793 0.2148 0.0457
0.0251 0.0114 0.0238 0.1377 0.4396 0.5384 0.3117 0.0858 0.0209 0.0185
0.0187 0.0379 0.1476 0.4446 0.4903 0.3040 0.0633 0.0220 0.0168 0.0536
0.0480 0.2261 0.5193 0.6192 0.3287 0.1002 0.0178 0.0182 0.0489 0.2434
0.1568 0.3585 0.4375 0.3598 0.1664 0.0773 0.0381 0.0682 0.1646 0.3528
0.5552 0.5575 0.2868 0.0949 0.0512 0.0577 0.1271 0.3772 0.5808 0.5114
0.4760 0.2784 0.0969 0.0469 0.0631 0.1252 0.3023 0.4972 0.4831 0.2709
0.2587 0.0399 0.0123 0.0186 0.1158 0.4009 0.6861 0.5966 0.2373 0.0508
0.0529 0.0156 0.0180 0.0738 0.3156 0.5093 0.4389 0.1830 0.0449 0.0238
0.0146 0.0159 0.0606 0.3140 0.5333 0.4524 0.1319 0.0311 0.0124 0.0253
0.0383 0.1945 0.5088 0.6466 0.3653 0.1103 0.0170 0.0151 0.0386 0.2150
0.0965 0.3026 0.4797 0.4743 0.2261 0.0850 0.0269 0.0386 0.1003 0.3077
0.4901 0.5386 0.3161 0.1203 0.0607 0.0586 0.1043 0.3058 0.5152 0.4969
0.5504 0.4437 0.1799 0.0640 0.0520 0.0796 0.2010 0.4596 0.5688 0.4114
0.2835 0.0508 0.0154 0.0202 0.1072 0.3603 0.6500 0.5915 0.2639 0.0624
0.1406 0.0252 0.0129 0.0308 0.1806 0.4597 0.6116 0.4191 0.1242 0.0348
0.0157 0.0107 0.0336 0.2186 0.5216 0.5320 0.2153 0.0470 0.0130 0.0178
0.0304 0.1372 0.4223 0.6232 0.4045 0.1409 0.0213 0.0149 0.0298 0.1603
0.0682 0.2661 0.5064 0.5532 0.2748 0.0912 0.0214 0.0260 0.0702 0.2776
0.3492 0.4762 0.3609 0.1859 0.0879 0.0642 0.0726 0.1875 0.3689 0.4468
0.5823 0.5386 0.2464 0.0776 0.0477 0.0620 0.1548 0.4306 0.6063 0.4936
0.3440 0.0937 0.0287 0.0267 0.0898 0.2630 0.5347 0.5621 0.3314 0.1057
0.2235 0.0328 0.0111 0.0195 0.1301 0.4308 0.6901 0.5682 0.2023 0.0431
0.0202 0.0102 0.0251 0.1607 0.4776 0.5506 0.2840 0.0691 0.0167 0.0170
0.0196 0.0511 0.2019 0.5049 0.4814 0.2579 0.0464 0.0185 0.0180 0.0693
0.0492 0.2328 0.5261 0.6200 0.3248 0.0980 0.0176 0.0183 0.0502 0.2494
0.1896 0.3844 0.4225 0.3175 0.1457 0.0740 0.0436 0.0855 0.1996 0.3737
0.5689 0.5642 0.2840 0.0910 0.0494 0.0571 0.1308 0.3911 0.5947 0.5169
0.4587 0.2449 0.0828 0.0434 0.0661 0.1391 0.3308 0.5068 0.4629 0.2421
0.2536 0.0373 0.0114 0.0179 0.1177 0.4126 0.6978 0.6009 0.2318 0.0479
0.0434 0.0139 0.0186 0.0851 0.3471 0.5230 0.4126 0.1539 0.0366 0.0216
0.0130 0.0149 0.0617 0.3342 0.5545 0.4608 0.1249 0.0276 0.0109 0.0239
0.0372 0.1976 0.5225 0.6600 0.3702 0.1084 0.0160 0.0142 0.0375 0.2182
0.0979 0.3052 0.4803 0.4723 0.2242 0.0845 0.0270 0.0390 0.1018 0.3099
0.4981 0.5443 0.3164 0.1182 0.0594 0.0579 0.1053 0.3118 0.5235 0.5016
0.5569 0.4581 0.1881 0.0654 0.0511 0.0767 0.1946 0.4575 0.5761 0.4237
0.2825 0.0499 0.0150 0.0200 0.1075 0.3633 0.6539 0.5935 0.2628 0.0615
0.1528 0.0259 0.0123 0.0280 0.1709 0.4580 0.6308 0.4480 0.1354 0.0356
0.0149 0.0098 0.0314 0.2154 0.5303 0.5461 0.2231 0.0468 0.0123 0.0165
0.0285 0.1291 0.4139 0.6272 0.4155 0.1461 0.0215 0.0143 0.0279 0.1524
0.0637 0.2606 0.5136 0.5695 0.2848 0.0920 0.0203 0.0240 0.0656 0.2731
0.3228 0.4647 0.3718 0.2029 0.0946 0.0652 0.0670 0.1679 0.3413 0.4378
0.5877 0.5575 0.2623 0.0810 0.0470 0.0589 0.1461 0.4234 0.6127 0.5102
0.3723 0.1214 0.0377 0.0301 0.0831 0.2260 0.4818 0.5488 0.3636 0.1319
0.2374 0.0339 0.0108 0.0182 0.1241 0.4276 0.7014 0.5894 0.2155 0.0442
0.0224 0.0103 0.0231 0.1442 0.4596 0.5528 0.3082 0.0791 0.0185 0.0171
0.0159 0.0326 0.1399 0.4588 0.5183 0.3240 0.0631 0.0197 0.0141 0.0472
0.0429 0.2209 0.5359 0.6475 0.3466 0.1006 0.0161 0.0158 0.0437 0.2392
0.1537 0.3585 0.4430 0.3670 0.1686 0.0770 0.0370 0.0661 0.1613 0.3530
0.5530 0.5651 0.2973 0.0986 0.0515 0.0564 0.1217 0.3683 0.5792 0.5183
0.5114 0.3492 0.1286 0.0537 0.0576 0.1023 0.2542 0.4822 0.5237 0.3311
0.2613 0.0395 0.0119 0.0181 0.1148 0.4034 0.6926 0.6035 0.2397 0.0503
0.0786 0.0183 0.0151 0.0510 0.2564 0.4957 0.5172 0.2668 0.0676 0.0269
0.0121 0.0103 0.0405 0.2753 0.5658 0.5280 0.1726 0.0335 0.0100 0.0174
0.0329 0.1758 0.5029 0.6651 0.3907 0.1173 0.0164 0.0133 0.0329 0.1980
0.0772 0.2809 0.5006 0.5279 0.2568 0.0883 0.0229 0.0297 0.0798 0.2900
0.4188 0.5120 0.3431 0.1519 0.0730 0.0606 0.0857 0.2400 0.4419 0.4757
0.5874 0.5397 0.2439 0.0760 0.0470 0.0620 0.1575 0.4373 0.6113 0.4944
0.3201 0.0737 0.0223 0.0238 0.0962 0.2998 0.5830 0.5754 0.3044 0.0859
0.2184 0.0315 0.0108 0.0195 0.1324 0.4374 0.6935 0.5659 0.1970 0.0416
0.0175 0.0094 0.0254 0.1745 0.5023 0.5617 0.2714 0.0608 0.0144 0.0158
0.0200 0.0617 0.2456 0.5470 0.4776 0.2306 0.0375 0.0163 0.0186 0.0815
0.0476 0.2334 0.5349 0.6309 0.3297 0.0973 0.0168 0.0174 0.0487 0.2502
0.2079 0.3992 0.4170 0.2985 0.1361 0.0720 0.0463 0.0951 0.2193 0.3856
0.5723 0.5729 0.2911 0.0924 0.0489 0.0558 0.1278 0.3892 0.5986 0.5246
0.4833 0.2900 0.1014 0.0477 0.0620 0.1210 0.2948 0.4963 0.4912 0.2807
0.2551 0.0368 0.0111 0.0175 0.1171 0.4155 0.7033 0.6061 0.2330 0.0474
0.0535 0.0151 0.0169 0.0703 0.3138 0.5168 0.4539 0.1901 0.0454 0.0230
0.0110 0.0108 0.0471 0.3121 0.5828 0.5153 0.1483 0.0281 0.0091 0.0182
0.0341 0.1897 0.5261 0.6749 0.3847 0.1108 0.0153 0.0130 0.0343 0.2111
0.0848 0.2912 0.4939 0.5069 0.2436 0.0865 0.0243 0.0330 0.0880 0.2985
0.4522 0.5278 0.3341 0.1377 0.0669 0.0591 0.0927 0.2678 0.4766 0.4885
0.5866 0.5341 0.2389 0.0748 0.0471 0.0629 0.1606 0.4404 0.6101 0.4894
0.3073 0.0645 0.0195 0.0223 0.0998 0.3210 0.6085 0.5823 0.2901 0.0767
0.2131 0.0307 0.0107 0.0198 0.1349 0.4411 0.6923 0.5598 0.1919 0.0407
0.0165 0.0090 0.0256 0.1814 0.5136 0.5664 0.2652 0.0572 0.0135 0.0153
0.0204 0.0670 0.2652 0.5627 0.4744 0.2194 0.0345 0.0156 0.0190 0.0874
0.0475 0.2341 0.5372 0.6330 0.3303 0.0970 0.0166 0.0172 0.0485 0.2508
0.2171 0.4057 0.4136 0.2892 0.1317 0.0712 0.0477 0.1002 0.2291 0.3909
0.5717 0.5751 0.2943 0.0935 0.0490 0.0554 0.1261 0.3865 0.5981 0.5267
0.4942 0.3117 0.1109 0.0498 0.0602 0.1136 0.2793 0.4915 0.5038 0.2992
0.2553 0.0366 0.0110 0.0174 0.1170 0.4165 0.7051 0.6077 0.2332 0.0471
0.0597 0.0158 0.0162 0.0637 0.2969 0.5126 0.4748 0.2113 0.0508 0.0238
0.0103 0.0096 0.0427 0.3049 0.5935 0.5351 0.1573 0.0281 0.0085 0.0165
0.0331 0.1866 0.5266 0.6796 0.3898 0.1117 0.0151 0.0126 0.0332 0.2084
0.0800 0.2856 0.4996 0.5213 0.2518 0.0874 0.0233 0.0308 0.0828 0.2939
0.4341 0.5208 0.3408 0.1460 0.0701 0.0596 0.0882 0.2516 0.4579 0.4830
0.5938 0.5564 0.2566 0.0783 0.0462 0.0593 0.1507 0.4333 0.6186 0.5090
0.3285 0.0799 0.0242 0.0246 0.0938 0.2871 0.5675 0.5717 0.3138 0.0922
0.2309 0.0321 0.0104 0.0181 0.1268 0.4369 0.7072 0.5879 0.2089 0.0422
0.0178 0.0090 0.0239 0.1670 0.5000 0.5688 0.2836 0.0636 0.0145 0.0153
0.0159 0.0388 0.1719 0.5026 0.5180 0.2950 0.0512 0.0171 0.0143 0.0549
0.0410 0.2214 0.5481 0.6624 0.3541 0.0997 0.0151 0.0147 0.0417 0.2400
0.1698 0.3731 0.4370 0.3457 0.1575 0.0750 0.0395 0.0740 0.1786 0.3649
0.5501 0.5708 0.3063 0.1020 0.0519 0.0553 0.1171 0.3601 0.5767 0.5235
0.5490 0.4338 0.1727 0.0621 0.0521 0.0817 0.2080 0.4656 0.5668 0.4029
0.2632 0.0396 0.0119 0.0179 0.1141 0.4030 0.6940 0.6061 0.2415 0.0504
0.1264 0.0228 0.0126 0.0325 0.1934 0.4744 0.6068 0.3961 0.1108 0.0320
0.0110 0.0080 0.0315 0.2510 0.5833 0.5733 0.2034 0.0356 0.0089 0.0139
0.0292 0.1535 0.4761 0.6653 0.4113 0.1285 0.0173 0.0127 0.0289 0.1767
0.0621 0.2608 0.5203 0.5787 0.2888 0.0916 0.0196 0.0231 0.0639 0.2734
0.3419 0.4777 0.3699 0.1933 0.0897 0.0636 0.0695 0.1797 0.3616 0.4485
0.5914 0.5806 0.2851 0.0867 0.0465 0.0551 0.1341 0.4104 0.6177 0.5309
0.4291 0.1944 0.0631 0.0381 0.0714 0.1655 0.3818 0.5226 0.4285 0.1980
0.2482 0.0339 0.0103 0.0169 0.1198 0.4298 0.7160 0.6098 0.2256 0.0441
0.0315 0.0115 0.0194 0.1060 0.4008 0.5467 0.3739 0.1158 0.0262 0.0185
0.0094 0.0107 0.0528 0.3528 0.6079 0.5120 0.1285 0.0229 0.0078 0.0181
0.0340 0.2009 0.5508 0.6908 0.3850 0.1055 0.0140 0.0123 0.0344 0.2219
0.0937 0.3031 0.4881 0.4855 0.2300 0.0845 0.0258 0.0368 0.0974 0.3084
0.4638 0.5361 0.3345 0.1344 0.0649 0.0581 0.0940 0.2759 0.4888 0.4955
0.5989 0.5660 0.2631 0.0791 0.0456 0.0578 0.1477 0.4332 0.6242 0.5175
0.3222 0.0749 0.0226 0.0239 0.0956 0.2973 0.5804 0.5753 0.3067 0.0871
0.2346 0.0320 0.0101 0.0176 0.1253 0.4381 0.7129 0.5955 0.2122 0.0421
0.0173 0.0087 0.0234 0.1674 0.5048 0.5740 0.2852 0.0628 0.0141 0.0149
0.0140 0.0301 0.1407 0.4799 0.5401 0.3333 0.0601 0.0175 0.0124 0.0443
0.0380 0.2161 0.5558 0.6784 0.3666 0.1007 0.0143 0.0134 0.0386 0.2355
0.1559 0.3629 0.4456 0.3662 0.1670 0.0762 0.0369 0.0666 0.1638 0.3567
0.5199 0.5612 0.3191 0.1135 0.0561 0.0559 0.1073 0.3274 0.5462 0.5159
0.5894 0.5337 0.2365 0.0736 0.0468 0.0631 0.1628 0.4449 0.6129 0.4889
0.2798 0.0477 0.0143 0.0194 0.1084 0.3712 0.6636 0.5980 0.2595 0.0591
0.2099 0.0298 0.0105 0.0196 0.1364 0.4465 0.6962 0.5596 0.1887 0.0397
0.0136 0.0079 0.0256 0.2002 0.5468 0.5834 0.2517 0.0485 0.0110 0.0137
0.0206 0.0747 0.2955 0.5873 0.4722 0.2048 0.0303 0.0144 0.0194 0.0961
0.0433 0.2283 0.5486 0.6547 0.3453 0.0978 0.0154 0.0154 0.0441 0.2461
0.2261 0.4134 0.4124 0.2817 0.1276 0.0702 0.0488 0.1048 0.2388 0.3972
0.5353 0.5677 0.3145 0.1081 0.0539 0.0553 0.1114 0.3426 0.5619 0.5212
0.5827 0.5155 0.2234 0.0712 0.0476 0.0662 0.1708 0.4495 0.6052 0.4731
0.2669 0.0411 0.0123 0.0181 0.1128 0.3966 0.6886 0.6053 0.2454 0.0521
0.1957 0.0285 0.0107 0.0210 0.1437 0.4516 0.6855 0.5370 0.1752 0.0383
0.0118 0.0073 0.0264 0.2197 0.5716 0.5914 0.2358 0.0419 0.0095 0.0129
0.0227 0.0940 0.3500 0.6156 0.4550 0.1778 0.0252 0.0136 0.0217 0.1168
0.0445 0.2313 0.5474 0.6497 0.3407 0.0971 0.0157 0.0159 0.0454 0.2487
0.2441 0.4250 0.4056 0.2651 0.1201 0.0689 0.0518 0.1154 0.2580 0.4064
0.5189 0.5616 0.3205 0.1142 0.0563 0.0558 0.1066 0.3257 0.5453 0.5164
0.5979 0.5545 0.2517 0.0762 0.0457 0.0597 0.1545 0.4409 0.6225 0.5072
0.2777 0.0465 0.0139 0.0192 0.1090 0.3753 0.6678 0.5993 0.2572 0.0579
0.2256 0.0308 0.0101 0.0181 0.1292 0.4434 0.7101 0.5852 0.2034 0.0408
0.0135 0.0077 0.0247 0.1970 0.5482 0.5888 0.2571 0.0491 0.0109 0.0133
0.0168 0.0480 0.2106 0.5390 0.5081 0.2629 0.0420 0.0156 0.0154 0.0659
0.0376 0.2172 0.5608 0.6832 0.3685 0.1001 0.0140 0.0131 0.0382 0.2367
0.2032 0.3991 0.4234 0.3063 0.1384 0.0717 0.0447 0.0916 0.2144 0.3858
0.4737 0.5429 0.3347 0.1315 0.0633 0.0573 0.0952 0.2831 0.4991 0.5012
0.5963 0.5917 0.2941 0.0881 0.0459 0.0535 0.1304 0.4086 0.6232 0.5408
0.4292 0.1942 0.0630 0.0381 0.0713 0.1654 0.3818 0.5227 0.4285 0.1979
0.2475 0.0328 0.0098 0.0164 0.1201 0.4364 0.7242 0.6154 0.2245 0.0428
0.0317 0.0113 0.0188 0.1037 0.3998 0.5502 0.3806 0.1182 0.0263 0.0182
0.0073 0.0066 0.0351 0.3205 0.6499 0.5936 0.1652 0.0232 0.0059 0.0119
0.0326 0.2008 0.5613 0.7034 0.3925 0.1048 0.0132 0.0115 0.0329 0.2221
0.0794 0.2869 0.5038 0.5255 0.2529 0.0869 0.0229 0.0302 0.0822 0.2952
0.3842 0.5015 0.3604 0.1717 0.0799 0.0610 0.0765 0.2095 0.4062 0.4677
0.4633 0.5390 0.3386 0.1361 0.0650 0.0576 0.0925 0.2733 0.4884 0.4981
0.5413 0.5738 0.3169 0.1075 0.0531 0.0545 0.1112 0.3460 0.5682 0.5265
0.5964 0.5474 0.2455 0.0748 0.0459 0.0609 0.1581 0.4442 0.6205 0.5009
0.2586 0.0372 0.0111 0.0173 0.1158 0.4137 0.7047 0.6101 0.2364 0.0478
0.2129 0.0297 0.0102 0.0191 0.1350 0.4478 0.7015 0.5665 0.1913 0.0395
0.0098 0.0066 0.0268 0.2415 0.6016 0.6052 0.2222 0.0356 0.0079 0.0118
0.0212 0.0816 0.3176 0.6014 0.4675 0.1940 0.0279 0.0139 0.0200 0.1036
0.0390 0.2210 0.5592 0.6767 0.3622 0.0991 0.0143 0.0136 0.0397 0.2400
0.2763 0.4447 0.3945 0.2389 0.1085 0.0667 0.0571 0.1349 0.2923 0.4222
0.4994 0.5543 0.3274 0.1217 0.0592 0.0563 0.1012 0.3064 0.5255 0.5105
0.6029 0.5899 0.2867 0.0847 0.0450 0.0540 0.1354 0.4199 0.6296 0.5389
0.4221 0.1837 0.0592 0.0370 0.0727 0.1722 0.3940 0.5261 0.4205 0.1886
0.2474 0.0334 0.0101 0.0168 0.1201 0.4324 0.7187 0.6111 0.2246 0.0436
0.0279 0.0108 0.0199 0.1158 0.4214 0.5536 0.3571 0.1032 0.0231 0.0176
0.0093 0.0109 0.0554 0.3636 0.6107 0.5066 0.1228 0.0219 0.0077 0.0185
0.0342 0.2041 0.5563 0.6934 0.3841 0.1041 0.0137 0.0122 0.0346 0.2249
0.1054 0.3160 0.4784 0.4580 0.2145 0.0826 0.0280 0.0421 0.1098 0.3189
0.5054 0.5537 0.3218 0.1182 0.0583 0.0566 0.1042 0.3143 0.5314 0.5097
0.5873 0.5302 0.2346 0.0734 0.0470 0.0637 0.1637 0.4445 0.6105 0.4859
0.2938 0.0558 0.0168 0.0209 0.1039 0.3447 0.6354 0.5898 0.2751 0.0677
0.2010 0.0296 0.0109 0.0209 0.1409 0.4457 0.6839 0.5414 0.1804 0.0395
0.0149 0.0087 0.0267 0.1960 0.5305 0.5688 0.2503 0.0513 0.0122 0.0149
0.0236 0.0955 0.3476 0.6082 0.4488 0.1767 0.0257 0.0142 0.0225 0.1182
0.0506 0.2412 0.5348 0.6213 0.3201 0.0953 0.0172 0.0184 0.0518 0.2570
0.2694 0.4385 0.3941 0.2427 0.1109 0.0676 0.0565 0.1313 0.2848 0.4171
0.5875 0.5802 0.2878 0.0882 0.0470 0.0551 0.1321 0.4050 0.6139 0.5307
0.4583 0.2428 0.0817 0.0430 0.0661 0.1401 0.3335 0.5085 0.4623 0.2402
0.2513 0.0354 0.0107 0.0173 0.1186 0.4222 0.7088 0.6070 0.2290 0.0458
0.0380 0.0128 0.0187 0.0927 0.3692 0.5344 0.3986 0.1376 0.0318 0.0201
0.0108 0.0126 0.0585 0.3516 0.5862 0.4854 0.1230 0.0242 0.0090 0.0208
0.0351 0.2004 0.5426 0.6814 0.3800 0.1062 0.0146 0.0129 0.0354 0.2212
0.0949 0.3040 0.4862 0.4819 0.2283 0.0844 0.0261 0.0374 0.0987 0.3090
0.4799 0.5419 0.3283 0.1274 0.0623 0.0577 0.0983 0.2912 0.5053 0.5001
0.5895 0.5380 0.2408 0.0747 0.0468 0.0623 0.1600 0.4416 0.6132 0.4928
0.3022 0.0611 0.0184 0.0218 0.1013 0.3299 0.6189 0.5853 0.2844 0.0732
0.2103 0.0304 0.0107 0.0199 0.1362 0.4427 0.6913 0.5563 0.1892 0.0404
0.0157 0.0088 0.0260 0.1879 0.5221 0.5684 0.2587 0.0544 0.0128 0.0150
0.0218 0.0797 0.3049 0.5867 0.4627 0.1976 0.0297 0.0148 0.0206 0.1015
0.0481 0.2362 0.5383 0.6319 0.3284 0.0964 0.0167 0.0174 0.0491 0.2527
0.2360 0.4186 0.4070 0.2715 0.1235 0.0697 0.0508 0.1109 0.2493 0.4012
0.5769 0.5794 0.2951 0.0926 0.0483 0.0548 0.1266 0.3905 0.6035 0.5303
0.4996 0.3225 0.1158 0.0509 0.0594 0.1102 0.2720 0.4892 0.5100 0.3084
0.2554 0.0365 0.0110 0.0174 0.1170 0.4171 0.7060 0.6084 0.2332 0.0470
0.0617 0.0160 0.0159 0.0618 0.2920 0.5116 0.4811 0.2179 0.0525 0.0241
0.0099 0.0094 0.0425 0.3092 0.5996 0.5391 0.1561 0.0273 0.0082 0.0161
0.0328 0.1887 0.5331 0.6847 0.3911 0.1106 0.0147 0.0124 0.0330 0.2105
0.0782 0.2840 0.5027 0.5273 0.2550 0.0875 0.0228 0.0299 0.0809 0.2927
0.4303 0.5210 0.3443 0.1486 0.0708 0.0594 0.0866 0.2472 0.4541 0.4833
0.5996 0.5717 0.2688 0.0805 0.0455 0.0569 0.1446 0.4296 0.6252 0.5226
0.3493 0.0976 0.0298 0.0271 0.0885 0.2570 0.5275 0.5614 0.3372 0.1094
0.2387 0.0327 0.0102 0.0174 0.1236 0.4348 0.7128 0.5991 0.2163 0.0428
0.0193 0.0093 0.0229 0.1553 0.4854 0.5675 0.2985 0.0701 0.0158 0.0156
0.0135 0.0267 0.1248 0.4610 0.5466 0.3536 0.0667 0.0184 0.0119 0.0398
0.0381 0.2151 0.5530 0.6762 0.3661 0.1011 0.0145 0.0135 0.0387 0.2346
0.1436 0.3523 0.4522 0.3852 0.1765 0.0776 0.0348 0.0605 0.1506 0.3482
0.5267 0.5629 0.3158 0.1107 0.0552 0.0558 0.1096 0.3348 0.5531 0.5173
0.5787 0.5066 0.2178 0.0703 0.0482 0.0677 0.1742 0.4506 0.6006 0.4654
0.2746 0.0450 0.0135 0.0189 0.1101 0.3811 0.6733 0.6006 0.2538 0.0563
0.1841 0.0278 0.0110 0.0225 0.1502 0.4535 0.6725 0.5148 0.1643 0.0375
0.0127 0.0079 0.0274 0.2156 0.5582 0.5797 0.2353 0.0440 0.0103 0.0138
0.0248 0.1113 0.3901 0.6313 0.4394 0.1598 0.0223 0.0134 0.0240 0.1347
0.0508 0.2424 0.5363 0.6220 0.3197 0.0950 0.0171 0.0184 0.0520 0.2580
0.2730 0.4414 0.3939 0.2405 0.1096 0.0672 0.0570 0.1333 0.2887 0.4195
0.5724 0.5806 0.3001 0.0950 0.0489 0.0545 0.1235 0.3833 0.5992 0.5316
0.5237 0.3743 0.1406 0.0559 0.0557 0.0956 0.2401 0.4783 0.5376 0.3523
0.2553 0.0361 0.0108 0.0172 0.1171 0.4194 0.7090 0.6106 0.2330 0.0465
0.0866 0.0186 0.0141 0.0455 0.2428 0.4962 0.5433 0.2948 0.0747 0.0273
0.0090 0.0074 0.0343 0.2886 0.6163 0.5786 0.1794 0.0284 0.0073 0.0132
0.0311 0.1774 0.5208 0.6849 0.4007 0.1154 0.0151 0.0121 0.0311 0.1999
0.0671 0.2691 0.5156 0.5624 0.2771 0.0900 0.0205 0.0251 0.0692 0.2804
0.3669 0.4916 0.3638 0.1799 0.0837 0.0621 0.0737 0.1973 0.3880 0.4596
0.5903 0.5866 0.2929 0.0891 0.0466 0.0541 0.1300 0.4040 0.6171 0.5364
0.4651 0.2545 0.0864 0.0441 0.0649 0.1348 0.3234 0.5058 0.4702 0.2504
0.2499 0.0340 0.0102 0.0168 0.1191 0.4298 0.7178 0.6125 0.2271 0.0442
0.0419 0.0130 0.0176 0.0838 0.3529 0.5341 0.4219 0.1539 0.0352 0.0205
0.0084 0.0081 0.0411 0.3276 0.6282 0.5595 0.1520 0.0239 0.0068 0.0142
0.0328 0.1966 0.5507 0.6959 0.3914 0.1068 0.0138 0.0118 0.0331 0.2180
0.0800 0.2871 0.5020 0.5228 0.2517 0.0869 0.0231 0.0306 0.0829 0.2953
0.4101 0.5130 0.3518 0.1585 0.0746 0.0600 0.0819 0.2301 0.4332 0.4769
0.5926 0.5887 0.2935 0.0887 0.0463 0.0539 0.1301 0.4057 0.6194 0.5382
0.4609 0.2469 0.0833 0.0434 0.0657 0.1381 0.3300 0.5078 0.4653 0.2438
0.2490 0.0335 0.0101 0.0166 0.1195 0.4323 0.7202 0.6136 0.2261 0.0437
0.0389 0.0125 0.0179 0.0887 0.3654 0.5386 0.4109 0.1435 0.0325 0.0198
0.0080 0.0076 0.0393 0.3269 0.6359 0.5700 0.1551 0.0235 0.0064 0.0135
