0.0254 0.0423 0.1996 0.5522 0.6827 0.4019 0.1287 0.0520 0.0392 0.0836
0.0561 0.1249 0.3282 0.5361 0.5154 0.2204 0.0770 0.0580 0.0709 0.1880
0.2138 0.4956 0.5594 0.4227 0.2051 0.0612 0.0358 0.0827 0.2002 0.5154
0.5313 0.4497 0.2130 0.0262 0.0251 0.0452 0.1166 0.3543 0.5080 0.4673
0.4295 0.1046 0.0354 0.0039 0.0186 0.1296 0.4105 0.5820 0.4813 0.1543
0.1638 0.0187 0.0137 0.0051 0.0594 0.3661 0.6137 0.5173 0.2476 0.0416
0.0471 0.0164 0.0402 0.0723 0.3321 0.4825 0.3923 0.1908 0.0809 0.0389
0.0225 0.0347 0.1782 0.5425 0.7011 0.4371 0.1425 0.0524 0.0361 0.0719
0.0437 0.0905 0.2862 0.5463 0.5729 0.2701 0.0898 0.0555 0.0587 0.1482
0.1857 0.4586 0.5550 0.4631 0.2403 0.0691 0.0363 0.0754 0.1773 0.4866
0.4390 0.5017 0.3297 0.0738 0.0480 0.0452 0.0748 0.2341 0.4111 0.5124
0.5601 0.2008 0.0544 0.0039 0.0121 0.0784 0.3224 0.5965 0.5796 0.2508
0.1955 0.0237 0.0150 0.0045 0.0483 0.3231 0.5944 0.5370 0.2814 0.0499
0.0721 0.0142 0.0226 0.0237 0.1872 0.4680 0.5122 0.3078 0.1226 0.0344
0.0203 0.0273 0.1498 0.5091 0.7099 0.4778 0.1652 0.0553 0.0338 0.0597
0.0345 0.0663 0.2495 0.5546 0.6243 0.3224 0.1037 0.0534 0.0491 0.1174
0.1390 0.3552 0.5034 0.4920 0.3048 0.0935 0.0430 0.0693 0.1411 0.4028
0.3363 0.5323 0.4605 0.1930 0.0949 0.0480 0.0489 0.1439 0.3099 0.5405
0.6385 0.3139 0.0813 0.0046 0.0097 0.0533 0.2489 0.5840 0.6340 0.3507
0.2367 0.0322 0.0176 0.0042 0.0390 0.2731 0.5609 0.5508 0.3212 0.0631
0.1017 0.0133 0.0148 0.0098 0.1106 0.4497 0.5999 0.4211 0.1691 0.0321
0.0211 0.0224 0.1173 0.4174 0.6768 0.5021 0.2001 0.0661 0.0361 0.0510
0.0295 0.0534 0.2257 0.5583 0.6565 0.3606 0.1146 0.0522 0.0437 0.0998
0.0955 0.2391 0.4301 0.5153 0.3914 0.1358 0.0545 0.0637 0.1058 0.3020
0.2771 0.5497 0.5464 0.3243 0.1435 0.0500 0.0373 0.1032 0.2529 0.5568
0.6463 0.4070 0.1234 0.0076 0.0112 0.0431 0.1841 0.5212 0.6275 0.4287
0.3089 0.0520 0.0230 0.0040 0.0286 0.2058 0.5035 0.5671 0.3851 0.0909
0.1282 0.0138 0.0121 0.0059 0.0778 0.4261 0.6380 0.4906 0.2071 0.0328
0.0275 0.0187 0.0765 0.2366 0.5573 0.5058 0.2696 0.1000 0.0477 0.0440
0.0252 0.0427 0.2024 0.5591 0.6860 0.4011 0.1270 0.0513 0.0389 0.0842
0.0621 0.1426 0.3479 0.5344 0.4928 0.2017 0.0719 0.0588 0.0764 0.2072
0.2344 0.5373 0.5826 0.4196 0.1887 0.0545 0.0331 0.0840 0.2150 0.5484
0.5632 0.4735 0.2126 0.0229 0.0215 0.0415 0.1168 0.3732 0.5357 0.4857
0.4651 0.1224 0.0383 0.0037 0.0163 0.1150 0.3935 0.5918 0.5096 0.1733
0.1607 0.0175 0.0128 0.0048 0.0594 0.3762 0.6264 0.5235 0.2456 0.0395
0.0481 0.0155 0.0368 0.0640 0.3184 0.4886 0.4104 0.2015 0.0832 0.0372
0.0212 0.0321 0.1726 0.5476 0.7135 0.4523 0.1466 0.0516 0.0343 0.0678
0.0416 0.0851 0.2791 0.5495 0.5845 0.2802 0.0923 0.0549 0.0565 0.1415
0.1873 0.4685 0.5645 0.4717 0.2408 0.0675 0.0352 0.0743 0.1779 0.4946
0.4162 0.5305 0.3815 0.1026 0.0578 0.0438 0.0629 0.2013 0.3853 0.5365
0.6337 0.2794 0.0686 0.0038 0.0093 0.0582 0.2784 0.6071 0.6351 0.3208
0.2087 0.0258 0.0155 0.0043 0.0446 0.3078 0.5876 0.5448 0.2950 0.0533
0.0863 0.0131 0.0171 0.0139 0.1403 0.4651 0.5708 0.3732 0.1462 0.0319
0.0191 0.0239 0.1367 0.4936 0.7160 0.5001 0.1780 0.0566 0.0326 0.0539
0.0319 0.0598 0.2386 0.5585 0.6412 0.3406 0.1085 0.0526 0.0463 0.1087
0.1314 0.3392 0.4969 0.5014 0.3193 0.0983 0.0439 0.0676 0.1348 0.3896
0.3090 0.5635 0.5276 0.2717 0.1189 0.0467 0.0396 0.1170 0.2808 0.5667
0.6779 0.4044 0.1086 0.0055 0.0090 0.0416 0.2026 0.5642 0.6595 0.4255
0.2842 0.0441 0.0208 0.0040 0.0314 0.2272 0.5250 0.5639 0.3643 0.0802
0.1192 0.0128 0.0120 0.0063 0.0847 0.4418 0.6409 0.4796 0.1958 0.0310
0.0240 0.0193 0.0890 0.3028 0.6127 0.5120 0.2438 0.0846 0.0418 0.0452
0.0262 0.0454 0.2097 0.5621 0.6800 0.3901 0.1229 0.0512 0.0399 0.0884
0.0756 0.1822 0.3856 0.5276 0.4471 0.1690 0.0632 0.0608 0.0886 0.2478
0.2526 0.5642 0.5924 0.4058 0.1734 0.0503 0.0321 0.0869 0.2290 0.5694
0.5940 0.4801 0.1987 0.0182 0.0180 0.0396 0.1243 0.4039 0.5653 0.4901
0.4749 0.1266 0.0387 0.0036 0.0156 0.1118 0.3911 0.5962 0.5178 0.1778
0.1534 0.0161 0.0121 0.0048 0.0618 0.3910 0.6375 0.5232 0.2382 0.0369
0.0462 0.0153 0.0377 0.0684 0.3312 0.4933 0.4059 0.1952 0.0803 0.0369
0.0207 0.0318 0.1737 0.5556 0.7196 0.4553 0.1459 0.0507 0.0337 0.0673
0.0435 0.0907 0.2873 0.5489 0.5746 0.2700 0.0894 0.0552 0.0585 0.1484
0.2066 0.5114 0.5883 0.4686 0.2221 0.0600 0.0325 0.0756 0.1919 0.5286
0.4137 0.5461 0.4018 0.1129 0.0601 0.0426 0.0590 0.1923 0.3810 0.5492
0.6739 0.3294 0.0770 0.0036 0.0079 0.0492 0.2578 0.6158 0.6663 0.3629
0.2162 0.0272 0.0158 0.0042 0.0427 0.2993 0.5831 0.5485 0.3025 0.0553
0.0913 0.0126 0.0155 0.0116 0.1272 0.4652 0.5909 0.3964 0.1545 0.0310
0.0187 0.0227 0.1317 0.4868 0.7180 0.5088 0.1833 0.0572 0.0321 0.0518
0.0311 0.0580 0.2355 0.5600 0.6466 0.3462 0.1099 0.0523 0.0454 0.1062
0.1322 0.3429 0.5002 0.5035 0.3186 0.0974 0.0434 0.0674 0.1354 0.3927
0.3031 0.5748 0.5479 0.2968 0.1257 0.0460 0.0371 0.1104 0.2741 0.5761
0.6798 0.4361 0.1240 0.0065 0.0094 0.0389 0.1834 0.5436 0.6571 0.4514
0.3248 0.0564 0.0238 0.0039 0.0266 0.1950 0.4953 0.5728 0.3990 0.0967
0.1256 0.0127 0.0112 0.0055 0.0774 0.4385 0.6532 0.4988 0.2055 0.0308
0.0273 0.0179 0.0730 0.2275 0.5546 0.5127 0.2780 0.1023 0.0477 0.0424
0.0242 0.0408 0.1994 0.5642 0.6948 0.4099 0.1288 0.0506 0.0377 0.0815
0.0653 0.1524 0.3585 0.5344 0.4819 0.1926 0.0693 0.0591 0.0793 0.2176
0.2461 0.5714 0.6090 0.4347 0.1837 0.0500 0.0303 0.0821 0.2221 0.5756
0.5233 0.5200 0.2819 0.0409 0.0297 0.0397 0.0889 0.3014 0.4902 0.5247
0.6174 0.2454 0.0596 0.0034 0.0095 0.0648 0.3045 0.6180 0.6254 0.2908
0.1782 0.0198 0.0133 0.0044 0.0524 0.3526 0.6188 0.5371 0.2649 0.0433
0.0679 0.0134 0.0223 0.0249 0.1981 0.4805 0.5151 0.3009 0.1170 0.0329
0.0184 0.0259 0.1534 0.5432 0.7359 0.4922 0.1622 0.0513 0.0310 0.0574
0.0361 0.0708 0.2579 0.5560 0.6159 0.3113 0.1002 0.0535 0.0507 0.1234
0.1809 0.4629 0.5675 0.4867 0.2514 0.0690 0.0348 0.0720 0.1724 0.4904
0.3432 0.5741 0.5045 0.2206 0.0970 0.0438 0.0427 0.1337 0.3113 0.5741
0.7079 0.4213 0.1043 0.0045 0.0074 0.0387 0.2086 0.5923 0.6874 0.4384
0.2754 0.0413 0.0199 0.0040 0.0325 0.2360 0.5343 0.5636 0.3569 0.0763
0.1156 0.0120 0.0115 0.0062 0.0865 0.4524 0.6493 0.4807 0.1921 0.0296
0.0220 0.0192 0.0953 0.3420 0.6439 0.5192 0.2327 0.0772 0.0385 0.0451
0.0263 0.0461 0.2118 0.5646 0.6798 0.3878 0.1217 0.0510 0.0400 0.0893
0.0858 0.2126 0.4116 0.5239 0.4180 0.1499 0.0579 0.0620 0.0974 0.2773
0.2631 0.5839 0.6038 0.4049 0.1665 0.0476 0.0309 0.0874 0.2364 0.5850
0.5827 0.5028 0.2241 0.0227 0.0200 0.0384 0.1115 0.3754 0.5510 0.5089
0.5603 0.1877 0.0493 0.0034 0.0116 0.0817 0.3414 0.6113 0.5828 0.2382
0.1579 0.0163 0.0120 0.0045 0.0591 0.3869 0.6403 0.5307 0.2439 0.0373
0.0573 0.0139 0.0274 0.0379 0.2495 0.4891 0.4721 0.2535 0.0995 0.0340
0.0183 0.0267 0.1594 0.5582 0.7409 0.4884 0.1571 0.0498 0.0307 0.0589
0.0384 0.0771 0.2680 0.5542 0.6024 0.2968 0.0963 0.0540 0.0532 0.1315
0.1999 0.5041 0.5890 0.4805 0.2312 0.0615 0.0324 0.0737 0.1864 0.5230
0.3637 0.5719 0.4808 0.1871 0.0849 0.0430 0.0461 0.1472 0.3307 0.5716
0.7146 0.4168 0.0994 0.0041 0.0070 0.0387 0.2160 0.6048 0.6948 0.4344
0.2597 0.0370 0.0187 0.0040 0.0347 0.2515 0.5480 0.5609 0.3431 0.0701
0.1131 0.0117 0.0113 0.0063 0.0884 0.4581 0.6520 0.4789 0.1890 0.0289
0.0206 0.0192 0.1009 0.3752 0.6676 0.5242 0.2237 0.0717 0.0361 0.0452
0.0262 0.0459 0.2118 0.5659 0.6812 0.3887 0.1217 0.0508 0.0399 0.0890
0.0905 0.2266 0.4228 0.5223 0.4059 0.1423 0.0558 0.0626 0.1014 0.2905
0.2658 0.5907 0.6089 0.4072 0.1652 0.0468 0.0304 0.0871 0.2381 0.5904
0.5663 0.5149 0.2457 0.0278 0.0225 0.0382 0.1023 0.3493 0.5332 0.5191
0.6134 0.2378 0.0576 0.0033 0.0096 0.0664 0.3107 0.6205 0.6230 0.2840
0.1616 0.0168 0.0121 0.0044 0.0576 0.3815 0.6383 0.5334 0.2480 0.0381
0.0638 0.0134 0.0236 0.0284 0.2147 0.4860 0.5037 0.2854 0.1105 0.0328
0.0176 0.0252 0.1543 0.5568 0.7466 0.4993 0.1615 0.0498 0.0299 0.0563
0.0367 0.0725 0.2609 0.5562 0.6127 0.3072 0.0990 0.0535 0.0513 0.1256
0.1999 0.5062 0.5914 0.4834 0.2319 0.0612 0.0321 0.0733 0.1862 0.5247
0.3429 0.5826 0.5151 0.2288 0.0981 0.0432 0.0414 0.1307 0.3101 0.5810
0.7125 0.4484 0.1153 0.0050 0.0075 0.0364 0.1940 0.5794 0.6888 0.4604
0.3130 0.0521 0.0226 0.0039 0.0278 0.2046 0.5064 0.5722 0.3895 0.0911
0.1209 0.0116 0.0105 0.0053 0.0792 0.4533 0.6661 0.5021 0.2007 0.0287
0.0248 0.0178 0.0785 0.2629 0.5898 0.5207 0.2653 0.0929 0.0437 0.0423
0.0236 0.0398 0.1982 0.5685 0.7005 0.4150 0.1296 0.0501 0.0369 0.0800
0.0695 0.1653 0.3713 0.5330 0.4675 0.1817 0.0663 0.0597 0.0831 0.2308
0.2540 0.5886 0.6200 0.4368 0.1787 0.0477 0.0292 0.0820 0.2276 0.5892
0.4797 0.5447 0.3419 0.0660 0.0400 0.0398 0.0722 0.2468 0.4447 0.5459
0.7017 0.3556 0.0787 0.0032 0.0069 0.0448 0.2540 0.6315 0.6899 0.3841
0.1976 0.0231 0.0143 0.0042 0.0467 0.3256 0.6039 0.5461 0.2849 0.0487
0.0917 0.0120 0.0144 0.0107 0.1235 0.4721 0.6053 0.4074 0.1562 0.0296
0.0167 0.0213 0.1341 0.5222 0.7457 0.5260 0.1809 0.0529 0.0292 0.0493
0.0304 0.0563 0.2332 0.5628 0.6523 0.3515 0.1109 0.0519 0.0445 0.1040
0.1576 0.4107 0.5415 0.4991 0.2820 0.0801 0.0379 0.0693 0.1546 0.4486
0.2970 0.5968 0.5813 0.3364 0.1347 0.0444 0.0335 0.1011 0.2662 0.5941
0.6351 0.4970 0.1862 0.0138 0.0140 0.0366 0.1323 0.4419 0.6044 0.5024
0.5463 0.1738 0.0465 0.0034 0.0121 0.0867 0.3531 0.6117 0.5728 0.2249
0.1388 0.0132 0.0106 0.0046 0.0667 0.4252 0.6640 0.5254 0.2233 0.0316
0.0509 0.0141 0.0313 0.0502 0.2896 0.4964 0.4443 0.2244 0.0888 0.0345
0.0178 0.0264 0.1613 0.5700 0.7488 0.4921 0.1556 0.0485 0.0299 0.0584
0.0405 0.0828 0.2767 0.5531 0.5913 0.2850 0.0931 0.0544 0.0553 0.1386
0.2228 0.5516 0.6144 0.4758 0.2103 0.0539 0.0297 0.0752 0.2029 0.5605
0.3508 0.5850 0.5096 0.2170 0.0931 0.0426 0.0423 0.1347 0.3174 0.5825
0.7128 0.4610 0.1216 0.0054 0.0077 0.0355 0.1866 0.5709 0.6876 0.4706
0.3413 0.0614 0.0248 0.0038 0.0249 0.1842 0.4862 0.5781 0.4132 0.1031
0.1220 0.0113 0.0100 0.0050 0.0769 0.4564 0.6745 0.5105 0.2031 0.0280
0.0275 0.0169 0.0681 0.2109 0.5451 0.5196 0.2907 0.1069 0.0484 0.0406
0.0216 0.0355 0.1880 0.5723 0.7168 0.4370 0.1359 0.0493 0.0346 0.0732
0.0623 0.1443 0.3510 0.5376 0.4934 0.2002 0.0710 0.0585 0.0765 0.2090
0.2525 0.5946 0.6289 0.4498 0.1823 0.0472 0.0284 0.0800 0.2256 0.5942
0.4028 0.5728 0.4430 0.1379 0.0659 0.0412 0.0523 0.1732 0.3679 0.5709
0.7366 0.4421 0.1015 0.0037 0.0062 0.0356 0.2129 0.6178 0.7141 0.4543
0.2615 0.0372 0.0187 0.0040 0.0344 0.2502 0.5479 0.5624 0.3448 0.0705
0.1157 0.0111 0.0104 0.0055 0.0832 0.4630 0.6682 0.4960 0.1942 0.0277
0.0202 0.0185 0.0983 0.3718 0.6700 0.5305 0.2279 0.0721 0.0357 0.0440
0.0243 0.0418 0.2034 0.5701 0.6958 0.4065 0.1265 0.0501 0.0377 0.0829
0.0885 0.2214 0.4193 0.5244 0.4114 0.1451 0.0564 0.0622 0.0997 0.2857
0.2644 0.6045 0.6269 0.4301 0.1700 0.0456 0.0286 0.0832 0.2354 0.6017
0.4220 0.5699 0.4210 0.1166 0.0580 0.0406 0.0562 0.1884 0.3867 0.5678
0.7433 0.4446 0.0997 0.0035 0.0059 0.0351 0.2156 0.6257 0.7207 0.4561
0.2505 0.0344 0.0178 0.0040 0.0361 0.2616 0.5574 0.5601 0.3349 0.0664
0.1150 0.0110 0.0104 0.0056 0.0838 0.4645 0.6686 0.4952 0.1933 0.0276
0.0194 0.0187 0.1029 0.3971 0.6860 0.5327 0.2205 0.0683 0.0342 0.0443
0.0244 0.0420 0.2040 0.5705 0.6953 0.4054 0.1261 0.0500 0.0378 0.0833
0.0941 0.2378 0.4319 0.5222 0.3974 0.1367 0.0541 0.0628 0.1044 0.3009
0.2675 0.6068 0.6260 0.4245 0.1668 0.0452 0.0288 0.0842 0.2381 0.6034
0.3852 0.5822 0.4708 0.1632 0.0735 0.0414 0.0482 0.1577 0.3507 0.5789
0.7270 0.4687 0.1185 0.0048 0.0069 0.0343 0.1906 0.5858 0.7014 0.4762
0.3461 0.0629 0.0251 0.0038 0.0244 0.1811 0.4833 0.5794 0.4172 0.1051
0.1212 0.0109 0.0097 0.0048 0.0766 0.4617 0.6811 0.5146 0.2027 0.0273
0.0272 0.0168 0.0680 0.2126 0.5481 0.5215 0.2910 0.1064 0.0480 0.0403
0.0204 0.0330 0.1822 0.5761 0.7275 0.4511 0.1398 0.0486 0.0331 0.0693
0.0625 0.1449 0.3518 0.5379 0.4929 0.1996 0.0708 0.0585 0.0766 0.2097
0.2565 0.6049 0.6364 0.4532 0.1800 0.0460 0.0277 0.0795 0.2282 0.6024
0.3379 0.5977 0.5372 0.2471 0.1004 0.0426 0.0392 0.1234 0.3050 0.5929
0.4983 0.5513 0.3323 0.0574 0.0352 0.0388 0.0756 0.2605 0.4630 0.5502
0.7445 0.4174 0.0879 0.0030 0.0056 0.0369 0.2348 0.6457 0.7249 0.4339
0.1737 0.0185 0.0126 0.0043 0.0532 0.3630 0.6297 0.5407 0.2611 0.0411
0.0996 0.0114 0.0125 0.0082 0.1068 0.4720 0.6332 0.4421 0.1692 0.0284
0.0153 0.0200 0.1350 0.5479 0.7661 0.5408 0.1801 0.0500 0.0270 0.0471
0.0280 0.0507 0.2227 0.5667 0.6689 0.3706 0.1160 0.0511 0.0419 0.0960
0.1759 0.4570 0.5682 0.4970 0.2600 0.0704 0.0347 0.0705 0.1681 0.4858
0.2900 0.6099 0.6038 0.3660 0.1414 0.0439 0.0314 0.0944 0.2590 0.6047
0.3431 0.5995 0.5330 0.2365 0.0956 0.0425 0.0401 0.1261 0.3103 0.5939
0.3572 0.5964 0.5144 0.2092 0.0865 0.0421 0.0427 0.1355 0.3241 0.5908
0.4291 0.5749 0.4185 0.1098 0.0541 0.0404 0.0576 0.1922 0.3944 0.5711
0.7463 0.4677 0.1086 0.0038 0.0059 0.0335 0.2038 0.6148 0.7216 0.4745
0.4227 0.0994 0.0337 0.0038 0.0186 0.1347 0.4223 0.5849 0.4775 0.1482
0.1326 0.0195 0.0179 0.0089 0.0850 0.3797 0.5613 0.4387 0.2051 0.0432
0.0352 0.0334 0.1187 0.2959 0.5299 0.4098 0.1973 0.0890 0.0556 0.0688
0.0372 0.0714 0.2544 0.5425 0.6052 0.3084 0.1016 0.0550 0.0522 0.1241
0.1094 0.2622 0.4329 0.4794 0.3507 0.1235 0.0540 0.0691 0.1186 0.3225
0.3689 0.3317 0.2136 0.0512 0.0536 0.0695 0.1169 0.2660 0.3686 0.3736
0.3406 0.0891 0.0401 0.0067 0.0302 0.1547 0.3860 0.5049 0.3980 0.1376
0.1626 0.0320 0.0266 0.0113 0.0769 0.3023 0.4749 0.4161 0.2311 0.0636
0.0542 0.0339 0.0831 0.1417 0.3614 0.3760 0.2535 0.1407 0.0834 0.0688
0.0355 0.0560 0.2060 0.4740 0.5919 0.3419 0.1246 0.0624 0.0518 0.1030
0.0588 0.1210 0.3087 0.4967 0.4916 0.2215 0.0826 0.0628 0.0745 0.1833
0.1550 0.2977 0.3950 0.3352 0.2396 0.1026 0.0608 0.0947 0.1623 0.3518
0.3413 0.2364 0.1456 0.0342 0.0515 0.0904 0.1633 0.3071 0.3579 0.2896
0.2699 0.0639 0.0353 0.0082 0.0420 0.1962 0.4129 0.4722 0.3351 0.1074
0.1401 0.0315 0.0305 0.0159 0.0979 0.3153 0.4463 0.3701 0.2026 0.0631
0.0480 0.0364 0.1004 0.1943 0.4172 0.3758 0.2224 0.1178 0.0736 0.0730
0.0365 0.0590 0.2130 0.4791 0.5880 0.3334 0.1208 0.0619 0.0528 0.1072
0.0632 0.1298 0.3144 0.4845 0.4714 0.2104 0.0808 0.0647 0.0789 0.1929
0.1589 0.2879 0.3749 0.3067 0.2274 0.1041 0.0650 0.1008 0.1672 0.3429
0.3366 0.2053 0.1222 0.0277 0.0488 0.0991 0.1876 0.3304 0.3595 0.2603
0.2515 0.0555 0.0323 0.0081 0.0452 0.2137 0.4323 0.4713 0.3195 0.0965
0.1297 0.0301 0.0313 0.0179 0.1087 0.3265 0.4414 0.3538 0.1900 0.0610
0.0443 0.0363 0.1073 0.2229 0.4483 0.3816 0.2121 0.1082 0.0683 0.0730
0.0362 0.0596 0.2164 0.4871 0.5922 0.3327 0.1190 0.0610 0.0523 0.1080
0.0647 0.1348 0.3207 0.4863 0.4667 0.2055 0.0791 0.0647 0.0803 0.1983
0.1669 0.3013 0.3807 0.2998 0.2170 0.0994 0.0637 0.1028 0.1739 0.3544
0.3580 0.2062 0.1139 0.0230 0.0426 0.0964 0.1977 0.3543 0.3806 0.2607
0.2502 0.0518 0.0297 0.0074 0.0441 0.2207 0.4496 0.4827 0.3205 0.0914
0.1291 0.0278 0.0286 0.0162 0.1058 0.3360 0.4602 0.3656 0.1910 0.0574
0.0413 0.0345 0.1078 0.2375 0.4705 0.3933 0.2115 0.1036 0.0643 0.0704
0.0349 0.0586 0.2189 0.5015 0.6047 0.3373 0.1178 0.0591 0.0506 0.1068
0.0662 0.1410 0.3300 0.4926 0.4639 0.1998 0.0765 0.0640 0.0814 0.2051
0.1777 0.3264 0.3981 0.3015 0.2070 0.0921 0.0601 0.1031 0.1821 0.3759
0.3868 0.2160 0.1097 0.0193 0.0365 0.0906 0.2031 0.3780 0.4072 0.2693
0.2534 0.0501 0.0281 0.0068 0.0423 0.2231 0.4618 0.4942 0.3254 0.0890
0.1246 0.0269 0.0284 0.0168 0.1101 0.3429 0.4617 0.3606 0.1859 0.0560
0.0391 0.0348 0.1138 0.2617 0.4930 0.3964 0.2034 0.0972 0.0611 0.0709
0.0352 0.0602 0.2235 0.5069 0.6046 0.3332 0.1155 0.0586 0.0508 0.1090
0.0696 0.1505 0.3399 0.4919 0.4528 0.1910 0.0739 0.0644 0.0845 0.2151
0.1893 0.3361 0.3936 0.2803 0.1912 0.0883 0.0610 0.1088 0.1926 0.3838
0.3980 0.2080 0.1002 0.0164 0.0333 0.0916 0.2170 0.3991 0.4199 0.2614
0.2482 0.0468 0.0265 0.0065 0.0426 0.2310 0.4743 0.4988 0.3218 0.0845
0.1193 0.0257 0.0282 0.0174 0.1156 0.3517 0.4639 0.3549 0.1797 0.0541
0.0371 0.0343 0.1176 0.2821 0.5135 0.4020 0.1985 0.0922 0.0581 0.0703
0.0349 0.0609 0.2273 0.5153 0.6088 0.3322 0.1137 0.0576 0.0504 0.1100
0.0741 0.1649 0.3557 0.4949 0.4400 0.1793 0.0699 0.0645 0.0884 0.2300
0.2074 0.3744 0.4176 0.2801 0.1769 0.0790 0.0563 0.1099 0.2062 0.4156
0.4315 0.2351 0.1061 0.0153 0.0291 0.0818 0.2077 0.4106 0.4471 0.2861
0.2602 0.0482 0.0259 0.0059 0.0393 0.2249 0.4786 0.5119 0.3344 0.0863
0.1233 0.0247 0.0259 0.0152 0.1078 0.3541 0.4814 0.3720 0.1861 0.0524
0.0365 0.0328 0.1129 0.2742 0.5132 0.4093 0.2048 0.0938 0.0577 0.0678
0.0341 0.0590 0.2241 0.5164 0.6140 0.3379 0.1152 0.0574 0.0495 0.1074
0.0701 0.1549 0.3476 0.5000 0.4539 0.1878 0.0719 0.0635 0.0847 0.2198
0.2014 0.3654 0.4145 0.2848 0.1827 0.0813 0.0569 0.1084 0.2013 0.4083
0.4322 0.2275 0.1010 0.0143 0.0284 0.0834 0.2153 0.4190 0.4494 0.2790
0.2558 0.0456 0.0247 0.0057 0.0396 0.2316 0.4891 0.5158 0.3313 0.0826
0.1231 0.0230 0.0238 0.0137 0.1047 0.3633 0.4997 0.3841 0.1874 0.0494
0.0338 0.0310 0.1133 0.2922 0.5372 0.4224 0.2043 0.0894 0.0540 0.0651
0.0333 0.0582 0.2250 0.5247 0.6218 0.3414 0.1148 0.0563 0.0484 0.1063
0.0726 0.1638 0.3582 0.5040 0.4477 0.1809 0.0693 0.0633 0.0867 0.2290
0.2103 0.3969 0.4421 0.3005 0.1797 0.0751 0.0521 0.1053 0.2067 0.4343
0.4695 0.2570 0.1064 0.0131 0.0244 0.0741 0.2071 0.4336 0.4798 0.3051
0.2661 0.0478 0.0250 0.0055 0.0375 0.2241 0.4865 0.5223 0.3413 0.0857
0.1259 0.0229 0.0231 0.0129 0.1008 0.3621 0.5059 0.3921 0.1915 0.0492
0.0344 0.0307 0.1102 0.2809 0.5289 0.4226 0.2085 0.0918 0.0550 0.0644
0.0331 0.0580 0.2253 0.5268 0.6237 0.3422 0.1147 0.0561 0.0482 0.1061
0.0736 0.1670 0.3616 0.5045 0.4448 0.1784 0.0685 0.0633 0.0876 0.2323
0.2137 0.4040 0.4464 0.3003 0.1772 0.0736 0.0513 0.1055 0.2092 0.4401
0.4778 0.2585 0.1044 0.0124 0.0233 0.0731 0.2099 0.4418 0.4876 0.3062
0.2666 0.0462 0.0239 0.0052 0.0367 0.2273 0.4959 0.5294 0.3429 0.0834
0.1267 0.0212 0.0209 0.0114 0.0964 0.3712 0.5272 0.4079 0.1944 0.0463
0.0327 0.0281 0.1046 0.2784 0.5390 0.4381 0.2168 0.0919 0.0530 0.0603
0.0316 0.0550 0.2207 0.5310 0.6341 0.3522 0.1170 0.0554 0.0465 0.1019
0.0692 0.1568 0.3544 0.5125 0.4611 0.1872 0.0703 0.0620 0.0835 0.2219
0.2109 0.4177 0.4673 0.3254 0.1851 0.0719 0.0480 0.0999 0.2052 0.4516
0.4932 0.2896 0.1176 0.0136 0.0229 0.0666 0.1919 0.4316 0.4967 0.3336
0.2822 0.0502 0.0247 0.0050 0.0340 0.2154 0.4887 0.5367 0.3573 0.0888
0.1345 0.0208 0.0192 0.0096 0.0869 0.3688 0.5447 0.4306 0.2054 0.0456
0.0335 0.0262 0.0946 0.2474 0.5200 0.4455 0.2330 0.0991 0.0549 0.0570
0.0305 0.0526 0.2167 0.5339 0.6422 0.3605 0.1191 0.0549 0.0452 0.0985
0.0671 0.1524 0.3520 0.5179 0.4697 0.1914 0.0709 0.0612 0.0815 0.2174
0.2128 0.4402 0.4930 0.3499 0.1894 0.0685 0.0443 0.0951 0.2046 0.4702
0.5113 0.3264 0.1335 0.0149 0.0222 0.0599 0.1739 0.4217 0.5079 0.3650
0.3025 0.0559 0.0259 0.0048 0.0310 0.2007 0.4784 0.5447 0.3755 0.0963
0.1421 0.0207 0.0180 0.0083 0.0791 0.3649 0.5577 0.4498 0.2159 0.0453
0.0343 0.0249 0.0874 0.2246 0.5045 0.4507 0.2461 0.1052 0.0565 0.0547
0.0298 0.0508 0.2131 0.5338 0.6467 0.3665 0.1210 0.0547 0.0444 0.0960
0.0641 0.1445 0.3451 0.5219 0.4814 0.1990 0.0726 0.0604 0.0786 0.2090
0.2074 0.4492 0.5115 0.3778 0.2000 0.0679 0.0417 0.0898 0.1987 0.4778
0.5160 0.3671 0.1586 0.0185 0.0235 0.0545 0.1511 0.3955 0.5057 0.3994
0.3361 0.0678 0.0288 0.0046 0.0271 0.1770 0.4552 0.5524 0.4039 0.1115
0.1536 0.0212 0.0170 0.0071 0.0702 0.3560 0.5690 0.4723 0.2307 0.0460
0.0374 0.0230 0.0739 0.1754 0.4594 0.4544 0.2749 0.1218 0.0622 0.0513
0.0287 0.0479 0.2065 0.5319 0.6532 0.3767 0.1246 0.0548 0.0433 0.0918
0.0588 0.1302 0.3312 0.5274 0.5023 0.2138 0.0762 0.0593 0.0736 0.1937
0.1988 0.4489 0.5235 0.4045 0.2135 0.0689 0.0402 0.0849 0.1906 0.4780
0.5074 0.3988 0.1865 0.0239 0.0264 0.0515 0.1315 0.3631 0.4923 0.4261
0.3721 0.0825 0.0321 0.0045 0.0236 0.1552 0.4317 0.5602 0.4335 0.1291
0.1637 0.0216 0.0163 0.0062 0.0634 0.3487 0.5787 0.4913 0.2436 0.0466
0.0424 0.0208 0.0588 0.1226 0.3986 0.4585 0.3168 0.1479 0.0709 0.0473
0.0271 0.0438 0.1968 0.5297 0.6636 0.3926 0.1303 0.0547 0.0415 0.0858
0.0520 0.1119 0.3112 0.5340 0.5312 0.2363 0.0819 0.0578 0.0671 0.1733
0.1866 0.4352 0.5247 0.4259 0.2300 0.0723 0.0401 0.0809 0.1803 0.4673
0.4802 0.4175 0.2180 0.0334 0.0322 0.0510 0.1142 0.3219 0.4631 0.4424
0.4031 0.0974 0.0354 0.0044 0.0211 0.1383 0.4104 0.5652 0.4581 0.1464
0.1731 0.0223 0.0159 0.0057 0.0584 0.3401 0.5824 0.5046 0.2548 0.0477
0.0484 0.0192 0.0472 0.0841 0.3388 0.4594 0.3598 0.1788 0.0813 0.0440
0.0256 0.0398 0.1857 0.5234 0.6721 0.4096 0.1373 0.0550 0.0399 0.0797
0.0458 0.0952 0.2907 0.5397 0.5605 0.2615 0.0883 0.0565 0.0609 0.1538
0.1709 0.4138 0.5226 0.4509 0.2526 0.0777 0.0404 0.0764 0.1673 0.4504
0.4288 0.4582 0.2923 0.0636 0.0473 0.0498 0.0854 0.2483 0.4075 0.4773
0.4808 0.1459 0.0459 0.0044 0.0163 0.1028 0.3563 0.5740 0.5173 0.1980
0.1916 0.0249 0.0163 0.0051 0.0513 0.3189 0.5774 0.5205 0.2750 0.0519
0.0599 0.0177 0.0351 0.0482 0.2580 0.4535 0.4196 0.2310 0.1003 0.0411
0.0247 0.0362 0.1735 0.5091 0.6750 0.4250 0.1458 0.0563 0.0390 0.0741
0.0418 0.0845 0.2762 0.5440 0.5816 0.2809 0.0933 0.0555 0.0568 0.1407
0.1596 0.3967 0.5198 0.4689 0.2706 0.0822 0.0407 0.0734 0.1579 0.4367
0.3895 0.4908 0.3603 0.1037 0.0636 0.0489 0.0674 0.1989 0.3654 0.5051
0.5513 0.2074 0.0588 0.0044 0.0130 0.0776 0.3077 0.5793 0.5696 0.2573
0.2101 0.0278 0.0168 0.0047 0.0456 0.2989 0.5707 0.5338 0.2944 0.0564
0.0756 0.0161 0.0251 0.0254 0.1843 0.4478 0.4901 0.3012 0.1260 0.0379
0.0232 0.0311 0.1548 0.4847 0.6787 0.4500 0.1606 0.0587 0.0377 0.0659
0.0368 0.0716 0.2570 0.5490 0.6094 0.3087 0.1006 0.0543 0.0516 0.1244
0.1394 0.3531 0.4999 0.4869 0.3027 0.0938 0.0435 0.0699 0.1417 0.4010
0.3379 0.5193 0.4432 0.1796 0.0920 0.0491 0.0516 0.1496 0.3130 0.5300
0.6127 0.2890 0.0781 0.0049 0.0109 0.0583 0.2559 0.5735 0.6130 0.3298
0.2366 0.0333 0.0183 0.0045 0.0396 0.2696 0.5523 0.5445 0.3200 0.0648
0.0972 0.0154 0.0185 0.0134 0.1261 0.4340 0.5540 0.3812 0.1594 0.0362
0.0234 0.0267 0.1306 0.4251 0.6592 0.4700 0.1841 0.0658 0.0389 0.0585
0.0326 0.0607 0.2384 0.5521 0.6347 0.3372 0.1086 0.0533 0.0472 0.1099
0.1100 0.2772 0.4544 0.5033 0.3570 0.1190 0.0504 0.0661 0.1181 0.3362
0.2912 0.5291 0.5051 0.2688 0.1264 0.0512 0.0425 0.1171 0.2683 0.5395
0.6264 0.3490 0.1013 0.0064 0.0114 0.0500 0.2136 0.5408 0.6166 0.3809
0.2724 0.0423 0.0208 0.0043 0.0336 0.2345 0.5251 0.5547 0.3526 0.0778
0.1161 0.0155 0.0156 0.0089 0.0962 0.4187 0.5888 0.4360 0.1868 0.0362
0.0254 0.0234 0.1053 0.3372 0.6140 0.4819 0.2163 0.0790 0.0429 0.0525
0.0298 0.0534 0.2237 0.5517 0.6521 0.3599 0.1156 0.0529 0.0442 0.0997
0.0830 0.2015 0.3995 0.5180 0.4230 0.1560 0.0603 0.0625 0.0953 0.2666
0.2532 0.5238 0.5430 0.3494 0.1618 0.0545 0.0377 0.0971 0.2338 0.5367
0.6057 0.4022 0.1389 0.0106 0.0145 0.0457 0.1680 0.4740 0.5881 0.4260
0.3322 0.0614 0.0257 0.0041 0.0264 0.1862 0.4790 0.5665 0.4037 0.1032
0.1382 0.0164 0.0139 0.0063 0.0744 0.3972 0.6111 0.4838 0.2168 0.0376
0.0311 0.0200 0.0740 0.2061 0.5159 0.4876 0.2754 0.1095 0.0532 0.0462
0.0268 0.0458 0.2072 0.5510 0.6718 0.3874 0.1243 0.0524 0.0409 0.0888
0.0643 0.1484 0.3529 0.5309 0.4837 0.1960 0.0706 0.0594 0.0785 0.2133
0.2300 0.5255 0.5740 0.4157 0.1911 0.0562 0.0341 0.0844 0.2122 0.5390
0.5589 0.4629 0.2067 0.0224 0.0217 0.0426 0.1198 0.3756 0.5330 0.4772
0.4468 0.1140 0.0372 0.0039 0.0175 0.1218 0.3999 0.5852 0.4948 0.1644
0.1652 0.0192 0.0139 0.0051 0.0590 0.3626 0.6100 0.5161 0.2489 0.0424
0.0440 0.0172 0.0454 0.0887 0.3621 0.4811 0.3677 0.1731 0.0754 0.0406
0.0240 0.0380 0.1863 0.5420 0.6899 0.4206 0.1370 0.0528 0.0378 0.0770
0.0479 0.1019 0.3010 0.5426 0.5522 0.2513 0.0850 0.0564 0.0628 0.1617
0.1972 0.4813 0.5654 0.4560 0.2274 0.0647 0.0351 0.0769 0.1861 0.5045
0.4571 0.5036 0.3168 0.0644 0.0432 0.0441 0.0782 0.2488 0.4282 0.5134
0.5666 0.2067 0.0555 0.0039 0.0118 0.0765 0.3186 0.5975 0.5845 0.2563
0.1961 0.0240 0.0152 0.0046 0.0483 0.3213 0.5918 0.5356 0.2817 0.0504
0.0690 0.0148 0.0247 0.0275 0.2013 0.4667 0.4942 0.2907 0.1172 0.0354
0.0211 0.0295 0.1580 0.5173 0.7055 0.4643 0.1581 0.0546 0.0347 0.0634
0.0374 0.0737 0.2614 0.5518 0.6073 0.3042 0.0989 0.0541 0.0522 0.1271
0.1606 0.4099 0.5350 0.4851 0.2739 0.0798 0.0388 0.0713 0.1577 0.4477
0.3596 0.5414 0.4480 0.1683 0.0833 0.0458 0.0509 0.1558 0.3305 0.5471
0.6534 0.3249 0.0814 0.0043 0.0090 0.0510 0.2486 0.5936 0.6468 0.3597
0.2350 0.0319 0.0175 0.0043 0.0393 0.2748 0.5617 0.5499 0.3196 0.0627
0.0977 0.0137 0.0159 0.0112 0.1189 0.4492 0.5849 0.4034 0.1626 0.0329
0.0210 0.0239 0.1264 0.4422 0.6844 0.4930 0.1890 0.0630 0.0357 0.0538
0.0313 0.0580 0.2345 0.5568 0.6443 0.3458 0.1103 0.0526 0.0457 0.1062
0.1151 0.2943 0.4683 0.5069 0.3487 0.1129 0.0482 0.0660 0.1219 0.3512
0.2905 0.5600 0.5438 0.3065 0.1335 0.0481 0.0376 0.1077 0.2641 0.5646
0.6606 0.4143 0.1210 0.0069 0.0103 0.0417 0.1869 0.5343 0.6409 0.4343
0.3121 0.0531 0.0232 0.0040 0.0282 0.2033 0.5009 0.5676 0.3879 0.0924
0.1267 0.0141 0.0126 0.0063 0.0800 0.4243 0.6306 0.4828 0.2045 0.0334
0.0267 0.0195 0.0823 0.2596 0.5735 0.5024 0.2569 0.0942 0.0462 0.0455
0.0266 0.0459 0.2096 0.5579 0.6759 0.3876 0.1230 0.0517 0.0405 0.0891
0.0708 0.1678 0.3723 0.5290 0.4620 0.1796 0.0661 0.0602 0.0844 0.2334
0.2441 0.5500 0.5857 0.4096 0.1798 0.0524 0.0328 0.0860 0.2226 0.5582
0.5794 0.4747 0.2034 0.0201 0.0195 0.0407 0.1216 0.3907 0.5516 0.4862
0.4664 0.1229 0.0383 0.0037 0.0162 0.1146 0.3934 0.5926 0.5108 0.1738
0.1587 0.0174 0.0129 0.0049 0.0605 0.3783 0.6256 0.5203 0.2430 0.0393
0.0447 0.0161 0.0411 0.0778 0.3478 0.4894 0.3882 0.1838 0.0774 0.0383
0.0223 0.0350 0.1812 0.5509 0.7052 0.4366 0.1405 0.0515 0.0357 0.0724
0.0469 0.0998 0.2992 0.5454 0.5574 0.2547 0.0856 0.0560 0.0619 0.1593
0.2091 0.5126 0.5862 0.4620 0.2183 0.0596 0.0327 0.0766 0.1942 0.5295
0.4431 0.5304 0.3575 0.0827 0.0491 0.0425 0.0682 0.2230 0.4111 0.5355
0.6350 0.2760 0.0670 0.0036 0.0091 0.0586 0.2829 0.6116 0.6369 0.3177
0.2043 0.0250 0.0153 0.0044 0.0457 0.3132 0.5908 0.5429 0.2907 0.0520
0.0796 0.0135 0.0192 0.0175 0.1594 0.4675 0.5467 0.3444 0.1353 0.0328
0.0195 0.0256 0.1447 0.5081 0.7168 0.4897 0.1700 0.0552 0.0328 0.0568
0.0340 0.0651 0.2480 0.5565 0.6280 0.3255 0.1043 0.0531 0.0485 0.1159
0.1513 0.3906 0.5269 0.4940 0.2884 0.0846 0.0398 0.0696 0.1503 0.4321
0.3249 0.5652 0.5127 0.2434 0.1076 0.0456 0.0415 0.1257 0.2953 0.5675
0.6869 0.3994 0.1026 0.0049 0.0083 0.0416 0.2112 0.5799 0.6692 0.4211
0.2728 0.0409 0.0199 0.0040 0.0330 0.2376 0.5341 0.5614 0.3543 0.0758
0.1145 0.0128 0.0125 0.0070 0.0903 0.4448 0.6326 0.4661 0.1890 0.0311
0.0226 0.0202 0.0986 0.3459 0.6403 0.5106 0.2271 0.0768 0.0392 0.0469
0.0275 0.0487 0.2167 0.5611 0.6704 0.3773 0.1191 0.0516 0.0415 0.0931
0.0869 0.2153 0.4131 0.5219 0.4144 0.1483 0.0577 0.0623 0.0984 0.2798
0.2634 0.5712 0.5882 0.3865 0.1629 0.0488 0.0325 0.0906 0.2380 0.5747
0.6146 0.4741 0.1819 0.0147 0.0156 0.0391 0.1343 0.4326 0.5866 0.4846
0.4505 0.1121 0.0359 0.0037 0.0170 0.1224 0.4072 0.5927 0.4991 0.1622
0.1482 0.0154 0.0120 0.0049 0.0642 0.3993 0.6404 0.5189 0.2322 0.0358
0.0407 0.0160 0.0446 0.0937 0.3826 0.4972 0.3717 0.1676 0.0709 0.0383
0.0218 0.0346 0.1820 0.5583 0.7112 0.4399 0.1400 0.0507 0.0350 0.0718
0.0488 0.1051 0.3062 0.5448 0.5491 0.2467 0.0834 0.0563 0.0637 0.1655
0.2200 0.5357 0.5992 0.4609 0.2090 0.0559 0.0313 0.0772 0.2020 0.5477
0.4505 0.5377 0.3594 0.0809 0.0475 0.0416 0.0678 0.2254 0.4172 0.5412
0.6601 0.3058 0.0718 0.0035 0.0083 0.0529 0.2702 0.6173 0.6564 0.3430
0.2066 0.0252 0.0152 0.0043 0.0449 0.3113 0.5913 0.5455 0.2932 0.0523
0.0843 0.0129 0.0172 0.0145 0.1443 0.4685 0.5690 0.3683 0.1433 0.0316
0.0185 0.0239 0.1402 0.5104 0.7258 0.5024 0.1745 0.0547 0.0316 0.0540
0.0330 0.0626 0.2439 0.5583 0.6347 0.3325 0.1061 0.0528 0.0474 0.1125
0.1520 0.3942 0.5302 0.4966 0.2882 0.0838 0.0394 0.0693 0.1507 0.4351
0.3120 0.5779 0.5421 0.2819 0.1192 0.0452 0.0379 0.1144 0.2819 0.5783
0.6939 0.4359 0.1175 0.0056 0.0085 0.0382 0.1911 0.5627 0.6714 0.4508
0.3158 0.0535 0.0231 0.0039 0.0276 0.2017 0.5019 0.5710 0.3915 0.0929
0.1230 0.0127 0.0115 0.0058 0.0802 0.4402 0.6488 0.4913 0.2016 0.0308
0.0252 0.0187 0.0820 0.2701 0.5894 0.5129 0.2579 0.0915 0.0441 0.0439
0.0257 0.0444 0.2075 0.5630 0.6836 0.3945 0.1241 0.0510 0.0394 0.0868
0.0755 0.1825 0.3863 0.5286 0.4476 0.1688 0.0630 0.0607 0.0885 0.2481
0.2548 0.5769 0.6052 0.4180 0.1745 0.0488 0.0307 0.0850 0.2295 0.5796
0.5576 0.5077 0.2455 0.0288 0.0236 0.0391 0.1022 0.3445 0.5255 0.5137
0.5777 0.2045 0.0525 0.0034 0.0109 0.0761 0.3292 0.6126 0.5956 0.2539
0.1682 0.0182 0.0128 0.0045 0.0557 0.3681 0.6274 0.5327 0.2544 0.0405
0.0583 0.0141 0.0274 0.0372 0.2455 0.4861 0.4722 0.2556 0.1009 0.0343
0.0192 0.0280 0.1616 0.5506 0.7311 0.4782 0.1552 0.0508 0.0319 0.0611
0.0393 0.0793 0.2712 0.5531 0.5975 0.2920 0.0951 0.0542 0.0541 0.1343
0.2004 0.5044 0.5886 0.4792 0.2303 0.0614 0.0325 0.0739 0.1868 0.5233
0.3633 0.5708 0.4799 0.1869 0.0850 0.0431 0.0462 0.1473 0.3304 0.5707
0.7129 0.4101 0.0972 0.0040 0.0070 0.0393 0.2196 0.6071 0.6939 0.4290
0.2567 0.0364 0.0185 0.0040 0.0352 0.2542 0.5496 0.5595 0.3402 0.0692
0.1098 0.0121 0.0122 0.0071 0.0941 0.4561 0.6382 0.4629 0.1833 0.0297
0.0202 0.0202 0.1085 0.4028 0.6799 0.5189 0.2122 0.0678 0.0352 0.0471
0.0280 0.0502 0.2207 0.5632 0.6677 0.3720 0.1171 0.0514 0.0420 0.0954
0.1063 0.2721 0.4556 0.5153 0.3686 0.1216 0.0502 0.0645 0.1145 0.3318
0.2747 0.5897 0.5975 0.3824 0.1553 0.0463 0.0316 0.0917 0.2464 0.5892
0.6105 0.4960 0.2006 0.0171 0.0165 0.0377 0.1235 0.4125 0.5797 0.5024
0.5355 0.1669 0.0456 0.0034 0.0126 0.0899 0.3572 0.6080 0.5642 0.2183
0.1513 0.0154 0.0117 0.0046 0.0619 0.3978 0.6451 0.5264 0.2365 0.0357
0.0480 0.0148 0.0348 0.0601 0.3135 0.4950 0.4222 0.2071 0.0837 0.0358
0.0198 0.0303 0.1706 0.5606 0.7282 0.4652 0.1482 0.0500 0.0326 0.0648
0.0438 0.0916 0.2888 0.5496 0.5736 0.2685 0.0889 0.0552 0.0587 0.1495
0.2184 0.5397 0.6060 0.4719 0.2129 0.0556 0.0306 0.0756 0.2001 0.5510
0.3887 0.5672 0.4503 0.1511 0.0721 0.0421 0.0507 0.1656 0.3548 0.5669
0.7177 0.4074 0.0941 0.0038 0.0067 0.0392 0.2246 0.6157 0.6992 0.4266
0.2450 0.0334 0.0176 0.0041 0.0371 0.2667 0.5602 0.5574 0.3298 0.0649
0.1067 0.0119 0.0123 0.0074 0.0976 0.4608 0.6368 0.4569 0.1791 0.0293
0.0193 0.0202 0.1129 0.4276 0.6958 0.5223 0.2061 0.0643 0.0337 0.0472
0.0282 0.0508 0.2219 0.5639 0.6669 0.3703 0.1164 0.0514 0.0421 0.0961
0.1141 0.2947 0.4711 0.5128 0.3525 0.1130 0.0477 0.0653 0.1209 0.3517
0.2784 0.5940 0.5986 0.3787 0.1523 0.0457 0.0315 0.0924 0.2493 0.5926
0.6020 0.5037 0.2122 0.0192 0.0177 0.0375 0.1175 0.3971 0.5702 0.5090
0.5720 0.1968 0.0506 0.0034 0.0111 0.0783 0.3360 0.6144 0.5919 0.2468
0.1526 0.0154 0.0116 0.0045 0.0611 0.3968 0.6461 0.5288 0.2382 0.0358
0.0521 0.0143 0.0310 0.0484 0.2826 0.4932 0.4464 0.2282 0.0907 0.0348
0.0189 0.0284 0.1654 0.5620 0.7363 0.4775 0.1522 0.0496 0.0314 0.0617
0.0420 0.0867 0.2822 0.5514 0.5831 0.2774 0.0912 0.0548 0.0569 0.1435
0.2186 0.5424 0.6090 0.4755 0.2136 0.0553 0.0303 0.0751 0.1999 0.5533
0.3695 0.5764 0.4804 0.1823 0.0822 0.0424 0.0462 0.1493 0.3357 0.5750
0.7226 0.4359 0.1048 0.0042 0.0068 0.0368 0.2080 0.6023 0.7006 0.4498
0.2778 0.0417 0.0200 0.0039 0.0321 0.2344 0.5338 0.5651 0.3591 0.0769
0.1152 0.0116 0.0110 0.0060 0.0855 0.4574 0.6570 0.4862 0.1924 0.0288
0.0211 0.0189 0.0974 0.3591 0.6582 0.5246 0.2293 0.0742 0.0370 0.0447
0.0261 0.0457 0.2115 0.5663 0.6820 0.3895 0.1219 0.0508 0.0398 0.0888
0.0947 0.2391 0.4325 0.5211 0.3956 0.1361 0.0541 0.0630 0.1049 0.3021
0.2664 0.5979 0.6167 0.4156 0.1663 0.0461 0.0296 0.0857 0.2379 0.5962
0.5282 0.5328 0.2904 0.0417 0.0292 0.0386 0.0866 0.2988 0.4936 0.5347
0.6848 0.3265 0.0727 0.0032 0.0073 0.0489 0.2677 0.6318 0.6774 0.3600
0.1805 0.0199 0.0132 0.0043 0.0513 0.3508 0.6203 0.5407 0.2678 0.0435
0.0782 0.0126 0.0179 0.0165 0.1588 0.4785 0.5612 0.3510 0.1343 0.0310
0.0169 0.0229 0.1446 0.5460 0.7508 0.5154 0.1704 0.0506 0.0290 0.0523
0.0337 0.0647 0.2482 0.5594 0.6309 0.3269 0.1042 0.0528 0.0481 0.1154
0.1885 0.4835 0.5809 0.4899 0.2447 0.0653 0.0333 0.0719 0.1776 0.5068
0.3165 0.5939 0.5567 0.2899 0.1179 0.0436 0.0363 0.1122 0.2844 0.5910
0.6732 0.4830 0.1546 0.0089 0.0106 0.0359 0.1547 0.5011 0.6447 0.4898
0.4684 0.1201 0.0369 0.0035 0.0158 0.1158 0.4010 0.5994 0.5137 0.1708
0.1309 0.0122 0.0103 0.0047 0.0711 0.4399 0.6696 0.5192 0.2140 0.0299
0.0376 0.0155 0.0463 0.1054 0.4095 0.5072 0.3644 0.1575 0.0661 0.0375
0.0201 0.0317 0.1772 0.5709 0.7291 0.4581 0.1434 0.0491 0.0327 0.0671
0.0512 0.1122 0.3155 0.5447 0.5389 0.2368 0.0805 0.0566 0.0659 0.1737
0.2423 0.5843 0.6287 0.4646 0.1928 0.0489 0.0283 0.0775 0.2173 0.5862
0.3845 0.5776 0.4667 0.1626 0.0745 0.0416 0.0485 0.1588 0.3500 0.5754
0.7325 0.4483 0.1061 0.0040 0.0065 0.0354 0.2063 0.6078 0.7093 0.4595
0.2845 0.0435 0.0204 0.0039 0.0311 0.2285 0.5291 0.5670 0.3651 0.0793
0.1163 0.0113 0.0106 0.0056 0.0832 0.4604 0.6653 0.4944 0.1947 0.0281
0.0214 0.0184 0.0931 0.3420 0.6494 0.5270 0.2366 0.0770 0.0377 0.0437
0.0250 0.0432 0.2064 0.5686 0.6905 0.3999 0.1247 0.0503 0.0385 0.0851
0.0917 0.2307 0.4264 0.5229 0.4032 0.1402 0.0551 0.0626 0.1024 0.2943
0.2648 0.6038 0.6255 0.4280 0.1695 0.0456 0.0288 0.0836 0.2359 0.6010
0.4493 0.5609 0.3858 0.0903 0.0487 0.0400 0.0628 0.2134 0.4138 0.5598
0.7401 0.4240 0.0923 0.0033 0.0058 0.0367 0.2277 0.6352 0.7198 0.4394
0.2236 0.0283 0.0160 0.0041 0.0409 0.2919 0.5807 0.5535 0.3101 0.0571
0.1056 0.0114 0.0117 0.0071 0.0972 0.4674 0.6452 0.4616 0.1785 0.0284
0.0173 0.0198 0.1213 0.4804 0.7297 0.5331 0.1955 0.0575 0.0303 0.0467
0.0277 0.0499 0.2208 0.5662 0.6706 0.3735 0.1170 0.0511 0.0416 0.0949
0.1344 0.3515 0.5076 0.5076 0.3167 0.0950 0.0423 0.0671 0.1368 0.4000
0.2807 0.6054 0.6095 0.3871 0.1518 0.0446 0.0305 0.0908 0.2503 0.6017
0.4744 0.5546 0.3566 0.0715 0.0413 0.0395 0.0693 0.2374 0.4389 0.5539
0.7383 0.4132 0.0886 0.0031 0.0058 0.0376 0.2340 0.6399 0.7192 0.4306
0.2041 0.0242 0.0147 0.0042 0.0451 0.3171 0.5990 0.5488 0.2914 0.0506
0.1015 0.0114 0.0123 0.0079 0.1037 0.4701 0.6365 0.4480 0.1722 0.0285
0.0164 0.0200 0.1281 0.5125 0.7468 0.5357 0.1876 0.0538 0.0288 0.0471
0.0281 0.0510 0.2231 0.5660 0.6678 0.3696 0.1158 0.0512 0.0421 0.0964
0.1506 0.3943 0.5329 0.5030 0.2922 0.0839 0.0390 0.0685 0.1493 0.4353
0.2839 0.6069 0.6076 0.3802 0.1484 0.0444 0.0308 0.0920 0.2532 0.6027
0.4384 0.5669 0.4020 0.1005 0.0519 0.0402 0.0599 0.2023 0.4031 0.5648
0.7492 0.4423 0.0962 0.0033 0.0056 0.0349 0.2211 0.6358 0.7270 0.4540
0.2318 0.0300 0.0165 0.0041 0.0393 0.2824 0.5737 0.5559 0.3177 0.0598
0.1118 0.0111 0.0107 0.0060 0.0878 0.4664 0.6626 0.4853 0.1885 0.0277
0.0176 0.0192 0.1150 0.4575 0.7203 0.5362 0.2035 0.0602 0.0311 0.0454
0.0258 0.0454 0.2116 0.5690 0.6846 0.3909 0.1218 0.0505 0.0394 0.0884
0.1224 0.3189 0.4877 0.5121 0.3377 0.1048 0.0452 0.0659 0.1274 0.3726
0.2747 0.6103 0.6218 0.4087 0.1588 0.0446 0.0293 0.0868 0.2444 0.6058
0.3724 0.5885 0.4905 0.1832 0.0794 0.0417 0.0456 0.1473 0.3384 0.5842
0.6622 0.4997 0.1714 0.0107 0.0116 0.0354 0.1429 0.4751 0.6320 0.5035
0.5796 0.2008 0.0508 0.0033 0.0107 0.0766 0.3348 0.6185 0.5980 0.2504
0.1254 0.0111 0.0095 0.0045 0.0729 0.4565 0.6837 0.5229 0.2086 0.0276
0.0480 0.0142 0.0331 0.0568 0.3094 0.5005 0.4326 0.2122 0.0842 0.0347
0.0163 0.0241 0.1566 0.5814 0.7646 0.5104 0.1595 0.0471 0.0280 0.0546
0.0414 0.0854 0.2807 0.5529 0.5865 0.2798 0.0916 0.0545 0.0563 0.1419
0.2446 0.5951 0.6388 0.4743 0.1934 0.0477 0.0273 0.0762 0.2182 0.5949
0.3181 0.6043 0.5660 0.2922 0.1149 0.0431 0.0358 0.1105 0.2860 0.5989
0.3554 0.5961 0.5161 0.2126 0.0879 0.0422 0.0424 0.1344 0.3223 0.5907
0.4559 0.5662 0.3845 0.0858 0.0458 0.0397 0.0640 0.2169 0.4208 0.5634
0.7596 0.4471 0.0938 0.0030 0.0052 0.0340 0.2247 0.6476 0.7371 0.4575
0.1982 0.0230 0.0142 0.0042 0.0464 0.3256 0.6051 0.5476 0.2857 0.0486
0.1088 0.0111 0.0110 0.0064 0.0917 0.4684 0.6570 0.4759 0.1839 0.0278
0.0160 0.0196 0.1272 0.5163 0.7513 0.5404 0.1886 0.0533 0.0283 0.0463
0.0264 0.0468 0.2147 0.5687 0.6806 0.3853 0.1201 0.0506 0.0401 0.0904
0.1493 0.3913 0.5315 0.5041 0.2944 0.0847 0.0391 0.0683 0.1482 0.4329
0.2890 0.6087 0.6037 0.3681 0.1428 0.0440 0.0313 0.0941 0.2580 0.6038
0.3997 0.5807 0.4541 0.1434 0.0662 0.0411 0.0511 0.1684 0.3651 0.5770
0.7050 0.4825 0.1369 0.0065 0.0083 0.0345 0.1712 0.5452 0.6775 0.4881
0.4944 0.1358 0.0397 0.0035 0.0144 0.1054 0.3856 0.6041 0.5337 0.1872
0.1276 0.0117 0.0100 0.0047 0.0726 0.4478 0.6745 0.5183 0.2103 0.0289
0.0367 0.0156 0.0476 0.1116 0.4202 0.5087 0.3588 0.1530 0.0645 0.0377
0.0205 0.0329 0.1810 0.5723 0.7257 0.4513 0.1407 0.0490 0.0332 0.0691
0.0547 0.1224 0.3275 0.5424 0.5234 0.2237 0.0772 0.0572 0.0694 0.1853
0.2473 0.5893 0.6287 0.4574 0.1877 0.0481 0.0283 0.0787 0.2213 0.5901
0.4353 0.5618 0.3998 0.1019 0.0534 0.0405 0.0599 0.2019 0.4000 0.5610
0.7318 0.4149 0.0918 0.0034 0.0061 0.0379 0.2286 0.6298 0.7125 0.4322
0.2325 0.0304 0.0167 0.0041 0.0392 0.2809 0.5716 0.5547 0.3182 0.0604
0.1013 0.0119 0.0129 0.0084 0.1057 0.4650 0.6265 0.4399 0.1710 0.0294
0.0181 0.0210 0.1239 0.4745 0.7199 0.5220 0.1923 0.0584 0.0315 0.0487
0.0299 0.0552 0.2307 0.5627 0.6551 0.3552 0.1121 0.0518 0.0441 0.1023
0.1448 0.3784 0.5230 0.5031 0.3000 0.0878 0.0403 0.0682 0.1449 0.4223
0.2930 0.5968 0.5858 0.3463 0.1386 0.0446 0.0329 0.0990 0.2624 0.5943
0.6559 0.4881 0.1677 0.0108 0.0120 0.0363 0.1445 0.4747 0.6265 0.4945
0.5065 0.1449 0.0415 0.0035 0.0139 0.1005 0.3764 0.6046 0.5426 0.1964
0.1403 0.0138 0.0110 0.0047 0.0668 0.4187 0.6562 0.5210 0.2243 0.0327
0.0396 0.0156 0.0445 0.0962 0.3908 0.5027 0.3723 0.1652 0.0692 0.0376
0.0212 0.0338 0.1817 0.5654 0.7183 0.4453 0.1402 0.0498 0.0341 0.0705
0.0525 0.1159 0.3198 0.5433 0.5327 0.2318 0.0793 0.0569 0.0673 0.1780
0.2380 0.5750 0.6230 0.4637 0.1957 0.0502 0.0289 0.0775 0.2144 0.5789
0.4088 0.5672 0.4309 0.1290 0.0635 0.0412 0.0541 0.1797 0.3740 0.5662
0.7293 0.4185 0.0943 0.0035 0.0063 0.0378 0.2243 0.6238 0.7095 0.4353
0.2423 0.0327 0.0174 0.0041 0.0375 0.2698 0.5630 0.5570 0.3274 0.0638
0.1051 0.0118 0.0124 0.0076 0.0997 0.4627 0.6351 0.4528 0.1768 0.0292
0.0186 0.0205 0.1181 0.4516 0.7090 0.5232 0.1994 0.0612 0.0325 0.0478
0.0290 0.0529 0.2264 0.5634 0.6610 0.3626 0.1142 0.0516 0.0431 0.0992
0.1327 0.3464 0.5040 0.5070 0.3191 0.0965 0.0429 0.0670 0.1356 0.3957
0.2835 0.5988 0.5987 0.3720 0.1481 0.0450 0.0315 0.0938 0.2535 0.5963
0.6110 0.5060 0.2081 0.0179 0.0167 0.0370 0.1198 0.4062 0.5790 0.5105
0.5970 0.2200 0.0544 0.0033 0.0101 0.0711 0.3218 0.6189 0.6109 0.2680
0.1529 0.0154 0.0116 0.0045 0.0609 0.3969 0.6469 0.5296 0.2386 0.0357
0.0535 0.0141 0.0299 0.0451 0.2729 0.4926 0.4544 0.2354 0.0931 0.0345
0.0187 0.0281 0.1651 0.5646 0.7390 0.4799 0.1525 0.0493 0.0311 0.0612
0.0435 0.0910 0.2883 0.5503 0.5751 0.2695 0.0891 0.0551 0.0584 0.1488
0.2288 0.5638 0.6211 0.4751 0.2054 0.0520 0.0290 0.0756 0.2072 0.5702
0.3577 0.5845 0.5021 0.2058 0.0891 0.0423 0.0433 0.1390 0.3239 0.5819
0.7267 0.4556 0.1122 0.0045 0.0068 0.0352 0.1982 0.5945 0.7025 0.4656
0.3190 0.0540 0.0231 0.0038 0.0271 0.2002 0.5023 0.5735 0.3946 0.0935
0.1198 0.0116 0.0105 0.0054 0.0801 0.4549 0.6656 0.4999 0.1992 0.0286
0.0236 0.0181 0.0836 0.2891 0.6105 0.5222 0.2547 0.0871 0.0416 0.0429
0.0247 0.0424 0.2042 0.5680 0.6926 0.4036 0.1260 0.0503 0.0381 0.0838
0.0834 0.2061 0.4069 0.5263 0.4252 0.1537 0.0588 0.0616 0.0953 0.2711
0.2607 0.5996 0.6252 0.4337 0.1734 0.0463 0.0287 0.0826 0.2325 0.5978
0.4683 0.5532 0.3606 0.0750 0.0431 0.0397 0.0681 0.2327 0.4329 0.5530
0.7278 0.3985 0.0866 0.0032 0.0061 0.0394 0.2379 0.6356 0.7104 0.4189
0.2097 0.0254 0.0151 0.0042 0.0438 0.3094 0.5930 0.5496 0.2967 0.0525
0.0960 0.0118 0.0135 0.0094 0.1145 0.4706 0.6180 0.4243 0.1631 0.0293
0.0168 0.0209 0.1311 0.5132 0.7427 0.5282 0.1843 0.0539 0.0294 0.0486
0.0302 0.0559 0.2324 0.5631 0.6535 0.3528 0.1113 0.0518 0.0443 0.1034
0.1613 0.4207 0.5474 0.4990 0.2773 0.0779 0.0372 0.0695 0.1574 0.4567
0.2921 0.6020 0.5928 0.3541 0.1398 0.0443 0.0323 0.0973 0.2612 0.5985
0.5854 0.5191 0.2358 0.0239 0.0199 0.0372 0.1069 0.3679 0.5520 0.5218
0.6619 0.2922 0.0663 0.0032 0.0079 0.0545 0.2843 0.6304 0.6602 0.3312
0.1559 0.0157 0.0116 0.0044 0.0593 0.3930 0.6468 0.5332 0.2422 0.0362
0.0671 0.0130 0.0218 0.0245 0.1989 0.4859 0.5210 0.3027 0.1161 0.0320
0.0167 0.0238 0.1515 0.5642 0.7567 0.5108 0.1640 0.0488 0.0286 0.0539
0.0367 0.0726 0.2612 0.5568 0.6130 0.3071 0.0989 0.0535 0.0513 0.1257
0.2176 0.5448 0.6133 0.4826 0.2164 0.0550 0.0298 0.0741 0.1987 0.5553
0.3212 0.5975 0.5557 0.2829 0.1141 0.0432 0.0366 0.1138 0.2887 0.5936
0.6495 0.4994 0.1790 0.0121 0.0127 0.0359 0.1373 0.4586 0.6188 0.5038
0.5774 0.1997 0.0507 0.0033 0.0108 0.0771 0.3354 0.6174 0.5964 0.2494
0.1342 0.0125 0.0102 0.0046 0.0687 0.4356 0.6705 0.5243 0.2182 0.0302
0.0476 0.0144 0.0340 0.0589 0.3137 0.4995 0.4276 0.2087 0.0833 0.0350
0.0180 0.0273 0.1648 0.5736 0.7474 0.4867 0.1528 0.0483 0.0302 0.0599
0.0448 0.0946 0.2934 0.5498 0.5689 0.2633 0.0874 0.0553 0.0597 0.1531
0.2393 0.5841 0.6323 0.4737 0.1972 0.0491 0.0279 0.0761 0.2145 0.5862
0.3382 0.5950 0.5342 0.2462 0.1011 0.0426 0.0393 0.1242 0.3050 0.5909
0.6531 0.5003 0.1774 0.0118 0.0124 0.0357 0.1385 0.4628 0.6225 0.5044
0.5866 0.2078 0.0520 0.0033 0.0105 0.0745 0.3303 0.6192 0.6033 0.2569
0.1310 0.0119 0.0100 0.0046 0.0702 0.4431 0.6753 0.5238 0.2147 0.0293
0.0476 0.0143 0.0338 0.0586 0.3133 0.5000 0.4287 0.2092 0.0834 0.0349
0.0176 0.0266 0.1631 0.5759 0.7515 0.4919 0.1541 0.0480 0.0296 0.0587
