0.0469 0.0778 0.2057 0.4667 0.5041 0.3072 0.1017 0.0441 0.0614 0.1041
0.0362 0.1574 0.4467 0.7030 0.5249 0.1514 0.0252 0.0129 0.0553 0.2050
0.1012 0.2855 0.4542 0.4866 0.1351 0.0621 0.0255 0.0310 0.1283 0.3279
0.3633 0.3252 0.2275 0.1059 0.0126 0.0440 0.0978 0.2424 0.3395 0.3348
0.4333 0.1465 0.0666 0.0344 0.0123 0.1312 0.4110 0.6002 0.3616 0.1521
0.0987 0.0381 0.0549 0.1403 0.2952 0.5019 0.4486 0.2595 0.0982 0.0489
0.0718 0.0303 0.0543 0.1785 0.4369 0.5784 0.4461 0.2086 0.0754 0.0405
0.0559 0.0529 0.1217 0.3299 0.4775 0.4150 0.2031 0.0865 0.0667 0.0710
0.0352 0.1523 0.4408 0.7046 0.5393 0.1578 0.0260 0.0129 0.0539 0.1993
0.0715 0.2400 0.4592 0.5704 0.2330 0.0828 0.0244 0.0223 0.0970 0.2867
0.3160 0.3923 0.3273 0.1657 0.0152 0.0322 0.0530 0.1450 0.3122 0.4056
0.4841 0.1742 0.0717 0.0306 0.0084 0.1042 0.3878 0.6230 0.4040 0.1771
0.1417 0.0508 0.0567 0.1052 0.1667 0.4054 0.4440 0.3249 0.1336 0.0622
0.0726 0.0302 0.0536 0.1760 0.4332 0.5793 0.4504 0.2121 0.0759 0.0403
0.0646 0.0379 0.0758 0.2328 0.4551 0.5128 0.3351 0.1476 0.0716 0.0510
0.0353 0.1441 0.4217 0.6928 0.5444 0.1681 0.0287 0.0139 0.0537 0.1895
0.0500 0.1954 0.4570 0.6463 0.3747 0.1129 0.0242 0.0164 0.0723 0.2438
0.2475 0.4047 0.4020 0.2478 0.0246 0.0312 0.0350 0.0869 0.2610 0.4256
0.4858 0.2028 0.0869 0.0349 0.0077 0.0853 0.3246 0.5777 0.4107 0.2050
0.2430 0.0803 0.0599 0.0647 0.0569 0.2653 0.4357 0.4452 0.2130 0.0915
0.0743 0.0306 0.0535 0.1727 0.4225 0.5748 0.4519 0.2162 0.0774 0.0407
0.0691 0.0324 0.0602 0.1947 0.4445 0.5587 0.4096 0.1870 0.0740 0.0436
0.0374 0.1256 0.3663 0.6469 0.5379 0.1949 0.0383 0.0180 0.0551 0.1663
0.0401 0.1715 0.4555 0.6890 0.4748 0.1355 0.0242 0.0137 0.0603 0.2200
0.1876 0.3871 0.4480 0.3358 0.0423 0.0350 0.0272 0.0562 0.2112 0.4162
0.4634 0.2645 0.1320 0.0508 0.0076 0.0589 0.2061 0.4519 0.4043 0.2669
0.3836 0.1251 0.0634 0.0394 0.0179 0.1601 0.4254 0.5702 0.3217 0.1328
0.0798 0.0322 0.0537 0.1641 0.3897 0.5578 0.4520 0.2267 0.0821 0.0425
0.0710 0.0306 0.0553 0.1818 0.4403 0.5755 0.4388 0.2037 0.0749 0.0411
0.0440 0.0889 0.2441 0.5178 0.5143 0.2732 0.0782 0.0345 0.0595 0.1188
0.0360 0.1600 0.4529 0.7072 0.5244 0.1486 0.0244 0.0126 0.0552 0.2081
0.1224 0.3234 0.4645 0.4481 0.0954 0.0500 0.0244 0.0355 0.1503 0.3628
0.3994 0.3609 0.2388 0.0980 0.0094 0.0363 0.0910 0.2548 0.3703 0.3666
0.4806 0.1639 0.0670 0.0295 0.0088 0.1126 0.4112 0.6365 0.3994 0.1671
0.1014 0.0388 0.0549 0.1372 0.2842 0.4953 0.4491 0.2645 0.1005 0.0497
0.0718 0.0301 0.0538 0.1775 0.4376 0.5805 0.4488 0.2099 0.0754 0.0403
0.0572 0.0499 0.1122 0.3114 0.4740 0.4320 0.2230 0.0951 0.0675 0.0670
0.0348 0.1529 0.4447 0.7090 0.5435 0.1572 0.0255 0.0126 0.0535 0.2003
0.0686 0.2373 0.4635 0.5828 0.2466 0.0845 0.0238 0.0211 0.0938 0.2845
0.3185 0.4331 0.3691 0.1822 0.0140 0.0265 0.0421 0.1261 0.3184 0.4454
0.5201 0.1965 0.0756 0.0282 0.0064 0.0880 0.3709 0.6381 0.4349 0.1968
0.1896 0.0646 0.0582 0.0816 0.0964 0.3287 0.4406 0.3869 0.1716 0.0761
0.0729 0.0301 0.0534 0.1749 0.4318 0.5798 0.4523 0.2135 0.0762 0.0402
0.0672 0.0345 0.0658 0.2088 0.4490 0.5410 0.3797 0.1707 0.0730 0.0464
0.0353 0.1422 0.4173 0.6903 0.5464 0.1707 0.0293 0.0141 0.0536 0.1872
0.0451 0.1857 0.4596 0.6687 0.4198 0.1216 0.0238 0.0149 0.0665 0.2344
0.2442 0.4392 0.4449 0.2736 0.0239 0.0266 0.0280 0.0738 0.2617 0.4599
0.5016 0.2559 0.1135 0.0402 0.0062 0.0611 0.2457 0.5224 0.4311 0.2556
0.3779 0.1225 0.0630 0.0399 0.0188 0.1642 0.4279 0.5672 0.3171 0.1304
0.0769 0.0313 0.0535 0.1683 0.4068 0.5672 0.4526 0.2216 0.0796 0.0415
0.0707 0.0307 0.0556 0.1828 0.4411 0.5742 0.4361 0.2020 0.0748 0.0413
0.0403 0.1067 0.3049 0.5876 0.5277 0.2299 0.0539 0.0244 0.0571 0.1421
0.0367 0.1634 0.4562 0.7056 0.5145 0.1447 0.0240 0.0127 0.0562 0.2118
0.1566 0.3716 0.4707 0.3929 0.0592 0.0384 0.0239 0.0436 0.1839 0.4055
0.4290 0.3776 0.2363 0.0885 0.0076 0.0332 0.0926 0.2764 0.3940 0.3800
0.5076 0.1737 0.0669 0.0269 0.0073 0.1038 0.4132 0.6576 0.4213 0.1754
0.0990 0.0381 0.0547 0.1396 0.2940 0.5019 0.4497 0.2607 0.0985 0.0488
0.0717 0.0300 0.0536 0.1772 0.4382 0.5814 0.4497 0.2103 0.0753 0.0402
0.0559 0.0525 0.1204 0.3276 0.4778 0.4171 0.2052 0.0873 0.0668 0.0706
0.0345 0.1547 0.4502 0.7134 0.5450 0.1551 0.0248 0.0123 0.0533 0.2026
0.0775 0.2572 0.4688 0.5588 0.2046 0.0745 0.0233 0.0231 0.1039 0.3035
0.3420 0.4725 0.3927 0.1789 0.0113 0.0219 0.0372 0.1254 0.3403 0.4812
0.5461 0.2119 0.0776 0.0264 0.0052 0.0788 0.3629 0.6517 0.4572 0.2101
0.2297 0.0761 0.0593 0.0682 0.0645 0.2801 0.4382 0.4325 0.2027 0.0874
0.0730 0.0301 0.0533 0.1746 0.4313 0.5799 0.4528 0.2140 0.0762 0.0402
0.0682 0.0333 0.0626 0.2007 0.4469 0.5508 0.3959 0.1794 0.0736 0.0449
0.0352 0.1421 0.4177 0.6910 0.5474 0.1708 0.0292 0.0141 0.0535 0.1873
0.0438 0.1834 0.4609 0.6751 0.4322 0.1238 0.0236 0.0145 0.0650 0.2323
0.2523 0.4586 0.4589 0.2738 0.0217 0.0242 0.0260 0.0726 0.2699 0.4778
0.5014 0.2913 0.1359 0.0459 0.0058 0.0502 0.1990 0.4745 0.4361 0.2899
0.4467 0.1469 0.0644 0.0321 0.0113 0.1301 0.4241 0.6197 0.3714 0.1520
0.0793 0.0320 0.0536 0.1646 0.3925 0.5597 0.4526 0.2262 0.0817 0.0422
0.0711 0.0303 0.0544 0.1795 0.4402 0.5786 0.4437 0.2065 0.0751 0.0407
0.0433 0.0915 0.2530 0.5290 0.5171 0.2661 0.0737 0.0326 0.0591 0.1224
0.0355 0.1603 0.4566 0.7120 0.5300 0.1484 0.0240 0.0123 0.0546 0.2087
0.1404 0.3574 0.4775 0.4238 0.0726 0.0416 0.0230 0.0384 0.1687 0.3940
0.4069 0.4592 0.3283 0.1249 0.0076 0.0227 0.0529 0.1885 0.3873 0.4615
0.5575 0.2005 0.0698 0.0235 0.0050 0.0847 0.3996 0.6844 0.4638 0.1985
0.1420 0.0507 0.0565 0.1047 0.1662 0.4057 0.4454 0.3262 0.1338 0.0621
0.0721 0.0299 0.0532 0.1760 0.4368 0.5823 0.4523 0.2121 0.0755 0.0400
0.0636 0.0390 0.0788 0.2398 0.4577 0.5044 0.3219 0.1410 0.0712 0.0526
0.0343 0.1517 0.4448 0.7115 0.5499 0.1588 0.0254 0.0125 0.0529 0.1992
0.0568 0.2156 0.4662 0.6253 0.3173 0.0981 0.0232 0.0177 0.0806 0.2642
0.3111 0.4982 0.4478 0.2224 0.0133 0.0197 0.0277 0.0938 0.3195 0.5094
0.5411 0.2626 0.1053 0.0334 0.0048 0.0581 0.2669 0.5731 0.4616 0.2591
0.4088 0.1327 0.0634 0.0361 0.0149 0.1484 0.4278 0.5926 0.3413 0.1395
0.0755 0.0309 0.0534 0.1703 0.4154 0.5720 0.4533 0.2192 0.0784 0.0410
0.0707 0.0306 0.0552 0.1818 0.4412 0.5751 0.4375 0.2029 0.0749 0.0413
0.0385 0.1172 0.3398 0.6229 0.5350 0.2094 0.0442 0.0204 0.0558 0.1558
0.0369 0.1650 0.4586 0.7062 0.5117 0.1430 0.0237 0.0126 0.0564 0.2136
0.1886 0.4150 0.4796 0.3539 0.0401 0.0307 0.0231 0.0505 0.2144 0.4436
0.4387 0.4319 0.2797 0.0987 0.0066 0.0255 0.0702 0.2417 0.4076 0.4319
0.5543 0.1951 0.0680 0.0233 0.0052 0.0879 0.4091 0.6881 0.4604 0.1935
0.1144 0.0426 0.0553 0.1248 0.2376 0.4639 0.4484 0.2857 0.1113 0.0537
0.0718 0.0298 0.0531 0.1760 0.4382 0.5831 0.4523 0.2118 0.0754 0.0400
0.0606 0.0435 0.0921 0.2696 0.4652 0.4722 0.2751 0.1187 0.0696 0.0587
0.0341 0.1539 0.4508 0.7158 0.5502 0.1562 0.0247 0.0121 0.0528 0.2019
0.0659 0.2361 0.4696 0.5955 0.2591 0.0854 0.0230 0.0200 0.0911 0.2839
0.3364 0.5129 0.4422 0.2035 0.0110 0.0182 0.0286 0.1040 0.3403 0.5209
0.5545 0.2547 0.0971 0.0302 0.0045 0.0605 0.2906 0.6037 0.4705 0.2505
0.4006 0.1297 0.0631 0.0370 0.0159 0.1528 0.4290 0.5868 0.3348 0.1368
0.0744 0.0305 0.0532 0.1720 0.4223 0.5759 0.4537 0.2173 0.0774 0.0406
0.0707 0.0306 0.0550 0.1811 0.4413 0.5755 0.4380 0.2033 0.0750 0.0413
0.0376 0.1230 0.3586 0.6407 0.5388 0.1993 0.0398 0.0186 0.0552 0.1633
0.0369 0.1654 0.4595 0.7066 0.5112 0.1425 0.0236 0.0126 0.0565 0.2141
0.2039 0.4346 0.4838 0.3379 0.0338 0.0278 0.0226 0.0536 0.2287 0.4606
0.4384 0.4641 0.3107 0.1082 0.0063 0.0220 0.0583 0.2168 0.4111 0.4630
0.5761 0.2062 0.0687 0.0218 0.0044 0.0810 0.4060 0.7012 0.4791 0.2029
0.1289 0.0469 0.0559 0.1133 0.1960 0.4319 0.4471 0.3078 0.1232 0.0581
0.0719 0.0298 0.0530 0.1757 0.4381 0.5835 0.4530 0.2122 0.0754 0.0399
0.0629 0.0400 0.0814 0.2459 0.4595 0.4970 0.3107 0.1356 0.0709 0.0541
0.0340 0.1538 0.4514 0.7169 0.5518 0.1563 0.0246 0.0121 0.0526 0.2019
0.0623 0.2292 0.4697 0.6078 0.2798 0.0895 0.0229 0.0190 0.0870 0.2774
0.3386 0.5308 0.4603 0.2102 0.0105 0.0168 0.0260 0.0984 0.3439 0.5379
0.5431 0.3006 0.1265 0.0380 0.0044 0.0471 0.2162 0.5263 0.4686 0.2954
0.4922 0.1639 0.0651 0.0278 0.0082 0.1122 0.4239 0.6536 0.4080 0.1667
0.0768 0.0312 0.0534 0.1682 0.4075 0.5681 0.4535 0.2218 0.0795 0.0413
0.0712 0.0300 0.0536 0.1774 0.4401 0.5804 0.4466 0.2083 0.0753 0.0406
0.0413 0.1008 0.2847 0.5659 0.5245 0.2430 0.0605 0.0271 0.0578 0.1348
0.0352 0.1606 0.4587 0.7145 0.5326 0.1482 0.0237 0.0121 0.0544 0.2092
0.1668 0.3958 0.4851 0.3872 0.0512 0.0340 0.0222 0.0439 0.1945 0.4278
0.4104 0.5162 0.3851 0.1430 0.0068 0.0175 0.0385 0.1568 0.3963 0.5163
0.5885 0.2230 0.0733 0.0220 0.0039 0.0724 0.3821 0.6949 0.4916 0.2179
0.2374 0.0782 0.0593 0.0659 0.0600 0.2726 0.4389 0.4414 0.2086 0.0893
0.0723 0.0298 0.0530 0.1752 0.4360 0.5830 0.4540 0.2133 0.0756 0.0399
0.0686 0.0326 0.0603 0.1946 0.4456 0.5568 0.4058 0.1851 0.0741 0.0442
0.0342 0.1489 0.4386 0.7081 0.5525 0.1622 0.0262 0.0127 0.0527 0.1960
0.0444 0.1866 0.4640 0.6743 0.4248 0.1210 0.0232 0.0144 0.0658 0.2357
0.3009 0.5225 0.4844 0.2476 0.0138 0.0177 0.0228 0.0796 0.3141 0.5340
0.4813 0.4354 0.2557 0.0804 0.0051 0.0248 0.0810 0.2895 0.4395 0.4308
0.5818 0.2057 0.0675 0.0211 0.0043 0.0811 0.4136 0.7099 0.4836 0.2022
0.1000 0.0383 0.0546 0.1384 0.2901 0.4999 0.4505 0.2628 0.0993 0.0491
0.0717 0.0297 0.0528 0.1753 0.4391 0.5839 0.4530 0.2121 0.0754 0.0400
0.0585 0.0470 0.1025 0.2917 0.4706 0.4490 0.2440 0.1046 0.0685 0.0637
0.0338 0.1556 0.4561 0.7201 0.5517 0.1543 0.0240 0.0118 0.0526 0.2040
0.0810 0.2680 0.4755 0.5533 0.1898 0.0698 0.0225 0.0234 0.1079 0.3141
0.3640 0.5531 0.4639 0.1967 0.0086 0.0150 0.0254 0.1050 0.3655 0.5568
0.5434 0.3265 0.1422 0.0415 0.0042 0.0411 0.1869 0.4943 0.4723 0.3201
0.5398 0.1839 0.0660 0.0239 0.0058 0.0954 0.4217 0.6861 0.4475 0.1838
0.0773 0.0313 0.0534 0.1675 0.4048 0.5668 0.4537 0.2228 0.0799 0.0415
0.0714 0.0298 0.0528 0.1751 0.4396 0.5825 0.4504 0.2107 0.0755 0.0404
0.0434 0.0904 0.2486 0.5235 0.5169 0.2688 0.0752 0.0332 0.0593 0.1215
0.0345 0.1588 0.4591 0.7184 0.5419 0.1504 0.0236 0.0119 0.0535 0.2074
0.1638 0.3954 0.4887 0.3940 0.0529 0.0341 0.0218 0.0425 0.1918 0.4278
0.4021 0.5643 0.4447 0.1688 0.0067 0.0140 0.0279 0.1251 0.3954 0.5635
0.5828 0.2735 0.0986 0.0278 0.0037 0.0539 0.2846 0.6206 0.4950 0.2661
0.4860 0.1609 0.0648 0.0282 0.0086 0.1150 0.4260 0.6505 0.4030 0.1641
0.0736 0.0302 0.0531 0.1731 0.4275 0.5789 0.4544 0.2160 0.0767 0.0402
0.0710 0.0300 0.0530 0.1754 0.4400 0.5803 0.4465 0.2088 0.0756 0.0409
0.0372 0.1245 0.3631 0.6449 0.5404 0.1967 0.0387 0.0181 0.0550 0.1658
0.0357 0.1626 0.4602 0.7132 0.5265 0.1460 0.0235 0.0122 0.0549 0.2113
0.2298 0.4705 0.4952 0.3164 0.0256 0.0232 0.0213 0.0578 0.2529 0.4919
0.4198 0.5764 0.4436 0.1602 0.0059 0.0132 0.0279 0.1314 0.4100 0.5733
0.5957 0.2727 0.0943 0.0258 0.0034 0.0539 0.2972 0.6405 0.5049 0.2642
0.4963 0.1649 0.0649 0.0273 0.0080 0.1112 0.4259 0.6579 0.4113 0.1676
0.0731 0.0300 0.0530 0.1739 0.4310 0.5808 0.4545 0.2151 0.0763 0.0401
0.0710 0.0299 0.0526 0.1742 0.4397 0.5804 0.4469 0.2093 0.0758 0.0411
0.0364 0.1304 0.3818 0.6616 0.5439 0.1873 0.0350 0.0165 0.0544 0.1735
0.0357 0.1629 0.4605 0.7130 0.5255 0.1456 0.0235 0.0122 0.0550 0.2116
0.2513 0.4923 0.4974 0.2964 0.0208 0.0208 0.0211 0.0628 0.2722 0.5103
0.4167 0.5925 0.4642 0.1696 0.0058 0.0122 0.0249 0.1213 0.4095 0.5890
0.5626 0.3481 0.1476 0.0402 0.0036 0.0367 0.1765 0.4973 0.4896 0.3387
0.5867 0.2057 0.0668 0.0206 0.0041 0.0809 0.4199 0.7171 0.4876 0.2021
0.0755 0.0308 0.0532 0.1702 0.4159 0.5728 0.4542 0.2196 0.0783 0.0409
0.0713 0.0296 0.0516 0.1715 0.4389 0.5835 0.4523 0.2127 0.0761 0.0407
0.0426 0.0933 0.2577 0.5341 0.5192 0.2605 0.0702 0.0313 0.0590 0.1264
0.0342 0.1581 0.4596 0.7205 0.5464 0.1513 0.0236 0.0118 0.0530 0.2067
0.1945 0.4354 0.4953 0.3566 0.0368 0.0278 0.0211 0.0489 0.2209 0.4625
0.4068 0.6050 0.4865 0.1835 0.0061 0.0115 0.0221 0.1090 0.4034 0.6019
0.4547 0.5768 0.4150 0.1356 0.0048 0.0130 0.0319 0.1574 0.4358 0.5697
0.6324 0.2415 0.0713 0.0185 0.0029 0.0637 0.3893 0.7293 0.5293 0.2321
0.3272 0.1050 0.0614 0.0470 0.0278 0.1972 0.4351 0.5282 0.2777 0.1146
0.0718 0.0296 0.0525 0.1745 0.4387 0.5849 0.4548 0.2131 0.0755 0.0399
0.0699 0.0305 0.0528 0.1732 0.4401 0.5726 0.4341 0.2035 0.0765 0.0432
0.0336 0.1531 0.4512 0.7181 0.5562 0.1572 0.0245 0.0120 0.0523 0.2018
0.0422 0.1817 0.4645 0.6844 0.4474 0.1256 0.0230 0.0138 0.0632 0.2308
0.3633 0.5881 0.5033 0.2151 0.0082 0.0127 0.0204 0.0908 0.3687 0.5901
0.4297 0.6263 0.4914 0.1744 0.0051 0.0103 0.0211 0.1131 0.4228 0.6197
0.4402 0.6330 0.4899 0.1690 0.0048 0.0099 0.0211 0.1163 0.4314 0.6249
0.4550 0.6233 0.4664 0.1536 0.0044 0.0104 0.0238 0.1309 0.4413 0.6141
0.5931 0.3389 0.1292 0.0330 0.0031 0.0380 0.2048 0.5540 0.5116 0.3266
0.5271 0.1817 0.0671 0.0253 0.0063 0.0973 0.4132 0.6716 0.4373 0.1822
0.0853 0.0344 0.0549 0.1577 0.3578 0.5364 0.4456 0.2339 0.0869 0.0449
0.0691 0.0337 0.0632 0.2006 0.4411 0.5472 0.3948 0.1802 0.0741 0.0451
0.0380 0.1294 0.3728 0.6484 0.5289 0.1887 0.0371 0.0178 0.0559 0.1704
0.0516 0.1891 0.4391 0.6284 0.3667 0.1174 0.0266 0.0180 0.0737 0.2361
0.2328 0.2231 0.2088 0.1585 0.0388 0.0821 0.1086 0.1730 0.2305 0.2439
0.2640 0.0990 0.0707 0.0663 0.0445 0.2145 0.3804 0.4274 0.2323 0.1107
0.0990 0.0402 0.0582 0.1451 0.2895 0.4851 0.4283 0.2489 0.0990 0.0515
0.0716 0.0349 0.0640 0.1972 0.4237 0.5360 0.3916 0.1832 0.0764 0.0464
0.0523 0.0681 0.1674 0.4019 0.4766 0.3422 0.1365 0.0600 0.0653 0.0906
0.0430 0.1404 0.3749 0.6246 0.4712 0.1707 0.0369 0.0196 0.0619 0.1818
0.0842 0.1961 0.3547 0.4603 0.2056 0.1075 0.0425 0.0379 0.1063 0.2352
0.2175 0.1580 0.1470 0.1324 0.0520 0.1295 0.1737 0.2224 0.2102 0.1768
0.1926 0.0745 0.0676 0.0888 0.0888 0.2900 0.3894 0.3557 0.1763 0.0871
0.0893 0.0376 0.0584 0.1579 0.3321 0.5085 0.4252 0.2307 0.0909 0.0487
0.0700 0.0363 0.0681 0.2077 0.4284 0.5245 0.3711 0.1715 0.0754 0.0483
0.0504 0.0751 0.1897 0.4349 0.4805 0.3157 0.1147 0.0511 0.0643 0.0998
0.0448 0.1406 0.3677 0.6112 0.4553 0.1699 0.0384 0.0208 0.0638 0.1815
0.0895 0.1918 0.3357 0.4322 0.1913 0.1101 0.0473 0.0430 0.1109 0.2292
0.2159 0.1413 0.1297 0.1225 0.0554 0.1480 0.2022 0.2446 0.2064 0.1591
0.1747 0.0672 0.0654 0.0953 0.1087 0.3197 0.3989 0.3403 0.1617 0.0797
0.0854 0.0362 0.0581 0.1630 0.3521 0.5207 0.4264 0.2244 0.0876 0.0472
0.0692 0.0366 0.0692 0.2113 0.4324 0.5228 0.3658 0.1678 0.0748 0.0486
0.0491 0.0790 0.2030 0.4543 0.4848 0.3025 0.1041 0.0465 0.0635 0.1049
0.0447 0.1436 0.3747 0.6163 0.4534 0.1659 0.0370 0.0203 0.0639 0.1851
0.0929 0.1972 0.3376 0.4251 0.1799 0.1058 0.0469 0.0441 0.1144 0.2346
0.2295 0.1419 0.1236 0.1117 0.0495 0.1464 0.2147 0.2668 0.2165 0.1587
0.1759 0.0664 0.0641 0.0934 0.1080 0.3229 0.4057 0.3463 0.1623 0.0787
0.0839 0.0353 0.0572 0.1638 0.3616 0.5293 0.4315 0.2242 0.0861 0.0461
0.0690 0.0359 0.0679 0.2093 0.4353 0.5288 0.3721 0.1702 0.0745 0.0478
0.0476 0.0830 0.2176 0.4761 0.4920 0.2901 0.0938 0.0419 0.0624 0.1102
0.0438 0.1478 0.3877 0.6292 0.4577 0.1607 0.0345 0.0190 0.0632 0.1904
0.0974 0.2104 0.3498 0.4230 0.1641 0.0967 0.0440 0.0439 0.1195 0.2482
0.2502 0.1488 0.1211 0.1011 0.0411 0.1372 0.2208 0.2902 0.2326 0.1646
0.1817 0.0672 0.0632 0.0898 0.1019 0.3186 0.4108 0.3570 0.1667 0.0794
0.0827 0.0348 0.0569 0.1651 0.3685 0.5341 0.4330 0.2227 0.0850 0.0455
0.0685 0.0362 0.0689 0.2124 0.4377 0.5265 0.3670 0.1671 0.0742 0.0482
0.0463 0.0878 0.2338 0.4974 0.4960 0.2758 0.0841 0.0378 0.0616 0.1165
0.0442 0.1519 0.3951 0.6321 0.4509 0.1555 0.0332 0.0186 0.0638 0.1953
0.1049 0.2159 0.3440 0.4018 0.1461 0.0928 0.0456 0.0480 0.1267 0.2528
0.2600 0.1447 0.1131 0.0927 0.0387 0.1413 0.2389 0.3141 0.2389 0.1597
0.1766 0.0650 0.0623 0.0914 0.1082 0.3288 0.4154 0.3537 0.1625 0.0771
0.0811 0.0341 0.0566 0.1669 0.3774 0.5401 0.4347 0.2208 0.0837 0.0448
0.0680 0.0363 0.0694 0.2141 0.4398 0.5259 0.3646 0.1653 0.0739 0.0483
0.0450 0.0930 0.2519 0.5206 0.5013 0.2617 0.0747 0.0339 0.0607 0.1233
0.0440 0.1571 0.4070 0.6408 0.4487 0.1495 0.0312 0.0177 0.0639 0.2015
0.1137 0.2355 0.3578 0.3932 0.1250 0.0816 0.0425 0.0489 0.1360 0.2723
0.2843 0.1601 0.1176 0.0865 0.0309 0.1239 0.2300 0.3280 0.2590 0.1742
0.1940 0.0698 0.0623 0.0836 0.0901 0.3071 0.4169 0.3761 0.1760 0.0818
0.0816 0.0340 0.0561 0.1655 0.3756 0.5408 0.4374 0.2229 0.0840 0.0446
0.0684 0.0355 0.0675 0.2099 0.4398 0.5321 0.3737 0.1698 0.0740 0.0473
0.0454 0.0901 0.2429 0.5104 0.5010 0.2695 0.0791 0.0356 0.0609 0.1196
0.0431 0.1559 0.4087 0.6463 0.4580 0.1511 0.0309 0.0173 0.0628 0.2004
0.1097 0.2306 0.3575 0.4011 0.1329 0.0844 0.0425 0.0474 0.1321 0.2678
0.2841 0.1555 0.1135 0.0845 0.0314 0.1284 0.2392 0.3358 0.2580 0.1694
0.1910 0.0684 0.0617 0.0842 0.0932 0.3130 0.4201 0.3747 0.1735 0.0803
0.0807 0.0335 0.0556 0.1660 0.3815 0.5459 0.4404 0.2227 0.0831 0.0440
0.0684 0.0350 0.0664 0.2079 0.4412 0.5364 0.3789 0.1721 0.0739 0.0467
0.0443 0.0937 0.2562 0.5278 0.5065 0.2600 0.0727 0.0328 0.0601 0.1244
0.0425 0.1589 0.4179 0.6549 0.4613 0.1479 0.0294 0.0165 0.0623 0.2042
0.1145 0.2503 0.3780 0.4055 0.1202 0.0748 0.0382 0.0457 0.1379 0.2879
0.3097 0.1706 0.1170 0.0784 0.0251 0.1134 0.2325 0.3521 0.2789 0.1835
0.2084 0.0735 0.0621 0.0777 0.0779 0.2916 0.4196 0.3950 0.1871 0.0853
0.0813 0.0337 0.0556 0.1649 0.3778 0.5442 0.4408 0.2242 0.0837 0.0442
0.0687 0.0347 0.0654 0.2055 0.4405 0.5393 0.3837 0.1747 0.0740 0.0462
0.0440 0.0945 0.2592 0.5316 0.5076 0.2579 0.0713 0.0322 0.0599 0.1255
0.0424 0.1598 0.4203 0.6570 0.4618 0.1470 0.0291 0.0163 0.0622 0.2052
0.1169 0.2549 0.3804 0.4022 0.1154 0.0727 0.0377 0.0461 0.1404 0.2924
0.3169 0.1724 0.1158 0.0758 0.0238 0.1117 0.2353 0.3608 0.2843 0.1849
0.2129 0.0742 0.0616 0.0756 0.0748 0.2886 0.4227 0.4024 0.1904 0.0859
0.0807 0.0332 0.0551 0.1650 0.3821 0.5483 0.4435 0.2243 0.0831 0.0437
0.0692 0.0338 0.0633 0.2007 0.4407 0.5469 0.3947 0.1802 0.0742 0.0451
0.0443 0.0919 0.2512 0.5232 0.5083 0.2650 0.0750 0.0335 0.0600 0.1221
0.0409 0.1588 0.4253 0.6672 0.4765 0.1485 0.0283 0.0155 0.0606 0.2046
0.1121 0.2600 0.3964 0.4230 0.1217 0.0709 0.0346 0.0419 0.1365 0.2988
0.3256 0.1887 0.1261 0.0780 0.0215 0.0991 0.2138 0.3482 0.2932 0.2010
0.2384 0.0820 0.0624 0.0679 0.0585 0.2606 0.4207 0.4295 0.2103 0.0934
0.0823 0.0336 0.0549 0.1623 0.3737 0.5446 0.4448 0.2279 0.0844 0.0440
0.0698 0.0330 0.0611 0.1955 0.4395 0.5538 0.4061 0.1864 0.0745 0.0441
0.0450 0.0882 0.2392 0.5090 0.5071 0.2752 0.0810 0.0360 0.0603 0.1174
0.0397 0.1584 0.4302 0.6759 0.4881 0.1493 0.0275 0.0149 0.0593 0.2046
0.1104 0.2694 0.4132 0.4381 0.1224 0.0673 0.0317 0.0388 0.1356 0.3091
0.3389 0.2133 0.1413 0.0807 0.0185 0.0837 0.1870 0.3326 0.3066 0.2251
0.2712 0.0921 0.0632 0.0597 0.0435 0.2301 0.4186 0.4624 0.2356 0.1030
0.0842 0.0341 0.0549 0.1592 0.3632 0.5394 0.4457 0.2320 0.0861 0.0446
0.0702 0.0325 0.0598 0.1922 0.4387 0.5582 0.4134 0.1904 0.0747 0.0434
0.0460 0.0836 0.2240 0.4897 0.5043 0.2885 0.0897 0.0395 0.0609 0.1114
0.0389 0.1574 0.4317 0.6804 0.4963 0.1507 0.0273 0.0146 0.0584 0.2037
0.1039 0.2697 0.4262 0.4611 0.1336 0.0676 0.0295 0.0351 0.1298 0.3107
0.3388 0.2403 0.1644 0.0901 0.0174 0.0708 0.1543 0.2974 0.3105 0.2523
0.3125 0.1059 0.0647 0.0516 0.0306 0.1966 0.4134 0.4988 0.2676 0.1159
0.0886 0.0354 0.0550 0.1531 0.3405 0.5269 0.4459 0.2402 0.0898 0.0460
0.0709 0.0318 0.0580 0.1874 0.4369 0.5641 0.4238 0.1964 0.0751 0.0425
0.0482 0.0751 0.1953 0.4504 0.4979 0.3164 0.1098 0.0477 0.0623 0.1003
0.0380 0.1552 0.4320 0.6853 0.5077 0.1535 0.0272 0.0142 0.0572 0.2015
0.0945 0.2628 0.4363 0.4907 0.1550 0.0708 0.0279 0.0310 0.1205 0.3055
0.3326 0.2669 0.1913 0.1029 0.0171 0.0608 0.1255 0.2590 0.3097 0.2796
0.3497 0.1189 0.0661 0.0456 0.0228 0.1713 0.4087 0.5291 0.2966 0.1279
0.0940 0.0370 0.0551 0.1463 0.3152 0.5123 0.4461 0.2499 0.0943 0.0477
0.0715 0.0312 0.0564 0.1833 0.4355 0.5694 0.4332 0.2019 0.0754 0.0417
0.0513 0.0650 0.1612 0.3985 0.4890 0.3560 0.1431 0.0613 0.0641 0.0869
0.0370 0.1523 0.4308 0.6895 0.5200 0.1572 0.0274 0.0140 0.0560 0.1984
0.0831 0.2484 0.4413 0.5240 0.1893 0.0778 0.0270 0.0272 0.1088 0.2927
0.3160 0.2877 0.2205 0.1213 0.0184 0.0546 0.1019 0.2180 0.3002 0.3019
0.3721 0.1277 0.0673 0.0427 0.0191 0.1570 0.4038 0.5450 0.3142 0.1359
0.1001 0.0388 0.0553 0.1393 0.2887 0.4961 0.4459 0.2605 0.0995 0.0496
0.0719 0.0309 0.0555 0.1808 0.4342 0.5724 0.4388 0.2053 0.0756 0.0413
0.0550 0.0553 0.1294 0.3436 0.4786 0.4017 0.1891 0.0807 0.0663 0.0741
0.0364 0.1489 0.4264 0.6899 0.5287 0.1616 0.0280 0.0140 0.0552 0.1947
0.0702 0.2295 0.4463 0.5659 0.2427 0.0884 0.0261 0.0230 0.0950 0.2755
0.2863 0.3285 0.2827 0.1627 0.0210 0.0446 0.0683 0.1547 0.2829 0.3455
0.4154 0.1480 0.0710 0.0382 0.0137 0.1304 0.3880 0.5695 0.3492 0.1544
0.1200 0.0447 0.0562 0.1209 0.2196 0.4479 0.4437 0.2919 0.1160 0.0560
0.0726 0.0308 0.0548 0.1783 0.4312 0.5738 0.4433 0.2087 0.0761 0.0410
0.0593 0.0467 0.1021 0.2902 0.4673 0.4512 0.2485 0.1067 0.0687 0.0626
0.0362 0.1459 0.4212 0.6882 0.5341 0.1655 0.0288 0.0142 0.0547 0.1912
0.0616 0.2164 0.4513 0.5981 0.2895 0.0969 0.0252 0.0201 0.0856 0.2636
0.2688 0.3630 0.3347 0.1979 0.0224 0.0378 0.0505 0.1198 0.2733 0.3818
0.4466 0.1674 0.0758 0.0360 0.0107 0.1109 0.3675 0.5794 0.3756 0.1723
0.1518 0.0540 0.0574 0.0996 0.1471 0.3853 0.4408 0.3373 0.1418 0.0656
0.0734 0.0307 0.0542 0.1758 0.4274 0.5743 0.4472 0.2120 0.0767 0.0409
0.0637 0.0395 0.0802 0.2426 0.4564 0.5011 0.3183 0.1395 0.0711 0.0529
0.0362 0.1403 0.4081 0.6801 0.5381 0.1729 0.0308 0.0149 0.0545 0.1845
0.0518 0.1974 0.4534 0.6367 0.3605 0.1111 0.0247 0.0172 0.0743 0.2454
0.2396 0.3865 0.3890 0.2478 0.0270 0.0342 0.0374 0.0880 0.2530 0.4086
0.4649 0.1931 0.0865 0.0372 0.0089 0.0917 0.3255 0.5619 0.3937 0.1967
0.2121 0.0717 0.0594 0.0740 0.0763 0.2977 0.4355 0.4104 0.1893 0.0832
0.0749 0.0310 0.0540 0.1726 0.4184 0.5710 0.4492 0.2159 0.0779 0.0411
0.0675 0.0346 0.0663 0.2095 0.4476 0.5396 0.3788 0.1704 0.0731 0.0464
0.0373 0.1290 0.3752 0.6535 0.5361 0.1895 0.0366 0.0173 0.0551 0.1703
0.0440 0.1792 0.4519 0.6688 0.4332 0.1274 0.0247 0.0150 0.0650 0.2273
0.1969 0.3755 0.4227 0.3094 0.0395 0.0368 0.0311 0.0645 0.2180 0.4032
0.4522 0.2220 0.1077 0.0454 0.0090 0.0762 0.2597 0.4957 0.3895 0.2260
0.2869 0.0943 0.0615 0.0550 0.0385 0.2235 0.4295 0.4859 0.2470 0.1047
0.0775 0.0317 0.0540 0.1682 0.4025 0.5632 0.4499 0.2214 0.0802 0.0419
0.0695 0.0324 0.0601 0.1941 0.4429 0.5589 0.4111 0.1881 0.0742 0.0434
0.0401 0.1098 0.3140 0.5958 0.5264 0.2235 0.0513 0.0235 0.0570 0.1458
0.0396 0.1676 0.4499 0.6879 0.4820 0.1395 0.0249 0.0138 0.0596 0.2156
0.1513 0.3418 0.4415 0.3823 0.0659 0.0446 0.0278 0.0469 0.1770 0.3763
0.4182 0.2638 0.1487 0.0642 0.0100 0.0601 0.1772 0.3843 0.3712 0.2696
0.3673 0.1209 0.0639 0.0419 0.0202 0.1672 0.4216 0.5537 0.3093 0.1292
0.0836 0.0335 0.0542 0.1590 0.3678 0.5447 0.4499 0.2329 0.0854 0.0439
0.0709 0.0310 0.0563 0.1841 0.4395 0.5716 0.4333 0.2009 0.0749 0.0415
0.0450 0.0853 0.2312 0.5008 0.5099 0.2836 0.0853 0.0374 0.0602 0.1139
0.0368 0.1601 0.4489 0.7011 0.5162 0.1482 0.0249 0.0130 0.0561 0.2079
0.1171 0.3124 0.4595 0.4554 0.1039 0.0532 0.0250 0.0347 0.1448 0.3525
0.3898 0.3439 0.2290 0.0977 0.0103 0.0397 0.0971 0.2582 0.3612 0.3508
0.4528 0.1541 0.0671 0.0324 0.0107 0.1226 0.4093 0.6142 0.3773 0.1588
0.1001 0.0385 0.0550 0.1388 0.2894 0.4980 0.4481 0.2617 0.0994 0.0493
0.0717 0.0304 0.0546 0.1793 0.4368 0.5771 0.4440 0.2075 0.0754 0.0407
0.0536 0.0582 0.1391 0.3617 0.4837 0.3873 0.1728 0.0736 0.0654 0.0780
0.0355 0.1539 0.4427 0.7041 0.5348 0.1558 0.0257 0.0129 0.0544 0.2011
0.0797 0.2558 0.4610 0.5469 0.1975 0.0749 0.0243 0.0244 0.1060 0.3015
0.3309 0.3956 0.3191 0.1546 0.0137 0.0315 0.0556 0.1565 0.3236 0.4073
0.4886 0.1765 0.0719 0.0302 0.0081 0.1024 0.3868 0.6257 0.4078 0.1790
0.1417 0.0508 0.0567 0.1052 0.1666 0.4051 0.4437 0.3247 0.1336 0.0623
0.0726 0.0303 0.0538 0.1763 0.4328 0.5785 0.4495 0.2117 0.0760 0.0404
0.0628 0.0405 0.0833 0.2501 0.4593 0.4935 0.3061 0.1334 0.0706 0.0544
0.0352 0.1470 0.4289 0.6977 0.5435 0.1644 0.0276 0.0135 0.0537 0.1930
0.0552 0.2086 0.4601 0.6274 0.3309 0.1028 0.0240 0.0177 0.0786 0.2569
0.2778 0.4325 0.4044 0.2251 0.0187 0.0270 0.0347 0.0969 0.2873 0.4494
0.5068 0.2083 0.0848 0.0320 0.0067 0.0818 0.3330 0.6004 0.4271 0.2090
0.2402 0.0795 0.0598 0.0655 0.0584 0.2680 0.4358 0.4422 0.2109 0.0907
0.0742 0.0306 0.0536 0.1731 0.4231 0.5749 0.4514 0.2157 0.0773 0.0407
0.0682 0.0335 0.0631 0.2020 0.4465 0.5494 0.3941 0.1785 0.0735 0.0450
0.0365 0.1328 0.3885 0.6661 0.5409 0.1838 0.0341 0.0162 0.0545 0.1754
0.0426 0.1787 0.4572 0.6780 0.4456 0.1282 0.0240 0.0143 0.0635 0.2273
0.2148 0.4158 0.4496 0.3054 0.0316 0.0301 0.0271 0.0638 0.2360 0.4407
0.4791 0.2699 0.1299 0.0477 0.0069 0.0568 0.2100 0.4687 0.4166 0.2709
0.3904 0.1274 0.0636 0.0385 0.0170 0.1564 0.4250 0.5756 0.3271 0.1349
0.0797 0.0322 0.0538 0.1643 0.3901 0.5578 0.4516 0.2264 0.0820 0.0425
0.0707 0.0309 0.0560 0.1835 0.4406 0.5731 0.4347 0.2014 0.0748 0.0414
0.0423 0.0972 0.2722 0.5513 0.5202 0.2517 0.0655 0.0293 0.0584 0.1295
0.0368 0.1624 0.4538 0.7040 0.5146 0.1458 0.0243 0.0128 0.0562 0.2106
0.1389 0.3461 0.4660 0.4188 0.0752 0.0441 0.0244 0.0396 0.1666 0.3829
0.4127 0.3638 0.2335 0.0923 0.0086 0.0356 0.0943 0.2686 0.3804 0.3682
0.4868 0.1661 0.0670 0.0289 0.0084 0.1105 0.4117 0.6414 0.4045 0.1690
0.0997 0.0383 0.0548 0.1391 0.2912 0.4997 0.4491 0.2615 0.0990 0.0491
0.0717 0.0302 0.0540 0.1780 0.4377 0.5797 0.4474 0.2091 0.0753 0.0404
0.0542 0.0563 0.1331 0.3511 0.4823 0.3965 0.1823 0.0775 0.0658 0.0757
0.0349 0.1550 0.4486 0.7105 0.5405 0.1546 0.0250 0.0125 0.0537 0.2028
0.0829 0.2657 0.4676 0.5426 0.1846 0.0705 0.0235 0.0246 0.1096 0.3113
0.3472 0.4491 0.3630 0.1640 0.0113 0.0244 0.0436 0.1412 0.3417 0.4579
0.5316 0.1979 0.0739 0.0267 0.0059 0.0869 0.3790 0.6522 0.4437 0.1975
0.1771 0.0610 0.0578 0.0867 0.1103 0.3465 0.4415 0.3717 0.1618 0.0725
0.0727 0.0301 0.0534 0.1754 0.4326 0.5798 0.4516 0.2129 0.0760 0.0402
0.0659 0.0362 0.0706 0.2204 0.4521 0.5270 0.3572 0.1588 0.0723 0.0486
0.0350 0.1458 0.4276 0.6981 0.5470 0.1659 0.0278 0.0135 0.0534 0.1918
0.0493 0.1964 0.4614 0.6519 0.3794 0.1123 0.0237 0.0160 0.0716 0.2451
0.2689 0.4579 0.4416 0.2506 0.0192 0.0241 0.0286 0.0823 0.2829 0.4752
0.5164 0.2489 0.1048 0.0361 0.0058 0.0634 0.2682 0.5548 0.4410 0.2477
0.3606 0.1167 0.0626 0.0422 0.0214 0.1742 0.4292 0.5534 0.3037 0.1252
0.0760 0.0311 0.0535 0.1698 0.4122 0.5699 0.4525 0.2198 0.0788 0.0412
0.0703 0.0311 0.0566 0.1854 0.4419 0.5706 0.4299 0.1985 0.0746 0.0418
0.0387 0.1162 0.3362 0.6191 0.5335 0.2113 0.0452 0.0208 0.0560 0.1543
0.0378 0.1666 0.4572 0.7010 0.5013 0.1411 0.0239 0.0129 0.0575 0.2151
0.1790 0.3968 0.4703 0.3606 0.0452 0.0336 0.0241 0.0496 0.2049 0.4270
0.4450 0.3662 0.2174 0.0787 0.0071 0.0348 0.1052 0.3078 0.4044 0.3674
0.5028 0.1711 0.0665 0.0273 0.0075 0.1060 0.4151 0.6554 0.4172 0.1731
0.0941 0.0366 0.0545 0.1452 0.3158 0.5154 0.4503 0.2523 0.0943 0.0472
0.0716 0.0301 0.0538 0.1777 0.4386 0.5807 0.4483 0.2094 0.0753 0.0403
0.0525 0.0604 0.1464 0.3748 0.4875 0.3767 0.1616 0.0687 0.0648 0.0812
0.0347 0.1562 0.4523 0.7136 0.5416 0.1533 0.0245 0.0123 0.0536 0.2043
0.0917 0.2835 0.4718 0.5217 0.1559 0.0634 0.0231 0.0266 0.1193 0.3279
0.3647 0.4722 0.3740 0.1596 0.0097 0.0217 0.0411 0.1432 0.3573 0.4786
0.5490 0.2069 0.0745 0.0254 0.0052 0.0814 0.3765 0.6631 0.4585 0.2051
0.1983 0.0670 0.0584 0.0783 0.0881 0.3174 0.4404 0.3974 0.1783 0.0785
0.0727 0.0301 0.0533 0.1751 0.4330 0.5806 0.4525 0.2133 0.0760 0.0401
0.0668 0.0350 0.0672 0.2123 0.4501 0.5366 0.3725 0.1668 0.0728 0.0471
0.0348 0.1460 0.4287 0.6995 0.5484 0.1658 0.0276 0.0134 0.0532 0.1921
0.0476 0.1931 0.4626 0.6598 0.3945 0.1151 0.0235 0.0154 0.0696 0.2420
0.2739 0.4779 0.4596 0.2559 0.0179 0.0220 0.0260 0.0788 0.2887 0.4940
0.5176 0.2866 0.1270 0.0414 0.0053 0.0512 0.2158 0.5055 0.4475 0.2840
0.4422 0.1452 0.0643 0.0325 0.0117 0.1322 0.4246 0.6166 0.3678 0.1505
0.0784 0.0318 0.0536 0.1659 0.3977 0.5624 0.4526 0.2245 0.0809 0.0420
0.0709 0.0305 0.0549 0.1809 0.4406 0.5766 0.4403 0.2045 0.0750 0.0410
0.0410 0.1029 0.2918 0.5736 0.5253 0.2384 0.0581 0.0262 0.0575 0.1371
0.0363 0.1627 0.4573 0.7086 0.5200 0.1456 0.0239 0.0125 0.0556 0.2112
0.1633 0.3856 0.4780 0.3876 0.0540 0.0358 0.0231 0.0442 0.1907 0.4183
0.4234 0.4362 0.2939 0.1079 0.0072 0.0252 0.0645 0.2216 0.3968 0.4375
0.5484 0.1940 0.0687 0.0240 0.0054 0.0887 0.4054 0.6816 0.4557 0.1928
0.1224 0.0450 0.0557 0.1182 0.2132 0.4454 0.4473 0.2979 0.1179 0.0562
0.0719 0.0299 0.0533 0.1764 0.4375 0.5822 0.4515 0.2115 0.0754 0.0400
0.0609 0.0432 0.0912 0.2677 0.4645 0.4745 0.2784 0.1202 0.0697 0.0582
0.0342 0.1535 0.4491 0.7141 0.5488 0.1566 0.0249 0.0123 0.0529 0.2013
0.0664 0.2368 0.4691 0.5936 0.2566 0.0850 0.0230 0.0201 0.0916 0.2845
0.3340 0.5095 0.4404 0.2041 0.0112 0.0185 0.0289 0.1039 0.3382 0.5179
0.5547 0.2499 0.0946 0.0296 0.0046 0.0622 0.2988 0.6105 0.4699 0.2459
0.3725 0.1202 0.0626 0.0405 0.0196 0.1679 0.4300 0.5642 0.3128 0.1283
0.0745 0.0305 0.0533 0.1720 0.4218 0.5753 0.4533 0.2172 0.0775 0.0406
0.0702 0.0311 0.0566 0.1854 0.4423 0.5703 0.4292 0.1981 0.0747 0.0420
0.0367 0.1294 0.3792 0.6590 0.5420 0.1889 0.0357 0.0168 0.0546 0.1714
0.0386 0.1701 0.4599 0.6985 0.4903 0.1373 0.0236 0.0130 0.0586 0.2188
0.2240 0.4521 0.4811 0.3139 0.0276 0.0253 0.0230 0.0595 0.2466 0.4749
0.4583 0.4209 0.2572 0.0866 0.0060 0.0267 0.0806 0.2740 0.4208 0.4193
0.5541 0.1939 0.0676 0.0232 0.0052 0.0886 0.4117 0.6896 0.4601 0.1924
0.1044 0.0397 0.0549 0.1340 0.2726 0.4882 0.4495 0.2698 0.1030 0.0505
0.0717 0.0299 0.0533 0.1765 0.4385 0.5825 0.4511 0.2110 0.0753 0.0401
0.0567 0.0506 0.1143 0.3157 0.4755 0.4276 0.2174 0.0927 0.0673 0.0682
0.0342 0.1555 0.4536 0.7167 0.5475 0.1543 0.0243 0.0121 0.0530 0.2037
0.0822 0.2687 0.4736 0.5486 0.1859 0.0694 0.0228 0.0239 0.1091 0.3146
0.3585 0.5209 0.4323 0.1863 0.0094 0.0174 0.0301 0.1153 0.3580 0.5263
0.5662 0.2451 0.0890 0.0272 0.0043 0.0638 0.3176 0.6339 0.4780 0.2405
0.3636 0.1172 0.0623 0.0417 0.0209 0.1733 0.4310 0.5574 0.3059 0.1256
0.0738 0.0303 0.0532 0.1731 0.4265 0.5779 0.4536 0.2159 0.0769 0.0404
0.0701 0.0312 0.0567 0.1855 0.4426 0.5699 0.4282 0.1976 0.0747 0.0421
0.0360 0.1343 0.3945 0.6723 0.5449 0.1816 0.0329 0.0156 0.0541 0.1777
0.0390 0.1715 0.4607 0.6971 0.4854 0.1358 0.0235 0.0131 0.0591 0.2204
0.2421 0.4713 0.4837 0.2972 0.0231 0.0230 0.0228 0.0637 0.2629 0.4914
0.4583 0.4447 0.2788 0.0927 0.0057 0.0239 0.0704 0.2539 0.4236 0.4422
0.5707 0.2020 0.0680 0.0221 0.0046 0.0834 0.4101 0.7001 0.4743 0.1992
0.1110 0.0416 0.0552 0.1277 0.2488 0.4719 0.4489 0.2805 0.1085 0.0526
0.0718 0.0298 0.0531 0.1761 0.4385 0.5830 0.4520 0.2115 0.0754 0.0400
0.0585 0.0472 0.1034 0.2936 0.4708 0.4482 0.2430 0.1040 0.0684 0.0637
0.0341 0.1553 0.4540 0.7178 0.5495 0.1546 0.0243 0.0120 0.0528 0.2035
0.0785 0.2627 0.4740 0.5593 0.1992 0.0721 0.0226 0.0229 0.1052 0.3091
0.3606 0.5382 0.4500 0.1927 0.0090 0.0161 0.0274 0.1091 0.3614 0.5428
0.5614 0.2742 0.1054 0.0313 0.0042 0.0540 0.2658 0.5881 0.4787 0.2686
0.4519 0.1481 0.0642 0.0314 0.0109 0.1287 0.4265 0.6253 0.3754 0.1530
0.0750 0.0307 0.0533 0.1711 0.4190 0.5742 0.4537 0.2183 0.0779 0.0407
0.0708 0.0304 0.0546 0.1800 0.4410 0.5768 0.4403 0.2046 0.0751 0.0411
0.0377 0.1218 0.3549 0.6373 0.5383 0.2012 0.0406 0.0189 0.0553 0.1619
0.0367 0.1652 0.4600 0.7079 0.5135 0.1428 0.0236 0.0125 0.0562 0.2139
0.2189 0.4548 0.4896 0.3244 0.0287 0.0251 0.0220 0.0563 0.2427 0.4782
0.4350 0.5108 0.3604 0.1250 0.0059 0.0178 0.0439 0.1814 0.4139 0.5085
0.5950 0.2199 0.0707 0.0209 0.0038 0.0737 0.3954 0.7077 0.4963 0.2146
0.1834 0.0626 0.0578 0.0839 0.1031 0.3383 0.4426 0.3805 0.1667 0.0741
0.0720 0.0298 0.0530 0.1754 0.4373 0.5835 0.4537 0.2127 0.0755 0.0399
0.0663 0.0354 0.0680 0.2140 0.4512 0.5330 0.3665 0.1639 0.0728 0.0479
0.0339 0.1524 0.4483 0.7151 0.5530 0.1580 0.0250 0.0122 0.0526 0.2003
0.0531 0.2084 0.4676 0.6406 0.3454 0.1032 0.0230 0.0166 0.0763 0.2573
0.3329 0.5434 0.4795 0.2228 0.0107 0.0158 0.0234 0.0903 0.3409 0.5507
0.5076 0.3970 0.2086 0.0627 0.0046 0.0294 0.1109 0.3615 0.4544 0.3912
0.5709 0.1994 0.0669 0.0218 0.0046 0.0849 0.4168 0.7044 0.4741 0.1969
0.0873 0.0344 0.0540 0.1533 0.3489 0.5356 0.4521 0.2409 0.0885 0.0449
0.0715 0.0298 0.0529 0.1756 0.4394 0.5832 0.4516 0.2112 0.0754 0.0401
0.0508 0.0643 0.1593 0.3965 0.4925 0.3584 0.1437 0.0614 0.0640 0.0869
0.0341 0.1573 0.4579 0.7195 0.5471 0.1523 0.0238 0.0118 0.0530 0.2058
0.1196 0.3346 0.4835 0.4667 0.0971 0.0474 0.0220 0.0323 0.1485 0.3747
0.3933 0.5671 0.4552 0.1774 0.0070 0.0139 0.0265 0.1178 0.3891 0.5672
0.5747 0.2889 0.1090 0.0308 0.0038 0.0496 0.2552 0.5890 0.4910 0.2814
0.4994 0.1664 0.0651 0.0271 0.0078 0.1098 0.4247 0.6593 0.4139 0.1689
0.0746 0.0305 0.0532 0.1716 0.4212 0.5755 0.4540 0.2178 0.0776 0.0406
0.0710 0.0301 0.0536 0.1772 0.4403 0.5795 0.4450 0.2076 0.0754 0.0408
0.0378 0.1208 0.3516 0.6342 0.5380 0.2028 0.0413 0.0192 0.0554 0.1609
0.0359 0.1633 0.4602 0.7118 0.5230 0.1451 0.0235 0.0122 0.0553 0.2120
0.2284 0.4684 0.4945 0.3173 0.0260 0.0234 0.0214 0.0577 0.2516 0.4901
0.4242 0.5661 0.4286 0.1526 0.0058 0.0138 0.0303 0.1401 0.4121 0.5630
0.6053 0.2481 0.0804 0.0222 0.0034 0.0619 0.3489 0.6850 0.5087 0.2403
0.3915 0.1262 0.0628 0.0380 0.0170 0.1581 0.4310 0.5808 0.3276 0.1337
0.0726 0.0299 0.0530 0.1746 0.4341 0.5823 0.4544 0.2141 0.0759 0.0399
0.0703 0.0308 0.0551 0.1811 0.4417 0.5729 0.4335 0.2011 0.0752 0.0420
0.0347 0.1440 0.4244 0.6972 0.5510 0.1683 0.0281 0.0136 0.0531 0.1903
0.0392 0.1729 0.4623 0.6970 0.4823 0.1344 0.0233 0.0131 0.0594 0.2219
0.2940 0.5274 0.4960 0.2591 0.0143 0.0173 0.0214 0.0744 0.3092 0.5393
0.4362 0.5623 0.4145 0.1426 0.0054 0.0140 0.0325 0.1513 0.4206 0.5579
0.6135 0.2407 0.0753 0.0206 0.0033 0.0644 0.3713 0.7054 0.5141 0.2328
0.3463 0.1112 0.0618 0.0441 0.0239 0.1844 0.4336 0.5442 0.2925 0.1202
0.0722 0.0297 0.0529 0.1750 0.4367 0.5837 0.4545 0.2134 0.0756 0.0398
0.0700 0.0309 0.0551 0.1809 0.4418 0.5714 0.4311 0.2000 0.0753 0.0424
0.0341 0.1488 0.4387 0.7085 0.5536 0.1623 0.0261 0.0127 0.0527 0.1963
0.0407 0.1771 0.4632 0.6908 0.4653 0.1302 0.0232 0.0134 0.0612 0.2261
0.3160 0.5469 0.4979 0.2436 0.0119 0.0157 0.0212 0.0798 0.3282 0.5556
0.4329 0.5831 0.4402 0.1532 0.0054 0.0127 0.0282 0.1373 0.4204 0.5783
0.6103 0.2622 0.0853 0.0228 0.0032 0.0569 0.3280 0.6742 0.5147 0.2531
0.4811 0.1587 0.0646 0.0286 0.0089 0.1171 0.4271 0.6477 0.3990 0.1623
0.0725 0.0298 0.0529 0.1747 0.4347 0.5828 0.4547 0.2140 0.0758 0.0399
0.0708 0.0300 0.0525 0.1736 0.4397 0.5790 0.4446 0.2084 0.0760 0.0415
0.0348 0.1420 0.4178 0.6919 0.5504 0.1708 0.0290 0.0139 0.0533 0.1882
0.0370 0.1667 0.4615 0.7075 0.5098 0.1413 0.0233 0.0125 0.0566 0.2155
0.3047 0.5422 0.5025 0.2544 0.0130 0.0161 0.0206 0.0753 0.3189 0.5522
0.4269 0.6107 0.4762 0.1695 0.0053 0.0111 0.0231 0.1190 0.4191 0.6053
0.5096 0.4789 0.2754 0.0787 0.0040 0.0201 0.0701 0.2851 0.4654 0.4693
0.6273 0.2283 0.0678 0.0181 0.0030 0.0691 0.4134 0.7402 0.5235 0.2208
0.0888 0.0349 0.0540 0.1513 0.3411 0.5313 0.4523 0.2439 0.0898 0.0454
0.0714 0.0295 0.0516 0.1715 0.4388 0.5845 0.4541 0.2135 0.0760 0.0404
0.0579 0.0474 0.1022 0.2895 0.4708 0.4443 0.2384 0.1028 0.0691 0.0658
0.0335 0.1561 0.4590 0.7232 0.5547 0.1538 0.0237 0.0116 0.0522 0.2047
0.1156 0.3311 0.4860 0.4769 0.1030 0.0484 0.0216 0.0309 0.1445 0.3717
0.4051 0.6129 0.4968 0.1888 0.0061 0.0111 0.0209 0.1045 0.4030 0.6096
0.4350 0.6273 0.4880 0.1706 0.0050 0.0102 0.0214 0.1159 0.4269 0.6201
0.4562 0.6116 0.4521 0.1479 0.0045 0.0110 0.0258 0.1383 0.4409 0.6028
0.6388 0.2555 0.0750 0.0188 0.0027 0.0586 0.3675 0.7204 0.5364 0.2442
0.4680 0.1534 0.0643 0.0298 0.0097 0.1226 0.4286 0.6390 0.3883 0.1577
0.0719 0.0296 0.0526 0.1748 0.4383 0.5847 0.4548 0.2132 0.0755 0.0398
0.0704 0.0298 0.0506 0.1670 0.4383 0.5784 0.4446 0.2103 0.0772 0.0426
0.0337 0.1512 0.4454 0.7137 0.5554 0.1592 0.0251 0.0122 0.0525 0.1999
0.0387 0.1718 0.4627 0.6999 0.4885 0.1357 0.0232 0.0129 0.0588 0.2207
0.3503 0.5766 0.5015 0.2223 0.0091 0.0135 0.0207 0.0879 0.3576 0.5805
0.4345 0.6069 0.4655 0.1620 0.0051 0.0113 0.0244 0.1259 0.4243 0.6008
0.5408 0.4092 0.1996 0.0547 0.0037 0.0275 0.1163 0.3952 0.4806 0.3991
0.5988 0.2130 0.0674 0.0199 0.0038 0.0768 0.4156 0.7226 0.4983 0.2082
0.0854 0.0339 0.0539 0.1558 0.3586 0.5412 0.4525 0.2377 0.0869 0.0442
0.0715 0.0297 0.0527 0.1749 0.4394 0.5834 0.4519 0.2116 0.0755 0.0402
0.0485 0.0713 0.1829 0.4337 0.4999 0.3299 0.1189 0.0511 0.0626 0.0964
0.0342 0.1578 0.4587 0.7197 0.5462 0.1517 0.0237 0.0118 0.0530 0.2063
0.1409 0.3654 0.4863 0.4289 0.0713 0.0400 0.0219 0.0372 0.1697 0.4018
0.4075 0.5520 0.4266 0.1594 0.0066 0.0148 0.0308 0.1351 0.3981 0.5512
0.5930 0.2450 0.0821 0.0235 0.0037 0.0632 0.3427 0.6719 0.4986 0.2384
0.3532 0.1137 0.0621 0.0431 0.0227 0.1797 0.4320 0.5491 0.2978 0.1224
0.0731 0.0301 0.0532 0.1741 0.4305 0.5800 0.4537 0.2148 0.0763 0.0402
0.0695 0.0318 0.0582 0.1895 0.4439 0.5642 0.4184 0.1920 0.0744 0.0430
0.0349 0.1436 0.4228 0.6957 0.5497 0.1688 0.0284 0.0137 0.0532 0.1894
0.0421 0.1803 0.4629 0.6841 0.4499 0.1269 0.0233 0.0139 0.0629 0.2293
0.2893 0.5140 0.4855 0.2571 0.0151 0.0185 0.0227 0.0761 0.3042 0.5270
0.4936 0.4130 0.2293 0.0707 0.0049 0.0274 0.0963 0.3264 0.4460 0.4080
0.5650 0.1976 0.0672 0.0223 0.0048 0.0861 0.4145 0.6989 0.4691 0.1954
0.0943 0.0366 0.0544 0.1448 0.3149 0.5152 0.4508 0.2530 0.0945 0.0472
0.0716 0.0299 0.0533 0.1767 0.4391 0.5822 0.4503 0.2104 0.0753 0.0402
0.0512 0.0635 0.1566 0.3921 0.4914 0.3625 0.1476 0.0629 0.0641 0.0855
0.0344 0.1574 0.4566 0.7174 0.5440 0.1520 0.0240 0.0120 0.0533 0.2058
0.1120 0.3215 0.4808 0.4808 0.1097 0.0510 0.0223 0.0307 0.1406 0.3628
0.3880 0.5453 0.4350 0.1719 0.0075 0.0154 0.0296 0.1245 0.3828 0.5467
0.5834 0.2498 0.0868 0.0253 0.0038 0.0617 0.3251 0.6523 0.4919 0.2436
0.3776 0.1217 0.0626 0.0398 0.0188 0.1653 0.4306 0.5690 0.3168 0.1297
0.0735 0.0302 0.0532 0.1735 0.4282 0.5788 0.4537 0.2155 0.0766 0.0403
0.0699 0.0314 0.0572 0.1867 0.4430 0.5679 0.4249 0.1957 0.0746 0.0424
0.0353 0.1398 0.4113 0.6864 0.5479 0.1739 0.0302 0.0144 0.0535 0.1846
0.0404 0.1756 0.4620 0.6914 0.4690 0.1315 0.0234 0.0134 0.0608 0.2246
0.2724 0.5023 0.4883 0.2724 0.0174 0.0196 0.0223 0.0707 0.2899 0.5177
0.4691 0.4606 0.2864 0.0919 0.0052 0.0221 0.0670 0.2532 0.4334 0.4564
0.5834 0.2083 0.0682 0.0212 0.0042 0.0797 0.4092 0.7082 0.4853 0.2045
0.1151 0.0428 0.0554 0.1241 0.2354 0.4624 0.4485 0.2869 0.1118 0.0539
0.0718 0.0298 0.0531 0.1759 0.4385 0.5832 0.4523 0.2117 0.0754 0.0400
0.0581 0.0479 0.1057 0.2982 0.4719 0.4435 0.2370 0.1014 0.0682 0.0648
0.0340 0.1557 0.4552 0.7188 0.5499 0.1542 0.0241 0.0119 0.0527 0.2040
0.0852 0.2766 0.4771 0.5426 0.1746 0.0663 0.0224 0.0243 0.1126 0.3221
0.3772 0.5660 0.4674 0.1909 0.0078 0.0140 0.0249 0.1079 0.3769 0.5678
0.5641 0.3077 0.1231 0.0349 0.0039 0.0450 0.2222 0.5491 0.4855 0.3003
0.5145 0.1730 0.0655 0.0259 0.0070 0.1040 0.4229 0.6690 0.4264 0.1745
0.0765 0.0311 0.0534 0.1687 0.4094 0.5691 0.4536 0.2213 0.0792 0.0412
0.0711 0.0301 0.0537 0.1777 0.4402 0.5798 0.4456 0.2077 0.0753 0.0407
0.0394 0.1112 0.3198 0.6032 0.5317 0.2207 0.0493 0.0225 0.0565 0.1484
0.0357 0.1624 0.4596 0.7126 0.5262 0.1461 0.0236 0.0122 0.0550 0.2110
0.2021 0.4396 0.4914 0.3448 0.0341 0.0271 0.0217 0.0516 0.2276 0.4656
0.4221 0.5481 0.4105 0.1471 0.0060 0.0150 0.0334 0.1482 0.4085 0.5459
0.6021 0.2358 0.0759 0.0215 0.0035 0.0666 0.3696 0.6963 0.5043 0.2290
0.3064 0.0988 0.0610 0.0506 0.0329 0.2117 0.4351 0.5088 0.2617 0.1088
0.0724 0.0298 0.0530 0.1750 0.4352 0.5827 0.4541 0.2136 0.0758 0.0399
0.0691 0.0320 0.0587 0.1905 0.4445 0.5617 0.4142 0.1898 0.0744 0.0435
0.0342 0.1485 0.4374 0.7073 0.5526 0.1627 0.0264 0.0128 0.0528 0.1956
0.0437 0.1851 0.4643 0.6775 0.4318 0.1224 0.0232 0.0142 0.0650 0.2342
0.3130 0.5386 0.4915 0.2424 0.0123 0.0163 0.0220 0.0809 0.3251 0.5481
0.4652 0.5005 0.3274 0.1047 0.0050 0.0184 0.0524 0.2178 0.4350 0.4952
0.6055 0.2205 0.0689 0.0198 0.0036 0.0731 0.4054 0.7209 0.5047 0.2146
0.1406 0.0502 0.0563 0.1055 0.1691 0.4088 0.4463 0.3248 0.1327 0.0616
0.0718 0.0297 0.0528 0.1752 0.4386 0.5841 0.4537 0.2125 0.0754 0.0399
0.0637 0.0387 0.0773 0.2362 0.4573 0.5063 0.3246 0.1427 0.0715 0.0526
0.0337 0.1548 0.4549 0.7199 0.5537 0.1553 0.0242 0.0119 0.0524 0.2031
0.0665 0.2395 0.4729 0.5960 0.2553 0.0837 0.0225 0.0198 0.0918 0.2874
0.3672 0.5753 0.4862 0.2048 0.0081 0.0135 0.0225 0.0980 0.3704 0.5777
0.4977 0.4605 0.2672 0.0794 0.0044 0.0219 0.0746 0.2872 0.4545 0.4531
0.6044 0.2168 0.0677 0.0196 0.0036 0.0749 0.4129 0.7247 0.5033 0.2114
0.0985 0.0379 0.0546 0.1399 0.2962 0.5038 0.4508 0.2605 0.0981 0.0486
0.0716 0.0297 0.0526 0.1748 0.4392 0.5841 0.4532 0.2122 0.0755 0.0400
0.0563 0.0511 0.1153 0.3172 0.4764 0.4240 0.2131 0.0909 0.0674 0.0695
0.0338 0.1564 0.4579 0.7213 0.5516 0.1534 0.0238 0.0118 0.0526 0.2049
0.1025 0.3084 0.4822 0.5030 0.1279 0.0550 0.0219 0.0281 0.1309 0.3513
0.3929 0.5928 0.4845 0.1898 0.0067 0.0123 0.0225 0.1060 0.3916 0.5918
0.5032 0.4693 0.2714 0.0792 0.0042 0.0210 0.0723 0.2860 0.4596 0.4609
0.6138 0.2216 0.0678 0.0190 0.0034 0.0724 0.4128 0.7309 0.5116 0.2152
0.0966 0.0373 0.0544 0.1421 0.3048 0.5093 0.4511 0.2572 0.0964 0.0479
0.0716 0.0296 0.0524 0.1741 0.4392 0.5843 0.4535 0.2125 0.0756 0.0401
0.0566 0.0504 0.1129 0.3122 0.4755 0.4276 0.2174 0.0929 0.0677 0.0688
