0.0171 0.0358 0.1943 0.4506 0.5290 0.4427 0.1962 0.0539 0.0259 0.0568
0.0187 0.0404 0.2084 0.4545 0.5137 0.4199 0.1861 0.0547 0.0281 0.0631
0.0703 0.1880 0.4311 0.4317 0.2813 0.1668 0.0940 0.0777 0.0924 0.2370
0.3937 0.3408 0.1912 0.0188 0.0380 0.0791 0.1929 0.3651 0.4049 0.3593
0.4010 0.1666 0.0513 0.0029 0.0253 0.1341 0.4136 0.5411 0.4034 0.1825
0.1352 0.0292 0.0152 0.0027 0.0668 0.3894 0.6429 0.4587 0.1515 0.0391
0.0362 0.0317 0.0781 0.0909 0.2953 0.4322 0.3430 0.1323 0.0492 0.0474
0.0172 0.0358 0.1932 0.4477 0.5279 0.4429 0.1970 0.0541 0.0260 0.0566
0.0178 0.0378 0.2007 0.4534 0.5229 0.4327 0.1915 0.0541 0.0268 0.0595
0.0506 0.1365 0.3852 0.4619 0.3397 0.2118 0.1069 0.0687 0.0690 0.1813
0.3167 0.3746 0.3003 0.0543 0.0594 0.0764 0.1340 0.2591 0.3378 0.3996
0.4828 0.2420 0.0708 0.0032 0.0205 0.0987 0.3536 0.5534 0.4786 0.2544
0.1587 0.0356 0.0167 0.0025 0.0581 0.3529 0.6257 0.4768 0.1747 0.0464
0.0622 0.0290 0.0379 0.0208 0.1685 0.4240 0.4769 0.2393 0.0780 0.0416
0.0174 0.0356 0.1899 0.4374 0.5232 0.4429 0.1995 0.0551 0.0263 0.0564
0.0173 0.0365 0.1968 0.4528 0.5276 0.4394 0.1943 0.0538 0.0262 0.0577
0.0323 0.0805 0.3007 0.4642 0.4177 0.2952 0.1369 0.0615 0.0461 0.1153
0.2067 0.3584 0.4223 0.1686 0.1101 0.0865 0.0952 0.1585 0.2355 0.3952
0.5168 0.2974 0.0912 0.0039 0.0195 0.0824 0.3084 0.5425 0.5107 0.3069
0.2156 0.0565 0.0228 0.0025 0.0452 0.2750 0.5688 0.4991 0.2300 0.0700
0.0971 0.0271 0.0203 0.0057 0.0986 0.4159 0.5926 0.3673 0.1139 0.0375
0.0184 0.0353 0.1784 0.3999 0.5052 0.4422 0.2085 0.0590 0.0276 0.0557
0.0171 0.0360 0.1953 0.4524 0.5293 0.4419 0.1954 0.0537 0.0260 0.0570
0.0232 0.0533 0.2427 0.4597 0.4761 0.3683 0.1649 0.0572 0.0342 0.0805
0.1430 0.3346 0.5053 0.3283 0.1694 0.0980 0.0764 0.1079 0.1724 0.3803
0.5241 0.3576 0.1283 0.0061 0.0209 0.0701 0.2518 0.5018 0.5193 0.3653
0.3284 0.1136 0.0376 0.0027 0.0309 0.1769 0.4733 0.5298 0.3363 0.1299
0.1213 0.0268 0.0152 0.0031 0.0743 0.4080 0.6433 0.4393 0.1377 0.0363
0.0221 0.0343 0.1444 0.2865 0.4461 0.4398 0.2404 0.0736 0.0322 0.0533
0.0171 0.0358 0.1946 0.4518 0.5297 0.4428 0.1960 0.0537 0.0259 0.0568
0.0192 0.0417 0.2121 0.4554 0.5098 0.4142 0.1836 0.0549 0.0287 0.0648
0.0936 0.2586 0.4995 0.4377 0.2399 0.1285 0.0779 0.0827 0.1193 0.3099
0.4575 0.4005 0.2069 0.0163 0.0308 0.0656 0.1814 0.3932 0.4630 0.4126
0.4542 0.2079 0.0604 0.0029 0.0218 0.1120 0.3829 0.5553 0.4520 0.2218
0.1381 0.0293 0.0148 0.0025 0.0649 0.3884 0.6473 0.4658 0.1543 0.0390
0.0375 0.0315 0.0746 0.0830 0.2859 0.4321 0.3513 0.1377 0.0507 0.0470
0.0171 0.0357 0.1935 0.4489 0.5286 0.4431 0.1968 0.0540 0.0259 0.0566
0.0176 0.0374 0.1997 0.4534 0.5242 0.4345 0.1922 0.0540 0.0266 0.0590
0.0518 0.1424 0.3963 0.4700 0.3373 0.2061 0.1037 0.0683 0.0705 0.1881
0.3140 0.4206 0.3681 0.0786 0.0647 0.0684 0.1100 0.2308 0.3368 0.4451
0.5420 0.3055 0.0869 0.0033 0.0175 0.0794 0.3166 0.5646 0.5329 0.3130
0.1823 0.0432 0.0188 0.0025 0.0518 0.3187 0.6040 0.4889 0.1978 0.0551
0.0806 0.0277 0.0262 0.0098 0.1240 0.4202 0.5458 0.3104 0.0972 0.0390
0.0175 0.0356 0.1885 0.4331 0.5212 0.4430 0.2005 0.0556 0.0264 0.0563
0.0172 0.0362 0.1959 0.4527 0.5288 0.4410 0.1950 0.0537 0.0260 0.0573
0.0299 0.0736 0.2883 0.4658 0.4316 0.3106 0.1423 0.0602 0.0430 0.1067
0.2002 0.4146 0.5228 0.2600 0.1250 0.0759 0.0725 0.1316 0.2308 0.4521
0.5699 0.3816 0.1230 0.0047 0.0175 0.0642 0.2582 0.5370 0.5603 0.3849
0.3138 0.1042 0.0351 0.0026 0.0322 0.1875 0.4866 0.5276 0.3226 0.1204
0.1175 0.0265 0.0155 0.0033 0.0771 0.4111 0.6393 0.4307 0.1340 0.0360
0.0201 0.0348 0.1607 0.3413 0.4759 0.4412 0.2240 0.0659 0.0298 0.0544
0.0171 0.0358 0.1948 0.4523 0.5299 0.4428 0.1958 0.0537 0.0259 0.0568
0.0204 0.0452 0.2220 0.4572 0.4988 0.3988 0.1772 0.0556 0.0304 0.0697
0.1254 0.3415 0.5587 0.4279 0.1989 0.0984 0.0661 0.0903 0.1545 0.3904
0.5098 0.4370 0.2061 0.0131 0.0255 0.0582 0.1816 0.4260 0.5098 0.4436
0.4829 0.2322 0.0655 0.0029 0.0201 0.1018 0.3676 0.5631 0.4782 0.2445
0.1374 0.0287 0.0145 0.0025 0.0649 0.3914 0.6508 0.4673 0.1535 0.0384
0.0356 0.0317 0.0795 0.0943 0.2997 0.4331 0.3401 0.1301 0.0485 0.0475
0.0171 0.0357 0.1940 0.4505 0.5294 0.4432 0.1964 0.0538 0.0259 0.0566
0.0177 0.0376 0.2003 0.4536 0.5237 0.4336 0.1918 0.0541 0.0267 0.0593
0.0663 0.1904 0.4544 0.4773 0.2986 0.1668 0.0883 0.0718 0.0879 0.2407
0.3444 0.4720 0.4067 0.0832 0.0598 0.0594 0.0987 0.2327 0.3658 0.4922
0.5856 0.3561 0.0995 0.0033 0.0155 0.0678 0.2930 0.5749 0.5731 0.3588
0.2013 0.0501 0.0208 0.0025 0.0477 0.2939 0.5861 0.4967 0.2162 0.0629
0.0884 0.0273 0.0229 0.0075 0.1106 0.4189 0.5704 0.3387 0.1052 0.0381
0.0176 0.0356 0.1880 0.4316 0.5206 0.4430 0.2009 0.0557 0.0265 0.0562
0.0171 0.0361 0.1956 0.4527 0.5292 0.4415 0.1952 0.0537 0.0260 0.0571
0.0303 0.0748 0.2909 0.4668 0.4299 0.3080 0.1411 0.0603 0.0435 0.1082
0.2081 0.4496 0.5630 0.2905 0.1247 0.0694 0.0649 0.1264 0.2393 0.4853
0.5866 0.4201 0.1421 0.0054 0.0172 0.0578 0.2353 0.5281 0.5763 0.4207
0.3823 0.1477 0.0454 0.0027 0.0263 0.1463 0.4369 0.5439 0.3859 0.1638
0.1245 0.0265 0.0144 0.0028 0.0716 0.4086 0.6515 0.4496 0.1408 0.0358
0.0219 0.0343 0.1457 0.2913 0.4489 0.4402 0.2390 0.0729 0.0320 0.0534
0.0170 0.0358 0.1946 0.4523 0.5301 0.4431 0.1960 0.0537 0.0258 0.0567
0.0193 0.0420 0.2132 0.4558 0.5087 0.4125 0.1828 0.0550 0.0289 0.0654
0.1218 0.3488 0.5799 0.4633 0.2076 0.0971 0.0623 0.0853 0.1509 0.3986
0.4734 0.4878 0.2938 0.0271 0.0328 0.0527 0.1359 0.3511 0.4799 0.4959
0.5739 0.3309 0.0896 0.0030 0.0157 0.0729 0.3110 0.5808 0.5618 0.3353
0.1567 0.0341 0.0160 0.0024 0.0582 0.3595 0.6338 0.4801 0.1727 0.0447
0.0583 0.0292 0.0412 0.0248 0.1811 0.4261 0.4614 0.2242 0.0738 0.0421
0.0171 0.0357 0.1930 0.4477 0.5282 0.4433 0.1971 0.0541 0.0260 0.0566
0.0173 0.0365 0.1970 0.4531 0.5275 0.4391 0.1942 0.0538 0.0262 0.0578
0.0488 0.1348 0.3899 0.4778 0.3488 0.2144 0.1056 0.0666 0.0669 0.1796
0.2770 0.4989 0.5337 0.1931 0.0888 0.0584 0.0701 0.1629 0.3055 0.5249
0.6199 0.4267 0.1288 0.0041 0.0147 0.0557 0.2504 0.5634 0.6058 0.4241
0.3321 0.1144 0.0374 0.0026 0.0304 0.1758 0.4744 0.5331 0.3396 0.1307
0.1180 0.0262 0.0152 0.0032 0.0764 0.4126 0.6428 0.4338 0.1344 0.0357
0.0192 0.0350 0.1699 0.3723 0.4918 0.4421 0.2157 0.0621 0.0286 0.0550
0.0171 0.0358 0.1948 0.4526 0.5301 0.4429 0.1958 0.0537 0.0258 0.0568
0.0216 0.0487 0.2313 0.4588 0.4889 0.3850 0.1715 0.0563 0.0320 0.0744
0.1573 0.4225 0.6142 0.4319 0.1713 0.0778 0.0563 0.0953 0.1887 0.4661
0.5307 0.4855 0.2413 0.0155 0.0249 0.0512 0.1604 0.4156 0.5297 0.4887
0.5549 0.3063 0.0828 0.0029 0.0165 0.0787 0.3249 0.5788 0.5442 0.3128
0.1445 0.0302 0.0147 0.0024 0.0619 0.3816 0.6484 0.4749 0.1605 0.0401
0.0459 0.0303 0.0569 0.0483 0.2341 0.4301 0.4009 0.1732 0.0602 0.0446
0.0171 0.0357 0.1939 0.4506 0.5296 0.4434 0.1965 0.0538 0.0259 0.0566
0.0174 0.0368 0.1979 0.4532 0.5266 0.4377 0.1935 0.0539 0.0263 0.0581
0.0626 0.1806 0.4467 0.4834 0.3088 0.1740 0.0902 0.0702 0.0836 0.2303
0.3126 0.5161 0.5125 0.1526 0.0752 0.0547 0.0742 0.1843 0.3385 0.5379
0.6301 0.4306 0.1262 0.0038 0.0140 0.0549 0.2536 0.5730 0.6149 0.4270
0.3166 0.1050 0.0350 0.0026 0.0318 0.1864 0.4869 0.5299 0.3252 0.1211
0.1171 0.0261 0.0152 0.0032 0.0770 0.4140 0.6427 0.4324 0.1336 0.0355
0.0186 0.0352 0.1760 0.3928 0.5020 0.4426 0.2105 0.0598 0.0278 0.0554
0.0170 0.0358 0.1948 0.4526 0.5302 0.4430 0.1958 0.0536 0.0258 0.0568
0.0223 0.0508 0.2369 0.4597 0.4830 0.3771 0.1682 0.0566 0.0330 0.0772
0.1713 0.4567 0.6370 0.4360 0.1618 0.0708 0.0525 0.0969 0.2035 0.4973
0.5296 0.5070 0.2669 0.0183 0.0259 0.0487 0.1475 0.3994 0.5295 0.5096
0.5921 0.3504 0.0937 0.0030 0.0149 0.0685 0.3032 0.5868 0.5786 0.3528
0.1500 0.0318 0.0151 0.0024 0.0601 0.3724 0.6434 0.4784 0.1659 0.0419
0.0526 0.0296 0.0472 0.0330 0.2025 0.4285 0.4360 0.2015 0.0677 0.0431
0.0171 0.0357 0.1938 0.4504 0.5295 0.4434 0.1965 0.0538 0.0259 0.0566
0.0173 0.0366 0.1972 0.4531 0.5274 0.4389 0.1941 0.0538 0.0262 0.0578
0.0630 0.1824 0.4495 0.4852 0.3081 0.1727 0.0895 0.0701 0.0840 0.2323
0.3008 0.5379 0.5607 0.1958 0.0827 0.0524 0.0650 0.1659 0.3284 0.5599
0.6416 0.4676 0.1464 0.0045 0.0140 0.0498 0.2304 0.5608 0.6263 0.4616
0.4193 0.1743 0.0513 0.0027 0.0237 0.1288 0.4135 0.5531 0.4198 0.1896
0.1254 0.0260 0.0140 0.0027 0.0706 0.4113 0.6574 0.4549 0.1415 0.0352
0.0203 0.0346 0.1584 0.3343 0.4725 0.4418 0.2263 0.0668 0.0301 0.0542
0.0170 0.0358 0.1946 0.4526 0.5304 0.4432 0.1959 0.0536 0.0258 0.0567
0.0198 0.0436 0.2175 0.4566 0.5040 0.4059 0.1800 0.0553 0.0296 0.0674
0.1506 0.4269 0.6341 0.4714 0.1815 0.0776 0.0531 0.0891 0.1820 0.4715
0.4602 0.5306 0.3638 0.0420 0.0373 0.0480 0.1108 0.3103 0.4699 0.5383
0.6357 0.4121 0.1114 0.0031 0.0132 0.0572 0.2738 0.5930 0.6192 0.4086
0.1960 0.0476 0.0199 0.0024 0.0486 0.3021 0.5942 0.4967 0.2110 0.0600
0.0904 0.0270 0.0220 0.0069 0.1077 0.4206 0.5782 0.3466 0.1071 0.0376
0.0172 0.0356 0.1918 0.4440 0.5266 0.4434 0.1981 0.0545 0.0261 0.0564
0.0171 0.0360 0.1953 0.4528 0.5296 0.4421 0.1954 0.0537 0.0259 0.0570
0.0390 0.1029 0.3426 0.4743 0.3867 0.2554 0.1208 0.0634 0.0546 0.1425
0.2446 0.5435 0.6441 0.3359 0.1139 0.0539 0.0512 0.1234 0.2765 0.5713
0.5987 0.5122 0.2157 0.0097 0.0187 0.0461 0.1749 0.4761 0.5900 0.5085
0.5837 0.3380 0.0899 0.0029 0.0152 0.0711 0.3103 0.5866 0.5707 0.3414
0.1383 0.0281 0.0139 0.0023 0.0639 0.3947 0.6579 0.4734 0.1543 0.0376
0.0376 0.0313 0.0738 0.0820 0.2854 0.4345 0.3538 0.1386 0.0508 0.0467
0.0170 0.0357 0.1944 0.4521 0.5303 0.4434 0.1962 0.0537 0.0258 0.0566
0.0175 0.0371 0.1987 0.4534 0.5256 0.4363 0.1929 0.0539 0.0265 0.0585
0.0911 0.2741 0.5380 0.4936 0.2527 0.1235 0.0702 0.0760 0.1169 0.3272
0.3265 0.5582 0.5587 0.1757 0.0746 0.0490 0.0653 0.1773 0.3524 0.5769
0.6518 0.4888 0.1565 0.0047 0.0137 0.0470 0.2202 0.5585 0.6360 0.4811
0.4798 0.2259 0.0630 0.0027 0.0201 0.1040 0.3746 0.5660 0.4753 0.2384
0.1282 0.0259 0.0135 0.0025 0.0685 0.4114 0.6633 0.4632 0.1442 0.0350
0.0212 0.0344 0.1510 0.3103 0.4601 0.4423 0.2338 0.0702 0.0311 0.0536
0.0170 0.0357 0.1946 0.4526 0.5305 0.4434 0.1960 0.0536 0.0258 0.0566
0.0192 0.0418 0.2125 0.4558 0.5096 0.4137 0.1833 0.0549 0.0288 0.0650
0.1580 0.4535 0.6571 0.4882 0.1777 0.0723 0.0495 0.0882 0.1901 0.4963
0.4003 0.5631 0.4779 0.0925 0.0522 0.0461 0.0812 0.2355 0.4184 0.5748
0.6710 0.4809 0.1386 0.0036 0.0122 0.0473 0.2386 0.5884 0.6529 0.4716
0.3839 0.1476 0.0450 0.0026 0.0261 0.1463 0.4385 0.5460 0.3873 0.1636
0.1230 0.0257 0.0140 0.0027 0.0721 0.4155 0.6573 0.4511 0.1392 0.0348
0.0183 0.0352 0.1790 0.4038 0.5077 0.4439 0.2082 0.0586 0.0274 0.0556
0.0170 0.0357 0.1946 0.4527 0.5305 0.4433 0.1959 0.0536 0.0258 0.0567
0.0227 0.0518 0.2395 0.4602 0.4804 0.3734 0.1667 0.0568 0.0335 0.0786
0.1967 0.5275 0.6911 0.4682 0.1497 0.0584 0.0443 0.0963 0.2302 0.5619
0.4298 0.5695 0.4542 0.0739 0.0458 0.0445 0.0865 0.2583 0.4446 0.5784
0.6830 0.4929 0.1400 0.0035 0.0117 0.0456 0.2369 0.5955 0.6640 0.4820
0.3880 0.1504 0.0456 0.0026 0.0258 0.1442 0.4359 0.5470 0.3911 0.1664
0.1228 0.0255 0.0139 0.0027 0.0724 0.4173 0.6583 0.4513 0.1390 0.0347
0.0179 0.0353 0.1829 0.4167 0.5141 0.4445 0.2051 0.0573 0.0270 0.0558
0.0170 0.0357 0.1946 0.4527 0.5305 0.4433 0.1960 0.0536 0.0258 0.0567
0.0240 0.0558 0.2492 0.4617 0.4705 0.3601 0.1613 0.0575 0.0352 0.0838
0.2084 0.5467 0.6989 0.4613 0.1426 0.0552 0.0431 0.0988 0.2420 0.5787
0.3955 0.5803 0.5101 0.1090 0.0548 0.0443 0.0744 0.2225 0.4148 0.5917
0.6792 0.5171 0.1612 0.0044 0.0124 0.0432 0.2156 0.5737 0.6613 0.5057
0.5464 0.2933 0.0787 0.0028 0.0168 0.0819 0.3340 0.5799 0.5363 0.3007
0.1292 0.0255 0.0131 0.0024 0.0677 0.4148 0.6688 0.4682 0.1452 0.0345
0.0202 0.0344 0.1579 0.3374 0.4760 0.4469 0.2275 0.0667 0.0299 0.0539
0.0170 0.0357 0.1945 0.4526 0.5306 0.4434 0.1960 0.0536 0.0258 0.0566
0.0196 0.0430 0.2160 0.4564 0.5057 0.4083 0.1810 0.0552 0.0294 0.0667
0.1853 0.5189 0.6973 0.4964 0.1596 0.0603 0.0434 0.0911 0.2188 0.5553
0.3405 0.5928 0.5940 0.1932 0.0732 0.0446 0.0591 0.1731 0.3662 0.6085
0.5184 0.5660 0.3542 0.0317 0.0300 0.0425 0.1136 0.3474 0.5218 0.5675
0.6938 0.4920 0.1328 0.0031 0.0110 0.0453 0.2450 0.6101 0.6737 0.4801
0.2145 0.0546 0.0218 0.0024 0.0450 0.2799 0.5773 0.5036 0.2288 0.0678
0.1024 0.0257 0.0177 0.0047 0.0934 0.4343 0.6207 0.3917 0.1193 0.0355
0.0171 0.0356 0.1934 0.4502 0.5298 0.4444 0.1970 0.0539 0.0259 0.0565
0.0170 0.0358 0.1948 0.4527 0.5302 0.4429 0.1958 0.0536 0.0258 0.0568
0.0591 0.1700 0.4363 0.4860 0.3187 0.1821 0.0928 0.0690 0.0794 0.2189
0.2681 0.5993 0.6903 0.3665 0.1081 0.0462 0.0442 0.1212 0.3002 0.6217
0.3586 0.5983 0.5810 0.1709 0.0674 0.0434 0.0613 0.1844 0.3826 0.6121
0.3814 0.5967 0.5520 0.1384 0.0602 0.0430 0.0664 0.2028 0.4028 0.6086
0.4661 0.5832 0.4350 0.0585 0.0394 0.0421 0.0910 0.2840 0.4769 0.5885
0.7033 0.5316 0.1564 0.0037 0.0111 0.0410 0.2199 0.5953 0.6834 0.5174
0.5154 0.2642 0.0730 0.0029 0.0184 0.0907 0.3477 0.5700 0.5080 0.2742
0.1099 0.0290 0.0193 0.0047 0.0868 0.4001 0.6009 0.3934 0.1268 0.0395
0.0208 0.0349 0.1564 0.3247 0.4660 0.4393 0.2281 0.0682 0.0306 0.0544
0.0175 0.0369 0.1976 0.4511 0.5250 0.4369 0.1937 0.0541 0.0265 0.0583
0.0291 0.0686 0.2711 0.4465 0.4325 0.3220 0.1501 0.0615 0.0419 0.1001
0.1930 0.1727 0.1531 0.0369 0.0847 0.1509 0.2271 0.2569 0.2165 0.2028
0.2455 0.0899 0.0397 0.0044 0.0450 0.2126 0.4640 0.4584 0.2604 0.1073
0.1062 0.0328 0.0244 0.0065 0.0948 0.3820 0.5583 0.3612 0.1237 0.0447
0.0306 0.0336 0.1010 0.1453 0.3461 0.4296 0.2983 0.1067 0.0427 0.0508
0.0184 0.0365 0.1864 0.4162 0.5088 0.4367 0.2021 0.0576 0.0276 0.0575
0.0201 0.0426 0.2087 0.4368 0.4972 0.4089 0.1857 0.0571 0.0300 0.0659
0.0442 0.0871 0.2543 0.3162 0.3329 0.2736 0.1578 0.0826 0.0605 0.1210
0.1740 0.1230 0.1023 0.0239 0.0843 0.1885 0.2922 0.2841 0.1963 0.1491
0.1813 0.0613 0.0327 0.0050 0.0600 0.2711 0.5017 0.4215 0.1989 0.0769
0.0882 0.0317 0.0289 0.0100 0.1171 0.3952 0.5273 0.3137 0.1055 0.0439
0.0269 0.0342 0.1185 0.1965 0.3858 0.4318 0.2717 0.0915 0.0382 0.0524
0.0184 0.0368 0.1878 0.4188 0.5091 0.4356 0.2010 0.0574 0.0276 0.0578
0.0209 0.0440 0.2104 0.4303 0.4892 0.4024 0.1846 0.0581 0.0310 0.0677
0.0472 0.0878 0.2426 0.2850 0.3155 0.2704 0.1639 0.0882 0.0640 0.1213
0.1752 0.1121 0.0878 0.0192 0.0804 0.1986 0.3185 0.3019 0.1968 0.1366
0.1678 0.0541 0.0298 0.0049 0.0635 0.2908 0.5196 0.4180 0.1855 0.0689
0.0819 0.0311 0.0306 0.0117 0.1268 0.4013 0.5165 0.2966 0.0989 0.0434
0.0252 0.0344 0.1275 0.2254 0.4058 0.4334 0.2599 0.0849 0.0361 0.0530
0.0183 0.0368 0.1893 0.4237 0.5115 0.4358 0.1998 0.0569 0.0275 0.0579
0.0210 0.0445 0.2122 0.4320 0.4883 0.4002 0.1834 0.0581 0.0312 0.0685
0.0496 0.0922 0.2468 0.2797 0.3063 0.2622 0.1616 0.0901 0.0669 0.1264
0.1918 0.1164 0.0832 0.0160 0.0721 0.1917 0.3277 0.3229 0.2127 0.1403
0.1714 0.0531 0.0282 0.0045 0.0612 0.2924 0.5302 0.4288 0.1888 0.0675
0.0838 0.0304 0.0288 0.0106 0.1225 0.4038 0.5278 0.3062 0.1008 0.0424
0.0243 0.0344 0.1323 0.2419 0.4170 0.4349 0.2540 0.0816 0.0350 0.0531
0.0180 0.0367 0.1912 0.4317 0.5162 0.4370 0.1984 0.0560 0.0271 0.0578
0.0209 0.0447 0.2144 0.4371 0.4902 0.3996 0.1819 0.0576 0.0310 0.0688
0.0532 0.1012 0.2608 0.2831 0.2961 0.2478 0.1543 0.0911 0.0713 0.1370
0.2172 0.1278 0.0822 0.0134 0.0628 0.1779 0.3294 0.3464 0.2371 0.1514
0.1780 0.0537 0.0272 0.0041 0.0584 0.2895 0.5363 0.4399 0.1951 0.0679
0.0822 0.0302 0.0291 0.0109 0.1248 0.4058 0.5260 0.3024 0.0992 0.0422
0.0232 0.0346 0.1394 0.2654 0.4315 0.4359 0.2458 0.0773 0.0337 0.0536
0.0179 0.0367 0.1924 0.4349 0.5175 0.4369 0.1976 0.0557 0.0270 0.0579
0.0214 0.0460 0.2179 0.4379 0.4866 0.3944 0.1797 0.0578 0.0316 0.0705
0.0586 0.1080 0.2602 0.2614 0.2766 0.2365 0.1545 0.0968 0.0776 0.1444
0.2293 0.1278 0.0767 0.0114 0.0580 0.1763 0.3417 0.3649 0.2482 0.1507
0.1755 0.0514 0.0259 0.0039 0.0585 0.2961 0.5457 0.4432 0.1925 0.0653
0.0801 0.0299 0.0296 0.0115 0.1282 0.4083 0.5229 0.2970 0.0970 0.0419
0.0224 0.0348 0.1451 0.2849 0.4431 0.4368 0.2395 0.0741 0.0326 0.0539
0.0178 0.0367 0.1935 0.4390 0.5196 0.4372 0.1967 0.0553 0.0268 0.0579
0.0217 0.0471 0.2220 0.4417 0.4849 0.3900 0.1771 0.0577 0.0321 0.0721
0.0656 0.1244 0.2817 0.2639 0.2605 0.2156 0.1441 0.0989 0.0858 0.1631
0.2588 0.1481 0.0827 0.0107 0.0515 0.1578 0.3280 0.3796 0.2763 0.1711
0.1903 0.0556 0.0264 0.0036 0.0539 0.2821 0.5423 0.4567 0.2067 0.0698
0.0850 0.0296 0.0272 0.0097 0.1193 0.4074 0.5386 0.3143 0.1019 0.0413
0.0225 0.0346 0.1438 0.2808 0.4410 0.4371 0.2410 0.0747 0.0328 0.0538
0.0177 0.0366 0.1933 0.4396 0.5204 0.4379 0.1969 0.0552 0.0267 0.0578
0.0212 0.0460 0.2198 0.4434 0.4892 0.3945 0.1785 0.0572 0.0314 0.0707
0.0628 0.1193 0.2780 0.2690 0.2681 0.2219 0.1459 0.0970 0.0825 0.1576
0.2584 0.1439 0.0791 0.0101 0.0509 0.1607 0.3359 0.3847 0.2758 0.1666
0.1887 0.0539 0.0254 0.0034 0.0538 0.2867 0.5495 0.4598 0.2051 0.0678
0.0875 0.0292 0.0257 0.0087 0.1146 0.4085 0.5494 0.3249 0.1045 0.0406
0.0219 0.0347 0.1481 0.2961 0.4501 0.4380 0.2364 0.0723 0.0320 0.0540
0.0176 0.0365 0.1941 0.4433 0.5228 0.4387 0.1963 0.0548 0.0265 0.0576
0.0212 0.0464 0.2219 0.4469 0.4897 0.3931 0.1772 0.0570 0.0315 0.0713
0.0675 0.1354 0.3056 0.2868 0.2611 0.2047 0.1340 0.0958 0.0881 0.1760
0.2916 0.1669 0.0852 0.0094 0.0449 0.1431 0.3224 0.4009 0.3069 0.1893
0.2018 0.0586 0.0264 0.0033 0.0506 0.2729 0.5417 0.4680 0.2176 0.0729
0.0903 0.0291 0.0247 0.0080 0.1104 0.4074 0.5565 0.3339 0.1073 0.0404
0.0222 0.0346 0.1458 0.2883 0.4457 0.4378 0.2388 0.0735 0.0323 0.0538
0.0175 0.0365 0.1942 0.4441 0.5233 0.4389 0.1962 0.0547 0.0265 0.0576
0.0213 0.0466 0.2226 0.4477 0.4895 0.3924 0.1767 0.0569 0.0315 0.0715
0.0695 0.1401 0.3110 0.2866 0.2568 0.1999 0.1318 0.0965 0.0905 0.1813
0.3017 0.1716 0.0849 0.0089 0.0430 0.1397 0.3229 0.4087 0.3162 0.1935
0.2055 0.0586 0.0258 0.0032 0.0493 0.2719 0.5458 0.4743 0.2210 0.0729
0.0943 0.0287 0.0229 0.0069 0.1043 0.4080 0.5704 0.3490 0.1113 0.0397
0.0221 0.0345 0.1458 0.2889 0.4464 0.4383 0.2389 0.0733 0.0323 0.0537
0.0174 0.0363 0.1941 0.4455 0.5247 0.4399 0.1963 0.0545 0.0264 0.0574
0.0206 0.0451 0.2194 0.4503 0.4958 0.3990 0.1788 0.0563 0.0306 0.0694
0.0670 0.1432 0.3286 0.3164 0.2678 0.1984 0.1252 0.0911 0.0878 0.1854
0.3138 0.1898 0.0950 0.0098 0.0422 0.1297 0.3032 0.4032 0.3279 0.2120
0.2250 0.0666 0.0279 0.0031 0.0454 0.2520 0.5314 0.4836 0.2397 0.0815
0.1017 0.0285 0.0208 0.0056 0.0949 0.4056 0.5882 0.3723 0.1187 0.0392
0.0230 0.0343 0.1385 0.2651 0.4327 0.4378 0.2468 0.0772 0.0334 0.0531
0.0174 0.0362 0.1940 0.4463 0.5256 0.4406 0.1964 0.0544 0.0263 0.0572
0.0201 0.0439 0.2170 0.4520 0.5004 0.4040 0.1803 0.0558 0.0300 0.0679
0.0674 0.1529 0.3536 0.3460 0.2726 0.1906 0.1165 0.0872 0.0884 0.1969
0.3364 0.2190 0.1095 0.0108 0.0401 0.1158 0.2790 0.4010 0.3494 0.2408
0.2508 0.0780 0.0307 0.0030 0.0411 0.2283 0.5125 0.4942 0.2642 0.0937
0.1083 0.0285 0.0192 0.0047 0.0878 0.4029 0.6019 0.3916 0.1252 0.0390
0.0239 0.0341 0.1323 0.2451 0.4207 0.4374 0.2540 0.0808 0.0345 0.0526
0.0173 0.0361 0.1938 0.4462 0.5258 0.4410 0.1966 0.0544 0.0262 0.0571
0.0197 0.0429 0.2146 0.4526 0.5040 0.4083 0.1819 0.0555 0.0295 0.0666
0.0641 0.1533 0.3680 0.3767 0.2858 0.1917 0.1119 0.0822 0.0848 0.1980
0.3407 0.2443 0.1300 0.0134 0.0414 0.1067 0.2512 0.3820 0.3544 0.2665
0.2857 0.0963 0.0356 0.0031 0.0364 0.1994 0.4844 0.5047 0.2971 0.1128
0.1171 0.0289 0.0178 0.0039 0.0800 0.3975 0.6153 0.4140 0.1340 0.0392
0.0264 0.0335 0.1175 0.1978 0.3897 0.4359 0.2733 0.0909 0.0375 0.0514
0.0173 0.0360 0.1933 0.4454 0.5258 0.4415 0.1969 0.0544 0.0262 0.0570
0.0191 0.0414 0.2106 0.4529 0.5094 0.4152 0.1845 0.0551 0.0287 0.0645
0.0589 0.1465 0.3726 0.4049 0.3043 0.1993 0.1106 0.0773 0.0787 0.1912
0.3356 0.2651 0.1532 0.0174 0.0443 0.1007 0.2257 0.3575 0.3507 0.2881
0.3206 0.1165 0.0407 0.0031 0.0326 0.1752 0.4583 0.5143 0.3296 0.1334
0.1252 0.0294 0.0169 0.0034 0.0739 0.3917 0.6247 0.4323 0.1419 0.0396
0.0303 0.0328 0.0987 0.1427 0.3469 0.4340 0.3023 0.1072 0.0423 0.0497
0.0173 0.0359 0.1927 0.4444 0.5257 0.4419 0.1974 0.0545 0.0262 0.0568
0.0185 0.0397 0.2060 0.4530 0.5155 0.4231 0.1877 0.0547 0.0278 0.0622
0.0518 0.1310 0.3619 0.4248 0.3288 0.2161 0.1141 0.0728 0.0703 0.1742
0.3129 0.2730 0.1774 0.0240 0.0508 0.0999 0.2041 0.3239 0.3307 0.2980
0.3452 0.1327 0.0449 0.0031 0.0303 0.1597 0.4393 0.5197 0.3524 0.1498
0.1317 0.0302 0.0165 0.0031 0.0699 0.3856 0.6287 0.4441 0.1483 0.0404
0.0354 0.0319 0.0809 0.0969 0.3018 0.4317 0.3367 0.1285 0.0483 0.0479
0.0174 0.0358 0.1917 0.4418 0.5247 0.4422 0.1981 0.0547 0.0262 0.0567
0.0180 0.0384 0.2023 0.4527 0.5202 0.4295 0.1903 0.0544 0.0272 0.0604
0.0435 0.1108 0.3420 0.4440 0.3616 0.2423 0.1209 0.0680 0.0602 0.1513
0.2685 0.2923 0.2404 0.0474 0.0674 0.0977 0.1624 0.2583 0.2912 0.3216
0.3988 0.1743 0.0560 0.0033 0.0262 0.1303 0.3972 0.5287 0.4019 0.1906
0.1456 0.0333 0.0169 0.0028 0.0636 0.3664 0.6242 0.4596 0.1620 0.0440
0.0459 0.0307 0.0577 0.0489 0.2342 0.4276 0.3981 0.1723 0.0603 0.0451
0.0175 0.0357 0.1899 0.4365 0.5223 0.4423 0.1994 0.0552 0.0264 0.0565
0.0177 0.0376 0.2000 0.4526 0.5232 0.4336 0.1920 0.0542 0.0268 0.0592
0.0388 0.0987 0.3283 0.4556 0.3837 0.2610 0.1259 0.0650 0.0543 0.1373
0.2408 0.3170 0.3075 0.0813 0.0829 0.0934 0.1315 0.2128 0.2665 0.3495
0.4458 0.2182 0.0682 0.0035 0.0232 0.1087 0.3605 0.5345 0.4452 0.2328
0.1649 0.0388 0.0182 0.0027 0.0571 0.3386 0.6108 0.4740 0.1810 0.0502
0.0624 0.0292 0.0381 0.0209 0.1681 0.4227 0.4759 0.2393 0.0783 0.0419
0.0177 0.0356 0.1867 0.4265 0.5177 0.4423 0.2019 0.0562 0.0267 0.0563
0.0174 0.0368 0.1976 0.4524 0.5261 0.4377 0.1937 0.0540 0.0264 0.0581
0.0321 0.0794 0.2972 0.4609 0.4183 0.2975 0.1383 0.0617 0.0458 0.1138
0.1978 0.3313 0.3932 0.1558 0.1120 0.0934 0.1032 0.1614 0.2263 0.3690
0.4865 0.2694 0.0852 0.0040 0.0213 0.0908 0.3205 0.5321 0.4831 0.2814
0.2011 0.0518 0.0219 0.0026 0.0484 0.2893 0.5764 0.4901 0.2163 0.0649
0.0849 0.0279 0.0249 0.0086 0.1169 0.4168 0.5554 0.3237 0.1017 0.0390
0.0185 0.0353 0.1781 0.3984 0.5042 0.4418 0.2088 0.0592 0.0277 0.0557
0.0173 0.0363 0.1961 0.4520 0.5279 0.4402 0.1948 0.0539 0.0261 0.0575
0.0255 0.0598 0.2575 0.4595 0.4591 0.3472 0.1570 0.0585 0.0372 0.0890
0.1484 0.3078 0.4468 0.2581 0.1555 0.1043 0.0894 0.1221 0.1773 0.3518
0.4899 0.3000 0.1033 0.0052 0.0222 0.0832 0.2874 0.5090 0.4874 0.3115
0.2533 0.0745 0.0281 0.0027 0.0397 0.2336 0.5292 0.5072 0.2661 0.0895
0.1032 0.0274 0.0191 0.0050 0.0918 0.4115 0.6028 0.3839 0.1200 0.0376
0.0199 0.0349 0.1630 0.3482 0.4791 0.4408 0.2219 0.0650 0.0296 0.0547
0.0172 0.0361 0.1952 0.4514 0.5285 0.4415 0.1955 0.0538 0.0260 0.0571
0.0216 0.0486 0.2305 0.4570 0.4882 0.3853 0.1719 0.0564 0.0321 0.0742
0.1068 0.2588 0.4595 0.3537 0.2090 0.1258 0.0867 0.0965 0.1334 0.3074
0.4619 0.3216 0.1320 0.0082 0.0264 0.0798 0.2478 0.4584 0.4639 0.3349
0.3235 0.1126 0.0380 0.0028 0.0316 0.1783 0.4714 0.5250 0.3318 0.1291
0.1201 0.0276 0.0161 0.0033 0.0761 0.4037 0.6332 0.4304 0.1366 0.0374
0.0238 0.0339 0.1322 0.2458 0.4218 0.4383 0.2542 0.0806 0.0344 0.0525
0.0171 0.0359 0.1945 0.4506 0.5289 0.4424 0.1961 0.0539 0.0260 0.0569
0.0194 0.0422 0.2134 0.4553 0.5080 0.4119 0.1827 0.0551 0.0290 0.0655
0.0858 0.2331 0.4740 0.4306 0.2514 0.1403 0.0835 0.0817 0.1103 0.2839
0.4397 0.3776 0.1963 0.0162 0.0323 0.0701 0.1889 0.3898 0.4466 0.3917
0.4248 0.1851 0.0556 0.0029 0.0237 0.1233 0.3983 0.5466 0.4252 0.2003
0.1357 0.0295 0.0154 0.0027 0.0667 0.3877 0.6409 0.4579 0.1520 0.0395
0.0336 0.0321 0.0861 0.1099 0.3163 0.4332 0.3260 0.1213 0.0462 0.0483
0.0172 0.0358 0.1934 0.4480 0.5279 0.4428 0.1969 0.0541 0.0260 0.0567
0.0180 0.0385 0.2029 0.4537 0.5202 0.4290 0.1899 0.0543 0.0272 0.0605
0.0579 0.1588 0.4119 0.4604 0.3173 0.1904 0.0992 0.0711 0.0778 0.2061
0.3402 0.3873 0.2928 0.0468 0.0536 0.0729 0.1369 0.2757 0.3592 0.4099
0.4890 0.2481 0.0722 0.0032 0.0202 0.0966 0.3499 0.5548 0.4843 0.2600
0.1588 0.0358 0.0169 0.0025 0.0582 0.3519 0.6241 0.4759 0.1749 0.0467
0.0584 0.0293 0.0414 0.0249 0.1809 0.4248 0.4602 0.2239 0.0739 0.0423
0.0174 0.0357 0.1907 0.4399 0.5243 0.4429 0.1988 0.0549 0.0262 0.0565
0.0174 0.0368 0.1977 0.4529 0.5265 0.4378 0.1937 0.0539 0.0263 0.0581
0.0386 0.1005 0.3362 0.4680 0.3870 0.2588 0.1231 0.0638 0.0541 0.1396
0.2484 0.4046 0.4306 0.1420 0.0910 0.0746 0.0929 0.1774 0.2762 0.4363
0.5428 0.3203 0.0952 0.0037 0.0179 0.0763 0.3008 0.5534 0.5343 0.3274
0.2147 0.0562 0.0228 0.0025 0.0454 0.2758 0.5693 0.4986 0.2292 0.0697
0.0917 0.0274 0.0220 0.0068 0.1059 0.4167 0.5776 0.3488 0.1085 0.0380
0.0181 0.0354 0.1816 0.4105 0.5103 0.4424 0.2059 0.0579 0.0272 0.0559
0.0172 0.0361 0.1957 0.4525 0.5288 0.4412 0.1951 0.0538 0.0260 0.0572
0.0262 0.0622 0.2637 0.4624 0.4548 0.3403 0.1538 0.0586 0.0382 0.0921
0.1695 0.3804 0.5250 0.3047 0.1473 0.0850 0.0722 0.1170 0.2000 0.4224
0.5482 0.3776 0.1309 0.0057 0.0193 0.0657 0.2485 0.5146 0.5411 0.3827
0.3347 0.1175 0.0385 0.0027 0.0303 0.1728 0.4685 0.5313 0.3421 0.1338
0.1191 0.0269 0.0156 0.0032 0.0762 0.4081 0.6383 0.4325 0.1356 0.0365
0.0215 0.0344 0.1493 0.3027 0.4551 0.4401 0.2352 0.0712 0.0315 0.0537
0.0171 0.0359 0.1947 0.4519 0.5296 0.4426 0.1959 0.0537 0.0259 0.0568
0.0199 0.0439 0.2183 0.4564 0.5028 0.4044 0.1795 0.0554 0.0298 0.0679
0.1075 0.2940 0.5240 0.4290 0.2194 0.1141 0.0728 0.0867 0.1348 0.3446
0.4804 0.4132 0.2033 0.0145 0.0282 0.0627 0.1837 0.4097 0.4833 0.4230
0.4604 0.2129 0.0614 0.0029 0.0214 0.1097 0.3796 0.5570 0.4577 0.2266
0.1369 0.0291 0.0148 0.0026 0.0656 0.3896 0.6466 0.4636 0.1531 0.0389
0.0345 0.0319 0.0831 0.1027 0.3089 0.4333 0.3323 0.1252 0.0472 0.0479
0.0171 0.0358 0.1938 0.4498 0.5290 0.4431 0.1965 0.0539 0.0259 0.0567
0.0179 0.0382 0.2019 0.4538 0.5216 0.4308 0.1906 0.0542 0.0270 0.0600
0.0678 0.1936 0.4554 0.4723 0.2941 0.1645 0.0881 0.0727 0.0897 0.2439
0.3630 0.4499 0.3536 0.0592 0.0527 0.0618 0.1144 0.2623 0.3816 0.4689
0.5544 0.3161 0.0884 0.0032 0.0168 0.0767 0.3135 0.5702 0.5442 0.3224
0.1757 0.0409 0.0182 0.0025 0.0534 0.3280 0.6105 0.4861 0.1914 0.0525
0.0723 0.0283 0.0307 0.0135 0.1415 0.4219 0.5168 0.2789 0.0886 0.0401
0.0174 0.0356 0.1899 0.4376 0.5233 0.4430 0.1995 0.0551 0.0263 0.0564
0.0173 0.0363 0.1964 0.4529 0.5282 0.4401 0.1946 0.0538 0.0261 0.0575
0.0353 0.0904 0.3200 0.4693 0.4033 0.2762 0.1291 0.0623 0.0499 0.1274
0.2288 0.4421 0.5182 0.2237 0.1083 0.0694 0.0733 0.1455 0.2588 0.4754
0.5837 0.3867 0.1198 0.0043 0.0165 0.0629 0.2623 0.5494 0.5725 0.3887
0.2977 0.0952 0.0328 0.0026 0.0339 0.1992 0.4994 0.5237 0.3076 0.1111
0.1131 0.0266 0.0163 0.0037 0.0810 0.4123 0.6305 0.4179 0.1297 0.0363
0.0193 0.0350 0.1683 0.3667 0.4888 0.4417 0.2171 0.0628 0.0288 0.0550
0.0171 0.0359 0.1949 0.4524 0.5298 0.4426 0.1957 0.0537 0.0259 0.0569
0.0217 0.0490 0.2321 0.4587 0.4878 0.3838 0.1710 0.0563 0.0322 0.0748
0.1432 0.3759 0.5726 0.4068 0.1795 0.0884 0.0634 0.0963 0.1735 0.4220
0.5322 0.4395 0.1927 0.0108 0.0230 0.0571 0.1909 0.4499 0.5294 0.4441
0.4732 0.2227 0.0631 0.0028 0.0206 0.1055 0.3744 0.5616 0.4693 0.2356
0.1347 0.0282 0.0144 0.0025 0.0662 0.3954 0.6519 0.4643 0.1508 0.0377
0.0312 0.0324 0.0945 0.1322 0.3384 0.4350 0.3099 0.1112 0.0433 0.0491
0.0171 0.0357 0.1942 0.4511 0.5297 0.4432 0.1963 0.0538 0.0259 0.0567
0.0180 0.0384 0.2027 0.4540 0.5208 0.4295 0.1900 0.0542 0.0271 0.0604
0.0809 0.2362 0.4986 0.4776 0.2678 0.1402 0.0782 0.0754 0.1050 0.2885
0.3898 0.4798 0.3665 0.0566 0.0483 0.0566 0.1102 0.2713 0.4063 0.4955
0.5813 0.3469 0.0959 0.0032 0.0156 0.0696 0.2992 0.5768 0.5689 0.3503
0.1851 0.0440 0.0190 0.0024 0.0511 0.3154 0.6024 0.4909 0.2005 0.0560
0.0792 0.0278 0.0268 0.0103 0.1266 0.4208 0.5416 0.3055 0.0958 0.0391
0.0174 0.0356 0.1902 0.4387 0.5239 0.4431 0.1992 0.0550 0.0263 0.0564
0.0172 0.0362 0.1960 0.4528 0.5287 0.4408 0.1949 0.0537 0.0260 0.0573
0.0358 0.0922 0.3238 0.4708 0.4011 0.2729 0.1277 0.0624 0.0505 0.1297
0.2300 0.4760 0.5676 0.2686 0.1129 0.0640 0.0640 0.1347 0.2609 0.5081
0.6052 0.4305 0.1396 0.0049 0.0159 0.0557 0.2380 0.5428 0.5929 0.4291
0.3756 0.1430 0.0443 0.0027 0.0268 0.1499 0.4417 0.5425 0.3797 0.1592
0.1221 0.0265 0.0148 0.0029 0.0734 0.4094 0.6474 0.4433 0.1385 0.0359
0.0208 0.0346 0.1548 0.3216 0.4655 0.4409 0.2297 0.0685 0.0306 0.0540
0.0171 0.0358 0.1947 0.4524 0.5301 0.4429 0.1959 0.0537 0.0258 0.0568
0.0203 0.0449 0.2213 0.4572 0.4997 0.4000 0.1776 0.0556 0.0303 0.0693
0.1381 0.3832 0.5955 0.4465 0.1891 0.0874 0.0595 0.0902 0.1684 0.4303
0.5033 0.4795 0.2573 0.0192 0.0281 0.0528 0.1523 0.3890 0.5056 0.4853
0.5534 0.3059 0.0831 0.0029 0.0166 0.0788 0.3242 0.5774 0.5429 0.3125
0.1481 0.0315 0.0152 0.0024 0.0609 0.3740 0.6427 0.4756 0.1642 0.0416
0.0476 0.0302 0.0543 0.0438 0.2255 0.4291 0.4095 0.1801 0.0621 0.0443
0.0171 0.0357 0.1936 0.4493 0.5289 0.4433 0.1967 0.0539 0.0259 0.0566
0.0174 0.0369 0.1982 0.4533 0.5262 0.4372 0.1933 0.0539 0.0264 0.0583
0.0614 0.1765 0.4418 0.4822 0.3116 0.1769 0.0914 0.0700 0.0822 0.2259
0.3104 0.5122 0.5093 0.1520 0.0757 0.0553 0.0749 0.1842 0.3364 0.5342
0.6277 0.4249 0.1236 0.0037 0.0141 0.0557 0.2569 0.5741 0.6125 0.4217
0.2971 0.0943 0.0325 0.0026 0.0339 0.2003 0.5016 0.5247 0.3070 0.1102
0.1118 0.0264 0.0164 0.0037 0.0820 0.4142 0.6302 0.4157 0.1284 0.0360
0.0184 0.0353 0.1784 0.4005 0.5056 0.4426 0.2085 0.0589 0.0275 0.0556
0.0171 0.0359 0.1950 0.4526 0.5299 0.4426 0.1957 0.0537 0.0259 0.0568
0.0245 0.0572 0.2525 0.4620 0.4669 0.3555 0.1596 0.0577 0.0359 0.0856
0.1848 0.4689 0.6306 0.4044 0.1496 0.0678 0.0535 0.1034 0.2171 0.5073
0.5614 0.4899 0.2217 0.0119 0.0217 0.0497 0.1715 0.4477 0.5566 0.4903
0.5498 0.2998 0.0810 0.0029 0.0167 0.0803 0.3288 0.5783 0.5395 0.3068
0.1402 0.0291 0.0144 0.0024 0.0635 0.3887 0.6519 0.4717 0.1562 0.0388
0.0370 0.0314 0.0757 0.0857 0.2896 0.4331 0.3489 0.1358 0.0501 0.0470
0.0171 0.0357 0.1941 0.4512 0.5298 0.4433 0.1963 0.0538 0.0258 0.0566
0.0177 0.0375 0.2001 0.4536 0.5239 0.4340 0.1919 0.0540 0.0267 0.0592
0.0813 0.2413 0.5074 0.4871 0.2686 0.1380 0.0764 0.0745 0.1056 0.2939
0.3497 0.5255 0.4803 0.1142 0.0631 0.0521 0.0808 0.2109 0.3722 0.5433
0.6362 0.4298 0.1225 0.0035 0.0136 0.0547 0.2583 0.5809 0.6203 0.4257
0.2848 0.0876 0.0307 0.0025 0.0352 0.2101 0.5122 0.5219 0.2955 0.1032
0.1098 0.0263 0.0167 0.0039 0.0839 0.4154 0.6267 0.4102 0.1265 0.0361
0.0180 0.0354 0.1824 0.4136 0.5120 0.4429 0.2053 0.0575 0.0271 0.0559
0.0171 0.0359 0.1950 0.4527 0.5300 0.4426 0.1957 0.0537 0.0259 0.0568
0.0261 0.0621 0.2639 0.4638 0.4558 0.3408 0.1537 0.0584 0.0380 0.0919
0.1988 0.4948 0.6439 0.3993 0.1412 0.0630 0.0514 0.1062 0.2314 0.5303
0.5637 0.5049 0.2359 0.0130 0.0219 0.0479 0.1632 0.4398 0.5591 0.5046
0.5773 0.3316 0.0887 0.0029 0.0155 0.0726 0.3127 0.5843 0.5649 0.3357
0.1429 0.0297 0.0145 0.0024 0.0625 0.3847 0.6505 0.4743 0.1589 0.0395
0.0405 0.0310 0.0670 0.0673 0.2651 0.4321 0.3708 0.1508 0.0542 0.0460
0.0171 0.0357 0.1941 0.4513 0.5299 0.4434 0.1963 0.0538 0.0258 0.0566
0.0176 0.0372 0.1992 0.4535 0.5250 0.4355 0.1926 0.0540 0.0265 0.0587
0.0831 0.2480 0.5147 0.4903 0.2658 0.1349 0.0748 0.0746 0.1076 0.3009
0.3383 0.5432 0.5212 0.1430 0.0686 0.0504 0.0724 0.1932 0.3626 0.5613
0.6490 0.4600 0.1364 0.0039 0.0133 0.0505 0.2412 0.5754 0.6326 0.4536
0.3667 0.1361 0.0424 0.0026 0.0274 0.1553 0.4499 0.5417 0.3715 0.1523
0.1201 0.0260 0.0147 0.0030 0.0746 0.4133 0.6485 0.4409 0.1365 0.0354
0.0188 0.0351 0.1742 0.3868 0.4991 0.4426 0.2121 0.0605 0.0280 0.0553
0.0170 0.0358 0.1948 0.4526 0.5303 0.4430 0.1959 0.0536 0.0258 0.0567
0.0229 0.0524 0.2408 0.4604 0.4790 0.3716 0.1660 0.0569 0.0337 0.0793
0.1861 0.4953 0.6649 0.4484 0.1537 0.0637 0.0482 0.0974 0.2190 0.5325
0.5143 0.5334 0.3140 0.0258 0.0291 0.0461 0.1277 0.3646 0.5170 0.5364
0.6348 0.4076 0.1090 0.0030 0.0132 0.0578 0.2773 0.5951 0.6182 0.4044
0.1715 0.0387 0.0172 0.0024 0.0540 0.3371 0.6200 0.4879 0.1872 0.0500
0.0716 0.0281 0.0308 0.0138 0.1431 0.4243 0.5164 0.2772 0.0879 0.0399
0.0171 0.0357 0.1932 0.4486 0.5287 0.4434 0.1970 0.0540 0.0259 0.0565
0.0172 0.0362 0.1961 0.4529 0.5287 0.4408 0.1949 0.0537 0.0260 0.0573
0.0553 0.1572 0.4203 0.4834 0.3289 0.1927 0.0970 0.0681 0.0749 0.2049
0.2775 0.5569 0.6192 0.2705 0.0965 0.0509 0.0551 0.1416 0.3076 0.5805
0.6286 0.5067 0.1878 0.0069 0.0159 0.0458 0.1938 0.5167 0.6161 0.5005
0.5552 0.3040 0.0815 0.0028 0.0164 0.0792 0.3277 0.5810 0.5444 0.3105
0.1332 0.0269 0.0136 0.0024 0.0660 0.4034 0.6615 0.4690 0.1492 0.0361
0.0273 0.0330 0.1108 0.1799 0.3783 0.4385 0.2833 0.0955 0.0387 0.0505
0.0170 0.0357 0.1945 0.4524 0.5304 0.4434 0.1961 0.0536 0.0258 0.0566
0.0181 0.0388 0.2039 0.4543 0.5195 0.4276 0.1892 0.0543 0.0273 0.0609
0.1300 0.3877 0.6207 0.4974 0.2037 0.0874 0.0553 0.0827 0.1602 0.4362
0.3776 0.5661 0.5088 0.1161 0.0585 0.0464 0.0747 0.2147 0.3985 0.5796
0.6702 0.4871 0.1436 0.0038 0.0124 0.0467 0.2331 0.5831 0.6524 0.4776
0.4138 0.1697 0.0502 0.0027 0.0240 0.1315 0.4178 0.5523 0.4147 0.1851
0.1229 0.0258 0.0141 0.0028 0.0722 0.4139 0.6555 0.4499 0.1392 0.0350
0.0187 0.0351 0.1741 0.3869 0.4993 0.4431 0.2123 0.0605 0.0280 0.0553
0.0170 0.0358 0.1947 0.4527 0.5304 0.4432 0.1959 0.0536 0.0258 0.0567
0.0227 0.0518 0.2395 0.4602 0.4804 0.3734 0.1667 0.0568 0.0335 0.0786
0.1955 0.5238 0.6880 0.4656 0.1501 0.0590 0.0447 0.0965 0.2289 0.5585
0.4563 0.5626 0.4145 0.0551 0.0399 0.0446 0.0962 0.2870 0.4676 0.5695
0.6769 0.4748 0.1308 0.0032 0.0117 0.0478 0.2475 0.6001 0.6579 0.4652
0.2859 0.0878 0.0306 0.0025 0.0350 0.2097 0.5127 0.5231 0.2965 0.1033
0.1110 0.0260 0.0162 0.0037 0.0827 0.4182 0.6324 0.4156 0.1276 0.0356
0.0174 0.0355 0.1892 0.4362 0.5230 0.4437 0.2000 0.0552 0.0263 0.0563
0.0171 0.0358 0.1949 0.4527 0.5302 0.4429 0.1958 0.0536 0.0258 0.0568
0.0326 0.0822 0.3059 0.4698 0.4174 0.2920 0.1347 0.0611 0.0464 0.1174
0.2325 0.5628 0.6868 0.4082 0.1258 0.0520 0.0448 0.1096 0.2656 0.5910
0.4857 0.5607 0.3803 0.0414 0.0347 0.0440 0.1056 0.3171 0.4932 0.5652
0.6782 0.4722 0.1283 0.0031 0.0116 0.0481 0.2506 0.6035 0.6590 0.4626
0.2441 0.0675 0.0253 0.0025 0.0403 0.2473 0.5489 0.5120 0.2571 0.0818
0.1055 0.0261 0.0174 0.0043 0.0886 0.4209 0.6205 0.3985 0.1222 0.0360
0.0172 0.0356 0.1917 0.4442 0.5268 0.4439 0.1982 0.0545 0.0261 0.0564
0.0171 0.0358 0.1949 0.4527 0.5302 0.4428 0.1958 0.0536 0.0258 0.0568
0.0393 0.1040 0.3446 0.4749 0.3853 0.2537 0.1201 0.0635 0.0551 0.1439
0.2445 0.5764 0.6890 0.3949 0.1195 0.0498 0.0444 0.1133 0.2774 0.6025
0.4553 0.5715 0.4289 0.0593 0.0407 0.0436 0.0925 0.2808 0.4670 0.5781
0.6908 0.4973 0.1384 0.0033 0.0113 0.0449 0.2387 0.6026 0.6711 0.4854
0.3565 0.1289 0.0406 0.0026 0.0282 0.1615 0.4585 0.5401 0.3620 0.1451
0.1198 0.0255 0.0144 0.0029 0.0749 0.4199 0.6536 0.4433 0.1361 0.0347
0.0175 0.0355 0.1883 0.4345 0.5226 0.4448 0.2009 0.0555 0.0264 0.0561
0.0170 0.0358 0.1947 0.4527 0.5304 0.4432 0.1959 0.0536 0.0258 0.0567
0.0313 0.0781 0.2979 0.4688 0.4244 0.3006 0.1381 0.0606 0.0448 0.1123
0.2347 0.5823 0.7094 0.4379 0.1276 0.0495 0.0415 0.1055 0.2682 0.6093
0.3902 0.5888 0.5295 0.1213 0.0570 0.0436 0.0706 0.2138 0.4104 0.6003
0.6439 0.5412 0.2096 0.0076 0.0156 0.0417 0.1786 0.5110 0.6307 0.5325
0.6530 0.4288 0.1134 0.0029 0.0124 0.0543 0.2707 0.6023 0.6351 0.4231
0.1341 0.0265 0.0132 0.0023 0.0652 0.4067 0.6672 0.4741 0.1500 0.0356
0.0309 0.0315 0.0922 0.1337 0.3449 0.4509 0.3169 0.1119 0.0431 0.0479
0.0170 0.0357 0.1945 0.4526 0.5306 0.4435 0.1961 0.0536 0.0258 0.0566
0.0177 0.0375 0.2001 0.4537 0.5239 0.4339 0.1919 0.0540 0.0267 0.0592
0.1541 0.4558 0.6675 0.5104 0.1835 0.0722 0.0479 0.0850 0.1863 0.4992
0.3165 0.6003 0.6339 0.2486 0.0837 0.0445 0.0526 0.1529 0.3447 0.6179
0.3762 0.5960 0.5569 0.1443 0.0617 0.0432 0.0655 0.1990 0.3982 0.6084
0.4896 0.5779 0.4016 0.0454 0.0350 0.0421 0.0996 0.3101 0.4971 0.5814
0.7102 0.5190 0.1419 0.0031 0.0104 0.0420 0.2346 0.6133 0.6893 0.5044
0.3124 0.1020 0.0341 0.0025 0.0322 0.1901 0.4921 0.5300 0.3212 0.1180
0.1165 0.0250 0.0144 0.0032 0.0791 0.4354 0.6555 0.4375 0.1332 0.0341
0.0172 0.0355 0.1919 0.4467 0.5287 0.4458 0.1983 0.0543 0.0260 0.0563
0.0170 0.0358 0.1947 0.4527 0.5304 0.4432 0.1959 0.0536 0.0258 0.0567
0.0458 0.1256 0.3780 0.4791 0.3597 0.2249 0.1092 0.0655 0.0632 0.1691
0.2629 0.5937 0.6891 0.3713 0.1104 0.0471 0.0444 0.1197 0.2952 0.6169
0.4225 0.5838 0.4844 0.0875 0.0484 0.0432 0.0797 0.2439 0.4387 0.5927
0.6705 0.5307 0.1791 0.0053 0.0133 0.0420 0.2003 0.5527 0.6540 0.5198
0.6014 0.3592 0.0950 0.0029 0.0144 0.0666 0.3007 0.5910 0.5870 0.3605
0.1327 0.0266 0.0135 0.0024 0.0661 0.4053 0.6633 0.4696 0.1487 0.0358
0.0258 0.0332 0.1186 0.2047 0.3963 0.4402 0.2721 0.0893 0.0369 0.0511
0.0170 0.0357 0.1945 0.4525 0.5305 0.4434 0.1960 0.0536 0.0258 0.0566
0.0185 0.0398 0.2068 0.4548 0.5161 0.4228 0.1872 0.0545 0.0278 0.0623
0.1443 0.4230 0.6412 0.4937 0.1896 0.0789 0.0520 0.0855 0.1756 0.4687
0.4305 0.5540 0.4298 0.0656 0.0445 0.0462 0.0924 0.2677 0.4447 0.5634
0.6630 0.4576 0.1268 0.0033 0.0123 0.0503 0.2525 0.5946 0.6450 0.4499
0.2719 0.0809 0.0290 0.0025 0.0367 0.2210 0.5234 0.5188 0.2834 0.0962
0.1039 0.0265 0.0181 0.0046 0.0901 0.4170 0.6133 0.3917 0.1206 0.0365
0.0176 0.0355 0.1876 0.4305 0.5201 0.4432 0.2013 0.0558 0.0265 0.0562
0.0171 0.0359 0.1952 0.4527 0.5297 0.4423 0.1955 0.0537 0.0259 0.0569
0.0339 0.0864 0.3137 0.4707 0.4106 0.2838 0.1316 0.0616 0.0481 0.1226
0.2357 0.5378 0.6485 0.3528 0.1191 0.0551 0.0505 0.1191 0.2679 0.5669
0.6139 0.5068 0.1987 0.0080 0.0172 0.0462 0.1861 0.4985 0.6032 0.5019
0.5579 0.3079 0.0827 0.0029 0.0163 0.0782 0.3252 0.5809 0.5469 0.3141
0.1358 0.0279 0.0140 0.0024 0.0652 0.3968 0.6563 0.4689 0.1518 0.0373
0.0297 0.0326 0.1002 0.1485 0.3530 0.4364 0.3000 0.1051 0.0415 0.0496
0.0170 0.0357 0.1944 0.4520 0.5302 0.4433 0.1961 0.0537 0.0258 0.0567
0.0182 0.0389 0.2043 0.4544 0.5190 0.4270 0.1890 0.0543 0.0274 0.0611
0.1167 0.3489 0.5931 0.4928 0.2175 0.0978 0.0600 0.0810 0.1455 0.3996
0.3923 0.5487 0.4651 0.0900 0.0530 0.0480 0.0841 0.2360 0.4108 0.5617
0.6571 0.4540 0.1277 0.0034 0.0126 0.0509 0.2516 0.5897 0.6396 0.4470
0.2929 0.0918 0.0317 0.0025 0.0343 0.2039 0.5060 0.5242 0.3030 0.1075
0.1086 0.0263 0.0170 0.0040 0.0851 0.4160 0.6243 0.4066 0.1253 0.0361
0.0178 0.0355 0.1853 0.4230 0.5166 0.4431 0.2031 0.0566 0.0268 0.0560
0.0171 0.0359 0.1951 0.4527 0.5299 0.4425 0.1956 0.0537 0.0259 0.0569
0.0303 0.0751 0.2918 0.4678 0.4298 0.3074 0.1407 0.0602 0.0435 0.1085
0.2212 0.5319 0.6609 0.3886 0.1289 0.0565 0.0487 0.1111 0.2540 0.5630
0.5824 0.5191 0.2362 0.0121 0.0205 0.0458 0.1629 0.4516 0.5759 0.5167
0.5985 0.3574 0.0951 0.0029 0.0146 0.0670 0.3006 0.5890 0.5844 0.3590
0.1445 0.0301 0.0146 0.0024 0.0619 0.3822 0.6494 0.4756 0.1605 0.0399
0.0418 0.0308 0.0644 0.0621 0.2575 0.4319 0.3782 0.1560 0.0556 0.0456
0.0170 0.0357 0.1942 0.4516 0.5300 0.4434 0.1962 0.0537 0.0258 0.0566
0.0176 0.0373 0.1994 0.4535 0.5247 0.4351 0.1924 0.0540 0.0266 0.0589
0.1006 0.3043 0.5629 0.4968 0.2387 0.1122 0.0654 0.0775 0.1277 0.3570
0.3428 0.5678 0.5532 0.1612 0.0696 0.0473 0.0663 0.1858 0.3674 0.5845
0.6672 0.4927 0.1498 0.0041 0.0127 0.0461 0.2267 0.5753 0.6498 0.4833
0.4471 0.1969 0.0564 0.0027 0.0219 0.1168 0.3954 0.5591 0.4453 0.2112
0.1249 0.0260 0.0140 0.0027 0.0709 0.4117 0.6568 0.4539 0.1411 0.0352
0.0198 0.0348 0.1638 0.3525 0.4819 0.4422 0.2213 0.0645 0.0293 0.0546
0.0170 0.0358 0.1947 0.4526 0.5304 0.4432 0.1959 0.0536 0.0258 0.0567
0.0213 0.0477 0.2287 0.4585 0.4917 0.3889 0.1730 0.0561 0.0316 0.0730
0.1793 0.4931 0.6732 0.4717 0.1606 0.0644 0.0469 0.0934 0.2123 0.5314
0.4675 0.5522 0.3872 0.0460 0.0373 0.0454 0.1037 0.3042 0.4770 0.5585
0.6630 0.4517 0.1229 0.0032 0.0122 0.0510 0.2575 0.5987 0.6448 0.4442
0.2314 0.0620 0.0239 0.0025 0.0423 0.2601 0.5600 0.5080 0.2450 0.0759
0.0977 0.0266 0.0196 0.0055 0.0975 0.4196 0.5989 0.3721 0.1145 0.0369
0.0173 0.0356 0.1913 0.4425 0.5259 0.4435 0.1985 0.0546 0.0261 0.0564
0.0171 0.0359 0.1952 0.4528 0.5298 0.4423 0.1955 0.0537 0.0259 0.0569
0.0417 0.1118 0.3570 0.4763 0.3755 0.2425 0.1159 0.0642 0.0580 0.1530
0.2487 0.5633 0.6660 0.3584 0.1145 0.0513 0.0478 0.1199 0.2809 0.5897
0.5729 0.5368 0.2645 0.0151 0.0221 0.0441 0.1484 0.4279 0.5682 0.5346
0.6387 0.4104 0.1090 0.0030 0.0130 0.0573 0.2774 0.5978 0.6218 0.4068
0.1528 0.0325 0.0152 0.0023 0.0591 0.3684 0.6418 0.4808 0.1687 0.0427
0.0556 0.0293 0.0436 0.0283 0.1912 0.4293 0.4510 0.2139 0.0709 0.0424
0.0170 0.0357 0.1941 0.4514 0.5300 0.4435 0.1963 0.0537 0.0258 0.0566
0.0173 0.0365 0.1970 0.4531 0.5277 0.4393 0.1942 0.0538 0.0262 0.0577
0.0852 0.2564 0.5240 0.4949 0.2629 0.1312 0.0730 0.0745 0.1101 0.3094
0.3017 0.5813 0.6239 0.2519 0.0878 0.0471 0.0543 0.1498 0.3307 0.6013
0.6258 0.5313 0.2140 0.0086 0.0168 0.0432 0.1758 0.4954 0.6144 0.5245
0.6205 0.3844 0.1016 0.0029 0.0137 0.0618 0.2892 0.5948 0.6048 0.3833
0.1376 0.0278 0.0137 0.0023 0.0641 0.3968 0.6597 0.4738 0.1536 0.0372
0.0341 0.0317 0.0834 0.1051 0.3127 0.4371 0.3321 0.1241 0.0468 0.0477
0.0170 0.0357 0.1944 0.4524 0.5304 0.4435 0.1961 0.0536 0.0258 0.0566
0.0177 0.0377 0.2005 0.4537 0.5235 0.4333 0.1916 0.0541 0.0268 0.0594
0.1292 0.3888 0.6244 0.5042 0.2054 0.0872 0.0547 0.0818 0.1593 0.4375
0.3324 0.5878 0.5961 0.2008 0.0757 0.0454 0.0587 0.1693 0.3588 0.6045
0.6334 0.5366 0.2132 0.0082 0.0163 0.0425 0.1763 0.5012 0.6213 0.5289
0.6355 0.4045 0.1068 0.0029 0.0131 0.0582 0.2806 0.5982 0.6188 0.4013
0.1367 0.0275 0.0136 0.0023 0.0643 0.3992 0.6617 0.4740 0.1527 0.0368
0.0331 0.0318 0.0863 0.1130 0.3216 0.4391 0.3265 0.1201 0.0456 0.0479
0.0170 0.0357 0.1945 0.4525 0.5305 0.4435 0.1961 0.0536 0.0258 0.0566
