0.0936 0.0456 0.0952 0.2348 0.3737 0.4103 0.3623 0.1965 0.0862 0.0569
0.1443 0.0916 0.1402 0.2216 0.2731 0.2749 0.2837 0.2127 0.1369 0.1063
0.3743 0.4090 0.3351 0.1900 0.1022 0.0732 0.1350 0.2589 0.3780 0.4067
0.4059 0.4586 0.3620 0.1869 0.0913 0.0628 0.1241 0.2641 0.4116 0.4516
0.2789 0.2628 0.2547 0.2005 0.1466 0.1194 0.1771 0.2423 0.2767 0.2727
0.1009 0.0514 0.1018 0.2326 0.3555 0.3857 0.3483 0.1992 0.0934 0.0634
0.0928 0.0450 0.0946 0.2351 0.3757 0.4131 0.3638 0.1962 0.0854 0.0562
0.0930 0.0452 0.0947 0.2350 0.3751 0.4123 0.3634 0.1963 0.0856 0.0564
0.1165 0.0648 0.1158 0.2282 0.3214 0.3395 0.3218 0.2045 0.1089 0.0780
0.3526 0.3750 0.3168 0.1923 0.1106 0.0815 0.1433 0.2552 0.3549 0.3758
0.4147 0.4724 0.3696 0.1861 0.0885 0.0602 0.1212 0.2655 0.4210 0.4642
0.3395 0.3546 0.3057 0.1936 0.1161 0.0870 0.1486 0.2530 0.3410 0.3572
0.1120 0.0609 0.1118 0.2294 0.3306 0.3519 0.3290 0.2030 0.1045 0.0737
0.0930 0.0451 0.0947 0.2350 0.3753 0.4125 0.3635 0.1963 0.0856 0.0564
0.0927 0.0449 0.0945 0.2351 0.3759 0.4134 0.3640 0.1962 0.0854 0.0561
0.1010 0.0515 0.1019 0.2325 0.3552 0.3853 0.3481 0.1992 0.0935 0.0635
0.3008 0.2953 0.2731 0.1979 0.1345 0.1062 0.1659 0.2462 0.2999 0.3028
0.4119 0.4680 0.3672 0.1864 0.0894 0.0610 0.1221 0.2651 0.4180 0.4602
0.3789 0.4163 0.3391 0.1896 0.1005 0.0716 0.1334 0.2596 0.3829 0.4133
0.1432 0.0905 0.1392 0.2219 0.2747 0.2770 0.2850 0.2124 0.1359 0.1051
0.0935 0.0456 0.0952 0.2349 0.3739 0.4106 0.3625 0.1965 0.0861 0.0568
0.0926 0.0449 0.0944 0.2352 0.3762 0.4137 0.3642 0.1962 0.0852 0.0561
0.0953 0.0470 0.0968 0.2343 0.3691 0.4042 0.3588 0.1972 0.0879 0.0584
0.2310 0.1954 0.2144 0.2068 0.1789 0.1563 0.2057 0.2330 0.2265 0.2091
0.4097 0.4646 0.3653 0.1866 0.0901 0.0617 0.1228 0.2647 0.4157 0.4571
0.4057 0.4584 0.3619 0.1870 0.0914 0.0629 0.1241 0.2640 0.4114 0.4514
0.2119 0.1701 0.1981 0.2096 0.1949 0.1754 0.2194 0.2290 0.2065 0.1848
0.0949 0.0466 0.0964 0.2344 0.3703 0.4058 0.3597 0.1970 0.0875 0.0580
0.0926 0.0448 0.0943 0.2352 0.3763 0.4139 0.3643 0.1962 0.0852 0.0560
0.0934 0.0455 0.0951 0.2349 0.3742 0.4111 0.3627 0.1965 0.0860 0.0567
0.1584 0.1064 0.1524 0.2187 0.2531 0.2486 0.2676 0.2165 0.1513 0.1216
0.3967 0.4442 0.3542 0.1878 0.0943 0.0656 0.1271 0.2626 0.4018 0.4386
0.4192 0.4795 0.3734 0.1857 0.0871 0.0589 0.1197 0.2662 0.4258 0.4706
0.3015 0.2964 0.2737 0.1979 0.1341 0.1058 0.1656 0.2464 0.3007 0.3038
0.1002 0.0509 0.1012 0.2328 0.3571 0.3878 0.3495 0.1990 0.0927 0.0628
0.0927 0.0449 0.0944 0.2351 0.3761 0.4136 0.3641 0.1962 0.0853 0.0561
0.0928 0.0450 0.0945 0.2351 0.3757 0.4131 0.3639 0.1962 0.0854 0.0562
0.1130 0.0617 0.1126 0.2291 0.3286 0.3491 0.3274 0.2033 0.1054 0.0746
0.3594 0.3856 0.3225 0.1916 0.1079 0.0788 0.1407 0.2564 0.3621 0.3854
0.4232 0.4856 0.3768 0.1853 0.0859 0.0578 0.1185 0.2669 0.4300 0.4762
0.3730 0.4070 0.3340 0.1902 0.1027 0.0737 0.1355 0.2587 0.3766 0.4048
0.1219 0.0698 0.1206 0.2268 0.3109 0.3253 0.3136 0.2062 0.1144 0.0833
0.0929 0.0451 0.0947 0.2351 0.3754 0.4127 0.3636 0.1963 0.0855 0.0563
0.0926 0.0448 0.0943 0.2352 0.3763 0.4139 0.3643 0.1962 0.0852 0.0560
0.0974 0.0486 0.0987 0.2336 0.3640 0.3973 0.3549 0.1979 0.0899 0.0602
0.2920 0.2821 0.2657 0.1989 0.1392 0.1113 0.1703 0.2447 0.2906 0.2906
0.4228 0.4850 0.3765 0.1853 0.0860 0.0579 0.1186 0.2668 0.4296 0.4756
0.4105 0.4659 0.3660 0.1865 0.0898 0.0614 0.1225 0.2648 0.4166 0.4582
0.1933 0.1468 0.1824 0.2125 0.2124 0.1969 0.2342 0.2249 0.1872 0.1621
0.0940 0.0459 0.0956 0.2347 0.3726 0.4089 0.3615 0.1967 0.0866 0.0573
0.0925 0.0448 0.0943 0.2352 0.3764 0.4141 0.3644 0.1961 0.0852 0.0560
0.0935 0.0456 0.0952 0.2348 0.3738 0.4105 0.3624 0.1965 0.0861 0.0568
0.1884 0.1408 0.1781 0.2133 0.2175 0.2033 0.2385 0.2238 0.1821 0.1561
0.4130 0.4698 0.3681 0.1862 0.0890 0.0607 0.1217 0.2652 0.4192 0.4618
0.4272 0.4919 0.3803 0.1849 0.0847 0.0567 0.1172 0.2675 0.4343 0.4818
0.3085 0.3070 0.2796 0.1971 0.1305 0.1020 0.1623 0.2476 0.3081 0.3136
0.0989 0.0499 0.1001 0.2332 0.3602 0.3921 0.3519 0.1985 0.0915 0.0616
0.0926 0.0448 0.0943 0.2352 0.3763 0.4139 0.3643 0.1962 0.0852 0.0560
0.0927 0.0449 0.0944 0.2351 0.3760 0.4134 0.3640 0.1962 0.0853 0.0561
0.1158 0.0642 0.1151 0.2284 0.3228 0.3414 0.3229 0.2043 0.1082 0.0773
0.3812 0.4198 0.3410 0.1894 0.0997 0.0708 0.1326 0.2600 0.3853 0.4164
0.4325 0.5001 0.3848 0.1844 0.0831 0.0553 0.1156 0.2684 0.4399 0.4893
0.3923 0.4373 0.3504 0.1883 0.0958 0.0671 0.1286 0.2618 0.3971 0.4323
0.1285 0.0759 0.1264 0.2252 0.2989 0.3092 0.3042 0.2082 0.1210 0.0899
0.0929 0.0451 0.0946 0.2351 0.3754 0.4128 0.3637 0.1963 0.0855 0.0563
0.0925 0.0448 0.0943 0.2352 0.3764 0.4141 0.3644 0.1961 0.0852 0.0560
0.0963 0.0477 0.0977 0.2340 0.3668 0.4010 0.3570 0.1975 0.0888 0.0593
0.2957 0.2877 0.2688 0.1985 0.1372 0.1091 0.1684 0.2453 0.2945 0.2958
0.4288 0.4944 0.3816 0.1848 0.0842 0.0563 0.1167 0.2678 0.4360 0.4841
0.4215 0.4830 0.3754 0.1855 0.0864 0.0583 0.1190 0.2666 0.4282 0.4738
0.2296 0.1934 0.2131 0.2070 0.1801 0.1577 0.2068 0.2327 0.2249 0.2072
0.0943 0.0462 0.0959 0.2346 0.3717 0.4077 0.3608 0.1968 0.0869 0.0576
0.0925 0.0448 0.0943 0.2352 0.3765 0.4142 0.3645 0.1961 0.0851 0.0559
0.0930 0.0452 0.0947 0.2350 0.3752 0.4124 0.3634 0.1963 0.0856 0.0564
0.1644 0.1131 0.1576 0.2176 0.2452 0.2384 0.2612 0.2180 0.1575 0.1283
0.4157 0.4740 0.3704 0.1860 0.0882 0.0599 0.1208 0.2657 0.4221 0.4656
0.4370 0.5071 0.3887 0.1840 0.0818 0.0541 0.1142 0.2691 0.4447 0.4957
0.3687 0.4003 0.3304 0.1906 0.1043 0.0752 0.1371 0.2579 0.3720 0.3987
0.1065 0.0562 0.1069 0.2309 0.3425 0.3680 0.3382 0.2012 0.0990 0.0686
0.0926 0.0449 0.0944 0.2352 0.3762 0.4138 0.3642 0.1962 0.0852 0.0561
0.0925 0.0448 0.0943 0.2352 0.3764 0.4140 0.3644 0.1961 0.0852 0.0560
0.1022 0.0526 0.1031 0.2321 0.3523 0.3813 0.3458 0.1997 0.0947 0.0646
0.3581 0.3837 0.3214 0.1917 0.1084 0.0793 0.1411 0.2562 0.3608 0.3836
0.4365 0.5063 0.3883 0.1840 0.0819 0.0542 0.1143 0.2690 0.4442 0.4949
0.4212 0.4826 0.3752 0.1855 0.0865 0.0583 0.1191 0.2666 0.4280 0.4734
0.1926 0.1459 0.1817 0.2126 0.2132 0.1979 0.2349 0.2247 0.1865 0.1611
0.0934 0.0455 0.0951 0.2349 0.3741 0.4109 0.3626 0.1965 0.0860 0.0568
0.0925 0.0447 0.0942 0.2352 0.3766 0.4143 0.3645 0.1961 0.0851 0.0559
0.0934 0.0455 0.0951 0.2349 0.3742 0.4110 0.3627 0.1965 0.0860 0.0567
0.2132 0.1718 0.1992 0.2094 0.1937 0.1740 0.2184 0.2293 0.2078 0.1864
0.4262 0.4904 0.3794 0.1850 0.0850 0.0570 0.1175 0.2674 0.4333 0.4805
0.4372 0.5074 0.3889 0.1840 0.0817 0.0541 0.1141 0.2692 0.4450 0.4960
0.3482 0.3682 0.3131 0.1927 0.1124 0.0833 0.1451 0.2545 0.3502 0.3696
0.1004 0.0510 0.1014 0.2327 0.3567 0.3873 0.3492 0.1990 0.0929 0.0629
0.0925 0.0448 0.0943 0.2352 0.3765 0.4142 0.3645 0.1961 0.0851 0.0560
0.0925 0.0448 0.0943 0.2352 0.3764 0.4141 0.3644 0.1961 0.0851 0.0560
0.1060 0.0557 0.1064 0.2310 0.3436 0.3695 0.3391 0.2010 0.0985 0.0681
0.3798 0.4177 0.3398 0.1895 0.1002 0.0713 0.1330 0.2598 0.3839 0.4146
0.4397 0.5113 0.3910 0.1837 0.0810 0.0534 0.1134 0.2696 0.4476 0.4995
0.4213 0.4827 0.3752 0.1855 0.0865 0.0583 0.1191 0.2666 0.4280 0.4735
0.1783 0.1289 0.1695 0.2151 0.2285 0.2171 0.2476 0.2214 0.1718 0.1443
0.0931 0.0452 0.0948 0.2350 0.3750 0.4122 0.3633 0.1963 0.0857 0.0565
0.0924 0.0447 0.0942 0.2352 0.3767 0.4144 0.3646 0.1961 0.0851 0.0559
0.0932 0.0454 0.0949 0.2349 0.3745 0.4115 0.3629 0.1964 0.0859 0.0566
0.2260 0.1886 0.2101 0.2075 0.1829 0.1611 0.2092 0.2320 0.2212 0.2027
0.4313 0.4983 0.3838 0.1845 0.0834 0.0556 0.1159 0.2682 0.4387 0.4876
0.4416 0.5142 0.3926 0.1836 0.0805 0.0529 0.1128 0.2699 0.4496 0.5021
0.3703 0.4028 0.3318 0.1905 0.1037 0.0747 0.1365 0.2582 0.3738 0.4010
0.1020 0.0524 0.1029 0.2322 0.3528 0.3820 0.3462 0.1996 0.0945 0.0644
0.0925 0.0448 0.0943 0.2352 0.3765 0.4142 0.3645 0.1961 0.0851 0.0559
0.0925 0.0448 0.0942 0.2352 0.3766 0.4143 0.3645 0.1961 0.0851 0.0559
0.1031 0.0533 0.1038 0.2319 0.3503 0.3785 0.3442 0.2000 0.0956 0.0654
0.3818 0.4208 0.3415 0.1893 0.0995 0.0706 0.1323 0.2601 0.3859 0.4173
0.4431 0.5165 0.3939 0.1834 0.0801 0.0526 0.1124 0.2701 0.4512 0.5042
0.4332 0.5013 0.3855 0.1843 0.0829 0.0551 0.1153 0.2685 0.4407 0.4904
0.2308 0.1950 0.2141 0.2068 0.1792 0.1566 0.2059 0.2329 0.2262 0.2088
0.0934 0.0455 0.0951 0.2349 0.3740 0.4109 0.3626 0.1965 0.0861 0.0568
0.0924 0.0447 0.0942 0.2352 0.3767 0.4145 0.3646 0.1961 0.0851 0.0559
0.0928 0.0450 0.0945 0.2351 0.3758 0.4132 0.3639 0.1962 0.0854 0.0562
0.1798 0.1306 0.1708 0.2148 0.2268 0.2150 0.2462 0.2218 0.1733 0.1460
0.4283 0.4936 0.3812 0.1848 0.0843 0.0564 0.1168 0.2677 0.4355 0.4834
0.4448 0.5191 0.3954 0.1833 0.0796 0.0521 0.1119 0.2704 0.4530 0.5066
0.4066 0.4597 0.3626 0.1869 0.0911 0.0626 0.1238 0.2642 0.4123 0.4526
0.1189 0.0670 0.1179 0.2276 0.3167 0.3331 0.3182 0.2053 0.1113 0.0804
0.0926 0.0448 0.0943 0.2352 0.3764 0.4140 0.3644 0.1962 0.0852 0.0560
0.0924 0.0447 0.0942 0.2352 0.3767 0.4145 0.3646 0.1961 0.0850 0.0559
0.0952 0.0469 0.0967 0.2343 0.3695 0.4046 0.3590 0.1971 0.0878 0.0583
0.3367 0.3503 0.3034 0.1939 0.1173 0.0882 0.1498 0.2525 0.3380 0.3533
0.4436 0.5173 0.3944 0.1834 0.0799 0.0524 0.1122 0.2702 0.4518 0.5049
0.4442 0.5181 0.3949 0.1833 0.0798 0.0523 0.1121 0.2703 0.4524 0.5057
0.3491 0.3696 0.3138 0.1926 0.1121 0.0829 0.1447 0.2547 0.3512 0.3709
0.0966 0.0480 0.0979 0.2339 0.3661 0.4000 0.3564 0.1977 0.0891 0.0595
0.0924 0.0447 0.0942 0.2352 0.3767 0.4145 0.3646 0.1961 0.0851 0.0559
0.0924 0.0447 0.0942 0.2352 0.3766 0.4143 0.3645 0.1961 0.0851 0.0559
0.1103 0.0594 0.1103 0.2298 0.3341 0.3567 0.3317 0.2025 0.1028 0.0721
0.4065 0.4596 0.3626 0.1869 0.0911 0.0626 0.1238 0.2642 0.4123 0.4525
0.4472 0.5228 0.3975 0.1830 0.0789 0.0516 0.1112 0.2708 0.4556 0.5099
0.4390 0.5101 0.3904 0.1838 0.0812 0.0536 0.1136 0.2695 0.4468 0.4984
0.2573 0.2317 0.2365 0.2032 0.1601 0.1345 0.1892 0.2382 0.2540 0.2436
0.0933 0.0454 0.0950 0.2350 0.3744 0.4114 0.3629 0.1964 0.0859 0.0566
0.0924 0.0447 0.0942 0.2352 0.3768 0.4146 0.3647 0.1961 0.0850 0.0559
0.0925 0.0448 0.0943 0.2352 0.3763 0.4140 0.3643 0.1961 0.0852 0.0560
0.1651 0.1138 0.1582 0.2174 0.2443 0.2373 0.2605 0.2182 0.1582 0.1291
0.4329 0.5008 0.3852 0.1844 0.0830 0.0552 0.1154 0.2685 0.4404 0.4899
0.4501 0.5272 0.4000 0.1828 0.0781 0.0509 0.1103 0.2712 0.4586 0.5139
0.4357 0.5051 0.3876 0.1841 0.0822 0.0545 0.1146 0.2689 0.4433 0.4938
0.1913 0.1444 0.1806 0.2128 0.2145 0.1995 0.2360 0.2244 0.1851 0.1596
0.0927 0.0449 0.0945 0.2351 0.3760 0.4134 0.3641 0.1962 0.0853 0.0561
0.0924 0.0447 0.0942 0.2352 0.3768 0.4146 0.3647 0.1961 0.0850 0.0559
0.0927 0.0449 0.0945 0.2351 0.3759 0.4134 0.3640 0.1962 0.0853 0.0561
0.2331 0.1982 0.2161 0.2065 0.1773 0.1544 0.2043 0.2334 0.2287 0.2118
0.4423 0.5152 0.3932 0.1835 0.0803 0.0528 0.1126 0.2700 0.4504 0.5031
0.4526 0.5310 0.4021 0.1825 0.0774 0.0503 0.1096 0.2716 0.4613 0.5174
0.4392 0.5105 0.3906 0.1838 0.0812 0.0536 0.1135 0.2695 0.4471 0.4987
0.1849 0.1367 0.1752 0.2139 0.2212 0.2079 0.2415 0.2230 0.1786 0.1520
0.0926 0.0448 0.0943 0.2352 0.3763 0.4139 0.3643 0.1962 0.0852 0.0560
0.0924 0.0447 0.0942 0.2352 0.3768 0.4146 0.3647 0.1961 0.0850 0.0558
0.0927 0.0449 0.0944 0.2351 0.3760 0.4135 0.3641 0.1962 0.0853 0.0561
0.2523 0.2246 0.2323 0.2039 0.1634 0.1383 0.1921 0.2372 0.2487 0.2369
0.4449 0.5192 0.3955 0.1833 0.0796 0.0521 0.1118 0.2704 0.4531 0.5067
0.4541 0.5334 0.4034 0.1824 0.0770 0.0499 0.1091 0.2719 0.4629 0.5196
0.4474 0.5232 0.3977 0.1830 0.0788 0.0515 0.1111 0.2708 0.4558 0.5103
0.2760 0.2586 0.2523 0.2009 0.1483 0.1213 0.1786 0.2417 0.2738 0.2688
0.0928 0.0450 0.0945 0.2351 0.3757 0.4131 0.3639 0.1962 0.0854 0.0562
0.0924 0.0447 0.0941 0.2352 0.3768 0.4147 0.3647 0.1961 0.0850 0.0558
0.0924 0.0447 0.0942 0.2352 0.3766 0.4144 0.3646 0.1961 0.0851 0.0559
0.1759 0.1261 0.1674 0.2155 0.2313 0.2206 0.2499 0.2208 0.1692 0.1414
0.4423 0.5152 0.3932 0.1835 0.0803 0.0528 0.1126 0.2700 0.4504 0.5030
0.4553 0.5352 0.4045 0.1823 0.0767 0.0496 0.1088 0.2721 0.4642 0.5213
0.4553 0.5352 0.4045 0.1823 0.0767 0.0496 0.1088 0.2721 0.4642 0.5212
0.4342 0.5028 0.3863 0.1843 0.0826 0.0548 0.1151 0.2687 0.4418 0.4917
0.1127 0.0615 0.1124 0.2292 0.3293 0.3501 0.3279 0.2033 0.1051 0.0744
0.0924 0.0447 0.0942 0.2353 0.3768 0.4146 0.3647 0.1961 0.0850 0.0559
0.0924 0.0447 0.0941 0.2352 0.3768 0.4147 0.3647 0.1961 0.0850 0.0558
0.0933 0.0454 0.0950 0.2349 0.3743 0.4112 0.3628 0.1964 0.0859 0.0567
0.3850 0.4259 0.3443 0.1890 0.0983 0.0695 0.1312 0.2606 0.3894 0.4220
0.4546 0.5341 0.4039 0.1824 0.0769 0.0498 0.1090 0.2720 0.4635 0.5203
0.4582 0.5396 0.4070 0.1820 0.0759 0.0489 0.1080 0.2725 0.4672 0.5252
0.4592 0.5411 0.4078 0.1819 0.0757 0.0487 0.1077 0.2727 0.4683 0.5266
0.4592 0.5412 0.4079 0.1819 0.0756 0.0487 0.1077 0.2727 0.4684 0.5267
0.4534 0.5322 0.4028 0.1825 0.0772 0.0501 0.1094 0.2718 0.4621 0.5185
0.3085 0.3070 0.2796 0.1971 0.1305 0.1020 0.1623 0.2476 0.3081 0.3136
0.0994 0.0502 0.1005 0.2330 0.3591 0.3905 0.3510 0.1987 0.0919 0.0621
0.0936 0.0456 0.0952 0.2348 0.3737 0.4103 0.3623 0.1965 0.0862 0.0569
0.1034 0.0535 0.1041 0.2318 0.3496 0.3777 0.3437 0.2001 0.0959 0.0657
0.2720 0.2528 0.2489 0.2014 0.1507 0.1239 0.1808 0.2410 0.2695 0.2633
0.3486 0.3688 0.3134 0.1927 0.1123 0.0831 0.1449 0.2546 0.3506 0.3701
0.2330 0.1980 0.2160 0.2065 0.1774 0.1546 0.2044 0.2334 0.2285 0.2116
0.1125 0.0613 0.1122 0.2293 0.3297 0.3506 0.3283 0.2032 0.1049 0.0742
0.0970 0.0483 0.0984 0.2337 0.3649 0.3984 0.3555 0.1978 0.0896 0.0599
0.1001 0.0508 0.1011 0.2328 0.3573 0.3881 0.3497 0.1989 0.0926 0.0627
0.1482 0.0956 0.1435 0.2208 0.2673 0.2672 0.2791 0.2138 0.1409 0.1104
0.2832 0.2691 0.2583 0.2000 0.1441 0.1166 0.1748 0.2431 0.2813 0.2786
0.3052 0.3020 0.2768 0.1974 0.1322 0.1038 0.1638 0.2470 0.3046 0.3090
0.1885 0.1410 0.1783 0.2133 0.2174 0.2031 0.2384 0.2238 0.1823 0.1563
0.1076 0.0570 0.1078 0.2306 0.3402 0.3648 0.3364 0.2015 0.1000 0.0695
0.0972 0.0485 0.0985 0.2337 0.3645 0.3978 0.3552 0.1979 0.0898 0.0601
0.1020 0.0524 0.1029 0.2322 0.3528 0.3820 0.3462 0.1996 0.0945 0.0644
0.1560 0.1039 0.1503 0.2192 0.2562 0.2528 0.2702 0.2158 0.1489 0.1190
0.2819 0.2672 0.2572 0.2001 0.1448 0.1174 0.1754 0.2428 0.2800 0.2768
0.2920 0.2821 0.2657 0.1990 0.1392 0.1113 0.1703 0.2447 0.2906 0.2906
0.1721 0.1217 0.1642 0.2162 0.2357 0.2263 0.2535 0.2199 0.1654 0.1371
0.1047 0.0546 0.1053 0.2314 0.3466 0.3736 0.3414 0.2006 0.0972 0.0669
0.0967 0.0480 0.0980 0.2339 0.3658 0.3997 0.3562 0.1977 0.0892 0.0596
0.1022 0.0525 0.1030 0.2322 0.3524 0.3815 0.3459 0.1997 0.0947 0.0646
0.1600 0.1083 0.1538 0.2184 0.2508 0.2457 0.2658 0.2169 0.1530 0.1234
0.2885 0.2770 0.2628 0.1994 0.1411 0.1133 0.1720 0.2440 0.2869 0.2859
0.2953 0.2870 0.2684 0.1986 0.1374 0.1094 0.1687 0.2453 0.2940 0.2952
0.1684 0.1175 0.1610 0.2169 0.2402 0.2320 0.2572 0.2190 0.1615 0.1328
0.1026 0.0529 0.1034 0.2321 0.3515 0.3802 0.3452 0.1998 0.0951 0.0649
0.0958 0.0473 0.0972 0.2341 0.3681 0.4027 0.3580 0.1973 0.0883 0.0588
0.1011 0.0516 0.1020 0.2325 0.3550 0.3850 0.3479 0.1993 0.0936 0.0636
0.1629 0.1114 0.1563 0.2179 0.2472 0.2410 0.2628 0.2176 0.1559 0.1266
0.3016 0.2966 0.2738 0.1978 0.1341 0.1058 0.1655 0.2464 0.3008 0.3040
0.3055 0.3025 0.2771 0.1974 0.1320 0.1036 0.1637 0.2471 0.3049 0.3094
0.1673 0.1163 0.1601 0.2171 0.2416 0.2338 0.2583 0.2187 0.1604 0.1316
0.1015 0.0519 0.1024 0.2324 0.3541 0.3838 0.3472 0.1994 0.0940 0.0639
0.0955 0.0471 0.0970 0.2342 0.3688 0.4037 0.3585 0.1972 0.0881 0.0586
0.1015 0.0520 0.1024 0.2324 0.3539 0.3835 0.3470 0.1994 0.0941 0.0640
0.1714 0.1210 0.1636 0.2163 0.2365 0.2273 0.2542 0.2197 0.1647 0.1363
0.3089 0.3076 0.2799 0.1970 0.1303 0.1018 0.1621 0.2477 0.3085 0.3141
0.3032 0.2989 0.2751 0.1977 0.1332 0.1049 0.1648 0.2467 0.3024 0.3062
0.1612 0.1096 0.1548 0.2182 0.2493 0.2437 0.2646 0.2172 0.1542 0.1248
0.1001 0.0508 0.1012 0.2328 0.3573 0.3881 0.3496 0.1989 0.0927 0.0627
0.0951 0.0468 0.0967 0.2343 0.3696 0.4048 0.3592 0.1971 0.0877 0.0583
0.1015 0.0520 0.1024 0.2324 0.3540 0.3837 0.3471 0.1994 0.0940 0.0639
0.1799 0.1308 0.1709 0.2148 0.2266 0.2148 0.2460 0.2218 0.1734 0.1462
0.3252 0.3325 0.2936 0.1952 0.1225 0.0936 0.1547 0.2505 0.3257 0.3370
0.3201 0.3246 0.2893 0.1958 0.1249 0.0961 0.1570 0.2497 0.3203 0.3298
0.1678 0.1169 0.1605 0.2170 0.2409 0.2330 0.2578 0.2189 0.1609 0.1322
0.0998 0.0506 0.1009 0.2329 0.3580 0.3891 0.3502 0.1988 0.0924 0.0624
0.0948 0.0466 0.0963 0.2344 0.3705 0.4061 0.3599 0.1970 0.0874 0.0580
0.1003 0.0510 0.1013 0.2327 0.3569 0.3875 0.3493 0.1990 0.0928 0.0629
0.1747 0.1247 0.1664 0.2157 0.2327 0.2224 0.2510 0.2205 0.1680 0.1400
0.3212 0.3264 0.2903 0.1956 0.1244 0.0955 0.1565 0.2499 0.3216 0.3314
0.3162 0.3188 0.2861 0.1962 0.1267 0.0980 0.1587 0.2490 0.3163 0.3244
0.1635 0.1121 0.1568 0.2178 0.2463 0.2399 0.2621 0.2178 0.1566 0.1273
0.0987 0.0497 0.0999 0.2332 0.3607 0.3927 0.3523 0.1984 0.0913 0.0615
0.0943 0.0462 0.0959 0.2346 0.3718 0.4078 0.3608 0.1968 0.0869 0.0575
0.0994 0.0502 0.1005 0.2330 0.3591 0.3906 0.3511 0.1987 0.0919 0.0620
0.1782 0.1288 0.1694 0.2151 0.2286 0.2173 0.2477 0.2214 0.1716 0.1441
0.3366 0.3501 0.3033 0.1939 0.1174 0.0883 0.1498 0.2525 0.3379 0.3531
0.3320 0.3431 0.2994 0.1944 0.1194 0.0904 0.1518 0.2517 0.3330 0.3466
0.1709 0.1204 0.1632 0.2164 0.2372 0.2281 0.2547 0.2196 0.1641 0.1357
0.0990 0.0499 0.1002 0.2331 0.3600 0.3917 0.3517 0.1985 0.0916 0.0617
0.0942 0.0461 0.0959 0.2346 0.3719 0.4080 0.3609 0.1968 0.0869 0.0575
0.0992 0.0501 0.1003 0.2331 0.3596 0.3913 0.3515 0.1986 0.0917 0.0618
0.1798 0.1307 0.1708 0.2148 0.2268 0.2150 0.2462 0.2218 0.1733 0.1460
0.3399 0.3553 0.3061 0.1936 0.1159 0.0868 0.1484 0.2531 0.3414 0.3578
0.3348 0.3474 0.3018 0.1941 0.1181 0.0891 0.1506 0.2522 0.3360 0.3506
0.1686 0.1178 0.1612 0.2168 0.2399 0.2317 0.2570 0.2191 0.1618 0.1331
0.0981 0.0492 0.0993 0.2334 0.3623 0.3949 0.3535 0.1982 0.0906 0.0609
0.0938 0.0458 0.0955 0.2348 0.3730 0.4095 0.3618 0.1966 0.0864 0.0571
0.0977 0.0488 0.0989 0.2335 0.3633 0.3963 0.3543 0.1980 0.0902 0.0605
0.1718 0.1215 0.1640 0.2162 0.2360 0.2267 0.2537 0.2198 0.1651 0.1368
0.3440 0.3616 0.3095 0.1932 0.1142 0.0851 0.1468 0.2538 0.3458 0.3636
0.3467 0.3659 0.3118 0.1929 0.1131 0.0839 0.1457 0.2542 0.3487 0.3675
0.1816 0.1328 0.1724 0.2145 0.2248 0.2124 0.2445 0.2222 0.1751 0.1481
0.0984 0.0495 0.0996 0.2333 0.3614 0.3937 0.3528 0.1983 0.0910 0.0612
0.0936 0.0457 0.0953 0.2348 0.3735 0.4101 0.3621 0.1966 0.0863 0.0570
0.0966 0.0480 0.0980 0.2339 0.3659 0.3999 0.3563 0.1977 0.0892 0.0596
0.1658 0.1146 0.1588 0.2173 0.2434 0.2362 0.2598 0.2183 0.1589 0.1299
0.3515 0.3732 0.3158 0.1924 0.1111 0.0820 0.1438 0.2550 0.3537 0.3742
0.3630 0.3913 0.3256 0.1912 0.1065 0.0774 0.1393 0.2570 0.3660 0.3906
0.1971 0.1515 0.1856 0.2119 0.2086 0.1923 0.2311 0.2258 0.1912 0.1666
0.0990 0.0499 0.1001 0.2331 0.3600 0.3918 0.3518 0.1985 0.0915 0.0617
0.0936 0.0456 0.0952 0.2348 0.3737 0.4104 0.3623 0.1965 0.0862 0.0569
0.0959 0.0475 0.0974 0.2341 0.3676 0.4021 0.3576 0.1974 0.0885 0.0590
0.1592 0.1074 0.1531 0.2186 0.2519 0.2472 0.2667 0.2167 0.1521 0.1225
0.3536 0.3766 0.3176 0.1922 0.1102 0.0811 0.1429 0.2554 0.3559 0.3772
0.3748 0.4099 0.3356 0.1900 0.1020 0.0730 0.1349 0.2590 0.3785 0.4074
0.2219 0.1832 0.2067 0.2081 0.1862 0.1650 0.2120 0.2311 0.2170 0.1975
0.1006 0.0512 0.1016 0.2327 0.3562 0.3865 0.3488 0.1991 0.0931 0.0631
0.0935 0.0455 0.0952 0.2349 0.3739 0.4107 0.3625 0.1965 0.0861 0.0568
0.0951 0.0468 0.0966 0.2343 0.3697 0.4049 0.3592 0.1971 0.0877 0.0582
0.1476 0.0950 0.1431 0.2209 0.2681 0.2683 0.2797 0.2136 0.1403 0.1098
0.3519 0.3739 0.3161 0.1923 0.1109 0.0818 0.1436 0.2551 0.3541 0.3747
0.3836 0.4236 0.3430 0.1891 0.0989 0.0700 0.1317 0.2604 0.3878 0.4199
0.2456 0.2152 0.2266 0.2048 0.1681 0.1437 0.1963 0.2359 0.2417 0.2281
0.1022 0.0526 0.1031 0.2322 0.3523 0.3813 0.3458 0.1997 0.0947 0.0646
0.0934 0.0455 0.0951 0.2349 0.3742 0.4110 0.3627 0.1965 0.0860 0.0567
0.0943 0.0462 0.0959 0.2346 0.3718 0.4078 0.3608 0.1968 0.0869 0.0575
0.1334 0.0807 0.1307 0.2240 0.2904 0.2978 0.2974 0.2096 0.1260 0.0949
0.3434 0.3607 0.3090 0.1932 0.1145 0.0853 0.1470 0.2537 0.3451 0.3627
0.3877 0.4300 0.3465 0.1887 0.0974 0.0686 0.1303 0.2611 0.3922 0.4257
0.2634 0.2404 0.2417 0.2024 0.1561 0.1300 0.1856 0.2394 0.2605 0.2518
0.1040 0.0541 0.1047 0.2316 0.3481 0.3756 0.3426 0.2003 0.0965 0.0663
0.0933 0.0454 0.0950 0.2349 0.3743 0.4111 0.3627 0.1965 0.0860 0.0567
0.0938 0.0458 0.0954 0.2348 0.3731 0.4096 0.3619 0.1966 0.0864 0.0571
0.1211 0.0690 0.1198 0.2270 0.3124 0.3274 0.3148 0.2059 0.1136 0.0825
0.3289 0.3382 0.2968 0.1948 0.1208 0.0918 0.1531 0.2512 0.3297 0.3422
0.3949 0.4414 0.3527 0.1880 0.0949 0.0662 0.1277 0.2623 0.3999 0.4361
0.3037 0.2997 0.2755 0.1976 0.1330 0.1046 0.1646 0.2468 0.3030 0.3069
0.1108 0.0599 0.1107 0.2297 0.3331 0.3553 0.3309 0.2026 0.1033 0.0726
0.0935 0.0456 0.0952 0.2349 0.3739 0.4106 0.3625 0.1965 0.0861 0.0568
0.0934 0.0455 0.0951 0.2349 0.3740 0.4108 0.3626 0.1965 0.0861 0.0568
0.1124 0.0613 0.1122 0.2293 0.3297 0.3507 0.3283 0.2032 0.1049 0.0741
0.3193 0.3234 0.2887 0.1958 0.1253 0.0965 0.1573 0.2495 0.3195 0.3287
0.4021 0.4527 0.3588 0.1873 0.0925 0.0640 0.1253 0.2634 0.4076 0.4463
0.3365 0.3500 0.3032 0.1940 0.1174 0.0883 0.1499 0.2525 0.3378 0.3530
0.1208 0.0688 0.1196 0.2271 0.3130 0.3282 0.3153 0.2059 0.1133 0.0822
0.0936 0.0457 0.0953 0.2348 0.3735 0.4102 0.3622 0.1966 0.0862 0.0569
0.0931 0.0452 0.0948 0.2350 0.3749 0.4120 0.3632 0.1964 0.0857 0.0565
0.1039 0.0539 0.1045 0.2317 0.3485 0.3761 0.3428 0.2003 0.0964 0.0661
0.2948 0.2863 0.2680 0.1986 0.1377 0.1096 0.1689 0.2452 0.2935 0.2945
0.4064 0.4594 0.3624 0.1869 0.0911 0.0627 0.1239 0.2641 0.4121 0.4524
0.3682 0.3995 0.3300 0.1907 0.1045 0.0754 0.1373 0.2579 0.3715 0.3980
0.1422 0.0895 0.1384 0.2221 0.2762 0.2790 0.2862 0.2122 0.1349 0.1041
0.0941 0.0461 0.0958 0.2347 0.3722 0.4084 0.3612 0.1968 0.0868 0.0574
0.0929 0.0451 0.0947 0.2350 0.3753 0.4126 0.3636 0.1963 0.0856 0.0563
0.0984 0.0494 0.0996 0.2333 0.3614 0.3937 0.3529 0.1983 0.0910 0.0612
0.2498 0.2211 0.2302 0.2042 0.1651 0.1403 0.1937 0.2367 0.2461 0.2336
0.4027 0.4536 0.3593 0.1872 0.0923 0.0638 0.1251 0.2635 0.4082 0.4471
0.3862 0.4278 0.3453 0.1889 0.0979 0.0691 0.1308 0.2608 0.3907 0.4237
0.1747 0.1247 0.1664 0.2157 0.2327 0.2224 0.2510 0.2205 0.1680 0.1400
0.0950 0.0468 0.0966 0.2344 0.3699 0.4053 0.3594 0.1971 0.0876 0.0582
0.0929 0.0451 0.0946 0.2351 0.3755 0.4128 0.3637 0.1963 0.0855 0.0563
0.0957 0.0473 0.0971 0.2342 0.3683 0.4030 0.3581 0.1973 0.0882 0.0587
0.2034 0.1593 0.1909 0.2109 0.2026 0.1848 0.2260 0.2271 0.1977 0.1743
0.3929 0.4383 0.3510 0.1882 0.0956 0.0669 0.1284 0.2619 0.3978 0.4332
0.3973 0.4452 0.3547 0.1878 0.0941 0.0654 0.1269 0.2627 0.4025 0.4395
0.2234 0.1852 0.2079 0.2079 0.1850 0.1636 0.2110 0.2314 0.2185 0.1994
0.0969 0.0483 0.0983 0.2338 0.3651 0.3988 0.3557 0.1978 0.0895 0.0598
0.0928 0.0450 0.0946 0.2351 0.3756 0.4130 0.3638 0.1963 0.0855 0.0562
0.0940 0.0459 0.0956 0.2347 0.3726 0.4088 0.3614 0.1967 0.0866 0.0573
0.1597 0.1079 0.1535 0.2185 0.2513 0.2464 0.2662 0.2168 0.1526 0.1230
0.3890 0.4322 0.3477 0.1886 0.0969 0.0681 0.1298 0.2613 0.3937 0.4277
0.4143 0.4717 0.3692 0.1861 0.0886 0.0603 0.1213 0.2654 0.4205 0.4636
0.2913 0.2811 0.2651 0.1990 0.1396 0.1117 0.1706 0.2445 0.2898 0.2897
0.1016 0.0520 0.1024 0.2324 0.3539 0.3835 0.3470 0.1995 0.0941 0.0640
0.0929 0.0451 0.0946 0.2351 0.3755 0.4128 0.3637 0.1963 0.0855 0.0563
0.0932 0.0453 0.0949 0.2349 0.3746 0.4116 0.3630 0.1964 0.0858 0.0566
0.1242 0.0719 0.1226 0.2262 0.3066 0.3195 0.3102 0.2069 0.1167 0.0856
0.3652 0.3948 0.3274 0.1910 0.1056 0.0766 0.1384 0.2574 0.3683 0.3937
0.4167 0.4756 0.3713 0.1859 0.0879 0.0596 0.1205 0.2658 0.4232 0.4670
0.3428 0.3598 0.3085 0.1933 0.1147 0.0856 0.1473 0.2536 0.3445 0.3619
0.1129 0.0617 0.1126 0.2291 0.3288 0.3494 0.3275 0.2033 0.1054 0.0746
0.0930 0.0452 0.0948 0.2350 0.3751 0.4123 0.3634 0.1963 0.0857 0.0564
0.0928 0.0450 0.0946 0.2351 0.3756 0.4130 0.3638 0.1962 0.0854 0.0562
0.1043 0.0543 0.1049 0.2315 0.3474 0.3747 0.3420 0.2004 0.0968 0.0665
0.3264 0.3343 0.2946 0.1950 0.1220 0.0930 0.1542 0.2507 0.3270 0.3386
0.4208 0.4820 0.3748 0.1855 0.0866 0.0585 0.1192 0.2665 0.4275 0.4728
0.3850 0.4258 0.3442 0.1890 0.0984 0.0695 0.1312 0.2606 0.3893 0.4219
0.1429 0.0902 0.1390 0.2219 0.2752 0.2777 0.2854 0.2123 0.1355 0.1048
0.0935 0.0456 0.0952 0.2349 0.3738 0.4105 0.3624 0.1965 0.0861 0.0568
0.0927 0.0449 0.0944 0.2351 0.3760 0.4135 0.3641 0.1962 0.0853 0.0561
0.0967 0.0481 0.0980 0.2338 0.3658 0.3996 0.3562 0.1977 0.0892 0.0596
0.2621 0.2385 0.2406 0.2026 0.1569 0.1309 0.1863 0.2391 0.2591 0.2500
0.4175 0.4767 0.3719 0.1858 0.0876 0.0594 0.1203 0.2660 0.4239 0.4681
0.4108 0.4663 0.3662 0.1865 0.0897 0.0613 0.1224 0.2649 0.4168 0.4586
0.2141 0.1730 0.2000 0.2092 0.1929 0.1730 0.2177 0.2295 0.2088 0.1876
0.0950 0.0468 0.0966 0.2344 0.3699 0.4052 0.3594 0.1971 0.0876 0.0582
0.0926 0.0449 0.0944 0.2352 0.3761 0.4137 0.3642 0.1962 0.0853 0.0561
0.0937 0.0457 0.0954 0.2348 0.3733 0.4098 0.3620 0.1966 0.0863 0.0570
0.1763 0.1266 0.1678 0.2154 0.2307 0.2199 0.2494 0.2209 0.1697 0.1420
0.4040 0.4557 0.3604 0.1871 0.0919 0.0634 0.1247 0.2638 0.4096 0.4490
0.4219 0.4837 0.3757 0.1854 0.0863 0.0582 0.1189 0.2667 0.4287 0.4744
0.3027 0.2982 0.2747 0.1977 0.1335 0.1052 0.1650 0.2466 0.3019 0.3055
0.1001 0.0508 0.1011 0.2328 0.3574 0.3882 0.3497 0.1989 0.0926 0.0627
0.0927 0.0449 0.0944 0.2351 0.3760 0.4135 0.3641 0.1962 0.0853 0.0561
0.0929 0.0451 0.0946 0.2351 0.3754 0.4127 0.3636 0.1963 0.0855 0.0563
0.1217 0.0695 0.1203 0.2268 0.3114 0.3259 0.3140 0.2061 0.1141 0.0831
0.3808 0.4192 0.3406 0.1894 0.0999 0.0709 0.1327 0.2599 0.3849 0.4159
0.4289 0.4946 0.3818 0.1847 0.0841 0.0562 0.1167 0.2678 0.4362 0.4843
0.3736 0.4079 0.3345 0.1901 0.1025 0.0735 0.1353 0.2588 0.3772 0.4057
0.1185 0.0667 0.1176 0.2277 0.3175 0.3341 0.3187 0.2051 0.1110 0.0800
0.0929 0.0451 0.0947 0.2351 0.3754 0.4127 0.3636 0.1963 0.0855 0.0563
0.0926 0.0449 0.0944 0.2351 0.3762 0.4137 0.3642 0.1962 0.0853 0.0561
0.0995 0.0503 0.1006 0.2330 0.3588 0.3901 0.3508 0.1987 0.0920 0.0622
0.3175 0.3208 0.2872 0.1960 0.1261 0.0973 0.1581 0.2492 0.3177 0.3262
0.4272 0.4919 0.3803 0.1849 0.0847 0.0567 0.1172 0.2675 0.4343 0.4818
0.4107 0.4662 0.3662 0.1865 0.0897 0.0614 0.1225 0.2649 0.4168 0.4585
0.1829 0.1344 0.1735 0.2143 0.2233 0.2106 0.2433 0.2225 0.1765 0.1497
0.0938 0.0458 0.0955 0.2348 0.3731 0.4095 0.3618 0.1966 0.0864 0.0571
0.0925 0.0448 0.0943 0.2352 0.3764 0.4140 0.3644 0.1961 0.0852 0.0560
0.0940 0.0459 0.0956 0.2347 0.3726 0.4090 0.3615 0.1967 0.0866 0.0572
0.2125 0.1709 0.1987 0.2095 0.1943 0.1747 0.2189 0.2291 0.2071 0.1856
0.4183 0.4781 0.3727 0.1857 0.0874 0.0592 0.1200 0.2661 0.4249 0.4693
0.4276 0.4924 0.3806 0.1849 0.0846 0.0566 0.1171 0.2676 0.4347 0.4823
0.2996 0.2936 0.2721 0.1981 0.1351 0.1069 0.1665 0.2460 0.2987 0.3012
0.0979 0.0490 0.0991 0.2335 0.3628 0.3956 0.3539 0.1981 0.0904 0.0607
0.0926 0.0448 0.0943 0.2352 0.3763 0.4139 0.3643 0.1962 0.0852 0.0560
0.0928 0.0450 0.0945 0.2351 0.3757 0.4131 0.3639 0.1962 0.0854 0.0562
0.1255 0.0731 0.1237 0.2259 0.3043 0.3164 0.3084 0.2073 0.1179 0.0868
0.3942 0.4403 0.3521 0.1881 0.0952 0.0664 0.1280 0.2622 0.3992 0.4350
0.4345 0.5033 0.3866 0.1842 0.0825 0.0548 0.1149 0.2687 0.4421 0.4922
0.3852 0.4262 0.3444 0.1890 0.0983 0.0694 0.1311 0.2607 0.3896 0.4223
0.1210 0.0690 0.1198 0.2270 0.3126 0.3275 0.3149 0.2059 0.1135 0.0825
0.0928 0.0450 0.0946 0.2351 0.3756 0.4130 0.3638 0.1963 0.0855 0.0562
0.0925 0.0448 0.0943 0.2352 0.3764 0.4140 0.3644 0.1961 0.0852 0.0560
0.0979 0.0490 0.0992 0.2335 0.3627 0.3954 0.3538 0.1981 0.0905 0.0607
0.3211 0.3262 0.2902 0.1956 0.1244 0.0956 0.1565 0.2498 0.3214 0.3312
0.4329 0.5007 0.3851 0.1844 0.0830 0.0552 0.1155 0.2685 0.4403 0.4898
0.4238 0.4865 0.3773 0.1852 0.0857 0.0576 0.1183 0.2670 0.4306 0.4770
0.2239 0.1859 0.2084 0.2078 0.1846 0.1631 0.2106 0.2315 0.2191 0.2000
0.0943 0.0461 0.0959 0.2346 0.3719 0.4080 0.3609 0.1968 0.0869 0.0575
0.0925 0.0448 0.0943 0.2352 0.3765 0.4142 0.3644 0.1961 0.0851 0.0560
0.0933 0.0454 0.0950 0.2349 0.3744 0.4114 0.3629 0.1964 0.0859 0.0566
0.1870 0.1391 0.1769 0.2135 0.2190 0.2051 0.2397 0.2234 0.1807 0.1544
0.4209 0.4821 0.3749 0.1855 0.0866 0.0584 0.1192 0.2665 0.4276 0.4729
0.4356 0.5049 0.3875 0.1841 0.0822 0.0545 0.1146 0.2689 0.4432 0.4936
0.3533 0.3761 0.3174 0.1922 0.1104 0.0812 0.1430 0.2554 0.3556 0.3768
0.1029 0.0531 0.1036 0.2320 0.3508 0.3793 0.3447 0.1999 0.0954 0.0652
0.0926 0.0448 0.0943 0.2352 0.3763 0.4139 0.3643 0.1962 0.0852 0.0560
0.0926 0.0448 0.0943 0.2352 0.3763 0.4139 0.3643 0.1962 0.0852 0.0560
0.1070 0.0566 0.1073 0.2308 0.3414 0.3665 0.3373 0.2013 0.0995 0.0690
0.3775 0.4140 0.3378 0.1897 0.1011 0.0721 0.1339 0.2594 0.3814 0.4112
0.4390 0.5101 0.3904 0.1838 0.0812 0.0536 0.1136 0.2694 0.4468 0.4984
0.4196 0.4801 0.3738 0.1856 0.0870 0.0588 0.1196 0.2663 0.4262 0.4711
0.1722 0.1219 0.1643 0.2162 0.2356 0.2261 0.2534 0.2200 0.1655 0.1372
0.0932 0.0453 0.0949 0.2350 0.3746 0.4116 0.3630 0.1964 0.0858 0.0566
0.0925 0.0448 0.0942 0.2352 0.3766 0.4143 0.3645 0.1961 0.0851 0.0559
0.0939 0.0459 0.0956 0.2347 0.3727 0.4090 0.3615 0.1967 0.0865 0.0572
0.2508 0.2225 0.2310 0.2041 0.1644 0.1395 0.1930 0.2369 0.2472 0.2349
0.4327 0.5004 0.3850 0.1844 0.0830 0.0552 0.1155 0.2684 0.4402 0.4896
0.4385 0.5094 0.3900 0.1839 0.0814 0.0537 0.1137 0.2694 0.4463 0.4978
0.3402 0.3558 0.3063 0.1936 0.1158 0.0867 0.1483 0.2531 0.3418 0.3583
0.0988 0.0498 0.1000 0.2332 0.3605 0.3924 0.3521 0.1985 0.0914 0.0615
0.0925 0.0448 0.0943 0.2352 0.3765 0.4141 0.3644 0.1961 0.0851 0.0560
0.0926 0.0448 0.0943 0.2352 0.3763 0.4139 0.3643 0.1962 0.0852 0.0560
0.1154 0.0639 0.1148 0.2285 0.3236 0.3424 0.3235 0.2041 0.1079 0.0770
0.3975 0.4455 0.3549 0.1877 0.0940 0.0654 0.1268 0.2627 0.4027 0.4398
0.4418 0.5145 0.3928 0.1835 0.0804 0.0529 0.1128 0.2699 0.4498 0.5024
0.4198 0.4804 0.3739 0.1856 0.0869 0.0588 0.1195 0.2663 0.4264 0.4714
0.1624 0.1108 0.1558 0.2180 0.2478 0.2418 0.2634 0.2175 0.1554 0.1260
0.0930 0.0451 0.0947 0.2350 0.3752 0.4125 0.3635 0.1963 0.0856 0.0564
0.0924 0.0447 0.0942 0.2352 0.3766 0.4144 0.3646 0.1961 0.0851 0.0559
0.0939 0.0459 0.0956 0.2347 0.3728 0.4091 0.3616 0.1967 0.0865 0.0572
0.2689 0.2482 0.2463 0.2017 0.1526 0.1261 0.1825 0.2404 0.2662 0.2591
0.4363 0.5059 0.3880 0.1841 0.0820 0.0543 0.1144 0.2690 0.4439 0.4946
0.4418 0.5145 0.3929 0.1835 0.0804 0.0529 0.1127 0.2699 0.4499 0.5024
0.3560 0.3804 0.3197 0.1919 0.1093 0.0801 0.1420 0.2558 0.3585 0.3807
0.0994 0.0502 0.1005 0.2330 0.3591 0.3906 0.3511 0.1987 0.0919 0.0620
0.0925 0.0448 0.0943 0.2352 0.3765 0.4142 0.3645 0.1961 0.0851 0.0559
0.0925 0.0448 0.0943 0.2352 0.3764 0.4141 0.3644 0.1961 0.0852 0.0560
0.1116 0.0605 0.1114 0.2295 0.3315 0.3530 0.3296 0.2029 0.1041 0.0733
0.4000 0.4494 0.3570 0.1875 0.0932 0.0646 0.1260 0.2631 0.4053 0.4433
0.4448 0.5190 0.3954 0.1833 0.0796 0.0522 0.1119 0.2704 0.4530 0.5065
0.4301 0.4965 0.3828 0.1846 0.0838 0.0559 0.1163 0.2680 0.4374 0.4860
0.1999 0.1549 0.1880 0.2115 0.2059 0.1889 0.2288 0.2264 0.1940 0.1700
0.0931 0.0453 0.0949 0.2350 0.3748 0.4119 0.3632 0.1964 0.0858 0.0565
0.0924 0.0447 0.0942 0.2352 0.3767 0.4144 0.3646 0.1961 0.0851 0.0559
0.0931 0.0453 0.0948 0.2350 0.3748 0.4119 0.3632 0.1964 0.0857 0.0565
0.2329 0.1979 0.2160 0.2065 0.1774 0.1546 0.2044 0.2334 0.2285 0.2116
0.4372 0.5073 0.3888 0.1840 0.0817 0.0541 0.1141 0.2692 0.4449 0.4959
0.4469 0.5223 0.3972 0.1831 0.0790 0.0516 0.1113 0.2707 0.4552 0.5095
0.3999 0.4492 0.3569 0.1875 0.0933 0.0647 0.1261 0.2631 0.4052 0.4431
0.1096 0.0588 0.1097 0.2300 0.3357 0.3588 0.3329 0.2022 0.1021 0.0715
0.0925 0.0448 0.0943 0.2352 0.3765 0.4141 0.3644 0.1961 0.0851 0.0560
0.0924 0.0447 0.0942 0.2352 0.3766 0.4144 0.3646 0.1961 0.0851 0.0559
0.0983 0.0494 0.0995 0.2333 0.3617 0.3940 0.3530 0.1983 0.0909 0.0611
0.3726 0.4063 0.3337 0.1902 0.1029 0.0738 0.1357 0.2586 0.3761 0.4042
0.4462 0.5212 0.3966 0.1831 0.0792 0.0518 0.1115 0.2706 0.4545 0.5085
0.4434 0.5170 0.3942 0.1834 0.0800 0.0525 0.1123 0.2702 0.4516 0.5047
0.3220 0.3276 0.2909 0.1955 0.1240 0.0951 0.1561 0.2500 0.3224 0.3325
0.0949 0.0466 0.0964 0.2344 0.3703 0.4058 0.3597 0.1970 0.0875 0.0580
0.0924 0.0447 0.0942 0.2352 0.3767 0.4145 0.3646 0.1961 0.0850 0.0559
0.0925 0.0448 0.0943 0.2352 0.3764 0.4141 0.3644 0.1961 0.0851 0.0560
0.1324 0.0797 0.1297 0.2243 0.2922 0.3002 0.2989 0.2093 0.1249 0.0938
0.4247 0.4880 0.3781 0.1851 0.0854 0.0574 0.1180 0.2671 0.4316 0.4783
0.4502 0.5274 0.4001 0.1828 0.0781 0.0508 0.1103 0.2713 0.4588 0.5141
0.4381 0.5087 0.3896 0.1839 0.0815 0.0538 0.1139 0.2693 0.4459 0.4971
0.2126 0.1711 0.1988 0.2095 0.1942 0.1746 0.2189 0.2292 0.2073 0.1858
0.0929 0.0451 0.0947 0.2351 0.3753 0.4126 0.3636 0.1963 0.0856 0.0563
0.0924 0.0447 0.0942 0.2352 0.3768 0.4145 0.3647 0.1961 0.0850 0.0559
0.0928 0.0450 0.0946 0.2351 0.3756 0.4130 0.3638 0.1962 0.0854 0.0562
0.2325 0.1973 0.2156 0.2066 0.1778 0.1550 0.2047 0.2333 0.2280 0.2110
0.4415 0.5140 0.3925 0.1836 0.0805 0.0530 0.1129 0.2698 0.4495 0.5019
0.4519 0.5300 0.4016 0.1826 0.0776 0.0504 0.1098 0.2715 0.4606 0.5165
0.4315 0.4985 0.3839 0.1845 0.0834 0.0556 0.1159 0.2682 0.4389 0.4879
0.1474 0.0948 0.1429 0.2210 0.2684 0.2687 0.2800 0.2136 0.1402 0.1097
0.0926 0.0448 0.0943 0.2352 0.3763 0.4139 0.3643 0.1962 0.0852 0.0560
0.0924 0.0447 0.0942 0.2352 0.3768 0.4146 0.3647 0.1961 0.0850 0.0559
0.0934 0.0455 0.0951 0.2349 0.3740 0.4108 0.3626 0.1965 0.0860 0.0568
0.3142 0.3157 0.2844 0.1964 0.1277 0.0990 0.1596 0.2486 0.3142 0.3216
0.4470 0.5225 0.3973 0.1831 0.0790 0.0516 0.1112 0.2707 0.4554 0.5097
0.4523 0.5306 0.4019 0.1826 0.0775 0.0503 0.1097 0.2716 0.4610 0.5171
0.4291 0.4949 0.3819 0.1847 0.0841 0.0562 0.1166 0.2679 0.4364 0.4846
0.1285 0.0760 0.1264 0.2252 0.2989 0.3091 0.3042 0.2082 0.1210 0.0899
0.0925 0.0448 0.0942 0.2352 0.3766 0.4143 0.3645 0.1961 0.0851 0.0559
0.0924 0.0447 0.0942 0.2352 0.3768 0.4146 0.3647 0.1961 0.0850 0.0558
0.0936 0.0456 0.0952 0.2348 0.3737 0.4104 0.3623 0.1965 0.0862 0.0569
0.3413 0.3574 0.3072 0.1934 0.1154 0.0863 0.1479 0.2533 0.3428 0.3597
0.4494 0.5262 0.3994 0.1828 0.0783 0.0510 0.1105 0.2711 0.4579 0.5130
0.4541 0.5334 0.4035 0.1824 0.0770 0.0499 0.1091 0.2719 0.4629 0.5196
0.4400 0.5117 0.3913 0.1837 0.0809 0.0533 0.1133 0.2696 0.4480 0.4999
0.1645 0.1131 0.1576 0.2176 0.2451 0.2384 0.2612 0.2180 0.1575 0.1284
0.0925 0.0448 0.0943 0.2352 0.3765 0.4142 0.3645 0.1961 0.0851 0.0560
0.0924 0.0447 0.0942 0.2352 0.3768 0.4146 0.3647 0.1961 0.0850 0.0558
0.0928 0.0450 0.0945 0.2351 0.3758 0.4132 0.3639 0.1962 0.0854 0.0562
0.3087 0.3073 0.2798 0.1970 0.1304 0.1019 0.1622 0.2477 0.3083 0.3139
0.4508 0.5283 0.4006 0.1827 0.0779 0.0507 0.1101 0.2714 0.4594 0.5150
0.4565 0.5370 0.4055 0.1822 0.0764 0.0493 0.1085 0.2723 0.4655 0.5229
0.4536 0.5326 0.4030 0.1825 0.0772 0.0500 0.1093 0.2718 0.4624 0.5189
0.3761 0.4119 0.3367 0.1899 0.1016 0.0726 0.1344 0.2592 0.3799 0.4093
0.0937 0.0457 0.0954 0.2348 0.3733 0.4099 0.3620 0.1966 0.0863 0.0570
0.0924 0.0447 0.0941 0.2353 0.3769 0.4147 0.3647 0.1961 0.0850 0.0558
0.0924 0.0447 0.0942 0.2352 0.3768 0.4146 0.3647 0.1961 0.0850 0.0558
0.1152 0.0637 0.1146 0.2285 0.3240 0.3429 0.3238 0.2041 0.1077 0.0768
0.4371 0.5072 0.3887 0.1840 0.0818 0.0541 0.1142 0.2691 0.4448 0.4957
0.4566 0.5371 0.4056 0.1822 0.0764 0.0493 0.1084 0.2723 0.4655 0.5230
0.4584 0.5400 0.4072 0.1820 0.0759 0.0489 0.1079 0.2726 0.4675 0.5256
0.4584 0.5399 0.4072 0.1820 0.0759 0.0489 0.1079 0.2726 0.4675 0.5256
0.4473 0.5229 0.3975 0.1830 0.0789 0.0515 0.1111 0.2708 0.4557 0.5100
0.1346 0.0818 0.1317 0.2238 0.2885 0.2953 0.2960 0.2100 0.1271 0.0961
0.0924 0.0447 0.0942 0.2353 0.3768 0.4146 0.3647 0.1961 0.0850 0.0559
0.0924 0.0447 0.0941 0.2352 0.3768 0.4147 0.3647 0.1961 0.0850 0.0558
0.0928 0.0450 0.0945 0.2351 0.3757 0.4130 0.3638 0.1962 0.0854 0.0562
0.3638 0.3926 0.3263 0.1911 0.1062 0.0771 0.1389 0.2571 0.3668 0.3918
0.4532 0.5320 0.4027 0.1825 0.0773 0.0501 0.1094 0.2718 0.4620 0.5184
0.4565 0.5370 0.4055 0.1822 0.0764 0.0493 0.1085 0.2723 0.4655 0.5229
0.4513 0.5291 0.4010 0.1827 0.0778 0.0506 0.1100 0.2714 0.4600 0.5157
0.3424 0.3591 0.3082 0.1933 0.1149 0.0858 0.1474 0.2535 0.3440 0.3613
0.0944 0.0462 0.0960 0.2346 0.3716 0.4076 0.3607 0.1968 0.0870 0.0576
0.0924 0.0447 0.0942 0.2352 0.3768 0.4145 0.3647 0.1961 0.0850 0.0559
0.0925 0.0448 0.0943 0.2352 0.3765 0.4141 0.3644 0.1961 0.0851 0.0560
0.1444 0.0917 0.1403 0.2216 0.2729 0.2745 0.2835 0.2127 0.1371 0.1064
0.4294 0.4953 0.3821 0.1847 0.0840 0.0561 0.1165 0.2679 0.4366 0.4849
0.4491 0.5258 0.3992 0.1829 0.0784 0.0511 0.1106 0.2711 0.4576 0.5126
0.4263 0.4905 0.3795 0.1850 0.0849 0.0570 0.1175 0.2674 0.4334 0.4806
0.1518 0.0994 0.1467 0.2201 0.2621 0.2604 0.2749 0.2148 0.1446 0.1143
0.0928 0.0450 0.0946 0.2351 0.3757 0.4131 0.3638 0.1963 0.0854 0.0562
0.0924 0.0447 0.0942 0.2352 0.3766 0.4144 0.3646 0.1961 0.0851 0.0559
0.0947 0.0465 0.0962 0.2345 0.3708 0.4064 0.3601 0.1969 0.0873 0.0579
0.3169 0.3198 0.2867 0.1961 0.1264 0.0976 0.1584 0.2491 0.3170 0.3253
0.4429 0.5161 0.3937 0.1834 0.0801 0.0526 0.1124 0.2701 0.4510 0.5039
0.4434 0.5169 0.3942 0.1834 0.0800 0.0525 0.1123 0.2702 0.4515 0.5046
0.3340 0.3460 0.3010 0.1942 0.1185 0.0895 0.1509 0.2521 0.3351 0.3494
0.0967 0.0481 0.0981 0.2339 0.3657 0.3995 0.3561 0.1977 0.0893 0.0597
0.0925 0.0448 0.0942 0.2352 0.3766 0.4143 0.3645 0.1961 0.0851 0.0559
0.0926 0.0449 0.0944 0.2351 0.3761 0.4137 0.3642 0.1962 0.0853 0.0561
0.1323 0.0796 0.1297 0.2243 0.2923 0.3003 0.2989 0.2093 0.1248 0.0938
0.4183 0.4780 0.3726 0.1857 0.0874 0.0592 0.1200 0.2661 0.4248 0.4692
0.4470 0.5225 0.3973 0.1831 0.0790 0.0516 0.1112 0.2708 0.4554 0.5097
0.4264 0.4906 0.3796 0.1850 0.0849 0.0569 0.1175 0.2674 0.4334 0.4807
0.1624 0.1108 0.1558 0.2180 0.2478 0.2418 0.2633 0.2175 0.1554 0.1261
0.0929 0.0451 0.0946 0.2351 0.3755 0.4128 0.3637 0.1963 0.0855 0.0563
0.0924 0.0447 0.0942 0.2352 0.3766 0.4144 0.3646 0.1961 0.0851 0.0559
0.0942 0.0461 0.0958 0.2346 0.3721 0.4082 0.3611 0.1968 0.0868 0.0574
0.2986 0.2921 0.2713 0.1982 0.1356 0.1074 0.1670 0.2459 0.2976 0.2999
0.4419 0.5147 0.3929 0.1835 0.0804 0.0529 0.1127 0.2699 0.4500 0.5025
0.4455 0.5202 0.3960 0.1832 0.0794 0.0520 0.1117 0.2705 0.4538 0.5076
0.3670 0.3975 0.3289 0.1908 0.1050 0.0759 0.1378 0.2577 0.3702 0.3963
0.0997 0.0505 0.1008 0.2329 0.3583 0.3894 0.3504 0.1988 0.0923 0.0624
0.0925 0.0448 0.0942 0.2352 0.3766 0.4143 0.3645 0.1961 0.0851 0.0559
0.0925 0.0448 0.0943 0.2352 0.3765 0.4141 0.3644 0.1961 0.0851 0.0560
0.1126 0.0614 0.1123 0.2292 0.3294 0.3503 0.3281 0.2032 0.1050 0.0743
0.4116 0.4675 0.3669 0.1864 0.0895 0.0611 0.1222 0.2650 0.4177 0.4597
0.4498 0.5268 0.3997 0.1828 0.0782 0.0509 0.1104 0.2712 0.4583 0.5136
0.4399 0.5116 0.3912 0.1837 0.0810 0.0534 0.1133 0.2696 0.4479 0.4998
0.2397 0.2071 0.2217 0.2056 0.1724 0.1487 0.2000 0.2348 0.2356 0.2204
0.0934 0.0455 0.0951 0.2349 0.3742 0.4111 0.3627 0.1965 0.0860 0.0567
0.0924 0.0447 0.0942 0.2352 0.3767 0.4145 0.3646 0.1961 0.0850 0.0559
0.0928 0.0450 0.0946 0.2351 0.3756 0.4129 0.3637 0.1962 0.0855 0.0563
0.2081 0.1653 0.1949 0.2101 0.1982 0.1795 0.2223 0.2282 0.2026 0.1801
0.4374 0.5077 0.3890 0.1839 0.0817 0.0540 0.1141 0.2692 0.4451 0.4962
0.4498 0.5268 0.3997 0.1828 0.0782 0.0509 0.1104 0.2712 0.4584 0.5136
0.4220 0.4837 0.3758 0.1854 0.0862 0.0581 0.1188 0.2667 0.4287 0.4744
0.1304 0.0778 0.1280 0.2248 0.2956 0.3047 0.3016 0.2088 0.1229 0.0918
0.0926 0.0448 0.0943 0.2352 0.3763 0.4139 0.3643 0.1962 0.0852 0.0560
0.0924 0.0447 0.0942 0.2352 0.3767 0.4145 0.3646 0.1961 0.0850 0.0559
0.0947 0.0465 0.0963 0.2345 0.3707 0.4063 0.3600 0.1970 0.0873 0.0579
0.3456 0.3641 0.3109 0.1930 0.1135 0.0844 0.1461 0.2540 0.3475 0.3659
0.4471 0.5226 0.3974 0.1830 0.0789 0.0516 0.1112 0.2708 0.4555 0.5098
0.4494 0.5261 0.3993 0.1828 0.0783 0.0510 0.1105 0.2711 0.4579 0.5130
0.3934 0.4390 0.3513 0.1882 0.0955 0.0667 0.1283 0.2620 0.3983 0.4339
0.1015 0.0520 0.1024 0.2324 0.3539 0.3835 0.3471 0.1995 0.0941 0.0640
0.0924 0.0447 0.0942 0.2352 0.3767 0.4144 0.3646 0.1961 0.0851 0.0559
0.0924 0.0447 0.0942 0.2352 0.3767 0.4144 0.3646 0.1961 0.0851 0.0559
0.1022 0.0525 0.1030 0.2322 0.3524 0.3814 0.3459 0.1997 0.0947 0.0646
0.4040 0.4556 0.3604 0.1871 0.0919 0.0634 0.1247 0.2638 0.4096 0.4489
0.4513 0.5291 0.4011 0.1827 0.0778 0.0506 0.1099 0.2714 0.4600 0.5157
0.4498 0.5268 0.3998 0.1828 0.0782 0.0509 0.1104 0.2712 0.4584 0.5136
0.3665 0.3968 0.3286 0.1908 0.1052 0.0761 0.1379 0.2576 0.3697 0.3956
0.0958 0.0474 0.0973 0.2341 0.3679 0.4025 0.3579 0.1974 0.0884 0.0589
0.0924 0.0447 0.0942 0.2352 0.3768 0.4145 0.3647 0.1961 0.0850 0.0559
0.0924 0.0447 0.0942 0.2352 0.3766 0.4144 0.3646 0.1961 0.0851 0.0559
0.1176 0.0658 0.1167 0.2279 0.3192 0.3365 0.3201 0.2048 0.1100 0.0791
0.4265 0.4907 0.3796 0.1850 0.0849 0.0569 0.1174 0.2674 0.4335 0.4808
0.4539 0.5330 0.4032 0.1824 0.0771 0.0499 0.1092 0.2719 0.4627 0.5192
0.4515 0.5295 0.4012 0.1826 0.0777 0.0505 0.1099 0.2715 0.4602 0.5160
0.3739 0.4084 0.3348 0.1901 0.1024 0.0734 0.1352 0.2588 0.3776 0.4061
0.0951 0.0468 0.0967 0.2344 0.3696 0.4049 0.3592 0.1971 0.0877 0.0583
0.0924 0.0447 0.0942 0.2352 0.3768 0.4146 0.3647 0.1961 0.0850 0.0559
0.0924 0.0447 0.0942 0.2352 0.3767 0.4145 0.3646 0.1961 0.0850 0.0559
