-100.0000 -100.0000
3179.9881 0.0000
2472.5173 0.0000
3560.6081 0.0000
3965.2814 0.0000
4132.9642 0.0000
4373.7423 0.0000
4779.1918 0.0000
5121.5735 0.0000
6636.7049 0.0000
6715.0369 0.0000
6282.0314 0.0000
6902.1862 0.0000
6450.4370 0.0000
6809.0952 0.0000
6033.2068 0.0000
7359.7441 0.0000
9571.3602 0.0000
9953.5365 0.0000
8933.7579 0.0000
9602.8932 0.0000
10409.2110 0.0000
10417.0156 0.0000
10018.1562 0.0000
9373.7056 0.0000
10845.8967 0.0000
10301.6689 0.0000
10557.5908 0.0000
11065.8324 0.0000
11671.0135 0.0000
12618.2314 0.0000
12370.6813 0.0000
12431.1254 0.0000
11830.7953 0.0000
12521.3412 0.0000
12688.3776 0.0000
12939.1312 0.0000
13171.3224 0.0000
13105.6034 0.0000
13172.1015 0.0000
13261.5954 0.0000
12615.6184 0.0000
12148.0687 0.0000
13412.7748 0.0000
13144.9712 0.0000
13463.2144 0.0000
13803.5128 0.0000
13429.0792 0.0000
12601.0527 0.0000
12264.9251 0.0000
13922.0116 0.0000
13951.0378 0.0000
14892.0029 0.0000
15334.0129 0.0000
15604.1462 0.0000
15125.7540 0.0000
16584.1960 0.0000
16227.6629 0.0000
16398.2845 0.0000
16836.4548 0.0000
16530.5064 0.0000
16078.4465 0.0000
16901.1690 0.0000
16750.3049 0.0000
17195.6165 0.0000
17926.3688 0.0000
18034.3870 0.0000
18870.9041 0.0000
18748.8838 0.0000
17862.6682 0.0000
18731.2075 0.0000
18340.3705 0.0000
18633.4937 0.0000
19636.1974 0.0000
20129.1810 0.0000
20474.6507 0.0000
20346.1260 0.0000
21039.6254 0.0000
21176.7740 0.0000
21573.8287 0.0000
22248.6321 0.0000
22336.1205 0.0000
22845.3890 0.0000
22667.4766 0.0000
21759.7000 0.0000
23213.3281 0.0000
23131.7469 0.0000
22424.3452 0.0000
22631.3104 0.0000
23825.8396 0.0000
23442.7809 0.0000
23918.1163 0.0000
24196.3533 0.0000
24138.1840 0.0000
24378.3390 0.0000
23445.3768 0.0000
23936.6105 0.0000
24144.1120 0.0000
23780.5458 0.0000
24450.7548 0.0000
24434.0316 0.0000
24596.4116 0.0000
25095.1845 0.0000
24953.3237 0.0000
24756.4742 0.0000
26020.8669 0.0000
25552.3397 0.0000
26856.9899 0.0000
26824.0154 0.0000
26891.1855 0.0000
26939.2602 0.0000
28197.8471 0.0000
28468.3718 0.0000
28224.4852 0.0000
28941.5705 0.0000
29085.3104 0.0000
28392.8732 0.0000
29668.5106 0.0000
29108.2867 0.0000
30197.1906 0.0000
30301.7487 0.0000
29731.5670 0.0000
29757.0110 0.0000
30484.3912 0.0000
31059.8044 0.0000
31298.8651 0.0000
30407.5240 0.0000
30350.7551 0.0000
29854.0733 0.0000
31294.0857 0.0000
30958.0786 0.0000
30417.9677 0.0000
31726.3049 0.0000
31561.1204 0.0000
31614.4241 0.0000
31201.3908 0.0000
32179.1360 0.0000
32850.5115 0.0000
32251.7982 0.0000
33742.0252 0.0000
33984.2901 0.0000
34013.8595 0.0000
34288.5897 0.0000
33795.0733 0.0000
33156.2290 0.0000
34410.0983 0.0000
34765.0276 0.0000
34745.5263 0.0000
34121.3364 0.0000
35040.4392 0.0000
35420.9838 0.0000
35675.1475 0.0000
36434.6003 0.0000
36793.4748 0.0000
36604.9391 0.0000
36930.8669 0.0000
36531.2137 0.0000
36634.2423 0.0000
36276.8301 0.0000
36418.8867 0.0000
36789.7930 0.0000
37751.0892 0.0000
37213.0148 0.0000
37382.8433 0.0000
37643.8074 0.0000
37981.1348 0.0000
37871.7118 0.0000
37512.8389 0.0000
38414.4116 0.0000
38560.1686 0.0000
37719.3844 0.0000
37830.8903 0.0000
38953.6154 0.0000
38624.6124 0.0000
38643.6796 0.0000
38575.1180 0.0000
38633.4952 0.0000
39976.0767 0.0000
39950.4287 0.0000
39891.1887 0.0000
40291.1278 0.0000
39607.0171 0.0000
41268.9808 0.0000
40493.0258 0.0000
40290.0988 0.0000
41700.5673 0.0000
40338.3639 0.0000
42414.7684 0.0000
41684.6500 0.0000
42629.6295 0.0000
41661.3046 0.0000
42299.9723 0.0000
42492.2626 0.0000
42534.0532 0.0000
42735.4927 0.0000
42596.0686 0.0000
42651.2570 0.0000
43678.5814 0.0000
42844.7543 0.0000
43645.9919 0.0000
43904.3094 0.0000
44580.8543 0.0000
43868.2628 0.0000
44075.9583 0.0000
46125.4193 0.0000
45693.5064 0.0000
47148.4250 0.0000
46589.8098 0.0000
47016.9458 0.0000
47213.2484 0.0000
47384.5129 0.0000
47444.9182 0.0000
46577.5791 0.0000
48026.2368 0.0000
47169.9815 0.0000
47566.3100 0.0000
48594.5730 0.0000
48578.4670 0.0000
49159.5235 0.0000
49019.9710 0.0000
49010.5620 0.0000
48967.9853 0.0000
47981.5406 0.0000
49358.4241 0.0000
49613.9565 0.0000
50971.2718 0.0000
50930.2670 0.0000
49846.6486 0.0000
50747.0888 0.0000
51482.3613 0.0000
50695.5241 0.0000
50040.4131 0.0000
51986.4266 0.0000
52563.2559 0.0000
51866.5890 0.0000
53152.1149 0.0000
52869.0053 0.0000
53630.2910 0.0000
53393.8553 0.0000
54010.1037 0.0000
53936.8834 0.0000
54900.6479 0.0000
53978.9274 0.0000
55964.1487 0.0000
55859.2093 0.0000
55872.4523 0.0000
55871.2010 0.0000
55705.5783 0.0000
55482.4943 0.0000
56575.3702 0.0000
56178.1967 0.0000
56109.5519 0.0000
56441.7279 0.0000
56942.3626 0.0000
57027.9281 0.0000
56607.9335 0.0000
56685.1338 0.0000
56372.6330 0.0000
56806.4890 0.0000
57907.5571 0.0000
56687.0752 0.0000
57766.2219 0.0000
57275.5431 0.0000
58097.8647 0.0000
58388.9174 0.0000
58084.0168 0.0000
58195.5501 0.0000
58528.5110 0.0000
58436.2398 0.0000
58978.5122 0.0000
59350.8738 0.0000
59723.2592 0.0000
59186.1195 0.0000
59361.8873 0.0000
59223.9857 0.0000
60798.5240 0.0000
60537.8761 0.0000
59747.3391 0.0000
60870.9649 0.0000
61393.8450 0.0000
60669.6217 0.0000
61952.8542 0.0000
62216.7074 0.0000
62986.7313 0.0000
62308.4314 0.0000
62305.6403 0.0000
63233.3460 0.0000
63741.1702 0.0000
64636.0812 0.0000
65070.8241 0.0000
64646.4692 0.0000
65216.3279 0.0000
64439.4962 0.0000
65597.0732 0.0000
65000.5659 0.0000
66687.4822 0.0000
67444.6313 0.0000
67004.1025 0.0000
67107.3224 0.0000
67455.0094 0.0000
68107.5211 0.0000
69060.9131 0.0000
68288.5089 0.0000
69966.3987 0.0000
70326.8379 0.0000
70648.3420 0.0000
69760.3043 0.0000
71160.1016 0.0000
70518.1474 0.0000
70980.2779 0.0000
71595.7596 0.0000
71935.4330 0.0000
72289.1505 0.0000
72795.0859 0.0000
71960.4946 0.0000
73039.3910 0.0000
73030.8433 0.0000
73080.1356 0.0000
73015.7321 0.0000
73093.4013 0.0000
72934.8417 0.0000
73212.8972 0.0000
72769.1110 0.0000
73572.0262 0.0000
72865.2997 0.0000
73084.1927 0.0000
73411.1705 0.0000
73928.0340 0.0000
74163.3488 0.0000
73625.5498 0.0000
74858.1370 0.0000
74803.3206 0.0000
74200.0458 0.0000
74360.9580 0.0000
75493.4228 0.0000
75999.5063 0.0000
75923.7543 0.0000
75939.1864 0.0000
76430.4310 0.0000
76075.5342 0.0000
76507.5739 0.0000
76945.1001 0.0000
76658.7141 0.0000
76491.6787 0.0000
77480.5400 0.0000
77446.0659 0.0000
77090.1559 0.0000
77085.2654 0.0000
76250.5241 0.0000
76143.2406 0.0000
76896.1305 0.0000
77208.8883 0.0000
76870.5477 0.0000
77540.8696 0.0000
77239.8737 0.0000
78155.9626 0.0000
78577.0275 0.0000
78369.4606 0.0000
79064.8958 0.0000
79109.6735 0.0000
79751.7135 0.0000
79922.6025 0.0000
79861.1962 0.0000
80445.1608 0.0000
80548.1308 0.0000
81077.1509 0.0000
80482.4059 0.0000
81024.3014 0.0000
80193.3394 0.0000
81253.8996 0.0000
80936.8826 0.0000
81081.2096 0.0000
81181.4515 0.0000
81726.8954 0.0000
80892.3548 0.0000
80756.0604 0.0000
81212.9582 0.0000
81874.7957 0.0000
81536.0172 0.0000
81255.3518 0.0000
82115.7330 0.0000
81222.0581 0.0000
82687.1448 0.0000
81927.9428 0.0000
82916.1460 0.0000
83837.7629 0.0000
83398.4967 0.0000
84017.8405 0.0000
84143.1163 0.0000
84285.7643 0.0000
83434.5808 0.0000
83646.8011 0.0000
84924.9551 0.0000
84731.5057 0.0000
84096.9454 0.0000
85969.6670 0.0000
85890.3150 0.0000
85925.4170 0.0000
85470.4332 0.0000
85855.5250 0.0000
87038.4888 0.0000
86803.5408 0.0000
87264.1628 0.0000
87313.0239 0.0000
87805.7297 0.0000
87868.4802 0.0000
88530.5940 0.0000
88668.2638 0.0000
88595.2128 0.0000
89320.1807 0.0000
88787.3076 0.0000
90020.9689 0.0000
90357.7264 0.0000
90526.5873 0.0000
90412.2415 0.0000
90140.5978 0.0000
90562.3381 0.0000
90429.2602 0.0000
90276.8829 0.0000
90986.8685 0.0000
91283.6922 0.0000
91430.2831 0.0000
91832.7596 0.0000
91504.3075 0.0000
92391.2094 0.0000
92153.3250 0.0000
92860.0135 0.0000
93429.3544 0.0000
93596.9051 0.0000
94337.3628 0.0000
93374.8768 0.0000
93953.7017 0.0000
93755.0942 0.0000
95224.0417 0.0000
95361.9033 0.0000
96027.5460 0.0000
95779.5068 0.0000
96805.5246 0.0000
95785.6538 0.0000
97292.1348 0.0000
98026.3538 0.0000
97430.8196 0.0000
97994.8000 0.0000
98253.6082 0.0000
98763.6593 0.0000
100107.8172 0.0000
99769.2801 0.0000
100698.5038 0.0000
99861.5605 0.0000
99852.2336 0.0000
100834.8353 0.0000
100579.9192 0.0000
100091.8396 0.0000
100909.9650 0.0000
100436.6459 0.0000
101770.2590 0.0000
102414.8271 0.0000
102409.9399 0.0000
102140.0484 0.0000
102069.3056 0.0000
103624.0715 0.0000
102937.0874 0.0000
103261.2545 0.0000
103446.6224 0.0000
103646.2409 0.0000
102517.0121 0.0000
103876.1849 0.0000
103376.3222 0.0000
103598.5746 0.0000
104049.1248 0.0000
104067.4714 0.0000
103387.4153 0.0000
103799.9240 0.0000
104159.2800 0.0000
104552.7955 0.0000
103769.6483 0.0000
105208.0787 0.0000
104633.0080 0.0000
104996.4947 0.0000
104806.3716 0.0000
106150.3034 0.0000
106607.7690 0.0000
106430.9069 0.0000
107210.1856 0.0000
107173.9891 0.0000
108314.2570 0.0000
108501.5614 0.0000
108298.2503 0.0000
108754.7672 0.0000
108248.3942 0.0000
108836.8258 0.0000
108488.3155 0.0000
109038.1219 0.0000
109023.3807 0.0000
109830.6071 0.0000
109392.7034 0.0000
109867.6168 0.0000
109347.8588 0.0000
110216.5465 0.0000
109364.3003 0.0000
110995.2051 0.0000
110877.5323 0.0000
111319.1230 0.0000
111393.4661 0.0000
110768.9932 0.0000
111919.9733 0.0000
111633.2068 0.0000
111382.5589 0.0000
112337.1924 0.0000
112793.3964 0.0000
114039.6658 0.0000
115232.9904 0.0000
115861.9243 0.0000
115606.0287 0.0000
116963.5841 0.0000
117046.2520 0.0000
117099.0483 0.0000
116433.5593 0.0000
117466.9467 0.0000
117436.1767 0.0000
117862.6861 0.0000
118400.1436 0.0000
118596.7780 0.0000
118147.6874 0.0000
118871.7085 0.0000
118975.9854 0.0000
118211.0462 0.0000
118565.4372 0.0000
119286.4741 0.0000
120020.2968 0.0000
119493.9880 0.0000
120586.4073 0.0000
119894.3721 0.0000
119333.6882 0.0000
120736.1893 0.0000
121342.9237 0.0000
121386.1230 0.0000
121613.9227 0.0000
121378.5406 0.0000
121794.7880 0.0000
121762.3166 0.0000
121538.3329 0.0000
121742.8700 0.0000
121257.4763 0.0000
122017.9010 0.0000
123287.0765 0.0000
123811.7467 0.0000
123631.0534 0.0000
124477.9908 0.0000
125939.4838 0.0000
127130.2251 0.0000
127193.4870 0.0000
126691.6569 0.0000
127469.5570 0.0000
127425.4866 0.0000
127023.8569 0.0000
126979.6409 0.0000
127123.2497 0.0000
128216.8295 0.0000
128799.7956 0.0000
129014.5192 0.0000
128659.6177 0.0000
128397.8380 0.0000
128093.9872 0.0000
129117.2720 0.0000
129876.3769 0.0000
130103.9799 0.0000
129766.6021 0.0000
129534.6349 0.0000
130383.4739 0.0000
130357.5493 0.0000
130832.2613 0.0000
129703.1577 0.0000
130115.4847 0.0000
130857.9641 0.0000
132641.3322 0.0000
132001.1078 0.0000
133776.1321 0.0000
134623.3690 0.0000
135094.1331 0.0000
135042.7907 0.0000
135770.1486 0.0000
135605.0764 0.0000
135424.7353 0.0000
135429.7687 0.0000
135758.0839 0.0000
135598.8635 0.0000
136423.7744 0.0000
137282.7090 0.0000
138037.4170 0.0000
137333.1217 0.0000
138094.5628 0.0000
138377.1608 0.0000
138333.4623 0.0000
137628.2612 0.0000
138735.8369 0.0000
138756.5199 0.0000
139236.9980 0.0000
138908.5424 0.0000
138748.5288 0.0000
140285.5735 0.0000
140397.9033 0.0000
141049.8211 0.0000
140395.7792 0.0000
140857.3516 0.0000
142221.8869 0.0000
142101.2378 0.0000
141140.2459 0.0000
141693.0606 0.0000
141959.8925 0.0000
142473.5869 0.0000
142066.2220 0.0000
142281.9464 0.0000
141808.1850 0.0000
143018.1701 0.0000
142454.6063 0.0000
142705.1499 0.0000
143785.1052 0.0000
144825.5130 0.0000
144369.7544 0.0000
144173.4222 0.0000
145478.7645 0.0000
144671.8170 0.0000
146691.6390 0.0000
146957.3362 0.0000
146777.5729 0.0000
146719.4587 0.0000
146140.4560 0.0000
146934.2642 0.0000
147032.4737 0.0000
146068.9350 0.0000
147067.1853 0.0000
146880.5611 0.0000
146885.0429 0.0000
147235.5547 0.0000
146772.1960 0.0000
146752.7035 0.0000
146434.6809 0.0000
147567.1978 0.0000
147446.5917 0.0000
147049.2002 0.0000
147468.9346 0.0000
146200.7172 0.0000
146776.9165 0.0000
147464.7862 0.0000
147087.8338 0.0000
147622.1557 0.0000
148232.6149 0.0000
147894.6893 0.0000
149078.4595 0.0000
149209.6455 0.0000
149594.1335 0.0000
149264.3450 0.0000
148743.5403 0.0000
149499.6351 0.0000
149242.3087 0.0000
149568.3233 0.0000
148730.0898 0.0000
149734.9739 0.0000
149780.6737 0.0000
149587.2668 0.0000
149116.3344 0.0000
149424.1088 0.0000
149173.8925 0.0000
149650.8461 0.0000
149823.2595 0.0000
150032.8582 0.0000
150113.9373 0.0000
149825.6793 0.0000
150646.5045 0.0000
150562.0789 0.0000
150403.5867 0.0000
149003.5563 0.0000
150579.9852 0.0000
151010.1682 0.0000
151456.4620 0.0000
151657.2147 0.0000
152332.6840 0.0000
153027.4521 0.0000
152808.5511 0.0000
153485.4082 0.0000
153338.3505 0.0000
153566.1030 0.0000
154358.3202 0.0000
154329.5034 0.0000
153034.2700 0.0000
153784.0922 0.0000
153923.5740 0.0000
153335.6712 0.0000
154182.2712 0.0000
153881.7652 0.0000
154736.0304 0.0000
155318.9094 0.0000
154823.8230 0.0000
154992.0657 0.0000
155964.3936 0.0000
156101.7048 0.0000
155935.0005 0.0000
156510.0839 0.0000
156829.0453 0.0000
157728.7506 0.0000
157447.5086 0.0000
158242.8893 0.0000
157770.9447 0.0000
157763.0322 0.0000
157365.7024 0.0000
158211.2980 0.0000
157835.4980 0.0000
157789.3975 0.0000
157915.6945 0.0000
158603.2107 0.0000
158302.5346 0.0000
159621.3596 0.0000
158347.2593 0.0000
159485.6440 0.0000
159438.9748 0.0000
159842.5988 0.0000
160409.9379 0.0000
160115.0080 0.0000
160396.0316 0.0000
160593.6219 0.0000
160210.0624 0.0000
161316.9229 0.0000
160707.8505 0.0000
161203.2919 0.0000
161287.9558 0.0000
160385.7001 0.0000
161898.9615 0.0000
161859.5671 0.0000
161725.6499 0.0000
162285.5482 0.0000
163243.7459 0.0000
164089.7789 0.0000
163973.2392 0.0000
165250.4496 0.0000
165008.2510 0.0000
165068.8189 0.0000
164723.2937 0.0000
165846.3497 0.0000
164379.3628 0.0000
165433.7072 0.0000
166728.4113 0.0000
166573.1698 0.0000
166622.6764 0.0000
165807.4644 0.0000
165812.6922 0.0000
166345.8026 0.0000
167052.2915 0.0000
167195.6729 0.0000
167534.4851 0.0000
167171.2984 0.0000
167280.3192 0.0000
166674.8865 0.0000
166561.1939 0.0000
167425.7839 0.0000
168120.9500 0.0000
167632.3786 0.0000
168139.3342 0.0000
167871.2276 0.0000
168120.5682 0.0000
169134.7774 0.0000
168454.7359 0.0000
169497.8324 0.0000
169885.8864 0.0000
170915.7382 0.0000
169772.4145 0.0000
169961.7247 0.0000
171029.8116 0.0000
171823.9977 0.0000
172523.4963 0.0000
172817.6678 0.0000
173479.1960 0.0000
174364.0647 0.0000
175026.0810 0.0000
175154.2816 0.0000
174977.3247 0.0000
174991.8864 0.0000
174930.5781 0.0000
174704.9498 0.0000
175169.0308 0.0000
174709.7416 0.0000
175419.9788 0.0000
176139.6964 0.0000
176056.0469 0.0000
175720.5894 0.0000
176087.9641 0.0000
175867.2107 0.0000
177397.3630 0.0000
177130.3488 0.0000
177181.2682 0.0000
177104.4991 0.0000
175940.1852 0.0000
176338.3321 0.0000
176935.5254 0.0000
176654.6645 0.0000
178418.8258 0.0000
178423.8059 0.0000
178621.3221 0.0000
178868.4127 0.0000
180242.2426 0.0000
180028.9405 0.0000
180201.5520 0.0000
180475.0825 0.0000
180136.9592 0.0000
180316.3858 0.0000
179578.2835 0.0000
180267.6488 0.0000
181081.0598 0.0000
180036.0179 0.0000
181323.0498 0.0000
180977.4154 0.0000
180750.2949 0.0000
181354.7056 0.0000
180618.6138 0.0000
181466.1667 0.0000
181999.0662 0.0000
182009.9598 0.0000
181971.6774 0.0000
182322.6096 0.0000
182113.9040 0.0000
183166.5990 0.0000
184134.5052 0.0000
184436.2780 0.0000
184571.3849 0.0000
185668.3022 0.0000
184784.6613 0.0000
185858.7434 0.0000
185632.6219 0.0000
186456.6780 0.0000
186766.0112 0.0000
186911.6983 0.0000
187686.8433 0.0000
187208.6525 0.0000
189258.2183 0.0000
189204.6730 0.0000
189010.8022 0.0000
189819.5099 0.0000
190097.1333 0.0000
189914.3658 0.0000
190394.3414 0.0000
189515.2907 0.0000
190552.8811 0.0000
190653.6303 0.0000
190029.8820 0.0000
189918.5691 0.0000
191282.2219 0.0000
191499.4343 0.0000
192465.7630 0.0000
192509.2197 0.0000
192813.9887 0.0000
192378.7763 0.0000
191761.7497 0.0000
193791.8994 0.0000
194780.7261 0.0000
195100.9591 0.0000
195518.4439 0.0000
195445.2385 0.0000
195203.6564 0.0000
194329.3488 0.0000
195703.4269 0.0000
195161.2125 0.0000
195608.4595 0.0000
195982.9464 0.0000
196356.3856 0.0000
197071.4661 0.0000
196929.9645 0.0000
196549.4657 0.0000
197256.2920 0.0000
196112.1313 0.0000
196875.5811 0.0000
198119.2862 0.0000
198460.4591 0.0000
197796.0567 0.0000
198930.0840 0.0000
198261.5392 0.0000
199269.1228 0.0000
200108.3661 0.0000
199924.9391 0.0000
200781.4608 0.0000
200107.5989 0.0000
200217.5941 0.0000
201275.0515 0.0000
200874.6521 0.0000
200398.6411 0.0000
201672.4240 0.0000
201742.2517 0.0000
202180.1008 0.0000
202822.4346 0.0000
202727.1020 0.0000
202162.0634 0.0000
202630.4816 0.0000
203124.5369 0.0000
203227.9661 0.0000
203044.6274 0.0000
203186.7486 0.0000
203061.5955 0.0000
202294.8859 0.0000
203044.1169 0.0000
204257.1551 0.0000
202997.6661 0.0000
205159.9596 0.0000
205613.8092 0.0000
205589.4849 0.0000
205138.0220 0.0000
205272.6715 0.0000
204818.0663 0.0000
205239.7106 0.0000
206863.3531 0.0000
205644.9028 0.0000
207826.3685 0.0000
207492.5578 0.0000
207171.2734 0.0000
209305.9798 0.0000
209009.0198 0.0000
209235.0609 0.0000
208861.2073 0.0000
210170.3011 0.0000
209950.9993 0.0000
209481.9170 0.0000
209240.3356 0.0000
209994.5509 0.0000
210613.7626 0.0000
210635.0815 0.0000
211687.6912 0.0000
210908.0379 0.0000
211254.0621 0.0000
212010.3639 0.0000
212300.4709 0.0000
212803.4038 0.0000
212392.1815 0.0000
212816.8756 0.0000
212410.2919 0.0000
212259.6799 0.0000
212849.8042 0.0000
211631.2095 0.0000
213456.5833 0.0000
212723.7573 0.0000
212638.1740 0.0000
213220.3393 0.0000
213151.4805 0.0000
213144.9749 0.0000
214100.7187 0.0000
214751.8524 0.0000
214327.0768 0.0000
214908.3963 0.0000
216159.6488 0.0000
216022.4961 0.0000
216918.8183 0.0000
216533.5549 0.0000
216900.5706 0.0000
217097.0313 0.0000
218152.5349 0.0000
218360.2361 0.0000
218275.6663 0.0000
217946.5269 0.0000
216856.4405 0.0000
219097.9610 0.0000
217325.1111 0.0000
219246.7795 0.0000
219073.2669 0.0000
218885.2089 0.0000
218752.4914 0.0000
218664.3182 0.0000
218774.0217 0.0000
218672.0459 0.0000
219631.1175 0.0000
220474.8091 0.0000
219383.9133 0.0000
220954.5783 0.0000
221314.9751 0.0000
221553.9338 0.0000
222056.8610 0.0000
221099.4362 0.0000
221851.8775 0.0000
222134.3655 0.0000
221394.7422 0.0000
221769.1504 0.0000
222609.0043 0.0000
223251.5767 0.0000
223189.6537 0.0000
223254.7673 0.0000
223043.9651 0.0000
223447.0004 0.0000
223008.0675 0.0000
223580.1450 0.0000
222906.1473 0.0000
224001.2289 0.0000
224060.4653 0.0000
224371.6081 0.0000
224824.2385 0.0000
224549.7611 0.0000
224282.8128 0.0000
224597.9996 0.0000
224294.5822 0.0000
224783.0432 0.0000
225059.3535 0.0000
226415.8059 0.0000
225949.7232 0.0000
226245.9256 0.0000
226297.2313 0.0000
225923.2234 0.0000
226088.4583 0.0000
227690.6669 0.0000
228224.5054 0.0000
228205.4171 0.0000
228234.6158 0.0000
227354.2941 0.0000
227385.7502 0.0000
228265.4620 0.0000
229329.4576 0.0000
230123.3009 0.0000
231162.0844 0.0000
231221.0542 0.0000
231360.1704 0.0000
231526.1623 0.0000
231223.9677 0.0000
231232.2177 0.0000
231562.6173 0.0000
231178.6734 0.0000
230686.1199 0.0000
231509.5005 0.0000
231461.7553 0.0000
232146.8171 0.0000
232005.1556 0.0000
232708.3402 0.0000
232754.9138 0.0000
232744.4289 0.0000
232573.7399 0.0000
233128.4101 0.0000
232711.8058 0.0000
233238.9936 0.0000
233024.2532 0.0000
233899.3542 0.0000
232533.3825 0.0000
235099.0695 0.0000
234941.5031 0.0000
235207.7182 0.0000
235847.0158 0.0000
235484.3167 0.0000
236009.0258 0.0000
236583.6502 0.0000
237014.9487 0.0000
237459.7297 0.0000
237523.5012 0.0000
237926.3474 0.0000
238482.5825 0.0000
237577.4660 0.0000
237772.2769 0.0000
238819.2943 0.0000
239403.1652 0.0000
238344.8194 0.0000
238836.4640 0.0000
238817.6646 0.0000
239557.9850 0.0000
240391.8683 0.0000
240632.7916 0.0000
239898.1313 0.0000
240602.7702 0.0000
240120.1748 0.0000
240472.8098 0.0000
239086.5155 0.0000
241434.4370 0.0000
241052.2557 0.0000
240984.6478 0.0000
240820.6610 0.0000
240486.1365 0.0000
241842.6768 0.0000
242051.6550 0.0000
243220.1553 0.0000
244025.7886 0.0000
243644.9307 0.0000
243807.3466 0.0000
242670.6324 0.0000
244369.7458 0.0000
244259.0870 0.0000
244417.8292 0.0000
245879.4979 0.0000
245252.1458 0.0000
245571.4145 0.0000
245982.7163 0.0000
245065.8032 0.0000
246277.1371 0.0000
247056.4987 0.0000
247642.2973 0.0000
247535.5387 0.0000
247108.2260 0.0000
247417.0580 0.0000
247683.8390 0.0000
247590.4198 0.0000
246965.5302 0.0000
247742.4369 0.0000
247878.9091 0.0000
247273.1421 0.0000
247555.4065 0.0000
249173.0387 0.0000
250389.7228 0.0000
249766.1298 0.0000
251229.4438 0.0000
250339.8482 0.0000
251753.9705 0.0000
251510.9089 0.0000
252445.7263 0.0000
252698.2516 0.0000
252576.9720 0.0000
253141.2384 0.0000
253323.4550 0.0000
252412.1241 0.0000
254297.0118 0.0000
254523.4912 0.0000
253948.5472 0.0000
254598.2870 0.0000
254546.4361 0.0000
255843.6030 0.0000
255744.8484 0.0000
256793.0077 0.0000
257107.0272 0.0000
257847.3347 0.0000
257072.6448 0.0000
258066.6345 0.0000
258144.8790 0.0000
258878.4078 0.0000
258813.8807 0.0000
259862.5224 0.0000
260423.1963 0.0000
260431.0807 0.0000
259685.0822 0.0000
260271.2228 0.0000
260391.1616 0.0000
260821.2224 0.0000
261239.2146 0.0000
260552.9528 0.0000
261418.8896 0.0000
260922.0777 0.0000
261423.8269 0.0000
261122.5250 0.0000
262091.1124 0.0000
262849.8494 0.0000
262833.1358 0.0000
262469.8082 0.0000
263244.1614 0.0000
263456.9468 0.0000
263387.2612 0.0000
263111.2022 0.0000
263806.3069 0.0000
263668.5718 0.0000
263855.6010 0.0000
263118.5246 0.0000
262850.8141 0.0000
263352.1210 0.0000
264284.8017 0.0000
265224.0005 0.0000
267245.0569 0.0000
268212.5400 0.0000
267531.7526 0.0000
268068.9740 0.0000
267740.2767 0.0000
267475.4020 0.0000
269353.6012 0.0000
269246.1047 0.0000
268763.7322 0.0000
268984.4477 0.0000
268872.4091 0.0000
269581.9932 0.0000
269131.4163 0.0000
269435.8681 0.0000
270289.6454 0.0000
270654.8858 0.0000
270041.4445 0.0000
272218.3396 0.0000
272532.9938 0.0000
272631.4828 0.0000
272196.7165 0.0000
273112.7303 0.0000
272448.6464 0.0000
273658.4765 0.0000
272809.9779 0.0000
273205.9873 0.0000
273461.3455 0.0000
274680.7952 0.0000
274068.1836 0.0000
274931.0233 0.0000
275093.0067 0.0000
274691.1766 0.0000
275654.2766 0.0000
275397.7101 0.0000
274648.0493 0.0000
275747.9836 0.0000
276508.5672 0.0000
277256.3981 0.0000
277365.4169 0.0000
276924.3414 0.0000
277719.3685 0.0000
278866.3285 0.0000
278105.3095 0.0000
278623.7283 0.0000
277718.5668 0.0000
279389.4643 0.0000
279509.1290 0.0000
279269.6151 0.0000
279757.6811 0.0000
279052.2626 0.0000
281356.1946 0.0000
280702.4067 0.0000
280879.4858 0.0000
280602.5037 0.0000
280967.1053 0.0000
281372.1709 0.0000
281581.1156 0.0000
281726.7552 0.0000
281302.5352 0.0000
281538.6187 0.0000
280952.7880 0.0000
280644.7762 0.0000
282190.7640 0.0000
282393.4407 0.0000
281855.5753 0.0000
282177.6027 0.0000
282735.7370 0.0000
281900.4814 0.0000
282303.6501 0.0000
283243.0217 0.0000
283812.5053 0.0000
284010.5440 0.0000
284009.6908 0.0000
284878.3376 0.0000
284563.0232 0.0000
284471.3439 0.0000
284465.3901 0.0000
284501.1132 0.0000
285270.9909 0.0000
284392.8485 0.0000
285936.1627 0.0000
287003.2008 0.0000
287233.3705 0.0000
288627.1794 0.0000
289167.4438 0.0000
288714.4294 0.0000
289871.1266 0.0000
290392.5962 0.0000
290752.2500 0.0000
290480.6112 0.0000
291241.0066 0.0000
290958.7076 0.0000
291264.6751 0.0000
290907.1104 0.0000
292208.3562 0.0000
293394.6935 0.0000
291457.6255 0.0000
293866.2336 0.0000
294720.7017 0.0000
