-100.0000 -100.0000
2951.9509 0.0000
2245.4040 0.0000
3333.0949 0.0000
3738.7308 0.0000
3907.9401 0.0000
4148.7183 0.0000
4559.2108 0.0000
4901.0019 0.0000
6414.3607 0.0000
6492.5899 0.0000
6059.9826 0.0000
6678.3055 0.0000
6226.7191 0.0000
6585.2213 0.0000
5809.6975 0.0000
7135.6972 0.0000
9346.8215 0.0000
9728.3640 0.0000
8708.5023 0.0000
9377.7031 0.0000
10184.0531 0.0000
10191.8350 0.0000
9793.1352 0.0000
9148.6514 0.0000
10620.7522 0.0000
10076.6346 0.0000
10332.4354 0.0000
10840.6926 0.0000
11445.9015 0.0000
12393.2163 0.0000
12145.6314 0.0000
12206.0789 0.0000
11605.7751 0.0000
12296.2990 0.0000
12463.3586 0.0000
12714.1140 0.0000
12946.2990 0.0000
12880.6151 0.0000
12947.1133 0.0000
13036.5890 0.0000
12390.5755 0.0000
11923.0579 0.0000
13187.7474 0.0000
12919.9414 0.0000
13238.1832 0.0000
13578.5239 0.0000
13204.0931 0.0000
12376.0700 0.0000
12039.9321 0.0000
13697.0259 0.0000
13726.0576 0.0000
14667.0132 0.0000
15109.0224 0.0000
15379.1592 0.0000
14900.7687 0.0000
16359.2088 0.0000
16002.6789 0.0000
16173.2974 0.0000
16611.4706 0.0000
16305.5174 0.0000
15853.4632 0.0000
16676.1803 0.0000
16525.3175 0.0000
16970.6294 0.0000
17701.3813 0.0000
17809.3995 0.0000
18645.9163 0.0000
18523.8963 0.0000
17637.6813 0.0000
18506.2201 0.0000
18115.3825 0.0000
18408.5065 0.0000
19411.2093 0.0000
19904.1932 0.0000
20249.6626 0.0000
20121.1379 0.0000
20814.6371 0.0000
20951.7846 0.0000
21348.8393 0.0000
22023.6426 0.0000
22111.1315 0.0000
22620.3996 0.0000
22442.4875 0.0000
21534.7108 0.0000
22988.3387 0.0000
22906.7581 0.0000
22199.3556 0.0000
22406.3216 0.0000
23600.8503 0.0000
23217.7916 0.0000
23693.1274 0.0000
23971.3642 0.0000
23913.1951 0.0000
24153.3503 0.0000
23220.3882 0.0000
23711.6212 0.0000
23919.1227 0.0000
23555.5564 0.0000
24225.7660 0.0000
24209.0425 0.0000
24371.4228 0.0000
24870.1953 0.0000
24728.3347 0.0000
24531.4850 0.0000
25795.8777 0.0000
25327.3507 0.0000
26632.0009 0.0000
26599.0265 0.0000
26666.1966 0.0000
26714.2712 0.0000
27972.8580 0.0000
28243.3827 0.0000
27999.4961 0.0000
28716.5814 0.0000
28860.3213 0.0000
28167.8842 0.0000
29443.5215 0.0000
28883.2976 0.0000
29972.2015 0.0000
30076.7597 0.0000
29506.5780 0.0000
29532.0220 0.0000
30259.4021 0.0000
30834.8154 0.0000
31073.8761 0.0000
30182.5349 0.0000
30125.7661 0.0000
29629.0844 0.0000
31069.0967 0.0000
30733.0895 0.0000
30192.9787 0.0000
31501.3159 0.0000
31336.1314 0.0000
31389.4351 0.0000
30976.4018 0.0000
31954.1470 0.0000
32625.5225 0.0000
32026.8092 0.0000
33517.0361 0.0000
33759.3011 0.0000
33788.8705 0.0000
34063.6006 0.0000
33570.0843 0.0000
32931.2400 0.0000
34185.1093 0.0000
34540.0386 0.0000
34520.5372 0.0000
33896.3473 0.0000
34815.4501 0.0000
35195.9947 0.0000
35450.1585 0.0000
36209.6113 0.0000
36568.4857 0.0000
36379.9501 0.0000
36705.8779 0.0000
36306.2247 0.0000
36409.2532 0.0000
36051.8411 0.0000
36193.8976 0.0000
36564.8040 0.0000
37526.1001 0.0000
36988.0257 0.0000
37157.8543 0.0000
37418.8183 0.0000
37756.1457 0.0000
37646.7227 0.0000
37287.8499 0.0000
38189.4226 0.0000
38335.1795 0.0000
37494.3954 0.0000
37605.9013 0.0000
38728.6263 0.0000
38399.6233 0.0000
38418.6906 0.0000
38350.1290 0.0000
38408.5061 0.0000
39751.0876 0.0000
39725.4396 0.0000
39666.1996 0.0000
40066.1387 0.0000
39382.0281 0.0000
41043.9918 0.0000
40268.0368 0.0000
40065.1097 0.0000
41475.5782 0.0000
40113.3749 0.0000
42189.7794 0.0000
41459.6610 0.0000
42404.6404 0.0000
41436.3155 0.0000
42074.9832 0.0000
42267.2736 0.0000
42309.0642 0.0000
42510.5036 0.0000
42371.0795 0.0000
42426.2679 0.0000
43453.5924 0.0000
42619.7652 0.0000
43421.0029 0.0000
43679.3204 0.0000
44355.8653 0.0000
43643.2737 0.0000
43850.9692 0.0000
45900.4302 0.0000
45468.5173 0.0000
46923.4359 0.0000
46364.8208 0.0000
46791.9568 0.0000
46988.2594 0.0000
47159.5239 0.0000
47219.9291 0.0000
46352.5900 0.0000
47801.2478 0.0000
46944.9925 0.0000
47341.3209 0.0000
48369.5840 0.0000
48353.4780 0.0000
48934.5345 0.0000
48794.9820 0.0000
48785.5729 0.0000
48742.9962 0.0000
47756.5515 0.0000
49133.4350 0.0000
49388.9675 0.0000
50746.2828 0.0000
50705.2779 0.0000
49621.6595 0.0000
50522.0998 0.0000
51257.3722 0.0000
50470.5350 0.0000
49815.4240 0.0000
51761.4375 0.0000
52338.2668 0.0000
51641.6000 0.0000
52927.1259 0.0000
52644.0163 0.0000
53405.3019 0.0000
53168.8662 0.0000
53785.1147 0.0000
53711.8943 0.0000
54675.6588 0.0000
53753.9384 0.0000
55739.1596 0.0000
55634.2203 0.0000
55647.4633 0.0000
55646.2120 0.0000
55480.5892 0.0000
55257.5053 0.0000
56350.3812 0.0000
55953.2077 0.0000
55884.5629 0.0000
56216.7389 0.0000
56717.3736 0.0000
56802.9391 0.0000
56382.9445 0.0000
56460.1447 0.0000
56147.6439 0.0000
56581.4999 0.0000
57682.5680 0.0000
56462.0862 0.0000
57541.2329 0.0000
57050.5541 0.0000
57872.8757 0.0000
58163.9283 0.0000
57859.0278 0.0000
57970.5610 0.0000
58303.5219 0.0000
58211.2507 0.0000
58753.5232 0.0000
59125.8848 0.0000
59498.2701 0.0000
58961.1304 0.0000
59136.8983 0.0000
58998.9966 0.0000
60573.5350 0.0000
60312.8871 0.0000
59522.3501 0.0000
60645.9759 0.0000
61168.8560 0.0000
60444.6326 0.0000
61727.8652 0.0000
61991.7183 0.0000
62761.7423 0.0000
62083.4423 0.0000
62080.6512 0.0000
63008.3570 0.0000
63516.1812 0.0000
64411.0922 0.0000
64845.8350 0.0000
64421.4801 0.0000
64991.3388 0.0000
64214.5072 0.0000
65372.0841 0.0000
64775.5768 0.0000
66462.4932 0.0000
67219.6423 0.0000
66779.1135 0.0000
66882.3334 0.0000
67230.0204 0.0000
67882.5320 0.0000
68835.9240 0.0000
68063.5198 0.0000
69741.4097 0.0000
70101.8488 0.0000
70423.3529 0.0000
69535.3152 0.0000
70935.1125 0.0000
70293.1583 0.0000
70755.2888 0.0000
71370.7705 0.0000
71710.4440 0.0000
72064.1614 0.0000
72570.0968 0.0000
71735.5055 0.0000
72814.4019 0.0000
72805.8543 0.0000
72855.1466 0.0000
72790.7431 0.0000
72868.4122 0.0000
72709.8527 0.0000
72987.9082 0.0000
72544.1219 0.0000
73347.0372 0.0000
72640.3106 0.0000
72859.2036 0.0000
73186.1815 0.0000
73703.0449 0.0000
73938.3598 0.0000
73400.5608 0.0000
74633.1479 0.0000
74578.3316 0.0000
73975.0567 0.0000
74135.9690 0.0000
75268.4337 0.0000
75774.5172 0.0000
75698.7652 0.0000
75714.1974 0.0000
76205.4420 0.0000
75850.5452 0.0000
76282.5848 0.0000
76720.1111 0.0000
76433.7250 0.0000
76266.6896 0.0000
77255.5510 0.0000
77221.0769 0.0000
76865.1668 0.0000
76860.2764 0.0000
76025.5350 0.0000
75918.2516 0.0000
76671.1415 0.0000
76983.8993 0.0000
76645.5586 0.0000
77315.8806 0.0000
77014.8846 0.0000
77930.9736 0.0000
78352.0384 0.0000
78144.4715 0.0000
78839.9067 0.0000
78884.6844 0.0000
79526.7245 0.0000
79697.6134 0.0000
79636.2072 0.0000
80220.1717 0.0000
80323.1417 0.0000
80852.1619 0.0000
80257.4169 0.0000
80799.3124 0.0000
79968.3504 0.0000
81028.9106 0.0000
80711.8935 0.0000
80856.2205 0.0000
80956.4625 0.0000
81501.9064 0.0000
80667.3658 0.0000
80531.0713 0.0000
80987.9691 0.0000
81649.8067 0.0000
81311.0281 0.0000
81030.3628 0.0000
81890.7439 0.0000
80997.0691 0.0000
82462.1557 0.0000
81702.9537 0.0000
82691.1570 0.0000
83612.7739 0.0000
83173.5076 0.0000
83792.8514 0.0000
83918.1273 0.0000
84060.7753 0.0000
83209.5917 0.0000
83421.8120 0.0000
84699.9661 0.0000
84506.5166 0.0000
83871.9563 0.0000
85744.6779 0.0000
85665.3259 0.0000
85700.4280 0.0000
85245.4441 0.0000
85630.5359 0.0000
86813.4997 0.0000
86578.5518 0.0000
87039.1737 0.0000
87088.0349 0.0000
87580.7406 0.0000
87643.4912 0.0000
88305.6049 0.0000
88443.2748 0.0000
88370.2238 0.0000
89095.1916 0.0000
88562.3186 0.0000
89795.9799 0.0000
90132.7373 0.0000
90301.5982 0.0000
90187.2525 0.0000
89915.6088 0.0000
90337.3491 0.0000
90204.2712 0.0000
90051.8938 0.0000
90761.8795 0.0000
91058.7031 0.0000
91205.2941 0.0000
91607.7706 0.0000
91279.3184 0.0000
92166.2203 0.0000
91928.3360 0.0000
92635.0244 0.0000
93204.3654 0.0000
93371.9161 0.0000
94112.3737 0.0000
93149.8877 0.0000
93728.7126 0.0000
93530.1051 0.0000
94999.0526 0.0000
95136.9143 0.0000
95802.5569 0.0000
95554.5177 0.0000
96580.5356 0.0000
95560.6648 0.0000
97067.1458 0.0000
97801.3648 0.0000
97205.8306 0.0000
97769.8110 0.0000
98028.6192 0.0000
98538.6702 0.0000
99882.8282 0.0000
99544.2911 0.0000
100473.5148 0.0000
99636.5715 0.0000
99627.2446 0.0000
100609.8463 0.0000
100354.9302 0.0000
99866.8506 0.0000
100684.9759 0.0000
100211.6568 0.0000
101545.2699 0.0000
102189.8381 0.0000
102184.9509 0.0000
101915.0594 0.0000
101844.3166 0.0000
103399.0824 0.0000
102712.0983 0.0000
103036.2655 0.0000
103221.6333 0.0000
103421.2519 0.0000
102292.0230 0.0000
103651.1959 0.0000
103151.3331 0.0000
103373.5855 0.0000
103824.1357 0.0000
103842.4823 0.0000
103162.4263 0.0000
103574.9350 0.0000
103934.2909 0.0000
104327.8065 0.0000
103544.6592 0.0000
104983.0896 0.0000
104408.0190 0.0000
104771.5057 0.0000
104581.3825 0.0000
105925.3143 0.0000
106382.7799 0.0000
106205.9178 0.0000
106985.1966 0.0000
106949.0001 0.0000
108089.2679 0.0000
108276.5723 0.0000
108073.2613 0.0000
108529.7782 0.0000
108023.4052 0.0000
108611.8368 0.0000
108263.3265 0.0000
108813.1328 0.0000
108798.3917 0.0000
109605.6181 0.0000
109167.7143 0.0000
109642.6277 0.0000
109122.8698 0.0000
109991.5574 0.0000
109139.3113 0.0000
110770.2160 0.0000
110652.5433 0.0000
111094.1339 0.0000
111168.4771 0.0000
110544.0041 0.0000
111694.9842 0.0000
111408.2177 0.0000
111157.5698 0.0000
112112.2034 0.0000
112568.4074 0.0000
113814.6767 0.0000
115008.0013 0.0000
115636.9353 0.0000
115381.0396 0.0000
116738.5950 0.0000
116821.2630 0.0000
116874.0592 0.0000
116208.5703 0.0000
117241.9577 0.0000
117211.1876 0.0000
117637.6971 0.0000
118175.1545 0.0000
118371.7889 0.0000
117922.6983 0.0000
118646.7194 0.0000
118750.9963 0.0000
117986.0571 0.0000
118340.4482 0.0000
119061.4850 0.0000
119795.3077 0.0000
119268.9989 0.0000
120361.4182 0.0000
119669.3830 0.0000
119108.6991 0.0000
120511.2002 0.0000
121117.9347 0.0000
121161.1340 0.0000
121388.9336 0.0000
121153.5516 0.0000
121569.7990 0.0000
121537.3276 0.0000
121313.3439 0.0000
121517.8809 0.0000
121032.4872 0.0000
121792.9120 0.0000
123062.0874 0.0000
123586.7577 0.0000
123406.0644 0.0000
124253.0017 0.0000
125714.4948 0.0000
126905.2360 0.0000
126968.4980 0.0000
126466.6678 0.0000
127244.5680 0.0000
127200.4975 0.0000
126798.8678 0.0000
126754.6518 0.0000
126898.2607 0.0000
127991.8405 0.0000
128574.8065 0.0000
128789.5301 0.0000
128434.6286 0.0000
128172.8490 0.0000
127868.9981 0.0000
128892.2830 0.0000
129651.3879 0.0000
129878.9909 0.0000
129541.6130 0.0000
129309.6459 0.0000
130158.4849 0.0000
130132.5603 0.0000
130607.2723 0.0000
129478.1686 0.0000
129890.4956 0.0000
130632.9750 0.0000
132416.3432 0.0000
131776.1188 0.0000
133551.1430 0.0000
134398.3800 0.0000
134869.1441 0.0000
134817.8017 0.0000
135545.1595 0.0000
135380.0874 0.0000
135199.7463 0.0000
135204.7796 0.0000
135533.0949 0.0000
135373.8744 0.0000
136198.7854 0.0000
137057.7200 0.0000
137812.4279 0.0000
137108.1327 0.0000
137869.5738 0.0000
138152.1718 0.0000
138108.4732 0.0000
137403.2721 0.0000
138510.8479 0.0000
138531.5309 0.0000
139012.0090 0.0000
138683.5533 0.0000
138523.5397 0.0000
140060.5845 0.0000
140172.9143 0.0000
140824.8321 0.0000
140170.7901 0.0000
140632.3626 0.0000
141996.8979 0.0000
141876.2487 0.0000
140915.2568 0.0000
141468.0715 0.0000
141734.9034 0.0000
142248.5978 0.0000
141841.2330 0.0000
142056.9574 0.0000
141583.1960 0.0000
142793.1811 0.0000
142229.6172 0.0000
142480.1609 0.0000
143560.1162 0.0000
144600.5240 0.0000
144144.7654 0.0000
143948.4331 0.0000
145253.7754 0.0000
144446.8279 0.0000
146466.6499 0.0000
146732.3471 0.0000
146552.5839 0.0000
146494.4697 0.0000
145915.4670 0.0000
146709.2752 0.0000
146807.4847 0.0000
145843.9460 0.0000
146842.1963 0.0000
146655.5721 0.0000
146660.0539 0.0000
147010.5657 0.0000
146547.2069 0.0000
146527.7144 0.0000
146209.6918 0.0000
147342.2087 0.0000
147221.6027 0.0000
146824.2111 0.0000
147243.9456 0.0000
145975.7281 0.0000
146551.9274 0.0000
147239.7971 0.0000
146862.8447 0.0000
147397.1667 0.0000
148007.6258 0.0000
147669.7003 0.0000
148853.4704 0.0000
148984.6565 0.0000
149369.1444 0.0000
149039.3560 0.0000
148518.5512 0.0000
149274.6461 0.0000
149017.3197 0.0000
149343.3343 0.0000
148505.1008 0.0000
149509.9848 0.0000
149555.6846 0.0000
149362.2778 0.0000
148891.3453 0.0000
149199.1197 0.0000
148948.9035 0.0000
149425.8571 0.0000
149598.2705 0.0000
149807.8692 0.0000
149888.9482 0.0000
149600.6902 0.0000
150421.5154 0.0000
150337.0899 0.0000
150178.5977 0.0000
148778.5673 0.0000
150354.9962 0.0000
150785.1791 0.0000
151231.4730 0.0000
151432.2257 0.0000
152107.6950 0.0000
152802.4631 0.0000
152583.5621 0.0000
153260.4192 0.0000
153113.3615 0.0000
153341.1140 0.0000
154133.3311 0.0000
154104.5144 0.0000
152809.2809 0.0000
153559.1031 0.0000
153698.5849 0.0000
153110.6822 0.0000
153957.2822 0.0000
153656.7761 0.0000
154511.0414 0.0000
155093.9204 0.0000
154598.8340 0.0000
154767.0767 0.0000
155739.4045 0.0000
155876.7158 0.0000
155710.0114 0.0000
156285.0949 0.0000
156604.0562 0.0000
157503.7616 0.0000
157222.5195 0.0000
158017.9003 0.0000
157545.9556 0.0000
157538.0432 0.0000
157140.7133 0.0000
157986.3089 0.0000
157610.5090 0.0000
157564.4084 0.0000
157690.7054 0.0000
158378.2217 0.0000
158077.5455 0.0000
159396.3705 0.0000
158122.2703 0.0000
159260.6550 0.0000
159213.9858 0.0000
159617.6098 0.0000
160184.9488 0.0000
159890.0190 0.0000
160171.0425 0.0000
160368.6328 0.0000
159985.0733 0.0000
161091.9339 0.0000
160482.8615 0.0000
160978.3029 0.0000
161062.9667 0.0000
160160.7111 0.0000
161673.9725 0.0000
161634.5780 0.0000
161500.6609 0.0000
162060.5592 0.0000
163018.7568 0.0000
163864.7898 0.0000
163748.2501 0.0000
165025.4606 0.0000
164783.2619 0.0000
164843.8298 0.0000
164498.3047 0.0000
165621.3606 0.0000
164154.3738 0.0000
165208.7182 0.0000
166503.4222 0.0000
166348.1807 0.0000
166397.6874 0.0000
165582.4754 0.0000
165587.7031 0.0000
166120.8136 0.0000
166827.3025 0.0000
166970.6838 0.0000
167309.4960 0.0000
166946.3093 0.0000
167055.3301 0.0000
166449.8975 0.0000
166336.2048 0.0000
167200.7949 0.0000
167895.9609 0.0000
167407.3895 0.0000
167914.3452 0.0000
167646.2385 0.0000
167895.5792 0.0000
168909.7884 0.0000
168229.7469 0.0000
169272.8434 0.0000
169660.8974 0.0000
170690.7492 0.0000
169547.4255 0.0000
169736.7357 0.0000
170804.8226 0.0000
171599.0087 0.0000
172298.5073 0.0000
172592.6787 0.0000
173254.2069 0.0000
174139.0757 0.0000
174801.0920 0.0000
174929.2926 0.0000
174752.3357 0.0000
174766.8974 0.0000
174705.5891 0.0000
174479.9607 0.0000
174944.0417 0.0000
174484.7526 0.0000
175194.9897 0.0000
175914.7073 0.0000
175831.0579 0.0000
175495.6003 0.0000
175862.9751 0.0000
175642.2217 0.0000
177172.3740 0.0000
176905.3597 0.0000
176956.2792 0.0000
176879.5101 0.0000
175715.1962 0.0000
176113.3430 0.0000
176710.5364 0.0000
176429.6755 0.0000
178193.8367 0.0000
178198.8169 0.0000
178396.3330 0.0000
178643.4237 0.0000
180017.2536 0.0000
179803.9514 0.0000
179976.5630 0.0000
180250.0934 0.0000
179911.9701 0.0000
180091.3967 0.0000
179353.2945 0.0000
180042.6597 0.0000
180856.0707 0.0000
179811.0289 0.0000
181098.0608 0.0000
180752.4264 0.0000
180525.3059 0.0000
181129.7166 0.0000
180393.6248 0.0000
181241.1777 0.0000
181774.0771 0.0000
181784.9707 0.0000
181746.6884 0.0000
182097.6205 0.0000
181888.9149 0.0000
182941.6099 0.0000
183909.5162 0.0000
184211.2889 0.0000
184346.3959 0.0000
185443.3131 0.0000
184559.6722 0.0000
185633.7544 0.0000
185407.6329 0.0000
186231.6889 0.0000
186541.0222 0.0000
186686.7093 0.0000
187461.8543 0.0000
186983.6634 0.0000
189033.2292 0.0000
188979.6840 0.0000
188785.8131 0.0000
189594.5209 0.0000
189872.1442 0.0000
189689.3767 0.0000
190169.3523 0.0000
189290.3016 0.0000
190327.8921 0.0000
190428.6412 0.0000
189804.8929 0.0000
189693.5800 0.0000
191057.2328 0.0000
191274.4452 0.0000
192240.7739 0.0000
192284.2307 0.0000
192588.9996 0.0000
192153.7872 0.0000
191536.7606 0.0000
193566.9104 0.0000
194555.7370 0.0000
194875.9701 0.0000
195293.4548 0.0000
195220.2495 0.0000
194978.6673 0.0000
194104.3598 0.0000
195478.4379 0.0000
194936.2234 0.0000
195383.4705 0.0000
195757.9573 0.0000
196131.3965 0.0000
196846.4771 0.0000
196704.9754 0.0000
196324.4766 0.0000
197031.3030 0.0000
195887.1422 0.0000
196650.5920 0.0000
197894.2971 0.0000
198235.4701 0.0000
197571.0677 0.0000
198705.0949 0.0000
198036.5501 0.0000
199044.1337 0.0000
199883.3771 0.0000
199699.9500 0.0000
200556.4717 0.0000
199882.6099 0.0000
199992.6051 0.0000
201050.0624 0.0000
200649.6631 0.0000
200173.6520 0.0000
201447.4350 0.0000
201517.2627 0.0000
201955.1118 0.0000
202597.4455 0.0000
202502.1129 0.0000
201937.0744 0.0000
202405.4926 0.0000
202899.5478 0.0000
203002.9770 0.0000
202819.6383 0.0000
202961.7596 0.0000
202836.6065 0.0000
202069.8969 0.0000
202819.1278 0.0000
204032.1660 0.0000
202772.6770 0.0000
204934.9706 0.0000
205388.8201 0.0000
205364.4958 0.0000
204913.0330 0.0000
205047.6824 0.0000
204593.0773 0.0000
205014.7215 0.0000
206638.3641 0.0000
205419.9138 0.0000
207601.3795 0.0000
207267.5688 0.0000
206946.2844 0.0000
209080.9907 0.0000
208784.0307 0.0000
209010.0719 0.0000
208636.2183 0.0000
209945.3120 0.0000
209726.0103 0.0000
209256.9280 0.0000
209015.3466 0.0000
209769.5618 0.0000
210388.7735 0.0000
210410.0924 0.0000
211462.7022 0.0000
210683.0488 0.0000
211029.0730 0.0000
211785.3748 0.0000
212075.4818 0.0000
212578.4148 0.0000
212167.1925 0.0000
212591.8866 0.0000
212185.3029 0.0000
212034.6908 0.0000
212624.8152 0.0000
211406.2205 0.0000
213231.5942 0.0000
212498.7682 0.0000
212413.1850 0.0000
212995.3503 0.0000
212926.4914 0.0000
212919.9858 0.0000
213875.7296 0.0000
214526.8633 0.0000
214102.0878 0.0000
214683.4072 0.0000
215934.6597 0.0000
215797.5071 0.0000
216693.8292 0.0000
216308.5658 0.0000
216675.5815 0.0000
216872.0423 0.0000
217927.5458 0.0000
218135.2470 0.0000
218050.6772 0.0000
217721.5379 0.0000
216631.4515 0.0000
218872.9720 0.0000
217100.1221 0.0000
219021.7904 0.0000
218848.2779 0.0000
218660.2198 0.0000
218527.5023 0.0000
218439.3291 0.0000
218549.0326 0.0000
218447.0569 0.0000
219406.1284 0.0000
220249.8200 0.0000
219158.9243 0.0000
220729.5893 0.0000
221089.9861 0.0000
221328.9448 0.0000
221831.8719 0.0000
220874.4472 0.0000
221626.8885 0.0000
221909.3765 0.0000
221169.7531 0.0000
221544.1613 0.0000
222384.0152 0.0000
223026.5876 0.0000
222964.6647 0.0000
223029.7783 0.0000
222818.9760 0.0000
223222.0114 0.0000
222783.0784 0.0000
223355.1559 0.0000
222681.1582 0.0000
223776.2398 0.0000
223835.4762 0.0000
224146.6191 0.0000
224599.2494 0.0000
224324.7720 0.0000
224057.8238 0.0000
224373.0106 0.0000
224069.5931 0.0000
224558.0541 0.0000
224834.3644 0.0000
226190.8168 0.0000
225724.7341 0.0000
226020.9366 0.0000
226072.2422 0.0000
225698.2344 0.0000
225863.4692 0.0000
227465.6778 0.0000
227999.5163 0.0000
227980.4281 0.0000
228009.6267 0.0000
227129.3050 0.0000
227160.7612 0.0000
228040.4729 0.0000
229104.4686 0.0000
229898.3118 0.0000
230937.0954 0.0000
230996.0652 0.0000
231135.1814 0.0000
231301.1732 0.0000
230998.9787 0.0000
231007.2287 0.0000
231337.6282 0.0000
230953.6844 0.0000
230461.1308 0.0000
231284.5115 0.0000
231236.7663 0.0000
231921.8281 0.0000
231780.1666 0.0000
232483.3511 0.0000
232529.9248 0.0000
232519.4399 0.0000
232348.7509 0.0000
232903.4210 0.0000
232486.8167 0.0000
233014.0045 0.0000
232799.2642 0.0000
233674.3651 0.0000
232308.3935 0.0000
234874.0804 0.0000
234716.5141 0.0000
234982.7292 0.0000
235622.0267 0.0000
235259.3276 0.0000
235784.0367 0.0000
236358.6612 0.0000
236789.9597 0.0000
237234.7406 0.0000
237298.5122 0.0000
237701.3583 0.0000
238257.5935 0.0000
237352.4770 0.0000
237547.2879 0.0000
238594.3053 0.0000
239178.1761 0.0000
238119.8304 0.0000
238611.4750 0.0000
238592.6755 0.0000
239332.9959 0.0000
240166.8793 0.0000
240407.8025 0.0000
239673.1422 0.0000
240377.7812 0.0000
239895.1857 0.0000
240247.8207 0.0000
238861.5265 0.0000
241209.4479 0.0000
240827.2667 0.0000
240759.6587 0.0000
240595.6719 0.0000
240261.1475 0.0000
241617.6877 0.0000
241826.6660 0.0000
242995.1662 0.0000
243800.7995 0.0000
243419.9416 0.0000
243582.3576 0.0000
242445.6434 0.0000
244144.7568 0.0000
244034.0980 0.0000
244192.8402 0.0000
245654.5089 0.0000
245027.1568 0.0000
245346.4254 0.0000
245757.7273 0.0000
244840.8141 0.0000
246052.1480 0.0000
246831.5096 0.0000
247417.3082 0.0000
247310.5496 0.0000
246883.2370 0.0000
247192.0689 0.0000
247458.8499 0.0000
247365.4308 0.0000
246740.5411 0.0000
247517.4478 0.0000
247653.9200 0.0000
247048.1530 0.0000
247330.4175 0.0000
248948.0497 0.0000
250164.7337 0.0000
249541.1407 0.0000
251004.4547 0.0000
250114.8591 0.0000
251528.9815 0.0000
251285.9198 0.0000
252220.7372 0.0000
252473.2625 0.0000
252351.9830 0.0000
252916.2493 0.0000
253098.4659 0.0000
252187.1351 0.0000
254072.0228 0.0000
254298.5021 0.0000
253723.5581 0.0000
254373.2979 0.0000
254321.4471 0.0000
255618.6140 0.0000
255519.8594 0.0000
256568.0186 0.0000
256882.0382 0.0000
257622.3457 0.0000
256847.6557 0.0000
257841.6455 0.0000
257919.8899 0.0000
258653.4188 0.0000
258588.8917 0.0000
259637.5333 0.0000
260198.2073 0.0000
260206.0916 0.0000
259460.0932 0.0000
260046.2338 0.0000
260166.1726 0.0000
260596.2333 0.0000
261014.2256 0.0000
260327.9637 0.0000
261193.9006 0.0000
260697.0886 0.0000
261198.8379 0.0000
260897.5359 0.0000
261866.1234 0.0000
262624.8604 0.0000
262608.1467 0.0000
262244.8192 0.0000
263019.1723 0.0000
263231.9578 0.0000
263162.2722 0.0000
262886.2132 0.0000
263581.3179 0.0000
263443.5827 0.0000
263630.6119 0.0000
262893.5355 0.0000
262625.8250 0.0000
263127.1319 0.0000
264059.8126 0.0000
264999.0115 0.0000
267020.0679 0.0000
267987.5509 0.0000
267306.7636 0.0000
267843.9849 0.0000
267515.2877 0.0000
267250.4129 0.0000
269128.6121 0.0000
269021.1156 0.0000
268538.7431 0.0000
268759.4587 0.0000
268647.4201 0.0000
269357.0042 0.0000
268906.4272 0.0000
269210.8790 0.0000
270064.6563 0.0000
270429.8968 0.0000
269816.4555 0.0000
271993.3505 0.0000
272308.0047 0.0000
272406.4938 0.0000
271971.7275 0.0000
272887.7413 0.0000
272223.6574 0.0000
273433.4875 0.0000
272584.9888 0.0000
272980.9983 0.0000
273236.3565 0.0000
274455.8061 0.0000
273843.1945 0.0000
274706.0342 0.0000
274868.0177 0.0000
274466.1875 0.0000
275429.2876 0.0000
275172.7210 0.0000
274423.0603 0.0000
275522.9946 0.0000
276283.5781 0.0000
277031.4091 0.0000
277140.4278 0.0000
276699.3523 0.0000
277494.3794 0.0000
278641.3394 0.0000
277880.3204 0.0000
278398.7392 0.0000
277493.5777 0.0000
279164.4752 0.0000
279284.1400 0.0000
279044.6260 0.0000
279532.6920 0.0000
278827.2736 0.0000
281131.2055 0.0000
280477.4177 0.0000
280654.4967 0.0000
280377.5146 0.0000
280742.1162 0.0000
281147.1818 0.0000
281356.1265 0.0000
281501.7661 0.0000
281077.5461 0.0000
281313.6296 0.0000
280727.7989 0.0000
280419.7871 0.0000
281965.7749 0.0000
282168.4516 0.0000
281630.5863 0.0000
281952.6136 0.0000
282510.7480 0.0000
281675.4924 0.0000
282078.6610 0.0000
283018.0326 0.0000
283587.5163 0.0000
283785.5550 0.0000
283784.7017 0.0000
284653.3486 0.0000
284338.0342 0.0000
284246.3549 0.0000
284240.4011 0.0000
284276.1242 0.0000
285046.0018 0.0000
284167.8595 0.0000
285711.1736 0.0000
286778.2118 0.0000
287008.3814 0.0000
288402.1903 0.0000
288942.4548 0.0000
288489.4404 0.0000
289646.1375 0.0000
290167.6071 0.0000
290527.2609 0.0000
290255.6221 0.0000
291016.0176 0.0000
290733.7185 0.0000
291039.6860 0.0000
290682.1214 0.0000
291983.3671 0.0000
293169.7044 0.0000
291232.6365 0.0000
293641.2445 0.0000
294495.7127 0.0000
