-100.0000 -100.0000
3052.2489 0.0000
2344.8551 0.0000
3433.1343 0.0000
3838.1633 0.0000
4007.3476 0.0000
4248.0417 0.0000
4656.3495 0.0000
4998.3210 0.0000
6512.2002 0.0000
6590.4702 0.0000
6157.7587 0.0000
6776.6213 0.0000
6324.9851 0.0000
6683.5226 0.0000
5907.9219 0.0000
7234.0526 0.0000
9445.3114 0.0000
9827.3295 0.0000
8807.6048 0.0000
9476.7254 0.0000
10282.8932 0.0000
10290.6425 0.0000
9891.6923 0.0000
9247.2055 0.0000
10719.5181 0.0000
10175.1612 0.0000
10431.1957 0.0000
10939.4590 0.0000
11544.6401 0.0000
12491.8404 0.0000
12244.2717 0.0000
12304.7211 0.0000
11704.3981 0.0000
12394.9363 0.0000
12561.9879 0.0000
12812.7380 0.0000
13044.9422 0.0000
12979.2162 0.0000
13045.7154 0.0000
13135.2111 0.0000
12489.2200 0.0000
12021.6794 0.0000
13286.3921 0.0000
13018.5929 0.0000
13336.8245 0.0000
13677.1319 0.0000
13302.7022 0.0000
12474.6746 0.0000
12138.5341 0.0000
13795.6358 0.0000
13824.6657 0.0000
14765.6328 0.0000
15207.6414 0.0000
15477.7755 0.0000
14999.3853 0.0000
16457.8256 0.0000
16101.2955 0.0000
16271.9147 0.0000
16710.0879 0.0000
16404.1334 0.0000
15952.0800 0.0000
16774.7975 0.0000
16623.9317 0.0000
17069.2450 0.0000
17799.9980 0.0000
17908.0161 0.0000
18744.5331 0.0000
18622.5129 0.0000
17736.2959 0.0000
18604.8357 0.0000
18213.9987 0.0000
18507.1222 0.0000
19509.8257 0.0000
20002.8095 0.0000
20348.2794 0.0000
20219.7544 0.0000
20913.2542 0.0000
21050.4025 0.0000
21447.4573 0.0000
22122.2606 0.0000
22209.7496 0.0000
22719.0176 0.0000
22541.1059 0.0000
21633.3294 0.0000
23086.9567 0.0000
23005.3761 0.0000
22297.9734 0.0000
22504.9396 0.0000
23699.4683 0.0000
23316.4095 0.0000
23791.7458 0.0000
24069.9822 0.0000
24011.8129 0.0000
24251.9682 0.0000
23319.0059 0.0000
23810.2395 0.0000
24017.7410 0.0000
23654.1746 0.0000
24324.3841 0.0000
24307.6606 0.0000
24470.0408 0.0000
24968.8134 0.0000
24826.9528 0.0000
24630.1031 0.0000
25894.4959 0.0000
25425.9689 0.0000
26730.6191 0.0000
26697.6447 0.0000
26764.8148 0.0000
26812.8894 0.0000
28071.4763 0.0000
28342.0011 0.0000
28098.1144 0.0000
28815.1997 0.0000
28958.9397 0.0000
28266.5024 0.0000
29542.1398 0.0000
28981.9159 0.0000
30070.8198 0.0000
30175.3779 0.0000
29605.1963 0.0000
29630.6402 0.0000
30358.0204 0.0000
30933.4337 0.0000
31172.4944 0.0000
30281.1532 0.0000
30224.3844 0.0000
29727.7026 0.0000
31167.7149 0.0000
30831.7078 0.0000
30291.5970 0.0000
31599.9342 0.0000
31434.7497 0.0000
31488.0534 0.0000
31075.0201 0.0000
32052.7653 0.0000
32724.1408 0.0000
32125.4275 0.0000
33615.6544 0.0000
33857.9194 0.0000
33887.4888 0.0000
34162.2190 0.0000
33668.7026 0.0000
33029.8583 0.0000
34283.7276 0.0000
34638.6569 0.0000
34619.1555 0.0000
33994.9656 0.0000
34914.0684 0.0000
35294.6130 0.0000
35548.7768 0.0000
36308.2296 0.0000
36667.1041 0.0000
36478.5684 0.0000
36804.4962 0.0000
36404.8430 0.0000
36507.8715 0.0000
36150.4594 0.0000
36292.5159 0.0000
36663.4223 0.0000
37624.7184 0.0000
37086.6440 0.0000
37256.4726 0.0000
37517.4366 0.0000
37854.7640 0.0000
37745.3410 0.0000
37386.4682 0.0000
38288.0409 0.0000
38433.7978 0.0000
37593.0137 0.0000
37704.5196 0.0000
38827.2446 0.0000
38498.2417 0.0000
38517.3089 0.0000
38448.7473 0.0000
38507.1244 0.0000
39849.7059 0.0000
39824.0579 0.0000
39764.8179 0.0000
40164.7570 0.0000
39480.6464 0.0000
41142.6101 0.0000
40366.6551 0.0000
40163.7280 0.0000
41574.1965 0.0000
40211.9932 0.0000
42288.3977 0.0000
41558.2793 0.0000
42503.2587 0.0000
41534.9338 0.0000
42173.6015 0.0000
42365.8919 0.0000
42407.6825 0.0000
42609.1219 0.0000
42469.6978 0.0000
42524.8862 0.0000
43552.2107 0.0000
42718.3835 0.0000
43519.6212 0.0000
43777.9387 0.0000
44454.4836 0.0000
43741.8920 0.0000
43949.5875 0.0000
45999.0485 0.0000
45567.1356 0.0000
47022.0542 0.0000
46463.4391 0.0000
46890.5751 0.0000
47086.8777 0.0000
47258.1422 0.0000
47318.5475 0.0000
46451.2083 0.0000
47899.8661 0.0000
47043.6108 0.0000
47439.9393 0.0000
48468.2023 0.0000
48452.0963 0.0000
49033.1528 0.0000
48893.6003 0.0000
48884.1912 0.0000
48841.6145 0.0000
47855.1698 0.0000
49232.0533 0.0000
49487.5858 0.0000
50844.9011 0.0000
50803.8962 0.0000
49720.2779 0.0000
50620.7181 0.0000
51355.9905 0.0000
50569.1533 0.0000
49914.0424 0.0000
51860.0558 0.0000
52436.8852 0.0000
51740.2183 0.0000
53025.7442 0.0000
52742.6346 0.0000
53503.9202 0.0000
53267.4845 0.0000
53883.7330 0.0000
53810.5126 0.0000
54774.2771 0.0000
53852.5567 0.0000
55837.7779 0.0000
55732.8386 0.0000
55746.0816 0.0000
55744.8303 0.0000
55579.2075 0.0000
55356.1236 0.0000
56448.9995 0.0000
56051.8260 0.0000
55983.1812 0.0000
56315.3572 0.0000
56815.9919 0.0000
56901.5574 0.0000
56481.5628 0.0000
56558.7630 0.0000
56246.2622 0.0000
56680.1182 0.0000
57781.1863 0.0000
56560.7045 0.0000
57639.8512 0.0000
57149.1724 0.0000
57971.4940 0.0000
58262.5467 0.0000
57957.6461 0.0000
58069.1793 0.0000
58402.1402 0.0000
58309.8690 0.0000
58852.1415 0.0000
59224.5031 0.0000
59596.8884 0.0000
59059.7487 0.0000
59235.5166 0.0000
59097.6149 0.0000
60672.1533 0.0000
60411.5054 0.0000
59620.9684 0.0000
60744.5942 0.0000
61267.4743 0.0000
60543.2509 0.0000
61826.4835 0.0000
62090.3366 0.0000
62860.3606 0.0000
62182.0607 0.0000
62179.2695 0.0000
63106.9753 0.0000
63614.7995 0.0000
64509.7105 0.0000
64944.4533 0.0000
64520.0985 0.0000
65089.9571 0.0000
64313.1255 0.0000
65470.7024 0.0000
64874.1951 0.0000
66561.1115 0.0000
67318.2606 0.0000
66877.7318 0.0000
66980.9517 0.0000
67328.6387 0.0000
67981.1503 0.0000
68934.5423 0.0000
68162.1381 0.0000
69840.0280 0.0000
70200.4671 0.0000
70521.9712 0.0000
69633.9335 0.0000
71033.7308 0.0000
70391.7766 0.0000
70853.9071 0.0000
71469.3888 0.0000
71809.0623 0.0000
72162.7797 0.0000
72668.7151 0.0000
71834.1238 0.0000
72913.0202 0.0000
72904.4726 0.0000
72953.7649 0.0000
72889.3614 0.0000
72967.0305 0.0000
72808.4710 0.0000
73086.5265 0.0000
72642.7402 0.0000
73445.6555 0.0000
72738.9289 0.0000
72957.8220 0.0000
73284.7998 0.0000
73801.6632 0.0000
74036.9781 0.0000
73499.1791 0.0000
74731.7662 0.0000
74676.9499 0.0000
74073.6750 0.0000
74234.5873 0.0000
75367.0520 0.0000
75873.1355 0.0000
75797.3835 0.0000
75812.8157 0.0000
76304.0603 0.0000
75949.1635 0.0000
76381.2031 0.0000
76818.7294 0.0000
76532.3433 0.0000
76365.3079 0.0000
77354.1693 0.0000
77319.6952 0.0000
76963.7851 0.0000
76958.8947 0.0000
76124.1534 0.0000
76016.8699 0.0000
76769.7598 0.0000
77082.5176 0.0000
76744.1769 0.0000
77414.4989 0.0000
77113.5029 0.0000
78029.5919 0.0000
78450.6567 0.0000
78243.0898 0.0000
78938.5250 0.0000
78983.3027 0.0000
79625.3428 0.0000
79796.2317 0.0000
79734.8255 0.0000
80318.7901 0.0000
80421.7600 0.0000
80950.7802 0.0000
80356.0352 0.0000
80897.9307 0.0000
80066.9687 0.0000
81127.5289 0.0000
80810.5118 0.0000
80954.8388 0.0000
81055.0808 0.0000
81600.5247 0.0000
80765.9841 0.0000
80629.6896 0.0000
81086.5874 0.0000
81748.4250 0.0000
81409.6465 0.0000
81128.9811 0.0000
81989.3623 0.0000
81095.6874 0.0000
82560.7740 0.0000
81801.5720 0.0000
82789.7753 0.0000
83711.3922 0.0000
83272.1259 0.0000
83891.4697 0.0000
84016.7456 0.0000
84159.3936 0.0000
83308.2100 0.0000
83520.4303 0.0000
84798.5844 0.0000
84605.1349 0.0000
83970.5746 0.0000
85843.2962 0.0000
85763.9442 0.0000
85799.0463 0.0000
85344.0624 0.0000
85729.1542 0.0000
86912.1180 0.0000
86677.1701 0.0000
87137.7920 0.0000
87186.6532 0.0000
87679.3589 0.0000
87742.1095 0.0000
88404.2233 0.0000
88541.8931 0.0000
88468.8421 0.0000
89193.8100 0.0000
88660.9369 0.0000
89894.5982 0.0000
90231.3556 0.0000
90400.2165 0.0000
90285.8708 0.0000
90014.2271 0.0000
90435.9674 0.0000
90302.8895 0.0000
90150.5122 0.0000
90860.4978 0.0000
91157.3214 0.0000
91303.9124 0.0000
91706.3889 0.0000
91377.9367 0.0000
92264.8386 0.0000
92026.9543 0.0000
92733.6427 0.0000
93302.9837 0.0000
93470.5344 0.0000
94210.9920 0.0000
93248.5060 0.0000
93827.3309 0.0000
93628.7234 0.0000
95097.6709 0.0000
95235.5326 0.0000
95901.1752 0.0000
95653.1360 0.0000
96679.1539 0.0000
95659.2831 0.0000
97165.7641 0.0000
97899.9831 0.0000
97304.4489 0.0000
97868.4293 0.0000
98127.2375 0.0000
98637.2885 0.0000
99981.4465 0.0000
99642.9094 0.0000
100572.1331 0.0000
99735.1898 0.0000
99725.8629 0.0000
100708.4646 0.0000
100453.5485 0.0000
99965.4689 0.0000
100783.5942 0.0000
100310.2752 0.0000
101643.8882 0.0000
102288.4564 0.0000
102283.5692 0.0000
102013.6777 0.0000
101942.9349 0.0000
103497.7007 0.0000
102810.7166 0.0000
103134.8838 0.0000
103320.2516 0.0000
103519.8702 0.0000
102390.6413 0.0000
103749.8142 0.0000
103249.9514 0.0000
103472.2038 0.0000
103922.7540 0.0000
103941.1006 0.0000
103261.0446 0.0000
103673.5533 0.0000
104032.9092 0.0000
104426.4248 0.0000
103643.2775 0.0000
105081.7079 0.0000
104506.6373 0.0000
104870.1240 0.0000
104680.0008 0.0000
106023.9326 0.0000
106481.3982 0.0000
106304.5361 0.0000
107083.8149 0.0000
107047.6184 0.0000
108187.8862 0.0000
108375.1906 0.0000
108171.8796 0.0000
108628.3965 0.0000
108122.0235 0.0000
108710.4551 0.0000
108361.9448 0.0000
108911.7511 0.0000
108897.0100 0.0000
109704.2364 0.0000
109266.3326 0.0000
109741.2460 0.0000
109221.4881 0.0000
110090.1758 0.0000
109237.9296 0.0000
110868.8343 0.0000
110751.1616 0.0000
111192.7522 0.0000
111267.0954 0.0000
110642.6224 0.0000
111793.6025 0.0000
111506.8360 0.0000
111256.1881 0.0000
112210.8217 0.0000
112667.0257 0.0000
113913.2950 0.0000
115106.6196 0.0000
115735.5536 0.0000
115479.6579 0.0000
116837.2134 0.0000
116919.8813 0.0000
116972.6775 0.0000
116307.1886 0.0000
117340.5760 0.0000
117309.8059 0.0000
117736.3154 0.0000
118273.7728 0.0000
118470.4072 0.0000
118021.3166 0.0000
118745.3377 0.0000
118849.6146 0.0000
118084.6754 0.0000
118439.0665 0.0000
119160.1034 0.0000
119893.9260 0.0000
119367.6172 0.0000
120460.0365 0.0000
119768.0014 0.0000
119207.3174 0.0000
120609.8185 0.0000
121216.5530 0.0000
121259.7523 0.0000
121487.5519 0.0000
121252.1699 0.0000
121668.4173 0.0000
121635.9459 0.0000
121411.9622 0.0000
121616.4993 0.0000
121131.1056 0.0000
121891.5303 0.0000
123160.7057 0.0000
123685.3760 0.0000
123504.6827 0.0000
124351.6200 0.0000
125813.1131 0.0000
127003.8543 0.0000
127067.1163 0.0000
126565.2861 0.0000
127343.1863 0.0000
127299.1158 0.0000
126897.4861 0.0000
126853.2702 0.0000
126996.8790 0.0000
128090.4588 0.0000
128673.4248 0.0000
128888.1484 0.0000
128533.2469 0.0000
128271.4673 0.0000
127967.6164 0.0000
128990.9013 0.0000
129750.0062 0.0000
129977.6092 0.0000
129640.2313 0.0000
129408.2642 0.0000
130257.1032 0.0000
130231.1786 0.0000
130705.8906 0.0000
129576.7870 0.0000
129989.1139 0.0000
130731.5934 0.0000
132514.9615 0.0000
131874.7371 0.0000
133649.7613 0.0000
134496.9983 0.0000
134967.7624 0.0000
134916.4200 0.0000
135643.7778 0.0000
135478.7057 0.0000
135298.3646 0.0000
135303.3979 0.0000
135631.7132 0.0000
135472.4927 0.0000
136297.4037 0.0000
137156.3383 0.0000
137911.0462 0.0000
137206.7510 0.0000
137968.1921 0.0000
138250.7901 0.0000
138207.0915 0.0000
137501.8904 0.0000
138609.4662 0.0000
138630.1492 0.0000
139110.6273 0.0000
138782.1716 0.0000
138622.1581 0.0000
140159.2028 0.0000
140271.5326 0.0000
140923.4504 0.0000
140269.4084 0.0000
140730.9809 0.0000
142095.5162 0.0000
141974.8670 0.0000
141013.8752 0.0000
141566.6898 0.0000
141833.5217 0.0000
142347.2161 0.0000
141939.8513 0.0000
142155.5757 0.0000
141681.8143 0.0000
142891.7994 0.0000
142328.2355 0.0000
142578.7792 0.0000
143658.7345 0.0000
144699.1423 0.0000
144243.3837 0.0000
144047.0515 0.0000
145352.3938 0.0000
144545.4463 0.0000
146565.2682 0.0000
146830.9654 0.0000
146651.2022 0.0000
146593.0880 0.0000
146014.0853 0.0000
146807.8935 0.0000
146906.1030 0.0000
145942.5643 0.0000
146940.8146 0.0000
146754.1904 0.0000
146758.6722 0.0000
147109.1840 0.0000
146645.8252 0.0000
146626.3327 0.0000
146308.3102 0.0000
147440.8270 0.0000
147320.2210 0.0000
146922.8295 0.0000
147342.5639 0.0000
146074.3464 0.0000
146650.5457 0.0000
147338.4154 0.0000
146961.4631 0.0000
147495.7850 0.0000
148106.2441 0.0000
147768.3186 0.0000
148952.0887 0.0000
149083.2748 0.0000
149467.7627 0.0000
149137.9743 0.0000
148617.1695 0.0000
149373.2644 0.0000
149115.9380 0.0000
149441.9526 0.0000
148603.7191 0.0000
149608.6031 0.0000
149654.3030 0.0000
149460.8961 0.0000
148989.9636 0.0000
149297.7380 0.0000
149047.5218 0.0000
149524.4754 0.0000
149696.8888 0.0000
149906.4875 0.0000
149987.5665 0.0000
149699.3085 0.0000
150520.1338 0.0000
150435.7082 0.0000
150277.2160 0.0000
148877.1856 0.0000
150453.6145 0.0000
150883.7975 0.0000
151330.0913 0.0000
151530.8440 0.0000
152206.3133 0.0000
152901.0814 0.0000
152682.1804 0.0000
153359.0375 0.0000
153211.9798 0.0000
153439.7323 0.0000
154231.9494 0.0000
154203.1327 0.0000
152907.8992 0.0000
153657.7214 0.0000
153797.2032 0.0000
153209.3005 0.0000
154055.9005 0.0000
153755.3944 0.0000
154609.6597 0.0000
155192.5387 0.0000
154697.4523 0.0000
154865.6950 0.0000
155838.0228 0.0000
155975.3341 0.0000
155808.6297 0.0000
156383.7132 0.0000
156702.6746 0.0000
157602.3799 0.0000
157321.1378 0.0000
158116.5186 0.0000
157644.5740 0.0000
157636.6615 0.0000
157239.3316 0.0000
158084.9273 0.0000
157709.1273 0.0000
157663.0267 0.0000
157789.3237 0.0000
158476.8400 0.0000
158176.1639 0.0000
159494.9888 0.0000
158220.8886 0.0000
159359.2733 0.0000
159312.6041 0.0000
159716.2281 0.0000
160283.5671 0.0000
159988.6373 0.0000
160269.6608 0.0000
160467.2511 0.0000
160083.6916 0.0000
161190.5522 0.0000
160581.4798 0.0000
161076.9212 0.0000
161161.5850 0.0000
160259.3294 0.0000
161772.5908 0.0000
161733.1963 0.0000
161599.2792 0.0000
162159.1775 0.0000
163117.3752 0.0000
163963.4081 0.0000
163846.8684 0.0000
165124.0789 0.0000
164881.8802 0.0000
164942.4481 0.0000
164596.9230 0.0000
165719.9789 0.0000
164252.9921 0.0000
165307.3365 0.0000
166602.0405 0.0000
166446.7990 0.0000
166496.3057 0.0000
165681.0937 0.0000
165686.3214 0.0000
166219.4319 0.0000
166925.9208 0.0000
167069.3021 0.0000
167408.1143 0.0000
167044.9276 0.0000
167153.9484 0.0000
166548.5158 0.0000
166434.8231 0.0000
167299.4132 0.0000
167994.5792 0.0000
167506.0079 0.0000
168012.9635 0.0000
167744.8568 0.0000
167994.1975 0.0000
169008.4067 0.0000
168328.3652 0.0000
169371.4617 0.0000
169759.5157 0.0000
170789.3675 0.0000
169646.0438 0.0000
169835.3540 0.0000
170903.4409 0.0000
171697.6270 0.0000
172397.1256 0.0000
172691.2970 0.0000
173352.8252 0.0000
174237.6940 0.0000
174899.7103 0.0000
175027.9109 0.0000
174850.9540 0.0000
174865.5157 0.0000
174804.2074 0.0000
174578.5790 0.0000
175042.6600 0.0000
174583.3709 0.0000
175293.6081 0.0000
176013.3256 0.0000
175929.6762 0.0000
175594.2186 0.0000
175961.5934 0.0000
175740.8400 0.0000
177270.9923 0.0000
177003.9780 0.0000
177054.8975 0.0000
176978.1284 0.0000
175813.8145 0.0000
176211.9613 0.0000
176809.1547 0.0000
176528.2938 0.0000
178292.4551 0.0000
178297.4352 0.0000
178494.9513 0.0000
178742.0420 0.0000
180115.8719 0.0000
179902.5697 0.0000
180075.1813 0.0000
180348.7117 0.0000
180010.5884 0.0000
180190.0151 0.0000
179451.9128 0.0000
180141.2781 0.0000
180954.6890 0.0000
179909.6472 0.0000
181196.6791 0.0000
180851.0447 0.0000
180623.9242 0.0000
181228.3349 0.0000
180492.2431 0.0000
181339.7960 0.0000
181872.6954 0.0000
181883.5890 0.0000
181845.3067 0.0000
182196.2388 0.0000
181987.5332 0.0000
183040.2282 0.0000
184008.1345 0.0000
184309.9072 0.0000
184445.0142 0.0000
185541.9314 0.0000
184658.2905 0.0000
185732.3727 0.0000
185506.2512 0.0000
186330.3072 0.0000
186639.6405 0.0000
186785.3276 0.0000
187560.4726 0.0000
187082.2817 0.0000
189131.8475 0.0000
189078.3023 0.0000
188884.4314 0.0000
189693.1392 0.0000
189970.7625 0.0000
189787.9950 0.0000
190267.9706 0.0000
189388.9199 0.0000
190426.5104 0.0000
190527.2595 0.0000
189903.5112 0.0000
189792.1983 0.0000
191155.8511 0.0000
191373.0635 0.0000
192339.3922 0.0000
192382.8490 0.0000
192687.6179 0.0000
192252.4055 0.0000
191635.3789 0.0000
193665.5287 0.0000
194654.3553 0.0000
194974.5884 0.0000
195392.0731 0.0000
195318.8678 0.0000
195077.2856 0.0000
194202.9781 0.0000
195577.0562 0.0000
195034.8417 0.0000
195482.0888 0.0000
195856.5757 0.0000
196230.0148 0.0000
196945.0954 0.0000
196803.5937 0.0000
196423.0949 0.0000
197129.9213 0.0000
195985.7605 0.0000
196749.2103 0.0000
197992.9154 0.0000
198334.0884 0.0000
197669.6860 0.0000
198803.7132 0.0000
198135.1684 0.0000
199142.7520 0.0000
199981.9954 0.0000
199798.5683 0.0000
200655.0900 0.0000
199981.2282 0.0000
200091.2234 0.0000
201148.6807 0.0000
200748.2814 0.0000
200272.2703 0.0000
201546.0533 0.0000
201615.8810 0.0000
202053.7301 0.0000
202696.0638 0.0000
202600.7312 0.0000
202035.6927 0.0000
202504.1109 0.0000
202998.1661 0.0000
203101.5953 0.0000
202918.2566 0.0000
203060.3779 0.0000
202935.2248 0.0000
202168.5152 0.0000
202917.7461 0.0000
204130.7843 0.0000
202871.2953 0.0000
205033.5889 0.0000
205487.4385 0.0000
205463.1141 0.0000
205011.6513 0.0000
205146.3007 0.0000
204691.6956 0.0000
205113.3398 0.0000
206736.9824 0.0000
205518.5321 0.0000
207699.9978 0.0000
207366.1871 0.0000
207044.9027 0.0000
209179.6090 0.0000
208882.6490 0.0000
209108.6902 0.0000
208734.8366 0.0000
210043.9304 0.0000
209824.6286 0.0000
209355.5463 0.0000
209113.9649 0.0000
209868.1801 0.0000
210487.3919 0.0000
210508.7107 0.0000
211561.3205 0.0000
210781.6671 0.0000
211127.6913 0.0000
211883.9931 0.0000
212174.1001 0.0000
212677.0331 0.0000
212265.8108 0.0000
212690.5049 0.0000
212283.9212 0.0000
212133.3091 0.0000
212723.4335 0.0000
211504.8388 0.0000
213330.2125 0.0000
212597.3865 0.0000
212511.8033 0.0000
213093.9686 0.0000
213025.1097 0.0000
213018.6041 0.0000
213974.3479 0.0000
214625.4816 0.0000
214200.7061 0.0000
214782.0255 0.0000
216033.2780 0.0000
215896.1254 0.0000
216792.4475 0.0000
216407.1841 0.0000
216774.1998 0.0000
216970.6606 0.0000
218026.1641 0.0000
218233.8654 0.0000
218149.2956 0.0000
217820.1562 0.0000
216730.0698 0.0000
218971.5903 0.0000
217198.7404 0.0000
219120.4087 0.0000
218946.8962 0.0000
218758.8381 0.0000
218626.1206 0.0000
218537.9474 0.0000
218647.6509 0.0000
218545.6752 0.0000
219504.7467 0.0000
220348.4383 0.0000
219257.5426 0.0000
220828.2076 0.0000
221188.6044 0.0000
221427.5631 0.0000
221930.4902 0.0000
220973.0655 0.0000
221725.5068 0.0000
222007.9948 0.0000
221268.3714 0.0000
221642.7796 0.0000
222482.6335 0.0000
223125.2060 0.0000
223063.2830 0.0000
223128.3966 0.0000
222917.5943 0.0000
223320.6297 0.0000
222881.6967 0.0000
223453.7742 0.0000
222779.7765 0.0000
223874.8581 0.0000
223934.0945 0.0000
224245.2374 0.0000
224697.8677 0.0000
224423.3903 0.0000
224156.4421 0.0000
224471.6289 0.0000
224168.2114 0.0000
224656.6724 0.0000
224932.9827 0.0000
226289.4351 0.0000
225823.3524 0.0000
226119.5549 0.0000
226170.8605 0.0000
225796.8527 0.0000
225962.0875 0.0000
227564.2961 0.0000
228098.1346 0.0000
228079.0464 0.0000
228108.2450 0.0000
227227.9233 0.0000
227259.3795 0.0000
228139.0912 0.0000
229203.0869 0.0000
229996.9301 0.0000
231035.7137 0.0000
231094.6835 0.0000
231233.7997 0.0000
231399.7915 0.0000
231097.5970 0.0000
231105.8470 0.0000
231436.2465 0.0000
231052.3027 0.0000
230559.7491 0.0000
231383.1298 0.0000
231335.3846 0.0000
232020.4464 0.0000
231878.7849 0.0000
232581.9694 0.0000
232628.5431 0.0000
232618.0582 0.0000
232447.3692 0.0000
233002.0393 0.0000
232585.4350 0.0000
233112.6228 0.0000
232897.8825 0.0000
233772.9834 0.0000
232407.0118 0.0000
234972.6987 0.0000
234815.1324 0.0000
235081.3475 0.0000
235720.6450 0.0000
235357.9459 0.0000
235882.6550 0.0000
236457.2795 0.0000
236888.5780 0.0000
237333.3589 0.0000
237397.1305 0.0000
237799.9766 0.0000
238356.2118 0.0000
237451.0953 0.0000
237645.9062 0.0000
238692.9236 0.0000
239276.7945 0.0000
238218.4487 0.0000
238710.0933 0.0000
238691.2938 0.0000
239431.6142 0.0000
240265.4976 0.0000
240506.4208 0.0000
239771.7605 0.0000
240476.3995 0.0000
239993.8040 0.0000
240346.4390 0.0000
238960.1448 0.0000
241308.0662 0.0000
240925.8850 0.0000
240858.2770 0.0000
240694.2902 0.0000
240359.7658 0.0000
241716.3060 0.0000
241925.2843 0.0000
243093.7845 0.0000
243899.4178 0.0000
243518.5599 0.0000
243680.9759 0.0000
242544.2617 0.0000
244243.3751 0.0000
244132.7163 0.0000
244291.4585 0.0000
245753.1272 0.0000
245125.7751 0.0000
245445.0437 0.0000
245856.3456 0.0000
244939.4324 0.0000
246150.7664 0.0000
246930.1279 0.0000
247515.9265 0.0000
247409.1679 0.0000
246981.8553 0.0000
247290.6872 0.0000
247557.4682 0.0000
247464.0491 0.0000
246839.1594 0.0000
247616.0662 0.0000
247752.5383 0.0000
247146.7714 0.0000
247429.0358 0.0000
249046.6680 0.0000
250263.3520 0.0000
249639.7590 0.0000
251103.0730 0.0000
250213.4774 0.0000
251627.5998 0.0000
251384.5381 0.0000
252319.3555 0.0000
252571.8808 0.0000
252450.6013 0.0000
253014.8677 0.0000
253197.0842 0.0000
252285.7534 0.0000
254170.6411 0.0000
254397.1204 0.0000
253822.1764 0.0000
254471.9163 0.0000
254420.0654 0.0000
255717.2323 0.0000
255618.4777 0.0000
256666.6369 0.0000
256980.6565 0.0000
257720.9640 0.0000
256946.2740 0.0000
257940.2638 0.0000
258018.5082 0.0000
258752.0371 0.0000
258687.5100 0.0000
259736.1516 0.0000
260296.8256 0.0000
260304.7099 0.0000
259558.7115 0.0000
260144.8521 0.0000
260264.7909 0.0000
260694.8516 0.0000
261112.8439 0.0000
260426.5820 0.0000
261292.5189 0.0000
260795.7069 0.0000
261297.4562 0.0000
260996.1542 0.0000
261964.7417 0.0000
262723.4787 0.0000
262706.7650 0.0000
262343.4375 0.0000
263117.7906 0.0000
263330.5761 0.0000
263260.8905 0.0000
262984.8315 0.0000
263679.9362 0.0000
263542.2010 0.0000
263729.2302 0.0000
262992.1538 0.0000
262724.4433 0.0000
263225.7502 0.0000
264158.4309 0.0000
265097.6298 0.0000
267118.6862 0.0000
268086.1692 0.0000
267405.3819 0.0000
267942.6032 0.0000
267613.9060 0.0000
267349.0312 0.0000
269227.2304 0.0000
269119.7339 0.0000
268637.3614 0.0000
268858.0770 0.0000
268746.0384 0.0000
269455.6225 0.0000
269005.0455 0.0000
269309.4973 0.0000
270163.2747 0.0000
270528.5151 0.0000
269915.0738 0.0000
272091.9688 0.0000
272406.6230 0.0000
272505.1121 0.0000
272070.3458 0.0000
272986.3596 0.0000
272322.2757 0.0000
273532.1058 0.0000
272683.6071 0.0000
273079.6166 0.0000
273334.9748 0.0000
274554.4244 0.0000
273941.8128 0.0000
274804.6526 0.0000
274966.6360 0.0000
274564.8058 0.0000
275527.9059 0.0000
275271.3394 0.0000
274521.6786 0.0000
275621.6129 0.0000
276382.1964 0.0000
277130.0274 0.0000
277239.0461 0.0000
276797.9706 0.0000
277592.9977 0.0000
278739.9577 0.0000
277978.9387 0.0000
278497.3575 0.0000
277592.1960 0.0000
279263.0935 0.0000
279382.7583 0.0000
279143.2443 0.0000
279631.3103 0.0000
278925.8919 0.0000
281229.8238 0.0000
280576.0360 0.0000
280753.1150 0.0000
280476.1329 0.0000
280840.7345 0.0000
281245.8001 0.0000
281454.7448 0.0000
281600.3845 0.0000
281176.1644 0.0000
281412.2479 0.0000
280826.4172 0.0000
280518.4054 0.0000
282064.3932 0.0000
282267.0699 0.0000
281729.2046 0.0000
282051.2319 0.0000
282609.3663 0.0000
281774.1107 0.0000
282177.2793 0.0000
283116.6509 0.0000
283686.1346 0.0000
283884.1733 0.0000
283883.3200 0.0000
284751.9669 0.0000
284436.6525 0.0000
284344.9732 0.0000
284339.0194 0.0000
284374.7425 0.0000
285144.6201 0.0000
284266.4778 0.0000
285809.7919 0.0000
286876.8301 0.0000
287106.9997 0.0000
288500.8086 0.0000
289041.0731 0.0000
288588.0587 0.0000
289744.7558 0.0000
290266.2254 0.0000
290625.8792 0.0000
290354.2405 0.0000
291114.6359 0.0000
290832.3368 0.0000
291138.3044 0.0000
290780.7397 0.0000
292081.9854 0.0000
293268.3228 0.0000
291331.2548 0.0000
293739.8628 0.0000
294594.3310 0.0000
