0.0229 0.0266 0.0392 0.0447 0.0532 0.0660 0.0797 0.0995 0.1338 0.1463
0.0236 0.0276 0.0410 0.0472 0.0565 0.0704 0.0854 0.1068 0.1440 0.1578
0.0239 0.0281 0.0419 0.0483 0.0580 0.0724 0.0880 0.1101 0.1486 0.1629
0.0257 0.0304 0.0453 0.0525 0.0631 0.0785 0.0957 0.1192 0.1600 0.1750
0.0275 0.0326 0.0486 0.0565 0.0679 0.0843 0.1030 0.1278 0.1706 0.1862
0.0277 0.0328 0.0490 0.0569 0.0684 0.0849 0.1037 0.1286 0.1715 0.1871
0.0294 0.0347 0.0516 0.0598 0.0717 0.0885 0.1080 0.1333 0.1764 0.1917
0.0371 0.0435 0.0641 0.0742 0.0886 0.1077 0.1313 0.1594 0.2059 0.2212
0.0555 0.0646 0.0936 0.1079 0.1279 0.1517 0.1843 0.2175 0.2716 0.2867
0.0738 0.0846 0.1202 0.1373 0.1614 0.1881 0.2269 0.2622 0.3210 0.3349
0.0726 0.0826 0.1166 0.1323 0.1550 0.1802 0.2168 0.2507 0.3071 0.3200
0.0633 0.0714 0.1005 0.1132 0.1324 0.1543 0.1852 0.2157 0.2664 0.2784
0.0785 0.0873 0.1208 0.1346 0.1564 0.1799 0.2145 0.2459 0.3005 0.3112
0.1337 0.1452 0.1942 0.2131 0.2444 0.2738 0.3217 0.3555 0.4219 0.4298
0.1715 0.1842 0.2416 0.2629 0.2992 0.3307 0.3847 0.4179 0.4880 0.4941
0.1870 0.2000 0.2601 0.2821 0.3198 0.3515 0.4070 0.4395 0.5099 0.5150
0.1958 0.2087 0.2696 0.2914 0.3294 0.3602 0.4156 0.4468 0.5163 0.5205
0.2074 0.2211 0.2842 0.3067 0.3459 0.3767 0.4329 0.4638 0.5328 0.5369
0.2208 0.2365 0.3039 0.3278 0.3711 0.4040 0.4625 0.4963 0.5682 0.5750
0.2522 0.2723 0.3480 0.3728 0.4250 0.4618 0.5221 0.5627 0.6396 0.6530
0.2974 0.3217 0.4044 0.4286 0.4886 0.5261 0.5853 0.6298 0.7063 0.7241
0.3494 0.3749 0.4575 0.4797 0.5407 0.5729 0.6293 0.6729 0.7437 0.7615
0.4227 0.4471 0.5251 0.5453 0.6047 0.6300 0.6847 0.7275 0.7907 0.8080
0.5097 0.5264 0.5939 0.6071 0.6615 0.6784 0.7285 0.7662 0.8200 0.8355
0.5904 0.5960 0.6503 0.6536 0.7016 0.7099 0.7536 0.7836 0.8289 0.8419
0.6641 0.6609 0.6999 0.6950 0.7338 0.7302 0.7654 0.7857 0.8210 0.8300
0.7359 0.7262 0.7486 0.7369 0.7648 0.7467 0.7717 0.7797 0.8018 0.8041
0.7832 0.7702 0.7818 0.7661 0.7862 0.7578 0.7751 0.7734 0.7839 0.7800
0.8138 0.7991 0.8036 0.7854 0.7999 0.7641 0.7756 0.7662 0.7669 0.7574
0.8249 0.8084 0.8086 0.7878 0.7993 0.7577 0.7652 0.7507 0.7451 0.7314
0.7944 0.7713 0.7674 0.7386 0.7490 0.6994 0.7032 0.6859 0.6791 0.6627
0.7289 0.6943 0.6851 0.6434 0.6528 0.5960 0.5947 0.5775 0.5742 0.5573
0.7633 0.7343 0.7273 0.6917 0.7014 0.6471 0.6480 0.6300 0.6241 0.6069
0.8339 0.8171 0.8152 0.7937 0.8034 0.7594 0.7648 0.7475 0.7381 0.7221
0.8422 0.8270 0.8259 0.8064 0.8162 0.7743 0.7804 0.7637 0.7545 0.7391
0.8439 0.8287 0.8275 0.8081 0.8177 0.7757 0.7817 0.7648 0.7552 0.7396
0.8450 0.8297 0.8281 0.8084 0.8176 0.7750 0.7805 0.7630 0.7526 0.7365
0.8391 0.8227 0.8204 0.7994 0.8086 0.7645 0.7696 0.7516 0.7411 0.7245
0.8365 0.8196 0.8171 0.7955 0.8047 0.7601 0.7650 0.7469 0.7364 0.7198
0.8392 0.8227 0.8204 0.7993 0.8086 0.7644 0.7694 0.7514 0.7408 0.7243
0.8422 0.8262 0.8241 0.8036 0.8128 0.7692 0.7744 0.7565 0.7458 0.7294
0.8439 0.8282 0.8262 0.8061 0.8152 0.7720 0.7772 0.7594 0.7487 0.7323
0.8440 0.8284 0.8264 0.8063 0.8154 0.7722 0.7775 0.7596 0.7489 0.7325
0.8439 0.8282 0.8262 0.8061 0.8152 0.7720 0.7772 0.7593 0.7486 0.7322
0.8432 0.8275 0.8255 0.8052 0.8143 0.7710 0.7762 0.7583 0.7476 0.7311
0.8413 0.8252 0.8231 0.8024 0.8116 0.7679 0.7730 0.7550 0.7443 0.7279
0.8365 0.8196 0.8171 0.7955 0.8048 0.7601 0.7649 0.7468 0.7363 0.7197
0.8269 0.8084 0.8053 0.7818 0.7911 0.7447 0.7491 0.7307 0.7206 0.7036
0.8134 0.7925 0.7885 0.7622 0.7717 0.7229 0.7265 0.7079 0.6985 0.6812
0.8007 0.7777 0.7729 0.7440 0.7535 0.7028 0.7057 0.6869 0.6781 0.6607
0.7883 0.7631 0.7574 0.7261 0.7356 0.6833 0.6854 0.6665 0.6585 0.6409
0.7665 0.7375 0.7303 0.6947 0.7041 0.6493 0.6499 0.6312 0.6246 0.6069
0.7314 0.6966 0.6869 0.6450 0.6539 0.5964 0.5946 0.5767 0.5725 0.5551
0.6859 0.6441 0.6312 0.5822 0.5902 0.5312 0.5263 0.5101 0.5090 0.4925
0.6380 0.5895 0.5736 0.5187 0.5253 0.4669 0.4592 0.4452 0.4472 0.4321
0.5970 0.5434 0.5253 0.4666 0.4719 0.4155 0.4057 0.3938 0.3982 0.3845
0.5682 0.5117 0.4922 0.4317 0.4362 0.3818 0.3709 0.3604 0.3664 0.3536
0.5469 0.4890 0.4690 0.4080 0.4119 0.3592 0.3476 0.3383 0.3453 0.3333
0.5350 0.4767 0.4565 0.3955 0.3991 0.3475 0.3357 0.3270 0.3345 0.3229
0.5274 0.4690 0.4489 0.3881 0.3916 0.3406 0.3288 0.3205 0.3284 0.3170
0.5142 0.4567 0.4372 0.3776 0.3810 0.3312 0.3194 0.3119 0.3204 0.3094
0.4857 0.4323 0.4155 0.3600 0.3635 0.3160 0.3048 0.2990 0.3089 0.2984
0.4323 0.3891 0.3781 0.3318 0.3357 0.2925 0.2828 0.2802 0.2924 0.2827
0.3978 0.3614 0.3542 0.3140 0.3181 0.2778 0.2691 0.2684 0.2820 0.2730
0.4068 0.3687 0.3607 0.3190 0.3232 0.2823 0.2734 0.2723 0.2860 0.2768
0.4709 0.4252 0.4135 0.3646 0.3696 0.3237 0.3147 0.3108 0.3228 0.3126
0.6476 0.6108 0.6041 0.5610 0.5718 0.5180 0.5168 0.5061 0.5115 0.4977
0.7107 0.6807 0.6770 0.6409 0.6532 0.6014 0.6043 0.5918 0.5939 0.5798
0.6229 0.5806 0.5706 0.5224 0.5316 0.4772 0.4732 0.4627 0.4688 0.4552
0.5065 0.4560 0.4414 0.3877 0.3927 0.3440 0.3344 0.3284 0.3387 0.3278
0.4682 0.4200 0.4066 0.3556 0.3599 0.3142 0.3043 0.3001 0.3115 0.3014
0.4541 0.4082 0.3961 0.3473 0.3516 0.3070 0.2974 0.2940 0.3061 0.2962
0.4530 0.4080 0.3965 0.3484 0.3530 0.3085 0.2992 0.2960 0.3083 0.2985
0.4707 0.4251 0.4135 0.3646 0.3697 0.3239 0.3150 0.3112 0.3233 0.3131
0.4989 0.4531 0.4417 0.3921 0.3981 0.3503 0.3421 0.3373 0.3488 0.3381
0.4975 0.4520 0.4409 0.3916 0.3977 0.3501 0.3420 0.3373 0.3490 0.3383
0.4453 0.4028 0.3930 0.3472 0.3522 0.3086 0.2999 0.2975 0.3107 0.3011
0.3899 0.3555 0.3498 0.3114 0.3159 0.2766 0.2685 0.2686 0.2834 0.2746
0.3590 0.3304 0.3276 0.2941 0.2987 0.2618 0.2543 0.2559 0.2711 0.2628
0.3450 0.3189 0.3173 0.2858 0.2905 0.2548 0.2476 0.2497 0.2647 0.2567
0.3478 0.3213 0.3198 0.2880 0.2928 0.2570 0.2499 0.2517 0.2672 0.2591
0.3466 0.3203 0.3195 0.2879 0.2930 0.2578 0.2508 0.2526 0.2685 0.2602
0.3329 0.3075 0.3072 0.2763 0.2807 0.2464 0.2386 0.2389 0.2526 0.2437
0.3012 0.2781 0.2783 0.2491 0.2517 0.2187 0.2089 0.2061 0.2134 0.2034
0.2543 0.2354 0.2367 0.2110 0.2115 0.1813 0.1702 0.1644 0.1645 0.1541
0.2477 0.2271 0.2276 0.2011 0.2001 0.1705 0.1583 0.1497 0.1475 0.1360
0.2644 0.2400 0.2410 0.2121 0.2116 0.1825 0.1706 0.1610 0.1615 0.1486
0.2607 0.2377 0.2425 0.2155 0.2173 0.1915 0.1821 0.1740 0.1785 0.1658
0.2465 0.2252 0.2317 0.2068 0.2091 0.1859 0.1780 0.1707 0.1762 0.1637
0.2227 0.2018 0.2065 0.1833 0.1832 0.1610 0.1527 0.1445 0.1465 0.1342
0.1852 0.1675 0.1705 0.1513 0.1486 0.1283 0.1201 0.1117 0.1091 0.0981
0.1451 0.1324 0.1357 0.1215 0.1181 0.1014 0.0947 0.0874 0.0831 0.0738
0.1203 0.1106 0.1148 0.1039 0.1008 0.0872 0.0820 0.0760 0.0719 0.0638
0.1113 0.1026 0.1082 0.0988 0.0966 0.0854 0.0816 0.0768 0.0745 0.0667
0.1096 0.1012 0.1090 0.1005 0.0999 0.0914 0.0895 0.0863 0.0876 0.0797
0.1088 0.1012 0.1116 0.1043 0.1058 0.1001 0.1007 0.0996 0.1056 0.0979
0.1060 0.0993 0.1116 0.1054 0.1082 0.1047 0.1071 0.1077 0.1170 0.1098
0.0892 0.0843 0.0951 0.0902 0.0923 0.0892 0.0908 0.0915 0.0984 0.0923
0.0677 0.0651 0.0739 0.0707 0.0717 0.0685 0.0689 0.0694 0.0721 0.0675
0.0569 0.0556 0.0634 0.0612 0.0619 0.0588 0.0589 0.0594 0.0604 0.0565
0.0511 0.0505 0.0584 0.0569 0.0579 0.0558 0.0563 0.0575 0.0591 0.0558
0.0449 0.0450 0.0538 0.0534 0.0556 0.0558 0.0579 0.0612 0.0660 0.0638
0.0421 0.0428 0.0531 0.0537 0.0576 0.0606 0.0652 0.0716 0.0818 0.0813
0.0497 0.0508 0.0645 0.0662 0.0726 0.0789 0.0874 0.0978 0.1167 0.1176
0.0609 0.0626 0.0803 0.0831 0.0922 0.1015 0.1143 0.1283 0.1555 0.1575
0.0609 0.0628 0.0811 0.0844 0.0940 0.1040 0.1178 0.1327 0.1616 0.1641
0.0494 0.0511 0.0661 0.0686 0.0761 0.0841 0.0946 0.1072 0.1300 0.1322
0.0387 0.0401 0.0514 0.0531 0.0582 0.0636 0.0703 0.0796 0.0946 0.0960
0.0349 0.0363 0.0466 0.0482 0.0527 0.0576 0.0634 0.0720 0.0851 0.0865
0.0330 0.0346 0.0450 0.0468 0.0516 0.0570 0.0633 0.0726 0.0868 0.0888
0.0323 0.0341 0.0448 0.0471 0.0522 0.0585 0.0656 0.0760 0.0921 0.0949
0.0324 0.0345 0.0459 0.0486 0.0544 0.0617 0.0700 0.0819 0.1004 0.1042
0.0325 0.0348 0.0468 0.0499 0.0563 0.0644 0.0736 0.0867 0.1073 0.1118
0.0307 0.0330 0.0445 0.0476 0.0538 0.0618 0.0709 0.0839 0.1042 0.1089
0.0273 0.0294 0.0396 0.0423 0.0476 0.0548 0.0625 0.0742 0.0921 0.0965
0.0249 0.0268 0.0360 0.0383 0.0430 0.0494 0.0560 0.0666 0.0825 0.0864
0.0237 0.0255 0.0345 0.0368 0.0414 0.0477 0.0542 0.0648 0.0807 0.0849
0.0228 0.0249 0.0341 0.0368 0.0419 0.0492 0.0566 0.0684 0.0868 0.0922
0.0241 0.0268 0.0376 0.0413 0.0477 0.0570 0.0669 0.0818 0.1055 0.1131
0.0305 0.0345 0.0492 0.0551 0.0644 0.0773 0.0922 0.1123 0.1444 0.1545
0.0388 0.0441 0.0630 0.0712 0.0836 0.0997 0.1198 0.1442 0.1831 0.1947
0.0415 0.0471 0.0673 0.0760 0.0893 0.1061 0.1276 0.1528 0.1933 0.2051
0.0363 0.0411 0.0586 0.0659 0.0771 0.0920 0.1102 0.1330 0.1693 0.1802
0.0327 0.0368 0.0523 0.0584 0.0682 0.0815 0.0972 0.1178 0.1506 0.1605
0.0340 0.0382 0.0542 0.0605 0.0706 0.0841 0.1002 0.1211 0.1544 0.1643
0.0399 0.0449 0.0637 0.0714 0.0834 0.0988 0.1182 0.1416 0.1791 0.1897
0.0495 0.0559 0.0789 0.0887 0.1036 0.1219 0.1461 0.1728 0.2161 0.2274
0.0511 0.0574 0.0808 0.0905 0.1056 0.1239 0.1483 0.1749 0.2183 0.2293
0.0455 0.0508 0.0713 0.0795 0.0925 0.1087 0.1296 0.1537 0.1929 0.2031
0.0469 0.0522 0.0729 0.0810 0.0940 0.1101 0.1310 0.1549 0.1940 0.2038
0.0583 0.0645 0.0893 0.0990 0.1147 0.1331 0.1582 0.1844 0.2288 0.2386
0.0920 0.1006 0.1368 0.1507 0.1738 0.1977 0.2340 0.2648 0.3216 0.3307
0.1377 0.1484 0.1970 0.2149 0.2458 0.2742 0.3212 0.3538 0.4198 0.4268
0.1665 0.1781 0.2328 0.2524 0.2868 0.3167 0.3680 0.4001 0.4686 0.4741
0.1802 0.1917 0.2486 0.2685 0.3040 0.3335 0.3859 0.4170 0.4854 0.4899
0.1801 0.1905 0.2454 0.2636 0.2974 0.3250 0.3748 0.4041 0.4704 0.4738
0.1676 0.1751 0.2236 0.2376 0.2668 0.2901 0.3331 0.3591 0.4204 0.4221
0.1509 0.1549 0.1950 0.2037 0.2268 0.2445 0.2783 0.2994 0.3524 0.3520
0.1473 0.1492 0.1851 0.1909 0.2108 0.2247 0.2531 0.2707 0.3177 0.3154
0.1631 0.1653 0.2039 0.2103 0.2317 0.2453 0.2756 0.2927 0.3404 0.3372
0.1918 0.1965 0.2424 0.2520 0.2782 0.2938 0.3302 0.3491 0.4011 0.3981
0.2124 0.2186 0.2684 0.2794 0.3084 0.3241 0.3630 0.3823 0.4356 0.4330
0.2207 0.2255 0.2735 0.2819 0.3098 0.3222 0.3576 0.3749 0.4251 0.4216
0.2227 0.2242 0.2665 0.2698 0.2939 0.3008 0.3289 0.3421 0.3860 0.3805
0.2242 0.2215 0.2569 0.2544 0.2739 0.2744 0.2942 0.3027 0.3385 0.3309
0.2314 0.2264 0.2584 0.2525 0.2701 0.2668 0.2822 0.2882 0.3200 0.3114
0.2580 0.2545 0.2902 0.2847 0.3057 0.3020 0.3194 0.3269 0.3618 0.3544
0.2917 0.2906 0.3308 0.3263 0.3518 0.3478 0.3680 0.3775 0.4159 0.4103
0.3203 0.3205 0.3628 0.3582 0.3863 0.3808 0.4018 0.4122 0.4517 0.4473
0.3758 0.3829 0.4343 0.4352 0.4713 0.4687 0.4971 0.5128 0.5578 0.5580
0.4228 0.4350 0.4915 0.4970 0.5379 0.5374 0.5713 0.5917 0.6392 0.6434
0.4571 0.4694 0.5234 0.5289 0.5694 0.5661 0.6005 0.6220 0.6682 0.6734
0.4841 0.4923 0.5383 0.5397 0.5761 0.5655 0.5959 0.6151 0.6571 0.6607
0.4731 0.4696 0.4996 0.4891 0.5158 0.4916 0.5100 0.5222 0.5563 0.5543
0.4369 0.4243 0.4430 0.4234 0.4426 0.4118 0.4205 0.4287 0.4575 0.4524
0.4280 0.4126 0.4277 0.4054 0.4224 0.3898 0.3958 0.4030 0.4302 0.4244
0.4096 0.3912 0.4025 0.3774 0.3918 0.3582 0.3610 0.3672 0.3925 0.3861
0.3876 0.3664 0.3742 0.3467 0.3584 0.3246 0.3242 0.3293 0.3524 0.3455
0.3940 0.3728 0.3804 0.3528 0.3646 0.3303 0.3301 0.3351 0.3583 0.3513
0.4115 0.3910 0.3997 0.3728 0.3857 0.3506 0.3518 0.3571 0.3809 0.3740
0.5000 0.4856 0.5009 0.4798 0.4987 0.4623 0.4716 0.4777 0.5028 0.4966
0.6421 0.6363 0.6585 0.6475 0.6721 0.6420 0.6620 0.6677 0.6895 0.6862
0.7136 0.7066 0.7292 0.7191 0.7455 0.7231 0.7466 0.7532 0.7741 0.7743
0.7173 0.7093 0.7358 0.7258 0.7564 0.7417 0.7693 0.7804 0.8060 0.8101
0.7455 0.7351 0.7555 0.7430 0.7695 0.7499 0.7736 0.7801 0.8003 0.8018
0.7896 0.7763 0.7866 0.7706 0.7896 0.7601 0.7764 0.7735 0.7823 0.7775
0.8191 0.8044 0.8080 0.7897 0.8035 0.7669 0.7775 0.7671 0.7664 0.7560
0.8319 0.8162 0.8162 0.7963 0.8073 0.7663 0.7736 0.7587 0.7522 0.7383
0.8330 0.8165 0.8152 0.7943 0.8044 0.7614 0.7675 0.7510 0.7427 0.7274
0.8256 0.8073 0.8048 0.7815 0.7913 0.7457 0.7507 0.7331 0.7239 0.7076
0.8085 0.7870 0.7830 0.7560 0.7657 0.7167 0.7203 0.7020 0.6932 0.6761
0.8242 0.8053 0.8023 0.7784 0.7879 0.7414 0.7458 0.7276 0.7180 0.7012
0.8323 0.8147 0.8122 0.7898 0.7992 0.7540 0.7589 0.7408 0.7307 0.7141
0.8167 0.7965 0.7928 0.7672 0.7767 0.7287 0.7325 0.7140 0.7045 0.6874
0.7894 0.7643 0.7587 0.7276 0.7371 0.6849 0.6871 0.6683 0.6602 0.6426
0.7740 0.7463 0.7396 0.7055 0.7150 0.6609 0.6620 0.6433 0.6362 0.6185
0.7607 0.7308 0.7232 0.6865 0.6959 0.6405 0.6407 0.6222 0.6159 0.5983
0.7522 0.7208 0.7126 0.6743 0.6836 0.6275 0.6271 0.6087 0.6030 0.5854
0.7566 0.7260 0.7180 0.6806 0.6899 0.6342 0.6342 0.6157 0.6098 0.5922
0.7680 0.7393 0.7322 0.6969 0.7064 0.6518 0.6525 0.6339 0.6272 0.6096
0.7667 0.7378 0.7306 0.6950 0.7045 0.6497 0.6503 0.6317 0.6251 0.6075
0.7616 0.7319 0.7243 0.6878 0.6972 0.6419 0.6422 0.6236 0.6173 0.5997
0.7467 0.7145 0.7058 0.6666 0.6757 0.6192 0.6185 0.6002 0.5949 0.5774
0.7146 0.6771 0.6662 0.6215 0.6301 0.5718 0.5688 0.5514 0.5483 0.5312
0.6631 0.6178 0.6035 0.5514 0.5587 0.4998 0.4935 0.4783 0.4787 0.4628
0.6129 0.5613 0.5441 0.4868 0.4927 0.4354 0.4264 0.4137 0.4172 0.4029
0.5747 0.5192 0.5002 0.4404 0.4451 0.3902 0.3796 0.3688 0.3744 0.3614
0.5491 0.4916 0.4718 0.4110 0.4150 0.3621 0.3507 0.3412 0.3481 0.3360
0.5326 0.4744 0.4543 0.3935 0.3971 0.3457 0.3339 0.3253 0.3329 0.3214
0.5114 0.4546 0.4356 0.3767 0.3801 0.3304 0.3187 0.3114 0.3200 0.3090
0.4795 0.4275 0.4114 0.3571 0.3607 0.3136 0.3026 0.2972 0.3073 0.2969
0.4515 0.4045 0.3913 0.3417 0.3455 0.3007 0.2905 0.2867 0.2981 0.2882
0.4301 0.3873 0.3765 0.3306 0.3345 0.2916 0.2820 0.2795 0.2919 0.2823
0.4175 0.3772 0.3680 0.3244 0.3285 0.2867 0.2775 0.2758 0.2890 0.2797
0.4113 0.3726 0.3643 0.3221 0.3264 0.2852 0.2764 0.2752 0.2889 0.2797
0.4000 0.3637 0.3569 0.3168 0.3214 0.2812 0.2728 0.2724 0.2868 0.2778
0.3932 0.3587 0.3530 0.3144 0.3192 0.2797 0.2718 0.2719 0.2869 0.2781
0.3935 0.3598 0.3549 0.3169 0.3221 0.2828 0.2753 0.2758 0.2913 0.2826
0.3939 0.3610 0.3567 0.3194 0.3249 0.2858 0.2787 0.2794 0.2954 0.2868
0.3920 0.3602 0.3569 0.3204 0.3264 0.2877 0.2811 0.2823 0.2988 0.2904
0.3750 0.3452 0.3429 0.3083 0.3141 0.2768 0.2702 0.2720 0.2889 0.2808
0.3620 0.3338 0.3320 0.2988 0.3042 0.2679 0.2612 0.2632 0.2799 0.2718
0.3604 0.3327 0.3315 0.2987 0.3043 0.2683 0.2618 0.2639 0.2809 0.2729
0.3670 0.3399 0.3398 0.3075 0.3141 0.2782 0.2726 0.2752 0.2933 0.2855
0.3856 0.3601 0.3626 0.3314 0.3402 0.3041 0.3006 0.3042 0.3244 0.3168
0.4014 0.3770 0.3812 0.3509 0.3611 0.3246 0.3227 0.3268 0.3481 0.3407
0.3964 0.3715 0.3751 0.3444 0.3542 0.3177 0.3153 0.3192 0.3401 0.3327
0.3930 0.3680 0.3715 0.3408 0.3503 0.3140 0.3114 0.3153 0.3361 0.3287
0.3877 0.3627 0.3658 0.3350 0.3441 0.3082 0.3052 0.3090 0.3297 0.3222
0.3748 0.3492 0.3514 0.3203 0.3285 0.2931 0.2890 0.2925 0.3124 0.3049
0.3655 0.3400 0.3418 0.3108 0.3183 0.2834 0.2788 0.2821 0.3014 0.2938
0.3607 0.3353 0.3372 0.3064 0.3137 0.2791 0.2743 0.2773 0.2964 0.2887
0.3627 0.3378 0.3403 0.3098 0.3176 0.2831 0.2786 0.2819 0.3012 0.2936
0.3712 0.3474 0.3514 0.3218 0.3307 0.2964 0.2931 0.2969 0.3175 0.3101
0.3643 0.3405 0.3447 0.3151 0.3238 0.2900 0.2865 0.2901 0.3105 0.3030
0.3492 0.3247 0.3274 0.2973 0.3045 0.2712 0.2660 0.2684 0.2867 0.2787
0.3442 0.3194 0.3216 0.2912 0.2978 0.2644 0.2585 0.2601 0.2772 0.2687
0.3446 0.3201 0.3230 0.2929 0.2997 0.2665 0.2607 0.2621 0.2793 0.2707
0.3469 0.3236 0.3284 0.2992 0.3071 0.2747 0.2699 0.2716 0.2898 0.2813
0.3477 0.3252 0.3312 0.3027 0.3113 0.2794 0.2753 0.2772 0.2960 0.2876
0.3409 0.3177 0.3226 0.2935 0.3011 0.2691 0.2639 0.2648 0.2820 0.2731
0.3291 0.3049 0.3083 0.2783 0.2843 0.2524 0.2453 0.2442 0.2585 0.2487
0.3205 0.2959 0.2989 0.2685 0.2735 0.2418 0.2336 0.2308 0.2429 0.2323
0.3183 0.2938 0.2971 0.2669 0.2718 0.2404 0.2319 0.2286 0.2400 0.2291
0.3143 0.2901 0.2941 0.2641 0.2690 0.2382 0.2296 0.2256 0.2365 0.2252
0.3039 0.2798 0.2842 0.2545 0.2589 0.2291 0.2201 0.2150 0.2244 0.2127
0.2882 0.2635 0.2662 0.2364 0.2387 0.2091 0.1985 0.1913 0.1969 0.1845
0.2676 0.2432 0.2444 0.2154 0.2153 0.1861 0.1743 0.1652 0.1665 0.1537
0.2459 0.2230 0.2243 0.1974 0.1963 0.1690 0.1576 0.1480 0.1473 0.1348
0.2266 0.2051 0.2073 0.1829 0.1813 0.1566 0.1465 0.1371 0.1362 0.1239
0.2109 0.1906 0.1941 0.1719 0.1704 0.1483 0.1396 0.1309 0.1305 0.1185
0.2043 0.1851 0.1906 0.1700 0.1696 0.1501 0.1431 0.1355 0.1375 0.1255
0.2066 0.1890 0.1984 0.1794 0.1817 0.1647 0.1605 0.1547 0.1613 0.1494
0.2129 0.1978 0.2122 0.1953 0.2010 0.1867 0.1860 0.1826 0.1949 0.1834
0.2068 0.1923 0.2072 0.1912 0.1970 0.1837 0.1837 0.1807 0.1936 0.1822
0.1859 0.1701 0.1801 0.1636 0.1656 0.1514 0.1485 0.1436 0.1505 0.1391
0.1606 0.1456 0.1519 0.1367 0.1355 0.1208 0.1161 0.1098 0.1108 0.1003
0.1330 0.1213 0.1266 0.1145 0.1122 0.0990 0.0943 0.0885 0.0867 0.0777
0.1107 0.1021 0.1078 0.0986 0.0965 0.0857 0.0820 0.0774 0.0754 0.0676
0.0965 0.0898 0.0966 0.0894 0.0882 0.0797 0.0773 0.0740 0.0732 0.0662
0.0849 0.0799 0.0876 0.0821 0.0818 0.0755 0.0742 0.0724 0.0729 0.0668
0.0762 0.0726 0.0812 0.0771 0.0777 0.0735 0.0734 0.0731 0.0755 0.0701
0.0693 0.0667 0.0763 0.0733 0.0750 0.0727 0.0739 0.0752 0.0798 0.0752
0.0605 0.0591 0.0688 0.0668 0.0690 0.0680 0.0699 0.0723 0.0777 0.0741
0.0510 0.0505 0.0597 0.0587 0.0608 0.0606 0.0626 0.0655 0.0705 0.0677
0.0450 0.0451 0.0538 0.0533 0.0555 0.0557 0.0578 0.0611 0.0658 0.0636
0.0406 0.0411 0.0497 0.0498 0.0522 0.0532 0.0557 0.0597 0.0652 0.0636
0.0365 0.0374 0.0465 0.0472 0.0503 0.0528 0.0564 0.0620 0.0699 0.0695
0.0347 0.0361 0.0462 0.0478 0.0522 0.0569 0.0625 0.0709 0.0835 0.0848
0.0362 0.0380 0.0497 0.0521 0.0578 0.0646 0.0725 0.0836 0.1012 0.1040
0.0388 0.0411 0.0544 0.0576 0.0646 0.0731 0.0833 0.0967 0.1188 0.1228
0.0394 0.0419 0.0559 0.0594 0.0670 0.0762 0.0873 0.1017 0.1256 0.1302
0.0350 0.0374 0.0499 0.0530 0.0597 0.0679 0.0775 0.0907 0.1119 0.1162
0.0309 0.0329 0.0440 0.0467 0.0524 0.0596 0.0677 0.0795 0.0979 0.1018
0.0283 0.0303 0.0405 0.0429 0.0481 0.0548 0.0621 0.0732 0.0900 0.0938
0.0266 0.0285 0.0381 0.0405 0.0454 0.0518 0.0587 0.0695 0.0856 0.0894
0.0253 0.0272 0.0368 0.0392 0.0442 0.0510 0.0580 0.0692 0.0861 0.0904
0.0241 0.0261 0.0356 0.0382 0.0433 0.0505 0.0579 0.0696 0.0876 0.0925
0.0231 0.0252 0.0348 0.0376 0.0430 0.0506 0.0584 0.0709 0.0903 0.0960
0.0221 0.0244 0.0341 0.0372 0.0428 0.0510 0.0594 0.0727 0.0938 0.1005
0.0206 0.0230 0.0325 0.0358 0.0415 0.0502 0.0588 0.0726 0.0954 0.1030
0.0188 0.0214 0.0308 0.0344 0.0404 0.0497 0.0588 0.0735 0.0989 0.1081
0.0170 0.0198 0.0293 0.0332 0.0396 0.0497 0.0596 0.0755 0.1047 0.1159
0.0152 0.0182 0.0279 0.0325 0.0395 0.0511 0.0623 0.0802 0.1156 0.1303
0.0136 0.0170 0.0272 0.0326 0.0407 0.0544 0.0676 0.0886 0.1331 0.1528
0.0126 0.0163 0.0269 0.0332 0.0423 0.0582 0.0736 0.0977 0.1518 0.1767
0.0117 0.0156 0.0267 0.0337 0.0438 0.0615 0.0790 0.1060 0.1692 0.1991
0.0119 0.0163 0.0283 0.0364 0.0479 0.0680 0.0883 0.1188 0.1911 0.2255
0.0131 0.0180 0.0315 0.0408 0.0538 0.0763 0.0993 0.1328 0.2114 0.2481
0.0147 0.0202 0.0351 0.0453 0.0596 0.0835 0.1086 0.1439 0.2246 0.2615
0.0158 0.0216 0.0372 0.0479 0.0627 0.0872 0.1132 0.1491 0.2297 0.2661
0.0155 0.0211 0.0363 0.0465 0.0607 0.0843 0.1091 0.1437 0.2214 0.2566
0.0158 0.0213 0.0363 0.0462 0.0599 0.0827 0.1066 0.1402 0.2146 0.2480
0.0183 0.0242 0.0404 0.0509 0.0654 0.0885 0.1134 0.1472 0.2192 0.2506
0.0222 0.0289 0.0473 0.0590 0.0748 0.0990 0.1260 0.1609 0.2316 0.2611
0.0254 0.0326 0.0524 0.0646 0.0811 0.1055 0.1333 0.1682 0.2363 0.2636
0.0270 0.0340 0.0537 0.0654 0.0812 0.1044 0.1310 0.1642 0.2271 0.2518
0.0315 0.0388 0.0599 0.0719 0.0881 0.1107 0.1377 0.1703 0.2289 0.2506
0.0413 0.0499 0.0752 0.0890 0.1076 0.1318 0.1625 0.1966 0.2546 0.2741
0.0534 0.0633 0.0932 0.1090 0.1304 0.1562 0.1911 0.2266 0.2854 0.3029
0.0629 0.0734 0.1061 0.1227 0.1454 0.1717 0.2086 0.2441 0.3025 0.3182
0.0733 0.0839 0.1191 0.1360 0.1598 0.1862 0.2246 0.2596 0.3180 0.3317
0.0998 0.1117 0.1544 0.1733 0.2015 0.2302 0.2745 0.3102 0.3733 0.3847
0.1328 0.1456 0.1961 0.2167 0.2493 0.2801 0.3301 0.3653 0.4329 0.4419
0.1545 0.1672 0.2216 0.2426 0.2773 0.3085 0.3609 0.3950 0.4644 0.4716
0.1618 0.1737 0.2282 0.2483 0.2828 0.3132 0.3648 0.3977 0.4666 0.4728
0.1620 0.1726 0.2253 0.2436 0.2765 0.3051 0.3543 0.3855 0.4527 0.4578
0.1748 0.1852 0.2395 0.2577 0.2912 0.3191 0.3688 0.3986 0.4653 0.4691
0.1894 0.2003 0.2570 0.2759 0.3107 0.3383 0.3893 0.4181 0.4844 0.4872
0.1952 0.2056 0.2620 0.2801 0.3143 0.3403 0.3899 0.4172 0.4816 0.4835
0.1972 0.2061 0.2599 0.2756 0.3078 0.3306 0.3767 0.4015 0.4625 0.4628
0.2008 0.2075 0.2576 0.2698 0.2991 0.3173 0.3580 0.3790 0.4347 0.4329
0.2185 0.2250 0.2756 0.2867 0.3164 0.3318 0.3709 0.3902 0.4436 0.4410
0.2498 0.2595 0.3166 0.3298 0.3650 0.3817 0.4244 0.4464 0.5032 0.5032
0.2884 0.3023 0.3668 0.3818 0.4240 0.4425 0.4881 0.5144 0.5751 0.5798
0.3282 0.3443 0.4114 0.4253 0.4711 0.4876 0.5317 0.5592 0.6192 0.6264
0.3660 0.3807 0.4441 0.4541 0.4984 0.5079 0.5471 0.5715 0.6263 0.6324
0.4058 0.4185 0.4767 0.4831 0.5249 0.5269 0.5619 0.5832 0.6327 0.6374
0.4527 0.4647 0.5187 0.5239 0.5641 0.5607 0.5946 0.6155 0.6615 0.6663
0.5000 0.5126 0.5643 0.5705 0.6107 0.6056 0.6410 0.6639 0.7083 0.7147
0.5466 0.5576 0.6052 0.6104 0.6492 0.6417 0.6770 0.6994 0.7405 0.7473
0.6032 0.6083 0.6471 0.6471 0.6814 0.6675 0.6986 0.7158 0.7499 0.7544
0.6600 0.6577 0.6855 0.6789 0.7074 0.6854 0.7107 0.7205 0.7458 0.7465
0.7062 0.6979 0.7168 0.7046 0.7283 0.6999 0.7201 0.7234 0.7412 0.7383
0.7421 0.7293 0.7414 0.7249 0.7448 0.7115 0.7277 0.7256 0.7367 0.7308
0.7633 0.7469 0.7533 0.7329 0.7495 0.7109 0.7231 0.7160 0.7213 0.7122
0.7644 0.7440 0.7461 0.7210 0.7353 0.6914 0.7000 0.6893 0.6908 0.6788
0.7596 0.7358 0.7347 0.7055 0.7184 0.6706 0.6765 0.6634 0.6629 0.6491
0.7439 0.7157 0.7116 0.6774 0.6891 0.6375 0.6407 0.6262 0.6249 0.6099
0.7020 0.6662 0.6580 0.6156 0.6259 0.5704 0.5696 0.5550 0.5554 0.5400
0.6434 0.5987 0.5861 0.5350 0.5433 0.4866 0.4814 0.4685 0.4720 0.4574
0.5819 0.5297 0.5132 0.4561 0.4621 0.4075 0.3985 0.3882 0.3945 0.3816
0.5511 0.4960 0.4779 0.4192 0.4240 0.3714 0.3610 0.3521 0.3596 0.3476
0.5461 0.4906 0.4723 0.4134 0.4180 0.3658 0.3552 0.3464 0.3541 0.3422
0.5598 0.5050 0.4871 0.4285 0.4335 0.3802 0.3701 0.3607 0.3678 0.3555
0.5877 0.5352 0.5183 0.4609 0.4668 0.4117 0.4026 0.3918 0.3977 0.3845
0.6138 0.5639 0.5483 0.4927 0.4994 0.4429 0.4351 0.4231 0.4275 0.4135
0.5943 0.5420 0.5251 0.4678 0.4738 0.4182 0.4093 0.3981 0.4035 0.3901
0.5492 0.4927 0.4737 0.4138 0.4183 0.3657 0.3548 0.3457 0.3531 0.3411
0.5269 0.4695 0.4500 0.3900 0.3938 0.3430 0.3315 0.3235 0.3317 0.3204
0.5254 0.4680 0.4487 0.3889 0.3927 0.3420 0.3305 0.3226 0.3308 0.3196
0.5322 0.4753 0.4562 0.3965 0.4005 0.3493 0.3381 0.3299 0.3379 0.3264
0.5347 0.4782 0.4594 0.3999 0.4041 0.3527 0.3416 0.3334 0.3414 0.3298
0.5318 0.4754 0.4567 0.3974 0.4015 0.3504 0.3393 0.3312 0.3394 0.3279
0.5341 0.4777 0.4590 0.3998 0.4040 0.3526 0.3416 0.3334 0.3415 0.3299
0.5362 0.4801 0.4616 0.4025 0.4068 0.3553 0.3444 0.3361 0.3441 0.3325
0.5222 0.4662 0.4478 0.3892 0.3932 0.3429 0.3318 0.3243 0.3329 0.3217
0.4995 0.4448 0.4273 0.3704 0.3742 0.3257 0.3145 0.3082 0.3177 0.3070
0.4732 0.4223 0.4070 0.3538 0.3575 0.3111 0.3004 0.2955 0.3062 0.2959
0.4590 0.4108 0.3971 0.3464 0.3503 0.3051 0.2948 0.2908 0.3021 0.2921
0.4541 0.4073 0.3945 0.3451 0.3491 0.3044 0.2945 0.2908 0.3026 0.2927
0.4396 0.3957 0.3847 0.3379 0.3421 0.2987 0.2892 0.2865 0.2991 0.2895
0.4207 0.3805 0.3716 0.3280 0.3325 0.2906 0.2817 0.2801 0.2937 0.2844
0.4095 0.3717 0.3642 0.3227 0.3272 0.2863 0.2779 0.2770 0.2911 0.2820
0.4082 0.3713 0.3644 0.3237 0.3285 0.2879 0.2797 0.2791 0.2937 0.2846
0.4009 0.3659 0.3603 0.3212 0.3263 0.2865 0.2788 0.2789 0.2941 0.2853
0.3782 0.3468 0.3430 0.3071 0.3122 0.2742 0.2669 0.2680 0.2839 0.2755
0.3632 0.3343 0.3317 0.2979 0.3028 0.2660 0.2588 0.2605 0.2765 0.2682
0.3602 0.3319 0.3299 0.2967 0.3018 0.2654 0.2583 0.2602 0.2765 0.2683
0.3656 0.3377 0.3366 0.3036 0.3096 0.2733 0.2671 0.2693 0.2867 0.2787
0.3768 0.3500 0.3510 0.3189 0.3264 0.2903 0.2856 0.2887 0.3078 0.3001
0.3711 0.3449 0.3462 0.3147 0.3222 0.2867 0.2821 0.2853 0.3046 0.2970
0.3581 0.3320 0.3327 0.3012 0.3078 0.2729 0.2674 0.2701 0.2884 0.2806
0.3509 0.3250 0.3257 0.2945 0.3007 0.2662 0.2601 0.2624 0.2799 0.2719
0.3442 0.3186 0.3194 0.2885 0.2943 0.2602 0.2537 0.2553 0.2718 0.2634
0.3353 0.3098 0.3105 0.2796 0.2847 0.2510 0.2435 0.2437 0.2583 0.2492
0.3282 0.3027 0.3037 0.2727 0.2772 0.2439 0.2357 0.2343 0.2471 0.2372
0.3280 0.3030 0.3051 0.2744 0.2795 0.2468 0.2388 0.2372 0.2502 0.2401
0.3355 0.3123 0.3175 0.2882 0.2954 0.2638 0.2578 0.2573 0.2730 0.2633
0.3413 0.3200 0.3284 0.3008 0.3100 0.2795 0.2755 0.2759 0.2939 0.2846
0.3241 0.3012 0.3072 0.2783 0.2852 0.2549 0.2485 0.2468 0.2614 0.2512
0.3002 0.2748 0.2762 0.2455 0.2479 0.2165 0.2059 0.1997 0.2063 0.1943
0.2726 0.2483 0.2485 0.2191 0.2189 0.1883 0.1760 0.1672 0.1679 0.1555
0.2386 0.2173 0.2180 0.1919 0.1902 0.1622 0.1503 0.1408 0.1381 0.1261
0.2133 0.1938 0.1951 0.1720 0.1694 0.1444 0.1337 0.1242 0.1206 0.1091
0.2064 0.1866 0.1892 0.1672 0.1650 0.1425 0.1333 0.1242 0.1224 0.1106
0.1996 0.1805 0.1851 0.1647 0.1636 0.1437 0.1364 0.1283 0.1290 0.1171
0.2005 0.1831 0.1920 0.1734 0.1750 0.1583 0.1539 0.1479 0.1537 0.1419
0.2037 0.1885 0.2019 0.1854 0.1901 0.1762 0.1751 0.1714 0.1824 0.1709
0.2024 0.1879 0.2023 0.1866 0.1919 0.1789 0.1787 0.1756 0.1879 0.1765
0.1999 0.1856 0.2000 0.1845 0.1898 0.1770 0.1770 0.1740 0.1862 0.1749
0.1911 0.1759 0.1878 0.1719 0.1752 0.1618 0.1602 0.1560 0.1652 0.1538
0.1892 0.1741 0.1861 0.1704 0.1736 0.1604 0.1589 0.1548 0.1640 0.1526
0.2032 0.1898 0.2060 0.1914 0.1979 0.1860 0.1874 0.1851 0.1993 0.1881
0.2268 0.2163 0.2392 0.2268 0.2383 0.2284 0.2346 0.2353 0.2569 0.2464
0.2499 0.2427 0.2721 0.2624 0.2791 0.2713 0.2827 0.2867 0.3153 0.3063
0.2512 0.2426 0.2698 0.2582 0.2737 0.2641 0.2731 0.2761 0.3026 0.2933
0.2479 0.2359 0.2577 0.2424 0.2543 0.2412 0.2451 0.2452 0.2661 0.2557
0.2479 0.2340 0.2529 0.2355 0.2456 0.2303 0.2317 0.2302 0.2481 0.2371
0.2388 0.2231 0.2385 0.2197 0.2272 0.2106 0.2095 0.2064 0.2207 0.2092
0.2289 0.2119 0.2244 0.2047 0.2100 0.1928 0.1898 0.1854 0.1965 0.1848
0.2126 0.1941 0.2024 0.1821 0.1840 0.1657 0.1604 0.1541 0.1599 0.1479
0.1950 0.1767 0.1829 0.1637 0.1634 0.1453 0.1392 0.1320 0.1345 0.1228
0.1835 0.1664 0.1730 0.1552 0.1548 0.1382 0.1328 0.1261 0.1284 0.1170
0.1704 0.1545 0.1614 0.1454 0.1448 0.1297 0.1251 0.1189 0.1211 0.1101
0.1504 0.1368 0.1438 0.1302 0.1293 0.1164 0.1126 0.1071 0.1088 0.0987
0.1286 0.1176 0.1244 0.1133 0.1121 0.1010 0.0977 0.0930 0.0935 0.0846
0.1128 0.1039 0.1107 0.1015 0.1003 0.0906 0.0878 0.0838 0.0837 0.0757
0.1036 0.0961 0.1040 0.0962 0.0958 0.0879 0.0863 0.0835 0.0848 0.0773
0.0920 0.0863 0.0953 0.0893 0.0899 0.0844 0.0841 0.0829 0.0860 0.0794
0.0778 0.0740 0.0831 0.0789 0.0799 0.0759 0.0763 0.0762 0.0795 0.0741
0.0675 0.0650 0.0739 0.0708 0.0719 0.0689 0.0695 0.0702 0.0732 0.0686
0.0618 0.0601 0.0694 0.0672 0.0690 0.0673 0.0688 0.0706 0.0750 0.0710
0.0599 0.0588 0.0696 0.0682 0.0713 0.0719 0.0752 0.0791 0.0875 0.0844
0.0574 0.0569 0.0688 0.0683 0.0725 0.0749 0.0798 0.0856 0.0973 0.0952
0.0522 0.0523 0.0640 0.0640 0.0684 0.0714 0.0766 0.0831 0.0952 0.0938
0.0454 0.0459 0.0565 0.0569 0.0608 0.0638 0.0684 0.0747 0.0852 0.0843
0.0406 0.0414 0.0514 0.0520 0.0557 0.0586 0.0629 0.0691 0.0788 0.0783
0.0368 0.0378 0.0474 0.0483 0.0520 0.0553 0.0596 0.0662 0.0760 0.0760
0.0337 0.0350 0.0443 0.0456 0.0493 0.0531 0.0577 0.0649 0.0753 0.0759
0.0317 0.0332 0.0429 0.0446 0.0488 0.0536 0.0591 0.0676 0.0801 0.0817
0.0306 0.0323 0.0424 0.0445 0.0493 0.0552 0.0617 0.0716 0.0864 0.0890
0.0299 0.0319 0.0425 0.0451 0.0505 0.0574 0.0650 0.0763 0.0937 0.0975
0.0280 0.0300 0.0404 0.0430 0.0483 0.0554 0.0630 0.0746 0.0923 0.0965
0.0253 0.0271 0.0362 0.0384 0.0430 0.0492 0.0555 0.0658 0.0811 0.0847
0.0239 0.0256 0.0342 0.0363 0.0405 0.0463 0.0521 0.0618 0.0762 0.0797
0.0223 0.0241 0.0327 0.0349 0.0394 0.0456 0.0518 0.0620 0.0778 0.0821
0.0204 0.0225 0.0313 0.0341 0.0391 0.0466 0.0539 0.0659 0.0854 0.0916
0.0191 0.0217 0.0312 0.0347 0.0407 0.0500 0.0591 0.0738 0.0990 0.1080
0.0183 0.0212 0.0314 0.0357 0.0426 0.0535 0.0643 0.0813 0.1120 0.1237
0.0173 0.0206 0.0312 0.0361 0.0437 0.0558 0.0679 0.0867 0.1222 0.1365
0.0169 0.0206 0.0318 0.0375 0.0459 0.0596 0.0733 0.0942 0.1353 0.1523
0.0179 0.0221 0.0347 0.0415 0.0514 0.0671 0.0834 0.1074 0.1549 0.1748
0.0190 0.0238 0.0377 0.0455 0.0567 0.0743 0.0928 0.1192 0.1717 0.1936
0.0230 0.0287 0.0453 0.0547 0.0678 0.0876 0.1095 0.1388 0.1949 0.2174
0.0321 0.0395 0.0609 0.0730 0.0894 0.1123 0.1396 0.1724 0.2312 0.2529
0.0440 0.0532 0.0801 0.0949 0.1148 0.1401 0.1728 0.2081 0.2682 0.2880
0.0571 0.0677 0.0995 0.1163 0.1389 0.1659 0.2028 0.2392 0.2997 0.3173
0.0709 0.0822 0.1178 0.1356 0.1602 0.1877 0.2273 0.2637 0.3240 0.3391
0.0887 0.1006 0.1409 0.1597 0.1867 0.2152 0.2581 0.2943 0.3563 0.3691
0.1123 0.1247 0.1708 0.1907 0.2209 0.2508 0.2978 0.3336 0.3989 0.4095
0.1324 0.1448 0.1948 0.2149 0.2472 0.2776 0.3270 0.3620 0.4293 0.4380
0.1435 0.1552 0.2063 0.2258 0.2584 0.2883 0.3378 0.3715 0.4391 0.4465
0.1572 0.1685 0.2214 0.2406 0.2739 0.3034 0.3536 0.3859 0.4539 0.4599
0.1763 0.1878 0.2440 0.2638 0.2989 0.3285 0.3806 0.4119 0.4803 0.4850
0.1935 0.2058 0.2655 0.2865 0.3235 0.3534 0.4075 0.4381 0.5066 0.5105
0.2044 0.2174 0.2791 0.3008 0.3389 0.3687 0.4238 0.4540 0.5221 0.5257
0.2147 0.2282 0.2912 0.3129 0.3520 0.3811 0.4359 0.4657 0.5332 0.5368
0.2319 0.2461 0.3109 0.3320 0.3728 0.4005 0.4543 0.4841 0.5509 0.5552
0.2600 0.2750 0.3414 0.3604 0.4032 0.4278 0.4788 0.5082 0.5733 0.5788
0.2899 0.3031 0.3664 0.3803 0.4217 0.4389 0.4832 0.5087 0.5684 0.5727
0.3280 0.3397 0.3998 0.4086 0.4492 0.4589 0.4969 0.5190 0.5735 0.5770
0.3834 0.3997 0.4647 0.4755 0.5214 0.5310 0.5711 0.5964 0.6511 0.6583
0.4198 0.4402 0.5094 0.5240 0.5745 0.5875 0.6325 0.6640 0.7208 0.7324
0.4583 0.4795 0.5484 0.5644 0.6167 0.6307 0.6786 0.7141 0.7703 0.7842
0.5325 0.5473 0.6033 0.6128 0.6575 0.6595 0.7007 0.7292 0.7758 0.7864
0.5947 0.5968 0.6303 0.6269 0.6578 0.6375 0.6645 0.6784 0.7098 0.7115
0.5731 0.5638 0.5838 0.5683 0.5912 0.5574 0.5734 0.5799 0.6045 0.5999
0.5554 0.5388 0.5514 0.5284 0.5471 0.5074 0.5170 0.5199 0.5409 0.5335
0.5599 0.5389 0.5472 0.5198 0.5362 0.4934 0.4998 0.5003 0.5183 0.5094
0.6283 0.6085 0.6167 0.5910 0.6083 0.5648 0.5738 0.5714 0.5855 0.5761
0.7392 0.7242 0.7334 0.7143 0.7324 0.6950 0.7086 0.7039 0.7125 0.7044
0.7791 0.7661 0.7770 0.7609 0.7803 0.7501 0.7666 0.7639 0.7734 0.7684
0.7703 0.7582 0.7729 0.7584 0.7808 0.7557 0.7754 0.7768 0.7910 0.7892
0.7887 0.7756 0.7862 0.7703 0.7897 0.7607 0.7773 0.7747 0.7840 0.7796
0.8234 0.8085 0.8112 0.7926 0.8056 0.7679 0.7777 0.7661 0.7638 0.7525
0.8335 0.8175 0.8168 0.7965 0.8070 0.7650 0.7716 0.7558 0.7482 0.7335
0.8344 0.8178 0.8162 0.7950 0.8049 0.7614 0.7671 0.7501 0.7411 0.7254
0.8397 0.8238 0.8223 0.8020 0.8117 0.7689 0.7746 0.7575 0.7480 0.7323
0.8431 0.8277 0.8262 0.8065 0.8159 0.7735 0.7792 0.7620 0.7521 0.7363
0.8445 0.8291 0.8275 0.8077 0.8170 0.7743 0.7799 0.7624 0.7520 0.7360
0.8441 0.8286 0.8267 0.8067 0.8159 0.7729 0.7783 0.7606 0.7500 0.7337
0.8410 0.8249 0.8227 0.8021 0.8113 0.7675 0.7726 0.7547 0.7441 0.7277
0.8384 0.8218 0.8195 0.7982 0.8074 0.7631 0.7681 0.7501 0.7395 0.7230
0.8384 0.8218 0.8195 0.7983 0.8075 0.7632 0.7681 0.7501 0.7395 0.7230
0.8380 0.8213 0.8190 0.7977 0.8069 0.7625 0.7675 0.7494 0.7388 0.7223
0.8361 0.8191 0.8166 0.7949 0.8041 0.7594 0.7642 0.7461 0.7356 0.7189
0.8319 0.8142 0.8115 0.7889 0.7982 0.7527 0.7573 0.7391 0.7288 0.7120
0.8248 0.8059 0.8027 0.7786 0.7880 0.7412 0.7455 0.7270 0.7170 0.7000
0.8109 0.7896 0.7855 0.7587 0.7682 0.7190 0.7225 0.7038 0.6945 0.6772
0.7830 0.7569 0.7509 0.7185 0.7280 0.6750 0.6767 0.6579 0.6502 0.6326
0.7376 0.7038 0.6946 0.6538 0.6628 0.6057 0.6043 0.5863 0.5816 0.5641
0.6805 0.6379 0.6247 0.5750 0.5828 0.5238 0.5186 0.5026 0.5019 0.4855
0.6298 0.5801 0.5638 0.5080 0.5143 0.4563 0.4481 0.4345 0.4370 0.4222
0.5990 0.5455 0.5274 0.4688 0.4742 0.4176 0.4079 0.3959 0.4002 0.3864
0.5782 0.5224 0.5033 0.4431 0.4479 0.3927 0.3821 0.3712 0.3766 0.3636
0.5565 0.4990 0.4790 0.4180 0.4221 0.3686 0.3573 0.3475 0.3540 0.3417
0.5367 0.4785 0.4584 0.3975 0.4012 0.3493 0.3376 0.3288 0.3363 0.3246
0.5238 0.4660 0.4462 0.3859 0.3894 0.3387 0.3269 0.3189 0.3269 0.3156
0.5228 0.4646 0.4446 0.3841 0.3876 0.3370 0.3251 0.3172 0.3252 0.3140
0.5316 0.4733 0.4533 0.3926 0.3962 0.3450 0.3333 0.3249 0.3327 0.3213
0.5541 0.4974 0.4781 0.4179 0.4223 0.3693 0.3583 0.3489 0.3559 0.3438
0.5797 0.5252 0.5070 0.4480 0.4532 0.3984 0.3884 0.3777 0.3836 0.3707
0.5958 0.5429 0.5254 0.4673 0.4731 0.4172 0.4080 0.3965 0.4015 0.3880
0.6064 0.5545 0.5376 0.4803 0.4864 0.4299 0.4212 0.4092 0.4137 0.3998
0.5870 0.5328 0.5147 0.4558 0.4612 0.4058 0.3960 0.3849 0.3903 0.3771
0.5628 0.5061 0.4868 0.4264 0.4309 0.3771 0.3663 0.3563 0.3628 0.3504
0.5555 0.4982 0.4785 0.4177 0.4220 0.3688 0.3577 0.3481 0.3549 0.3427
0.5508 0.4932 0.4734 0.4125 0.4167 0.3638 0.3525 0.3431 0.3501 0.3381
0.5341 0.4757 0.4555 0.3945 0.3982 0.3467 0.3350 0.3265 0.3342 0.3227
0.5129 0.4555 0.4361 0.3766 0.3799 0.3302 0.3185 0.3111 0.3197 0.3087
0.4829 0.4300 0.4134 0.3584 0.3619 0.3147 0.3036 0.2979 0.3079 0.2975
0.4506 0.4037 0.3907 0.3412 0.3449 0.3003 0.2901 0.2864 0.2978 0.2879
0.4249 0.3831 0.3729 0.3279 0.3319 0.2894 0.2799 0.2778 0.2904 0.2809
0.3977 0.3614 0.3543 0.3142 0.3184 0.2782 0.2696 0.2690 0.2829 0.2739
0.3708 0.3399 0.3358 0.3003 0.3048 0.2668 0.2589 0.2598 0.2746 0.2661
0.3494 0.3225 0.3205 0.2883 0.2930 0.2567 0.2495 0.2514 0.2663 0.2583
0.3418 0.3162 0.3149 0.2838 0.2885 0.2530 0.2459 0.2480 0.2629 0.2550
0.3393 0.3139 0.3129 0.2821 0.2867 0.2516 0.2443 0.2462 0.2610 0.2529
0.3285 0.3038 0.3034 0.2732 0.2774 0.2430 0.2352 0.2359 0.2490 0.2404
0.3034 0.2805 0.2807 0.2516 0.2545 0.2213 0.2119 0.2098 0.2178 0.2081
0.2791 0.2572 0.2575 0.2292 0.2303 0.1983 0.1872 0.1816 0.1843 0.1734
0.2801 0.2558 0.2556 0.2257 0.2258 0.1939 0.1816 0.1734 0.1745 0.1623
0.2837 0.2585 0.2599 0.2297 0.2308 0.2005 0.1890 0.1805 0.1838 0.1710
0.2836 0.2609 0.2672 0.2393 0.2434 0.2164 0.2077 0.2011 0.2091 0.1967
0.2783 0.2568 0.2649 0.2384 0.2434 0.2180 0.2106 0.2046 0.2140 0.2018
0.2661 0.2440 0.2506 0.2240 0.2274 0.2023 0.1939 0.1870 0.1939 0.1815
0.2506 0.2281 0.2329 0.2068 0.2082 0.1834 0.1742 0.1662 0.1701 0.1575
0.2293 0.2077 0.2111 0.1868 0.1862 0.1624 0.1530 0.1442 0.1451 0.1327
0.1958 0.1770 0.1801 0.1595 0.1572 0.1360 0.1275 0.1188 0.1170 0.1055
0.1460 0.1332 0.1364 0.1222 0.1187 0.1018 0.0950 0.0876 0.0832 0.0739
0.1126 0.1041 0.1080 0.0981 0.0947 0.0813 0.0760 0.0701 0.0652 0.0576
0.1026 0.0953 0.1001 0.0917 0.0889 0.0777 0.0735 0.0686 0.0649 0.0577
0.0961 0.0896 0.0963 0.0891 0.0878 0.0793 0.0768 0.0736 0.0726 0.0656
0.0871 0.0820 0.0907 0.0853 0.0858 0.0804 0.0801 0.0790 0.0816 0.0754
0.0705 0.0676 0.0762 0.0726 0.0734 0.0697 0.0699 0.0699 0.0723 0.0673
0.0568 0.0555 0.0627 0.0603 0.0604 0.0565 0.0560 0.0558 0.0555 0.0514
0.0520 0.0512 0.0581 0.0562 0.0563 0.0527 0.0522 0.0521 0.0515 0.0479
0.0464 0.0461 0.0534 0.0523 0.0531 0.0510 0.0513 0.0524 0.0532 0.0502
0.0381 0.0387 0.0468 0.0469 0.0490 0.0497 0.0518 0.0554 0.0599 0.0584
0.0315 0.0328 0.0417 0.0430 0.0466 0.0504 0.0548 0.0619 0.0719 0.0727
0.0294 0.0311 0.0408 0.0429 0.0475 0.0531 0.0594 0.0690 0.0833 0.0859
0.0295 0.0315 0.0422 0.0448 0.0503 0.0574 0.0653 0.0769 0.0948 0.0988
0.0305 0.0329 0.0446 0.0479 0.0543 0.0627 0.0721 0.0855 0.1066 0.1117
0.0300 0.0326 0.0445 0.0480 0.0546 0.0635 0.0734 0.0876 0.1098 0.1155
0.0275 0.0299 0.0409 0.0442 0.0503 0.0586 0.0677 0.0811 0.1020 0.1076
0.0254 0.0276 0.0377 0.0406 0.0461 0.0538 0.0619 0.0745 0.0938 0.0991
0.0243 0.0265 0.0364 0.0393 0.0447 0.0524 0.0605 0.0730 0.0924 0.0980
0.0246 0.0271 0.0376 0.0410 0.0471 0.0557 0.0649 0.0790 0.1009 0.1076
0.0267 0.0297 0.0417 0.0460 0.0533 0.0637 0.0750 0.0915 0.1175 0.1256
0.0309 0.0347 0.0492 0.0548 0.0640 0.0764 0.0909 0.1105 0.1416 0.1512
0.0330 0.0373 0.0530 0.0594 0.0694 0.0830 0.0991 0.1201 0.1536 0.1639
0.0317 0.0358 0.0509 0.0569 0.0666 0.0797 0.0951 0.1155 0.1481 0.1582
0.0316 0.0356 0.0506 0.0566 0.0662 0.0792 0.0944 0.1147 0.1470 0.1570
0.0317 0.0357 0.0507 0.0567 0.0662 0.0792 0.0945 0.1147 0.1469 0.1569
0.0300 0.0338 0.0482 0.0538 0.0629 0.0754 0.0899 0.1095 0.1408 0.1507
0.0287 0.0323 0.0461 0.0514 0.0601 0.0723 0.0861 0.1051 0.1357 0.1454
0.0306 0.0345 0.0492 0.0550 0.0643 0.0771 0.0919 0.1119 0.1438 0.1539
0.0389 0.0441 0.0628 0.0707 0.0829 0.0986 0.1183 0.1421 0.1803 0.1915
0.0488 0.0555 0.0789 0.0892 0.1046 0.1235 0.1485 0.1761 0.2206 0.2327
0.0448 0.0508 0.0721 0.0813 0.0952 0.1126 0.1352 0.1611 0.2026 0.2141
0.0369 0.0415 0.0586 0.0655 0.0764 0.0907 0.1082 0.1301 0.1651 0.1752
0.0327 0.0365 0.0514 0.0571 0.0663 0.0788 0.0935 0.1129 0.1438 0.1529
0.0324 0.0362 0.0510 0.0565 0.0657 0.0781 0.0926 0.1120 0.1427 0.1518
0.0333 0.0372 0.0525 0.0584 0.0680 0.0808 0.0960 0.1160 0.1478 0.1571
0.0291 0.0324 0.0457 0.0506 0.0588 0.0701 0.0829 0.1008 0.1291 0.1378
0.0260 0.0289 0.0407 0.0449 0.0521 0.0623 0.0734 0.0897 0.1155 0.1237
0.0248 0.0276 0.0390 0.0430 0.0499 0.0598 0.0705 0.0864 0.1118 0.1199
0.0236 0.0264 0.0375 0.0414 0.0482 0.0580 0.0685 0.0842 0.1096 0.1179
0.0226 0.0255 0.0364 0.0406 0.0475 0.0577 0.0684 0.0847 0.1115 0.1206
0.0209 0.0238 0.0343 0.0385 0.0453 0.0556 0.0661 0.0825 0.1101 0.1200
0.0194 0.0223 0.0326 0.0368 0.0436 0.0541 0.0647 0.0813 0.1103 0.1211
0.0186 0.0218 0.0324 0.0371 0.0445 0.0560 0.0677 0.0857 0.1184 0.1311
0.0179 0.0214 0.0327 0.0380 0.0462 0.0592 0.0724 0.0924 0.1304 0.1457
0.0166 0.0203 0.0317 0.0375 0.0462 0.0603 0.0744 0.0960 0.1388 0.1567
0.0147 0.0184 0.0294 0.0355 0.0444 0.0592 0.0740 0.0966 0.1442 0.1650
0.0129 0.0167 0.0275 0.0339 0.0431 0.0590 0.0746 0.0988 0.1526 0.1772
0.0120 0.0160 0.0271 0.0340 0.0441 0.0616 0.0789 0.1056 0.1675 0.1965
0.0113 0.0154 0.0269 0.0345 0.0454 0.0648 0.0840 0.1134 0.1840 0.2178
0.0100 0.0142 0.0255 0.0335 0.0449 0.0657 0.0864 0.1182 0.1978 0.2369
0.0092 0.0134 0.0246 0.0329 0.0449 0.0669 0.0888 0.1226 0.2099 0.2535
0.0092 0.0135 0.0252 0.0340 0.0466 0.0699 0.0933 0.1290 0.2218 0.2681
0.0089 0.0133 0.0252 0.0344 0.0476 0.0723 0.0972 0.1349 0.2342 0.2840
0.0096 0.0144 0.0273 0.0375 0.0519 0.0785 0.1056 0.1458 0.2500 0.3015
0.0115 0.0169 0.0314 0.0426 0.0582 0.0859 0.1147 0.1558 0.2580 0.3069
0.0140 0.0201 0.0363 0.0484 0.0650 0.0933 0.1234 0.1646 0.2622 0.3073
0.0175 0.0244 0.0429 0.0561 0.0741 0.1033 0.1351 0.1767 0.2698 0.3110
0.0217 0.0292 0.0494 0.0631 0.0814 0.1098 0.1414 0.1814 0.2652 0.3007
0.0251 0.0327 0.0535 0.0668 0.0846 0.1112 0.1415 0.1790 0.2537 0.2841
0.0317 0.0401 0.0634 0.0775 0.0963 0.1227 0.1541 0.1909 0.2595 0.2855
0.0447 0.0547 0.0831 0.0994 0.1209 0.1484 0.1838 0.2214 0.2864 0.3082
0.0615 0.0730 0.1072 0.1255 0.1500 0.1786 0.2183 0.2562 0.3196 0.3377
0.0771 0.0894 0.1281 0.1475 0.1741 0.2034 0.2460 0.2837 0.3469 0.3621
0.0830 0.0947 0.1336 0.1521 0.1784 0.2065 0.2484 0.2847 0.3460 0.3595
0.0896 0.1008 0.1401 0.1577 0.1838 0.2112 0.2526 0.2875 0.3481 0.3600
0.1009 0.1117 0.1532 0.1706 0.1976 0.2250 0.2675 0.3017 0.3634 0.3738
0.1197 0.1307 0.1763 0.1942 0.2235 0.2519 0.2972 0.3309 0.3953 0.4041
0.1573 0.1692 0.2231 0.2431 0.2772 0.3075 0.3588 0.3919 0.4606 0.4671
0.1820 0.1945 0.2531 0.2744 0.3111 0.3422 0.3965 0.4286 0.4984 0.5035
0.1904 0.2028 0.2625 0.2837 0.3209 0.3514 0.4059 0.4372 0.5065 0.5108
0.1905 0.2018 0.2595 0.2791 0.3146 0.3431 0.3951 0.4247 0.4918 0.4951
0.1779 0.1857 0.2358 0.2501 0.2801 0.3029 0.3467 0.3719 0.4328 0.4338
0.1670 0.1712 0.2139 0.2232 0.2476 0.2648 0.3000 0.3203 0.3734 0.3718
0.1787 0.1826 0.2260 0.2347 0.2593 0.2749 0.3096 0.3284 0.3797 0.3770
0.2005 0.2057 0.2532 0.2633 0.2906 0.3062 0.3436 0.3625 0.4149 0.4120
0.2211 0.2277 0.2786 0.2896 0.3196 0.3349 0.3740 0.3934 0.4468 0.4443
0.2410 0.2481 0.3006 0.3108 0.3425 0.3561 0.3946 0.4138 0.4669 0.4650
0.2746 0.2833 0.3390 0.3486 0.3838 0.3957 0.4340 0.4542 0.5079 0.5079
0.3122 0.3225 0.3807 0.3891 0.4276 0.4372 0.4744 0.4953 0.5489 0.5509
0.3264 0.3329 0.3848 0.3875 0.4224 0.4248 0.4551 0.4717 0.5196 0.5193
0.3179 0.3159 0.3549 0.3477 0.3737 0.3659 0.3838 0.3928 0.4300 0.4249
0.3123 0.3029 0.3302 0.3146 0.3330 0.3166 0.3237 0.3263 0.3531 0.3443
0.3296 0.3190 0.3447 0.3274 0.3453 0.3258 0.3315 0.3331 0.3583 0.3491
0.3624 0.3562 0.3878 0.3743 0.3973 0.3794 0.3908 0.3959 0.4265 0.4195
0.3793 0.3737 0.4056 0.3926 0.4166 0.3978 0.4103 0.4167 0.4483 0.4422
0.3827 0.3740 0.4010 0.3848 0.4061 0.3835 0.3927 0.3980 0.4269 0.4200
0.4111 0.4037 0.4313 0.4164 0.4392 0.4152 0.4268 0.4340 0.4646 0.4590
0.4621 0.4599 0.4922 0.4827 0.5101 0.4876 0.5063 0.5178 0.5521 0.5496
0.4746 0.4713 0.5015 0.4911 0.5178 0.4935 0.5119 0.5239 0.5578 0.5557
0.4147 0.4013 0.4194 0.3989 0.4172 0.3874 0.3946 0.4024 0.4312 0.4258
0.3467 0.3242 0.3300 0.3015 0.3101 0.2784 0.2744 0.2767 0.2959 0.2878
0.3302 0.3052 0.3072 0.2766 0.2818 0.2490 0.2415 0.2406 0.2545 0.2449
0.3272 0.3021 0.3042 0.2736 0.2785 0.2459 0.2379 0.2361 0.2489 0.2387
0.3369 0.3140 0.3196 0.2906 0.2982 0.2666 0.2610 0.2606 0.2767 0.2671
0.3648 0.3462 0.3581 0.3327 0.3450 0.3146 0.3141 0.3169 0.3388 0.3305
