0.0584 0.0711 0.0848 0.0954 0.1014 0.1032 0.1128 0.1227 0.1278 0.1333
0.0585 0.0723 0.0874 0.0995 0.1071 0.1100 0.1213 0.1330 0.1399 0.1469
0.0586 0.0728 0.0884 0.1012 0.1095 0.1129 0.1249 0.1374 0.1451 0.1527
0.0608 0.0761 0.0932 0.1073 0.1170 0.1212 0.1348 0.1488 0.1581 0.1669
0.0627 0.0789 0.0973 0.1126 0.1236 0.1285 0.1435 0.1589 0.1697 0.1796
0.0630 0.0793 0.0978 0.1131 0.1242 0.1292 0.1443 0.1597 0.1706 0.1805
0.0651 0.0819 0.1011 0.1170 0.1287 0.1339 0.1497 0.1657 0.1773 0.1876
0.0727 0.0922 0.1155 0.1347 0.1505 0.1580 0.1782 0.1986 0.2153 0.2290
0.0865 0.1118 0.1440 0.1713 0.1973 0.2116 0.2438 0.2755 0.3058 0.3286
0.0987 0.1281 0.1670 0.1997 0.2333 0.2527 0.2935 0.3331 0.3730 0.4014
0.1030 0.1285 0.1627 0.1892 0.2155 0.2292 0.2623 0.2941 0.3259 0.3483
0.1064 0.1243 0.1491 0.1648 0.1785 0.1828 0.2025 0.2206 0.2376 0.2489
0.1226 0.1389 0.1639 0.1775 0.1900 0.1931 0.2127 0.2300 0.2473 0.2577
0.1581 0.1805 0.2181 0.2394 0.2653 0.2760 0.3109 0.3405 0.3747 0.3935
0.1934 0.2199 0.2672 0.2931 0.3295 0.3453 0.3905 0.4265 0.4703 0.4915
0.2195 0.2462 0.2968 0.3226 0.3623 0.3787 0.4265 0.4628 0.5081 0.5278
0.2408 0.2674 0.3190 0.3446 0.3850 0.4013 0.4494 0.4852 0.5298 0.5479
0.2901 0.3194 0.3749 0.4026 0.4473 0.4650 0.5150 0.5506 0.5943 0.6093
0.3914 0.4199 0.4731 0.4988 0.5423 0.5573 0.6029 0.6327 0.6694 0.6774
0.5143 0.5330 0.5717 0.5885 0.6208 0.6276 0.6623 0.6823 0.7093 0.7093
0.5983 0.6077 0.6340 0.6430 0.6662 0.6663 0.6931 0.7058 0.7269 0.7219
0.6446 0.6480 0.6667 0.6707 0.6882 0.6839 0.7060 0.7142 0.7323 0.7243
0.6821 0.6813 0.6951 0.6954 0.7096 0.7020 0.7209 0.7255 0.7420 0.7320
0.7075 0.7047 0.7162 0.7147 0.7274 0.7183 0.7356 0.7382 0.7539 0.7429
0.7209 0.7174 0.7281 0.7259 0.7383 0.7287 0.7453 0.7471 0.7626 0.7512
0.7256 0.7218 0.7321 0.7296 0.7419 0.7320 0.7484 0.7499 0.7652 0.7537
0.7269 0.7229 0.7330 0.7303 0.7424 0.7323 0.7486 0.7499 0.7651 0.7535
0.7273 0.7232 0.7331 0.7304 0.7423 0.7321 0.7483 0.7495 0.7647 0.7530
0.7258 0.7214 0.7309 0.7278 0.7393 0.7288 0.7448 0.7458 0.7609 0.7490
0.7173 0.7114 0.7192 0.7149 0.7242 0.7122 0.7271 0.7274 0.7418 0.7293
0.6879 0.6770 0.6786 0.6700 0.6709 0.6537 0.6642 0.6617 0.6731 0.6585
0.6528 0.6356 0.6291 0.6150 0.6046 0.5813 0.5850 0.5787 0.5849 0.5686
0.6737 0.6597 0.6573 0.6459 0.6414 0.6210 0.6283 0.6237 0.6327 0.6171
0.7315 0.7246 0.7310 0.7257 0.7341 0.7212 0.7352 0.7343 0.7483 0.7352
0.7695 0.7615 0.7665 0.7601 0.7685 0.7549 0.7677 0.7649 0.7784 0.7647
0.7861 0.7770 0.7802 0.7725 0.7796 0.7649 0.7764 0.7720 0.7849 0.7704
0.7848 0.7745 0.7765 0.7678 0.7735 0.7575 0.7681 0.7629 0.7754 0.7602
0.7478 0.7301 0.7232 0.7075 0.7013 0.6767 0.6806 0.6700 0.6780 0.6588
0.6937 0.6648 0.6437 0.6177 0.5916 0.5554 0.5470 0.5290 0.5273 0.5051
0.6876 0.6574 0.6345 0.6074 0.5789 0.5414 0.5316 0.5129 0.5099 0.4877
0.7123 0.6872 0.6709 0.6483 0.6290 0.5963 0.5921 0.5764 0.5781 0.5564
0.7270 0.7049 0.6925 0.6727 0.6587 0.6292 0.6284 0.6147 0.6190 0.5981
0.7051 0.6784 0.6602 0.6362 0.6141 0.5799 0.5740 0.5573 0.5576 0.5357
0.6652 0.6304 0.6014 0.5702 0.5335 0.4923 0.4774 0.4565 0.4494 0.4273
0.6393 0.5993 0.5635 0.5280 0.4825 0.4381 0.4182 0.3954 0.3844 0.3631
0.6317 0.5902 0.5524 0.5158 0.4680 0.4229 0.4017 0.3786 0.3665 0.3456
0.6290 0.5872 0.5491 0.5122 0.4639 0.4187 0.3972 0.3741 0.3617 0.3410
0.6262 0.5844 0.5464 0.5096 0.4614 0.4164 0.3950 0.3721 0.3597 0.3392
0.6227 0.5814 0.5439 0.5076 0.4599 0.4155 0.3945 0.3721 0.3600 0.3396
0.6227 0.5822 0.5457 0.5102 0.4636 0.4198 0.3996 0.3777 0.3661 0.3459
0.6264 0.5875 0.5530 0.5189 0.4746 0.4318 0.4130 0.3918 0.3812 0.3608
0.6135 0.5747 0.5403 0.5067 0.4622 0.4202 0.4015 0.3812 0.3705 0.3510
0.5889 0.5508 0.5170 0.4846 0.4401 0.4000 0.3819 0.3634 0.3525 0.3345
0.5678 0.5313 0.4991 0.4684 0.4251 0.3872 0.3702 0.3536 0.3431 0.3263
0.5571 0.5216 0.4904 0.4609 0.4185 0.3817 0.3654 0.3499 0.3396 0.3235
0.5531 0.5182 0.4877 0.4588 0.4170 0.3809 0.3651 0.3502 0.3402 0.3244
0.5510 0.5165 0.4864 0.4578 0.4163 0.3805 0.3650 0.3503 0.3405 0.3248
0.5488 0.5143 0.4842 0.4557 0.4142 0.3784 0.3629 0.3483 0.3383 0.3227
0.5483 0.5139 0.4839 0.4555 0.4141 0.3785 0.3631 0.3485 0.3386 0.3230
0.5486 0.5144 0.4847 0.4564 0.4153 0.3799 0.3646 0.3501 0.3404 0.3248
0.5460 0.5117 0.4819 0.4536 0.4124 0.3769 0.3615 0.3471 0.3371 0.3216
0.5377 0.5030 0.4726 0.4438 0.4019 0.3663 0.3503 0.3355 0.3246 0.3088
0.5130 0.4765 0.4433 0.4124 0.3682 0.3314 0.3129 0.2961 0.2816 0.2644
0.4900 0.4530 0.4187 0.3872 0.3423 0.3056 0.2862 0.2688 0.2525 0.2349
0.5111 0.4777 0.4482 0.4206 0.3795 0.3454 0.3297 0.3158 0.3041 0.2887
0.5476 0.5163 0.4903 0.4646 0.4274 0.3940 0.3813 0.3686 0.3605 0.3453
0.6125 0.5901 0.5765 0.5580 0.5372 0.5094 0.5069 0.4980 0.4987 0.4822
0.6383 0.6200 0.6118 0.5967 0.5837 0.5593 0.5615 0.5548 0.5596 0.5433
0.5997 0.5749 0.5580 0.5374 0.5123 0.4825 0.4772 0.4669 0.4654 0.4488
0.5566 0.5254 0.4996 0.4739 0.4372 0.4036 0.3911 0.3781 0.3705 0.3549
0.5423 0.5098 0.4822 0.4555 0.4164 0.3824 0.3684 0.3552 0.3462 0.3310
0.5378 0.5054 0.4776 0.4510 0.4118 0.3779 0.3639 0.3507 0.3415 0.3265
0.5386 0.5065 0.4792 0.4529 0.4142 0.3805 0.3668 0.3539 0.3450 0.3300
0.5467 0.5154 0.4893 0.4637 0.4263 0.3930 0.3802 0.3675 0.3594 0.3442
0.5577 0.5276 0.5033 0.4785 0.4434 0.4106 0.3991 0.3868 0.3799 0.3644
0.5570 0.5269 0.5026 0.4778 0.4427 0.4099 0.3985 0.3862 0.3793 0.3638
0.5364 0.5050 0.4784 0.4527 0.4146 0.3815 0.3683 0.3558 0.3472 0.3324
0.4990 0.4676 0.4402 0.4145 0.3751 0.3429 0.3285 0.3163 0.3054 0.2910
0.4380 0.4068 0.3782 0.3522 0.3120 0.2810 0.2647 0.2516 0.2365 0.2215
0.3956 0.3662 0.3387 0.3139 0.2751 0.2462 0.2300 0.2176 0.2013 0.1869
0.4033 0.3776 0.3546 0.3336 0.2979 0.2716 0.2585 0.2493 0.2360 0.2233
0.4045 0.3818 0.3621 0.3439 0.3108 0.2867 0.2761 0.2696 0.2586 0.2476
0.3605 0.3405 0.3226 0.3063 0.2749 0.2532 0.2428 0.2372 0.2250 0.2145
0.2949 0.2757 0.2570 0.2405 0.2098 0.1896 0.1775 0.1702 0.1551 0.1442
0.2478 0.2287 0.2088 0.1917 0.1623 0.1433 0.1303 0.1220 0.1063 0.0961
0.2459 0.2293 0.2121 0.1971 0.1693 0.1515 0.1399 0.1329 0.1179 0.1080
0.2763 0.2644 0.2536 0.2436 0.2188 0.2038 0.1963 0.1944 0.1828 0.1748
0.2949 0.2859 0.2792 0.2723 0.2503 0.2374 0.2335 0.2354 0.2273 0.2215
0.2896 0.2816 0.2761 0.2700 0.2490 0.2369 0.2337 0.2364 0.2289 0.2235
0.2637 0.2550 0.2479 0.2406 0.2187 0.2060 0.2008 0.2012 0.1914 0.1849
0.2291 0.2180 0.2074 0.1970 0.1737 0.1593 0.1510 0.1474 0.1346 0.1265
0.2026 0.1901 0.1777 0.1655 0.1424 0.1276 0.1180 0.1124 0.0992 0.0910
0.1866 0.1746 0.1629 0.1508 0.1290 0.1146 0.1053 0.0994 0.0870 0.0792
0.1817 0.1718 0.1629 0.1524 0.1325 0.1190 0.1111 0.1062 0.0948 0.0875
0.1837 0.1769 0.1723 0.1644 0.1471 0.1350 0.1295 0.1269 0.1173 0.1111
0.1862 0.1822 0.1818 0.1765 0.1620 0.1516 0.1490 0.1490 0.1421 0.1375
0.1842 0.1818 0.1838 0.1799 0.1672 0.1578 0.1568 0.1582 0.1531 0.1495
0.1653 0.1616 0.1618 0.1561 0.1429 0.1325 0.1297 0.1287 0.1221 0.1175
0.1377 0.1316 0.1286 0.1203 0.1064 0.0950 0.0899 0.0858 0.0779 0.0724
0.1185 0.1116 0.1075 0.0983 0.0851 0.0740 0.0683 0.0634 0.0559 0.0507
0.1092 0.1027 0.0990 0.0901 0.0778 0.0671 0.0618 0.0570 0.0500 0.0452
0.1067 0.1012 0.0990 0.0909 0.0796 0.0693 0.0646 0.0602 0.0537 0.0491
0.1105 0.1066 0.1068 0.0999 0.0898 0.0798 0.0764 0.0727 0.0670 0.0627
0.1221 0.1210 0.1255 0.1212 0.1133 0.1044 0.1037 0.1026 0.0991 0.0960
0.1314 0.1326 0.1408 0.1388 0.1334 0.1258 0.1282 0.1298 0.1294 0.1280
0.1314 0.1328 0.1414 0.1395 0.1345 0.1270 0.1297 0.1315 0.1313 0.1302
0.1226 0.1221 0.1276 0.1238 0.1167 0.1080 0.1081 0.1075 0.1047 0.1019
0.1100 0.1069 0.1084 0.1022 0.0929 0.0832 0.0805 0.0773 0.0721 0.0681
0.1038 0.0999 0.0999 0.0929 0.0831 0.0733 0.0698 0.0659 0.0603 0.0561
0.1021 0.0981 0.0981 0.0911 0.0814 0.0717 0.0682 0.0643 0.0587 0.0545
0.1023 0.0986 0.0991 0.0923 0.0829 0.0732 0.0699 0.0662 0.0607 0.0565
0.1035 0.1004 0.1016 0.0952 0.0862 0.0767 0.0737 0.0703 0.0650 0.0610
0.1040 0.1014 0.1031 0.0971 0.0884 0.0790 0.0764 0.0732 0.0681 0.0642
0.1011 0.0983 0.0995 0.0934 0.0846 0.0752 0.0724 0.0689 0.0637 0.0597
0.0941 0.0906 0.0904 0.0838 0.0746 0.0654 0.0620 0.0581 0.0527 0.0487
0.0850 0.0813 0.0803 0.0738 0.0649 0.0564 0.0529 0.0492 0.0439 0.0403
0.0774 0.0748 0.0741 0.0686 0.0606 0.0532 0.0502 0.0472 0.0423 0.0391
0.0741 0.0738 0.0749 0.0712 0.0645 0.0577 0.0557 0.0534 0.0489 0.0460
0.0751 0.0793 0.0848 0.0848 0.0809 0.0753 0.0755 0.0752 0.0719 0.0698
0.0793 0.0895 0.1018 0.1080 0.1099 0.1072 0.1129 0.1178 0.1191 0.1202
0.0851 0.0992 0.1167 0.1276 0.1345 0.1349 0.1460 0.1563 0.1633 0.1685
0.0881 0.1026 0.1208 0.1321 0.1396 0.1402 0.1522 0.1631 0.1711 0.1767
0.0863 0.0978 0.1124 0.1200 0.1236 0.1217 0.1295 0.1362 0.1398 0.1422
0.0852 0.0942 0.1059 0.1107 0.1114 0.1078 0.1126 0.1165 0.1171 0.1175
0.0875 0.0964 0.1082 0.1128 0.1135 0.1097 0.1145 0.1184 0.1191 0.1194
0.0927 0.1035 0.1180 0.1248 0.1278 0.1253 0.1329 0.1393 0.1427 0.1448
0.1002 0.1134 0.1317 0.1414 0.1479 0.1475 0.1592 0.1694 0.1774 0.1824
0.1045 0.1162 0.1334 0.1413 0.1462 0.1446 0.1549 0.1637 0.1704 0.1742
0.1045 0.1126 0.1256 0.1295 0.1301 0.1258 0.1318 0.1363 0.1385 0.1392
0.1083 0.1152 0.1274 0.1300 0.1296 0.1245 0.1297 0.1335 0.1350 0.1351
0.1183 0.1261 0.1408 0.1447 0.1461 0.1420 0.1498 0.1557 0.1601 0.1618
0.1391 0.1513 0.1740 0.1831 0.1920 0.1922 0.2090 0.2229 0.2375 0.2450
0.1672 0.1847 0.2176 0.2331 0.2527 0.2589 0.2878 0.3118 0.3399 0.3542
0.1923 0.2126 0.2521 0.2710 0.2978 0.3076 0.3442 0.3733 0.4090 0.4258
0.2094 0.2308 0.2733 0.2934 0.3233 0.3346 0.3742 0.4052 0.4435 0.4606
0.2111 0.2303 0.2694 0.2873 0.3130 0.3223 0.3582 0.3870 0.4217 0.4374
0.2013 0.2161 0.2474 0.2607 0.2772 0.2823 0.3098 0.3332 0.3596 0.3723
0.1939 0.2048 0.2291 0.2384 0.2470 0.2483 0.2684 0.2865 0.3050 0.3143
0.1981 0.2073 0.2285 0.2362 0.2413 0.2412 0.2582 0.2744 0.2893 0.2969
0.2173 0.2272 0.2495 0.2583 0.2643 0.2651 0.2837 0.3016 0.3176 0.3254
0.2548 0.2670 0.2927 0.3042 0.3142 0.3172 0.3401 0.3614 0.3809 0.3889
0.2910 0.3036 0.3296 0.3417 0.3528 0.3562 0.3801 0.4020 0.4216 0.4280
0.3055 0.3154 0.3372 0.3471 0.3537 0.3551 0.3754 0.3951 0.4107 0.4150
0.3072 0.3135 0.3294 0.3362 0.3364 0.3350 0.3502 0.3667 0.3771 0.3794
0.3064 0.3095 0.3202 0.3242 0.3190 0.3151 0.3258 0.3393 0.3453 0.3460
0.3109 0.3122 0.3203 0.3228 0.3149 0.3097 0.3183 0.3303 0.3343 0.3340
0.3337 0.3347 0.3428 0.3452 0.3377 0.3323 0.3415 0.3537 0.3583 0.3574
0.3638 0.3643 0.3724 0.3746 0.3681 0.3621 0.3722 0.3842 0.3899 0.3880
0.3900 0.3893 0.3967 0.3980 0.3915 0.3844 0.3946 0.4058 0.4118 0.4087
0.4603 0.4595 0.4689 0.4701 0.4686 0.4609 0.4743 0.4848 0.4944 0.4891
0.5353 0.5334 0.5436 0.5437 0.5466 0.5377 0.5531 0.5613 0.5736 0.5658
0.5669 0.5626 0.5706 0.5685 0.5704 0.5594 0.5735 0.5792 0.5911 0.5816
0.5661 0.5582 0.5615 0.5562 0.5529 0.5386 0.5491 0.5522 0.5615 0.5508
0.5284 0.5145 0.5095 0.4991 0.4844 0.4652 0.4683 0.4680 0.4711 0.4599
0.5016 0.4840 0.4736 0.4602 0.4383 0.4166 0.4149 0.4125 0.4114 0.4003
0.4989 0.4799 0.4677 0.4530 0.4291 0.4062 0.4031 0.3996 0.3974 0.3861
0.4889 0.4686 0.4546 0.4390 0.4127 0.3892 0.3845 0.3804 0.3768 0.3657
0.4733 0.4523 0.4369 0.4208 0.3926 0.3688 0.3629 0.3585 0.3536 0.3428
0.4808 0.4594 0.4437 0.4271 0.3988 0.3746 0.3685 0.3638 0.3590 0.3479
0.4961 0.4745 0.4589 0.4420 0.4143 0.3896 0.3838 0.3786 0.3744 0.3627
0.5525 0.5327 0.5210 0.5053 0.4841 0.4596 0.4578 0.4526 0.4525 0.4390
0.6434 0.6312 0.6308 0.6213 0.6175 0.5991 0.6076 0.6055 0.6148 0.6006
0.7047 0.6987 0.7064 0.7022 0.7107 0.6986 0.7134 0.7140 0.7284 0.7159
0.7258 0.7219 0.7319 0.7293 0.7413 0.7312 0.7475 0.7488 0.7641 0.7525
0.7285 0.7246 0.7348 0.7322 0.7445 0.7346 0.7509 0.7522 0.7675 0.7559
0.7285 0.7246 0.7346 0.7319 0.7441 0.7341 0.7503 0.7516 0.7668 0.7552
0.7279 0.7238 0.7336 0.7307 0.7426 0.7324 0.7485 0.7497 0.7648 0.7531
0.7249 0.7200 0.7290 0.7256 0.7364 0.7255 0.7411 0.7418 0.7567 0.7447
0.7235 0.7177 0.7255 0.7213 0.7309 0.7191 0.7340 0.7341 0.7486 0.7361
0.7203 0.7123 0.7175 0.7112 0.7177 0.7036 0.7167 0.7153 0.7287 0.7151
0.7152 0.7031 0.7033 0.6933 0.6939 0.6755 0.6850 0.6806 0.6917 0.6761
0.7427 0.7303 0.7301 0.7196 0.7210 0.7024 0.7117 0.7061 0.7174 0.7012
0.7582 0.7450 0.7438 0.7324 0.7334 0.7140 0.7224 0.7156 0.7266 0.7098
0.7251 0.7046 0.6942 0.6760 0.6646 0.6369 0.6379 0.6257 0.6313 0.6113
0.6464 0.6109 0.5809 0.5494 0.5109 0.4699 0.4543 0.4340 0.4261 0.4050
0.6120 0.5724 0.5368 0.5024 0.4566 0.4141 0.3947 0.3739 0.3626 0.3431
0.6026 0.5634 0.5284 0.4946 0.4491 0.4075 0.3884 0.3685 0.3573 0.3384
0.6085 0.5706 0.5373 0.5046 0.4611 0.4201 0.4023 0.3828 0.3725 0.3534
0.6347 0.6008 0.5729 0.5433 0.5067 0.4678 0.4539 0.4355 0.4285 0.4083
0.6568 0.6261 0.6026 0.5756 0.5450 0.5082 0.4977 0.4805 0.4765 0.4557
0.6431 0.6095 0.5820 0.5525 0.5168 0.4778 0.4642 0.4456 0.4390 0.4184
0.6253 0.5889 0.5576 0.5258 0.4850 0.4444 0.4279 0.4083 0.3993 0.3793
0.6070 0.5693 0.5362 0.5037 0.4604 0.4196 0.4019 0.3826 0.3724 0.3534
0.5841 0.5468 0.5138 0.4822 0.4385 0.3992 0.3817 0.3639 0.3534 0.3358
0.5630 0.5271 0.4954 0.4654 0.4226 0.3852 0.3687 0.3526 0.3423 0.3259
0.5529 0.5176 0.4866 0.4574 0.4151 0.3786 0.3625 0.3472 0.3369 0.3210
0.5491 0.5141 0.4835 0.4546 0.4126 0.3765 0.3606 0.3456 0.3354 0.3196
0.5480 0.5133 0.4830 0.4543 0.4126 0.3768 0.3611 0.3463 0.3362 0.3206
0.5473 0.5128 0.4827 0.4542 0.4127 0.3770 0.3615 0.3469 0.3369 0.3213
0.5427 0.5079 0.4774 0.4486 0.4066 0.3708 0.3548 0.3400 0.3294 0.3136
0.5330 0.4975 0.4660 0.4365 0.3936 0.3574 0.3405 0.3249 0.3129 0.2965
0.5250 0.4895 0.4578 0.4281 0.3851 0.3489 0.3317 0.3160 0.3033 0.2868
0.5191 0.4843 0.4532 0.4242 0.3818 0.3463 0.3295 0.3144 0.3019 0.2857
0.5166 0.4830 0.4534 0.4257 0.3845 0.3502 0.3345 0.3205 0.3090 0.2936
0.5165 0.4840 0.4557 0.4290 0.3889 0.3555 0.3408 0.3277 0.3171 0.3023
0.5101 0.4783 0.4508 0.4249 0.3854 0.3527 0.3385 0.3260 0.3156 0.3011
0.5055 0.4746 0.4481 0.4230 0.3844 0.3526 0.3390 0.3274 0.3174 0.3033
0.5072 0.4771 0.4515 0.4272 0.3896 0.3583 0.3455 0.3344 0.3252 0.3114
0.5078 0.4783 0.4535 0.4297 0.3928 0.3619 0.3496 0.3390 0.3302 0.3165
0.5051 0.4763 0.4523 0.4291 0.3929 0.3627 0.3509 0.3408 0.3323 0.3189
0.4832 0.4555 0.4322 0.4100 0.3741 0.3452 0.3336 0.3244 0.3154 0.3027
0.4557 0.4294 0.4070 0.3860 0.3507 0.3233 0.3118 0.3035 0.2936 0.2815
0.4522 0.4267 0.4053 0.3851 0.3506 0.3240 0.3132 0.3055 0.2961 0.2844
0.4654 0.4406 0.4202 0.4006 0.3672 0.3408 0.3310 0.3239 0.3159 0.3044
0.4857 0.4613 0.4422 0.4230 0.3913 0.3648 0.3563 0.3495 0.3430 0.3311
0.4983 0.4742 0.4558 0.4367 0.4061 0.3795 0.3716 0.3648 0.3591 0.3469
0.4948 0.4706 0.4519 0.4327 0.4017 0.3750 0.3669 0.3600 0.3540 0.3419
0.4917 0.4676 0.4488 0.4297 0.3985 0.3720 0.3638 0.3570 0.3509 0.3389
0.4869 0.4628 0.4439 0.4249 0.3935 0.3671 0.3588 0.3521 0.3458 0.3339
0.4726 0.4488 0.4298 0.4111 0.3792 0.3534 0.3447 0.3384 0.3315 0.3201
0.4584 0.4352 0.4166 0.3985 0.3667 0.3417 0.3331 0.3272 0.3200 0.3091
0.4489 0.4264 0.4083 0.3908 0.3594 0.3350 0.3266 0.3213 0.3139 0.3034
0.4508 0.4286 0.4110 0.3939 0.3629 0.3388 0.3308 0.3258 0.3188 0.3083
0.4608 0.4389 0.4220 0.4050 0.3749 0.3507 0.3433 0.3384 0.3322 0.3215
0.4501 0.4288 0.4124 0.3960 0.3662 0.3427 0.3355 0.3312 0.3248 0.3146
0.4232 0.4031 0.3872 0.3719 0.3421 0.3200 0.3126 0.3090 0.3018 0.2923
0.4105 0.3912 0.3758 0.3610 0.3315 0.3102 0.3029 0.2997 0.2921 0.2829
0.4112 0.3924 0.3777 0.3633 0.3345 0.3135 0.3067 0.3039 0.2968 0.2878
0.4164 0.3983 0.3845 0.3709 0.3430 0.3225 0.3166 0.3145 0.3082 0.2994
0.4177 0.4001 0.3870 0.3738 0.3466 0.3265 0.3211 0.3193 0.3135 0.3049
0.4056 0.3886 0.3757 0.3628 0.3356 0.3160 0.3104 0.3089 0.3027 0.2944
0.3814 0.3655 0.3532 0.3412 0.3142 0.2957 0.2900 0.2890 0.2818 0.2739
0.3640 0.3492 0.3376 0.3264 0.3000 0.2825 0.2769 0.2763 0.2687 0.2612
0.3616 0.3474 0.3365 0.3259 0.3001 0.2830 0.2779 0.2778 0.2705 0.2633
0.3577 0.3443 0.3342 0.3242 0.2991 0.2827 0.2781 0.2786 0.2716 0.2647
0.3440 0.3317 0.3225 0.3135 0.2892 0.2737 0.2694 0.2705 0.2634 0.2568
0.3151 0.3035 0.2942 0.2852 0.2609 0.2460 0.2407 0.2411 0.2323 0.2255
0.2807 0.2687 0.2579 0.2478 0.2229 0.2077 0.2004 0.1986 0.1871 0.1791
0.2621 0.2503 0.2392 0.2289 0.2042 0.1892 0.1813 0.1787 0.1663 0.1581
0.2535 0.2427 0.2326 0.2230 0.1993 0.1850 0.1776 0.1754 0.1634 0.1555
0.2495 0.2399 0.2313 0.2228 0.2002 0.1868 0.1802 0.1789 0.1677 0.1604
0.2547 0.2470 0.2411 0.2344 0.2137 0.2016 0.1970 0.1979 0.1885 0.1824
0.2687 0.2633 0.2606 0.2564 0.2380 0.2277 0.2260 0.2300 0.2236 0.2193
0.2832 0.2794 0.2794 0.2770 0.2609 0.2519 0.2528 0.2592 0.2556 0.2526
0.2803 0.2767 0.2769 0.2747 0.2588 0.2500 0.2510 0.2575 0.2540 0.2511
0.2565 0.2514 0.2492 0.2451 0.2272 0.2170 0.2153 0.2189 0.2123 0.2080
0.2263 0.2187 0.2126 0.2052 0.1852 0.1729 0.1674 0.1665 0.1563 0.1497
0.2007 0.1912 0.1827 0.1729 0.1522 0.1387 0.1311 0.1273 0.1156 0.1082
0.1819 0.1722 0.1636 0.1533 0.1335 0.1201 0.1123 0.1076 0.0963 0.0891
0.1690 0.1604 0.1535 0.1438 0.1258 0.1130 0.1060 0.1015 0.0911 0.0844
0.1569 0.1495 0.1444 0.1354 0.1191 0.1069 0.1008 0.0966 0.0873 0.0811
0.1476 0.1415 0.1383 0.1302 0.1156 0.1041 0.0990 0.0952 0.0869 0.0813
0.1403 0.1354 0.1341 0.1268 0.1138 0.1029 0.0987 0.0955 0.0882 0.0832
0.1299 0.1252 0.1243 0.1170 0.1048 0.0942 0.0901 0.0866 0.0798 0.0749
0.1167 0.1115 0.1098 0.1019 0.0902 0.0796 0.0752 0.0710 0.0642 0.0595
0.1070 0.1015 0.0992 0.0909 0.0796 0.0692 0.0646 0.0601 0.0535 0.0489
0.1010 0.0955 0.0931 0.0849 0.0739 0.0638 0.0592 0.0547 0.0484 0.0440
0.0993 0.0941 0.0923 0.0844 0.0739 0.0640 0.0596 0.0552 0.0492 0.0449
0.1030 0.0990 0.0988 0.0917 0.0819 0.0721 0.0685 0.0645 0.0588 0.0546
0.1080 0.1052 0.1070 0.1009 0.0919 0.0824 0.0798 0.0767 0.0717 0.0677
0.1120 0.1102 0.1137 0.1085 0.1005 0.0913 0.0898 0.0875 0.0833 0.0797
0.1127 0.1114 0.1153 0.1105 0.1028 0.0937 0.0925 0.0905 0.0866 0.0831
0.1076 0.1053 0.1077 0.1020 0.0936 0.0842 0.0820 0.0791 0.0743 0.0705
0.1012 0.0979 0.0986 0.0920 0.0829 0.0734 0.0702 0.0666 0.0612 0.0571
0.0959 0.0921 0.0918 0.0848 0.0754 0.0661 0.0625 0.0586 0.0530 0.0489
0.0910 0.0871 0.0862 0.0793 0.0700 0.0609 0.0573 0.0533 0.0478 0.0439
0.0871 0.0837 0.0831 0.0767 0.0679 0.0593 0.0558 0.0522 0.0468 0.0431
0.0820 0.0799 0.0801 0.0748 0.0667 0.0588 0.0559 0.0528 0.0477 0.0443
0.0764 0.0763 0.0779 0.0743 0.0675 0.0606 0.0586 0.0563 0.0517 0.0487
0.0695 0.0721 0.0758 0.0747 0.0699 0.0644 0.0639 0.0630 0.0594 0.0572
0.0597 0.0650 0.0706 0.0725 0.0702 0.0669 0.0685 0.0700 0.0680 0.0675
0.0505 0.0579 0.0655 0.0703 0.0708 0.0702 0.0745 0.0792 0.0797 0.0817
0.0440 0.0527 0.0616 0.0687 0.0715 0.0732 0.0802 0.0880 0.0912 0.0960
0.0402 0.0500 0.0599 0.0689 0.0737 0.0773 0.0867 0.0976 0.1034 0.1111
0.0391 0.0497 0.0607 0.0711 0.0774 0.0824 0.0938 0.1070 0.1150 0.1250
0.0392 0.0503 0.0621 0.0734 0.0807 0.0866 0.0993 0.1140 0.1234 0.1347
0.0394 0.0509 0.0632 0.0751 0.0831 0.0895 0.1030 0.1188 0.1292 0.1414
0.0417 0.0540 0.0674 0.0804 0.0895 0.0964 0.1110 0.1278 0.1393 0.1523
0.0451 0.0586 0.0735 0.0877 0.0981 0.1055 0.1214 0.1393 0.1520 0.1655
0.0483 0.0629 0.0792 0.0946 0.1062 0.1140 0.1310 0.1499 0.1636 0.1777
0.0500 0.0652 0.0823 0.0983 0.1104 0.1185 0.1361 0.1555 0.1697 0.1840
0.0492 0.0640 0.0806 0.0962 0.1078 0.1156 0.1327 0.1515 0.1652 0.1791
0.0491 0.0638 0.0803 0.0956 0.1071 0.1147 0.1315 0.1500 0.1634 0.1770
0.0524 0.0682 0.0860 0.1024 0.1150 0.1229 0.1407 0.1600 0.1743 0.1883
0.0574 0.0749 0.0949 0.1132 0.1279 0.1366 0.1565 0.1775 0.1939 0.2090
0.0607 0.0793 0.1009 0.1204 0.1365 0.1458 0.1670 0.1892 0.2070 0.2229
0.0618 0.0804 0.1022 0.1216 0.1376 0.1466 0.1675 0.1894 0.2068 0.2222
0.0659 0.0858 0.1094 0.1302 0.1478 0.1575 0.1800 0.2033 0.2224 0.2388
0.0743 0.0974 0.1258 0.1508 0.1736 0.1863 0.2147 0.2433 0.2689 0.2894
0.0831 0.1098 0.1436 0.1735 0.2026 0.2194 0.2549 0.2902 0.3239 0.3494
0.0900 0.1185 0.1554 0.1874 0.2196 0.2384 0.2774 0.3157 0.3535 0.3812
0.0990 0.1278 0.1660 0.1979 0.2304 0.2489 0.2886 0.3271 0.3659 0.3935
0.1185 0.1498 0.1932 0.2274 0.2645 0.2855 0.3307 0.3729 0.4174 0.4469
0.1451 0.1773 0.2252 0.2592 0.2995 0.3211 0.3697 0.4127 0.4604 0.4890
0.1713 0.1993 0.2454 0.2734 0.3095 0.3264 0.3712 0.4087 0.4525 0.4760
0.1859 0.2075 0.2479 0.2681 0.2962 0.3070 0.3446 0.3749 0.4116 0.4295
0.1890 0.2067 0.2426 0.2586 0.2809 0.2883 0.3206 0.3467 0.3784 0.3934
0.2033 0.2220 0.2602 0.2776 0.3023 0.3110 0.3460 0.3740 0.4080 0.4236
0.2269 0.2480 0.2901 0.3100 0.3392 0.3503 0.3893 0.4200 0.4571 0.4731
0.2427 0.2631 0.3038 0.3231 0.3505 0.3608 0.3983 0.4281 0.4629 0.4774
0.2534 0.2711 0.3065 0.3231 0.3443 0.3520 0.3843 0.4112 0.4404 0.4522
0.2680 0.2821 0.3110 0.3243 0.3381 0.3428 0.3690 0.3922 0.4147 0.4233
0.3014 0.3138 0.3396 0.3517 0.3627 0.3661 0.3900 0.4118 0.4311 0.4370
0.3576 0.3702 0.3965 0.4091 0.4222 0.4258 0.4511 0.4728 0.4924 0.4957
0.4259 0.4374 0.4629 0.4746 0.4896 0.4921 0.5179 0.5375 0.5570 0.5571
0.4762 0.4841 0.5057 0.5143 0.5271 0.5266 0.5499 0.5660 0.5836 0.5807
0.4979 0.5012 0.5173 0.5220 0.5296 0.5253 0.5446 0.5572 0.5719 0.5669
0.5223 0.5215 0.5327 0.5338 0.5372 0.5292 0.5452 0.5544 0.5670 0.5598
0.5613 0.5572 0.5653 0.5634 0.5652 0.5544 0.5686 0.5746 0.5864 0.5771
0.6074 0.6018 0.6089 0.6054 0.6084 0.5962 0.6101 0.6138 0.6262 0.6153
0.6428 0.6363 0.6429 0.6385 0.6428 0.6298 0.6437 0.6458 0.6587 0.6468
0.6643 0.6569 0.6626 0.6572 0.6616 0.6478 0.6612 0.6620 0.6749 0.6623
0.6750 0.6667 0.6714 0.6652 0.6689 0.6543 0.6669 0.6668 0.6794 0.6662
0.6819 0.6731 0.6772 0.6704 0.6739 0.6587 0.6710 0.6702 0.6827 0.6691
0.6870 0.6779 0.6817 0.6747 0.6780 0.6626 0.6747 0.6736 0.6860 0.6723
0.6847 0.6746 0.6771 0.6693 0.6711 0.6547 0.6659 0.6640 0.6758 0.6617
0.6738 0.6616 0.6614 0.6516 0.6497 0.6311 0.6401 0.6370 0.6472 0.6323
0.6657 0.6518 0.6495 0.6382 0.6335 0.6132 0.6205 0.6163 0.6252 0.6098
0.6547 0.6387 0.6337 0.6206 0.6121 0.5899 0.5948 0.5894 0.5965 0.5805
0.6336 0.6139 0.6039 0.5876 0.5721 0.5464 0.5471 0.5395 0.5430 0.5265
0.6085 0.5844 0.5686 0.5485 0.5250 0.4956 0.4912 0.4812 0.4805 0.4637
0.5836 0.5553 0.5338 0.5102 0.4791 0.4468 0.4376 0.4256 0.4209 0.4044
0.5702 0.5398 0.5153 0.4900 0.4551 0.4216 0.4100 0.3971 0.3905 0.3743
0.5679 0.5372 0.5121 0.4866 0.4510 0.4173 0.4054 0.3923 0.3853 0.3693
0.5742 0.5443 0.5206 0.4958 0.4618 0.4286 0.4177 0.4050 0.3989 0.3826
0.5866 0.5587 0.5376 0.5144 0.4839 0.4518 0.4431 0.4311 0.4268 0.4103
0.5977 0.5716 0.5530 0.5312 0.5040 0.4731 0.4664 0.4553 0.4527 0.4359
0.5888 0.5612 0.5405 0.5174 0.4875 0.4556 0.4471 0.4353 0.4313 0.4146
0.5677 0.5367 0.5113 0.4855 0.4496 0.4157 0.4035 0.3903 0.3832 0.3671
0.5566 0.5239 0.4962 0.4692 0.4305 0.3958 0.3820 0.3682 0.3597 0.3439
0.5563 0.5237 0.4960 0.4690 0.4303 0.3956 0.3818 0.3680 0.3595 0.3437
0.5604 0.5283 0.5016 0.4750 0.4373 0.4030 0.3898 0.3762 0.3682 0.3523
0.5620 0.5302 0.5039 0.4775 0.4404 0.4061 0.3932 0.3798 0.3720 0.3561
0.5608 0.5290 0.5024 0.4760 0.4386 0.4043 0.3913 0.3778 0.3699 0.3541
0.5622 0.5305 0.5042 0.4779 0.4408 0.4066 0.3938 0.3804 0.3727 0.3567
0.5633 0.5319 0.5059 0.4798 0.4430 0.4089 0.3963 0.3830 0.3754 0.3595
0.5571 0.5249 0.4977 0.4711 0.4329 0.3985 0.3851 0.3715 0.3632 0.3475
0.5480 0.5149 0.4864 0.4590 0.4192 0.3845 0.3701 0.3562 0.3470 0.3316
0.5393 0.5057 0.4765 0.4488 0.4082 0.3733 0.3583 0.3444 0.3344 0.3191
0.5358 0.5024 0.4734 0.4459 0.4053 0.3707 0.3558 0.3420 0.3320 0.3167
0.5361 0.5031 0.4747 0.4476 0.4076 0.3734 0.3588 0.3454 0.3357 0.3206
0.5314 0.4988 0.4707 0.4440 0.4042 0.3704 0.3560 0.3429 0.3332 0.3183
0.5232 0.4910 0.4632 0.4369 0.3973 0.3640 0.3498 0.3370 0.3271 0.3124
0.5178 0.4861 0.4588 0.4329 0.3937 0.3609 0.3469 0.3346 0.3247 0.3102
0.5184 0.4872 0.4606 0.4353 0.3968 0.3645 0.3510 0.3391 0.3297 0.3154
0.5132 0.4828 0.4569 0.4323 0.3945 0.3628 0.3499 0.3385 0.3294 0.3154
0.4875 0.4582 0.4331 0.4095 0.3720 0.3417 0.3289 0.3184 0.3085 0.2951
0.4564 0.4284 0.4041 0.3815 0.3446 0.3159 0.3030 0.2932 0.2820 0.2690
0.4497 0.4230 0.4000 0.3786 0.3427 0.3151 0.3031 0.2943 0.2836 0.2712
0.4646 0.4389 0.4174 0.3970 0.3626 0.3356 0.3250 0.3172 0.3085 0.2966
0.4791 0.4541 0.4339 0.4142 0.3813 0.3545 0.3451 0.3380 0.3306 0.3188
0.4696 0.4454 0.4258 0.4068 0.3743 0.3482 0.3392 0.3325 0.3252 0.3138
0.4453 0.4222 0.4032 0.3851 0.3528 0.3280 0.3189 0.3131 0.3050 0.2942
0.4261 0.4043 0.3863 0.3692 0.3376 0.3141 0.3053 0.3002 0.2917 0.2815
0.4068 0.3864 0.3696 0.3538 0.3231 0.3010 0.2926 0.2884 0.2796 0.2699
0.3810 0.3624 0.3470 0.3326 0.3029 0.2824 0.2743 0.2709 0.2616 0.2525
0.3654 0.3484 0.3342 0.3210 0.2924 0.2731 0.2656 0.2631 0.2537 0.2450
0.3732 0.3570 0.3441 0.3318 0.3043 0.2857 0.2794 0.2779 0.2699 0.2619
0.3948 0.3790 0.3673 0.3556 0.3293 0.3108 0.3059 0.3053 0.2992 0.2914
0.4054 0.3901 0.3794 0.3682 0.3431 0.3248 0.3209 0.3209 0.3159 0.3082
0.3792 0.3648 0.3544 0.3438 0.3186 0.3013 0.2969 0.2973 0.2912 0.2840
0.3218 0.3084 0.2972 0.2867 0.2607 0.2445 0.2379 0.2369 0.2272 0.2195
0.2753 0.2613 0.2479 0.2358 0.2092 0.1927 0.1835 0.1796 0.1664 0.1574
0.2466 0.2322 0.2176 0.2046 0.1783 0.1618 0.1514 0.1460 0.1318 0.1225
0.2349 0.2215 0.2079 0.1955 0.1702 0.1545 0.1445 0.1394 0.1255 0.1165
0.2414 0.2307 0.2206 0.2108 0.1874 0.1732 0.1654 0.1627 0.1504 0.1425
0.2478 0.2394 0.2324 0.2249 0.2036 0.1909 0.1854 0.1851 0.1748 0.1682
0.2631 0.2575 0.2545 0.2500 0.2315 0.2210 0.2189 0.2224 0.2155 0.2109
0.2753 0.2714 0.2711 0.2685 0.2522 0.2430 0.2435 0.2494 0.2452 0.2421
0.2762 0.2727 0.2730 0.2708 0.2550 0.2461 0.2471 0.2534 0.2498 0.2469
0.2746 0.2712 0.2715 0.2693 0.2535 0.2447 0.2456 0.2519 0.2482 0.2453
0.2640 0.2598 0.2590 0.2559 0.2391 0.2297 0.2293 0.2343 0.2291 0.2256
0.2624 0.2584 0.2577 0.2547 0.2381 0.2287 0.2284 0.2334 0.2283 0.2248
0.2787 0.2760 0.2774 0.2759 0.2612 0.2529 0.2549 0.2621 0.2595 0.2571
0.3017 0.3002 0.3039 0.3038 0.2913 0.2841 0.2886 0.2979 0.2980 0.2964
0.3236 0.3228 0.3281 0.3290 0.3184 0.3117 0.3183 0.3288 0.3310 0.3295
0.3238 0.3220 0.3259 0.3259 0.3139 0.3065 0.3119 0.3216 0.3227 0.3208
0.3172 0.3139 0.3156 0.3143 0.2999 0.2914 0.2948 0.3030 0.3022 0.2997
0.3143 0.3102 0.3106 0.3085 0.2929 0.2837 0.2860 0.2935 0.2916 0.2887
0.3038 0.2990 0.2982 0.2954 0.2786 0.2690 0.2700 0.2765 0.2732 0.2700
0.2921 0.2868 0.2850 0.2816 0.2638 0.2538 0.2536 0.2591 0.2545 0.2508
0.2705 0.2642 0.2604 0.2554 0.2361 0.2251 0.2226 0.2258 0.2186 0.2138
0.2510 0.2436 0.2381 0.2317 0.2114 0.1995 0.1951 0.1961 0.1868 0.1809
0.2442 0.2372 0.2321 0.2258 0.2059 0.1942 0.1899 0.1908 0.1816 0.1757
0.2356 0.2288 0.2240 0.2176 0.1982 0.1866 0.1822 0.1827 0.1735 0.1676
0.2206 0.2137 0.2087 0.2017 0.1826 0.1707 0.1658 0.1652 0.1555 0.1493
0.2014 0.1937 0.1878 0.1796 0.1606 0.1481 0.1421 0.1397 0.1293 0.1227
0.1860 0.1780 0.1717 0.1629 0.1443 0.1317 0.1252 0.1218 0.1113 0.1046
0.1779 0.1710 0.1665 0.1584 0.1414 0.1293 0.1237 0.1208 0.1113 0.1051
0.1669 0.1612 0.1584 0.1511 0.1357 0.1243 0.1196 0.1170 0.1086 0.1029
0.1507 0.1451 0.1426 0.1348 0.1205 0.1091 0.1044 0.1010 0.0930 0.0875
0.1371 0.1313 0.1287 0.1206 0.1070 0.0958 0.0908 0.0869 0.0792 0.0738
0.1303 0.1253 0.1237 0.1161 0.1036 0.0927 0.0884 0.0846 0.0775 0.0725
0.1304 0.1270 0.1279 0.1217 0.1108 0.1007 0.0977 0.0951 0.0893 0.0849
0.1290 0.1266 0.1291 0.1238 0.1140 0.1044 0.1025 0.1006 0.0957 0.0919
0.1236 0.1210 0.1233 0.1177 0.1080 0.0983 0.0962 0.0939 0.0889 0.0850
0.1150 0.1115 0.1123 0.1057 0.0956 0.0857 0.0825 0.0792 0.0736 0.0693
0.1082 0.1040 0.1037 0.0965 0.0862 0.0762 0.0724 0.0686 0.0627 0.0583
0.1028 0.0982 0.0973 0.0898 0.0795 0.0695 0.0655 0.0614 0.0554 0.0511
0.0989 0.0941 0.0927 0.0851 0.0749 0.0651 0.0610 0.0567 0.0508 0.0466
0.0984 0.0938 0.0929 0.0855 0.0755 0.0658 0.0619 0.0578 0.0520 0.0478
0.0987 0.0946 0.0942 0.0870 0.0774 0.0678 0.0641 0.0601 0.0545 0.0503
0.0991 0.0955 0.0957 0.0890 0.0797 0.0702 0.0668 0.0630 0.0575 0.0534
0.0956 0.0920 0.0918 0.0851 0.0759 0.0665 0.0631 0.0592 0.0537 0.0497
0.0857 0.0817 0.0804 0.0737 0.0646 0.0560 0.0524 0.0486 0.0432 0.0395
0.0735 0.0705 0.0694 0.0639 0.0560 0.0490 0.0462 0.0433 0.0387 0.0357
0.0631 0.0623 0.0625 0.0591 0.0529 0.0476 0.0461 0.0445 0.0407 0.0386
0.0566 0.0593 0.0625 0.0624 0.0586 0.0550 0.0554 0.0558 0.0532 0.0522
0.0516 0.0590 0.0666 0.0713 0.0717 0.0708 0.0750 0.0794 0.0797 0.0814
0.0482 0.0582 0.0684 0.0766 0.0802 0.0819 0.0895 0.0978 0.1013 0.1062
0.0459 0.0569 0.0683 0.0782 0.0836 0.0868 0.0965 0.1073 0.1130 0.1201
0.0458 0.0576 0.0702 0.0814 0.0883 0.0926 0.1040 0.1166 0.1241 0.1328
0.0484 0.0616 0.0759 0.0889 0.0974 0.1027 0.1159 0.1304 0.1397 0.1499
0.0509 0.0652 0.0810 0.0952 0.1052 0.1111 0.1258 0.1417 0.1526 0.1637
0.0567 0.0731 0.0917 0.1083 0.1210 0.1280 0.1453 0.1636 0.1771 0.1898
0.0665 0.0866 0.1105 0.1317 0.1497 0.1596 0.1826 0.2062 0.2259 0.2426
0.0764 0.1007 0.1309 0.1576 0.1827 0.1969 0.2277 0.2587 0.2872 0.3095
0.0855 0.1137 0.1497 0.1817 0.2136 0.2324 0.2710 0.3092 0.3463 0.3740
0.0949 0.1256 0.1660 0.2013 0.2378 0.2595 0.3033 0.3460 0.3888 0.4197
0.1079 0.1403 0.1842 0.2210 0.2604 0.2836 0.3308 0.3757 0.4222 0.4540
0.1267 0.1596 0.2062 0.2422 0.2827 0.3057 0.3543 0.3990 0.4469 0.4776
0.1487 0.1777 0.2221 0.2518 0.2871 0.3049 0.3487 0.3872 0.4304 0.4559
0.1672 0.1892 0.2276 0.2483 0.2747 0.2853 0.3208 0.3505 0.3854 0.4038
0.1832 0.2024 0.2396 0.2572 0.2814 0.2900 0.3239 0.3512 0.3845 0.4006
0.2040 0.2249 0.2664 0.2860 0.3148 0.3255 0.3641 0.3944 0.4319 0.4489
0.2343 0.2590 0.3073 0.3309 0.3675 0.3820 0.4271 0.4613 0.5037 0.5213
0.2716 0.2987 0.3507 0.3764 0.4171 0.4332 0.4808 0.5157 0.5583 0.5740
0.3189 0.3453 0.3951 0.4198 0.4583 0.4730 0.5178 0.5501 0.5882 0.6000
0.3747 0.3972 0.4398 0.4608 0.4927 0.5038 0.5423 0.5701 0.6014 0.6081
0.4166 0.4332 0.4667 0.4827 0.5059 0.5124 0.5441 0.5672 0.5918 0.5942
0.4210 0.4312 0.4550 0.4657 0.4784 0.4800 0.5043 0.5232 0.5414 0.5413
0.4398 0.4451 0.4622 0.4687 0.4748 0.4723 0.4915 0.5067 0.5207 0.5181
0.5299 0.5328 0.5490 0.5532 0.5625 0.5577 0.5776 0.5891 0.6046 0.5985
0.6150 0.6155 0.6303 0.6321 0.6440 0.6372 0.6567 0.6642 0.6805 0.6717
0.6611 0.6594 0.6720 0.6717 0.6835 0.6750 0.6931 0.6978 0.7137 0.7035
0.6705 0.6661 0.6756 0.6729 0.6817 0.6708 0.6868 0.6896 0.7042 0.6928
0.6358 0.6254 0.6271 0.6193 0.6176 0.6009 0.6110 0.6105 0.6207 0.6074
0.5955 0.5786 0.5715 0.5581 0.5441 0.5215 0.5241 0.5198 0.5239 0.5096
0.5832 0.5631 0.5518 0.5356 0.5161 0.4909 0.4898 0.4835 0.4847 0.4699
0.5849 0.5636 0.5507 0.5333 0.5122 0.4858 0.4835 0.4763 0.4766 0.4614
0.6144 0.5957 0.5867 0.5714 0.5562 0.5317 0.5329 0.5267 0.5303 0.5147
0.6760 0.6652 0.6667 0.6582 0.6584 0.6413 0.6517 0.6495 0.6607 0.6463
0.7184 0.7133 0.7219 0.7183 0.7285 0.7172 0.7326 0.7334 0.7481 0.7360
0.7289 0.7250 0.7351 0.7326 0.7448 0.7349 0.7512 0.7525 0.7678 0.7562
0.7299 0.7261 0.7363 0.7338 0.7462 0.7363 0.7527 0.7540 0.7693 0.7578
0.7281 0.7239 0.7336 0.7307 0.7426 0.7323 0.7484 0.7495 0.7646 0.7529
0.7246 0.7194 0.7280 0.7242 0.7346 0.7234 0.7387 0.7393 0.7540 0.7418
0.7282 0.7219 0.7291 0.7244 0.7336 0.7213 0.7358 0.7354 0.7497 0.7370
0.7511 0.7436 0.7494 0.7435 0.7520 0.7388 0.7522 0.7503 0.7642 0.7507
0.7771 0.7679 0.7713 0.7637 0.7707 0.7559 0.7676 0.7635 0.7765 0.7621
0.7837 0.7736 0.7758 0.7672 0.7731 0.7573 0.7680 0.7629 0.7755 0.7604
0.7780 0.7664 0.7667 0.7567 0.7603 0.7427 0.7522 0.7460 0.7578 0.7418
0.7504 0.7331 0.7268 0.7115 0.7061 0.6820 0.6864 0.6761 0.6845 0.6654
0.6928 0.6637 0.6423 0.6161 0.5896 0.5531 0.5444 0.5264 0.5244 0.5022
0.6606 0.6249 0.5948 0.5629 0.5247 0.4830 0.4672 0.4459 0.4382 0.4162
0.6479 0.6096 0.5762 0.5421 0.4996 0.4562 0.4380 0.4158 0.4060 0.3844
0.6375 0.5973 0.5612 0.5256 0.4798 0.4354 0.4153 0.3926 0.3813 0.3602
0.6322 0.5912 0.5540 0.5177 0.4705 0.4257 0.4049 0.3820 0.3701 0.3493
0.6286 0.5872 0.5497 0.5133 0.4656 0.4208 0.3997 0.3770 0.3649 0.3442
0.6228 0.5817 0.5443 0.5082 0.4606 0.4162 0.3954 0.3730 0.3610 0.3407
0.6091 0.5689 0.5327 0.4978 0.4511 0.4083 0.3884 0.3675 0.3557 0.3363
0.5853 0.5470 0.5129 0.4804 0.4356 0.3955 0.3772 0.3588 0.3477 0.3298
0.5650 0.5286 0.4965 0.4661 0.4228 0.3851 0.3682 0.3517 0.3412 0.3246
0.5563 0.5209 0.4899 0.4605 0.4183 0.3816 0.3655 0.3501 0.3399 0.3239
0.5548 0.5201 0.4899 0.4611 0.4195 0.3835 0.3678 0.3529 0.3431 0.3273
0.5546 0.5204 0.4907 0.4624 0.4215 0.3857 0.3705 0.3559 0.3464 0.3307
0.5515 0.5172 0.4875 0.4591 0.4180 0.3824 0.3671 0.3526 0.3430 0.3273
0.5476 0.5131 0.4829 0.4544 0.4128 0.3772 0.3616 0.3469 0.3369 0.3213
0.5457 0.5112 0.4809 0.4523 0.4107 0.3750 0.3593 0.3446 0.3345 0.3188
0.5486 0.5145 0.4849 0.4568 0.4158 0.3804 0.3652 0.3509 0.3412 0.3256
0.5562 0.5233 0.4953 0.4680 0.4289 0.3940 0.3800 0.3660 0.3573 0.3416
0.5696 0.5387 0.5136 0.4879 0.4523 0.4185 0.4065 0.3933 0.3864 0.3702
0.5824 0.5535 0.5312 0.5072 0.4751 0.4425 0.4327 0.4203 0.4152 0.3987
0.5900 0.5624 0.5418 0.5187 0.4889 0.4570 0.4486 0.4367 0.4328 0.4161
0.5945 0.5677 0.5480 0.5256 0.4971 0.4656 0.4581 0.4465 0.4433 0.4265
0.5848 0.5563 0.5344 0.5106 0.4792 0.4467 0.4373 0.4250 0.4202 0.4036
0.5720 0.5413 0.5165 0.4910 0.4559 0.4221 0.4104 0.3973 0.3906 0.3743
0.5678 0.5365 0.5107 0.4847 0.4484 0.4143 0.4019 0.3885 0.3812 0.3651
0.5653 0.5336 0.5073 0.4810 0.4440 0.4097 0.3969 0.3833 0.3757 0.3597
0.5560 0.5230 0.4948 0.4675 0.4282 0.3933 0.3791 0.3651 0.3564 0.3406
0.5468 0.5127 0.4832 0.4550 0.4140 0.3787 0.3635 0.3492 0.3394 0.3239
0.5372 0.5025 0.4720 0.4433 0.4013 0.3657 0.3497 0.3349 0.3239 0.3081
0.5263 0.4912 0.4600 0.4308 0.3882 0.3524 0.3357 0.3204 0.3082 0.2920
0.5169 0.4822 0.4513 0.4225 0.3801 0.3448 0.3282 0.3132 0.3007 0.2846
0.4995 0.4655 0.4351 0.4068 0.3649 0.3305 0.3139 0.2993 0.2861 0.2702
0.4631 0.4297 0.3992 0.3711 0.3293 0.2960 0.2788 0.2642 0.2490 0.2331
0.4112 0.3789 0.3484 0.3210 0.2799 0.2486 0.2308 0.2165 0.1992 0.1837
0.3856 0.3567 0.3295 0.3051 0.2667 0.2383 0.2222 0.2100 0.1935 0.1793
0.3738 0.3489 0.3258 0.3050 0.2697 0.2443 0.2307 0.2212 0.2065 0.1938
0.3430 0.3212 0.3009 0.2827 0.2498 0.2271 0.2147 0.2070 0.1925 0.1809
0.2969 0.2772 0.2578 0.2407 0.2096 0.1890 0.1765 0.1688 0.1535 0.1424
0.2694 0.2512 0.2328 0.2167 0.1872 0.1680 0.1558 0.1484 0.1330 0.1225
0.2767 0.2614 0.2467 0.2334 0.2059 0.1885 0.1784 0.1736 0.1597 0.1502
0.3013 0.2896 0.2796 0.2703 0.2456 0.2307 0.2245 0.2241 0.2141 0.2069
0.3243 0.3146 0.3080 0.3010 0.2789 0.2656 0.2626 0.2653 0.2589 0.2534
0.3241 0.3152 0.3095 0.3033 0.2820 0.2692 0.2670 0.2704 0.2647 0.2595
0.3073 0.2986 0.2926 0.2862 0.2647 0.2521 0.2491 0.2519 0.2450 0.2397
0.2861 0.2772 0.2703 0.2633 0.2413 0.2285 0.2242 0.2257 0.2171 0.2110
0.2628 0.2533 0.2450 0.2369 0.2142 0.2008 0.1948 0.1944 0.1838 0.1768
0.2366 0.2260 0.2159 0.2061 0.1829 0.1688 0.1610 0.1581 0.1457 0.1378
0.2028 0.1901 0.1773 0.1649 0.1416 0.1267 0.1170 0.1112 0.0979 0.0896
0.1792 0.1660 0.1527 0.1396 0.1175 0.1029 0.0931 0.0865 0.0741 0.0664
0.1717 0.1603 0.1495 0.1376 0.1172 0.1033 0.0945 0.0886 0.0770 0.0697
0.1678 0.1592 0.1524 0.1427 0.1247 0.1119 0.1050 0.1004 0.0902 0.0835
0.1610 0.1550 0.1518 0.1440 0.1287 0.1171 0.1121 0.1090 0.1004 0.0947
0.1410 0.1347 0.1314 0.1229 0.1087 0.0972 0.0919 0.0878 0.0796 0.0741
0.1141 0.1065 0.1014 0.0917 0.0783 0.0672 0.0613 0.0561 0.0486 0.0436
0.0997 0.0925 0.0877 0.0783 0.0663 0.0560 0.0505 0.0455 0.0389 0.0345
0.0929 0.0863 0.0823 0.0734 0.0623 0.0526 0.0476 0.0429 0.0368 0.0327
0.0913 0.0854 0.0822 0.0738 0.0632 0.0537 0.0491 0.0445 0.0386 0.0346
0.0936 0.0884 0.0865 0.0786 0.0685 0.0589 0.0547 0.0503 0.0445 0.0404
0.0959 0.0916 0.0907 0.0834 0.0737 0.0641 0.0603 0.0562 0.0505 0.0464
0.0984 0.0949 0.0952 0.0885 0.0793 0.0699 0.0666 0.0628 0.0573 0.0533
0.1005 0.0980 0.0995 0.0936 0.0851 0.0758 0.0731 0.0698 0.0646 0.0607
0.0992 0.0972 0.0990 0.0935 0.0852 0.0762 0.0736 0.0705 0.0655 0.0616
0.0941 0.0919 0.0930 0.0874 0.0790 0.0702 0.0673 0.0640 0.0588 0.0549
0.0878 0.0856 0.0861 0.0806 0.0723 0.0639 0.0609 0.0575 0.0524 0.0487
0.0828 0.0816 0.0826 0.0779 0.0703 0.0625 0.0599 0.0570 0.0521 0.0486
0.0810 0.0822 0.0854 0.0827 0.0766 0.0695 0.0680 0.0661 0.0617 0.0587
0.0811 0.0858 0.0924 0.0928 0.0893 0.0835 0.0842 0.0842 0.0812 0.0792
0.0833 0.0916 0.1023 0.1063 0.1063 0.1022 0.1061 0.1092 0.1090 0.1088
0.0839 0.0939 0.1065 0.1124 0.1142 0.1112 0.1170 0.1219 0.1234 0.1245
0.0824 0.0920 0.1040 0.1095 0.1107 0.1075 0.1128 0.1171 0.1181 0.1188
0.0827 0.0920 0.1038 0.1090 0.1101 0.1067 0.1117 0.1159 0.1166 0.1172
0.0829 0.0922 0.1039 0.1091 0.1100 0.1066 0.1115 0.1155 0.1163 0.1167
0.0802 0.0893 0.1006 0.1056 0.1063 0.1029 0.1075 0.1113 0.1117 0.1120
0.0779 0.0869 0.0978 0.1028 0.1034 0.1000 0.1044 0.1080 0.1082 0.1084
0.0802 0.0899 0.1019 0.1076 0.1091 0.1061 0.1114 0.1159 0.1169 0.1177
0.0873 0.1003 0.1168 0.1262 0.1318 0.1312 0.1410 0.1498 0.1555 0.1595
0.0941 0.1103 0.1314 0.1449 0.1552 0.1576 0.1729 0.1871 0.1988 0.2070
0.0942 0.1077 0.1255 0.1354 0.1419 0.1416 0.1528 0.1628 0.1701 0.1750
0.0925 0.1011 0.1131 0.1174 0.1179 0.1138 0.1189 0.1228 0.1238 0.1241
0.0907 0.0967 0.1056 0.1071 0.1049 0.0992 0.1015 0.1027 0.1012 0.0997
0.0901 0.0961 0.1050 0.1066 0.1044 0.0988 0.1011 0.1024 0.1008 0.0994
0.0902 0.0970 0.1067 0.1091 0.1076 0.1024 0.1054 0.1074 0.1064 0.1054
0.0853 0.0906 0.0983 0.0992 0.0962 0.0904 0.0917 0.0922 0.0898 0.0880
0.0796 0.0843 0.0908 0.0912 0.0877 0.0819 0.0825 0.0825 0.0796 0.0775
0.0753 0.0806 0.0874 0.0885 0.0856 0.0804 0.0815 0.0819 0.0793 0.0776
0.0703 0.0766 0.0840 0.0864 0.0845 0.0803 0.0822 0.0835 0.0816 0.0805
0.0642 0.0724 0.0814 0.0860 0.0862 0.0836 0.0873 0.0908 0.0903 0.0908
0.0574 0.0665 0.0761 0.0822 0.0838 0.0829 0.0880 0.0932 0.0941 0.0961
0.0518 0.0614 0.0714 0.0788 0.0816 0.0822 0.0888 0.0957 0.0982 0.1018
0.0490 0.0598 0.0711 0.0803 0.0850 0.0872 0.0959 0.1053 0.1099 0.1156
0.0476 0.0593 0.0718 0.0826 0.0890 0.0926 0.1033 0.1149 0.1215 0.1293
0.0454 0.0573 0.0700 0.0815 0.0886 0.0932 0.1049 0.1179 0.1258 0.1350
0.0423 0.0538 0.0661 0.0776 0.0848 0.0901 0.1023 0.1162 0.1249 0.1351
0.0400 0.0513 0.0633 0.0748 0.0822 0.0881 0.1008 0.1155 0.1249 0.1361
0.0398 0.0513 0.0637 0.0757 0.0836 0.0900 0.1035 0.1191 0.1294 0.1415
0.0400 0.0519 0.0646 0.0771 0.0856 0.0924 0.1066 0.1230 0.1341 0.1469
0.0390 0.0508 0.0634 0.0759 0.0846 0.0917 0.1062 0.1231 0.1347 0.1481
0.0386 0.0503 0.0630 0.0756 0.0844 0.0917 0.1065 0.1239 0.1359 0.1497
0.0395 0.0516 0.0647 0.0777 0.0869 0.0945 0.1098 0.1276 0.1400 0.1542
0.0399 0.0522 0.0656 0.0789 0.0884 0.0962 0.1118 0.1300 0.1429 0.1574
0.0424 0.0555 0.0699 0.0841 0.0945 0.1026 0.1192 0.1381 0.1518 0.1667
0.0461 0.0603 0.0763 0.0916 0.1033 0.1117 0.1294 0.1492 0.1638 0.1790
0.0500 0.0655 0.0831 0.0997 0.1127 0.1216 0.1404 0.1612 0.1769 0.1924
0.0548 0.0719 0.0917 0.1101 0.1251 0.1347 0.1554 0.1776 0.1951 0.2115
0.0589 0.0774 0.0990 0.1188 0.1354 0.1454 0.1676 0.1910 0.2099 0.2269
0.0613 0.0804 0.1028 0.1232 0.1404 0.1505 0.1730 0.1966 0.2158 0.2328
0.0672 0.0883 0.1138 0.1366 0.1568 0.1683 0.1940 0.2203 0.2429 0.2617
0.0773 0.1027 0.1345 0.1630 0.1903 0.2062 0.2396 0.2732 0.3045 0.3288
0.0883 0.1185 0.1577 0.1929 0.2290 0.2508 0.2940 0.3364 0.3783 0.4091
0.0979 0.1313 0.1759 0.2155 0.2577 0.2835 0.3333 0.3812 0.4299 0.4642
0.1037 0.1357 0.1785 0.2148 0.2532 0.2760 0.3221 0.3663 0.4117 0.4433
0.1144 0.1424 0.1812 0.2108 0.2419 0.2586 0.2975 0.3340 0.3720 0.3977
0.1299 0.1535 0.1884 0.2113 0.2358 0.2470 0.2794 0.3088 0.3404 0.3600
0.1489 0.1695 0.2035 0.2225 0.2444 0.2529 0.2834 0.3098 0.3395 0.3562
0.1804 0.2028 0.2433 0.2644 0.2929 0.3042 0.3421 0.3730 0.4101 0.4286
0.2109 0.2354 0.2825 0.3060 0.3415 0.3557 0.4001 0.4343 0.4769 0.4959
0.2271 0.2519 0.3002 0.3239 0.3606 0.3752 0.4206 0.4549 0.4978 0.5159
0.2290 0.2510 0.2946 0.3154 0.3463 0.3582 0.3987 0.4303 0.4687 0.4851
0.2164 0.2321 0.2648 0.2793 0.2972 0.3032 0.3324 0.3571 0.3848 0.3975
0.2142 0.2260 0.2517 0.2622 0.2721 0.2745 0.2964 0.3164 0.3362 0.3458
0.2346 0.2462 0.2712 0.2818 0.2909 0.2933 0.3150 0.3353 0.3542 0.3627
0.2696 0.2820 0.3079 0.3196 0.3301 0.3333 0.3567 0.3783 0.3978 0.4052
0.3063 0.3185 0.3439 0.3559 0.3666 0.3697 0.3934 0.4151 0.4340 0.4395
0.3366 0.3470 0.3698 0.3804 0.3890 0.3908 0.4127 0.4329 0.4495 0.4528
0.3778 0.3863 0.4066 0.4157 0.4229 0.4232 0.4439 0.4623 0.4774 0.4782
0.4180 0.4241 0.4418 0.4489 0.4548 0.4531 0.4724 0.4885 0.5025 0.5008
0.4133 0.4154 0.4274 0.4311 0.4305 0.4256 0.4401 0.4533 0.4632 0.4604
0.3862 0.3839 0.3892 0.3891 0.3801 0.3719 0.3802 0.3901 0.3945 0.3910
0.3727 0.3673 0.3679 0.3651 0.3508 0.3403 0.3444 0.3518 0.3525 0.3484
0.3868 0.3800 0.3793 0.3753 0.3600 0.3482 0.3516 0.3580 0.3584 0.3535
0.4209 0.4138 0.4139 0.4098 0.3964 0.3840 0.3889 0.3950 0.3973 0.3914
0.4388 0.4305 0.4296 0.4244 0.4105 0.3970 0.4015 0.4066 0.4089 0.4021
0.4416 0.4312 0.4277 0.4207 0.4042 0.3889 0.3915 0.3950 0.3958 0.3884
0.4691 0.4573 0.4530 0.4447 0.4283 0.4116 0.4141 0.4163 0.4177 0.4091
0.5183 0.5061 0.5030 0.4943 0.4812 0.4637 0.4681 0.4693 0.4731 0.4627
0.5292 0.5155 0.5108 0.5007 0.4863 0.4674 0.4707 0.4705 0.4738 0.4627
0.4829 0.4658 0.4553 0.4424 0.4198 0.3987 0.3967 0.3948 0.3931 0.3827
0.4178 0.4000 0.3865 0.3731 0.3455 0.3252 0.3195 0.3176 0.3115 0.3029
0.3772 0.3604 0.3468 0.3339 0.3059 0.2867 0.2799 0.2780 0.2698 0.2614
0.3715 0.3555 0.3427 0.3305 0.3031 0.2846 0.2782 0.2768 0.2688 0.2608
0.3975 0.3818 0.3702 0.3585 0.3324 0.3138 0.3091 0.3085 0.3027 0.2949
0.4332 0.4173 0.4068 0.3951 0.3709 0.3516 0.3485 0.3481 0.3444 0.3360
