0.0305 0.0363 0.0465 0.0582 0.0647 0.0740 0.0856 0.1000 0.1109 0.1252
0.0294 0.0353 0.0464 0.0593 0.0673 0.0793 0.0938 0.1116 0.1269 0.1460
0.0289 0.0348 0.0463 0.0598 0.0685 0.0817 0.0976 0.1171 0.1346 0.1563
0.0297 0.0359 0.0483 0.0630 0.0731 0.0882 0.1065 0.1288 0.1497 0.1749
0.0305 0.0371 0.0504 0.0661 0.0775 0.0942 0.1147 0.1394 0.1634 0.1916
0.0308 0.0374 0.0508 0.0666 0.0781 0.0947 0.1152 0.1399 0.1638 0.1918
0.0325 0.0396 0.0535 0.0697 0.0818 0.0983 0.1191 0.1440 0.1677 0.1951
0.0392 0.0484 0.0654 0.0849 0.1010 0.1198 0.1452 0.1749 0.2030 0.2332
0.0540 0.0684 0.0939 0.1220 0.1490 0.1750 0.2124 0.2548 0.2946 0.3323
0.0697 0.0894 0.1220 0.1568 0.1921 0.2211 0.2647 0.3133 0.3567 0.3943
0.0764 0.0949 0.1231 0.1518 0.1795 0.1985 0.2313 0.2692 0.3002 0.3267
0.0796 0.0933 0.1122 0.1304 0.1453 0.1520 0.1700 0.1924 0.2075 0.2205
0.0997 0.1139 0.1328 0.1498 0.1639 0.1674 0.1841 0.2062 0.2203 0.2311
0.1423 0.1654 0.1962 0.2228 0.2500 0.2586 0.2870 0.3227 0.3491 0.3668
0.1766 0.2070 0.2460 0.2784 0.3144 0.3258 0.3614 0.4034 0.4364 0.4568
0.1980 0.2306 0.2712 0.3038 0.3413 0.3516 0.3882 0.4306 0.4645 0.4843
0.2094 0.2428 0.2838 0.3162 0.3540 0.3636 0.4004 0.4426 0.4766 0.4960
0.2275 0.2658 0.3120 0.3483 0.3912 0.4038 0.4451 0.4893 0.5263 0.5466
0.2697 0.3127 0.3641 0.4033 0.4497 0.4653 0.5106 0.5540 0.5920 0.6110
0.3653 0.4047 0.4534 0.4871 0.5271 0.5418 0.5853 0.6203 0.6541 0.6664
0.4672 0.4953 0.5363 0.5602 0.5904 0.6012 0.6392 0.6646 0.6933 0.6979
0.5367 0.5522 0.5868 0.6011 0.6236 0.6290 0.6598 0.6776 0.7027 0.6998
0.5959 0.5989 0.6284 0.6333 0.6493 0.6483 0.6713 0.6816 0.7036 0.6922
0.6278 0.6246 0.6517 0.6519 0.6648 0.6604 0.6790 0.6854 0.7057 0.6896
0.6382 0.6334 0.6600 0.6590 0.6711 0.6659 0.6833 0.6885 0.7083 0.6909
0.6407 0.6356 0.6621 0.6607 0.6727 0.6673 0.6844 0.6894 0.7091 0.6915
0.6416 0.6362 0.6626 0.6612 0.6730 0.6675 0.6845 0.6894 0.7091 0.6913
0.6424 0.6369 0.6632 0.6616 0.6734 0.6678 0.6848 0.6895 0.7092 0.6913
0.6433 0.6374 0.6633 0.6615 0.6730 0.6672 0.6840 0.6886 0.7081 0.6901
0.6418 0.6347 0.6598 0.6570 0.6677 0.6611 0.6774 0.6817 0.7008 0.6823
0.6321 0.6203 0.6418 0.6358 0.6430 0.6335 0.6475 0.6504 0.6682 0.6472
0.6160 0.5964 0.6116 0.6001 0.6010 0.5865 0.5961 0.5965 0.6113 0.5864
0.6282 0.6124 0.6307 0.6217 0.6259 0.6137 0.6257 0.6273 0.6436 0.6206
0.6637 0.6540 0.6764 0.6711 0.6804 0.6717 0.6872 0.6902 0.7079 0.6890
0.7186 0.7039 0.7203 0.7097 0.7162 0.7032 0.7171 0.7174 0.7315 0.7122
0.7783 0.7577 0.7664 0.7494 0.7516 0.7329 0.7442 0.7409 0.7504 0.7300
0.7929 0.7707 0.7771 0.7583 0.7591 0.7386 0.7490 0.7445 0.7527 0.7317
0.7654 0.7396 0.7448 0.7237 0.7219 0.6992 0.7080 0.7027 0.7106 0.6866
0.7283 0.6897 0.6858 0.6547 0.6423 0.6100 0.6115 0.6014 0.6041 0.5724
0.7369 0.6947 0.6872 0.6525 0.6368 0.6011 0.6003 0.5883 0.5884 0.5550
0.7818 0.7461 0.7419 0.7110 0.7006 0.6682 0.6713 0.6605 0.6623 0.6324
0.8095 0.7769 0.7733 0.7440 0.7357 0.7045 0.7090 0.6985 0.7003 0.6724
0.8029 0.7654 0.7579 0.7239 0.7111 0.6753 0.6767 0.6638 0.6629 0.6316
0.7629 0.7099 0.6913 0.6448 0.6186 0.5714 0.5633 0.5446 0.5366 0.4979
0.6908 0.6214 0.5916 0.5357 0.4970 0.4446 0.4275 0.4067 0.3939 0.3543
0.6194 0.5481 0.5188 0.4665 0.4275 0.3806 0.3627 0.3450 0.3341 0.2979
0.5664 0.4992 0.4739 0.4278 0.3917 0.3508 0.3341 0.3193 0.3112 0.2774
0.5437 0.4791 0.4560 0.4129 0.3784 0.3402 0.3242 0.3108 0.3039 0.2711
0.5406 0.4768 0.4543 0.4119 0.3778 0.3402 0.3245 0.3113 0.3047 0.2720
0.5486 0.4860 0.4647 0.4227 0.3896 0.3519 0.3369 0.3238 0.3177 0.2845
0.5622 0.5037 0.4860 0.4464 0.4163 0.3798 0.3669 0.3545 0.3502 0.3163
0.5497 0.4903 0.4717 0.4319 0.4009 0.3647 0.3510 0.3387 0.3339 0.3006
0.5323 0.4706 0.4499 0.4093 0.3766 0.3404 0.3254 0.3129 0.3073 0.2748
0.5259 0.4640 0.4431 0.4027 0.3698 0.3339 0.3186 0.3063 0.3006 0.2685
0.5244 0.4627 0.4419 0.4017 0.3689 0.3331 0.3180 0.3057 0.3001 0.2681
0.5246 0.4634 0.4429 0.4030 0.3705 0.3349 0.3199 0.3077 0.3023 0.2702
0.5246 0.4637 0.4435 0.4038 0.3715 0.3360 0.3211 0.3091 0.3037 0.2716
0.5236 0.4625 0.4422 0.4025 0.3701 0.3346 0.3197 0.3076 0.3022 0.2702
0.5236 0.4627 0.4425 0.4029 0.3706 0.3352 0.3203 0.3083 0.3030 0.2709
0.5243 0.4638 0.4439 0.4046 0.3725 0.3372 0.3225 0.3106 0.3054 0.2733
0.5234 0.4626 0.4426 0.4031 0.3708 0.3355 0.3207 0.3087 0.3035 0.2715
0.5209 0.4595 0.4389 0.3991 0.3665 0.3310 0.3160 0.3039 0.2985 0.2666
0.5144 0.4525 0.4309 0.3906 0.3578 0.3223 0.3075 0.2952 0.2898 0.2585
0.5071 0.4451 0.4229 0.3825 0.3499 0.3145 0.3003 0.2880 0.2827 0.2522
0.5152 0.4545 0.4339 0.3946 0.3624 0.3275 0.3131 0.3014 0.2962 0.2651
0.5321 0.4766 0.4610 0.4248 0.3962 0.3628 0.3506 0.3398 0.3367 0.3044
0.5844 0.5527 0.5577 0.5375 0.5280 0.5062 0.5081 0.5043 0.5134 0.4836
0.6031 0.5801 0.5925 0.5785 0.5764 0.5598 0.5672 0.5665 0.5799 0.5533
0.5770 0.5415 0.5434 0.5206 0.5079 0.4839 0.4834 0.4784 0.4855 0.4546
0.5384 0.4851 0.4714 0.4365 0.4095 0.3768 0.3657 0.3553 0.3533 0.3206
0.5272 0.4692 0.4514 0.4136 0.3832 0.3489 0.3354 0.3241 0.3199 0.2877
0.5252 0.4666 0.4483 0.4102 0.3794 0.3449 0.3312 0.3198 0.3154 0.2834
0.5263 0.4685 0.4507 0.4131 0.3827 0.3485 0.3352 0.3239 0.3198 0.2877
0.5323 0.4770 0.4615 0.4254 0.3969 0.3635 0.3514 0.3407 0.3377 0.3053
0.5414 0.4901 0.4780 0.4444 0.4189 0.3870 0.3770 0.3672 0.3661 0.3334
0.5415 0.4903 0.4784 0.4448 0.4193 0.3875 0.3776 0.3678 0.3668 0.3341
0.5272 0.4705 0.4536 0.4167 0.3871 0.3533 0.3405 0.3296 0.3259 0.2939
0.5111 0.4521 0.4323 0.3943 0.3630 0.3288 0.3154 0.3045 0.2997 0.2693
0.4816 0.4249 0.4041 0.3678 0.3380 0.3056 0.2948 0.2853 0.2813 0.2541
0.4492 0.3973 0.3768 0.3440 0.3168 0.2871 0.2798 0.2725 0.2697 0.2463
0.4469 0.3994 0.3816 0.3521 0.3266 0.2989 0.2930 0.2880 0.2859 0.2636
0.4386 0.3954 0.3798 0.3536 0.3300 0.3044 0.3003 0.2975 0.2962 0.2756
0.3985 0.3627 0.3483 0.3270 0.3063 0.2844 0.2840 0.2843 0.2841 0.2682
0.3385 0.3084 0.2928 0.2746 0.2560 0.2365 0.2387 0.2396 0.2394 0.2281
0.2787 0.2523 0.2348 0.2179 0.1997 0.1816 0.1829 0.1818 0.1796 0.1707
0.2572 0.2361 0.2212 0.2075 0.1880 0.1711 0.1694 0.1681 0.1625 0.1534
0.2671 0.2517 0.2417 0.2322 0.2106 0.1949 0.1897 0.1898 0.1807 0.1699
0.2659 0.2544 0.2476 0.2408 0.2189 0.2040 0.1973 0.1981 0.1873 0.1759
0.2464 0.2379 0.2324 0.2272 0.2056 0.1914 0.1836 0.1842 0.1723 0.1614
0.2070 0.2005 0.1950 0.1905 0.1697 0.1562 0.1473 0.1469 0.1348 0.1253
0.1564 0.1515 0.1455 0.1412 0.1235 0.1114 0.1035 0.1022 0.0920 0.0850
0.1162 0.1128 0.1073 0.1035 0.0898 0.0795 0.0733 0.0718 0.0640 0.0591
0.0956 0.0935 0.0890 0.0860 0.0746 0.0655 0.0602 0.0590 0.0524 0.0485
0.0916 0.0908 0.0875 0.0854 0.0748 0.0660 0.0606 0.0600 0.0534 0.0497
0.0963 0.0970 0.0954 0.0947 0.0841 0.0752 0.0694 0.0696 0.0624 0.0584
0.1026 0.1047 0.1048 0.1054 0.0951 0.0862 0.0802 0.0815 0.0739 0.0698
0.1048 0.1077 0.1086 0.1099 0.1002 0.0913 0.0855 0.0874 0.0799 0.0758
0.0921 0.0937 0.0931 0.0932 0.0837 0.0752 0.0698 0.0706 0.0638 0.0602
0.0737 0.0733 0.0704 0.0686 0.0602 0.0526 0.0484 0.0479 0.0427 0.0399
0.0636 0.0622 0.0584 0.0558 0.0484 0.0414 0.0381 0.0371 0.0329 0.0306
0.0607 0.0591 0.0551 0.0524 0.0452 0.0385 0.0354 0.0343 0.0304 0.0283
0.0620 0.0607 0.0569 0.0543 0.0471 0.0403 0.0371 0.0361 0.0321 0.0299
0.0677 0.0670 0.0638 0.0617 0.0543 0.0470 0.0436 0.0429 0.0385 0.0361
0.0818 0.0827 0.0815 0.0808 0.0733 0.0653 0.0616 0.0622 0.0572 0.0544
0.0954 0.0979 0.0989 0.0999 0.0934 0.0850 0.0819 0.0846 0.0798 0.0771
0.0964 0.0991 0.1003 0.1014 0.0951 0.0867 0.0838 0.0867 0.0820 0.0794
0.0845 0.0857 0.0850 0.0846 0.0774 0.0693 0.0658 0.0669 0.0619 0.0592
0.0700 0.0696 0.0668 0.0649 0.0576 0.0502 0.0468 0.0464 0.0419 0.0394
0.0648 0.0638 0.0604 0.0581 0.0509 0.0439 0.0408 0.0400 0.0359 0.0337
0.0640 0.0630 0.0595 0.0572 0.0502 0.0433 0.0402 0.0395 0.0355 0.0333
0.0648 0.0639 0.0607 0.0585 0.0516 0.0446 0.0416 0.0410 0.0370 0.0348
0.0666 0.0660 0.0631 0.0612 0.0544 0.0473 0.0445 0.0440 0.0400 0.0378
0.0677 0.0673 0.0648 0.0631 0.0565 0.0495 0.0467 0.0465 0.0425 0.0403
0.0651 0.0646 0.0620 0.0603 0.0539 0.0471 0.0445 0.0441 0.0403 0.0382
0.0593 0.0585 0.0556 0.0537 0.0475 0.0411 0.0386 0.0380 0.0344 0.0325
0.0543 0.0535 0.0506 0.0487 0.0428 0.0370 0.0347 0.0339 0.0306 0.0289
0.0512 0.0508 0.0486 0.0474 0.0420 0.0368 0.0348 0.0342 0.0311 0.0296
0.0479 0.0490 0.0487 0.0490 0.0449 0.0405 0.0393 0.0395 0.0367 0.0356
0.0454 0.0487 0.0520 0.0555 0.0539 0.0516 0.0524 0.0549 0.0533 0.0536
0.0476 0.0539 0.0620 0.0704 0.0734 0.0746 0.0803 0.0880 0.0905 0.0946
0.0538 0.0626 0.0747 0.0871 0.0947 0.0990 0.1098 0.1232 0.1308 0.1392
0.0571 0.0665 0.0792 0.0921 0.1003 0.1046 0.1159 0.1301 0.1382 0.1469
0.0544 0.0620 0.0716 0.0813 0.0859 0.0875 0.0947 0.1044 0.1083 0.1134
0.0527 0.0589 0.0662 0.0736 0.0756 0.0753 0.0799 0.0866 0.0880 0.0909
0.0550 0.0612 0.0685 0.0758 0.0778 0.0771 0.0817 0.0884 0.0898 0.0925
0.0610 0.0686 0.0781 0.0872 0.0914 0.0917 0.0985 0.1080 0.1115 0.1158
0.0706 0.0804 0.0930 0.1051 0.1127 0.1145 0.1249 0.1386 0.1457 0.1526
0.0752 0.0844 0.0958 0.1065 0.1127 0.1128 0.1216 0.1339 0.1394 0.1448
0.0736 0.0803 0.0879 0.0949 0.0969 0.0942 0.0989 0.1067 0.1082 0.1104
0.0777 0.0837 0.0903 0.0962 0.0972 0.0934 0.0970 0.1040 0.1048 0.1061
0.0912 0.0984 0.1068 0.1139 0.1165 0.1126 0.1179 0.1275 0.1300 0.1323
0.1204 0.1327 0.1484 0.1613 0.1715 0.1698 0.1823 0.2012 0.2115 0.2185
0.1542 0.1736 0.1988 0.2192 0.2399 0.2423 0.2643 0.2941 0.3148 0.3276
0.1786 0.2028 0.2334 0.2577 0.2843 0.2886 0.3158 0.3508 0.3767 0.3920
0.1916 0.2179 0.2508 0.2766 0.3056 0.3105 0.3397 0.3764 0.4043 0.4203
0.1903 0.2143 0.2444 0.2676 0.2932 0.2960 0.3222 0.3564 0.3814 0.3956
0.1772 0.1955 0.2186 0.2362 0.2533 0.2520 0.2702 0.2979 0.3151 0.3247
0.1616 0.1748 0.1914 0.2039 0.2126 0.2079 0.2181 0.2385 0.2472 0.2519
0.1565 0.1680 0.1822 0.1930 0.1983 0.1926 0.1997 0.2172 0.2225 0.2252
0.1680 0.1812 0.1978 0.2103 0.2184 0.2137 0.2236 0.2440 0.2522 0.2564
0.1937 0.2115 0.2343 0.2513 0.2668 0.2653 0.2829 0.3098 0.3258 0.3338
0.2174 0.2378 0.2642 0.2838 0.3032 0.3037 0.3261 0.3559 0.3760 0.3855
0.2285 0.2468 0.2711 0.2887 0.3048 0.3041 0.3245 0.3520 0.3696 0.3769
0.2315 0.2451 0.2641 0.2775 0.2864 0.2828 0.2975 0.3197 0.3311 0.3342
0.2332 0.2420 0.2555 0.2645 0.2658 0.2594 0.2679 0.2846 0.2892 0.2880
0.2419 0.2481 0.2587 0.2655 0.2628 0.2550 0.2609 0.2748 0.2763 0.2729
0.2754 0.2810 0.2926 0.2994 0.2982 0.2911 0.3003 0.3156 0.3201 0.3167
0.3172 0.3223 0.3354 0.3424 0.3435 0.3376 0.3515 0.3683 0.3770 0.3739
0.3517 0.3557 0.3693 0.3757 0.3778 0.3726 0.3892 0.4063 0.4174 0.4139
0.4193 0.4257 0.4454 0.4541 0.4637 0.4623 0.4872 0.5065 0.5253 0.5231
0.4803 0.4870 0.5110 0.5197 0.5332 0.5334 0.5606 0.5784 0.6003 0.5963
0.5142 0.5164 0.5395 0.5448 0.5567 0.5546 0.5791 0.5936 0.6147 0.6068
0.5262 0.5211 0.5400 0.5399 0.5471 0.5409 0.5609 0.5718 0.5905 0.5783
0.5092 0.4913 0.4998 0.4906 0.4872 0.4736 0.4852 0.4912 0.5037 0.4862
0.4939 0.4666 0.4670 0.4511 0.4399 0.4210 0.4261 0.4284 0.4358 0.4151
0.4949 0.4638 0.4617 0.4432 0.4294 0.4085 0.4113 0.4119 0.4176 0.3955
0.4888 0.4543 0.4492 0.4283 0.4117 0.3891 0.3896 0.3889 0.3928 0.3699
0.4774 0.4401 0.4321 0.4095 0.3905 0.3668 0.3655 0.3640 0.3662 0.3434
0.4841 0.4460 0.4380 0.4146 0.3954 0.3712 0.3694 0.3674 0.3695 0.3460
0.4977 0.4595 0.4527 0.4292 0.4107 0.3862 0.3845 0.3820 0.3847 0.3600
0.5428 0.5111 0.5129 0.4934 0.4818 0.4603 0.4628 0.4613 0.4689 0.4427
0.6030 0.5867 0.6037 0.5948 0.5976 0.5853 0.5971 0.5994 0.6155 0.5929
0.6330 0.6255 0.6500 0.6471 0.6572 0.6504 0.6665 0.6709 0.6900 0.6712
0.6410 0.6356 0.6620 0.6605 0.6724 0.6669 0.6839 0.6888 0.7085 0.6907
0.6424 0.6371 0.6636 0.6621 0.6741 0.6686 0.6857 0.6905 0.7102 0.6925
0.6437 0.6382 0.6645 0.6629 0.6747 0.6691 0.6860 0.6908 0.7103 0.6926
0.6463 0.6403 0.6661 0.6640 0.6756 0.6696 0.6864 0.6910 0.7103 0.6925
0.6486 0.6418 0.6668 0.6641 0.6751 0.6685 0.6850 0.6892 0.7082 0.6900
0.6531 0.6451 0.6691 0.6654 0.6756 0.6682 0.6843 0.6881 0.7066 0.6881
0.6563 0.6463 0.6686 0.6633 0.6722 0.6635 0.6787 0.6818 0.6996 0.6802
0.6565 0.6432 0.6629 0.6551 0.6617 0.6508 0.6646 0.6665 0.6831 0.6623
0.6785 0.6642 0.6824 0.6732 0.6795 0.6675 0.6812 0.6824 0.6980 0.6775
0.7032 0.6866 0.7021 0.6904 0.6953 0.6812 0.6941 0.6940 0.7080 0.6872
0.6849 0.6625 0.6740 0.6583 0.6588 0.6408 0.6508 0.6489 0.6611 0.6368
0.6005 0.5532 0.5449 0.5120 0.4908 0.4584 0.4522 0.4423 0.4431 0.4093
0.5425 0.4808 0.4602 0.4192 0.3865 0.3497 0.3349 0.3222 0.3165 0.2835
0.5357 0.4737 0.4528 0.4119 0.3790 0.3424 0.3274 0.3148 0.3090 0.2764
0.5487 0.4902 0.4723 0.4333 0.4029 0.3671 0.3538 0.3418 0.3374 0.3042
0.5860 0.5402 0.5333 0.5021 0.4817 0.4509 0.4451 0.4361 0.4377 0.4044
0.6124 0.5752 0.5755 0.5502 0.5372 0.5109 0.5107 0.5044 0.5105 0.4790
0.5959 0.5520 0.5467 0.5167 0.4981 0.4681 0.4636 0.4551 0.4577 0.4246
0.5713 0.5190 0.5065 0.4710 0.4454 0.4116 0.4019 0.3911 0.3895 0.3557
0.5498 0.4918 0.4744 0.4357 0.4056 0.3701 0.3571 0.3451 0.3410 0.3076
0.5335 0.4725 0.4524 0.4123 0.3801 0.3441 0.3294 0.3171 0.3117 0.2792
0.5258 0.4641 0.4434 0.4031 0.3703 0.3345 0.3193 0.3071 0.3014 0.2693
0.5234 0.4617 0.4409 0.4007 0.3679 0.3322 0.3170 0.3047 0.2991 0.2671
0.5228 0.4612 0.4404 0.4004 0.3676 0.3320 0.3169 0.3047 0.2991 0.2672
0.5229 0.4615 0.4410 0.4011 0.3685 0.3330 0.3179 0.3058 0.3003 0.2684
0.5231 0.4620 0.4416 0.4019 0.3695 0.3340 0.3191 0.3070 0.3016 0.2696
0.5216 0.4601 0.4395 0.3996 0.3669 0.3315 0.3164 0.3043 0.2988 0.2669
0.5195 0.4577 0.4368 0.3967 0.3639 0.3284 0.3133 0.3012 0.2956 0.2639
0.5179 0.4562 0.4351 0.3950 0.3622 0.3268 0.3118 0.2997 0.2942 0.2626
0.5169 0.4555 0.4345 0.3946 0.3620 0.3267 0.3119 0.2999 0.2944 0.2630
0.5168 0.4560 0.4355 0.3961 0.3638 0.3287 0.3143 0.3025 0.2972 0.2659
0.5171 0.4571 0.4371 0.3983 0.3665 0.3318 0.3176 0.3061 0.3011 0.2698
0.5151 0.4558 0.4361 0.3978 0.3663 0.3319 0.3182 0.3070 0.3022 0.2712
0.5133 0.4550 0.4359 0.3983 0.3675 0.3336 0.3204 0.3097 0.3051 0.2745
0.5138 0.4568 0.4386 0.4019 0.3718 0.3384 0.3258 0.3155 0.3114 0.2809
0.5141 0.4582 0.4407 0.4047 0.3753 0.3423 0.3303 0.3203 0.3166 0.2862
0.5128 0.4581 0.4413 0.4062 0.3775 0.3451 0.3338 0.3243 0.3210 0.2910
0.4999 0.4462 0.4289 0.3947 0.3663 0.3348 0.3243 0.3157 0.3124 0.2839
0.4816 0.4302 0.4129 0.3807 0.3532 0.3232 0.3143 0.3072 0.3043 0.2781
0.4764 0.4268 0.4102 0.3792 0.3526 0.3234 0.3155 0.3093 0.3068 0.2814
0.4823 0.4341 0.4190 0.3889 0.3633 0.3346 0.3272 0.3214 0.3195 0.2938
0.4949 0.4492 0.4371 0.4084 0.3849 0.3570 0.3509 0.3455 0.3451 0.3186
0.5039 0.4598 0.4495 0.4218 0.3996 0.3722 0.3669 0.3618 0.3623 0.3353
0.5016 0.4569 0.4459 0.4177 0.3950 0.3673 0.3617 0.3564 0.3566 0.3297
0.4993 0.4545 0.4433 0.4151 0.3923 0.3646 0.3590 0.3538 0.3538 0.3271
0.4954 0.4504 0.4387 0.4105 0.3874 0.3598 0.3540 0.3489 0.3487 0.3224
0.4845 0.4393 0.4264 0.3983 0.3746 0.3471 0.3413 0.3365 0.3358 0.3105
0.4727 0.4285 0.4153 0.3880 0.3645 0.3377 0.3325 0.3285 0.3277 0.3037
0.4640 0.4211 0.4080 0.3818 0.3587 0.3328 0.3283 0.3251 0.3244 0.3015
0.4638 0.4219 0.4095 0.3839 0.3614 0.3359 0.3320 0.3291 0.3288 0.3062
0.4702 0.4294 0.4184 0.3935 0.3720 0.3468 0.3435 0.3409 0.3413 0.3183
0.4606 0.4212 0.4102 0.3864 0.3653 0.3409 0.3383 0.3365 0.3370 0.3152
0.4382 0.4008 0.3890 0.3667 0.3459 0.3227 0.3210 0.3205 0.3207 0.3012
0.4269 0.3909 0.3791 0.3579 0.3375 0.3151 0.3141 0.3143 0.3145 0.2963
0.4252 0.3905 0.3793 0.3589 0.3390 0.3172 0.3166 0.3174 0.3178 0.3000
0.4258 0.3930 0.3833 0.3643 0.3454 0.3244 0.3247 0.3262 0.3272 0.3097
0.4245 0.3932 0.3843 0.3662 0.3481 0.3277 0.3287 0.3307 0.3320 0.3149
0.4147 0.3839 0.3746 0.3569 0.3386 0.3185 0.3196 0.3218 0.3228 0.3065
0.3950 0.3661 0.3563 0.3400 0.3216 0.3024 0.3036 0.3064 0.3067 0.2919
0.3788 0.3521 0.3424 0.3274 0.3091 0.2907 0.2920 0.2953 0.2949 0.2813
0.3739 0.3485 0.3392 0.3250 0.3068 0.2889 0.2902 0.2938 0.2930 0.2798
0.3668 0.3430 0.3343 0.3212 0.3030 0.2856 0.2867 0.2905 0.2891 0.2762
0.3492 0.3280 0.3197 0.3080 0.2893 0.2726 0.2727 0.2762 0.2732 0.2608
0.3181 0.2992 0.2902 0.2795 0.2594 0.2431 0.2410 0.2434 0.2376 0.2258
0.2755 0.2592 0.2492 0.2393 0.2180 0.2020 0.1974 0.1979 0.1894 0.1784
0.2371 0.2245 0.2149 0.2066 0.1849 0.1698 0.1631 0.1622 0.1517 0.1416
0.2075 0.1986 0.1908 0.1844 0.1634 0.1494 0.1412 0.1400 0.1286 0.1193
0.1873 0.1814 0.1755 0.1711 0.1511 0.1381 0.1294 0.1285 0.1169 0.1083
0.1830 0.1795 0.1756 0.1729 0.1538 0.1413 0.1324 0.1323 0.1205 0.1120
0.1939 0.1919 0.1903 0.1890 0.1709 0.1587 0.1503 0.1517 0.1400 0.1312
0.2096 0.2089 0.2095 0.2097 0.1934 0.1817 0.1751 0.1786 0.1682 0.1595
0.2035 0.2035 0.2046 0.2052 0.1895 0.1779 0.1714 0.1750 0.1647 0.1563
0.1716 0.1715 0.1709 0.1708 0.1544 0.1430 0.1347 0.1364 0.1252 0.1175
0.1362 0.1357 0.1335 0.1324 0.1175 0.1067 0.0990 0.0992 0.0893 0.0832
0.1086 0.1078 0.1047 0.1028 0.0903 0.0807 0.0743 0.0738 0.0659 0.0613
0.0919 0.0911 0.0880 0.0860 0.0753 0.0666 0.0612 0.0606 0.0540 0.0502
0.0846 0.0842 0.0813 0.0796 0.0698 0.0615 0.0566 0.0561 0.0499 0.0466
0.0800 0.0798 0.0771 0.0754 0.0663 0.0583 0.0536 0.0531 0.0474 0.0443
0.0782 0.0781 0.0756 0.0741 0.0653 0.0574 0.0529 0.0525 0.0469 0.0439
0.0777 0.0778 0.0755 0.0742 0.0656 0.0578 0.0533 0.0531 0.0476 0.0446
0.0737 0.0735 0.0708 0.0692 0.0610 0.0534 0.0493 0.0488 0.0437 0.0410
0.0668 0.0659 0.0625 0.0603 0.0526 0.0455 0.0419 0.0411 0.0366 0.0342
0.0620 0.0606 0.0568 0.0542 0.0470 0.0402 0.0370 0.0360 0.0320 0.0298
0.0597 0.0581 0.0541 0.0514 0.0444 0.0378 0.0348 0.0337 0.0299 0.0278
0.0599 0.0584 0.0545 0.0518 0.0448 0.0382 0.0352 0.0342 0.0304 0.0283
0.0641 0.0631 0.0596 0.0572 0.0501 0.0432 0.0401 0.0393 0.0352 0.0330
0.0700 0.0696 0.0668 0.0650 0.0579 0.0505 0.0474 0.0471 0.0428 0.0404
0.0754 0.0756 0.0736 0.0724 0.0655 0.0579 0.0549 0.0552 0.0508 0.0484
0.0768 0.0772 0.0756 0.0746 0.0679 0.0602 0.0574 0.0579 0.0536 0.0513
0.0710 0.0708 0.0685 0.0669 0.0601 0.0528 0.0499 0.0498 0.0457 0.0434
0.0646 0.0639 0.0609 0.0589 0.0522 0.0453 0.0425 0.0419 0.0380 0.0359
0.0605 0.0594 0.0562 0.0540 0.0475 0.0410 0.0383 0.0376 0.0339 0.0319
0.0574 0.0563 0.0531 0.0510 0.0448 0.0386 0.0361 0.0353 0.0318 0.0299
0.0551 0.0545 0.0518 0.0501 0.0443 0.0384 0.0362 0.0355 0.0322 0.0305
0.0522 0.0522 0.0506 0.0498 0.0447 0.0394 0.0376 0.0373 0.0341 0.0326
0.0485 0.0497 0.0497 0.0502 0.0461 0.0418 0.0407 0.0410 0.0383 0.0372
0.0437 0.0462 0.0484 0.0509 0.0485 0.0457 0.0459 0.0474 0.0454 0.0452
0.0377 0.0414 0.0458 0.0506 0.0500 0.0496 0.0516 0.0549 0.0545 0.0560
0.0317 0.0361 0.0425 0.0497 0.0514 0.0544 0.0590 0.0654 0.0678 0.0728
0.0266 0.0310 0.0388 0.0480 0.0517 0.0588 0.0669 0.0773 0.0845 0.0953
0.0218 0.0257 0.0345 0.0453 0.0511 0.0634 0.0764 0.0931 0.1089 0.1306
0.0176 0.0207 0.0299 0.0419 0.0494 0.0681 0.0874 0.1132 0.1433 0.1839
0.0148 0.0172 0.0263 0.0389 0.0476 0.0718 0.0975 0.1329 0.1798 0.2428
0.0128 0.0148 0.0237 0.0365 0.0460 0.0746 0.1061 0.1506 0.2142 0.2993
0.0118 0.0134 0.0224 0.0357 0.0463 0.0798 0.1178 0.1726 0.2547 0.3620
0.0117 0.0133 0.0226 0.0368 0.0487 0.0865 0.1305 0.1941 0.2907 0.4127
0.0122 0.0139 0.0239 0.0389 0.0521 0.0928 0.1409 0.2095 0.3136 0.4409
0.0127 0.0145 0.0249 0.0405 0.0544 0.0960 0.1455 0.2155 0.3208 0.4480
0.0129 0.0148 0.0251 0.0404 0.0538 0.0934 0.1400 0.2058 0.3040 0.4246
0.0134 0.0154 0.0258 0.0411 0.0542 0.0922 0.1365 0.1986 0.2904 0.4039
0.0149 0.0173 0.0286 0.0449 0.0591 0.0980 0.1433 0.2055 0.2955 0.4046
0.0172 0.0202 0.0330 0.0512 0.0676 0.1086 0.1569 0.2214 0.3120 0.4179
0.0196 0.0233 0.0374 0.0570 0.0748 0.1157 0.1640 0.2269 0.3125 0.4106
0.0218 0.0263 0.0410 0.0606 0.0782 0.1151 0.1585 0.2140 0.2864 0.3697
0.0265 0.0324 0.0488 0.0699 0.0890 0.1234 0.1645 0.2153 0.2777 0.3473
0.0349 0.0437 0.0645 0.0900 0.1144 0.1503 0.1951 0.2479 0.3081 0.3707
0.0457 0.0585 0.0849 0.1158 0.1468 0.1841 0.2326 0.2879 0.3461 0.4021
0.0566 0.0729 0.1029 0.1365 0.1704 0.2042 0.2510 0.3032 0.3538 0.4001
0.0702 0.0896 0.1215 0.1553 0.1894 0.2169 0.2587 0.3057 0.3471 0.3831
0.0950 0.1200 0.1579 0.1957 0.2346 0.2602 0.3030 0.3513 0.3912 0.4227
0.1259 0.1558 0.1981 0.2377 0.2794 0.3019 0.3445 0.3929 0.4317 0.4595
0.1548 0.1845 0.2241 0.2584 0.2954 0.3101 0.3470 0.3904 0.4244 0.4468
0.1722 0.1974 0.2297 0.2558 0.2843 0.2905 0.3194 0.3558 0.3831 0.3998
0.1762 0.1975 0.2243 0.2452 0.2674 0.2690 0.2922 0.3237 0.3460 0.3589
0.1860 0.2089 0.2376 0.2599 0.2842 0.2863 0.3113 0.3446 0.3685 0.3822
0.1983 0.2250 0.2581 0.2838 0.3128 0.3174 0.3466 0.3833 0.4111 0.4267
0.2029 0.2297 0.2631 0.2890 0.3180 0.3227 0.3521 0.3887 0.4164 0.4318
0.2027 0.2270 0.2575 0.2809 0.3061 0.3090 0.3353 0.3694 0.3941 0.4074
0.2043 0.2252 0.2518 0.2719 0.2920 0.2926 0.3147 0.3451 0.3655 0.3759
0.2248 0.2457 0.2727 0.2926 0.3125 0.3134 0.3368 0.3669 0.3878 0.3973
0.2730 0.2972 0.3290 0.3518 0.3763 0.3804 0.4104 0.4426 0.4682 0.4785
0.3430 0.3686 0.4033 0.4268 0.4532 0.4601 0.4950 0.5259 0.5538 0.5624
0.4032 0.4251 0.4578 0.4780 0.5016 0.5082 0.5429 0.5698 0.5965 0.6016
0.4373 0.4527 0.4810 0.4962 0.5148 0.5188 0.5503 0.5733 0.5975 0.5988
0.4679 0.4766 0.5013 0.5116 0.5260 0.5271 0.5553 0.5745 0.5967 0.5941
0.5077 0.5103 0.5333 0.5388 0.5507 0.5488 0.5736 0.5886 0.6096 0.6023
0.5541 0.5518 0.5748 0.5764 0.5870 0.5827 0.6040 0.6147 0.6349 0.6228
0.5898 0.5838 0.6067 0.6054 0.6149 0.6086 0.6269 0.6343 0.6537 0.6377
0.6102 0.6015 0.6240 0.6205 0.6289 0.6212 0.6374 0.6425 0.6613 0.6427
0.6195 0.6091 0.6311 0.6263 0.6340 0.6254 0.6404 0.6444 0.6627 0.6427
0.6241 0.6132 0.6351 0.6299 0.6374 0.6285 0.6430 0.6465 0.6647 0.6442
0.6267 0.6158 0.6378 0.6325 0.6400 0.6311 0.6455 0.6488 0.6669 0.6463
0.6259 0.6140 0.6353 0.6293 0.6361 0.6266 0.6404 0.6434 0.6612 0.6400
0.6214 0.6070 0.6265 0.6187 0.6237 0.6126 0.6251 0.6273 0.6443 0.6218
0.6175 0.6012 0.6191 0.6099 0.6133 0.6009 0.6123 0.6138 0.6301 0.6066
0.6119 0.5928 0.6084 0.5973 0.5983 0.5843 0.5940 0.5946 0.6097 0.5849
0.6002 0.5754 0.5864 0.5712 0.5676 0.5499 0.5562 0.5548 0.5674 0.5401
0.5831 0.5501 0.5541 0.5330 0.5224 0.4998 0.5009 0.4967 0.5051 0.4749
0.5615 0.5181 0.5133 0.4851 0.4659 0.4377 0.4323 0.4247 0.4277 0.3953
0.5482 0.4987 0.4885 0.4561 0.4320 0.4009 0.3919 0.3824 0.3823 0.3494
0.5458 0.4952 0.4840 0.4509 0.4260 0.3944 0.3847 0.3750 0.3743 0.3414
0.5517 0.5038 0.4950 0.4636 0.4408 0.4104 0.4023 0.3933 0.3940 0.3611
0.5634 0.5210 0.5169 0.4892 0.4707 0.4429 0.4381 0.4307 0.4341 0.4018
0.5739 0.5363 0.5365 0.5121 0.4978 0.4725 0.4708 0.4650 0.4710 0.4395
0.5667 0.5257 0.5229 0.4962 0.4789 0.4519 0.4479 0.4410 0.4452 0.4131
0.5457 0.4949 0.4836 0.4503 0.4253 0.3936 0.3838 0.3741 0.3733 0.3404
0.5337 0.4774 0.4614 0.4247 0.3956 0.3617 0.3491 0.3380 0.3347 0.3021
0.5332 0.4769 0.4606 0.4238 0.3946 0.3607 0.3480 0.3369 0.3335 0.3009
0.5375 0.4831 0.4686 0.4330 0.4052 0.3720 0.3603 0.3497 0.3471 0.3143
0.5397 0.4863 0.4726 0.4377 0.4106 0.3778 0.3666 0.3562 0.3542 0.3213
0.5386 0.4847 0.4706 0.4354 0.4079 0.3750 0.3636 0.3530 0.3507 0.3179
0.5395 0.4860 0.4724 0.4373 0.4102 0.3775 0.3662 0.3558 0.3537 0.3209
0.5410 0.4882 0.4752 0.4406 0.4140 0.3815 0.3707 0.3604 0.3587 0.3258
0.5355 0.4803 0.4651 0.4290 0.4006 0.3672 0.3551 0.3443 0.3414 0.3087
0.5277 0.4691 0.4509 0.4128 0.3820 0.3474 0.3336 0.3221 0.3177 0.2854
0.5229 0.4626 0.4429 0.4037 0.3718 0.3367 0.3221 0.3103 0.3052 0.2732
0.5222 0.4619 0.4421 0.4030 0.3710 0.3360 0.3214 0.3096 0.3045 0.2727
0.5232 0.4636 0.4444 0.4057 0.3741 0.3393 0.3251 0.3135 0.3087 0.2767
0.5222 0.4628 0.4436 0.4051 0.3737 0.3389 0.3249 0.3133 0.3086 0.2768
0.5197 0.4603 0.4410 0.4025 0.3711 0.3365 0.3225 0.3111 0.3063 0.2749
0.5179 0.4589 0.4397 0.4015 0.3702 0.3359 0.3222 0.3110 0.3063 0.2750
0.5186 0.4604 0.4418 0.4042 0.3735 0.3395 0.3262 0.3153 0.3109 0.2797
0.5168 0.4597 0.4415 0.4046 0.3745 0.3409 0.3282 0.3177 0.3136 0.2827
0.5045 0.4481 0.4295 0.3934 0.3635 0.3307 0.3187 0.3090 0.3050 0.2756
0.4864 0.4325 0.4138 0.3797 0.3509 0.3196 0.3094 0.3012 0.2976 0.2705
0.4793 0.4274 0.4096 0.3770 0.3493 0.3191 0.3100 0.3028 0.2998 0.2737
0.4846 0.4344 0.4181 0.3866 0.3598 0.3302 0.3217 0.3150 0.3125 0.2862
0.4916 0.4439 0.4300 0.4001 0.3751 0.3463 0.3391 0.3330 0.3316 0.3051
0.4835 0.4371 0.4234 0.3945 0.3701 0.3421 0.3357 0.3305 0.3293 0.3038
0.4644 0.4198 0.4055 0.3781 0.3541 0.3273 0.3220 0.3181 0.3169 0.2936
0.4476 0.4058 0.3919 0.3665 0.3436 0.3184 0.3146 0.3122 0.3113 0.2902
0.4297 0.3913 0.3781 0.3552 0.3336 0.3102 0.3081 0.3074 0.3070 0.2881
0.4065 0.3723 0.3597 0.3397 0.3196 0.2982 0.2980 0.2991 0.2991 0.2828
0.3904 0.3593 0.3476 0.3297 0.3105 0.2906 0.2914 0.2936 0.2936 0.2790
0.3911 0.3616 0.3509 0.3342 0.3154 0.2961 0.2971 0.2998 0.2999 0.2854
0.4024 0.3742 0.3655 0.3496 0.3319 0.3129 0.3146 0.3178 0.3186 0.3036
0.4074 0.3812 0.3744 0.3598 0.3433 0.3251 0.3278 0.3317 0.3333 0.3183
0.3855 0.3604 0.3524 0.3384 0.3210 0.3032 0.3050 0.3088 0.3088 0.2950
0.3391 0.3162 0.3060 0.2930 0.2739 0.2567 0.2566 0.2595 0.2564 0.2445
0.2868 0.2669 0.2550 0.2428 0.2225 0.2058 0.2035 0.2041 0.1980 0.1875
0.2325 0.2169 0.2048 0.1942 0.1736 0.1580 0.1529 0.1513 0.1426 0.1333
0.1922 0.1815 0.1716 0.1637 0.1437 0.1297 0.1226 0.1205 0.1105 0.1022
0.1802 0.1737 0.1670 0.1619 0.1424 0.1293 0.1210 0.1197 0.1086 0.1005
0.1750 0.1713 0.1670 0.1640 0.1453 0.1329 0.1242 0.1238 0.1123 0.1042
0.1854 0.1838 0.1821 0.1810 0.1632 0.1512 0.1427 0.1439 0.1322 0.1238
0.1971 0.1969 0.1974 0.1977 0.1816 0.1700 0.1629 0.1660 0.1553 0.1469
0.1972 0.1975 0.1986 0.1994 0.1839 0.1725 0.1658 0.1694 0.1590 0.1509
0.1945 0.1950 0.1961 0.1970 0.1816 0.1703 0.1635 0.1671 0.1567 0.1486
0.1803 0.1807 0.1810 0.1814 0.1655 0.1542 0.1465 0.1490 0.1381 0.1303
0.1779 0.1785 0.1789 0.1795 0.1638 0.1526 0.1449 0.1475 0.1367 0.1290
0.1996 0.2007 0.2028 0.2043 0.1901 0.1790 0.1733 0.1779 0.1685 0.1607
0.2332 0.2349 0.2398 0.2426 0.2319 0.2216 0.2205 0.2285 0.2230 0.2159
0.2649 0.2675 0.2753 0.2794 0.2727 0.2637 0.2677 0.2792 0.2784 0.2724
0.2669 0.2680 0.2740 0.2769 0.2678 0.2579 0.2601 0.2699 0.2671 0.2600
0.2609 0.2595 0.2622 0.2629 0.2494 0.2381 0.2366 0.2433 0.2368 0.2279
0.2593 0.2564 0.2575 0.2569 0.2414 0.2294 0.2262 0.2315 0.2234 0.2138
0.2455 0.2421 0.2416 0.2403 0.2228 0.2103 0.2048 0.2084 0.1984 0.1884
0.2295 0.2260 0.2245 0.2228 0.2040 0.1913 0.1841 0.1865 0.1752 0.1652
0.2008 0.1975 0.1948 0.1926 0.1733 0.1607 0.1520 0.1528 0.1407 0.1315
0.1736 0.1711 0.1680 0.1659 0.1477 0.1356 0.1268 0.1270 0.1154 0.1074
0.1609 0.1595 0.1571 0.1557 0.1387 0.1272 0.1186 0.1190 0.1079 0.1006
0.1470 0.1466 0.1449 0.1440 0.1284 0.1174 0.1093 0.1099 0.0995 0.0928
0.1279 0.1283 0.1269 0.1263 0.1125 0.1023 0.0948 0.0954 0.0860 0.0803
0.1088 0.1091 0.1073 0.1064 0.0943 0.0848 0.0783 0.0785 0.0704 0.0657
0.0964 0.0966 0.0943 0.0932 0.0823 0.0733 0.0676 0.0674 0.0603 0.0563
0.0926 0.0932 0.0914 0.0905 0.0803 0.0716 0.0660 0.0661 0.0592 0.0555
0.0885 0.0893 0.0877 0.0870 0.0774 0.0689 0.0637 0.0639 0.0573 0.0538
0.0806 0.0809 0.0787 0.0774 0.0685 0.0605 0.0558 0.0556 0.0497 0.0466
0.0741 0.0738 0.0710 0.0692 0.0609 0.0532 0.0490 0.0485 0.0433 0.0405
0.0729 0.0725 0.0698 0.0680 0.0598 0.0522 0.0482 0.0477 0.0426 0.0399
0.0773 0.0777 0.0756 0.0744 0.0661 0.0583 0.0540 0.0540 0.0486 0.0457
0.0798 0.0805 0.0789 0.0780 0.0698 0.0619 0.0577 0.0579 0.0524 0.0495
0.0770 0.0774 0.0754 0.0742 0.0662 0.0584 0.0544 0.0544 0.0492 0.0464
0.0705 0.0701 0.0673 0.0655 0.0578 0.0504 0.0467 0.0462 0.0415 0.0390
0.0658 0.0649 0.0615 0.0593 0.0519 0.0448 0.0414 0.0407 0.0364 0.0340
0.0626 0.0614 0.0577 0.0552 0.0481 0.0413 0.0381 0.0372 0.0332 0.0310
0.0606 0.0591 0.0553 0.0527 0.0458 0.0391 0.0361 0.0351 0.0313 0.0292
0.0610 0.0596 0.0559 0.0534 0.0465 0.0398 0.0369 0.0360 0.0322 0.0301
0.0619 0.0608 0.0573 0.0549 0.0481 0.0414 0.0385 0.0377 0.0338 0.0317
0.0629 0.0620 0.0588 0.0567 0.0501 0.0433 0.0406 0.0399 0.0361 0.0340
0.0603 0.0595 0.0564 0.0544 0.0480 0.0415 0.0390 0.0383 0.0346 0.0327
0.0548 0.0537 0.0505 0.0485 0.0424 0.0365 0.0341 0.0333 0.0299 0.0282
0.0509 0.0502 0.0476 0.0460 0.0404 0.0351 0.0330 0.0323 0.0292 0.0276
0.0466 0.0470 0.0461 0.0459 0.0414 0.0370 0.0356 0.0355 0.0327 0.0316
0.0399 0.0424 0.0448 0.0477 0.0455 0.0435 0.0439 0.0457 0.0441 0.0443
0.0323 0.0366 0.0429 0.0500 0.0516 0.0544 0.0589 0.0650 0.0673 0.0719
0.0271 0.0318 0.0402 0.0501 0.0546 0.0626 0.0717 0.0834 0.0918 0.1039
0.0235 0.0279 0.0372 0.0486 0.0549 0.0671 0.0804 0.0972 0.1127 0.1335
0.0210 0.0249 0.0349 0.0474 0.0552 0.0718 0.0895 0.1124 0.1367 0.1688
0.0197 0.0234 0.0340 0.0479 0.0575 0.0790 0.1024 0.1328 0.1688 0.2152
0.0192 0.0228 0.0341 0.0490 0.0602 0.0855 0.1136 0.1503 0.1963 0.2543
0.0210 0.0251 0.0380 0.0550 0.0689 0.0983 0.1321 0.1755 0.2305 0.2970
0.0268 0.0328 0.0495 0.0709 0.0904 0.1254 0.1674 0.2191 0.2826 0.3531
0.0360 0.0452 0.0675 0.0950 0.1219 0.1614 0.2106 0.2684 0.3345 0.4019
0.0476 0.0613 0.0898 0.1232 0.1573 0.1980 0.2508 0.3104 0.3729 0.4320
0.0622 0.0809 0.1146 0.1519 0.1905 0.2271 0.2779 0.3341 0.3874 0.4346
0.0809 0.1045 0.1426 0.1823 0.2236 0.2553 0.3032 0.3562 0.4023 0.4403
0.1046 0.1324 0.1737 0.2142 0.2565 0.2832 0.3282 0.3788 0.4202 0.4519
0.1307 0.1586 0.1973 0.2327 0.2697 0.2875 0.3254 0.3696 0.4044 0.4290
0.1528 0.1767 0.2081 0.2346 0.2623 0.2700 0.2986 0.3345 0.3612 0.3785
0.1704 0.1929 0.2217 0.2446 0.2692 0.2727 0.2982 0.3315 0.3556 0.3701
0.1878 0.2133 0.2452 0.2702 0.2982 0.3027 0.3310 0.3670 0.3941 0.4097
0.2053 0.2364 0.2745 0.3045 0.3393 0.3472 0.3814 0.4218 0.4538 0.4720
0.2201 0.2554 0.2984 0.3321 0.3718 0.3824 0.4209 0.4637 0.4988 0.5183
0.2373 0.2745 0.3196 0.3545 0.3956 0.4075 0.4479 0.4907 0.5266 0.5456
0.2683 0.3050 0.3498 0.3834 0.4228 0.4345 0.4751 0.5155 0.5502 0.5669
0.3131 0.3456 0.3866 0.4159 0.4497 0.4597 0.4984 0.5341 0.5659 0.5785
0.3428 0.3668 0.4000 0.4223 0.4470 0.4530 0.4866 0.5167 0.5436 0.5514
0.3823 0.3987 0.4257 0.4419 0.4595 0.4625 0.4924 0.5175 0.5405 0.5438
0.4617 0.4765 0.5056 0.5203 0.5395 0.5438 0.5757 0.5975 0.6221 0.6224
0.5336 0.5436 0.5738 0.5843 0.6028 0.6053 0.6337 0.6500 0.6738 0.6687
0.5847 0.5872 0.6156 0.6203 0.6355 0.6341 0.6572 0.6680 0.6899 0.6787
0.6058 0.6021 0.6277 0.6278 0.6396 0.6348 0.6540 0.6614 0.6816 0.6662
0.5958 0.5831 0.6020 0.5958 0.6009 0.5907 0.6048 0.6091 0.6264 0.6062
0.5757 0.5517 0.5615 0.5471 0.5430 0.5258 0.5331 0.5334 0.5457 0.5206
0.5681 0.5375 0.5422 0.5231 0.5137 0.4927 0.4956 0.4933 0.5024 0.4746
0.5691 0.5362 0.5392 0.5184 0.5073 0.4849 0.4862 0.4828 0.4909 0.4618
0.5885 0.5619 0.5708 0.5544 0.5489 0.5302 0.5355 0.5339 0.5454 0.5179
0.6214 0.6079 0.6279 0.6209 0.6265 0.6159 0.6290 0.6315 0.6488 0.6269
0.6386 0.6321 0.6576 0.6553 0.6664 0.6602 0.6766 0.6812 0.7006 0.6822
0.6430 0.6376 0.6640 0.6625 0.6744 0.6689 0.6859 0.6907 0.7104 0.6927
0.6458 0.6403 0.6664 0.6646 0.6764 0.6707 0.6876 0.6923 0.7118 0.6941
0.6482 0.6420 0.6676 0.6653 0.6767 0.6705 0.6873 0.6917 0.7109 0.6930
0.6513 0.6439 0.6684 0.6652 0.6759 0.6689 0.6852 0.6892 0.7079 0.6896
0.6599 0.6510 0.6741 0.6695 0.6792 0.6711 0.6869 0.6902 0.7082 0.6895
0.6857 0.6742 0.6944 0.6872 0.6956 0.6854 0.7004 0.7025 0.7188 0.6999
0.7320 0.7155 0.7300 0.7177 0.7230 0.7085 0.7217 0.7211 0.7341 0.7144
0.7714 0.7509 0.7600 0.7434 0.7457 0.7273 0.7386 0.7355 0.7455 0.7249
0.7883 0.7655 0.7718 0.7526 0.7531 0.7323 0.7425 0.7379 0.7461 0.7246
0.7805 0.7541 0.7577 0.7355 0.7331 0.7092 0.7176 0.7116 0.7184 0.6943
0.7391 0.6996 0.6944 0.6621 0.6488 0.6153 0.6163 0.6054 0.6071 0.5751
0.6962 0.6426 0.6269 0.5844 0.5591 0.5171 0.5092 0.4939 0.4892 0.4522
0.6652 0.6045 0.5835 0.5366 0.5055 0.4608 0.4486 0.4319 0.4246 0.3869
0.6216 0.5559 0.5315 0.4833 0.4484 0.4042 0.3890 0.3726 0.3641 0.3277
0.5856 0.5193 0.4948 0.4483 0.4129 0.3711 0.3551 0.3399 0.3319 0.2970
0.5604 0.4953 0.4718 0.4274 0.3927 0.3531 0.3372 0.3231 0.3159 0.2823
0.5431 0.4793 0.4569 0.4144 0.3804 0.3426 0.3270 0.3137 0.3072 0.2743
0.5331 0.4703 0.4487 0.4073 0.3739 0.3372 0.3217 0.3090 0.3029 0.2705
0.5275 0.4653 0.4441 0.4034 0.3703 0.3341 0.3188 0.3063 0.3005 0.2683
0.5250 0.4630 0.4420 0.4017 0.3687 0.3328 0.3176 0.3053 0.2996 0.2675
0.5245 0.4629 0.4422 0.4021 0.3693 0.3336 0.3184 0.3062 0.3006 0.2686
0.5262 0.4654 0.4454 0.4057 0.3735 0.3380 0.3232 0.3111 0.3058 0.2737
0.5280 0.4681 0.4489 0.4099 0.3783 0.3431 0.3288 0.3169 0.3120 0.2797
0.5259 0.4655 0.4459 0.4066 0.3747 0.3394 0.3248 0.3129 0.3078 0.2756
0.5231 0.4620 0.4416 0.4019 0.3694 0.3340 0.3190 0.3069 0.3015 0.2695
0.5224 0.4611 0.4407 0.4009 0.3683 0.3328 0.3178 0.3057 0.3003 0.2683
0.5245 0.4642 0.4445 0.4052 0.3732 0.3380 0.3234 0.3115 0.3064 0.2743
0.5324 0.4754 0.4588 0.4216 0.3920 0.3579 0.3449 0.3336 0.3300 0.2974
0.5470 0.4967 0.4858 0.4528 0.4281 0.3966 0.3872 0.3775 0.3770 0.3440
0.5598 0.5153 0.5096 0.4805 0.4604 0.4316 0.4256 0.4176 0.4200 0.3874
0.5674 0.5264 0.5237 0.4970 0.4798 0.4527 0.4488 0.4419 0.4462 0.4140
0.5724 0.5337 0.5329 0.5077 0.4924 0.4666 0.4641 0.4579 0.4633 0.4316
0.5634 0.5205 0.5160 0.4879 0.4691 0.4410 0.4359 0.4283 0.4315 0.3991
0.5500 0.5008 0.4908 0.4585 0.4347 0.4037 0.3949 0.3855 0.3855 0.3526
0.5453 0.4939 0.4821 0.4484 0.4230 0.3910 0.3810 0.3710 0.3700 0.3370
0.5425 0.4899 0.4770 0.4425 0.4162 0.3837 0.3730 0.3627 0.3611 0.3282
0.5325 0.4755 0.4588 0.4216 0.3920 0.3579 0.3449 0.3336 0.3300 0.2974
0.5243 0.4639 0.4442 0.4050 0.3730 0.3378 0.3232 0.3113 0.3062 0.2741
0.5208 0.4594 0.4388 0.3989 0.3663 0.3308 0.3159 0.3038 0.2983 0.2665
0.5184 0.4568 0.4359 0.3959 0.3632 0.3278 0.3129 0.3007 0.2953 0.2637
0.5165 0.4551 0.4341 0.3943 0.3618 0.3265 0.3118 0.2998 0.2944 0.2630
0.5117 0.4508 0.4298 0.3904 0.3582 0.3232 0.3091 0.2973 0.2921 0.2614
0.4968 0.4372 0.4158 0.3773 0.3460 0.3119 0.2992 0.2882 0.2835 0.2544
0.4647 0.4085 0.3864 0.3504 0.3211 0.2892 0.2797 0.2703 0.2666 0.2411
0.4402 0.3897 0.3694 0.3376 0.3110 0.2821 0.2757 0.2690 0.2666 0.2442
0.4222 0.3781 0.3604 0.3332 0.3094 0.2836 0.2800 0.2764 0.2751 0.2556
0.3888 0.3518 0.3357 0.3134 0.2926 0.2702 0.2700 0.2694 0.2693 0.2538
0.3420 0.3110 0.2949 0.2761 0.2574 0.2376 0.2397 0.2404 0.2403 0.2288
0.3066 0.2796 0.2637 0.2470 0.2285 0.2101 0.2118 0.2121 0.2106 0.2007
0.3004 0.2778 0.2646 0.2509 0.2315 0.2142 0.2137 0.2146 0.2105 0.2002
0.3044 0.2861 0.2765 0.2659 0.2453 0.2290 0.2261 0.2279 0.2212 0.2097
0.3103 0.2952 0.2885 0.2801 0.2599 0.2445 0.2413 0.2439 0.2365 0.2244
0.3026 0.2894 0.2837 0.2765 0.2562 0.2413 0.2374 0.2401 0.2319 0.2199
0.2801 0.2682 0.2620 0.2552 0.2339 0.2190 0.2132 0.2147 0.2047 0.1930
0.2501 0.2400 0.2333 0.2271 0.2052 0.1906 0.1830 0.1833 0.1718 0.1608
0.2135 0.2056 0.1989 0.1935 0.1722 0.1583 0.1497 0.1491 0.1371 0.1274
0.1685 0.1631 0.1570 0.1525 0.1339 0.1213 0.1131 0.1119 0.1011 0.0935
0.1172 0.1136 0.1079 0.1039 0.0900 0.0796 0.0734 0.0719 0.0640 0.0591
0.0888 0.0862 0.0810 0.0776 0.0669 0.0582 0.0534 0.0520 0.0461 0.0426
0.0830 0.0814 0.0773 0.0746 0.0647 0.0564 0.0518 0.0507 0.0450 0.0417
0.0840 0.0836 0.0807 0.0789 0.0692 0.0610 0.0560 0.0555 0.0495 0.0461
0.0848 0.0853 0.0833 0.0823 0.0729 0.0647 0.0597 0.0596 0.0534 0.0500
0.0747 0.0744 0.0715 0.0698 0.0613 0.0536 0.0493 0.0488 0.0435 0.0407
0.0605 0.0588 0.0546 0.0518 0.0447 0.0380 0.0349 0.0338 0.0299 0.0277
0.0560 0.0539 0.0495 0.0466 0.0398 0.0336 0.0308 0.0296 0.0261 0.0242
0.0550 0.0529 0.0485 0.0455 0.0389 0.0327 0.0300 0.0288 0.0254 0.0236
0.0556 0.0536 0.0493 0.0463 0.0397 0.0335 0.0308 0.0296 0.0262 0.0243
0.0578 0.0561 0.0521 0.0493 0.0426 0.0362 0.0334 0.0323 0.0287 0.0268
0.0600 0.0587 0.0551 0.0526 0.0460 0.0394 0.0366 0.0357 0.0320 0.0300
0.0625 0.0616 0.0586 0.0565 0.0500 0.0433 0.0407 0.0401 0.0363 0.0342
0.0648 0.0646 0.0623 0.0608 0.0546 0.0479 0.0454 0.0452 0.0415 0.0394
0.0638 0.0639 0.0621 0.0610 0.0551 0.0486 0.0464 0.0464 0.0428 0.0409
0.0594 0.0595 0.0576 0.0566 0.0510 0.0449 0.0428 0.0426 0.0392 0.0374
0.0551 0.0552 0.0534 0.0525 0.0472 0.0416 0.0396 0.0394 0.0361 0.0345
0.0520 0.0526 0.0517 0.0515 0.0467 0.0417 0.0401 0.0401 0.0371 0.0357
0.0499 0.0519 0.0529 0.0543 0.0508 0.0468 0.0462 0.0471 0.0446 0.0437
0.0491 0.0529 0.0565 0.0604 0.0590 0.0565 0.0577 0.0606 0.0592 0.0595
0.0509 0.0566 0.0632 0.0700 0.0713 0.0708 0.0747 0.0806 0.0814 0.0837
0.0517 0.0583 0.0665 0.0747 0.0776 0.0782 0.0838 0.0915 0.0938 0.0975
0.0503 0.0566 0.0643 0.0721 0.0746 0.0750 0.0801 0.0872 0.0891 0.0925
0.0504 0.0566 0.0641 0.0718 0.0741 0.0743 0.0792 0.0861 0.0878 0.0910
0.0507 0.0569 0.0644 0.0719 0.0742 0.0743 0.0791 0.0859 0.0876 0.0907
0.0483 0.0542 0.0615 0.0689 0.0710 0.0713 0.0759 0.0825 0.0839 0.0870
0.0462 0.0520 0.0591 0.0665 0.0684 0.0689 0.0734 0.0798 0.0811 0.0842
0.0482 0.0545 0.0622 0.0702 0.0729 0.0737 0.0790 0.0862 0.0883 0.0919
0.0559 0.0643 0.0755 0.0868 0.0932 0.0961 0.1054 0.1173 0.1233 0.1302
0.0644 0.0755 0.0908 0.1060 0.1171 0.1228 0.1372 0.1551 0.1664 0.1774
0.0636 0.0730 0.0853 0.0973 0.1047 0.1073 0.1175 0.1308 0.1376 0.1447
0.0600 0.0663 0.0736 0.0807 0.0826 0.0813 0.0857 0.0925 0.0938 0.0962
0.0575 0.0622 0.0670 0.0718 0.0713 0.0686 0.0707 0.0749 0.0742 0.0750
0.0569 0.0616 0.0665 0.0713 0.0709 0.0682 0.0704 0.0747 0.0740 0.0748
0.0572 0.0623 0.0678 0.0733 0.0735 0.0712 0.0740 0.0789 0.0787 0.0799
0.0524 0.0566 0.0608 0.0651 0.0641 0.0615 0.0630 0.0665 0.0653 0.0658
0.0480 0.0517 0.0554 0.0593 0.0579 0.0555 0.0567 0.0595 0.0581 0.0584
0.0450 0.0489 0.0531 0.0575 0.0566 0.0549 0.0565 0.0597 0.0587 0.0595
0.0416 0.0460 0.0509 0.0563 0.0562 0.0556 0.0580 0.0620 0.0617 0.0632
0.0373 0.0422 0.0487 0.0557 0.0573 0.0589 0.0631 0.0689 0.0704 0.0739
0.0331 0.0381 0.0454 0.0536 0.0563 0.0600 0.0658 0.0733 0.0767 0.0826
0.0295 0.0344 0.0424 0.0516 0.0554 0.0614 0.0690 0.0787 0.0846 0.0936
0.0262 0.0309 0.0400 0.0508 0.0562 0.0659 0.0768 0.0907 0.1018 0.1171
0.0231 0.0274 0.0373 0.0494 0.0566 0.0707 0.0859 0.1054 0.1244 0.1494
0.0202 0.0240 0.0339 0.0466 0.0548 0.0725 0.0915 0.1161 0.1433 0.1789
0.0175 0.0206 0.0302 0.0430 0.0514 0.0722 0.0942 0.1236 0.1591 0.2062
0.0151 0.0175 0.0268 0.0395 0.0483 0.0724 0.0981 0.1334 0.1798 0.2421
0.0132 0.0152 0.0242 0.0371 0.0466 0.0747 0.1054 0.1488 0.2100 0.2920
0.0117 0.0134 0.0221 0.0351 0.0452 0.0772 0.1131 0.1650 0.2422 0.3445
0.0103 0.0116 0.0199 0.0327 0.0429 0.0777 0.1179 0.1773 0.2693 0.3902
0.0094 0.0105 0.0185 0.0311 0.0414 0.0785 0.1222 0.1880 0.2925 0.4281
0.0090 0.0100 0.0180 0.0307 0.0415 0.0808 0.1280 0.1995 0.3145 0.4605
0.0086 0.0095 0.0173 0.0301 0.0412 0.0826 0.1332 0.2103 0.3357 0.4918
0.0086 0.0095 0.0176 0.0308 0.0428 0.0874 0.1429 0.2272 0.3639 0.5279
0.0094 0.0104 0.0192 0.0334 0.0467 0.0938 0.1526 0.2403 0.3800 0.5426
0.0106 0.0118 0.0216 0.0371 0.0517 0.1009 0.1618 0.2505 0.3886 0.5457
0.0122 0.0139 0.0250 0.0422 0.0589 0.1108 0.1747 0.2649 0.4013 0.5519
0.0149 0.0173 0.0300 0.0490 0.0674 0.1184 0.1802 0.2643 0.3869 0.5220
0.0179 0.0212 0.0353 0.0553 0.0744 0.1212 0.1770 0.2507 0.3539 0.4692
0.0231 0.0280 0.0449 0.0678 0.0900 0.1359 0.1909 0.2602 0.3513 0.4499
0.0333 0.0418 0.0648 0.0940 0.1236 0.1717 0.2303 0.2996 0.3823 0.4652
0.0482 0.0625 0.0937 0.1307 0.1696 0.2178 0.2787 0.3468 0.4193 0.4860
0.0636 0.0839 0.1216 0.1641 0.2091 0.2535 0.3127 0.3771 0.4391 0.4926
0.0755 0.0978 0.1346 0.1737 0.2142 0.2469 0.2953 0.3487 0.3960 0.4358
0.0905 0.1126 0.1457 0.1785 0.2114 0.2323 0.2692 0.3117 0.3462 0.3740
0.1096 0.1306 0.1599 0.1870 0.2135 0.2256 0.2544 0.2895 0.3158 0.3357
0.1326 0.1533 0.1810 0.2050 0.2288 0.2359 0.2612 0.2937 0.3171 0.3331
0.1661 0.1913 0.2240 0.2508 0.2798 0.2870 0.3164 0.3534 0.3811 0.3984
0.1921 0.2218 0.2590 0.2888 0.3226 0.3308 0.3643 0.4045 0.4359 0.4544
0.2028 0.2338 0.2720 0.3022 0.3372 0.3452 0.3796 0.4201 0.4523 0.4706
0.2008 0.2289 0.2636 0.2907 0.3215 0.3271 0.3579 0.3958 0.4249 0.4413
0.1846 0.2046 0.2298 0.2491 0.2686 0.2685 0.2890 0.3188 0.3382 0.3490
0.1728 0.1880 0.2072 0.2218 0.2334 0.2301 0.2433 0.2667 0.2785 0.2848
0.1815 0.1975 0.2179 0.2333 0.2460 0.2432 0.2577 0.2823 0.2953 0.3021
0.2028 0.2217 0.2460 0.2641 0.2812 0.2805 0.3001 0.3282 0.3460 0.3547
0.2287 0.2497 0.2770 0.2971 0.3171 0.3182 0.3419 0.3721 0.3932 0.4027
0.2571 0.2776 0.3051 0.3247 0.3442 0.3456 0.3707 0.4002 0.4217 0.4299
0.3057 0.3250 0.3525 0.3711 0.3899 0.3920 0.4194 0.4476 0.4698 0.4762
0.3578 0.3746 0.4012 0.4178 0.4352 0.4376 0.4665 0.4923 0.5148 0.5188
0.3677 0.3780 0.3987 0.4101 0.4205 0.4195 0.4435 0.4651 0.4829 0.4831
0.3509 0.3523 0.3634 0.3678 0.3667 0.3600 0.3738 0.3888 0.3971 0.3918
0.3431 0.3375 0.3416 0.3405 0.3311 0.3205 0.3271 0.3369 0.3384 0.3293
0.3632 0.3551 0.3583 0.3558 0.3465 0.3354 0.3431 0.3528 0.3559 0.3463
0.3982 0.3913 0.3983 0.3970 0.3928 0.3835 0.3965 0.4086 0.4172 0.4086
0.4171 0.4087 0.4160 0.4138 0.4104 0.4008 0.4147 0.4265 0.4366 0.4273
0.4238 0.4110 0.4156 0.4102 0.4041 0.3924 0.4041 0.4138 0.4226 0.4113
0.4505 0.4357 0.4411 0.4344 0.4292 0.4169 0.4291 0.4380 0.4484 0.4355
0.4944 0.4801 0.4898 0.4833 0.4817 0.4700 0.4838 0.4920 0.5055 0.4906
0.5097 0.4922 0.5011 0.4921 0.4892 0.4758 0.4877 0.4939 0.5066 0.4893
0.4771 0.4506 0.4501 0.4349 0.4232 0.4048 0.4101 0.4132 0.4200 0.4008
0.4259 0.3940 0.3848 0.3663 0.3479 0.3272 0.3279 0.3296 0.3309 0.3135
0.3966 0.3658 0.3547 0.3370 0.3180 0.2981 0.2988 0.3011 0.3012 0.2862
0.3895 0.3603 0.3497 0.3331 0.3144 0.2951 0.2962 0.2990 0.2990 0.2846
0.4040 0.3760 0.3676 0.3518 0.3342 0.3153 0.3171 0.3204 0.3213 0.3062
0.4301 0.4038 0.3991 0.3844 0.3697 0.3515 0.3554 0.3594 0.3629 0.3468
