0.00000000
0.28441572
0.28441572
0.27774030
0.29252587
0.27020027
0.26826914
0.38759190
0.38596586
0.38665656
0.38576635
0.38576635
0.21122425
0.21122425
0.21122425
0.21122425
0.21181649
0.20861877
0.21673475
0.21673475
0.21673475
0.20111260
0.15793614
0.15793614
0.15793614
0.16361445
0.16361445
0.16361445
0.16614805
0.16742478
0.13591154
0.13591154
0.13591154
0.13591154
0.13591154
0.12923033
0.12577158
0.12192807
0.12192807
0.12192807
0.12821120
0.12821120
0.12821120
0.15590497
0.15590497
0.15704503
0.16615776
0.16615776
0.16615776
0.16615776
0.15603659
0.14316826
0.14123598
0.13873824
0.13658155
0.13658155
0.13761847
0.13761847
0.13761847
0.11904147
0.11904147
0.11904147
0.11469896
0.11469896
0.11408627
0.11078692
0.11017398
0.10842590
0.10842590
0.10842590
0.10842590
0.10842590
0.10842590
0.11875196
0.11205551
0.10989873
0.10989873
0.12253464
0.13387534
0.13415506
0.13344252
0.13891058
0.13340803
0.13340803
0.13340803
0.13310898
0.13310898
0.13310898
0.13310898
0.13429141
0.13429141
0.13079398
0.13897481
0.13897481
0.13348829
0.13348829
0.13348829
0.13348829
0.13348829
0.12877167
0.12877167
0.12637557
0.12371281
0.12371281
0.12371281
0.12097977
0.12097977
0.12903917
0.12903917
0.12293714
0.12492218
0.11461660
0.12285064
0.12285064
0.12863387
0.13091415
0.13091415
0.12318459
0.12318459
0.11214313
0.11251697
0.11251697
0.11251697
0.11332265
0.11896046
0.11871188
0.11871188
0.11871188
0.11871188
0.11871188
0.11871188
0.11871188
0.11635322
0.11635322
0.11635322
0.11635322
0.10841489
0.11644124
0.11644124
0.11128698
0.11664495
0.11806174
0.12096750
0.12096750
0.12096750
0.12105015
0.11542614
0.11542614
0.11542614
0.10871902
0.10073982
0.10970077
0.10594435
0.11077889
0.11077889
0.10613836
0.10613836
0.10613836
0.10613836
0.10613836
0.10613836
0.10347186
0.10347186
0.10347186
0.10347186
0.11364885
0.11364885
0.11364885
0.11261151
0.11289270
0.11289270
0.11289270
0.10398558
0.10398558
0.10398558
0.10398558
0.10398558
0.11021164
0.11021164
0.11021164
0.11161103
0.11161103
0.10882117
0.10882117
0.10882117
0.11264136
0.11264136
0.11265846
0.11265846
0.11624353
0.11624353
0.11624353
0.11624353
0.11624353
0.10125250
0.10125250
0.10125250
0.10091523
0.10091523
0.10091523
0.11351660
0.10728519
0.10728519
0.10728519
0.11226041
0.11226041
0.11239871
0.11239871
0.11239871
0.11390787
0.11598678
0.10813690
0.10813690
0.10721424
0.10721424
0.10721424
0.10614314
0.10614314
0.11171149
0.11171149
0.11171149
0.11171149
0.11171149
0.11836923
0.12446372
0.10655857
0.10655857
0.10655857
0.10655857
0.11210466
0.11210466
0.11210466
0.11470862
0.11216009
0.11216009
0.11842106
0.11842106
0.11367968
0.11367968
0.12123460
0.12123460
0.11806182
0.11806182
0.11799003
0.11799003
0.11799003
0.11799003
0.11799003
0.11799003
0.12065454
0.12065454
0.12065454
0.12065454
0.13792687
0.11973712
0.11973712
0.11973712
0.11973712
0.11973712
0.12241913
0.12241913
0.12241913
0.12241913
0.13628320
0.12611014
0.12611014
0.12611014
0.12547577
0.12547577
0.12689413
0.12668080
0.10193285
0.10193285
0.10193285
0.10193285
0.10537637
0.10537637
0.10537637
0.09840558
0.13340595
0.13340595
0.13916870
0.11482436
0.12167148
0.12167148
0.12167148
0.11853285
0.09715303
0.11879201
0.11022228
0.11022228
0.11110191
0.11110191
0.08741704
0.08741704
0.09093330
0.08842233
0.08842233
0.08842233
0.12193100
0.12065031
0.09675380
0.09675380
0.08861449
0.08543921
0.08710300
0.08710300
0.08994240
0.08994240
0.08994240
0.12550749
0.09059451
0.08822976
0.09135299
0.09135299
0.09597330
0.09597330
0.09913620
0.09913620
0.09765898
0.09765898
0.09897589
0.09897589
0.09893433
0.09893433
0.09893433
0.09893433
0.10278168
0.13367494
0.13367494
0.09014927
0.09014927
0.09014927
0.09014927
0.13904038
0.09076157
0.09076157
0.09076157
0.12990473
0.12990473
0.12655729
0.04804183
0.04804183
0.04804183
0.12073924
0.12073924
0.12073924
0.12073924
0.12073924
0.12073924
0.12073924
0.12073924
0.12073924
0.06248381
0.06248381
0.06339594
0.10335250
0.10335250
0.06676667
0.10449597
0.10250255
0.10329029
0.10329029
0.10020244
0.10101814
0.06304511
0.06304511
0.06304511
0.06304511
0.12234164
0.12234164
0.12234164
0.12234164
0.05157351
0.05157351
0.05157351
0.05157351
0.05067813
0.05067813
0.05067813
0.11329203
0.11329203
0.06406062
0.06406062
0.06662739
0.12959173
0.12959173
0.12622427
0.12925826
0.12587340
0.12587340
0.12587340
0.12445623
0.12445623
0.12445623
0.12463487
0.12463487
0.12463487
0.12463487
0.12463487
0.05797558
0.05797558
0.12398830
0.05755357
0.05818149
0.05557578
0.14792605
0.07250487
0.07250487
0.06808714
0.06808714
0.15754370
0.06984691
0.18073904
0.18073904
0.18073904
0.18461226
0.18461226
0.18461226
0.18170981
0.18212098
0.18396185
0.11149783
0.11149783
0.13058759
0.13058759
0.11910367
0.12285217
0.14326465
0.11818365
0.11818365
0.11818365
0.11818365
0.11919031
0.15151318
0.10449837
0.10449837
0.10559413
0.10559413
0.16429765
0.15855212
0.15855212
0.15855212
0.16163094
0.16268925
0.09245952
0.09245952
0.09619801
0.09619801
0.09619801
0.09884108
0.09884108
0.09884108
0.15372070
0.15372070
0.09121953
0.08771660
0.08771660
0.08771660
0.08771660
0.08890917
0.08890917
0.08890917
0.08890917
0.10886440
0.10886440
0.11020104
0.11020104
0.11020104
0.09954212
0.09899193
0.09899193
0.09899193
0.09628908
0.11569744
0.11569744
0.10232919
0.10232919
0.10232919
0.10232919
0.10258370
0.10999547
0.10999547
0.11151632
0.11151632
0.11110226
0.11027573
0.11027573
0.10885202
0.10885202
0.10978525
0.10978525
0.10670417
0.10670417
0.10746056
0.10746056
0.10607662
0.10607662
0.11381793
0.11381793
0.10925772
0.10925772
0.10496705
0.10307271
0.10307271
0.10747701
0.10747701
0.10747701
0.10442410
0.10261835
0.10497180
0.10376448
0.10204245
0.10204245
0.09957063
0.09639297
0.11331415
0.11331415
0.10201579
0.10201579
0.12928761
0.12738609
0.09771691
0.09771691
0.12132527
0.12188922
0.12188922
0.12188922
0.12208779
0.11965470
0.11965470
0.09941408
0.09941408
0.09941408
0.10887880
0.10925765
0.10453715
0.11504040
0.11504040
0.11836545
0.11836545
0.11836545
0.11836545
0.11836545
0.11487081
0.10789077
0.10601387
0.10601387
0.10236374
0.11533771
0.09804632
0.11136112
0.11136112
0.11024124
0.11024124
0.11024124
0.11024124
0.11024124
0.09594129
0.09542422
0.09989867
0.09989867
0.09989867
0.09989867
0.10661955
0.10764591
0.10729544
0.10729544
0.10729544
0.10572103
0.10572103
0.09329649
0.09329649
0.09329649
0.11472123
0.10260949
0.10260949
0.10208867
0.10711602
0.10696067
0.10696067
0.09727126
0.09727126
0.09727126
0.09727126
0.09727126
0.09727126
0.11473601
0.11501338
0.11524826
0.11524826
0.10897503
0.08458387
0.08458387
0.08458387
0.08562436
0.08450049
0.10095108
0.10095108
0.10095108
0.10318865
0.10261150
0.10707297
0.10707297
0.10707297
0.10331644
0.10331644
0.10331644
0.10331644
0.10331644
0.10585042
0.10585042
0.10585042
0.10585042
0.10835297
0.10835297
0.10835297
0.08159688
0.12582409
0.12582409
0.12582409
0.07712888
0.07712888
0.08315037
0.14110474
0.14110474
0.14110474
0.14110474
0.14110474
0.11454902
0.11454902
0.11100935
0.11100935
0.11100935
0.10771553
0.10771553
0.10771553
0.10771553
0.10571858
0.10571858
0.10571858
0.10571858
0.10571858
0.10571858
0.10571858
0.10571858
0.10704879
0.10092779
0.10092779
0.10421319
0.10480811
0.12218295
0.12218295
0.12218295
0.12218295
0.12218295
0.12218295
0.12218295
0.11826321
0.11495177
0.11495177
0.11495177
0.11495177
0.11495177
0.11495177
0.10781445
0.09710983
0.09751680
0.09751680
0.09740950
0.09740950
0.09740950
0.09740950
0.09740950
0.10148694
0.10579663
0.09384913
0.09409470
0.11442876
0.11442876
0.11854954
0.11854954
0.09498193
0.09715334
0.09715334
0.09715334
0.09715334
0.09715334
0.09715334
0.09715334
0.09715334
0.12389123
0.12548189
0.12548189
0.12548189
0.12663048
0.08718970
0.08718970
0.12077068
0.12398947
0.06459174
0.06459174
0.07309820
0.07309820
0.07309820
0.07309820
0.07309820
0.07309820
0.07309820
0.07309820
0.11107012
0.11107012
0.09469798
0.09469798
0.09469798
0.09469798
0.12902454
0.12931650
0.12931650
0.12931650
0.13064599
0.13064599
0.06855487
0.06855487
0.06855487
0.06855487
0.06855487
0.12863109
0.12863109
0.12863109
0.12436253
0.12350924
0.12541494
0.12541494
0.07902357
0.07902357
0.07902357
0.07902357
0.07299230
0.07299230
0.07299230
0.10928652
0.10928652
0.10928652
0.10928652
0.10928652
0.10928652
0.10019485
0.10600034
0.10528481
0.10528481
0.11160669
0.11160669
0.11160669
0.11030128
0.09832765
0.09832765
0.10797432
0.10797432
0.10797432
0.10818160
0.10818160
0.10967597
0.09800003
0.12124182
0.12124182
0.12124182
0.12235075
0.09110045
0.08808726
0.09909066
0.10320467
0.10021677
0.10181336
0.12127936
0.12127936
0.12127936
0.12127936
0.12127936
0.12116398
0.12116398
0.11798554
0.09201815
0.09201815
0.09201815
0.09201815
0.09201815
0.14719869
0.14719869
0.14719869
0.14719869
0.14719869
0.14719869
0.14719869
0.14719869
0.09195306
0.11638992
0.09479100
0.10027181
0.10214914
0.10214914
0.10214914
0.10395384
0.10395384
0.10395384
0.10395384
0.10395384
0.09474989
0.09474989
0.09137566
0.09137566
0.09137566
0.10009782
0.10009782
0.09952340
0.10420404
0.10699305
0.10699305
0.10152902
0.10152902
0.08973767
0.10024421
0.10013558
0.09747530
0.10950439
0.10950439
0.07821824
0.07821824
0.12254295
0.09530485
0.08857418
0.08993690
0.08993690
0.12269126
0.12269126
0.12269126
0.08675311
0.08385814
0.08385814
0.08378521
0.08378521
0.11992567
0.08566499
0.08566499
0.08566499
0.08034619
0.11642773
0.11659849
0.08811628
0.11533781
0.11533781
0.11533781
0.11489618
0.11302136
0.09745772
0.09639383
0.09639383
0.09639383
0.09639383
0.09242903
0.09242903
0.09242903
0.09443205
0.12731771
0.12690402
0.12690402
0.12690402
0.08367666
0.08367666
0.08367666
0.10785366
0.09696922
0.09696922
0.10004269
0.10004269
0.09781531
0.10073448
0.10073448
0.10361167
0.10361167
0.10361167
0.09052271
0.09052271
0.09052271
0.09545158
0.09576126
0.07377808
0.08023826
0.08023826
0.08023826
0.08023826
0.08688735
0.08435478
0.08435478
0.08435478
0.08435478
0.08435478
0.08435478
0.07576323
0.07576323
0.07903670
0.08235766
0.08235766
0.08235766
0.08235766
0.08235766
0.08235766
0.08035394
0.08035394
0.09183793
0.09183793
0.09183793
0.09465139
0.09465139
0.09465139
0.09465139
0.07490758
0.07490758
0.07490758
0.07490758
0.07490758
0.07861300
0.08513528
0.07973179
0.07973179
0.07973179
0.08568924
0.08659027
0.14040408
0.14040408
0.07443190
0.07443190
0.07443190
0.07645478
0.07645478
0.07349341
0.07349341
0.07349341
0.07349341
0.07349341
0.07349341
0.09169328
0.09251384
0.09251384
0.09433934
0.09901517
0.09901517
0.08789586
0.08789586
0.08789586
0.08018788
0.08239278
0.09661715
0.09661715
0.09661715
0.09661715
0.07719888
0.07719888
0.08391151
0.08391151
0.08391151
0.08391151
0.08391151
0.08391151
0.08391151
0.07908078
0.10645102
0.10645102
0.11002355
0.07144488
0.06513611
0.08326543
0.08326543
0.08326543
0.08154058
0.08154058
0.08154058
0.07644875
0.07824799
0.07824799
0.07050131
0.07050131
0.06831490
0.06831490
0.06810011
0.06810011
0.06987008
0.11275767
0.11026472
0.07545805
0.07545805
0.07545805
0.07545805
0.07545805
0.07545805
0.05882531
0.05778464
0.05778464
0.05778464
0.05778464
0.05778464
0.05778464
0.05582770
0.07497234
0.07497234
0.07185114
0.07185114
0.07185114
0.07842012
0.08705995
0.09455403
0.09133418
0.09132265
0.09200939
0.09153672
0.09153672
0.09153672
0.09251909
0.09251909
0.09251909
0.09251909
0.09251909
0.09176695
0.09176695
0.08726758
0.08384206
0.08384206
0.08384206
0.07382065
0.07382065
0.10022459
0.10022459
0.07614485
0.07614485
0.09552988
0.09552988
0.07886505
0.11173064
0.11173064
0.08113682
0.09603026
0.11146272
0.08027194
0.10935542
0.11168197
0.11235126
0.11235126
0.11235126
0.09413894
0.07103375
0.07103375
0.07103375
0.07103375
0.06845168
0.07141735
0.07532030
0.07532030
0.07532030
0.07532030
0.07532030
0.07532030
0.07400201
0.07400201
0.07400201
0.07400201
0.07400201
0.06741370
0.06567722
0.06375619
0.07858209
0.07858209
0.07858209
0.07858209
0.08021130
0.08021130
0.08552560
0.07464657
0.07464657
0.07464657
0.07524037
0.07524037
0.08218972
0.07503665
0.07190624
0.07190624
0.07190624
0.07190624
0.07358027
0.07358027
0.07358027
0.06803103
0.06780123
0.06780123
0.06780123
0.07297704
0.07504163
0.07504163
0.08486611
0.08486611
0.08030362
0.08030362
0.06822369
0.07215260
0.07215260
0.07484739
0.07793069
0.07793069
0.07933450
0.07901208
0.07901208
0.09940411
0.09940411
0.08894614
0.08894614
0.06905855
0.06429754
0.06490462
0.06490462
0.06400229
0.06645695
0.06847576
0.06847576
0.06561530
0.07856936
0.07413715
0.07413715
0.07413715
0.07413715
0.07628602
0.07507535
0.07507535
0.07486739
0.07486739
0.07110403
0.07110403
0.06762120
0.07292971
0.07292971
0.07292971
0.08952029
0.08943698
0.08943698
0.08943698
0.08589990
0.08589990
0.07942442
0.07942442
0.07942442
0.07942442
0.08168990
0.07026031
0.06650812
0.06491051
0.06491051
0.06491051
0.06491051
0.06491051
0.06458411
0.06458411
0.06458411
0.06458411
0.06458411
0.06762142
0.06762142
0.06762142
0.06720702
0.06960714
0.06960714
0.06806574
0.06649243
0.06992040
0.06992040
0.06994292
0.06994292
0.06109159
0.06109159
0.06109159
0.06109159
0.05991480
0.05991480
0.07344618
0.08108796
0.08108796
0.08217840
0.08217840
0.08217840
0.08000742
0.08265506
0.08788077
0.06762658
0.06762658
0.06957132
0.07009373
0.07009373
0.07009373
0.07009373
0.06419960
0.06148936
0.06148936
0.06032247
0.06032247
0.05918318
0.05918318
0.05918318
0.05918318
0.05918318
0.05933185
0.05964401
0.06611553
0.06611553
0.06611553
0.06611553
0.06611553
0.06361305
0.06389281
0.06389281
0.06389281
0.06649119
0.06649119
0.06649119
0.06509368
0.06251173
0.07312465
0.07312465
0.07316600
0.07316600
0.07316600
0.07316600
0.07316600
0.06571335
0.06571335
0.06367110
0.06355976
0.07734888
0.06298150
0.06343367
0.06343367
0.06212698
0.06362868
0.06212818
0.06212818
0.06504908
0.06504908
0.06408973
0.06408973
0.07193932
0.06259644
0.06259644
0.07783184
0.07332492
