0.00000000
0.30167146
0.30167146
0.29869437
0.27931753
0.33889145
0.33877773
0.16599843
0.16566536
0.16374957
0.16401133
0.16401133
0.13852933
0.13852933
0.13852933
0.13852933
0.14131734
0.14096225
0.12722683
0.12722683
0.12722683
0.15189019
0.13638095
0.13638095
0.13638095
0.14028770
0.14028770
0.14028770
0.14819219
0.14784605
0.13320366
0.13320366
0.13320366
0.13320366
0.13320366
0.12828640
0.12875162
0.12865775
0.12865775
0.14552689
0.13096476
0.13096476
0.13096476
0.11266652
0.11266652
0.11218926
0.10362691
0.10362691
0.10362691
0.10362691
0.10106180
0.10001354
0.10500422
0.10332548
0.10609955
0.10609955
0.10720011
0.10720011
0.10720011
0.11257361
0.11257361
0.11257361
0.13845979
0.13845979
0.14675483
0.14088703
0.13599398
0.13441786
0.13441786
0.13441786
0.13441786
0.13441786
0.13441786
0.14407433
0.13274278
0.13067130
0.13067130
0.13921241
0.13723488
0.13432118
0.13276270
0.12987414
0.12668870
0.12668870
0.12668870
0.12686441
0.12686441
0.12686441
0.12686441
0.12907309
0.12907309
0.12061492
0.12576099
0.12576099
0.12879022
0.12879022
0.12879022
0.12879022
0.12879022
0.12069006
0.12069006
0.12508810
0.12379144
0.12379144
0.12379144
0.12553479
0.12553479
0.12617085
0.12617085
0.12326216
0.12538287
0.11450789
0.11964931
0.11964931
0.12137741
0.12231195
0.12231195
0.11971717
0.11971717
0.11858271
0.11773023
0.11773023
0.11773023
0.11828023
0.11829216
0.12033656
0.12033656
0.12033656
0.12033656
0.12033656
0.12033656
0.12033656
0.11901730
0.11901730
0.11901730
0.11901730
0.11769622
0.12415937
0.12415937
0.12379571
0.12242420
0.12297481
0.12793523
0.12793523
0.12793523
0.12047739
0.12297321
0.12297321
0.12297321
0.11707006
0.11678210
0.11931087
0.11819742
0.12024390
0.12024390
0.12001010
0.12001010
0.12001010
0.12001010
0.12001010
0.12001010
0.12115570
0.12115570
0.12115570
0.12115570
0.12036198
0.12036198
0.12036198
0.12130893
0.12038161
0.12038161
0.12038161
0.11935482
0.11935482
0.11935482
0.11935482
0.11935482
0.12892769
0.12892769
0.12892769
0.13759548
0.13759548
0.13319136
0.13319136
0.13319136
0.13276519
0.13276519
0.12822187
0.12822187
0.14557166
0.14557166
0.14557166
0.14557166
0.14557166
0.17374509
0.17374509
0.17374509
0.18275628
0.18275628
0.18275628
0.16976185
0.16845302
0.16845302
0.16845302
0.13049481
0.13049481
0.12967584
0.12967584
0.12967584
0.13233143
0.13303771
0.10816132
0.10816132
0.10790029
0.10790029
0.10790029
0.11185406
0.11185406
0.12287864
0.12287864
0.12287864
0.12287864
0.12287864
0.12742507
0.13469344
0.18658605
0.18658605
0.18658605
0.18658605
0.12237844
0.12237844
0.12237844
0.12106225
0.12350038
0.12350038
0.13301264
0.13301264
0.13021817
0.13021817
0.13213655
0.13213655
0.12537533
0.12537533
0.12451255
0.12451255
0.12451255
0.12451255
0.12451255
0.12451255
0.12755875
0.12755875
0.12755875
0.12755875
0.13573152
0.12642720
0.12642720
0.12642720
0.12642720
0.12642720
0.13028142
0.13028142
0.13028142
0.13028142
0.13553119
0.13100796
0.13100796
0.13100796
0.13229935
0.13229935
0.13442828
0.13527390
0.13054428
0.13054428
0.13054428
0.13054428
0.13173872
0.13173872
0.13173872
0.13005898
0.13157489
0.13157489
0.13585565
0.12710597
0.12676684
0.12676684
0.12676684
0.12505815
0.11891081
0.12299061
0.12320022
0.12320022
0.12318641
0.12318641
0.12592929
0.12592929
0.12733347
0.12868255
0.12868255
0.12868255
0.11975559
0.11761909
0.11989614
0.11989614
0.12124601
0.11685978
0.12103270
0.12103270
0.12199590
0.12199590
0.12199590
0.12744102
0.12130871
0.12031476
0.12027000
0.12027000
0.12023454
0.12023454
0.12336739
0.12336739
0.12251371
0.12251371
0.12707774
0.12707774
0.13028085
0.13028085
0.13028085
0.13028085
0.12457694
0.12762949
0.12762949
0.12164120
0.12164120
0.12164120
0.12164120
0.12327634
0.12413435
0.12413435
0.12413435
0.12565771
0.12565771
0.12433483
0.12978908
0.12978908
0.12978908
0.12489613
0.12489613
0.12489613
0.12489613
0.12489613
0.12489613
0.12489613
0.12489613
0.12489613
0.13156155
0.13156155
0.12909188
0.13330121
0.13330121
0.12871129
0.13147402
0.13386506
0.13409463
0.13409463
0.13457554
0.13361073
0.13681919
0.13681919
0.13681919
0.13681919
0.13218855
0.13218855
0.13218855
0.13218855
0.12844045
0.12844045
0.12844045
0.12844045
0.12568599
0.12568599
0.12568599
0.12240281
0.12240281
0.13082625
0.13082625
0.13365151
0.14382682
0.14382682
0.14434133
0.14602080
0.14255803
0.14255803
0.14255803
0.14430670
0.14430670
0.14430670
0.13866471
0.13866471
0.13866471
0.13866471
0.13866471
0.13514781
0.13514781
0.13918238
0.13546671
0.13511963
0.14117633
0.14151928
0.13502695
0.13502695
0.13797686
0.13797686
0.13444139
0.13509263
0.13344423
0.13344423
0.13344423
0.13234099
0.13234099
0.13234099
0.13920423
0.14102163
0.14104528
0.14059712
0.14059712
0.13885392
0.13885392
0.13688253
0.14022419
0.14132318
0.12961976
0.12961976
0.12961976
0.12961976
0.12742711
0.13639764
0.13803533
0.13803533
0.13766401
0.13766401
0.13631170
0.13648076
0.13648076
0.13648076
0.13114143
0.13204463
0.13884442
0.13884442
0.13538542
0.13538542
0.13538542
0.13505032
0.13505032
0.13505032
0.13695410
0.13695410
0.14154224
0.14227406
0.14227406
0.14227406
0.14227406
0.14559935
0.14559935
0.14559935
0.14559935
0.14712394
0.14712394
0.14358983
0.14358983
0.14358983
0.13945709
0.13753825
0.13753825
0.13753825
0.13621070
0.13100437
0.13100437
0.12981686
0.12981686
0.12981686
0.12981686
0.12880395
0.12732349
0.12732349
0.12710538
0.12710538
0.12300323
0.12699217
0.12699217
0.12723012
0.12723012
0.12747781
0.12747781
0.11576643
0.11576643
0.11662143
0.11662143
0.12548785
0.12548785
0.09991614
0.09991614
0.09187773
0.09187773
0.09200205
0.09184726
0.09184726
0.10057371
0.10057371
0.10057371
0.10428355
0.09647918
0.09946903
0.09788119
0.08344567
0.08344567
0.08389190
0.09574350
0.10584305
0.10584305
0.09235111
0.09235111
0.09886808
0.09288351
0.11401899
0.11401899
0.08567930
0.08660200
0.08660200
0.08660200
0.09872626
0.10106478
0.10106478
0.10521183
0.10521183
0.10521183
0.10687093
0.10288322
0.10541689
0.08859410
0.08859410
0.08846948
0.08846948
0.08846948
0.08846948
0.08846948
0.08715702
0.08031673
0.07837843
0.07837843
0.11684981
0.08248366
0.08149626
0.11023485
0.11023485
0.11352749
0.11352749
0.11352749
0.11352749
0.11352749
0.07312149
0.07586446
0.09215624
0.09215624
0.09215624
0.09215624
0.07942676
0.07760943
0.11105640
0.11105640
0.11105640
0.11273573
0.11273573
0.07581953
0.07581953
0.07581953
0.07552720
0.11542703
0.11542703
0.11220454
0.11705822
0.11272825
0.11272825
0.06591086
0.06591086
0.06591086
0.06591086
0.06591086
0.06591086
0.09547920
0.09737414
0.10379602
0.10379602
0.10269508
0.06587945
0.06587945
0.06587945
0.06569122
0.06496746
0.10513414
0.10513414
0.10513414
0.10137006
0.10423765
0.09959250
0.09959250
0.09959250
0.09951653
0.09951653
0.09951653
0.09951653
0.09951653
0.09514994
0.09514994
0.09514994
0.09514994
0.09413743
0.09413743
0.09413743
0.09945450
0.10342138
0.10342138
0.10342138
0.09463518
0.09463518
0.09568586
0.09471359
0.09471359
0.09471359
0.09471359
0.09471359
0.09183562
0.09183562
0.09243906
0.09243906
0.09243906
0.09353160
0.09353160
0.09353160
0.09353160
0.09342134
0.09342134
0.09342134
0.09342134
0.09342134
0.09342134
0.09342134
0.09342134
0.09587305
0.08997843
0.08997843
0.09198693
0.09206300
0.08812972
0.08812972
0.08812972
0.08812972
0.08812972
0.08812972
0.08812972
0.08945328
0.09182477
0.09182477
0.09182477
0.09182477
0.09182477
0.09182477
0.08282409
0.08536448
0.08814280
0.08814280
0.08710043
0.08710043
0.08710043
0.08710043
0.08710043
0.08901146
0.09065551
0.08054172
0.07906102
0.08539618
0.08539618
0.08944966
0.08944966
0.08193596
0.08064801
0.08064801
0.08064801
0.08064801
0.08064801
0.08064801
0.08064801
0.08064801
0.07325217
0.07066705
0.07066705
0.07066705
0.07230312
0.08089332
0.08089332
0.07918220
0.07840868
0.07635663
0.07635663
0.08018410
0.08018410
0.08018410
0.08018410
0.08018410
0.08018410
0.08018410
0.08018410
0.07625706
0.07625706
0.09064198
0.09064198
0.09064198
0.09064198
0.08691466
0.08648236
0.08648236
0.08648236
0.08820676
0.08820676
0.08812633
0.08812633
0.08812633
0.08812633
0.08812633
0.08958903
0.08958903
0.08958903
0.08696788
0.08288450
0.08211105
0.08211105
0.08970224
0.08970224
0.08970224
0.08970224
0.08698082
0.08698082
0.08698082
0.08149782
0.08149782
0.08149782
0.08149782
0.08149782
0.08149782
0.07233692
0.08279136
0.09166899
0.09166899
0.09842206
0.09842206
0.09842206
0.09170451
0.08157310
0.08157310
0.08490441
0.08490441
0.08490441
0.08696953
0.08696953
0.08687964
0.08347455
0.09102242
0.09102242
0.09102242
0.09081590
0.07687878
0.07196535
0.07654671
0.07947775
0.07653992
0.07344770
0.08190866
0.08190866
0.08190866
0.08190866
0.08190866
0.08326677
0.08326677
0.08580538
0.09270339
0.09270339
0.09270339
0.09270339
0.09270339
0.08342179
0.08342179
0.08342179
0.08342179
0.08342179
0.08342179
0.08342179
0.08342179
0.08763723
0.07835305
0.07867003
0.06938346
0.07889049
0.07889049
0.07889049
0.08050174
0.08050174
0.08050174
0.08050174
0.08050174
0.07612905
0.07612905
0.07401130
0.07401130
0.07401130
0.07738220
0.07738220
0.07352464
0.07535607
0.07515486
0.07515486
0.09018293
0.09018293
0.05904490
0.07451021
0.07066146
0.07153321
0.07430455
0.07430455
0.08178489
0.08178489
0.09140412
0.07779498
0.08991051
0.08879967
0.08879967
0.08990645
0.08990645
0.08990645
0.08777680
0.08822623
0.08822623
0.08753368
0.08753368
0.08337851
0.08699348
0.08699348
0.08699348
0.08420704
0.08906917
0.09837232
0.08442221
0.08458877
0.08458877
0.08458877
0.08525880
0.08692044
0.08898560
0.08495398
0.08495398
0.08495398
0.08495398
0.09155630
0.09155630
0.09155630
0.08796323
0.08462365
0.08362235
0.08362235
0.08362235
0.08307606
0.08307606
0.08307606
0.08376307
0.08552461
0.08552461
0.08420598
0.08420598
0.08772603
0.08829869
0.08829869
0.08750798
0.08750798
0.08750798
0.08249577
0.08249577
0.08249577
0.08243396
0.08434101
0.08092214
0.08245565
0.08245565
0.08245565
0.08245565
0.08636140
0.08730673
0.08730673
0.08730673
0.08730673
0.08730673
0.08730673
0.08326791
0.08326791
0.08618021
0.08957665
0.08957665
0.08957665
0.08957665
0.08957665
0.08957665
0.09545325
0.09545325
0.08583828
0.08583828
0.08583828
0.09245597
0.09245597
0.09245597
0.09245597
0.08387637
0.08387637
0.08387637
0.08387637
0.08387637
0.08703027
0.08377566
0.08337470
0.08337470
0.08337470
0.08488949
0.08426308
0.08525455
0.08525455
0.08276657
0.08276657
0.08276657
0.08061272
0.08061272
0.08213686
0.08213686
0.08213686
0.08213686
0.08213686
0.08213686
0.07787654
0.07805921
0.07805921
0.08489699
0.08910809
0.08910809
0.07927663
0.07927663
0.07927663
0.08323325
0.08717224
0.08353435
0.08353435
0.08353435
0.08353435
0.08065471
0.08065471
0.08417030
0.08417030
0.08417030
0.08417030
0.08417030
0.08417030
0.08417030
0.08034411
0.07734616
0.07734616
0.08658184
0.07872508
0.07979236
0.07899190
0.07899190
0.07899190
0.07944344
0.07944344
0.07944344
0.07584969
0.07682479
0.07682479
0.08777009
0.08777009
0.07991798
0.07991798
0.07924493
0.07924493
0.07590995
0.08431841
0.08143119
0.08416800
0.08416800
0.08416800
0.08416800
0.08416800
0.08416800
0.07949495
0.07756531
0.07756531
0.07756531
0.07756531
0.07756531
0.07756531
0.07711510
0.08300317
0.08300317
0.08586994
0.08586994
0.08586994
0.08767130
0.09162478
0.07979351
0.07951765
0.08289033
0.08693622
0.08864627
0.08864627
0.08864627
0.09006058
0.09006058
0.09006058
0.09006058
0.09006058
0.09145799
0.09145799
0.08906652
0.08523695
0.08523695
0.08523695
0.07851579
0.07851579
0.08128448
0.08128448
0.07934354
0.07934354
0.07952759
0.07952759
0.07662454
0.08961440
0.08961440
0.07834973
0.07750669
0.08696046
0.07952938
0.08817808
0.09167925
0.08058317
0.08058317
0.08058317
0.08233764
0.08580997
0.08580997
0.08580997
0.08580997
0.08716327
0.08804011
0.08040175
0.08040175
0.08040175
0.08040175
0.08040175
0.08040175
0.08042514
0.08042514
0.08042514
0.08042514
0.08042514
0.07932245
0.07774821
0.07823807
0.08225604
0.08225604
0.08225604
0.08225604
0.08785180
0.08785180
0.08842050
0.07793793
0.07793793
0.07793793
0.07958782
0.07958782
0.07876579
0.07502926
0.07428694
0.07428694
0.07428694
0.07428694
0.07965137
0.07965137
0.07965137
0.08129020
0.08081538
0.08081538
0.08081538
0.07851182
0.07695659
0.07695659
0.08198709
0.08198709
0.08281363
0.08281363
0.08106663
0.08117573
0.08117573
0.08489396
0.08119089
0.08119089
0.08035800
0.08187262
0.08187262
0.08417362
0.08417362
0.08615138
0.08615138
0.08421131
0.08014832
0.08638645
0.08638645
0.08550963
0.07888734
0.08308170
0.08308170
0.08312999
0.08566798
0.08353795
0.08353795
0.08353795
0.08353795
0.07883741
0.07969361
0.07969361
0.07906302
0.07906302
0.07922634
0.07922634
0.08033946
0.08309454
0.08309454
0.08309454
0.08161251
0.08444387
0.08444387
0.08444387
0.08236597
0.08236597
0.07955029
0.07955029
0.07955029
0.07955029
0.08077916
0.08091646
0.08071022
0.08215664
0.08215664
0.08215664
0.08215664
0.08215664
0.08394045
0.08394045
0.08394045
0.08394045
0.08394045
0.08451976
0.08451976
0.08451976
0.08186556
0.08218338
0.08218338
0.07920141
0.08046863
0.07767540
0.07767540
0.07923493
0.07923493
0.08080550
0.08080550
0.08080550
0.08080550
0.08222568
0.08222568
0.08209946
0.08592598
0.08592598
0.08793381
0.08793381
0.08793381
0.08471577
0.08254836
0.08176936
0.08115550
0.08115550
0.08456182
0.08321966
0.08321966
0.08321966
0.08321966
0.08331102
0.08233205
0.08233205
0.08014302
0.08014302
0.07949695
0.07949695
0.07949695
0.07949695
0.07949695
0.07980785
0.07941697
0.08084285
0.08084285
0.08084285
0.08084285
0.08084285
0.08264869
0.08467528
0.08467528
0.08467528
0.07790248
0.07790248
0.07790248
0.07760935
0.08609593
0.08103045
0.08543073
0.08347494
0.08347494
0.08347494
0.08347494
0.08347494
0.08469759
0.08469759
0.08693236
0.09267783
0.07766665
0.08015103
0.08229786
0.08229786
0.08410286
0.08169107
0.07953635
0.07953635
0.07562483
0.07562483
0.07684207
0.07684207
0.07354489
0.08387421
0.08387421
0.08459430
0.08211852
