0.00000000
0.29598881
0.29598881
0.28833378
0.31599199
0.27445176
0.27475817
0.15808468
0.15538565
0.15896179
0.15728488
0.15728488
0.14488472
0.14488472
0.14488472
0.14488472
0.14497130
0.14614452
0.17999358
0.17999358
0.17999358
0.15840587
0.16850296
0.16850296
0.16850296
0.17081151
0.17081151
0.17081151
0.17597219
0.17465982
0.13914810
0.13914810
0.13914810
0.13914810
0.13914810
0.14013431
0.14124051
0.13512617
0.13512617
0.12746908
0.11830571
0.11830571
0.11830571
0.14614003
0.14614003
0.14719973
0.11149005
0.11149005
0.11149005
0.11149005
0.11557751
0.11129577
0.13231250
0.13001176
0.11836467
0.11836467
0.11980900
0.11980900
0.11980900
0.12789136
0.12789136
0.12789136
0.11961610
0.11961610
0.11725029
0.11380551
0.11286049
0.11194242
0.11194242
0.11194242
0.11194242
0.11194242
0.11194242
0.11063354
0.10047815
0.10215928
0.10215928
0.10981011
0.12140653
0.12919067
0.12852930
0.12640636
0.11828644
0.11828644
0.11828644
0.11851034
0.11851034
0.11851034
0.11851034
0.11898131
0.11898131
0.12902727
0.11937246
0.11937246
0.11997531
0.11997531
0.11997531
0.11997531
0.11997531
0.12232475
0.12232475
0.12382678
0.11986010
0.11986010
0.11986010
0.12014297
0.12014297
0.12723506
0.12723506
0.12306713
0.12842569
0.12149059
0.13713792
0.13713792
0.13965942
0.14020373
0.14020373
0.12287710
0.12287710
0.11704435
0.11487606
0.11487606
0.11487606
0.11720486
0.12048515
0.12286997
0.12286997
0.12286997
0.12286997
0.12286997
0.12286997
0.12286997
0.12794954
0.12794954
0.12794954
0.12794954
0.10782367
0.12443793
0.12443793
0.12295995
0.11781399
0.12802327
0.12627185
0.12627185
0.12627185
0.12056299
0.12122724
0.12122724
0.12122724
0.11687972
0.11528033
0.11734879
0.12094033
0.12207940
0.12207940
0.10823988
0.10823988
0.10823988
0.10823988
0.10823988
0.10823988
0.10652892
0.10652892
0.10652892
0.10652892
0.11099185
0.11099185
0.11099185
0.11270793
0.11552455
0.11552455
0.11552455
0.10783978
0.10783978
0.10783978
0.10783978
0.10783978
0.11726293
0.11726293
0.11726293
0.11457197
0.11457197
0.11907889
0.11907889
0.11907889
0.11838932
0.11838932
0.11238742
0.11238742
0.11479917
0.11479917
0.11479917
0.11479917
0.11479917
0.11314894
0.11314894
0.11314894
0.11248039
0.11248039
0.11248039
0.12077456
0.11973193
0.11973193
0.11973193
0.12171570
0.12171570
0.11566502
0.11566502
0.11566502
0.11529833
0.11959429
0.14000335
0.14000335
0.14263901
0.14263901
0.14263901
0.14253168
0.14253168
0.14530367
0.14530367
0.14530367
0.14530367
0.14530367
0.14204998
0.14232985
0.14001768
0.14001768
0.14001768
0.14001768
0.07696239
0.07696239
0.07696239
0.07584210
0.07743835
0.07743835
0.07405901
0.07405901
0.08993371
0.08993371
0.09454606
0.09454606
0.06913309
0.06913309
0.06780854
0.06780854
0.06780854
0.06780854
0.06780854
0.06780854
0.08335692
0.08335692
0.08335692
0.08335692
0.09351518
0.07987158
0.07987158
0.07987158
0.07987158
0.07987158
0.08374173
0.08374173
0.08374173
0.08374173
0.08791333
0.07262342
0.07262342
0.07262342
0.06754588
0.06754588
0.06829542
0.06619992
0.07362470
0.07362470
0.07362470
0.07362470
0.07063833
0.07063833
0.07063833
0.08184279
0.08602228
0.08602228
0.08334018
0.09728094
0.09900995
0.09900995
0.09900995
0.09746058
0.08982735
0.10556763
0.11922578
0.11922578
0.11890254
0.11890254
0.11044769
0.11044769
0.10618683
0.10596643
0.10596643
0.10596643
0.10406612
0.10469796
0.10465630
0.10465630
0.09762900
0.09768097
0.10822313
0.10822313
0.10638531
0.10638531
0.10638531
0.09317241
0.09484102
0.10038925
0.10155603
0.10155603
0.09876433
0.09876433
0.09846835
0.09846835
0.09669358
0.09669358
0.09998837
0.09998837
0.10459742
0.10459742
0.10459742
0.10459742
0.09322674
0.09136118
0.09136118
0.09345981
0.09345981
0.09345981
0.09345981
0.09791616
0.09701925
0.09701925
0.09701925
0.09575866
0.09575866
0.09495549
0.09562894
0.09562894
0.09562894
0.09338019
0.09338019
0.09338019
0.09338019
0.09338019
0.09338019
0.09338019
0.09338019
0.09338019
0.09829111
0.09829111
0.09787386
0.08771691
0.08771691
0.09354728
0.08891360
0.08866229
0.08893564
0.08893564
0.08954974
0.09079718
0.09232317
0.09232317
0.09232317
0.09232317
0.08958090
0.08958090
0.08958090
0.08958090
0.09419972
0.09419972
0.09419972
0.09419972
0.09359242
0.09359242
0.09359242
0.09512685
0.09512685
0.08959132
0.08959132
0.09482310
0.08979487
0.08979487
0.08909629
0.09239470
0.09240106
0.09240106
0.09240106
0.09224336
0.09224336
0.09224336
0.09940703
0.09940703
0.09940703
0.09940703
0.09940703
0.08841091
0.08841091
0.08906698
0.09169105
0.09053567
0.08989964
0.09459329
0.08385262
0.08385262
0.08242005
0.08242005
0.08633651
0.08662619
0.08909100
0.08909100
0.08909100
0.08750367
0.08750367
0.08750367
0.08208202
0.08455098
0.08702848
0.08399520
0.08399520
0.08866066
0.08866066
0.08030119
0.08032019
0.09060611
0.08442907
0.08442907
0.08442907
0.08442907
0.08397277
0.09225201
0.08553213
0.08553213
0.08387537
0.08387537
0.09029846
0.09188763
0.09188763
0.09188763
0.09219756
0.09175212
0.08759459
0.08759459
0.08864026
0.08864026
0.08864026
0.09081444
0.09081444
0.09081444
0.08352598
0.08352598
0.08782657
0.08515687
0.08515687
0.08515687
0.08515687
0.08277270
0.08277270
0.08277270
0.08277270
0.08189912
0.08189912
0.08266294
0.08266294
0.08266294
0.09068604
0.08648096
0.08648096
0.08648096
0.08636208
0.08735116
0.08735116
0.08576381
0.08576381
0.08576381
0.08576381
0.08732363
0.08692514
0.08692514
0.08757948
0.08757948
0.09324345
0.09440879
0.09440879
0.08913657
0.08913657
0.09070898
0.09070898
0.08415279
0.08415279
0.08493207
0.08493207
0.08616207
0.08616207
0.10264635
0.10264635
0.08435863
0.08435863
0.08325826
0.08253347
0.08253347
0.09665204
0.09665204
0.09665204
0.09742598
0.08156676
0.08271795
0.07836457
0.09914050
0.09914050
0.10010281
0.08791344
0.08676266
0.08676266
0.09332522
0.09332522
0.08421076
0.08270765
0.08686483
0.08686483
0.08500986
0.08906302
0.08906302
0.08906302
0.09386862
0.09614165
0.09614165
0.10752784
0.10752784
0.10752784
0.07408438
0.07319902
0.07356118
0.10820608
0.10820608
0.10377604
0.10377604
0.10377604
0.10377604
0.10377604
0.10133277
0.07180084
0.06889135
0.06889135
0.12852610
0.13069631
0.10533642
0.09464589
0.09464589
0.09442057
0.09442057
0.09442057
0.09442057
0.09442057
0.13540778
0.13212247
0.08913163
0.08913163
0.08913163
0.08913163
0.14874653
0.15205993
0.08070325
0.08070325
0.08070325
0.08540271
0.08540271
0.15197880
0.15197880
0.15197880
0.08738109
0.13617484
0.13617484
0.13726352
0.14017613
0.14446678
0.14446678
0.12781745
0.12781745
0.12781745
0.12781745
0.12781745
0.12781745
0.12711283
0.12521091
0.12477699
0.12477699
0.12252549
0.11779923
0.11779923
0.11779923
0.12470043
0.12687512
0.13615747
0.13615747
0.13615747
0.13810519
0.13670085
0.12670073
0.12670073
0.12670073
0.13454474
0.13454474
0.13454474
0.13454474
0.13454474
0.13595878
0.13595878
0.13595878
0.13595878
0.13774504
0.13774504
0.13774504
0.11741095
0.13850388
0.13850388
0.13850388
0.10701414
0.10701414
0.10512949
0.13141170
0.13141170
0.13141170
0.13141170
0.13141170
0.11472269
0.11472269
0.14058174
0.14058174
0.14058174
0.13502757
0.13502757
0.13502757
0.13502757
0.13568546
0.13568546
0.13568546
0.13568546
0.13568546
0.13568546
0.13568546
0.13568546
0.13756338
0.13778839
0.13778839
0.13450142
0.14024651
0.12040721
0.12040721
0.12040721
0.12040721
0.12040721
0.12040721
0.12040721
0.12331596
0.12119535
0.12119535
0.12119535
0.12119535
0.12119535
0.12119535
0.13414624
0.13214185
0.13152417
0.13152417
0.13390075
0.13390075
0.13390075
0.13390075
0.13390075
0.13178599
0.13412086
0.13216604
0.13857720
0.12957589
0.12957589
0.12746746
0.12746746
0.13202150
0.12849916
0.12849916
0.12849916
0.12849916
0.12849916
0.12849916
0.12849916
0.12849916
0.14587618
0.14776429
0.14776429
0.14776429
0.14335549
0.12819159
0.12819159
0.11722838
0.11794632
0.13917004
0.13917004
0.14244856
0.14244856
0.14244856
0.14244856
0.14244856
0.14244856
0.14244856
0.14244856
0.11264480
0.11264480
0.13164654
0.13164654
0.13164654
0.13164654
0.13958317
0.13789571
0.13789571
0.13789571
0.13436130
0.13436130
0.10496937
0.10496937
0.10496937
0.10496937
0.10496937
0.14402911
0.14402911
0.14402911
0.14041533
0.14479308
0.15002294
0.15002294
0.09849296
0.09849296
0.09849296
0.09849296
0.09797734
0.09797734
0.09797734
0.14351361
0.14351361
0.14351361
0.14351361
0.14351361
0.14351361
0.11288942
0.10758966
0.09338536
0.09338536
0.10274863
0.10274863
0.10274863
0.10294703
0.11162648
0.11162648
0.10402091
0.10402091
0.10402091
0.10463598
0.10463598
0.10178801
0.09746467
0.11008125
0.11008125
0.11008125
0.11291762
0.11331615
0.11046373
0.09956038
0.10063135
0.09873055
0.10023683
0.10387546
0.10387546
0.10387546
0.10387546
0.10387546
0.10633754
0.10633754
0.10588382
0.11291307
0.11291307
0.11291307
0.11291307
0.11291307
0.10521026
0.10521026
0.10521026
0.10521026
0.10521026
0.10521026
0.10521026
0.10521026
0.09792058
0.12328446
0.09678649
0.09216209
0.08693022
0.08693022
0.08693022
0.09260240
0.09260240
0.09260240
0.09260240
0.09260240
0.09043898
0.09043898
0.09105271
0.09105271
0.09105271
0.11634725
0.11634725
0.11408925
0.11504250
0.11383455
0.11383455
0.10322136
0.10322136
0.09783549
0.11265036
0.11406898
0.08579018
0.09317575
0.09317575
0.08604597
0.08604597
0.10732348
0.09677355
0.09791500
0.09741795
0.09741795
0.11968028
0.11968028
0.11968028
0.09425052
0.09516388
0.09516388
0.09634616
0.09634616
0.10450983
0.10704369
0.10704369
0.10704369
0.10327911
0.11044290
0.10941735
0.09391521
0.10094563
0.10094563
0.10094563
0.10165158
0.10392611
0.10225729
0.09943141
0.09943141
0.09943141
0.09943141
0.10045991
0.10045991
0.10045991
0.09587121
0.09424901
0.09271860
0.09271860
0.09271860
0.11810690
0.11810690
0.11810690
0.10965915
0.12062239
0.12062239
0.11743959
0.11743959
0.10167892
0.11774282
0.11774282
0.11773572
0.11773572
0.11773572
0.08652870
0.08652870
0.08652870
0.10208989
0.10462379
0.09939355
0.10347492
0.10347492
0.10347492
0.10347492
0.11247467
0.10955431
0.10955431
0.10955431
0.10955431
0.10955431
0.10955431
0.10532633
0.10532633
0.10436098
0.10327242
0.10327242
0.10327242
0.10327242
0.10327242
0.10327242
0.10473432
0.10473432
0.10597731
0.10597731
0.10597731
0.11705560
0.11705560
0.11705560
0.11705560
0.11519372
0.11519372
0.11519372
0.11519372
0.11519372
0.11785054
0.10129850
0.10489600
0.10489600
0.10489600
0.11498287
0.11199204
0.12533634
0.12533634
0.11077884
0.11077884
0.11077884
0.11295110
0.11295110
0.11304427
0.11304427
0.11304427
0.11304427
0.11304427
0.11304427
0.12269848
0.12626412
0.12626412
0.08902853
0.09231334
0.09231334
0.10284693
0.10284693
0.10284693
0.09728307
0.09802651
0.11597879
0.11597879
0.11597879
0.11597879
0.10648127
0.10648127
0.10741409
0.10741409
0.10741409
0.10741409
0.10741409
0.10741409
0.10741409
0.12113064
0.08938584
0.08938584
0.11126839
0.11114238
0.10703108
0.11563514
0.11563514
0.11563514
0.12135259
0.12135259
0.12135259
0.12153154
0.12027667
0.12027667
0.11195312
0.11195312
0.10313263
0.10313263
0.10906701
0.10906701
0.10920325
0.11098172
0.11415732
0.10247378
0.10247378
0.10247378
0.10247378
0.10247378
0.10247378
0.10537936
0.10489513
0.10489513
0.10489513
0.10489513
0.10489513
0.10489513
0.10724687
0.10720162
0.10720162
0.11249293
0.11249293
0.11249293
0.11432127
0.11515468
0.12204573
0.12146458
0.12318064
0.12406725
0.12542945
0.12542945
0.12542945
0.12470688
0.12470688
0.12470688
0.12470688
0.12470688
0.12305582
0.12305582
0.12122108
0.12145813
0.12145813
0.12145813
0.10464610
0.10464610
0.10831704
0.10831704
0.12545818
0.12545818
0.11307966
0.11307966
0.11205650
0.10641000
0.10641000
0.10559392
0.11687840
0.12663858
0.09412831
0.12078224
0.12189273
0.11011603
0.11011603
0.11011603
0.11911544
0.11900845
0.11900845
0.11900845
0.11900845
0.11752885
0.11955870
0.10991448
0.10991448
0.10991448
0.10991448
0.10991448
0.10991448
0.11988729
0.11988729
0.11988729
0.11988729
0.11988729
0.11269529
0.11321150
0.11052052
0.10913880
0.10913880
0.10913880
0.10913880
0.11323976
0.11323976
0.11360962
0.10355112
0.10355112
0.10355112
0.10794189
0.10794189
0.10862089
0.10285022
0.10069328
0.10069328
0.10069328
0.10069328
0.11103311
0.11103311
0.11103311
0.11418978
0.10987628
0.10987628
0.10987628
0.10895558
0.10731776
0.10731776
0.10309470
0.10309470
0.12173080
0.12173080
0.12393879
0.12605788
0.12605788
0.12536444
0.12642338
0.12642338
0.13393852
0.13637468
0.13637468
0.11395474
0.11395474
0.11435673
0.11435673
0.11497022
0.11516746
0.12437423
0.12437423
0.12974216
0.11455691
0.11237469
0.11237469
0.11503686
0.11064230
0.11181839
0.11181839
0.11181839
0.11181839
0.11103440
0.11749348
0.11749348
0.12175321
0.12175321
0.10764135
0.10764135
0.10921394
0.11864986
0.11864986
0.11864986
0.11545569
0.11844934
0.11844934
0.11844934
0.11146523
0.11146523
0.09714205
0.09714205
0.09714205
0.09714205
0.09512333
0.12090168
0.08986764
0.09182138
0.09182138
0.09182138
0.09182138
0.09182138
0.09309850
0.09309850
0.09309850
0.09309850
0.09309850
0.12012371
0.12012371
0.12012371
0.12392072
0.10499532
0.10499532
0.10029780
0.09869644
0.10929640
0.10929640
0.11877652
0.11877652
0.11193380
0.11193380
0.11193380
0.11193380
0.10628053
0.10628053
0.12223798
0.12405833
0.12405833
0.12539449
0.12539449
0.12539449
0.12838451
0.12755464
0.13145829
0.11435364
0.11435364
0.11293599
0.10882814
0.10882814
0.10882814
0.10882814
0.12196076
0.12864472
0.12864472
0.12960729
0.12960729
0.13090747
0.13090747
0.13090747
0.13090747
0.13090747
0.13108949
0.12859156
0.11299639
0.11299639
0.11299639
0.11299639
0.11299639
0.11017604
0.11597803
0.11597803
0.11597803
0.10652524
0.10652524
0.10652524
0.10930607
0.10918609
0.10317412
0.10317412
0.10416701
0.10416701
0.10416701
0.10416701
0.10416701
0.11995158
0.11995158
0.12070183
0.13599778
0.10303717
0.09528888
0.09967835
0.09967835
0.10380829
0.10690954
0.10005250
0.10005250
0.10096396
0.10096396
0.09661777
0.09661777
0.08722569
0.09359788
0.09359788
0.08541892
0.08662406
