0.00000000
0.00000000
0.00000000
0.13469091
0.13469091
0.13469091
0.13469091
0.13469091
0.13469091
0.13469091
0.13469091
0.13469091
0.13469091
0.13469091
0.13469091
0.13469091
0.13469091
0.13469091
0.13469091
0.13469091
0.13469091
0.13469091
0.13469091
0.13592514
0.13444071
0.13444071
0.13444071
0.13444071
0.13529925
0.13529925
0.13529925
0.13529925
0.13529925
0.13529925
0.13529925
0.13529925
0.13529925
0.13529925
0.13529925
0.13529925
0.13529925
0.13529925
0.13529925
0.13529925
0.13529925
0.13529925
0.13529925
0.13529925
0.13529925
0.13529925
0.13867949
0.13867949
0.13867949
0.13867949
0.13867949
0.13867949
0.13867949
0.13867949
0.13867949
0.13867949
0.13867949
0.13867949
