0.00000000
0.00000000
0.00000000
0.14113320
0.14113320
0.14113320
0.14113320
0.14113320
0.14113320
0.14113320
0.14113320
0.14113320
0.14013668
0.14013668
0.14013668
0.14013668
0.14013668
0.14013668
0.14013668
0.14013668
0.14013668
0.14013668
0.14013668
0.14080024
0.13872925
0.13872925
0.13872925
0.13872925
0.14037751
0.14037751
0.14037751
0.14037751
0.14037751
0.14037751
0.14037751
0.14037751
0.14037751
0.14037751
0.14037751
0.14037751
0.14037751
0.14037751
0.14037751
0.14037751
0.14037751
0.14037751
0.14037751
0.14037751
0.14037751
0.14037751
0.14192823
0.14192823
0.14192823
0.14192823
0.14192823
0.14192823
0.14192823
0.14192823
0.14192823
0.14192823
0.14192823
0.14192823
