0.00000000
0.00000000
0.00000000
0.00000000
0.00000000
0.00000000
0.00000000
0.00000000
0.00000000
0.00000000
0.00000000
0.00000000
0.14776607
0.14776607
0.14776607
0.14776607
0.14776607
0.14776607
0.14776607
0.14776607
0.14776607
0.14776607
0.14776607
0.14731615
0.14972413
0.14972413
0.14972413
0.14972413
0.15157003
0.15157003
0.15157003
0.15157003
0.15157003
0.15157003
0.15157003
0.15157003
0.15157003
0.15157003
0.15157003
0.15157003
0.15157003
0.15157003
0.15157003
0.15157003
0.15157003
0.15157003
0.15157003
0.15157003
0.15157003
0.15157003
0.15454980
0.15454980
0.15454980
0.15454980
0.15454980
0.15454980
0.15454980
0.15454980
0.15454980
0.15454980
0.15454980
0.15454980
