0.00000000
0.00000000
0.00000000
0.16060761
0.16060761
0.16060761
0.16060761
0.16060761
0.16060761
0.16060761
0.16060761
0.16060761
0.15869428
0.15869428
0.15869428
0.15869428
0.15869428
0.15869428
0.15869428
0.15869428
0.15869428
0.15869428
0.15869428
0.15803960
0.15692312
0.15692312
0.15692312
0.15692312
0.15928180
0.15928180
0.15928180
0.15928180
0.15928180
0.15928180
0.15928180
0.15928180
0.15928180
0.15928180
0.15928180
0.15928180
0.15928180
0.15928180
0.15928180
0.15928180
0.15928180
0.15928180
0.15928180
0.15928180
0.15928180
0.15928180
0.16181406
0.16181406
0.16181406
0.16181406
0.16181406
0.16181406
0.16181406
0.16181406
0.16181406
0.16181406
0.16181406
0.16181406
