0.00000000 0.00000000 0.00000000 0.00000000 0.00000000 0.00000000 0.00000000 0.00000000 0.00000000 0.00000000
0.00000000 0.00000000 0.00000000 0.00000000 0.00000000 0.00000000 0.00000000 0.00000000 0.00000000 0.00000000
0.00000000 0.00000000 0.00000000 0.00000000 0.00000000 0.00000000 0.00000000 0.00000000 0.00000000 0.00000000
0.10568673 0.09759988 0.13843971 0.10924197 0.10946113 0.17878478 0.13877948 0.11032640 0.20549204 0.13126753
0.10568673 0.09759988 0.13843971 0.10924197 0.10946113 0.17878478 0.13877948 0.11032640 0.20549204 0.13126753
0.10568673 0.09759988 0.13843971 0.10924197 0.10946113 0.17878478 0.13877948 0.11032640 0.20549204 0.13126753
0.10568673 0.09759988 0.13843971 0.10924197 0.10946113 0.17878478 0.13877948 0.11032640 0.20549204 0.13126753
0.10568673 0.09759988 0.13843971 0.10924197 0.10946113 0.17878478 0.13877948 0.11032640 0.20549204 0.13126753
0.10568673 0.09759988 0.13843971 0.10924197 0.10946113 0.17878478 0.13877948 0.11032640 0.20549204 0.13126753
0.10568673 0.09759988 0.13843971 0.10924197 0.10946113 0.17878478 0.13877948 0.11032640 0.20549204 0.13126753
0.10568673 0.09759988 0.13843971 0.10924197 0.10946113 0.17878478 0.13877948 0.11032640 0.20549204 0.13126753
0.10568673 0.09759988 0.13843971 0.10924197 0.10946113 0.17878478 0.13877948 0.11032640 0.20549204 0.13126753
0.10451857 0.09751861 0.13019969 0.10571487 0.10917657 0.17905067 0.14174374 0.10506211 0.21231971 0.13323273
0.10451857 0.09751861 0.13019969 0.10571487 0.10917657 0.17905067 0.14174374 0.10506211 0.21231971 0.13323273
0.10451857 0.09751861 0.13019969 0.10571487 0.10917657 0.17905067 0.14174374 0.10506211 0.21231971 0.13323273
0.10451857 0.09751861 0.13019969 0.10571487 0.10917657 0.17905067 0.14174374 0.10506211 0.21231971 0.13323273
0.10451857 0.09751861 0.13019969 0.10571487 0.10917657 0.17905067 0.14174374 0.10506211 0.21231971 0.13323273
0.10451857 0.09751861 0.13019969 0.10571487 0.10917657 0.17905067 0.14174374 0.10506211 0.21231971 0.13323273
0.10451857 0.09751861 0.13019969 0.10571487 0.10917657 0.17905067 0.14174374 0.10506211 0.21231971 0.13323273
0.10451857 0.09751861 0.13019969 0.10571487 0.10917657 0.17905067 0.14174374 0.10506211 0.21231971 0.13323273
0.10451857 0.09751861 0.13019969 0.10571487 0.10917657 0.17905067 0.14174374 0.10506211 0.21231971 0.13323273
0.10451857 0.09751861 0.13019969 0.10571487 0.10917657 0.17905067 0.14174374 0.10506211 0.21231971 0.13323273
0.10451857 0.09751861 0.13019969 0.10571487 0.10917657 0.17905067 0.14174374 0.10506211 0.21231971 0.13323273
0.10518576 0.09844116 0.13211200 0.10277911 0.10713059 0.18458580 0.14043105 0.10206165 0.21051330 0.14330580
0.10402613 0.09906646 0.12022352 0.10982345 0.10266892 0.18073810 0.13379284 0.09995317 0.21271482 0.15949817
0.10402613 0.09906646 0.12022352 0.10982345 0.10266892 0.18073810 0.13379284 0.09995317 0.21271482 0.15949817
0.10402613 0.09906646 0.12022352 0.10982345 0.10266892 0.18073810 0.13379284 0.09995317 0.21271482 0.15949817
0.10402613 0.09906646 0.12022352 0.10982345 0.10266892 0.18073810 0.13379284 0.09995317 0.21271482 0.15949817
0.10341064 0.09735981 0.11612870 0.10887201 0.10296639 0.18726653 0.13567527 0.09795999 0.21839717 0.16015211
0.10341064 0.09735981 0.11612870 0.10887201 0.10296639 0.18726653 0.13567527 0.09795999 0.21839717 0.16015211
0.10341064 0.09735981 0.11612870 0.10887201 0.10296639 0.18726653 0.13567527 0.09795999 0.21839717 0.16015211
0.10341064 0.09735981 0.11612870 0.10887201 0.10296639 0.18726653 0.13567527 0.09795999 0.21839717 0.16015211
0.10341064 0.09735981 0.11612870 0.10887201 0.10296639 0.18726653 0.13567527 0.09795999 0.21839717 0.16015211
0.10341064 0.09735981 0.11612870 0.10887201 0.10296639 0.18726653 0.13567527 0.09795999 0.21839717 0.16015211
0.10341064 0.09735981 0.11612870 0.10887201 0.10296639 0.18726653 0.13567527 0.09795999 0.21839717 0.16015211
0.10341064 0.09735981 0.11612870 0.10887201 0.10296639 0.18726653 0.13567527 0.09795999 0.21839717 0.16015211
0.10341064 0.09735981 0.11612870 0.10887201 0.10296639 0.18726653 0.13567527 0.09795999 0.21839717 0.16015211
0.10341064 0.09735981 0.11612870 0.10887201 0.10296639 0.18726653 0.13567527 0.09795999 0.21839717 0.16015211
0.10341064 0.09735981 0.11612870 0.10887201 0.10296639 0.18726653 0.13567527 0.09795999 0.21839717 0.16015211
0.10341064 0.09735981 0.11612870 0.10887201 0.10296639 0.18726653 0.13567527 0.09795999 0.21839717 0.16015211
0.10341064 0.09735981 0.11612870 0.10887201 0.10296639 0.18726653 0.13567527 0.09795999 0.21839717 0.16015211
0.10341064 0.09735981 0.11612870 0.10887201 0.10296639 0.18726653 0.13567527 0.09795999 0.21839717 0.16015211
0.10341064 0.09735981 0.11612870 0.10887201 0.10296639 0.18726653 0.13567527 0.09795999 0.21839717 0.16015211
0.10341064 0.09735981 0.11612870 0.10887201 0.10296639 0.18726653 0.13567527 0.09795999 0.21839717 0.16015211
0.10341064 0.09735981 0.11612870 0.10887201 0.10296639 0.18726653 0.13567527 0.09795999 0.21839717 0.16015211
0.10341064 0.09735981 0.11612870 0.10887201 0.10296639 0.18726653 0.13567527 0.09795999 0.21839717 0.16015211
0.10341064 0.09735981 0.11612870 0.10887201 0.10296639 0.18726653 0.13567527 0.09795999 0.21839717 0.16015211
0.10341064 0.09735981 0.11612870 0.10887201 0.10296639 0.18726653 0.13567527 0.09795999 0.21839717 0.16015211
0.10341064 0.09735981 0.11612870 0.10887201 0.10296639 0.18726653 0.13567527 0.09795999 0.21839717 0.16015211
0.10341064 0.09735981 0.11612870 0.10887201 0.10296639 0.18726653 0.13567527 0.09795999 0.21839717 0.16015211
0.10041426 0.09733872 0.11477198 0.10884008 0.10395905 0.18803576 0.13762155 0.09982440 0.22287333 0.16942169
0.10041426 0.09733872 0.11477198 0.10884008 0.10395905 0.18803576 0.13762155 0.09982440 0.22287333 0.16942169
0.10041426 0.09733872 0.11477198 0.10884008 0.10395905 0.18803576 0.13762155 0.09982440 0.22287333 0.16942169
0.10041426 0.09733872 0.11477198 0.10884008 0.10395905 0.18803576 0.13762155 0.09982440 0.22287333 0.16942169
0.10041426 0.09733872 0.11477198 0.10884008 0.10395905 0.18803576 0.13762155 0.09982440 0.22287333 0.16942169
0.10041426 0.09733872 0.11477198 0.10884008 0.10395905 0.18803576 0.13762155 0.09982440 0.22287333 0.16942169
0.10041426 0.09733872 0.11477198 0.10884008 0.10395905 0.18803576 0.13762155 0.09982440 0.22287333 0.16942169
0.10041426 0.09733872 0.11477198 0.10884008 0.10395905 0.18803576 0.13762155 0.09982440 0.22287333 0.16942169
0.10041426 0.09733872 0.11477198 0.10884008 0.10395905 0.18803576 0.13762155 0.09982440 0.22287333 0.16942169
0.10041426 0.09733872 0.11477198 0.10884008 0.10395905 0.18803576 0.13762155 0.09982440 0.22287333 0.16942169
0.10041426 0.09733872 0.11477198 0.10884008 0.10395905 0.18803576 0.13762155 0.09982440 0.22287333 0.16942169
0.10041426 0.09733872 0.11477198 0.10884008 0.10395905 0.18803576 0.13762155 0.09982440 0.22287333 0.16942169
