0.00000000 0.00000000 0.00000000 0.00000000 0.00000000 0.00000000 0.00000000 0.00000000 0.00000000 0.00000000
0.00000000 0.00000000 0.00000000 0.00000000 0.00000000 0.00000000 0.00000000 0.00000000 0.00000000 0.00000000
0.00000000 0.00000000 0.00000000 0.00000000 0.00000000 0.00000000 0.00000000 0.00000000 0.00000000 0.00000000
0.13755645 0.20680422 0.10806662 0.11230579 0.13230051 0.19720531 0.13674643 0.21770982 0.15746896 0.15709971
0.13755645 0.20680422 0.10806662 0.11230579 0.13230051 0.19720531 0.13674643 0.21770982 0.15746896 0.15709971
0.13755645 0.20680422 0.10806662 0.11230579 0.13230051 0.19720531 0.13674643 0.21770982 0.15746896 0.15709971
0.13755645 0.20680422 0.10806662 0.11230579 0.13230051 0.19720531 0.13674643 0.21770982 0.15746896 0.15709971
0.13755645 0.20680422 0.10806662 0.11230579 0.13230051 0.19720531 0.13674643 0.21770982 0.15746896 0.15709971
0.13755645 0.20680422 0.10806662 0.11230579 0.13230051 0.19720531 0.13674643 0.21770982 0.15746896 0.15709971
0.13755645 0.20680422 0.10806662 0.11230579 0.13230051 0.19720531 0.13674643 0.21770982 0.15746896 0.15709971
0.13755645 0.20680422 0.10806662 0.11230579 0.13230051 0.19720531 0.13674643 0.21770982 0.15746896 0.15709971
0.13755645 0.20680422 0.10806662 0.11230579 0.13230051 0.19720531 0.13674643 0.21770982 0.15746896 0.15709971
0.13796552 0.20876334 0.10489410 0.10753776 0.12650608 0.19520073 0.13804218 0.20941682 0.16002149 0.15501593
0.13796552 0.20876334 0.10489410 0.10753776 0.12650608 0.19520073 0.13804218 0.20941682 0.16002149 0.15501593
0.13796552 0.20876334 0.10489410 0.10753776 0.12650608 0.19520073 0.13804218 0.20941682 0.16002149 0.15501593
0.13796552 0.20876334 0.10489410 0.10753776 0.12650608 0.19520073 0.13804218 0.20941682 0.16002149 0.15501593
0.13796552 0.20876334 0.10489410 0.10753776 0.12650608 0.19520073 0.13804218 0.20941682 0.16002149 0.15501593
0.13796552 0.20876334 0.10489410 0.10753776 0.12650608 0.19520073 0.13804218 0.20941682 0.16002149 0.15501593
0.13796552 0.20876334 0.10489410 0.10753776 0.12650608 0.19520073 0.13804218 0.20941682 0.16002149 0.15501593
0.13796552 0.20876334 0.10489410 0.10753776 0.12650608 0.19520073 0.13804218 0.20941682 0.16002149 0.15501593
0.13796552 0.20876334 0.10489410 0.10753776 0.12650608 0.19520073 0.13804218 0.20941682 0.16002149 0.15501593
0.13796552 0.20876334 0.10489410 0.10753776 0.12650608 0.19520073 0.13804218 0.20941682 0.16002149 0.15501593
0.13796552 0.20876334 0.10489410 0.10753776 0.12650608 0.19520073 0.13804218 0.20941682 0.16002149 0.15501593
0.13856111 0.20251848 0.10429699 0.10431665 0.12764882 0.19574154 0.14259623 0.20689559 0.16004831 0.15629618
0.14249500 0.19506181 0.10086472 0.11085838 0.12249479 0.19220427 0.13750947 0.19863651 0.16534139 0.16667606
0.14249500 0.19506181 0.10086472 0.11085838 0.12249479 0.19220427 0.13750947 0.19863651 0.16534139 0.16667606
0.14249500 0.19506181 0.10086472 0.11085838 0.12249479 0.19220427 0.13750947 0.19863651 0.16534139 0.16667606
0.14249500 0.19506181 0.10086472 0.11085838 0.12249479 0.19220427 0.13750947 0.19863651 0.16534139 0.16667606
0.14662072 0.21168744 0.10144032 0.10988370 0.12334870 0.19840228 0.13999902 0.19169496 0.16488735 0.16407392
0.14662072 0.21168744 0.10144032 0.10988370 0.12334870 0.19840228 0.13999902 0.19169496 0.16488735 0.16407392
0.14662072 0.21168744 0.10144032 0.10988370 0.12334870 0.19840228 0.13999902 0.19169496 0.16488735 0.16407392
0.14662072 0.21168744 0.10144032 0.10988370 0.12334870 0.19840228 0.13999902 0.19169496 0.16488735 0.16407392
0.14662072 0.21168744 0.10144032 0.10988370 0.12334870 0.19840228 0.13999902 0.19169496 0.16488735 0.16407392
0.14662072 0.21168744 0.10144032 0.10988370 0.12334870 0.19840228 0.13999902 0.19169496 0.16488735 0.16407392
0.14662072 0.21168744 0.10144032 0.10988370 0.12334870 0.19840228 0.13999902 0.19169496 0.16488735 0.16407392
0.14662072 0.21168744 0.10144032 0.10988370 0.12334870 0.19840228 0.13999902 0.19169496 0.16488735 0.16407392
0.14662072 0.21168744 0.10144032 0.10988370 0.12334870 0.19840228 0.13999902 0.19169496 0.16488735 0.16407392
0.14662072 0.21168744 0.10144032 0.10988370 0.12334870 0.19840228 0.13999902 0.19169496 0.16488735 0.16407392
0.14662072 0.21168744 0.10144032 0.10988370 0.12334870 0.19840228 0.13999902 0.19169496 0.16488735 0.16407392
0.14662072 0.21168744 0.10144032 0.10988370 0.12334870 0.19840228 0.13999902 0.19169496 0.16488735 0.16407392
0.14662072 0.21168744 0.10144032 0.10988370 0.12334870 0.19840228 0.13999902 0.19169496 0.16488735 0.16407392
0.14662072 0.21168744 0.10144032 0.10988370 0.12334870 0.19840228 0.13999902 0.19169496 0.16488735 0.16407392
0.14662072 0.21168744 0.10144032 0.10988370 0.12334870 0.19840228 0.13999902 0.19169496 0.16488735 0.16407392
0.14662072 0.21168744 0.10144032 0.10988370 0.12334870 0.19840228 0.13999902 0.19169496 0.16488735 0.16407392
0.14662072 0.21168744 0.10144032 0.10988370 0.12334870 0.19840228 0.13999902 0.19169496 0.16488735 0.16407392
0.14662072 0.21168744 0.10144032 0.10988370 0.12334870 0.19840228 0.13999902 0.19169496 0.16488735 0.16407392
0.14662072 0.21168744 0.10144032 0.10988370 0.12334870 0.19840228 0.13999902 0.19169496 0.16488735 0.16407392
0.14662072 0.21168744 0.10144032 0.10988370 0.12334870 0.19840228 0.13999902 0.19169496 0.16488735 0.16407392
0.14662072 0.21168744 0.10144032 0.10988370 0.12334870 0.19840228 0.13999902 0.19169496 0.16488735 0.16407392
0.14662072 0.21168744 0.10144032 0.10988370 0.12334870 0.19840228 0.13999902 0.19169496 0.16488735 0.16407392
0.15373880 0.21267069 0.10233581 0.11167746 0.12198673 0.19621951 0.13846004 0.19885907 0.16810267 0.17225422
0.15373880 0.21267069 0.10233581 0.11167746 0.12198673 0.19621951 0.13846004 0.19885907 0.16810267 0.17225422
0.15373880 0.21267069 0.10233581 0.11167746 0.12198673 0.19621951 0.13846004 0.19885907 0.16810267 0.17225422
0.15373880 0.21267069 0.10233581 0.11167746 0.12198673 0.19621951 0.13846004 0.19885907 0.16810267 0.17225422
0.15373880 0.21267069 0.10233581 0.11167746 0.12198673 0.19621951 0.13846004 0.19885907 0.16810267 0.17225422
0.15373880 0.21267069 0.10233581 0.11167746 0.12198673 0.19621951 0.13846004 0.19885907 0.16810267 0.17225422
0.15373880 0.21267069 0.10233581 0.11167746 0.12198673 0.19621951 0.13846004 0.19885907 0.16810267 0.17225422
0.15373880 0.21267069 0.10233581 0.11167746 0.12198673 0.19621951 0.13846004 0.19885907 0.16810267 0.17225422
0.15373880 0.21267069 0.10233581 0.11167746 0.12198673 0.19621951 0.13846004 0.19885907 0.16810267 0.17225422
0.15373880 0.21267069 0.10233581 0.11167746 0.12198673 0.19621951 0.13846004 0.19885907 0.16810267 0.17225422
0.15373880 0.21267069 0.10233581 0.11167746 0.12198673 0.19621951 0.13846004 0.19885907 0.16810267 0.17225422
0.15373880 0.21267069 0.10233581 0.11167746 0.12198673 0.19621951 0.13846004 0.19885907 0.16810267 0.17225422
