0.00000000 0.00000000 0.00000000 0.00000000 0.00000000 0.00000000 0.00000000 0.00000000 0.00000000 0.00000000
0.00000000 0.00000000 0.00000000 0.00000000 0.00000000 0.00000000 0.00000000 0.00000000 0.00000000 0.00000000
0.00000000 0.00000000 0.00000000 0.00000000 0.00000000 0.00000000 0.00000000 0.00000000 0.00000000 0.00000000
0.15270616 0.22257798 0.15189510 0.16245795 0.20951409 0.22411362 0.13561569 0.25538811 0.10074152 0.15320048
0.15270616 0.22257798 0.15189510 0.16245795 0.20951409 0.22411362 0.13561569 0.25538811 0.10074152 0.15320048
0.15270616 0.22257798 0.15189510 0.16245795 0.20951409 0.22411362 0.13561569 0.25538811 0.10074152 0.15320048
0.15270616 0.22257798 0.15189510 0.16245795 0.20951409 0.22411362 0.13561569 0.25538811 0.10074152 0.15320048
0.15270616 0.22257798 0.15189510 0.16245795 0.20951409 0.22411362 0.13561569 0.25538811 0.10074152 0.15320048
0.15270616 0.22257798 0.15189510 0.16245795 0.20951409 0.22411362 0.13561569 0.25538811 0.10074152 0.15320048
0.15270616 0.22257798 0.15189510 0.16245795 0.20951409 0.22411362 0.13561569 0.25538811 0.10074152 0.15320048
0.15270616 0.22257798 0.15189510 0.16245795 0.20951409 0.22411362 0.13561569 0.25538811 0.10074152 0.15320048
0.15270616 0.22257798 0.15189510 0.16245795 0.20951409 0.22411362 0.13561569 0.25538811 0.10074152 0.15320048
0.15270616 0.22257798 0.15189510 0.16245795 0.20951409 0.22411362 0.13561569 0.25538811 0.10074152 0.15320048
0.15270616 0.22257798 0.15189510 0.16245795 0.20951409 0.22411362 0.13561569 0.25538811 0.10074152 0.15320048
0.15270616 0.22257798 0.15189510 0.16245795 0.20951409 0.22411362 0.13561569 0.25538811 0.10074152 0.15320048
0.15270616 0.22257798 0.15189510 0.16245795 0.20951409 0.22411362 0.13561569 0.25538811 0.10074152 0.15320048
0.15270616 0.22257798 0.15189510 0.16245795 0.20951409 0.22411362 0.13561569 0.25538811 0.10074152 0.15320048
0.15270616 0.22257798 0.15189510 0.16245795 0.20951409 0.22411362 0.13561569 0.25538811 0.10074152 0.15320048
0.15270616 0.22257798 0.15189510 0.16245795 0.20951409 0.22411362 0.13561569 0.25538811 0.10074152 0.15320048
0.15270616 0.22257798 0.15189510 0.16245795 0.20951409 0.22411362 0.13561569 0.25538811 0.10074152 0.15320048
0.15270616 0.22257798 0.15189510 0.16245795 0.20951409 0.22411362 0.13561569 0.25538811 0.10074152 0.15320048
0.15270616 0.22257798 0.15189510 0.16245795 0.20951409 0.22411362 0.13561569 0.25538811 0.10074152 0.15320048
0.15270616 0.22257798 0.15189510 0.16245795 0.20951409 0.22411362 0.13561569 0.25538811 0.10074152 0.15320048
0.15338866 0.22118960 0.15351450 0.15341075 0.20914419 0.23015274 0.13657349 0.25337371 0.10150775 0.16058792
0.15651986 0.21566166 0.13901285 0.16529099 0.20220985 0.22308980 0.13255714 0.24490431 0.10086745 0.16920872
0.15651986 0.21566166 0.13901285 0.16529099 0.20220985 0.22308980 0.13255714 0.24490431 0.10086745 0.16920872
0.15651986 0.21566166 0.13901285 0.16529099 0.20220985 0.22308980 0.13255714 0.24490431 0.10086745 0.16920872
0.15651986 0.21566166 0.13901285 0.16529099 0.20220985 0.22308980 0.13255714 0.24490431 0.10086745 0.16920872
0.15699566 0.22818925 0.13810591 0.16527462 0.20296972 0.23221061 0.13534766 0.23390131 0.10069338 0.16790605
0.15699566 0.22818925 0.13810591 0.16527462 0.20296972 0.23221061 0.13534766 0.23390131 0.10069338 0.16790605
0.15699566 0.22818925 0.13810591 0.16527462 0.20296972 0.23221061 0.13534766 0.23390131 0.10069338 0.16790605
0.15699566 0.22818925 0.13810591 0.16527462 0.20296972 0.23221061 0.13534766 0.23390131 0.10069338 0.16790605
0.15699566 0.22818925 0.13810591 0.16527462 0.20296972 0.23221061 0.13534766 0.23390131 0.10069338 0.16790605
0.15699566 0.22818925 0.13810591 0.16527462 0.20296972 0.23221061 0.13534766 0.23390131 0.10069338 0.16790605
0.15699566 0.22818925 0.13810591 0.16527462 0.20296972 0.23221061 0.13534766 0.23390131 0.10069338 0.16790605
0.15699566 0.22818925 0.13810591 0.16527462 0.20296972 0.23221061 0.13534766 0.23390131 0.10069338 0.16790605
0.15699566 0.22818925 0.13810591 0.16527462 0.20296972 0.23221061 0.13534766 0.23390131 0.10069338 0.16790605
0.15699566 0.22818925 0.13810591 0.16527462 0.20296972 0.23221061 0.13534766 0.23390131 0.10069338 0.16790605
0.15699566 0.22818925 0.13810591 0.16527462 0.20296972 0.23221061 0.13534766 0.23390131 0.10069338 0.16790605
0.15699566 0.22818925 0.13810591 0.16527462 0.20296972 0.23221061 0.13534766 0.23390131 0.10069338 0.16790605
0.15699566 0.22818925 0.13810591 0.16527462 0.20296972 0.23221061 0.13534766 0.23390131 0.10069338 0.16790605
0.15699566 0.22818925 0.13810591 0.16527462 0.20296972 0.23221061 0.13534766 0.23390131 0.10069338 0.16790605
0.15699566 0.22818925 0.13810591 0.16527462 0.20296972 0.23221061 0.13534766 0.23390131 0.10069338 0.16790605
0.15699566 0.22818925 0.13810591 0.16527462 0.20296972 0.23221061 0.13534766 0.23390131 0.10069338 0.16790605
0.15699566 0.22818925 0.13810591 0.16527462 0.20296972 0.23221061 0.13534766 0.23390131 0.10069338 0.16790605
0.15699566 0.22818925 0.13810591 0.16527462 0.20296972 0.23221061 0.13534766 0.23390131 0.10069338 0.16790605
0.15699566 0.22818925 0.13810591 0.16527462 0.20296972 0.23221061 0.13534766 0.23390131 0.10069338 0.16790605
0.15699566 0.22818925 0.13810591 0.16527462 0.20296972 0.23221061 0.13534766 0.23390131 0.10069338 0.16790605
0.15699566 0.22818925 0.13810591 0.16527462 0.20296972 0.23221061 0.13534766 0.23390131 0.10069338 0.16790605
0.15699566 0.22818925 0.13810591 0.16527462 0.20296972 0.23221061 0.13534766 0.23390131 0.10069338 0.16790605
0.16177203 0.22574646 0.13732236 0.16547554 0.20703633 0.23402632 0.13693757 0.24242403 0.09927462 0.17779158
0.16177203 0.22574646 0.13732236 0.16547554 0.20703633 0.23402632 0.13693757 0.24242403 0.09927462 0.17779158
0.16177203 0.22574646 0.13732236 0.16547554 0.20703633 0.23402632 0.13693757 0.24242403 0.09927462 0.17779158
0.16177203 0.22574646 0.13732236 0.16547554 0.20703633 0.23402632 0.13693757 0.24242403 0.09927462 0.17779158
0.16177203 0.22574646 0.13732236 0.16547554 0.20703633 0.23402632 0.13693757 0.24242403 0.09927462 0.17779158
0.16177203 0.22574646 0.13732236 0.16547554 0.20703633 0.23402632 0.13693757 0.24242403 0.09927462 0.17779158
0.16177203 0.22574646 0.13732236 0.16547554 0.20703633 0.23402632 0.13693757 0.24242403 0.09927462 0.17779158
0.16177203 0.22574646 0.13732236 0.16547554 0.20703633 0.23402632 0.13693757 0.24242403 0.09927462 0.17779158
0.16177203 0.22574646 0.13732236 0.16547554 0.20703633 0.23402632 0.13693757 0.24242403 0.09927462 0.17779158
0.16177203 0.22574646 0.13732236 0.16547554 0.20703633 0.23402632 0.13693757 0.24242403 0.09927462 0.17779158
0.16177203 0.22574646 0.13732236 0.16547554 0.20703633 0.23402632 0.13693757 0.24242403 0.09927462 0.17779158
0.16177203 0.22574646 0.13732236 0.16547554 0.20703633 0.23402632 0.13693757 0.24242403 0.09927462 0.17779158
