0.00000000 0.00000000 0.00000000 0.00000000 0.00000000 0.00000000 0.00000000 0.00000000 0.00000000 0.00000000
0.00000000 0.00000000 0.00000000 0.00000000 0.00000000 0.00000000 0.00000000 0.00000000 0.00000000 0.00000000
0.00000000 0.00000000 0.00000000 0.00000000 0.00000000 0.00000000 0.00000000 0.00000000 0.00000000 0.00000000
0.12248195 0.09995708 0.14426297 0.11067168 0.13094907 0.11570836 0.24741770 0.13648514 0.11322036 0.13391739
0.12248195 0.09995708 0.14426297 0.11067168 0.13094907 0.11570836 0.24741770 0.13648514 0.11322036 0.13391739
0.12248195 0.09995708 0.14426297 0.11067168 0.13094907 0.11570836 0.24741770 0.13648514 0.11322036 0.13391739
0.12248195 0.09995708 0.14426297 0.11067168 0.13094907 0.11570836 0.24741770 0.13648514 0.11322036 0.13391739
0.12248195 0.09995708 0.14426297 0.11067168 0.13094907 0.11570836 0.24741770 0.13648514 0.11322036 0.13391739
0.12248195 0.09995708 0.14426297 0.11067168 0.13094907 0.11570836 0.24741770 0.13648514 0.11322036 0.13391739
0.12248195 0.09995708 0.14426297 0.11067168 0.13094907 0.11570836 0.24741770 0.13648514 0.11322036 0.13391739
0.12248195 0.09995708 0.14426297 0.11067168 0.13094907 0.11570836 0.24741770 0.13648514 0.11322036 0.13391739
0.12248195 0.09995708 0.14426297 0.11067168 0.13094907 0.11570836 0.24741770 0.13648514 0.11322036 0.13391739
0.12320561 0.10062616 0.13610034 0.10718685 0.12651479 0.11687501 0.25019707 0.13163975 0.11724823 0.13313455
0.12320561 0.10062616 0.13610034 0.10718685 0.12651479 0.11687501 0.25019707 0.13163975 0.11724823 0.13313455
0.12320561 0.10062616 0.13610034 0.10718685 0.12651479 0.11687501 0.25019707 0.13163975 0.11724823 0.13313455
0.12320561 0.10062616 0.13610034 0.10718685 0.12651479 0.11687501 0.25019707 0.13163975 0.11724823 0.13313455
0.12320561 0.10062616 0.13610034 0.10718685 0.12651479 0.11687501 0.25019707 0.13163975 0.11724823 0.13313455
0.12320561 0.10062616 0.13610034 0.10718685 0.12651479 0.11687501 0.25019707 0.13163975 0.11724823 0.13313455
0.12320561 0.10062616 0.13610034 0.10718685 0.12651479 0.11687501 0.25019707 0.13163975 0.11724823 0.13313455
0.12320561 0.10062616 0.13610034 0.10718685 0.12651479 0.11687501 0.25019707 0.13163975 0.11724823 0.13313455
0.12320561 0.10062616 0.13610034 0.10718685 0.12651479 0.11687501 0.25019707 0.13163975 0.11724823 0.13313455
0.12320561 0.10062616 0.13610034 0.10718685 0.12651479 0.11687501 0.25019707 0.13163975 0.11724823 0.13313455
0.12320561 0.10062616 0.13610034 0.10718685 0.12651479 0.11687501 0.25019707 0.13163975 0.11724823 0.13313455
0.12283757 0.10218065 0.13276049 0.10270805 0.12842678 0.11721199 0.25526429 0.13045189 0.11588384 0.13676299
0.12730039 0.10240828 0.12518462 0.10897702 0.12185190 0.11375313 0.24689650 0.12331429 0.11816885 0.14248577
0.12730039 0.10240828 0.12518462 0.10897702 0.12185190 0.11375313 0.24689650 0.12331429 0.11816885 0.14248577
0.12730039 0.10240828 0.12518462 0.10897702 0.12185190 0.11375313 0.24689650 0.12331429 0.11816885 0.14248577
0.12730039 0.10240828 0.12518462 0.10897702 0.12185190 0.11375313 0.24689650 0.12331429 0.11816885 0.14248577
0.12977734 0.09906615 0.12729630 0.10755906 0.12229036 0.11996482 0.25631998 0.11721357 0.12052182 0.13898902
0.12977734 0.09906615 0.12729630 0.10755906 0.12229036 0.11996482 0.25631998 0.11721357 0.12052182 0.13898902
0.12977734 0.09906615 0.12729630 0.10755906 0.12229036 0.11996482 0.25631998 0.11721357 0.12052182 0.13898902
0.12977734 0.09906615 0.12729630 0.10755906 0.12229036 0.11996482 0.25631998 0.11721357 0.12052182 0.13898902
0.12977734 0.09906615 0.12729630 0.10755906 0.12229036 0.11996482 0.25631998 0.11721357 0.12052182 0.13898902
0.12977734 0.09906615 0.12729630 0.10755906 0.12229036 0.11996482 0.25631998 0.11721357 0.12052182 0.13898902
0.12977734 0.09906615 0.12729630 0.10755906 0.12229036 0.11996482 0.25631998 0.11721357 0.12052182 0.13898902
0.12977734 0.09906615 0.12729630 0.10755906 0.12229036 0.11996482 0.25631998 0.11721357 0.12052182 0.13898902
0.12977734 0.09906615 0.12729630 0.10755906 0.12229036 0.11996482 0.25631998 0.11721357 0.12052182 0.13898902
0.12977734 0.09906615 0.12729630 0.10755906 0.12229036 0.11996482 0.25631998 0.11721357 0.12052182 0.13898902
0.12977734 0.09906615 0.12729630 0.10755906 0.12229036 0.11996482 0.25631998 0.11721357 0.12052182 0.13898902
0.12977734 0.09906615 0.12729630 0.10755906 0.12229036 0.11996482 0.25631998 0.11721357 0.12052182 0.13898902
0.12977734 0.09906615 0.12729630 0.10755906 0.12229036 0.11996482 0.25631998 0.11721357 0.12052182 0.13898902
0.12977734 0.09906615 0.12729630 0.10755906 0.12229036 0.11996482 0.25631998 0.11721357 0.12052182 0.13898902
0.12977734 0.09906615 0.12729630 0.10755906 0.12229036 0.11996482 0.25631998 0.11721357 0.12052182 0.13898902
0.12977734 0.09906615 0.12729630 0.10755906 0.12229036 0.11996482 0.25631998 0.11721357 0.12052182 0.13898902
0.12977734 0.09906615 0.12729630 0.10755906 0.12229036 0.11996482 0.25631998 0.11721357 0.12052182 0.13898902
0.12977734 0.09906615 0.12729630 0.10755906 0.12229036 0.11996482 0.25631998 0.11721357 0.12052182 0.13898902
0.12977734 0.09906615 0.12729630 0.10755906 0.12229036 0.11996482 0.25631998 0.11721357 0.12052182 0.13898902
0.12977734 0.09906615 0.12729630 0.10755906 0.12229036 0.11996482 0.25631998 0.11721357 0.12052182 0.13898902
0.12977734 0.09906615 0.12729630 0.10755906 0.12229036 0.11996482 0.25631998 0.11721357 0.12052182 0.13898902
0.12977734 0.09906615 0.12729630 0.10755906 0.12229036 0.11996482 0.25631998 0.11721357 0.12052182 0.13898902
0.13478788 0.09853724 0.12892890 0.10691094 0.12530762 0.12249683 0.25181896 0.12186467 0.11962537 0.14907968
0.13478788 0.09853724 0.12892890 0.10691094 0.12530762 0.12249683 0.25181896 0.12186467 0.11962537 0.14907968
0.13478788 0.09853724 0.12892890 0.10691094 0.12530762 0.12249683 0.25181896 0.12186467 0.11962537 0.14907968
0.13478788 0.09853724 0.12892890 0.10691094 0.12530762 0.12249683 0.25181896 0.12186467 0.11962537 0.14907968
0.13478788 0.09853724 0.12892890 0.10691094 0.12530762 0.12249683 0.25181896 0.12186467 0.11962537 0.14907968
0.13478788 0.09853724 0.12892890 0.10691094 0.12530762 0.12249683 0.25181896 0.12186467 0.11962537 0.14907968
0.13478788 0.09853724 0.12892890 0.10691094 0.12530762 0.12249683 0.25181896 0.12186467 0.11962537 0.14907968
0.13478788 0.09853724 0.12892890 0.10691094 0.12530762 0.12249683 0.25181896 0.12186467 0.11962537 0.14907968
0.13478788 0.09853724 0.12892890 0.10691094 0.12530762 0.12249683 0.25181896 0.12186467 0.11962537 0.14907968
0.13478788 0.09853724 0.12892890 0.10691094 0.12530762 0.12249683 0.25181896 0.12186467 0.11962537 0.14907968
0.13478788 0.09853724 0.12892890 0.10691094 0.12530762 0.12249683 0.25181896 0.12186467 0.11962537 0.14907968
0.13478788 0.09853724 0.12892890 0.10691094 0.12530762 0.12249683 0.25181896 0.12186467 0.11962537 0.14907968
