0.00000000 0.00000000 0.00000000 0.00000000 0.00000000 0.00000000 0.00000000 0.00000000 0.00000000 0.00000000
0.00000000 0.00000000 0.00000000 0.00000000 0.00000000 0.00000000 0.00000000 0.00000000 0.00000000 0.00000000
0.00000000 0.00000000 0.00000000 0.00000000 0.00000000 0.00000000 0.00000000 0.00000000 0.00000000 0.00000000
0.00000000 0.00000000 0.00000000 0.00000000 0.00000000 0.00000000 0.00000000 0.00000000 0.00000000 0.00000000
0.00000000 0.00000000 0.00000000 0.00000000 0.00000000 0.00000000 0.00000000 0.00000000 0.00000000 0.00000000
0.00000000 0.00000000 0.00000000 0.00000000 0.00000000 0.00000000 0.00000000 0.00000000 0.00000000 0.00000000
0.00000000 0.00000000 0.00000000 0.00000000 0.00000000 0.00000000 0.00000000 0.00000000 0.00000000 0.00000000
0.00000000 0.00000000 0.00000000 0.00000000 0.00000000 0.00000000 0.00000000 0.00000000 0.00000000 0.00000000
0.00000000 0.00000000 0.00000000 0.00000000 0.00000000 0.00000000 0.00000000 0.00000000 0.00000000 0.00000000
0.00000000 0.00000000 0.00000000 0.00000000 0.00000000 0.00000000 0.00000000 0.00000000 0.00000000 0.00000000
0.00000000 0.00000000 0.00000000 0.00000000 0.00000000 0.00000000 0.00000000 0.00000000 0.00000000 0.00000000
0.00000000 0.00000000 0.00000000 0.00000000 0.00000000 0.00000000 0.00000000 0.00000000 0.00000000 0.00000000
0.15290310 0.14185851 0.15003040 0.19915440 0.12459517 0.13316997 0.11792248 0.10233436 0.13757291 0.19002838
0.15290310 0.14185851 0.15003040 0.19915440 0.12459517 0.13316997 0.11792248 0.10233436 0.13757291 0.19002838
0.15290310 0.14185851 0.15003040 0.19915440 0.12459517 0.13316997 0.11792248 0.10233436 0.13757291 0.19002838
0.15290310 0.14185851 0.15003040 0.19915440 0.12459517 0.13316997 0.11792248 0.10233436 0.13757291 0.19002838
0.15290310 0.14185851 0.15003040 0.19915440 0.12459517 0.13316997 0.11792248 0.10233436 0.13757291 0.19002838
0.15290310 0.14185851 0.15003040 0.19915440 0.12459517 0.13316997 0.11792248 0.10233436 0.13757291 0.19002838
0.15290310 0.14185851 0.15003040 0.19915440 0.12459517 0.13316997 0.11792248 0.10233436 0.13757291 0.19002838
0.15290310 0.14185851 0.15003040 0.19915440 0.12459517 0.13316997 0.11792248 0.10233436 0.13757291 0.19002838
0.15290310 0.14185851 0.15003040 0.19915440 0.12459517 0.13316997 0.11792248 0.10233436 0.13757291 0.19002838
0.15290310 0.14185851 0.15003040 0.19915440 0.12459517 0.13316997 0.11792248 0.10233436 0.13757291 0.19002838
0.15290310 0.14185851 0.15003040 0.19915440 0.12459517 0.13316997 0.11792248 0.10233436 0.13757291 0.19002838
0.15150102 0.13379740 0.15044759 0.18838270 0.12787059 0.13480596 0.11658072 0.10440059 0.13750806 0.20030258
0.15551420 0.13137284 0.13891998 0.20560598 0.12024336 0.13278999 0.11466980 0.10729472 0.14010240 0.21160207
0.15551420 0.13137284 0.13891998 0.20560598 0.12024336 0.13278999 0.11466980 0.10729472 0.14010240 0.21160207
0.15551420 0.13137284 0.13891998 0.20560598 0.12024336 0.13278999 0.11466980 0.10729472 0.14010240 0.21160207
0.15551420 0.13137284 0.13891998 0.20560598 0.12024336 0.13278999 0.11466980 0.10729472 0.14010240 0.21160207
0.16017722 0.14513013 0.14000359 0.20283347 0.12005804 0.13753456 0.11697944 0.11126064 0.14273791 0.20616959
0.16017722 0.14513013 0.14000359 0.20283347 0.12005804 0.13753456 0.11697944 0.11126064 0.14273791 0.20616959
0.16017722 0.14513013 0.14000359 0.20283347 0.12005804 0.13753456 0.11697944 0.11126064 0.14273791 0.20616959
0.16017722 0.14513013 0.14000359 0.20283347 0.12005804 0.13753456 0.11697944 0.11126064 0.14273791 0.20616959
0.16017722 0.14513013 0.14000359 0.20283347 0.12005804 0.13753456 0.11697944 0.11126064 0.14273791 0.20616959
0.16017722 0.14513013 0.14000359 0.20283347 0.12005804 0.13753456 0.11697944 0.11126064 0.14273791 0.20616959
0.16017722 0.14513013 0.14000359 0.20283347 0.12005804 0.13753456 0.11697944 0.11126064 0.14273791 0.20616959
0.16017722 0.14513013 0.14000359 0.20283347 0.12005804 0.13753456 0.11697944 0.11126064 0.14273791 0.20616959
0.16017722 0.14513013 0.14000359 0.20283347 0.12005804 0.13753456 0.11697944 0.11126064 0.14273791 0.20616959
0.16017722 0.14513013 0.14000359 0.20283347 0.12005804 0.13753456 0.11697944 0.11126064 0.14273791 0.20616959
0.16017722 0.14513013 0.14000359 0.20283347 0.12005804 0.13753456 0.11697944 0.11126064 0.14273791 0.20616959
0.16017722 0.14513013 0.14000359 0.20283347 0.12005804 0.13753456 0.11697944 0.11126064 0.14273791 0.20616959
0.16017722 0.14513013 0.14000359 0.20283347 0.12005804 0.13753456 0.11697944 0.11126064 0.14273791 0.20616959
0.16017722 0.14513013 0.14000359 0.20283347 0.12005804 0.13753456 0.11697944 0.11126064 0.14273791 0.20616959
0.16017722 0.14513013 0.14000359 0.20283347 0.12005804 0.13753456 0.11697944 0.11126064 0.14273791 0.20616959
0.16017722 0.14513013 0.14000359 0.20283347 0.12005804 0.13753456 0.11697944 0.11126064 0.14273791 0.20616959
0.16017722 0.14513013 0.14000359 0.20283347 0.12005804 0.13753456 0.11697944 0.11126064 0.14273791 0.20616959
0.16017722 0.14513013 0.14000359 0.20283347 0.12005804 0.13753456 0.11697944 0.11126064 0.14273791 0.20616959
0.16017722 0.14513013 0.14000359 0.20283347 0.12005804 0.13753456 0.11697944 0.11126064 0.14273791 0.20616959
0.16017722 0.14513013 0.14000359 0.20283347 0.12005804 0.13753456 0.11697944 0.11126064 0.14273791 0.20616959
0.16017722 0.14513013 0.14000359 0.20283347 0.12005804 0.13753456 0.11697944 0.11126064 0.14273791 0.20616959
0.16017722 0.14513013 0.14000359 0.20283347 0.12005804 0.13753456 0.11697944 0.11126064 0.14273791 0.20616959
0.16865670 0.14696469 0.14090282 0.20918847 0.11789698 0.13745314 0.12048406 0.10649944 0.14696378 0.21201260
0.16865670 0.14696469 0.14090282 0.20918847 0.11789698 0.13745314 0.12048406 0.10649944 0.14696378 0.21201260
0.16865670 0.14696469 0.14090282 0.20918847 0.11789698 0.13745314 0.12048406 0.10649944 0.14696378 0.21201260
0.16865670 0.14696469 0.14090282 0.20918847 0.11789698 0.13745314 0.12048406 0.10649944 0.14696378 0.21201260
0.16865670 0.14696469 0.14090282 0.20918847 0.11789698 0.13745314 0.12048406 0.10649944 0.14696378 0.21201260
0.16865670 0.14696469 0.14090282 0.20918847 0.11789698 0.13745314 0.12048406 0.10649944 0.14696378 0.21201260
0.16865670 0.14696469 0.14090282 0.20918847 0.11789698 0.13745314 0.12048406 0.10649944 0.14696378 0.21201260
0.16865670 0.14696469 0.14090282 0.20918847 0.11789698 0.13745314 0.12048406 0.10649944 0.14696378 0.21201260
0.16865670 0.14696469 0.14090282 0.20918847 0.11789698 0.13745314 0.12048406 0.10649944 0.14696378 0.21201260
0.16865670 0.14696469 0.14090282 0.20918847 0.11789698 0.13745314 0.12048406 0.10649944 0.14696378 0.21201260
0.16865670 0.14696469 0.14090282 0.20918847 0.11789698 0.13745314 0.12048406 0.10649944 0.14696378 0.21201260
0.16865670 0.14696469 0.14090282 0.20918847 0.11789698 0.13745314 0.12048406 0.10649944 0.14696378 0.21201260
