0.12980 0.00000
-0.16730 0.00000
0.14870 0.00000
-0.18470 0.00000
0.45860 0.00000
0.36310 0.00000
0.08220 0.00000
0.40150 0.00000
0.45880 0.00000
0.06990 0.00000
0.32320 0.00000
0.45830 0.00000
0.22570 0.00000
0.02830 0.00000
0.48560 0.00000
0.42670 0.00000
0.28190 0.00000
0.34310 0.00000
0.63400 0.00000
0.45610 0.00000
0.50920 0.00000
0.39260 0.00000
0.33320 0.00000
0.43430 0.00000
-2.40440 0.00000
-0.82880 0.00000
-0.34890 0.00000
-0.41950 0.00000
-0.30070 0.00000
0.07700 0.00000
-0.35430 0.00000
-0.25910 0.00000
-0.34960 0.00000
-0.62820 0.00000
-0.43740 0.00000
-0.22030 0.00000
-0.23730 0.00000
-0.13320 0.00000
-0.19280 0.00000
-0.36630 0.00000
-0.52240 0.00000
0.00810 0.00000
-0.79170 0.00000
-0.28840 0.00000
-0.26860 0.00000
0.11580 0.00000
-0.24830 0.00000
-0.16030 0.00000
-0.51070 0.00000
-0.34040 0.00000
0.06260 0.00000
-0.75330 0.00000
-0.85920 0.00000
-0.28070 0.00000
-0.40800 0.00000
-0.40610 0.00000
-0.49870 0.00000
-0.50270 0.00000
-0.17090 0.00000
-3.48430 0.00000
-0.37800 0.00000
0.07720 0.00000
-0.19130 0.00000
0.09140 0.00000
-0.20540 0.00000
0.37330 0.00000
0.28430 0.00000
0.03670 0.00000
0.31750 0.00000
0.37100 0.00000
0.02190 0.00000
0.24630 0.00000
0.37180 0.00000
0.16830 0.00000
-0.00120 0.00000
0.39730 0.00000
0.34500 0.00000
0.21200 0.00000
0.26550 0.00000
0.53140 0.00000
0.36490 0.00000
0.41980 0.00000
0.30490 0.00000
0.25820 0.00000
0.34760 0.00000
-2.23890 0.00000
-0.09870 0.00000
0.18500 0.00000
0.13810 0.00000
0.21910 0.00000
0.45580 0.00000
0.18070 0.00000
0.24390 0.00000
0.17990 0.00000
0.01930 0.00000
0.13030 0.00000
0.26500 0.00000
0.25660 0.00000
0.31820 0.00000
0.28100 0.00000
0.17790 0.00000
0.08280 0.00000
0.41470 0.00000
-0.08070 0.00000
0.22480 0.00000
0.23200 0.00000
0.48360 0.00000
0.24560 0.00000
0.30680 0.00000
0.07710 0.00000
0.19060 0.00000
0.44560 0.00000
-0.05830 0.00000
-0.12340 0.00000
0.23050 0.00000
0.14750 0.00000
0.15150 0.00000
0.09150 0.00000
0.08940 0.00000
0.29470 0.00000
-1.79010 0.00000
0.16750 0.00000
0.14970 0.00000
-0.07270 0.00000
0.16830 0.00000
-0.08420 0.00000
0.40880 0.00000
0.32750 0.00000
0.11230 0.00000
0.35830 0.00000
0.40960 0.00000
0.10970 0.00000
0.30040 0.00000
0.41100 0.00000
0.23000 0.00000
0.08320 0.00000
0.42840 0.00000
0.38110 0.00000
0.26880 0.00000
0.31820 0.00000
0.54420 0.00000
0.40190 0.00000
0.45080 0.00000
0.35360 0.00000
0.30600 0.00000
0.38760 0.00000
-1.87910 0.00000
-0.33470 0.00000
-0.04760 0.00000
-0.09250 0.00000
-0.01830 0.00000
0.22320 0.00000
-0.04710 0.00000
0.01240 0.00000
-0.05090 0.00000
-0.21370 0.00000
-0.10260 0.00000
0.03440 0.00000
0.02210 0.00000
0.09090 0.00000
0.05150 0.00000
-0.05880 0.00000
-0.15040 0.00000
0.18040 0.00000
-0.31300 0.00000
-0.01220 0.00000
0.00360 0.00000
0.25080 0.00000
0.01620 0.00000
0.07400 0.00000
-0.15000 0.00000
-0.03880 0.00000
0.21410 0.00000
-0.29530 0.00000
-0.36140 0.00000
-0.00120 0.00000
-0.08380 0.00000
-0.08350 0.00000
-0.14110 0.00000
-0.14430 0.00000
0.06400 0.00000
-2.70730 0.00000
-0.29960 0.00000
0.03890 0.00000
-0.21330 0.00000
0.05690 0.00000
-0.22240 0.00000
0.30960 0.00000
0.22970 0.00000
0.00130 0.00000
0.25930 0.00000
0.30960 0.00000
-0.01530 0.00000
0.19270 0.00000
0.31200 0.00000
0.12620 0.00000
-0.03210 0.00000
0.33070 0.00000
0.28360 0.00000
0.16360 0.00000
0.21570 0.00000
0.45160 0.00000
0.30840 0.00000
0.35460 0.00000
0.25010 0.00000
0.20770 0.00000
0.29060 0.00000
-1.61440 0.00000
-0.56080 0.00000
-0.21920 0.00000
-0.26540 0.00000
-0.17410 0.00000
0.09680 0.00000
-0.21470 0.00000
-0.14810 0.00000
-0.21690 0.00000
-0.41920 0.00000
-0.27730 0.00000
-0.12290 0.00000
-0.12750 0.00000
-0.05440 0.00000
-0.10410 0.00000
-0.21920 0.00000
-0.34130 0.00000
0.04290 0.00000
-0.53420 0.00000
-0.17020 0.00000
-0.15770 0.00000
0.12250 0.00000
-0.13400 0.00000
-0.07710 0.00000
-0.33400 0.00000
-0.20880 0.00000
0.08030 0.00000
-0.49700 0.00000
-0.58580 0.00000
-0.16140 0.00000
-0.24560 0.00000
-0.26230 0.00000
-0.32410 0.00000
-0.32970 0.00000
-0.08260 0.00000
-2.36220 0.00000
-0.23790 0.00000
0.15320 0.00000
-0.02980 0.00000
0.16170 0.00000
-0.04120 0.00000
0.36000 0.00000
0.29710 0.00000
0.12780 0.00000
0.32310 0.00000
0.36310 0.00000
0.11250 0.00000
0.27290 0.00000
0.35830 0.00000
0.21680 0.00000
0.09490 0.00000
0.37700 0.00000
0.34060 0.00000
0.24630 0.00000
0.28870 0.00000
0.47340 0.00000
0.35780 0.00000
0.39310 0.00000
0.31570 0.00000
0.28120 0.00000
0.34500 0.00000
-1.38420 0.00000
0.02970 0.00000
0.22700 0.00000
0.19640 0.00000
0.25300 0.00000
0.42160 0.00000
0.22600 0.00000
0.27140 0.00000
0.23050 0.00000
0.11560 0.00000
0.19130 0.00000
0.28650 0.00000
0.27890 0.00000
0.32540 0.00000
0.29740 0.00000
0.22100 0.00000
0.15880 0.00000
0.38870 0.00000
0.05010 0.00000
0.25800 0.00000
0.26710 0.00000
0.44200 0.00000
0.27710 0.00000
0.31490 0.00000
0.15990 0.00000
0.23400 0.00000
0.41590 0.00000
0.06300 0.00000
0.01350 0.00000
0.26100 0.00000
0.20350 0.00000
0.20290 0.00000
0.16360 0.00000
0.16480 0.00000
0.30530 0.00000
-1.07400 0.00000
0.05350 0.00000
0.09270 0.00000
-0.08790 0.00000
0.10380 0.00000
-0.09140 0.00000
0.28660 0.00000
0.22690 0.00000
0.06450 0.00000
0.24790 0.00000
0.28620 0.00000
0.05330 0.00000
0.20280 0.00000
0.28530 0.00000
0.15410 0.00000
0.03830 0.00000
0.30230 0.00000
0.26570 0.00000
0.18140 0.00000
0.21700 0.00000
0.38950 0.00000
0.28200 0.00000
0.31930 0.00000
0.24540 0.00000
0.21180 0.00000
0.27250 0.00000
-1.30180 0.00000
-0.02580 0.00000
0.16120 0.00000
0.13520 0.00000
0.18610 0.00000
0.34500 0.00000
0.16080 0.00000
0.20010 0.00000
0.16320 0.00000
0.05210 0.00000
0.12980 0.00000
0.21470 0.00000
0.21290 0.00000
0.25280 0.00000
0.22710 0.00000
0.15770 0.00000
0.09510 0.00000
0.31320 0.00000
-0.00860 0.00000
0.18960 0.00000
0.19820 0.00000
0.36290 0.00000
0.20790 0.00000
0.24340 0.00000
0.09610 0.00000
0.16860 0.00000
0.33570 0.00000
0.00770 0.00000
-0.03840 0.00000
0.19380 0.00000
0.14470 0.00000
0.14020 0.00000
0.10370 0.00000
0.10070 0.00000
0.23790 0.00000
-0.99290 0.00000
0.00160 0.00000
0.06720 0.00000
-0.09590 0.00000
0.08000 0.00000
-0.11060 0.00000
0.25520 0.00000
0.19780 0.00000
0.04430 0.00000
0.21850 0.00000
0.25590 0.00000
0.03530 0.00000
0.17070 0.00000
0.25510 0.00000
0.13230 0.00000
0.02620 0.00000
0.26850 0.00000
0.23210 0.00000
0.15200 0.00000
0.18540 0.00000
0.35270 0.00000
0.24930 0.00000
0.28120 0.00000
0.20720 0.00000
0.18190 0.00000
0.23900 0.00000
-1.16110 0.00000
-0.25580 0.00000
-0.04650 0.00000
-0.08260 0.00000
-0.02460 0.00000
0.13850 0.00000
-0.05300 0.00000
-0.00670 0.00000
-0.05280 0.00000
-0.16250 0.00000
-0.09140 0.00000
0.00700 0.00000
0.00130 0.00000
0.04560 0.00000
0.01360 0.00000
-0.05360 0.00000
-0.11910 0.00000
0.11160 0.00000
-0.23350 0.00000
-0.02520 0.00000
-0.01830 0.00000
0.15590 0.00000
-0.00720 0.00000
0.03380 0.00000
-0.11900 0.00000
-0.04730 0.00000
0.13380 0.00000
-0.21430 0.00000
-0.27830 0.00000
-0.01650 0.00000
-0.07730 0.00000
-0.07280 0.00000
-0.12450 0.00000
-0.11380 0.00000
0.02590 0.00000
-1.71990 0.00000
-0.23970 0.00000
0.02490 0.00000
-0.12070 0.00000
0.04190 0.00000
-0.13780 0.00000
0.19330 0.00000
0.14240 0.00000
0.00350 0.00000
0.16410 0.00000
0.19570 0.00000
-0.00100 0.00000
0.12170 0.00000
0.19230 0.00000
0.07450 0.00000
-0.01700 0.00000
0.20470 0.00000
0.17750 0.00000
0.09920 0.00000
0.13330 0.00000
0.28470 0.00000
0.19040 0.00000
0.21940 0.00000
0.15850 0.00000
0.12780 0.00000
0.18000 0.00000
-1.28500 0.00000
-0.30810 0.00000
-0.11410 0.00000
-0.14040 0.00000
-0.08790 0.00000
0.07260 0.00000
-0.11230 0.00000
-0.07480 0.00000
-0.10930 0.00000
-0.22430 0.00000
-0.14800 0.00000
-0.05450 0.00000
-0.06010 0.00000
-0.01880 0.00000
-0.04550 0.00000
-0.11870 0.00000
-0.18000 0.00000
0.04410 0.00000
-0.29230 0.00000
-0.08340 0.00000
-0.07560 0.00000
0.09050 0.00000
-0.06680 0.00000
-0.02370 0.00000
-0.18250 0.00000
-0.10490 0.00000
0.06430 0.00000
-0.27610 0.00000
-0.32800 0.00000
-0.07970 0.00000
-0.13430 0.00000
-0.13100 0.00000
-0.17320 0.00000
-0.17650 0.00000
-0.03410 0.00000
-1.84370 0.00000
-0.11700 0.00000
