-100.0000 -100.0000
5019.2177 0.0000
3637.8687 0.0000
4558.4332 0.0000
5793.6917 0.0000
6369.7581 0.0000
5484.7572 0.0000
6411.8224 0.0000
6067.9630 0.0000
5553.7308 0.0000
7356.3117 0.0000
7930.0175 0.0000
7979.1362 0.0000
8775.8094 0.0000
9282.0133 0.0000
7759.2746 0.0000
9444.5096 0.0000
9428.7868 0.0000
9533.8992 0.0000
8395.5108 0.0000
9418.9475 0.0000
9585.6514 0.0000
10131.8847 0.0000
9826.8868 0.0000
9782.4475 0.0000
10355.0719 0.0000
9587.1256 0.0000
10855.8477 0.0000
10704.2233 0.0000
10675.6271 0.0000
12112.2310 0.0000
12620.0207 0.0000
12617.8263 0.0000
13940.1533 0.0000
13810.4447 0.0000
14559.7768 0.0000
15981.9643 0.0000
16237.4417 0.0000
16743.5760 0.0000
16605.9493 0.0000
17082.8456 0.0000
17273.9816 0.0000
16538.2716 0.0000
16999.0626 0.0000
18254.8695 0.0000
18328.4301 0.0000
18245.1912 0.0000
18431.8800 0.0000
19108.9389 0.0000
18440.4401 0.0000
20305.4861 0.0000
20110.2572 0.0000
20216.2174 0.0000
20054.2648 0.0000
20859.1066 0.0000
21133.0786 0.0000
22075.8174 0.0000
21253.7037 0.0000
21325.3407 0.0000
21180.7604 0.0000
21177.9584 0.0000
22546.2897 0.0000
22738.8140 0.0000
23686.2626 0.0000
23301.2751 0.0000
23138.1887 0.0000
23512.0614 0.0000
24343.6328 0.0000
23654.1112 0.0000
24366.5317 0.0000
23505.8227 0.0000
23845.0814 0.0000
24164.0529 0.0000
23769.0799 0.0000
24678.6915 0.0000
24361.8332 0.0000
24237.5804 0.0000
25249.0387 0.0000
25334.1596 0.0000
25511.7325 0.0000
25731.6216 0.0000
26004.5045 0.0000
26793.0361 0.0000
26448.0498 0.0000
26490.7061 0.0000
26900.4029 0.0000
26609.0062 0.0000
26772.5847 0.0000
28016.1595 0.0000
27542.1729 0.0000
28373.8251 0.0000
27634.8788 0.0000
28257.5196 0.0000
28035.6560 0.0000
28216.4746 0.0000
29649.3685 0.0000
29827.7187 0.0000
30326.9762 0.0000
29926.4690 0.0000
31147.6790 0.0000
31539.8286 0.0000
30240.4666 0.0000
30407.2890 0.0000
31632.8160 0.0000
32298.1707 0.0000
31446.4471 0.0000
32373.2794 0.0000
33507.8896 0.0000
34153.7562 0.0000
34986.7189 0.0000
34668.9163 0.0000
35363.3604 0.0000
36397.7241 0.0000
35659.2601 0.0000
36855.0172 0.0000
36894.3383 0.0000
36442.3680 0.0000
36883.6129 0.0000
37032.7067 0.0000
37762.3893 0.0000
38269.7588 0.0000
38611.6785 0.0000
38639.0897 0.0000
39107.6285 0.0000
38618.3745 0.0000
38333.2617 0.0000
39518.2407 0.0000
39536.6489 0.0000
39396.9766 0.0000
39432.6624 0.0000
39346.4282 0.0000
39085.6269 0.0000
40255.9498 0.0000
40336.7136 0.0000
39098.6551 0.0000
40377.6468 0.0000
40875.9678 0.0000
42090.2926 0.0000
43173.6930 0.0000
44263.2049 0.0000
44908.2920 0.0000
44556.6233 0.0000
44647.0231 0.0000
44409.8940 0.0000
45349.8957 0.0000
45264.1493 0.0000
45504.9579 0.0000
45354.6338 0.0000
44913.4084 0.0000
44772.2707 0.0000
45799.8524 0.0000
45924.7473 0.0000
46450.0714 0.0000
47431.7377 0.0000
47512.2742 0.0000
47063.5525 0.0000
46956.5434 0.0000
46707.9232 0.0000
48232.1597 0.0000
46959.5522 0.0000
48655.1371 0.0000
48991.2796 0.0000
49190.9367 0.0000
49764.8612 0.0000
49504.0394 0.0000
50170.6072 0.0000
50848.2366 0.0000
50969.7119 0.0000
50322.1246 0.0000
50954.3374 0.0000
51726.2748 0.0000
52589.1483 0.0000
52784.6588 0.0000
52205.4963 0.0000
52448.7372 0.0000
53110.7838 0.0000
52882.5545 0.0000
53830.2468 0.0000
54026.3440 0.0000
53066.3906 0.0000
53157.8110 0.0000
54328.3824 0.0000
53847.4434 0.0000
54036.8782 0.0000
54924.7128 0.0000
54513.1722 0.0000
55123.4426 0.0000
55416.3907 0.0000
55295.4134 0.0000
55897.3739 0.0000
56079.8420 0.0000
56233.4454 0.0000
56643.1381 0.0000
56929.8015 0.0000
55506.9031 0.0000
56819.2527 0.0000
56804.2469 0.0000
56949.6421 0.0000
57312.6931 0.0000
57290.0481 0.0000
57643.2802 0.0000
58028.9346 0.0000
57451.1055 0.0000
58223.4678 0.0000
57916.5812 0.0000
58886.4975 0.0000
58749.7522 0.0000
59516.1540 0.0000
60006.5852 0.0000
60059.0488 0.0000
60092.4039 0.0000
60977.7058 0.0000
60491.9490 0.0000
60609.0614 0.0000
60924.5603 0.0000
60844.1326 0.0000
60862.4335 0.0000
62029.1217 0.0000
62422.8574 0.0000
62214.8119 0.0000
62548.3058 0.0000
62530.1578 0.0000
62611.7117 0.0000
62055.7480 0.0000
61755.6103 0.0000
62742.8869 0.0000
63060.4141 0.0000
61460.1723 0.0000
63115.8982 0.0000
62594.5594 0.0000
63134.2318 0.0000
62897.3165 0.0000
62643.8213 0.0000
63357.7424 0.0000
63475.3884 0.0000
64506.4319 0.0000
64203.0444 0.0000
65151.8677 0.0000
65970.6530 0.0000
66549.2063 0.0000
66936.1995 0.0000
67371.1171 0.0000
67338.8302 0.0000
66937.4058 0.0000
67692.0761 0.0000
67445.9146 0.0000
68155.5959 0.0000
68797.0450 0.0000
69017.7400 0.0000
68997.0495 0.0000
69343.7350 0.0000
70021.9298 0.0000
70450.8973 0.0000
69964.2830 0.0000
70103.3759 0.0000
70206.0159 0.0000
70690.5194 0.0000
70936.2229 0.0000
71215.0296 0.0000
70709.3599 0.0000
71090.3612 0.0000
70298.8414 0.0000
70578.5106 0.0000
70736.8407 0.0000
72416.2981 0.0000
72668.5329 0.0000
73261.1631 0.0000
72579.8458 0.0000
73160.7608 0.0000
73495.7804 0.0000
73867.9171 0.0000
73576.8960 0.0000
74821.1811 0.0000
74485.3095 0.0000
75400.2968 0.0000
75117.7272 0.0000
75579.9867 0.0000
74979.2228 0.0000
74702.2844 0.0000
76318.5438 0.0000
76441.7309 0.0000
76585.9723 0.0000
77155.8868 0.0000
77378.5582 0.0000
76067.7854 0.0000
77045.6903 0.0000
76418.8218 0.0000
77140.6760 0.0000
77135.0587 0.0000
76899.1623 0.0000
76791.2313 0.0000
77671.9585 0.0000
76806.1050 0.0000
77979.5506 0.0000
78220.6440 0.0000
78135.1205 0.0000
78119.6324 0.0000
78308.9917 0.0000
78029.5934 0.0000
79074.0440 0.0000
77710.3942 0.0000
79336.2759 0.0000
79129.6376 0.0000
79259.1389 0.0000
78321.0302 0.0000
78687.0086 0.0000
79846.2953 0.0000
80586.5537 0.0000
79538.9045 0.0000
80725.6197 0.0000
80711.2435 0.0000
80888.1961 0.0000
80974.7466 0.0000
81176.8143 0.0000
80419.6225 0.0000
80815.2441 0.0000
81864.6459 0.0000
82199.1483 0.0000
81844.4015 0.0000
81895.3234 0.0000
83375.3795 0.0000
83386.0629 0.0000
83982.0781 0.0000
83464.2993 0.0000
84022.2520 0.0000
83216.1391 0.0000
84023.3436 0.0000
84122.1000 0.0000
83914.2478 0.0000
83952.4502 0.0000
83631.7900 0.0000
84260.2470 0.0000
84581.1265 0.0000
83646.3022 0.0000
85348.1350 0.0000
85279.3458 0.0000
85302.3694 0.0000
85009.6228 0.0000
84800.7330 0.0000
84041.8717 0.0000
87135.9896 0.0000
87067.2887 0.0000
87479.4377 0.0000
87034.5510 0.0000
88192.6101 0.0000
88031.7080 0.0000
88692.7341 0.0000
89249.5256 0.0000
89864.2715 0.0000
89942.4602 0.0000
88779.2380 0.0000
90014.3886 0.0000
89483.6553 0.0000
89412.9400 0.0000
88900.1767 0.0000
90106.6294 0.0000
90017.8929 0.0000
89692.3221 0.0000
90435.1778 0.0000
90298.3177 0.0000
89659.8671 0.0000
90188.2731 0.0000
91025.2606 0.0000
90678.2961 0.0000
90543.7852 0.0000
90959.3690 0.0000
91768.8634 0.0000
92732.2266 0.0000
93631.5641 0.0000
93652.2525 0.0000
93064.8384 0.0000
93290.5620 0.0000
94311.1671 0.0000
94589.5535 0.0000
94224.8326 0.0000
94567.8443 0.0000
94248.8260 0.0000
94274.3513 0.0000
94823.3685 0.0000
95116.9461 0.0000
95989.1465 0.0000
95276.4448 0.0000
95929.8147 0.0000
96622.5959 0.0000
97569.5755 0.0000
97632.8893 0.0000
97306.2240 0.0000
97081.7573 0.0000
96680.4644 0.0000
97896.2175 0.0000
97746.0538 0.0000
98125.2230 0.0000
98347.6079 0.0000
98451.7704 0.0000
99028.8383 0.0000
99119.7605 0.0000
98411.3952 0.0000
98623.5176 0.0000
99982.6902 0.0000
99251.6044 0.0000
99882.6430 0.0000
98820.3107 0.0000
99489.3855 0.0000
101519.2541 0.0000
100676.7269 0.0000
100968.2963 0.0000
101838.3751 0.0000
101524.2145 0.0000
102848.8141 0.0000
103174.5965 0.0000
102610.9114 0.0000
102501.8834 0.0000
102959.6713 0.0000
103239.9753 0.0000
102505.0791 0.0000
103139.1144 0.0000
103148.6334 0.0000
103433.0421 0.0000
103653.7447 0.0000
103483.8580 0.0000
104069.2546 0.0000
103487.9335 0.0000
103034.5337 0.0000
104058.2416 0.0000
104927.7878 0.0000
105334.3822 0.0000
105317.2393 0.0000
105104.6233 0.0000
105320.0321 0.0000
106294.2411 0.0000
105538.4612 0.0000
106892.4164 0.0000
107165.7572 0.0000
107602.5478 0.0000
108989.6595 0.0000
107871.4813 0.0000
109102.4272 0.0000
110015.8397 0.0000
110999.8992 0.0000
111257.0382 0.0000
110870.7745 0.0000
111321.2791 0.0000
112192.1239 0.0000
111183.0012 0.0000
112489.6311 0.0000
111966.7689 0.0000
112224.7771 0.0000
112986.6100 0.0000
112998.7594 0.0000
113200.6182 0.0000
113298.2520 0.0000
112416.2042 0.0000
113107.8413 0.0000
113408.5922 0.0000
113984.4962 0.0000
115070.8860 0.0000
115452.0364 0.0000
115114.5498 0.0000
115622.7315 0.0000
114376.4527 0.0000
115710.3023 0.0000
115114.4329 0.0000
116775.3509 0.0000
115823.6734 0.0000
116668.3970 0.0000
117393.6546 0.0000
118143.4100 0.0000
117979.0254 0.0000
117815.2151 0.0000
118583.3408 0.0000
119484.0686 0.0000
119850.6163 0.0000
120484.0433 0.0000
120296.5087 0.0000
121483.2585 0.0000
121579.6401 0.0000
121996.6702 0.0000
121445.4000 0.0000
122139.3618 0.0000
121053.8676 0.0000
123058.3897 0.0000
123584.0224 0.0000
123194.1419 0.0000
123538.0135 0.0000
124623.2796 0.0000
123769.3975 0.0000
123959.7082 0.0000
124247.3600 0.0000
124096.0984 0.0000
124926.2934 0.0000
124362.8088 0.0000
124797.4550 0.0000
124972.7906 0.0000
124920.6156 0.0000
122927.0707 0.0000
125046.9799 0.0000
125076.0031 0.0000
125200.0840 0.0000
126595.0279 0.0000
125747.9955 0.0000
126469.5257 0.0000
126187.8484 0.0000
125491.9615 0.0000
125586.2272 0.0000
127503.7664 0.0000
127838.6560 0.0000
126566.2929 0.0000
127731.5984 0.0000
127229.4450 0.0000
128008.9738 0.0000
127522.5677 0.0000
127089.0023 0.0000
127822.8138 0.0000
127750.9421 0.0000
128985.0113 0.0000
130014.6253 0.0000
128809.7958 0.0000
130458.7890 0.0000
130260.1691 0.0000
129784.3579 0.0000
130569.2833 0.0000
131359.7396 0.0000
130822.9492 0.0000
131182.6535 0.0000
130809.7407 0.0000
130539.7708 0.0000
131147.7005 0.0000
131064.2897 0.0000
132323.1011 0.0000
132691.7000 0.0000
132350.3576 0.0000
132250.2845 0.0000
133917.4711 0.0000
133852.0008 0.0000
133451.7413 0.0000
133050.3916 0.0000
133598.9174 0.0000
133789.3750 0.0000
134422.2862 0.0000
134253.5317 0.0000
134326.0000 0.0000
134392.6255 0.0000
134119.0576 0.0000
133679.0450 0.0000
134582.1886 0.0000
134039.5833 0.0000
133959.5475 0.0000
135403.9609 0.0000
136209.4452 0.0000
136332.0191 0.0000
135862.3337 0.0000
138143.8344 0.0000
139306.2229 0.0000
140026.3570 0.0000
139871.3978 0.0000
140906.1086 0.0000
140017.1779 0.0000
141336.9750 0.0000
140826.3658 0.0000
142577.1064 0.0000
142702.2544 0.0000
142449.0191 0.0000
142877.5987 0.0000
143717.8402 0.0000
143002.5744 0.0000
142291.1687 0.0000
143454.5102 0.0000
143505.6065 0.0000
143110.3480 0.0000
142969.2973 0.0000
143038.9593 0.0000
144145.2499 0.0000
144822.5936 0.0000
144780.3927 0.0000
145156.5574 0.0000
145477.5578 0.0000
145283.1913 0.0000
144737.9323 0.0000
145711.8498 0.0000
145646.3441 0.0000
146755.3241 0.0000
146497.2334 0.0000
146065.7517 0.0000
146787.4380 0.0000
147661.0751 0.0000
148156.8574 0.0000
147137.0690 0.0000
148290.1721 0.0000
148075.0279 0.0000
148651.1432 0.0000
148421.0750 0.0000
149549.2681 0.0000
149354.6942 0.0000
149687.1659 0.0000
149096.2482 0.0000
150902.0005 0.0000
150594.5028 0.0000
150064.0003 0.0000
150291.3204 0.0000
150977.0149 0.0000
150873.8873 0.0000
150849.4832 0.0000
151511.2432 0.0000
152328.7285 0.0000
152631.3715 0.0000
152279.1677 0.0000
152430.7773 0.0000
152840.1661 0.0000
152370.4709 0.0000
152083.6740 0.0000
153081.9890 0.0000
152516.3039 0.0000
152777.1860 0.0000
151894.9213 0.0000
152254.8403 0.0000
153556.4135 0.0000
153327.6374 0.0000
153204.9373 0.0000
153914.4686 0.0000
153746.0449 0.0000
154531.4540 0.0000
155364.4583 0.0000
154959.8597 0.0000
155557.3473 0.0000
155841.2830 0.0000
155012.3940 0.0000
155661.4958 0.0000
155309.2712 0.0000
156326.8344 0.0000
156334.7076 0.0000
156464.2243 0.0000
156085.8645 0.0000
156611.2247 0.0000
157265.3661 0.0000
156765.8211 0.0000
157685.5218 0.0000
157467.5298 0.0000
157819.1900 0.0000
158929.0871 0.0000
158697.1557 0.0000
159004.1155 0.0000
158763.1411 0.0000
158946.4569 0.0000
158614.3049 0.0000
159177.2798 0.0000
159437.9023 0.0000
159804.5714 0.0000
159501.5929 0.0000
161082.6233 0.0000
160414.0739 0.0000
161167.3856 0.0000
161938.3773 0.0000
161975.1455 0.0000
161009.5976 0.0000
161571.0144 0.0000
161733.6444 0.0000
162789.8512 0.0000
163341.1549 0.0000
163853.4517 0.0000
163366.2302 0.0000
164043.5547 0.0000
165019.6084 0.0000
164747.4314 0.0000
164582.8140 0.0000
165644.4344 0.0000
166550.6024 0.0000
166997.5737 0.0000
166780.6591 0.0000
167469.4280 0.0000
166461.8509 0.0000
167901.1071 0.0000
167879.3561 0.0000
167933.8282 0.0000
167376.8676 0.0000
167555.9769 0.0000
168748.4296 0.0000
169636.1642 0.0000
169017.5570 0.0000
168955.0808 0.0000
169689.6219 0.0000
169205.4419 0.0000
169732.0979 0.0000
169962.2724 0.0000
170381.8692 0.0000
169905.0224 0.0000
169999.6168 0.0000
170695.3597 0.0000
170465.7321 0.0000
170461.4630 0.0000
170999.9554 0.0000
171359.5960 0.0000
171441.3687 0.0000
171726.0540 0.0000
171307.4630 0.0000
171256.1231 0.0000
170739.1907 0.0000
171443.3305 0.0000
171825.3138 0.0000
172642.5078 0.0000
173149.3490 0.0000
173345.8265 0.0000
173731.7192 0.0000
173577.8302 0.0000
172967.9864 0.0000
173841.3704 0.0000
173598.5267 0.0000
174515.3470 0.0000
174380.1131 0.0000
173700.0533 0.0000
174980.3019 0.0000
174562.7828 0.0000
175998.0257 0.0000
176047.6889 0.0000
176574.2890 0.0000
177983.3990 0.0000
177773.7464 0.0000
178698.9089 0.0000
180116.7145 0.0000
180779.5050 0.0000
180518.2015 0.0000
180443.8426 0.0000
180498.6213 0.0000
181924.5575 0.0000
182003.3651 0.0000
181606.8923 0.0000
182182.8437 0.0000
182997.6551 0.0000
182628.4948 0.0000
183619.2647 0.0000
183565.7945 0.0000
183809.9171 0.0000
183429.1048 0.0000
184250.1925 0.0000
184906.2366 0.0000
184335.7971 0.0000
185614.9844 0.0000
185573.6357 0.0000
185109.4184 0.0000
185926.0405 0.0000
185456.0828 0.0000
184889.5172 0.0000
185877.4924 0.0000
185571.8690 0.0000
186812.2690 0.0000
186971.3742 0.0000
186591.5249 0.0000
187849.2615 0.0000
188471.2187 0.0000
188114.7822 0.0000
188044.7870 0.0000
189295.8878 0.0000
189750.3171 0.0000
190780.8448 0.0000
190403.2261 0.0000
191024.8260 0.0000
190117.2540 0.0000
190915.9945 0.0000
191368.8353 0.0000
191283.6495 0.0000
191473.3168 0.0000
191870.8346 0.0000
191187.3029 0.0000
191593.8856 0.0000
191932.3157 0.0000
190497.0433 0.0000
192530.7267 0.0000
192192.2712 0.0000
191601.0514 0.0000
193668.5288 0.0000
193617.1239 0.0000
193919.3409 0.0000
194436.9699 0.0000
193834.7964 0.0000
194556.7057 0.0000
194503.8585 0.0000
194057.1235 0.0000
195027.9255 0.0000
195227.7711 0.0000
194940.7157 0.0000
195086.4470 0.0000
194893.1392 0.0000
195377.8211 0.0000
195672.9497 0.0000
196177.1951 0.0000
196051.5609 0.0000
196110.5870 0.0000
195993.1761 0.0000
196380.0294 0.0000
195948.4447 0.0000
195208.2767 0.0000
195891.4639 0.0000
196256.9037 0.0000
196493.0771 0.0000
197260.9062 0.0000
197910.1538 0.0000
198062.7546 0.0000
198251.3392 0.0000
198068.2968 0.0000
198525.6208 0.0000
198891.7428 0.0000
199958.6830 0.0000
199887.3219 0.0000
200500.3103 0.0000
200742.5310 0.0000
200994.3560 0.0000
201404.2356 0.0000
201459.2807 0.0000
201576.4029 0.0000
201074.2870 0.0000
201073.4071 0.0000
201898.9591 0.0000
202306.6671 0.0000
203237.5667 0.0000
203668.8952 0.0000
203612.2803 0.0000
203225.9037 0.0000
204934.9431 0.0000
205421.2919 0.0000
205133.9548 0.0000
205977.6912 0.0000
207049.7392 0.0000
206511.0056 0.0000
207070.3352 0.0000
207105.5550 0.0000
206570.5479 0.0000
206859.1341 0.0000
206893.2487 0.0000
206114.5633 0.0000
207239.3525 0.0000
206602.4985 0.0000
206852.4607 0.0000
205744.0815 0.0000
206818.1124 0.0000
207510.1077 0.0000
207084.1808 0.0000
207741.8549 0.0000
207399.3869 0.0000
207433.6195 0.0000
208551.3861 0.0000
208468.1267 0.0000
208138.4845 0.0000
209601.7345 0.0000
209390.8231 0.0000
208703.5479 0.0000
209930.3195 0.0000
209021.7232 0.0000
209709.3692 0.0000
210073.9419 0.0000
209661.8502 0.0000
209318.0523 0.0000
209444.2701 0.0000
211046.5357 0.0000
210139.8351 0.0000
210500.9198 0.0000
210681.5557 0.0000
210890.4533 0.0000
210704.8590 0.0000
209982.6989 0.0000
210249.4726 0.0000
213034.9718 0.0000
213514.6027 0.0000
214028.2593 0.0000
214557.2721 0.0000
214103.2279 0.0000
215557.8980 0.0000
216821.5326 0.0000
216160.8638 0.0000
218138.6545 0.0000
217621.7701 0.0000
218214.3441 0.0000
218467.4409 0.0000
218833.3272 0.0000
220072.2278 0.0000
220763.8658 0.0000
221212.0697 0.0000
220703.0458 0.0000
221802.7261 0.0000
222183.5524 0.0000
222230.1373 0.0000
222380.6773 0.0000
223152.1768 0.0000
223241.0878 0.0000
222584.3142 0.0000
223163.8482 0.0000
224239.8202 0.0000
223922.0972 0.0000
224363.7451 0.0000
223861.7821 0.0000
224198.0094 0.0000
223834.1816 0.0000
225015.6261 0.0000
225062.4206 0.0000
224510.6589 0.0000
225120.8793 0.0000
224219.5833 0.0000
225634.0559 0.0000
225601.8256 0.0000
224772.0485 0.0000
226138.8294 0.0000
226259.8015 0.0000
226714.1058 0.0000
226622.7865 0.0000
226296.7148 0.0000
226485.5659 0.0000
227541.1531 0.0000
227008.8361 0.0000
226590.5152 0.0000
227867.2866 0.0000
227763.3551 0.0000
226483.9731 0.0000
227292.0580 0.0000
227576.7696 0.0000
227758.0383 0.0000
227215.8788 0.0000
226317.6238 0.0000
228167.0150 0.0000
228966.6967 0.0000
229314.6421 0.0000
229385.3872 0.0000
229586.7889 0.0000
228131.2394 0.0000
229199.6370 0.0000
230335.9235 0.0000
229965.0161 0.0000
230394.9795 0.0000
230357.4496 0.0000
230585.1662 0.0000
229801.4065 0.0000
230912.6133 0.0000
230040.3477 0.0000
231344.9375 0.0000
230112.6884 0.0000
232054.3601 0.0000
231018.5986 0.0000
231920.3355 0.0000
231752.2402 0.0000
232517.4742 0.0000
232324.8782 0.0000
232310.1674 0.0000
232461.1944 0.0000
232286.8272 0.0000
232587.4037 0.0000
232533.9799 0.0000
232421.4740 0.0000
232225.1123 0.0000
231871.0275 0.0000
232152.0497 0.0000
231804.8347 0.0000
232101.3642 0.0000
233100.8319 0.0000
234419.0148 0.0000
233828.9423 0.0000
233954.1880 0.0000
235072.1930 0.0000
234944.5906 0.0000
235784.4904 0.0000
235765.2456 0.0000
236036.0244 0.0000
236964.7560 0.0000
236490.3410 0.0000
236979.6015 0.0000
236931.2099 0.0000
237613.5348 0.0000
237754.8923 0.0000
237699.8329 0.0000
238341.7364 0.0000
237534.3324 0.0000
238945.0324 0.0000
239659.9261 0.0000
239690.0575 0.0000
239795.9123 0.0000
240191.1070 0.0000
239742.3241 0.0000
239396.8956 0.0000
239775.1373 0.0000
238736.0875 0.0000
240027.3707 0.0000
240453.6704 0.0000
240410.1693 0.0000
240471.7282 0.0000
239488.9277 0.0000
240815.6106 0.0000
239575.9298 0.0000
241120.2413 0.0000
240973.9398 0.0000
240322.5129 0.0000
241455.0941 0.0000
241619.2489 0.0000
240479.7155 0.0000
242684.4274 0.0000
242866.3116 0.0000
243214.4561 0.0000
243709.7541 0.0000
244029.4413 0.0000
244159.0921 0.0000
243821.2923 0.0000
244270.0501 0.0000
244344.3735 0.0000
243863.8504 0.0000
244569.1099 0.0000
244885.8368 0.0000
244755.5434 0.0000
245156.0828 0.0000
244557.5925 0.0000
245758.9013 0.0000
246747.3379 0.0000
245763.8161 0.0000
247015.5196 0.0000
247296.6472 0.0000
248558.2381 0.0000
247481.6325 0.0000
248727.1743 0.0000
249468.6577 0.0000
250104.0095 0.0000
249621.5390 0.0000
249985.0706 0.0000
249828.3210 0.0000
249978.3622 0.0000
249523.7433 0.0000
251237.3948 0.0000
250608.7535 0.0000
251239.2501 0.0000
251019.9620 0.0000
251632.6952 0.0000
251719.1650 0.0000
251696.5524 0.0000
251440.6489 0.0000
252370.9810 0.0000
253239.0017 0.0000
253440.8268 0.0000
253022.1085 0.0000
252465.2460 0.0000
252584.2721 0.0000
253095.0490 0.0000
254371.6157 0.0000
254084.2815 0.0000
254193.2750 0.0000
254817.7728 0.0000
255289.9888 0.0000
254866.7582 0.0000
255299.1745 0.0000
255791.1842 0.0000
255504.9588 0.0000
255406.1504 0.0000
256027.3208 0.0000
255136.5887 0.0000
256490.5955 0.0000
257021.6806 0.0000
257341.1364 0.0000
256764.6732 0.0000
257764.8256 0.0000
257768.2542 0.0000
257352.6817 0.0000
257137.6585 0.0000
257920.2780 0.0000
257205.4244 0.0000
258588.5192 0.0000
257546.2987 0.0000
259294.3183 0.0000
259148.5660 0.0000
259052.4471 0.0000
260145.6288 0.0000
260820.8636 0.0000
260576.5330 0.0000
259557.0271 0.0000
261608.8516 0.0000
261886.2516 0.0000
262127.3997 0.0000
261776.4777 0.0000
261230.9872 0.0000
261480.1761 0.0000
261419.3903 0.0000
262071.7779 0.0000
262334.8121 0.0000
262348.1974 0.0000
262283.9059 0.0000
261715.8046 0.0000
261874.3488 0.0000
262645.2436 0.0000
263125.7024 0.0000
261911.6369 0.0000
262172.9739 0.0000
263142.7253 0.0000
263411.8263 0.0000
263464.2255 0.0000
263931.0689 0.0000
263413.9808 0.0000
264240.3503 0.0000
264047.8110 0.0000
264120.4754 0.0000
264523.9190 0.0000
264990.2724 0.0000
265957.3918 0.0000
266935.0559 0.0000
266957.1788 0.0000
266530.1826 0.0000
266041.6996 0.0000
267204.5826 0.0000
266106.1239 0.0000
266840.4918 0.0000
268193.2295 0.0000
267405.4600 0.0000
267708.8763 0.0000
267914.2242 0.0000
269027.1351 0.0000
269583.0064 0.0000
269694.7372 0.0000
270895.2674 0.0000
270097.2849 0.0000
271632.9692 0.0000
271807.0743 0.0000
271137.0054 0.0000
270905.5278 0.0000
271024.2700 0.0000
272161.8358 0.0000
272217.0100 0.0000
271370.4006 0.0000
272753.8349 0.0000
272818.4715 0.0000
273499.3081 0.0000
274420.4716 0.0000
273451.7434 0.0000
275231.3979 0.0000
276218.1113 0.0000
275727.5227 0.0000
275727.1057 0.0000
276615.6515 0.0000
277430.0868 0.0000
277197.5662 0.0000
277689.4427 0.0000
277214.7701 0.0000
277433.2099 0.0000
278149.6320 0.0000
279124.8797 0.0000
279349.8401 0.0000
278394.4620 0.0000
279649.5671 0.0000
281100.1192 0.0000
281652.6749 0.0000
281574.6002 0.0000
281592.0183 0.0000
281603.4627 0.0000
281884.1166 0.0000
281685.6466 0.0000
281842.6623 0.0000
282877.3501 0.0000
284140.4311 0.0000
285114.7037 0.0000
285478.1470 0.0000
285604.7373 0.0000
285997.2650 0.0000
287077.0502 0.0000
287101.6651 0.0000
287205.9971 0.0000
287680.9079 0.0000
287014.4078 0.0000
287554.8365 0.0000
288151.9443 0.0000
287869.3829 0.0000
287924.4713 0.0000
288394.9675 0.0000
289172.6868 0.0000
289393.8878 0.0000
289276.1417 0.0000
290390.8079 0.0000
291442.4988 0.0000
291626.2168 0.0000
291550.4622 0.0000
292150.4074 0.0000
292606.9189 0.0000
292622.7668 0.0000
292726.2778 0.0000
292936.0557 0.0000
292234.8074 0.0000
292864.3200 0.0000
292819.5506 0.0000
293142.9518 0.0000
294139.7186 0.0000
294366.1348 0.0000
295178.2704 0.0000
295660.3035 0.0000
295853.4023 0.0000
295011.0836 0.0000
295815.9058 0.0000
296203.1273 0.0000
295559.1572 0.0000
296517.2100 0.0000
296014.3153 0.0000
295686.3169 0.0000
296621.6266 0.0000
297013.1411 0.0000
297772.3964 0.0000
297670.1521 0.0000
296256.2385 0.0000
298440.8328 0.0000
298056.5793 0.0000
298412.8132 0.0000
298035.7168 0.0000
298013.3153 0.0000
298644.5119 0.0000
299301.6238 0.0000
300089.3784 0.0000
299572.1143 0.0000
299788.8521 0.0000
300047.9824 0.0000
301238.7610 0.0000
301158.8773 0.0000
302030.8908 0.0000
301432.0831 0.0000
302323.4825 0.0000
301852.5200 0.0000
303246.2797 0.0000
302780.4840 0.0000
302910.7811 0.0000
304045.8916 0.0000
304725.2410 0.0000
305164.0200 0.0000
305367.8999 0.0000
305035.3389 0.0000
304628.6803 0.0000
306120.9902 0.0000
306603.5552 0.0000
306848.0934 0.0000
307036.3716 0.0000
307298.7336 0.0000
306683.3179 0.0000
308016.6329 0.0000
307726.9071 0.0000
309251.1446 0.0000
309766.6024 0.0000
308872.3245 0.0000
309318.9920 0.0000
310385.4137 0.0000
310748.7805 0.0000
310624.7554 0.0000
310407.6836 0.0000
310874.4279 0.0000
310365.1313 0.0000
311351.5066 0.0000
312225.8621 0.0000
313821.4656 0.0000
314017.9187 0.0000
314328.7897 0.0000
314445.2251 0.0000
314027.5046 0.0000
314068.0141 0.0000
314671.7897 0.0000
315286.4758 0.0000
314982.8978 0.0000
315675.9933 0.0000
