-100.0000 -100.0000
5130.5358 0.0000
3750.0736 0.0000
4669.7179 0.0000
5905.2174 0.0000
6481.8742 0.0000
5596.8647 0.0000
6523.9620 0.0000
6180.2842 0.0000
5666.0092 0.0000
7468.5971 0.0000
8042.2375 0.0000
8091.3443 0.0000
8887.9881 0.0000
9394.1558 0.0000
7871.4481 0.0000
9556.6478 0.0000
9540.9357 0.0000
9646.0470 0.0000
8507.7246 0.0000
9531.0886 0.0000
9697.7838 0.0000
10244.0384 0.0000
9939.0676 0.0000
9894.5933 0.0000
10467.2192 0.0000
9699.2621 0.0000
10968.0084 0.0000
10816.3945 0.0000
10787.7740 0.0000
12224.3780 0.0000
12732.1650 0.0000
12729.9580 0.0000
14052.2911 0.0000
13922.5823 0.0000
14671.9065 0.0000
16094.0903 0.0000
16349.5696 0.0000
16855.7029 0.0000
16718.0736 0.0000
17194.9718 0.0000
17386.1046 0.0000
16650.3964 0.0000
17111.1888 0.0000
18366.9952 0.0000
18440.5546 0.0000
18357.3151 0.0000
18544.0041 0.0000
19221.0623 0.0000
18552.5633 0.0000
20417.6102 0.0000
20222.3812 0.0000
20328.3421 0.0000
20166.3876 0.0000
20971.2308 0.0000
21245.2026 0.0000
22187.9417 0.0000
21365.8280 0.0000
21437.4649 0.0000
21292.8843 0.0000
21290.0826 0.0000
22658.4140 0.0000
22850.9385 0.0000
23798.3874 0.0000
23413.3996 0.0000
23250.3134 0.0000
23624.1861 0.0000
24455.7573 0.0000
23766.2355 0.0000
24478.6562 0.0000
23617.9471 0.0000
23957.2059 0.0000
24276.1773 0.0000
23881.2043 0.0000
24790.8159 0.0000
24473.9576 0.0000
24349.7047 0.0000
25361.1633 0.0000
25446.2840 0.0000
25623.8569 0.0000
25843.7462 0.0000
26116.6290 0.0000
26905.1607 0.0000
26560.1743 0.0000
26602.8306 0.0000
27012.5274 0.0000
26721.1308 0.0000
26884.7093 0.0000
28128.2841 0.0000
27654.2975 0.0000
28485.9498 0.0000
27747.0034 0.0000
28369.6443 0.0000
28147.7807 0.0000
28328.5992 0.0000
29761.4932 0.0000
29939.8434 0.0000
30439.1009 0.0000
30038.5937 0.0000
31259.8036 0.0000
31651.9533 0.0000
30352.5913 0.0000
30519.4137 0.0000
31744.9407 0.0000
32410.2954 0.0000
31558.5718 0.0000
32485.4041 0.0000
33620.0143 0.0000
34265.8809 0.0000
35098.8436 0.0000
34781.0410 0.0000
35475.4851 0.0000
36509.8488 0.0000
35771.3848 0.0000
36967.1419 0.0000
37006.4629 0.0000
36554.4927 0.0000
36995.7376 0.0000
37144.8314 0.0000
37874.5140 0.0000
38381.8835 0.0000
38723.8032 0.0000
38751.2144 0.0000
39219.7532 0.0000
38730.4992 0.0000
38445.3864 0.0000
39630.3654 0.0000
39648.7736 0.0000
39509.1013 0.0000
39544.7871 0.0000
39458.5529 0.0000
39197.7516 0.0000
40368.0745 0.0000
40448.8383 0.0000
39210.7798 0.0000
40489.7715 0.0000
40988.0925 0.0000
42202.4173 0.0000
43285.8177 0.0000
44375.3296 0.0000
45020.4167 0.0000
44668.7480 0.0000
44759.1478 0.0000
44522.0187 0.0000
45462.0204 0.0000
45376.2740 0.0000
45617.0826 0.0000
45466.7585 0.0000
45025.5331 0.0000
44884.3954 0.0000
45911.9771 0.0000
46036.8720 0.0000
46562.1961 0.0000
47543.8624 0.0000
47624.3989 0.0000
47175.6772 0.0000
47068.6681 0.0000
46820.0479 0.0000
48344.2844 0.0000
47071.6768 0.0000
48767.2617 0.0000
49103.4043 0.0000
49303.0614 0.0000
49876.9858 0.0000
49616.1641 0.0000
50282.7319 0.0000
50960.3613 0.0000
51081.8366 0.0000
50434.2493 0.0000
51066.4621 0.0000
51838.3995 0.0000
52701.2730 0.0000
52896.7835 0.0000
52317.6210 0.0000
52560.8619 0.0000
53222.9085 0.0000
52994.6792 0.0000
53942.3715 0.0000
54138.4687 0.0000
53178.5153 0.0000
53269.9356 0.0000
54440.5071 0.0000
53959.5681 0.0000
54149.0029 0.0000
55036.8375 0.0000
54625.2969 0.0000
55235.5673 0.0000
55528.5154 0.0000
55407.5381 0.0000
56009.4986 0.0000
56191.9667 0.0000
56345.5701 0.0000
56755.2628 0.0000
57041.9262 0.0000
55619.0278 0.0000
56931.3774 0.0000
56916.3715 0.0000
57061.7668 0.0000
57424.8178 0.0000
57402.1728 0.0000
57755.4049 0.0000
58141.0593 0.0000
57563.2302 0.0000
58335.5924 0.0000
58028.7059 0.0000
58998.6222 0.0000
58861.8769 0.0000
59628.2787 0.0000
60118.7099 0.0000
60171.1735 0.0000
60204.5286 0.0000
61089.8305 0.0000
60604.0737 0.0000
60721.1861 0.0000
61036.6850 0.0000
60956.2573 0.0000
60974.5582 0.0000
62141.2464 0.0000
62534.9821 0.0000
62326.9366 0.0000
62660.4305 0.0000
62642.2825 0.0000
62723.8364 0.0000
62167.8726 0.0000
61867.7350 0.0000
62855.0115 0.0000
63172.5388 0.0000
61572.2970 0.0000
63228.0229 0.0000
62706.6841 0.0000
63246.3565 0.0000
63009.4412 0.0000
62755.9460 0.0000
63469.8671 0.0000
63587.5131 0.0000
64618.5566 0.0000
64315.1691 0.0000
65263.9924 0.0000
66082.7777 0.0000
66661.3310 0.0000
67048.3242 0.0000
67483.2418 0.0000
67450.9549 0.0000
67049.5305 0.0000
67804.2008 0.0000
67558.0393 0.0000
68267.7206 0.0000
68909.1697 0.0000
69129.8647 0.0000
69109.1742 0.0000
69455.8597 0.0000
70134.0545 0.0000
70563.0220 0.0000
70076.4077 0.0000
70215.5005 0.0000
70318.1406 0.0000
70802.6441 0.0000
71048.3476 0.0000
71327.1543 0.0000
70821.4846 0.0000
71202.4859 0.0000
70410.9661 0.0000
70690.6353 0.0000
70848.9654 0.0000
72528.4228 0.0000
72780.6576 0.0000
73373.2878 0.0000
72691.9705 0.0000
73272.8855 0.0000
73607.9051 0.0000
73980.0418 0.0000
73689.0207 0.0000
74933.3058 0.0000
74597.4342 0.0000
75512.4214 0.0000
75229.8519 0.0000
75692.1113 0.0000
75091.3475 0.0000
74814.4091 0.0000
76430.6685 0.0000
76553.8556 0.0000
76698.0970 0.0000
77268.0115 0.0000
77490.6829 0.0000
76179.9101 0.0000
77157.8150 0.0000
76530.9465 0.0000
77252.8007 0.0000
77247.1833 0.0000
77011.2870 0.0000
76903.3560 0.0000
77784.0832 0.0000
76918.2297 0.0000
78091.6753 0.0000
78332.7687 0.0000
78247.2452 0.0000
78231.7571 0.0000
78421.1164 0.0000
78141.7181 0.0000
79186.1687 0.0000
77822.5189 0.0000
79448.4006 0.0000
79241.7623 0.0000
79371.2636 0.0000
78433.1549 0.0000
78799.1333 0.0000
79958.4200 0.0000
80698.6784 0.0000
79651.0292 0.0000
80837.7444 0.0000
80823.3682 0.0000
81000.3208 0.0000
81086.8713 0.0000
81288.9390 0.0000
80531.7472 0.0000
80927.3687 0.0000
81976.7706 0.0000
82311.2730 0.0000
81956.5262 0.0000
82007.4481 0.0000
83487.5042 0.0000
83498.1876 0.0000
84094.2028 0.0000
83576.4239 0.0000
84134.3767 0.0000
83328.2638 0.0000
84135.4683 0.0000
84234.2247 0.0000
84026.3725 0.0000
84064.5749 0.0000
83743.9147 0.0000
84372.3717 0.0000
84693.2512 0.0000
83758.4269 0.0000
85460.2597 0.0000
85391.4705 0.0000
85414.4941 0.0000
85121.7475 0.0000
84912.8577 0.0000
84153.9964 0.0000
87248.1143 0.0000
87179.4134 0.0000
87591.5624 0.0000
87146.6756 0.0000
88304.7348 0.0000
88143.8326 0.0000
88804.8588 0.0000
89361.6503 0.0000
89976.3962 0.0000
90054.5849 0.0000
88891.3627 0.0000
90126.5133 0.0000
89595.7800 0.0000
89525.0647 0.0000
89012.3014 0.0000
90218.7541 0.0000
90130.0176 0.0000
89804.4468 0.0000
90547.3025 0.0000
90410.4423 0.0000
89771.9918 0.0000
90300.3978 0.0000
91137.3853 0.0000
90790.4208 0.0000
90655.9099 0.0000
91071.4937 0.0000
91880.9881 0.0000
92844.3513 0.0000
93743.6888 0.0000
93764.3772 0.0000
93176.9631 0.0000
93402.6867 0.0000
94423.2918 0.0000
94701.6782 0.0000
94336.9573 0.0000
94679.9690 0.0000
94360.9506 0.0000
94386.4760 0.0000
94935.4932 0.0000
95229.0708 0.0000
96101.2712 0.0000
95388.5695 0.0000
96041.9394 0.0000
96734.7206 0.0000
97681.7002 0.0000
97745.0140 0.0000
97418.3487 0.0000
97193.8820 0.0000
96792.5891 0.0000
98008.3422 0.0000
97858.1785 0.0000
98237.3477 0.0000
98459.7326 0.0000
98563.8951 0.0000
99140.9630 0.0000
99231.8852 0.0000
98523.5199 0.0000
98735.6423 0.0000
100094.8149 0.0000
99363.7291 0.0000
99994.7677 0.0000
98932.4354 0.0000
99601.5102 0.0000
101631.3788 0.0000
100788.8516 0.0000
101080.4210 0.0000
101950.4998 0.0000
101636.3392 0.0000
102960.9387 0.0000
103286.7212 0.0000
102723.0361 0.0000
102614.0081 0.0000
103071.7960 0.0000
103352.1000 0.0000
102617.2038 0.0000
103251.2391 0.0000
103260.7581 0.0000
103545.1668 0.0000
103765.8694 0.0000
103595.9827 0.0000
104181.3793 0.0000
103600.0581 0.0000
103146.6584 0.0000
104170.3663 0.0000
105039.9125 0.0000
105446.5069 0.0000
105429.3640 0.0000
105216.7480 0.0000
105432.1568 0.0000
106406.3658 0.0000
105650.5859 0.0000
107004.5411 0.0000
107277.8819 0.0000
107714.6725 0.0000
109101.7842 0.0000
107983.6060 0.0000
109214.5519 0.0000
110127.9644 0.0000
111112.0239 0.0000
111369.1629 0.0000
110982.8992 0.0000
111433.4038 0.0000
112304.2486 0.0000
111295.1259 0.0000
112601.7558 0.0000
112078.8936 0.0000
112336.9018 0.0000
113098.7347 0.0000
113110.8841 0.0000
113312.7429 0.0000
113410.3767 0.0000
112528.3289 0.0000
113219.9660 0.0000
113520.7169 0.0000
114096.6209 0.0000
115183.0107 0.0000
115564.1611 0.0000
115226.6745 0.0000
115734.8562 0.0000
114488.5774 0.0000
115822.4270 0.0000
115226.5576 0.0000
116887.4755 0.0000
115935.7981 0.0000
116780.5217 0.0000
117505.7793 0.0000
118255.5347 0.0000
118091.1501 0.0000
117927.3398 0.0000
118695.4655 0.0000
119596.1933 0.0000
119962.7410 0.0000
120596.1680 0.0000
120408.6334 0.0000
121595.3832 0.0000
121691.7648 0.0000
122108.7949 0.0000
121557.5247 0.0000
122251.4865 0.0000
121165.9923 0.0000
123170.5144 0.0000
123696.1471 0.0000
123306.2666 0.0000
123650.1382 0.0000
124735.4043 0.0000
123881.5222 0.0000
124071.8329 0.0000
124359.4847 0.0000
124208.2231 0.0000
125038.4181 0.0000
124474.9335 0.0000
124909.5797 0.0000
125084.9153 0.0000
125032.7403 0.0000
123039.1954 0.0000
125159.1046 0.0000
125188.1278 0.0000
125312.2087 0.0000
126707.1526 0.0000
125860.1202 0.0000
126581.6504 0.0000
126299.9731 0.0000
125604.0862 0.0000
125698.3519 0.0000
127615.8910 0.0000
127950.7807 0.0000
126678.4176 0.0000
127843.7231 0.0000
127341.5697 0.0000
128121.0985 0.0000
127634.6924 0.0000
127201.1270 0.0000
127934.9385 0.0000
127863.0668 0.0000
129097.1360 0.0000
130126.7500 0.0000
128921.9205 0.0000
130570.9137 0.0000
130372.2938 0.0000
129896.4826 0.0000
130681.4080 0.0000
131471.8643 0.0000
130935.0739 0.0000
131294.7781 0.0000
130921.8654 0.0000
130651.8955 0.0000
131259.8252 0.0000
131176.4144 0.0000
132435.2258 0.0000
132803.8247 0.0000
132462.4823 0.0000
132362.4092 0.0000
134029.5958 0.0000
133964.1255 0.0000
133563.8660 0.0000
133162.5163 0.0000
133711.0421 0.0000
133901.4997 0.0000
134534.4109 0.0000
134365.6564 0.0000
134438.1247 0.0000
134504.7502 0.0000
134231.1823 0.0000
133791.1697 0.0000
134694.3133 0.0000
134151.7080 0.0000
134071.6722 0.0000
135516.0856 0.0000
136321.5699 0.0000
136444.1438 0.0000
135974.4584 0.0000
138255.9591 0.0000
139418.3476 0.0000
140138.4817 0.0000
139983.5225 0.0000
141018.2333 0.0000
140129.3026 0.0000
141449.0997 0.0000
140938.4905 0.0000
142689.2311 0.0000
142814.3791 0.0000
142561.1438 0.0000
142989.7234 0.0000
143829.9648 0.0000
143114.6990 0.0000
142403.2934 0.0000
143566.6349 0.0000
143617.7312 0.0000
143222.4727 0.0000
143081.4220 0.0000
143151.0840 0.0000
144257.3746 0.0000
144934.7183 0.0000
144892.5174 0.0000
145268.6821 0.0000
145589.6825 0.0000
145395.3160 0.0000
144850.0570 0.0000
145823.9745 0.0000
145758.4688 0.0000
146867.4488 0.0000
146609.3581 0.0000
146177.8764 0.0000
146899.5627 0.0000
147773.1998 0.0000
148268.9821 0.0000
147249.1937 0.0000
148402.2968 0.0000
148187.1526 0.0000
148763.2679 0.0000
148533.1997 0.0000
149661.3928 0.0000
149466.8189 0.0000
149799.2906 0.0000
149208.3729 0.0000
151014.1252 0.0000
150706.6275 0.0000
150176.1250 0.0000
150403.4451 0.0000
151089.1396 0.0000
150986.0120 0.0000
150961.6079 0.0000
151623.3679 0.0000
152440.8532 0.0000
152743.4962 0.0000
152391.2924 0.0000
152542.9020 0.0000
152952.2908 0.0000
152482.5956 0.0000
152195.7987 0.0000
153194.1137 0.0000
152628.4286 0.0000
152889.3107 0.0000
152007.0460 0.0000
152366.9650 0.0000
153668.5382 0.0000
153439.7621 0.0000
153317.0620 0.0000
154026.5933 0.0000
153858.1696 0.0000
154643.5787 0.0000
155476.5830 0.0000
155071.9844 0.0000
155669.4720 0.0000
155953.4077 0.0000
155124.5187 0.0000
155773.6205 0.0000
155421.3959 0.0000
156438.9591 0.0000
156446.8323 0.0000
156576.3490 0.0000
156197.9892 0.0000
156723.3494 0.0000
157377.4908 0.0000
156877.9458 0.0000
157797.6465 0.0000
157579.6545 0.0000
157931.3147 0.0000
159041.2118 0.0000
158809.2804 0.0000
159116.2402 0.0000
158875.2658 0.0000
159058.5816 0.0000
158726.4296 0.0000
159289.4045 0.0000
159550.0270 0.0000
159916.6961 0.0000
159613.7176 0.0000
161194.7480 0.0000
160526.1986 0.0000
161279.5103 0.0000
162050.5020 0.0000
162087.2702 0.0000
161121.7222 0.0000
161683.1391 0.0000
161845.7691 0.0000
162901.9759 0.0000
163453.2796 0.0000
163965.5764 0.0000
163478.3549 0.0000
164155.6794 0.0000
165131.7331 0.0000
164859.5561 0.0000
164694.9387 0.0000
165756.5591 0.0000
166662.7271 0.0000
167109.6984 0.0000
166892.7838 0.0000
167581.5527 0.0000
166573.9756 0.0000
168013.2318 0.0000
167991.4808 0.0000
168045.9529 0.0000
167488.9922 0.0000
167668.1016 0.0000
168860.5543 0.0000
169748.2889 0.0000
169129.6817 0.0000
169067.2055 0.0000
169801.7466 0.0000
169317.5666 0.0000
169844.2226 0.0000
170074.3971 0.0000
170493.9939 0.0000
170017.1471 0.0000
170111.7415 0.0000
170807.4844 0.0000
170577.8568 0.0000
170573.5877 0.0000
171112.0801 0.0000
171471.7207 0.0000
171553.4933 0.0000
171838.1787 0.0000
171419.5877 0.0000
171368.2478 0.0000
170851.3154 0.0000
171555.4552 0.0000
171937.4385 0.0000
172754.6325 0.0000
173261.4737 0.0000
173457.9512 0.0000
173843.8439 0.0000
173689.9549 0.0000
173080.1111 0.0000
173953.4950 0.0000
173710.6514 0.0000
174627.4717 0.0000
174492.2378 0.0000
173812.1780 0.0000
175092.4266 0.0000
174674.9075 0.0000
176110.1504 0.0000
176159.8136 0.0000
176686.4137 0.0000
178095.5237 0.0000
177885.8711 0.0000
178811.0336 0.0000
180228.8392 0.0000
180891.6297 0.0000
180630.3261 0.0000
180555.9673 0.0000
180610.7460 0.0000
182036.6822 0.0000
182115.4898 0.0000
181719.0170 0.0000
182294.9684 0.0000
183109.7798 0.0000
182740.6195 0.0000
183731.3894 0.0000
183677.9192 0.0000
183922.0418 0.0000
183541.2295 0.0000
184362.3172 0.0000
185018.3613 0.0000
184447.9218 0.0000
185727.1091 0.0000
185685.7604 0.0000
185221.5431 0.0000
186038.1651 0.0000
185568.2075 0.0000
185001.6419 0.0000
185989.6171 0.0000
185683.9937 0.0000
186924.3937 0.0000
187083.4989 0.0000
186703.6496 0.0000
187961.3862 0.0000
188583.3434 0.0000
188226.9069 0.0000
188156.9117 0.0000
189408.0125 0.0000
189862.4417 0.0000
190892.9695 0.0000
190515.3508 0.0000
191136.9507 0.0000
190229.3787 0.0000
191028.1192 0.0000
191480.9600 0.0000
191395.7742 0.0000
191585.4415 0.0000
191982.9592 0.0000
191299.4276 0.0000
191706.0103 0.0000
192044.4403 0.0000
190609.1680 0.0000
192642.8514 0.0000
192304.3959 0.0000
191713.1761 0.0000
193780.6535 0.0000
193729.2486 0.0000
194031.4656 0.0000
194549.0946 0.0000
193946.9211 0.0000
194668.8304 0.0000
194615.9832 0.0000
194169.2482 0.0000
195140.0502 0.0000
195339.8958 0.0000
195052.8404 0.0000
195198.5717 0.0000
195005.2639 0.0000
195489.9458 0.0000
195785.0744 0.0000
196289.3198 0.0000
196163.6856 0.0000
196222.7117 0.0000
196105.3008 0.0000
196492.1541 0.0000
196060.5694 0.0000
195320.4014 0.0000
196003.5886 0.0000
196369.0284 0.0000
196605.2018 0.0000
197373.0309 0.0000
198022.2785 0.0000
198174.8793 0.0000
198363.4639 0.0000
198180.4214 0.0000
198637.7455 0.0000
199003.8675 0.0000
200070.8077 0.0000
199999.4466 0.0000
200612.4350 0.0000
200854.6557 0.0000
201106.4807 0.0000
201516.3602 0.0000
201571.4054 0.0000
201688.5276 0.0000
201186.4117 0.0000
201185.5318 0.0000
202011.0838 0.0000
202418.7918 0.0000
203349.6914 0.0000
203781.0199 0.0000
203724.4050 0.0000
203338.0284 0.0000
205047.0678 0.0000
205533.4166 0.0000
205246.0795 0.0000
206089.8159 0.0000
207161.8639 0.0000
206623.1303 0.0000
207182.4599 0.0000
207217.6797 0.0000
206682.6726 0.0000
206971.2588 0.0000
207005.3734 0.0000
206226.6880 0.0000
207351.4772 0.0000
206714.6231 0.0000
206964.5854 0.0000
205856.2062 0.0000
206930.2371 0.0000
207622.2324 0.0000
207196.3055 0.0000
207853.9796 0.0000
207511.5116 0.0000
207545.7441 0.0000
208663.5108 0.0000
208580.2514 0.0000
208250.6092 0.0000
209713.8592 0.0000
209502.9478 0.0000
208815.6726 0.0000
210042.4442 0.0000
209133.8479 0.0000
209821.4939 0.0000
210186.0666 0.0000
209773.9749 0.0000
209430.1770 0.0000
209556.3948 0.0000
211158.6604 0.0000
210251.9598 0.0000
210613.0444 0.0000
210793.6803 0.0000
211002.5780 0.0000
210816.9837 0.0000
210094.8236 0.0000
210361.5973 0.0000
213147.0965 0.0000
213626.7274 0.0000
214140.3840 0.0000
214669.3968 0.0000
214215.3526 0.0000
215670.0227 0.0000
216933.6573 0.0000
216272.9885 0.0000
218250.7792 0.0000
217733.8948 0.0000
218326.4688 0.0000
218579.5656 0.0000
218945.4519 0.0000
220184.3525 0.0000
220875.9905 0.0000
221324.1944 0.0000
220815.1705 0.0000
221914.8508 0.0000
222295.6771 0.0000
222342.2620 0.0000
222492.8020 0.0000
223264.3015 0.0000
223353.2125 0.0000
222696.4389 0.0000
223275.9728 0.0000
224351.9449 0.0000
224034.2219 0.0000
224475.8698 0.0000
223973.9068 0.0000
224310.1341 0.0000
223946.3063 0.0000
225127.7508 0.0000
225174.5453 0.0000
224622.7836 0.0000
225233.0040 0.0000
224331.7080 0.0000
225746.1806 0.0000
225713.9503 0.0000
224884.1732 0.0000
226250.9541 0.0000
226371.9262 0.0000
226826.2305 0.0000
226734.9112 0.0000
226408.8395 0.0000
226597.6906 0.0000
227653.2778 0.0000
227120.9608 0.0000
226702.6399 0.0000
227979.4113 0.0000
227875.4798 0.0000
226596.0978 0.0000
227404.1827 0.0000
227688.8943 0.0000
227870.1630 0.0000
227328.0035 0.0000
226429.7485 0.0000
228279.1397 0.0000
229078.8214 0.0000
229426.7668 0.0000
229497.5119 0.0000
229698.9136 0.0000
228243.3641 0.0000
229311.7617 0.0000
230448.0482 0.0000
230077.1408 0.0000
230507.1042 0.0000
230469.5743 0.0000
230697.2909 0.0000
229913.5312 0.0000
231024.7380 0.0000
230152.4724 0.0000
231457.0622 0.0000
230224.8131 0.0000
232166.4848 0.0000
231130.7232 0.0000
232032.4602 0.0000
231864.3649 0.0000
232629.5989 0.0000
232437.0029 0.0000
232422.2921 0.0000
232573.3191 0.0000
232398.9519 0.0000
232699.5284 0.0000
232646.1046 0.0000
232533.5987 0.0000
232337.2370 0.0000
231983.1522 0.0000
232264.1744 0.0000
231916.9594 0.0000
232213.4889 0.0000
233212.9566 0.0000
234531.1395 0.0000
233941.0670 0.0000
234066.3127 0.0000
235184.3177 0.0000
235056.7153 0.0000
235896.6151 0.0000
235877.3703 0.0000
236148.1491 0.0000
237076.8807 0.0000
236602.4657 0.0000
237091.7262 0.0000
237043.3346 0.0000
237725.6595 0.0000
237867.0170 0.0000
237811.9576 0.0000
238453.8611 0.0000
237646.4571 0.0000
239057.1571 0.0000
239772.0508 0.0000
239802.1822 0.0000
239908.0370 0.0000
240303.2317 0.0000
239854.4488 0.0000
239509.0203 0.0000
239887.2620 0.0000
238848.2122 0.0000
240139.4954 0.0000
240565.7951 0.0000
240522.2940 0.0000
240583.8529 0.0000
239601.0524 0.0000
240927.7353 0.0000
239688.0545 0.0000
241232.3660 0.0000
241086.0645 0.0000
240434.6376 0.0000
241567.2188 0.0000
241731.3736 0.0000
240591.8402 0.0000
242796.5521 0.0000
242978.4363 0.0000
243326.5808 0.0000
243821.8788 0.0000
244141.5660 0.0000
244271.2168 0.0000
243933.4170 0.0000
244382.1748 0.0000
244456.4982 0.0000
243975.9750 0.0000
244681.2346 0.0000
244997.9615 0.0000
244867.6681 0.0000
245268.2075 0.0000
244669.7172 0.0000
245871.0260 0.0000
246859.4626 0.0000
245875.9408 0.0000
247127.6443 0.0000
247408.7719 0.0000
248670.3628 0.0000
247593.7572 0.0000
248839.2990 0.0000
249580.7824 0.0000
250216.1342 0.0000
249733.6637 0.0000
250097.1953 0.0000
249940.4457 0.0000
250090.4869 0.0000
249635.8680 0.0000
251349.5195 0.0000
250720.8782 0.0000
251351.3748 0.0000
251133.9420 0.0000
251746.6751 0.0000
251833.1450 0.0000
251810.5324 0.0000
251554.6288 0.0000
252484.9610 0.0000
253352.9816 0.0000
253554.8068 0.0000
253136.0885 0.0000
252579.2260 0.0000
252698.2520 0.0000
253209.0289 0.0000
254485.5957 0.0000
254198.2614 0.0000
254307.2549 0.0000
254931.7528 0.0000
255403.9687 0.0000
254980.7382 0.0000
255413.1545 0.0000
255905.1642 0.0000
255618.9387 0.0000
255520.1304 0.0000
256141.3007 0.0000
255250.5687 0.0000
256604.5754 0.0000
257135.6606 0.0000
257455.1163 0.0000
256878.6532 0.0000
257878.8056 0.0000
257882.2342 0.0000
257466.6616 0.0000
257251.6384 0.0000
258034.2580 0.0000
257319.4044 0.0000
258702.4992 0.0000
257660.2787 0.0000
259408.2983 0.0000
259262.5460 0.0000
259166.4271 0.0000
260259.6088 0.0000
260934.8436 0.0000
260690.5129 0.0000
259671.0070 0.0000
261722.8315 0.0000
262000.2316 0.0000
262241.3797 0.0000
261890.4577 0.0000
261344.9671 0.0000
261594.1560 0.0000
261533.3702 0.0000
262185.7578 0.0000
262448.7921 0.0000
262462.1774 0.0000
262397.8859 0.0000
261829.7845 0.0000
261988.3287 0.0000
262759.2236 0.0000
263239.6824 0.0000
262025.6168 0.0000
262286.9538 0.0000
263256.7053 0.0000
263525.8063 0.0000
263578.2055 0.0000
264045.0488 0.0000
263527.9607 0.0000
264354.3303 0.0000
264161.7910 0.0000
264234.4554 0.0000
264637.8990 0.0000
265104.2524 0.0000
266071.3718 0.0000
267049.0359 0.0000
267071.1587 0.0000
266644.1625 0.0000
266155.6796 0.0000
267318.5626 0.0000
266220.1038 0.0000
266954.4718 0.0000
268307.2095 0.0000
267519.4399 0.0000
267822.8563 0.0000
268028.2041 0.0000
269141.1150 0.0000
269696.9863 0.0000
269808.7172 0.0000
271009.2473 0.0000
270211.2648 0.0000
271746.9492 0.0000
271921.0542 0.0000
271250.9854 0.0000
271019.5077 0.0000
271138.2499 0.0000
272275.8158 0.0000
272330.9900 0.0000
271484.3805 0.0000
272867.8148 0.0000
272932.4515 0.0000
273613.2880 0.0000
274534.4516 0.0000
273565.7234 0.0000
275345.3779 0.0000
276332.0912 0.0000
275841.5026 0.0000
275841.0856 0.0000
276729.6314 0.0000
277544.0668 0.0000
277311.5462 0.0000
277803.4226 0.0000
277328.7501 0.0000
277547.1899 0.0000
278263.6120 0.0000
279238.8597 0.0000
279463.8201 0.0000
278508.4420 0.0000
279763.5471 0.0000
281214.0991 0.0000
281766.6549 0.0000
281688.5802 0.0000
281705.9983 0.0000
281717.4427 0.0000
281998.0966 0.0000
281799.6265 0.0000
281956.6423 0.0000
282991.3301 0.0000
284254.4110 0.0000
285228.6837 0.0000
285592.1270 0.0000
285718.7173 0.0000
286111.2449 0.0000
287191.0301 0.0000
287215.6451 0.0000
287319.9771 0.0000
287794.8879 0.0000
287128.3877 0.0000
287668.8164 0.0000
288265.9243 0.0000
287983.3629 0.0000
288038.4512 0.0000
288508.9474 0.0000
289286.6668 0.0000
289507.8677 0.0000
289390.1217 0.0000
290504.7878 0.0000
291556.4787 0.0000
291740.1967 0.0000
291664.4422 0.0000
292264.3874 0.0000
292720.8989 0.0000
292736.7467 0.0000
292840.2578 0.0000
293050.0357 0.0000
292348.7874 0.0000
292978.3000 0.0000
292933.5305 0.0000
293256.9318 0.0000
294253.6986 0.0000
294480.1148 0.0000
295292.2504 0.0000
295774.2835 0.0000
295967.3822 0.0000
295125.0635 0.0000
295929.8858 0.0000
296317.1073 0.0000
295673.1372 0.0000
296631.1900 0.0000
296128.2952 0.0000
295800.2969 0.0000
296735.6065 0.0000
297127.1211 0.0000
297886.3764 0.0000
297784.1320 0.0000
296370.2185 0.0000
298554.8127 0.0000
298170.5592 0.0000
298526.7932 0.0000
298149.6968 0.0000
298127.2953 0.0000
298758.4918 0.0000
299415.6037 0.0000
300203.3584 0.0000
299686.0943 0.0000
299902.8320 0.0000
300161.9623 0.0000
301352.7410 0.0000
301272.8573 0.0000
302144.8708 0.0000
301546.0631 0.0000
302437.4625 0.0000
301966.5000 0.0000
303360.2597 0.0000
302894.4639 0.0000
303024.7611 0.0000
304159.8716 0.0000
304839.2210 0.0000
305278.0000 0.0000
305481.8798 0.0000
305149.3189 0.0000
304742.6603 0.0000
306234.9702 0.0000
306717.5351 0.0000
306962.0733 0.0000
307150.3515 0.0000
307412.7136 0.0000
306797.2979 0.0000
308130.6129 0.0000
307840.8871 0.0000
309365.1245 0.0000
309880.5823 0.0000
308986.3045 0.0000
309432.9720 0.0000
310499.3936 0.0000
310862.7605 0.0000
310738.7354 0.0000
310521.6636 0.0000
310988.4079 0.0000
310479.1113 0.0000
311465.4866 0.0000
312339.8421 0.0000
313935.4456 0.0000
314131.8987 0.0000
314442.7697 0.0000
314559.2050 0.0000
314141.4846 0.0000
314181.9940 0.0000
314785.7696 0.0000
315400.4558 0.0000
315096.8777 0.0000
315789.9732 0.0000
