-100.0000 -100.0000
5003.6956 0.0000
3623.4701 0.0000
4542.7639 0.0000
5778.4523 0.0000
6355.4801 0.0000
5470.3367 0.0000
6397.5277 0.0000
6053.9284 0.0000
5539.6805 0.0000
7342.2935 0.0000
7915.9697 0.0000
7965.1059 0.0000
8761.7487 0.0000
9267.8892 0.0000
7745.1485 0.0000
9430.3953 0.0000
9414.6813 0.0000
9519.7965 0.0000
8381.4409 0.0000
9404.8453 0.0000
9571.5487 0.0000
10117.7731 0.0000
9812.7816 0.0000
9768.3482 0.0000
10340.9775 0.0000
9573.0314 0.0000
10841.7585 0.0000
10690.1277 0.0000
10661.5364 0.0000
12098.1502 0.0000
12605.9388 0.0000
12603.7417 0.0000
13926.0675 0.0000
13796.3593 0.0000
14545.6854 0.0000
15967.8701 0.0000
16223.3508 0.0000
16729.4845 0.0000
16591.8539 0.0000
17068.7518 0.0000
17259.8856 0.0000
16524.1779 0.0000
16984.9673 0.0000
18240.7748 0.0000
18314.3343 0.0000
18231.0955 0.0000
18417.7836 0.0000
19094.8427 0.0000
18426.3434 0.0000
20291.3899 0.0000
20096.1605 0.0000
20202.1216 0.0000
20040.1675 0.0000
20845.0101 0.0000
21118.9823 0.0000
22061.7212 0.0000
21239.6076 0.0000
21311.2447 0.0000
21166.6642 0.0000
21163.8620 0.0000
22532.1931 0.0000
22724.7174 0.0000
23672.1662 0.0000
23287.1786 0.0000
23124.0924 0.0000
23497.9652 0.0000
24329.5364 0.0000
23640.0148 0.0000
24352.4353 0.0000
23491.7264 0.0000
23830.9849 0.0000
24149.9563 0.0000
23754.9834 0.0000
24664.5950 0.0000
24347.7367 0.0000
24223.4839 0.0000
25234.9423 0.0000
25320.0631 0.0000
25497.6360 0.0000
25717.5252 0.0000
25990.4079 0.0000
26778.9396 0.0000
26433.9532 0.0000
26476.6095 0.0000
26886.3063 0.0000
26594.9095 0.0000
26758.4881 0.0000
28002.0629 0.0000
27528.0763 0.0000
28359.7286 0.0000
27620.7823 0.0000
28243.4231 0.0000
28021.5595 0.0000
28202.3781 0.0000
29635.2720 0.0000
29813.6222 0.0000
30312.8797 0.0000
29912.3725 0.0000
31133.5824 0.0000
31525.7321 0.0000
30226.3701 0.0000
30393.1925 0.0000
31618.7195 0.0000
32284.0742 0.0000
31432.3506 0.0000
32359.1829 0.0000
33493.7931 0.0000
34139.6597 0.0000
34972.6223 0.0000
34654.8197 0.0000
35349.2639 0.0000
36383.6276 0.0000
35645.1636 0.0000
36840.9207 0.0000
36880.2417 0.0000
36428.2715 0.0000
36869.5163 0.0000
37018.6102 0.0000
37748.2928 0.0000
38255.6623 0.0000
38597.5820 0.0000
38624.9932 0.0000
39093.5320 0.0000
38604.2780 0.0000
38319.1652 0.0000
39504.1441 0.0000
39522.5524 0.0000
39382.8801 0.0000
39418.5658 0.0000
39332.3317 0.0000
39071.5304 0.0000
40241.8533 0.0000
40322.6171 0.0000
39084.5586 0.0000
40363.5502 0.0000
40861.8712 0.0000
42076.1961 0.0000
43159.5965 0.0000
44249.1083 0.0000
44894.1955 0.0000
44542.5267 0.0000
44632.9266 0.0000
44395.7975 0.0000
45335.7992 0.0000
45250.0528 0.0000
45490.8614 0.0000
45340.5373 0.0000
44899.3119 0.0000
44758.1742 0.0000
45785.7558 0.0000
45910.6508 0.0000
46435.9748 0.0000
47417.6412 0.0000
47498.1777 0.0000
47049.4560 0.0000
46942.4469 0.0000
46693.8267 0.0000
48218.0632 0.0000
46945.4556 0.0000
48641.0405 0.0000
48977.1830 0.0000
49176.8402 0.0000
49750.7646 0.0000
49489.9429 0.0000
50156.5107 0.0000
50834.1400 0.0000
50955.6153 0.0000
50308.0281 0.0000
50940.2409 0.0000
51712.1783 0.0000
52575.0518 0.0000
52770.5623 0.0000
52191.3998 0.0000
52434.6407 0.0000
53096.6873 0.0000
52868.4579 0.0000
53816.1503 0.0000
54012.2474 0.0000
53052.2941 0.0000
53143.7144 0.0000
54314.2859 0.0000
53833.3468 0.0000
54022.7816 0.0000
54910.6163 0.0000
54499.0757 0.0000
55109.3461 0.0000
55402.2942 0.0000
55281.3169 0.0000
55883.2774 0.0000
56065.7455 0.0000
56219.3489 0.0000
56629.0415 0.0000
56915.7050 0.0000
55492.8066 0.0000
56805.1561 0.0000
56790.1503 0.0000
56935.5456 0.0000
57298.5966 0.0000
57275.9515 0.0000
57629.1837 0.0000
58014.8381 0.0000
57437.0090 0.0000
58209.3712 0.0000
57902.4847 0.0000
58872.4010 0.0000
58735.6557 0.0000
59502.0575 0.0000
59992.4887 0.0000
60044.9523 0.0000
60078.3073 0.0000
60963.6092 0.0000
60477.8525 0.0000
60594.9649 0.0000
60910.4638 0.0000
60830.0361 0.0000
60848.3370 0.0000
62015.0252 0.0000
62408.7609 0.0000
62200.7154 0.0000
62534.2093 0.0000
62516.0613 0.0000
62597.6152 0.0000
62041.6514 0.0000
61741.5138 0.0000
62728.7903 0.0000
63046.3176 0.0000
61446.0758 0.0000
63101.8017 0.0000
62580.4629 0.0000
63120.1353 0.0000
62883.2199 0.0000
62629.7248 0.0000
63343.6459 0.0000
63461.2918 0.0000
64492.3353 0.0000
64188.9479 0.0000
65137.7712 0.0000
65956.5565 0.0000
66535.1097 0.0000
66922.1030 0.0000
67357.0206 0.0000
67324.7337 0.0000
66923.3092 0.0000
67677.9796 0.0000
67431.8180 0.0000
68141.4994 0.0000
68782.9485 0.0000
69003.6435 0.0000
68982.9530 0.0000
69329.6385 0.0000
70007.8332 0.0000
70436.8007 0.0000
69950.1864 0.0000
70089.2793 0.0000
70191.9194 0.0000
70676.4229 0.0000
70922.1263 0.0000
71200.9331 0.0000
70695.2634 0.0000
71076.2647 0.0000
70284.7449 0.0000
70564.4140 0.0000
70722.7441 0.0000
72402.2016 0.0000
72654.4364 0.0000
73247.0665 0.0000
72565.7493 0.0000
73146.6642 0.0000
73481.6839 0.0000
73853.8205 0.0000
73562.7995 0.0000
74807.0845 0.0000
74471.2130 0.0000
75386.2002 0.0000
75103.6307 0.0000
75565.8901 0.0000
74965.1262 0.0000
74688.1879 0.0000
76304.4472 0.0000
76427.6343 0.0000
76571.8758 0.0000
77141.7902 0.0000
77364.4617 0.0000
76053.6888 0.0000
77031.5938 0.0000
76404.7253 0.0000
77126.5794 0.0000
77120.9621 0.0000
76885.0658 0.0000
76777.1347 0.0000
77657.8620 0.0000
76792.0085 0.0000
77965.4541 0.0000
78206.5475 0.0000
78121.0240 0.0000
78105.5359 0.0000
78294.8951 0.0000
78015.4969 0.0000
79059.9475 0.0000
77696.2977 0.0000
79322.1794 0.0000
79115.5411 0.0000
79245.0424 0.0000
78306.9337 0.0000
78672.9121 0.0000
79832.1988 0.0000
80572.4572 0.0000
79524.8080 0.0000
80711.5232 0.0000
80697.1470 0.0000
80874.0996 0.0000
80960.6500 0.0000
81162.7178 0.0000
80405.5260 0.0000
80801.1475 0.0000
81850.5493 0.0000
82185.0518 0.0000
81830.3049 0.0000
81881.2268 0.0000
83361.2829 0.0000
83371.9664 0.0000
83967.9816 0.0000
83450.2027 0.0000
84008.1555 0.0000
83202.0426 0.0000
84009.2471 0.0000
84106.9119 0.0000
83899.0597 0.0000
83937.2621 0.0000
83616.6019 0.0000
84245.0589 0.0000
84565.9384 0.0000
83631.1141 0.0000
85332.9469 0.0000
85264.1577 0.0000
85287.1813 0.0000
84994.4347 0.0000
84785.5449 0.0000
84026.6836 0.0000
87120.8015 0.0000
87052.1006 0.0000
87464.2496 0.0000
87019.3628 0.0000
88177.4220 0.0000
88016.5198 0.0000
88677.5460 0.0000
89234.3375 0.0000
89849.0834 0.0000
89927.2721 0.0000
88764.0499 0.0000
89999.2005 0.0000
89468.4672 0.0000
89397.7519 0.0000
88884.9886 0.0000
90091.4413 0.0000
90002.7048 0.0000
89677.1340 0.0000
90419.9897 0.0000
90283.1296 0.0000
89644.6790 0.0000
90173.0850 0.0000
91010.0725 0.0000
90663.1080 0.0000
90528.5971 0.0000
90944.1809 0.0000
91753.6753 0.0000
92717.0385 0.0000
93616.3760 0.0000
93637.0644 0.0000
93049.6503 0.0000
93275.3739 0.0000
94295.9790 0.0000
94574.3654 0.0000
94209.6445 0.0000
94552.6562 0.0000
94233.6379 0.0000
94259.1632 0.0000
94808.1804 0.0000
95101.7580 0.0000
95973.9584 0.0000
95261.2567 0.0000
95914.6266 0.0000
96607.4078 0.0000
97554.3874 0.0000
97617.7012 0.0000
97291.0359 0.0000
97066.5692 0.0000
96665.2763 0.0000
97881.0294 0.0000
97730.8657 0.0000
98110.0349 0.0000
98332.4198 0.0000
98436.5823 0.0000
99013.6502 0.0000
99104.5724 0.0000
98396.2071 0.0000
98608.3295 0.0000
99967.5021 0.0000
99236.4163 0.0000
99867.4549 0.0000
98805.1226 0.0000
99474.1974 0.0000
101504.0660 0.0000
100661.5388 0.0000
100953.1082 0.0000
101823.1870 0.0000
101509.0264 0.0000
102833.6260 0.0000
103159.4084 0.0000
102595.7233 0.0000
102486.6953 0.0000
102944.4832 0.0000
103224.7872 0.0000
102489.8910 0.0000
103123.9263 0.0000
103133.4453 0.0000
103417.8540 0.0000
103638.5566 0.0000
103468.6699 0.0000
104054.0665 0.0000
103472.7453 0.0000
103019.3456 0.0000
104043.0535 0.0000
104912.5997 0.0000
105319.1941 0.0000
105302.0512 0.0000
105089.4352 0.0000
105304.8440 0.0000
106279.0530 0.0000
105523.2731 0.0000
106877.2283 0.0000
107150.5691 0.0000
107587.3597 0.0000
108974.4714 0.0000
107856.2932 0.0000
109087.2391 0.0000
110000.6516 0.0000
110984.7111 0.0000
111241.8501 0.0000
110855.5864 0.0000
111306.0910 0.0000
112176.9358 0.0000
111167.8131 0.0000
112474.4430 0.0000
111951.5808 0.0000
112209.5890 0.0000
112971.4219 0.0000
112983.5713 0.0000
113185.4301 0.0000
113283.0639 0.0000
112401.0161 0.0000
113092.6532 0.0000
113393.4041 0.0000
113969.3081 0.0000
115055.6979 0.0000
115436.8483 0.0000
115099.3617 0.0000
115607.5434 0.0000
114361.2646 0.0000
115695.1142 0.0000
115099.2448 0.0000
116760.1628 0.0000
115808.4853 0.0000
116653.2089 0.0000
117378.4665 0.0000
118128.2219 0.0000
117963.8373 0.0000
117800.0270 0.0000
118568.1527 0.0000
119468.8805 0.0000
119835.4282 0.0000
120468.8552 0.0000
120281.3206 0.0000
121468.0704 0.0000
121564.4520 0.0000
121981.4821 0.0000
121430.2119 0.0000
122124.1737 0.0000
121038.6795 0.0000
123043.2016 0.0000
123568.8343 0.0000
123178.9538 0.0000
123522.8254 0.0000
124608.0915 0.0000
123754.2094 0.0000
123944.5201 0.0000
124232.1719 0.0000
124080.9103 0.0000
124911.1053 0.0000
124347.6207 0.0000
124782.2669 0.0000
124957.6025 0.0000
124905.4275 0.0000
122911.8826 0.0000
125031.7918 0.0000
125060.8150 0.0000
125184.8959 0.0000
126579.8398 0.0000
125732.8074 0.0000
126454.3376 0.0000
126172.6603 0.0000
125476.7734 0.0000
125571.0391 0.0000
127488.5782 0.0000
127823.4679 0.0000
126551.1048 0.0000
127716.4103 0.0000
127214.2569 0.0000
127993.7857 0.0000
127507.3796 0.0000
127073.8142 0.0000
127807.6257 0.0000
127735.7540 0.0000
128969.8232 0.0000
129999.4372 0.0000
128794.6077 0.0000
130443.6009 0.0000
130244.9810 0.0000
129769.1698 0.0000
130554.0952 0.0000
131344.5515 0.0000
130807.7611 0.0000
131167.4654 0.0000
130794.5526 0.0000
130524.5827 0.0000
131132.5124 0.0000
131049.1016 0.0000
132307.9130 0.0000
132676.5119 0.0000
132335.1695 0.0000
132235.0964 0.0000
133902.2830 0.0000
133836.8127 0.0000
133436.5532 0.0000
133035.2035 0.0000
133583.7293 0.0000
133774.1869 0.0000
134407.0981 0.0000
134238.3436 0.0000
134310.8119 0.0000
134377.4374 0.0000
134103.8695 0.0000
133663.8569 0.0000
134567.0005 0.0000
134024.3952 0.0000
133944.3594 0.0000
135388.7728 0.0000
136194.2571 0.0000
136316.8310 0.0000
135847.1456 0.0000
138128.6463 0.0000
139291.0348 0.0000
140011.1689 0.0000
139856.2097 0.0000
140890.9205 0.0000
140001.9898 0.0000
141321.7869 0.0000
140811.1777 0.0000
142561.9183 0.0000
142687.0663 0.0000
142433.8310 0.0000
142862.4106 0.0000
143702.6521 0.0000
142987.3862 0.0000
142275.9806 0.0000
143439.3221 0.0000
143490.4184 0.0000
143095.1599 0.0000
142954.1092 0.0000
143023.7712 0.0000
144130.0618 0.0000
144807.4055 0.0000
144765.2046 0.0000
145141.3693 0.0000
145462.3697 0.0000
145268.0032 0.0000
144722.7442 0.0000
145696.6617 0.0000
145631.1560 0.0000
146740.1360 0.0000
146482.0453 0.0000
146050.5636 0.0000
146772.2499 0.0000
147645.8870 0.0000
148141.6693 0.0000
147121.8809 0.0000
148274.9840 0.0000
148059.8398 0.0000
148635.9551 0.0000
148405.8869 0.0000
149534.0800 0.0000
149339.5061 0.0000
149671.9778 0.0000
149081.0601 0.0000
150886.8124 0.0000
150579.3147 0.0000
150048.8122 0.0000
150276.1323 0.0000
150961.8268 0.0000
150858.6992 0.0000
150834.2951 0.0000
151496.0551 0.0000
152313.5404 0.0000
152616.1834 0.0000
152263.9796 0.0000
152415.5892 0.0000
152824.9780 0.0000
152355.2828 0.0000
152068.4859 0.0000
153066.8009 0.0000
152501.1158 0.0000
152761.9979 0.0000
151879.7332 0.0000
152239.6522 0.0000
153541.2254 0.0000
153312.4493 0.0000
153189.7492 0.0000
153899.2805 0.0000
153730.8568 0.0000
154516.2659 0.0000
155349.2702 0.0000
154944.6716 0.0000
155542.1592 0.0000
155826.0949 0.0000
154997.2059 0.0000
155646.3077 0.0000
155294.0831 0.0000
156311.6463 0.0000
156319.5195 0.0000
156449.0362 0.0000
156070.6764 0.0000
156596.0366 0.0000
157250.1780 0.0000
156750.6330 0.0000
157670.3337 0.0000
157452.3417 0.0000
157804.0019 0.0000
158913.8990 0.0000
158681.9676 0.0000
158988.9274 0.0000
158747.9530 0.0000
158931.2688 0.0000
158599.1168 0.0000
159162.0917 0.0000
159422.7142 0.0000
159789.3833 0.0000
159486.4048 0.0000
161067.4352 0.0000
160398.8858 0.0000
161152.1975 0.0000
161923.1892 0.0000
161959.9574 0.0000
160994.4095 0.0000
161555.8263 0.0000
161718.4563 0.0000
162774.6631 0.0000
163325.9668 0.0000
163838.2636 0.0000
163351.0421 0.0000
164028.3666 0.0000
165004.4203 0.0000
164732.2433 0.0000
164567.6259 0.0000
165629.2463 0.0000
166535.4143 0.0000
166982.3856 0.0000
166765.4710 0.0000
167454.2399 0.0000
166446.6628 0.0000
167885.9190 0.0000
167864.1680 0.0000
167918.6401 0.0000
167361.6794 0.0000
167540.7888 0.0000
168733.2415 0.0000
169620.9761 0.0000
169002.3689 0.0000
168939.8927 0.0000
169674.4338 0.0000
169190.2538 0.0000
169716.9098 0.0000
169947.0843 0.0000
170366.6811 0.0000
169889.8343 0.0000
169984.4287 0.0000
170680.1716 0.0000
170450.5440 0.0000
170446.2749 0.0000
170984.7673 0.0000
171344.4079 0.0000
171426.1806 0.0000
171710.8659 0.0000
171292.2749 0.0000
171240.9350 0.0000
170724.0026 0.0000
171428.1424 0.0000
171810.1257 0.0000
172627.3197 0.0000
173134.1609 0.0000
173330.6384 0.0000
173716.5311 0.0000
173562.6421 0.0000
172952.7983 0.0000
173826.1823 0.0000
173583.3386 0.0000
174500.1589 0.0000
174364.9250 0.0000
173684.8652 0.0000
174965.1138 0.0000
174547.5947 0.0000
175982.8376 0.0000
176032.5008 0.0000
176559.1009 0.0000
177968.2109 0.0000
177758.5583 0.0000
178683.7208 0.0000
180101.5264 0.0000
180764.3169 0.0000
180503.0133 0.0000
180428.6545 0.0000
180483.4332 0.0000
181909.3694 0.0000
181988.1770 0.0000
181591.7042 0.0000
182167.6556 0.0000
182982.4670 0.0000
182613.3067 0.0000
183604.0766 0.0000
183550.6064 0.0000
183794.7290 0.0000
183413.9167 0.0000
184235.0044 0.0000
184891.0485 0.0000
184320.6090 0.0000
185599.7963 0.0000
185558.4476 0.0000
185094.2303 0.0000
185910.8524 0.0000
185440.8947 0.0000
184874.3291 0.0000
185862.3043 0.0000
185556.6809 0.0000
186797.0809 0.0000
186956.1861 0.0000
186576.3368 0.0000
187834.0734 0.0000
188456.0306 0.0000
188099.5941 0.0000
188029.5989 0.0000
189280.6997 0.0000
189735.1290 0.0000
190765.6567 0.0000
190388.0380 0.0000
191009.6379 0.0000
190102.0659 0.0000
190900.8064 0.0000
191353.6472 0.0000
191268.4614 0.0000
191458.1287 0.0000
191855.6465 0.0000
191172.1148 0.0000
191578.6975 0.0000
191917.1276 0.0000
190481.8552 0.0000
192515.5386 0.0000
192177.0831 0.0000
191585.8633 0.0000
193653.3407 0.0000
193601.9358 0.0000
193904.1528 0.0000
194421.7818 0.0000
193819.6083 0.0000
194541.5176 0.0000
194488.6704 0.0000
194041.9354 0.0000
195012.7374 0.0000
195212.5830 0.0000
194925.5276 0.0000
195071.2589 0.0000
194877.9511 0.0000
195362.6330 0.0000
195657.7616 0.0000
196162.0070 0.0000
196036.3728 0.0000
196095.3989 0.0000
195977.9880 0.0000
196364.8413 0.0000
195933.2566 0.0000
195193.0886 0.0000
195876.2758 0.0000
196241.7156 0.0000
196477.8890 0.0000
197245.7181 0.0000
197894.9657 0.0000
198047.5665 0.0000
198236.1511 0.0000
198053.1086 0.0000
198510.4327 0.0000
198876.5547 0.0000
199943.4949 0.0000
199872.1338 0.0000
200485.1222 0.0000
200727.3429 0.0000
200979.1679 0.0000
201389.0475 0.0000
201444.0926 0.0000
201561.2148 0.0000
201059.0989 0.0000
201058.2190 0.0000
201883.7710 0.0000
202291.4790 0.0000
203222.3786 0.0000
203653.7071 0.0000
203597.0922 0.0000
203210.7156 0.0000
204919.7550 0.0000
205406.1038 0.0000
205118.7667 0.0000
205962.5031 0.0000
207034.5511 0.0000
206495.8175 0.0000
207055.1471 0.0000
207090.3669 0.0000
206555.3598 0.0000
206843.9460 0.0000
206878.0606 0.0000
206099.3752 0.0000
207224.1644 0.0000
206587.3104 0.0000
206837.2726 0.0000
205728.8934 0.0000
206802.9243 0.0000
207494.9196 0.0000
207068.9927 0.0000
207726.6668 0.0000
207384.1988 0.0000
207418.4313 0.0000
208536.1980 0.0000
208452.9386 0.0000
208123.2964 0.0000
209586.5464 0.0000
209375.6350 0.0000
208688.3598 0.0000
209915.1314 0.0000
209006.5351 0.0000
209694.1811 0.0000
210058.7538 0.0000
209646.6621 0.0000
209302.8642 0.0000
209429.0820 0.0000
211031.3476 0.0000
210124.6470 0.0000
210485.7317 0.0000
210666.3675 0.0000
210875.2652 0.0000
210689.6709 0.0000
209967.5108 0.0000
210234.2845 0.0000
213019.7837 0.0000
213499.4146 0.0000
214013.0712 0.0000
214542.0840 0.0000
214088.0398 0.0000
215542.7099 0.0000
216806.3445 0.0000
216145.6757 0.0000
218123.4664 0.0000
217606.5820 0.0000
218199.1560 0.0000
218452.2528 0.0000
218818.1391 0.0000
220057.0397 0.0000
220748.6777 0.0000
221196.8816 0.0000
220687.8577 0.0000
221787.5380 0.0000
222168.3643 0.0000
222214.9492 0.0000
222365.4892 0.0000
223136.9887 0.0000
223225.8997 0.0000
222569.1261 0.0000
223148.6601 0.0000
224224.6321 0.0000
223906.9091 0.0000
224348.5570 0.0000
223846.5940 0.0000
224182.8213 0.0000
223818.9935 0.0000
225000.4380 0.0000
225047.2325 0.0000
224495.4708 0.0000
225105.6912 0.0000
224204.3952 0.0000
225618.8678 0.0000
225586.6375 0.0000
224756.8604 0.0000
226123.6413 0.0000
226244.6134 0.0000
226698.9177 0.0000
226607.5984 0.0000
226281.5267 0.0000
226470.3778 0.0000
227525.9650 0.0000
226993.6480 0.0000
226575.3271 0.0000
227852.0985 0.0000
227748.1670 0.0000
226468.7850 0.0000
227276.8699 0.0000
227561.5815 0.0000
227742.8502 0.0000
227200.6907 0.0000
226302.4357 0.0000
228151.8269 0.0000
228951.5086 0.0000
229299.4540 0.0000
229370.1991 0.0000
229571.6008 0.0000
228116.0513 0.0000
229184.4489 0.0000
230320.7354 0.0000
229949.8280 0.0000
230379.7914 0.0000
230342.2615 0.0000
230569.9781 0.0000
229786.2184 0.0000
230897.4252 0.0000
230025.1596 0.0000
231329.7494 0.0000
230097.5003 0.0000
232039.1720 0.0000
231003.4105 0.0000
231905.1474 0.0000
231737.0521 0.0000
232502.2861 0.0000
232309.6901 0.0000
232294.9793 0.0000
232446.0063 0.0000
232271.6391 0.0000
232572.2156 0.0000
232518.7918 0.0000
232406.2859 0.0000
232209.9242 0.0000
231855.8394 0.0000
232136.8616 0.0000
231789.6466 0.0000
232086.1761 0.0000
233085.6438 0.0000
234403.8267 0.0000
233813.7542 0.0000
233938.9999 0.0000
235057.0049 0.0000
234929.4025 0.0000
235769.3023 0.0000
235750.0575 0.0000
236020.8363 0.0000
236949.5679 0.0000
236475.1529 0.0000
236964.4134 0.0000
236916.0218 0.0000
237598.3467 0.0000
237739.7042 0.0000
237684.6448 0.0000
238326.5483 0.0000
237519.1443 0.0000
238929.8443 0.0000
239644.7380 0.0000
239674.8694 0.0000
239780.7242 0.0000
240175.9189 0.0000
239727.1360 0.0000
239381.7075 0.0000
239759.9492 0.0000
238720.8994 0.0000
240012.1826 0.0000
240438.4823 0.0000
240394.9812 0.0000
240456.5401 0.0000
239473.7396 0.0000
240800.4225 0.0000
239560.7417 0.0000
241105.0532 0.0000
240958.7517 0.0000
240307.3248 0.0000
241439.9060 0.0000
241604.0608 0.0000
240464.5274 0.0000
242669.2393 0.0000
242851.1235 0.0000
243199.2680 0.0000
243694.5660 0.0000
244014.2532 0.0000
244143.9040 0.0000
243806.1042 0.0000
244254.8620 0.0000
244329.1854 0.0000
243848.6623 0.0000
244553.9218 0.0000
244870.6487 0.0000
244740.3553 0.0000
245140.8947 0.0000
244542.4044 0.0000
245743.7132 0.0000
246732.1498 0.0000
245748.6280 0.0000
247000.3315 0.0000
247281.4591 0.0000
248543.0500 0.0000
247466.4444 0.0000
248711.9862 0.0000
249453.4696 0.0000
250088.8214 0.0000
249606.3509 0.0000
249969.8825 0.0000
249813.1329 0.0000
249963.1741 0.0000
249508.5552 0.0000
251222.2067 0.0000
250593.5654 0.0000
251224.0620 0.0000
251006.6292 0.0000
251619.3623 0.0000
251705.8322 0.0000
251683.2196 0.0000
251427.3160 0.0000
252357.6482 0.0000
253225.6688 0.0000
253427.4940 0.0000
253008.7757 0.0000
252451.9132 0.0000
252570.9392 0.0000
253081.7161 0.0000
254358.2829 0.0000
254070.9486 0.0000
254179.9421 0.0000
254804.4400 0.0000
255276.6559 0.0000
254853.4254 0.0000
255285.8417 0.0000
255777.8514 0.0000
255491.6259 0.0000
255392.8176 0.0000
256013.9879 0.0000
255123.2559 0.0000
256477.2626 0.0000
257008.3478 0.0000
257327.8035 0.0000
256751.3404 0.0000
257751.4928 0.0000
257754.9214 0.0000
257339.3488 0.0000
257124.3256 0.0000
257906.9452 0.0000
257192.0916 0.0000
258575.1864 0.0000
257532.9659 0.0000
259280.9855 0.0000
259135.2332 0.0000
259039.1143 0.0000
260132.2960 0.0000
260807.5308 0.0000
260563.2001 0.0000
259543.6942 0.0000
261595.5187 0.0000
261872.9188 0.0000
262114.0669 0.0000
261763.1449 0.0000
261217.6543 0.0000
261466.8432 0.0000
261406.0574 0.0000
262058.4450 0.0000
262321.4793 0.0000
262334.8646 0.0000
262270.5731 0.0000
261702.4717 0.0000
261861.0159 0.0000
262631.9108 0.0000
263112.3696 0.0000
261898.3041 0.0000
262159.6410 0.0000
263129.3925 0.0000
263398.4935 0.0000
263450.8927 0.0000
263917.7360 0.0000
263400.6479 0.0000
264227.0175 0.0000
264034.4782 0.0000
264107.1426 0.0000
264510.5862 0.0000
264976.9396 0.0000
265944.0590 0.0000
266921.7231 0.0000
266943.8459 0.0000
266516.8497 0.0000
266028.3668 0.0000
267191.2498 0.0000
266092.7910 0.0000
266827.1590 0.0000
268179.8967 0.0000
267392.1271 0.0000
267695.5435 0.0000
267900.8913 0.0000
269013.8022 0.0000
269569.6735 0.0000
269681.4044 0.0000
270881.9345 0.0000
270083.9520 0.0000
271619.6364 0.0000
271793.7414 0.0000
271123.6726 0.0000
270892.1949 0.0000
271010.9371 0.0000
272148.5030 0.0000
272203.6772 0.0000
271357.0677 0.0000
272740.5020 0.0000
272805.1387 0.0000
273485.9752 0.0000
274407.1388 0.0000
273438.4106 0.0000
275218.0651 0.0000
276204.7784 0.0000
275714.1898 0.0000
275713.7728 0.0000
276602.3187 0.0000
277416.7540 0.0000
277184.2334 0.0000
277676.1098 0.0000
277201.4373 0.0000
277419.8771 0.0000
278136.2992 0.0000
279111.5469 0.0000
279336.5073 0.0000
278381.1292 0.0000
279636.2343 0.0000
281086.7863 0.0000
281639.3421 0.0000
281561.2674 0.0000
281578.6855 0.0000
281590.1299 0.0000
281870.7838 0.0000
281672.3137 0.0000
281829.3295 0.0000
282864.0173 0.0000
284127.0982 0.0000
285101.3709 0.0000
285464.8142 0.0000
285591.4045 0.0000
285983.9322 0.0000
287063.7173 0.0000
287088.3323 0.0000
287192.6643 0.0000
287667.5751 0.0000
287001.0749 0.0000
287541.5037 0.0000
288138.6115 0.0000
287856.0501 0.0000
287911.1384 0.0000
288381.6346 0.0000
289159.3540 0.0000
289380.5550 0.0000
289262.8089 0.0000
290377.4750 0.0000
291429.1659 0.0000
291612.8839 0.0000
291537.1294 0.0000
292137.0746 0.0000
292593.5861 0.0000
292609.4339 0.0000
292712.9450 0.0000
292922.7229 0.0000
292221.4746 0.0000
292850.9872 0.0000
292806.2177 0.0000
293129.6190 0.0000
294126.3858 0.0000
294352.8020 0.0000
295164.9376 0.0000
295646.9707 0.0000
295840.0694 0.0000
294997.7507 0.0000
295802.5730 0.0000
296189.7945 0.0000
295545.8244 0.0000
296503.8772 0.0000
296000.9824 0.0000
295672.9841 0.0000
296608.2937 0.0000
296999.8083 0.0000
297759.0636 0.0000
297656.8192 0.0000
296242.9057 0.0000
298427.4999 0.0000
298043.2464 0.0000
298399.4804 0.0000
298022.3840 0.0000
297999.9825 0.0000
298631.1790 0.0000
299288.2909 0.0000
300076.0456 0.0000
299558.7815 0.0000
299775.5192 0.0000
300034.6495 0.0000
301225.4282 0.0000
301145.5445 0.0000
302017.5580 0.0000
301418.7503 0.0000
302310.1497 0.0000
301839.1872 0.0000
303232.9469 0.0000
302767.1511 0.0000
302897.4483 0.0000
304032.5588 0.0000
304711.9082 0.0000
305150.6872 0.0000
305354.5670 0.0000
305022.0061 0.0000
304615.3475 0.0000
306107.6574 0.0000
306590.2223 0.0000
306834.7605 0.0000
307023.0387 0.0000
307285.4008 0.0000
306669.9851 0.0000
308003.3001 0.0000
307713.5743 0.0000
309237.8118 0.0000
309753.2695 0.0000
308858.9917 0.0000
309305.6592 0.0000
310372.0808 0.0000
310735.4477 0.0000
310611.4226 0.0000
310394.3508 0.0000
310861.0951 0.0000
310351.7985 0.0000
311338.1738 0.0000
312212.5293 0.0000
313808.1328 0.0000
314004.5859 0.0000
314315.4569 0.0000
314431.8922 0.0000
314014.1718 0.0000
314054.6812 0.0000
314658.4568 0.0000
315273.1430 0.0000
314969.5649 0.0000
315662.6604 0.0000
