-100.0000 -100.0000
1865.2624 0.0000
2956.7336 0.0000
3810.9150 0.0000
3936.1163 0.0000
4510.3286 0.0000
2900.5377 0.0000
1472.0350 0.0000
3040.8628 0.0000
2166.0798 0.0000
2796.6247 0.0000
3910.6746 0.0000
2760.9783 0.0000
3641.9987 0.0000
3020.2562 0.0000
2913.1205 0.0000
2479.2691 0.0000
3220.5095 0.0000
3373.5667 0.0000
2524.6039 0.0000
3128.9153 0.0000
2917.0180 0.0000
2024.4893 0.0000
3258.9280 0.0000
3168.7856 0.0000
3287.9313 0.0000
2577.1661 0.0000
2783.1476 0.0000
2621.8845 0.0000
2018.5505 0.0000
2499.8267 0.0000
2108.3379 0.0000
2602.8643 0.0000
1806.8305 0.0000
2415.7616 0.0000
3536.3875 0.0000
2637.8553 0.0000
2797.8060 0.0000
3389.1739 0.0000
3082.0914 0.0000
3300.6615 0.0000
2418.8163 0.0000
2981.2984 0.0000
3044.7028 0.0000
3277.7891 0.0000
2063.5245 0.0000
3032.5748 0.0000
3562.5629 0.0000
3603.1370 0.0000
2735.8246 0.0000
2924.4535 0.0000
3690.9606 0.0000
4186.1329 0.0000
3698.8650 0.0000
4066.8857 0.0000
1613.2501 0.0000
2723.5079 0.0000
2529.0104 0.0000
3068.0582 0.0000
1933.1424 0.0000
3377.6909 0.0000
1258.8301 0.0000
2608.8727 0.0000
3055.1888 0.0000
3601.7166 0.0000
1716.2448 0.0000
2061.3411 0.0000
1850.7785 0.0000
2333.9107 0.0000
2333.5118 0.0000
3660.1948 0.0000
3459.9687 0.0000
3940.1007 0.0000
3778.8911 0.0000
2674.8985 0.0000
2869.0111 0.0000
2791.7568 0.0000
3504.9245 0.0000
3214.5318 0.0000
2821.5623 0.0000
3876.7166 0.0000
3474.0865 0.0000
4529.5782 0.0000
4115.4182 0.0000
4348.6027 0.0000
4144.7163 0.0000
3690.3803 0.0000
4039.1421 0.0000
5420.5162 0.0000
4775.4538 0.0000
4708.2633 0.0000
4246.2938 0.0000
5137.3205 0.0000
3908.7416 0.0000
3997.3440 0.0000
4363.9405 0.0000
4413.4765 0.0000
4566.8583 0.0000
4656.6610 0.0000
4774.3126 0.0000
3669.7676 0.0000
4549.5756 0.0000
5435.2203 0.0000
4577.5818 0.0000
5361.6631 0.0000
4311.6817 0.0000
5220.1383 0.0000
5373.1065 0.0000
4325.1631 0.0000
4180.8671 0.0000
5117.4661 0.0000
5525.9324 0.0000
4071.0263 0.0000
4636.5708 0.0000
4602.6660 0.0000
4086.6959 0.0000
4210.7819 0.0000
3291.5583 0.0000
4372.0597 0.0000
4017.9946 0.0000
4665.8798 0.0000
4274.5647 0.0000
4395.5780 0.0000
3416.4323 0.0000
4614.3721 0.0000
5049.8234 0.0000
4125.2678 0.0000
4884.4157 0.0000
4390.1120 0.0000
4338.7885 0.0000
5500.7169 0.0000
4296.3002 0.0000
5528.5916 0.0000
4118.4129 0.0000
4139.1543 0.0000
4125.9410 0.0000
4021.3799 0.0000
5264.2381 0.0000
3964.6686 0.0000
3350.7648 0.0000
4952.7730 0.0000
4851.7113 0.0000
5386.0635 0.0000
4506.3179 0.0000
5547.7080 0.0000
4846.2234 0.0000
5050.5437 0.0000
5485.0251 0.0000
5411.0117 0.0000
4489.6357 0.0000
3422.3630 0.0000
5764.7753 0.0000
5391.6444 0.0000
4174.1625 0.0000
5003.4618 0.0000
4470.3949 0.0000
4813.4291 0.0000
5357.6537 0.0000
4120.8622 0.0000
5815.2453 0.0000
4236.0837 0.0000
5760.0495 0.0000
4480.3192 0.0000
4040.0504 0.0000
5695.4546 0.0000
4997.9518 0.0000
4343.2524 0.0000
4964.7735 0.0000
5238.4150 0.0000
5631.7576 0.0000
4917.2000 0.0000
4832.8124 0.0000
5260.9805 0.0000
5048.1388 0.0000
5107.8008 0.0000
5657.4281 0.0000
5210.4062 0.0000
4835.8545 0.0000
5480.8496 0.0000
5970.4808 0.0000
4901.0022 0.0000
4112.7364 0.0000
4409.2718 0.0000
4992.8387 0.0000
5292.0731 0.0000
4577.2746 0.0000
5863.1956 0.0000
5392.9293 0.0000
4510.6132 0.0000
4816.4264 0.0000
3975.2834 0.0000
5167.7277 0.0000
4985.4513 0.0000
4945.8610 0.0000
5617.5624 0.0000
5006.0787 0.0000
5600.3066 0.0000
5057.6535 0.0000
5866.0969 0.0000
4782.2478 0.0000
5712.6500 0.0000
6107.7688 0.0000
5297.3737 0.0000
5539.6843 0.0000
5287.5696 0.0000
5205.1386 0.0000
4190.5408 0.0000
5634.6489 0.0000
4606.7827 0.0000
5431.9576 0.0000
5187.8196 0.0000
4771.5664 0.0000
5010.4313 0.0000
4442.2052 0.0000
3475.1632 0.0000
4949.0360 0.0000
5272.0016 0.0000
5296.0201 0.0000
5458.9774 0.0000
5408.9387 0.0000
4528.9038 0.0000
5125.9969 0.0000
5718.4190 0.0000
4597.4419 0.0000
5174.4607 0.0000
4354.1631 0.0000
5298.8343 0.0000
6457.9107 0.0000
6363.7608 0.0000
5658.3979 0.0000
5320.4838 0.0000
4637.9955 0.0000
5307.5406 0.0000
5113.0297 0.0000
5801.7043 0.0000
5748.1094 0.0000
5791.2031 0.0000
6731.2894 0.0000
5632.3480 0.0000
5277.2583 0.0000
6118.2913 0.0000
5676.5629 0.0000
6319.9998 0.0000
5455.1737 0.0000
5521.3283 0.0000
6060.2999 0.0000
5668.6668 0.0000
6067.7103 0.0000
5503.3851 0.0000
5046.0305 0.0000
5478.5125 0.0000
5231.3765 0.0000
6581.9467 0.0000
6389.1080 0.0000
4918.9312 0.0000
6090.4336 0.0000
6951.7664 0.0000
6226.2987 0.0000
6102.2662 0.0000
6713.8556 0.0000
7408.7255 0.0000
6640.2104 0.0000
6694.4924 0.0000
6161.6399 0.0000
6712.4870 0.0000
6660.3073 0.0000
5202.4274 0.0000
6919.3189 0.0000
6817.4234 0.0000
6540.6405 0.0000
6127.5028 0.0000
5843.2319 0.0000
6493.4831 0.0000
6931.2279 0.0000
8001.8159 0.0000
7851.3809 0.0000
7087.2636 0.0000
6896.7508 0.0000
7532.5890 0.0000
6451.2317 0.0000
7021.6236 0.0000
6647.3128 0.0000
7003.7933 0.0000
7872.9864 0.0000
6121.5463 0.0000
6711.9166 0.0000
8047.5031 0.0000
7047.3670 0.0000
5749.4558 0.0000
8051.7471 0.0000
7156.3067 0.0000
6530.3453 0.0000
6350.1255 0.0000
5794.6487 0.0000
7294.8600 0.0000
6711.6680 0.0000
7470.5549 0.0000
7841.1440 0.0000
5765.2589 0.0000
7517.9919 0.0000
6731.7030 0.0000
6950.4967 0.0000
6580.7195 0.0000
6277.3079 0.0000
6853.9228 0.0000
7129.9797 0.0000
6358.1738 0.0000
7243.7195 0.0000
6416.5145 0.0000
7655.7302 0.0000
7364.8865 0.0000
7352.0889 0.0000
6649.9181 0.0000
8032.8288 0.0000
6951.5519 0.0000
6331.4524 0.0000
7879.4021 0.0000
6007.5415 0.0000
7432.5367 0.0000
7546.4937 0.0000
7269.8919 0.0000
7468.4528 0.0000
7603.1392 0.0000
8699.1387 0.0000
6745.7971 0.0000
7383.6215 0.0000
7221.4171 0.0000
6352.5735 0.0000
6784.1000 0.0000
7084.0830 0.0000
6670.6646 0.0000
6734.1166 0.0000
7241.6554 0.0000
7065.9586 0.0000
7148.5935 0.0000
7391.4466 0.0000
7527.6936 0.0000
7844.0047 0.0000
8163.1494 0.0000
7002.4315 0.0000
7912.0400 0.0000
7524.7777 0.0000
7495.3907 0.0000
7332.9129 0.0000
7565.8173 0.0000
7783.7002 0.0000
7107.5791 0.0000
7280.3630 0.0000
6720.6515 0.0000
7420.6303 0.0000
8794.0015 0.0000
7983.1141 0.0000
7655.8742 0.0000
7086.0445 0.0000
7983.4329 0.0000
7898.4861 0.0000
8293.6248 0.0000
7494.5621 0.0000
8492.3995 0.0000
7921.6358 0.0000
8161.0286 0.0000
7757.8473 0.0000
8070.9336 0.0000
8615.2105 0.0000
8613.8059 0.0000
8175.9454 0.0000
8540.2355 0.0000
8356.4640 0.0000
6902.8196 0.0000
8272.0365 0.0000
8566.9446 0.0000
8266.9110 0.0000
7666.3902 0.0000
8686.7069 0.0000
8895.3724 0.0000
8277.2319 0.0000
8299.8431 0.0000
8847.3678 0.0000
9566.3671 0.0000
8384.2676 0.0000
8528.9631 0.0000
9166.8104 0.0000
8620.4647 0.0000
8842.3133 0.0000
8912.9034 0.0000
7837.1739 0.0000
8753.3033 0.0000
8731.0131 0.0000
8144.0827 0.0000
9354.4794 0.0000
8617.1576 0.0000
9231.4742 0.0000
8179.0336 0.0000
8372.4900 0.0000
9444.2369 0.0000
9227.4223 0.0000
7846.0217 0.0000
9443.7546 0.0000
8181.9369 0.0000
9272.7215 0.0000
8874.9215 0.0000
8440.6321 0.0000
8409.9057 0.0000
8928.0513 0.0000
8696.9689 0.0000
9327.0073 0.0000
7394.1877 0.0000
8590.6598 0.0000
9739.9850 0.0000
9175.0735 0.0000
10883.6498 0.0000
9876.8412 0.0000
10005.3621 0.0000
10245.7048 0.0000
9119.4066 0.0000
8910.6442 0.0000
10793.3516 0.0000
9023.0241 0.0000
9658.4935 0.0000
10636.1415 0.0000
9561.6561 0.0000
9647.6379 0.0000
10056.8783 0.0000
10234.8123 0.0000
10219.8274 0.0000
9091.1013 0.0000
9088.9472 0.0000
9531.7083 0.0000
10362.7745 0.0000
10175.8294 0.0000
9381.1607 0.0000
9731.8793 0.0000
9168.9373 0.0000
9287.3518 0.0000
9929.2994 0.0000
10264.8740 0.0000
9898.8144 0.0000
9713.1246 0.0000
10256.9803 0.0000
9355.1376 0.0000
9687.0244 0.0000
10363.1204 0.0000
8724.8779 0.0000
10432.1440 0.0000
10853.9304 0.0000
10082.2374 0.0000
11101.0326 0.0000
10657.9678 0.0000
10622.5191 0.0000
11648.9591 0.0000
10106.5876 0.0000
10432.7133 0.0000
9255.5047 0.0000
10461.6929 0.0000
10310.9287 0.0000
10138.6743 0.0000
11057.0698 0.0000
10774.1721 0.0000
9434.2332 0.0000
10606.1706 0.0000
9945.1465 0.0000
10980.5587 0.0000
11109.4009 0.0000
11327.3587 0.0000
11030.2226 0.0000
11259.2003 0.0000
10670.0732 0.0000
11063.9094 0.0000
10230.4993 0.0000
11127.3705 0.0000
10116.7828 0.0000
10521.9836 0.0000
10794.7275 0.0000
11220.9847 0.0000
8533.5637 0.0000
11117.0116 0.0000
11218.7388 0.0000
10616.8350 0.0000
10819.7740 0.0000
10239.5286 0.0000
11684.2666 0.0000
9806.6480 0.0000
9900.2440 0.0000
10026.1223 0.0000
10468.7786 0.0000
10727.4159 0.0000
10249.8554 0.0000
10386.9873 0.0000
11094.1758 0.0000
10307.5516 0.0000
11168.1140 0.0000
9656.4532 0.0000
10895.8621 0.0000
10829.8801 0.0000
10456.3161 0.0000
10082.7219 0.0000
11371.5930 0.0000
10556.7073 0.0000
10437.0275 0.0000
10857.2331 0.0000
9947.1309 0.0000
10287.4807 0.0000
11218.4029 0.0000
12108.5483 0.0000
13006.4433 0.0000
12938.5214 0.0000
12716.6700 0.0000
12412.9817 0.0000
11901.1569 0.0000
11905.0052 0.0000
13460.7236 0.0000
13506.2798 0.0000
12736.9850 0.0000
13575.2057 0.0000
14210.9434 0.0000
13689.0901 0.0000
13414.4448 0.0000
13483.4599 0.0000
12961.8319 0.0000
13657.0979 0.0000
13620.8720 0.0000
14542.0051 0.0000
12620.2567 0.0000
13567.2712 0.0000
13410.1013 0.0000
14027.7573 0.0000
13437.0431 0.0000
13593.1067 0.0000
14820.1792 0.0000
14340.7371 0.0000
14067.6755 0.0000
13372.1976 0.0000
14118.7521 0.0000
14009.9930 0.0000
13997.1686 0.0000
13925.6792 0.0000
13938.7299 0.0000
14125.6840 0.0000
13638.8568 0.0000
13833.2420 0.0000
13629.2866 0.0000
13886.2801 0.0000
14155.5351 0.0000
14818.8671 0.0000
13977.3462 0.0000
13904.1063 0.0000
13979.7722 0.0000
13954.7499 0.0000
13774.6308 0.0000
14000.0692 0.0000
14214.2609 0.0000
14744.1673 0.0000
14742.3635 0.0000
15978.0731 0.0000
14684.4434 0.0000
15168.5754 0.0000
14271.7133 0.0000
14639.8779 0.0000
14455.1988 0.0000
14902.4053 0.0000
14331.3023 0.0000
15174.0740 0.0000
14855.2809 0.0000
14310.0944 0.0000
14523.1269 0.0000
15561.7665 0.0000
15089.6904 0.0000
15403.0660 0.0000
14800.6715 0.0000
14721.8210 0.0000
14238.7001 0.0000
15134.1288 0.0000
14649.8540 0.0000
14379.3095 0.0000
14055.4163 0.0000
14752.0768 0.0000
15613.1111 0.0000
15956.0648 0.0000
14986.2711 0.0000
13973.9854 0.0000
15356.5845 0.0000
14941.5390 0.0000
15565.5574 0.0000
14295.2236 0.0000
16195.6495 0.0000
14971.9638 0.0000
15622.9808 0.0000
15063.6047 0.0000
15958.1678 0.0000
13858.2489 0.0000
14789.5675 0.0000
14969.3719 0.0000
15157.9160 0.0000
16033.1572 0.0000
14797.5558 0.0000
14869.1359 0.0000
15619.1789 0.0000
15411.9580 0.0000
16324.8829 0.0000
16223.6692 0.0000
15220.9638 0.0000
16033.1286 0.0000
14942.3794 0.0000
14430.8747 0.0000
15432.1732 0.0000
15402.3428 0.0000
15061.4792 0.0000
15267.1880 0.0000
16474.3420 0.0000
16066.0613 0.0000
16025.0166 0.0000
14401.3535 0.0000
15617.2660 0.0000
14776.0128 0.0000
16579.5210 0.0000
16741.4178 0.0000
15205.4304 0.0000
15424.5351 0.0000
15157.3956 0.0000
15995.5522 0.0000
15400.7267 0.0000
15371.7971 0.0000
16032.6377 0.0000
14754.8354 0.0000
15562.6907 0.0000
