-100.0000 -100.0000
1760.4613 0.0000
2860.8065 0.0000
3714.2377 0.0000
3839.5331 0.0000
4413.7755 0.0000
2803.7420 0.0000
1374.9590 0.0000
2944.2522 0.0000
2069.0671 0.0000
2699.8170 0.0000
3813.9558 0.0000
2665.1874 0.0000
3545.4519 0.0000
2923.6668 0.0000
2816.2914 0.0000
2382.3195 0.0000
3123.7042 0.0000
3276.9248 0.0000
2427.6345 0.0000
3032.1365 0.0000
2820.3001 0.0000
1928.8114 0.0000
3162.3595 0.0000
3072.1658 0.0000
3191.1983 0.0000
2480.2619 0.0000
2686.3019 0.0000
2524.9612 0.0000
1921.4591 0.0000
2402.8114 0.0000
2011.3824 0.0000
2506.1163 0.0000
1709.6821 0.0000
2318.8416 0.0000
3439.7689 0.0000
2540.9740 0.0000
2700.9330 0.0000
3292.6240 0.0000
2985.3804 0.0000
3203.9060 0.0000
2321.8568 0.0000
2884.3509 0.0000
2947.9622 0.0000
3181.0511 0.0000
1966.5604 0.0000
2936.5947 0.0000
3471.4215 0.0000
3511.8751 0.0000
2646.3064 0.0000
2834.5512 0.0000
3599.5913 0.0000
4094.0246 0.0000
3607.4933 0.0000
3974.9654 0.0000
1526.8334 0.0000
2633.9764 0.0000
2439.9932 0.0000
2977.8350 0.0000
1845.7748 0.0000
3286.9153 0.0000
1173.6335 0.0000
2519.6757 0.0000
2965.0471 0.0000
3510.4491 0.0000
1629.5350 0.0000
1973.5422 0.0000
1763.8897 0.0000
2245.3521 0.0000
2245.0192 0.0000
3568.9263 0.0000
3368.9713 0.0000
3848.3811 0.0000
3687.3759 0.0000
2585.6223 0.0000
2779.1446 0.0000
2702.1250 0.0000
3413.9402 0.0000
3124.0556 0.0000
2731.8741 0.0000
3785.0729 0.0000
3383.1795 0.0000
4433.5698 0.0000
4020.6562 0.0000
4253.6637 0.0000
4048.7166 0.0000
3594.6309 0.0000
3944.4957 0.0000
5325.2559 0.0000
4680.4552 0.0000
4613.1798 0.0000
4151.5418 0.0000
5042.1578 0.0000
3814.1433 0.0000
3902.5044 0.0000
4269.0625 0.0000
4318.7289 0.0000
4471.9210 0.0000
4561.6866 0.0000
4679.2740 0.0000
3575.3878 0.0000
4453.5223 0.0000
5333.6852 0.0000
4474.3457 0.0000
5260.0286 0.0000
4207.7344 0.0000
5118.2283 0.0000
5271.5079 0.0000
4229.1170 0.0000
4076.5148 0.0000
5015.4118 0.0000
5424.6049 0.0000
3966.4442 0.0000
4533.4694 0.0000
4499.4602 0.0000
3982.1194 0.0000
4106.5775 0.0000
3184.3460 0.0000
4268.3127 0.0000
3913.2368 0.0000
4562.7850 0.0000
4170.4841 0.0000
4299.4724 0.0000
3309.7450 0.0000
4511.1689 0.0000
4947.5934 0.0000
4020.8383 0.0000
4781.8244 0.0000
4286.4804 0.0000
4234.9364 0.0000
5399.3247 0.0000
4192.3849 0.0000
5427.2661 0.0000
4013.9775 0.0000
4034.7499 0.0000
4021.5046 0.0000
3916.6024 0.0000
5162.4791 0.0000
3859.8356 0.0000
3243.8596 0.0000
4856.7526 0.0000
4743.6668 0.0000
5279.9679 0.0000
4396.7877 0.0000
5442.1076 0.0000
4738.1531 0.0000
4943.3396 0.0000
5379.2250 0.0000
5305.0192 0.0000
4380.0785 0.0000
3306.9471 0.0000
5659.8868 0.0000
5285.6336 0.0000
4063.0631 0.0000
4896.0086 0.0000
4360.7003 0.0000
4705.2772 0.0000
5251.5108 0.0000
4009.4431 0.0000
5710.4972 0.0000
4125.3284 0.0000
5655.2030 0.0000
4370.6580 0.0000
3928.2391 0.0000
5590.3796 0.0000
4890.4793 0.0000
4247.3080 0.0000
4868.7476 0.0000
5144.9717 0.0000
5537.9544 0.0000
4823.9943 0.0000
4739.7333 0.0000
5167.4731 0.0000
4954.8195 0.0000
5014.4305 0.0000
5563.6105 0.0000
5116.9767 0.0000
4742.8004 0.0000
5387.1204 0.0000
5876.4166 0.0000
4804.8972 0.0000
4020.5624 0.0000
4316.6939 0.0000
4896.7327 0.0000
5193.5993 0.0000
4478.1674 0.0000
5765.1359 0.0000
5294.4949 0.0000
4411.4155 0.0000
4717.4259 0.0000
3875.4130 0.0000
5071.6814 0.0000
4886.2576 0.0000
4846.4876 0.0000
5518.8004 0.0000
4906.8857 0.0000
5501.5345 0.0000
4958.4713 0.0000
5767.7008 0.0000
4682.6101 0.0000
5614.0623 0.0000
6009.5317 0.0000
5198.2415 0.0000
5440.8488 0.0000
5188.6168 0.0000
5105.9936 0.0000
4090.2146 0.0000
5536.0091 0.0000
4507.0635 0.0000
5333.0356 0.0000
5088.6684 0.0000
4672.1683 0.0000
4911.2187 0.0000
4342.2756 0.0000
3373.7939 0.0000
4849.6693 0.0000
5175.9699 0.0000
5196.9984 0.0000
5360.2152 0.0000
5310.0728 0.0000
4429.1191 0.0000
5026.9486 0.0000
5619.8686 0.0000
4497.7562 0.0000
5075.4220 0.0000
4254.2793 0.0000
5199.8798 0.0000
6359.8897 0.0000
6265.5869 0.0000
5559.7980 0.0000
5221.5077 0.0000
4538.2378 0.0000
5208.5997 0.0000
5013.8073 0.0000
5705.6682 0.0000
5642.6125 0.0000
5695.1533 0.0000
6628.4182 0.0000
5526.4253 0.0000
5170.0922 0.0000
6013.8666 0.0000
5570.8275 0.0000
6216.1308 0.0000
5359.0909 0.0000
5415.0519 0.0000
5955.7007 0.0000
5562.8689 0.0000
5963.1299 0.0000
5397.0417 0.0000
4937.9955 0.0000
5372.0855 0.0000
5124.0505 0.0000
6478.7111 0.0000
6293.0419 0.0000
4809.5652 0.0000
5985.4348 0.0000
6849.0514 0.0000
6121.6915 0.0000
5997.3143 0.0000
6610.6094 0.0000
7306.9188 0.0000
6536.6229 0.0000
6591.1081 0.0000
6056.9124 0.0000
6609.1578 0.0000
6556.8477 0.0000
5094.3376 0.0000
6816.4785 0.0000
6714.3362 0.0000
6436.9194 0.0000
6022.5328 0.0000
5737.5239 0.0000
6389.6624 0.0000
6835.1406 0.0000
7902.5995 0.0000
7752.0357 0.0000
6986.9202 0.0000
6796.1710 0.0000
7432.8914 0.0000
6349.9349 0.0000
6921.2231 0.0000
6546.3435 0.0000
6903.3829 0.0000
7773.6421 0.0000
6019.7003 0.0000
6611.0719 0.0000
7948.3574 0.0000
6947.0139 0.0000
5646.7955 0.0000
7952.5864 0.0000
7056.1035 0.0000
6429.2257 0.0000
6248.6628 0.0000
5692.0742 0.0000
7194.8436 0.0000
6610.8189 0.0000
7370.7675 0.0000
7741.7534 0.0000
5662.6121 0.0000
7418.2459 0.0000
6630.8934 0.0000
6850.0089 0.0000
6479.6464 0.0000
6175.7065 0.0000
6753.2994 0.0000
7029.7702 0.0000
6256.7550 0.0000
7143.6635 0.0000
6315.1086 0.0000
7556.1616 0.0000
7264.9850 0.0000
7252.1674 0.0000
6548.9371 0.0000
7933.6508 0.0000
6851.0333 0.0000
6229.9152 0.0000
7780.0679 0.0000
5905.4164 0.0000
7336.4389 0.0000
7450.3842 0.0000
7170.9992 0.0000
7369.7603 0.0000
7504.5188 0.0000
8601.2371 0.0000
6646.3339 0.0000
7284.8593 0.0000
7122.4900 0.0000
6252.7246 0.0000
6684.6911 0.0000
6984.9875 0.0000
6571.1951 0.0000
6634.6445 0.0000
7142.7166 0.0000
6966.8895 0.0000
7049.5607 0.0000
7292.6216 0.0000
7429.0174 0.0000
7745.5986 0.0000
8064.9510 0.0000
6903.2536 0.0000
7813.6484 0.0000
7426.1316 0.0000
7396.6618 0.0000
7234.0787 0.0000
7467.1604 0.0000
7685.2689 0.0000
7008.5279 0.0000
7181.4543 0.0000
6621.1501 0.0000
7321.8748 0.0000
8696.1813 0.0000
7884.8156 0.0000
7557.2959 0.0000
6986.9713 0.0000
7885.1012 0.0000
7800.1104 0.0000
8195.5180 0.0000
7395.8430 0.0000
8394.4433 0.0000
7825.5122 0.0000
8064.9754 0.0000
7661.7144 0.0000
7974.9030 0.0000
8519.1239 0.0000
8517.7317 0.0000
8079.8816 0.0000
8444.1497 0.0000
8260.3904 0.0000
6806.8508 0.0000
8175.9775 0.0000
8470.8770 0.0000
8170.8519 0.0000
7570.2616 0.0000
8590.6419 0.0000
8799.2145 0.0000
8178.6412 0.0000
8201.2656 0.0000
8749.1944 0.0000
9468.6187 0.0000
8285.7570 0.0000
8430.5573 0.0000
9068.8440 0.0000
8522.1373 0.0000
8744.1420 0.0000
8816.7407 0.0000
7739.1608 0.0000
8655.7587 0.0000
8633.4845 0.0000
8046.2060 0.0000
9257.2106 0.0000
8521.0004 0.0000
9134.1386 0.0000
8081.2301 0.0000
8274.7593 0.0000
9346.9754 0.0000
9130.0998 0.0000
7748.0068 0.0000
9346.5017 0.0000
8084.1050 0.0000
9175.4126 0.0000
8777.4410 0.0000
8342.9525 0.0000
8312.1851 0.0000
8830.6040 0.0000
8599.4257 0.0000
9229.7005 0.0000
7295.8915 0.0000
8493.0689 0.0000
9643.8096 0.0000
9076.0271 0.0000
10785.8561 0.0000
9778.3968 0.0000
9907.0128 0.0000
10147.5262 0.0000
9020.3146 0.0000
8814.4915 0.0000
10695.5003 0.0000
8923.8254 0.0000
9559.8707 0.0000
10538.2098 0.0000
9462.9554 0.0000
9549.0159 0.0000
9958.5563 0.0000
10136.6232 0.0000
10121.6290 0.0000
8991.9659 0.0000
8989.8245 0.0000
9432.9806 0.0000
10264.6696 0.0000
10077.6032 0.0000
9282.2938 0.0000
9633.3129 0.0000
9069.8833 0.0000
9188.4035 0.0000
9830.8910 0.0000
10166.7013 0.0000
9800.3843 0.0000
9614.5534 0.0000
10158.8122 0.0000
9256.2603 0.0000
9588.4230 0.0000
10265.0162 0.0000
8625.3576 0.0000
10335.9591 0.0000
10756.1329 0.0000
9983.9565 0.0000
11003.3615 0.0000
10561.7773 0.0000
10524.7563 0.0000
11551.6503 0.0000
10008.5144 0.0000
10334.8321 0.0000
9156.8074 0.0000
10363.8289 0.0000
10214.7432 0.0000
10040.6196 0.0000
10959.5091 0.0000
10676.4885 0.0000
9338.0538 0.0000
10508.3872 0.0000
9846.9623 0.0000
10882.9609 0.0000
11011.8723 0.0000
11229.9186 0.0000
10932.6535 0.0000
11161.7273 0.0000
10572.3271 0.0000
10966.3620 0.0000
10132.4858 0.0000
11029.8457 0.0000
10018.7275 0.0000
10424.1573 0.0000
10697.0337 0.0000
11123.4917 0.0000
8434.1577 0.0000
11019.4769 0.0000
11121.2498 0.0000
10519.0576 0.0000
10722.1007 0.0000
10141.5411 0.0000
11586.9720 0.0000
9710.4781 0.0000
9802.0446 0.0000
9927.9955 0.0000
10372.5909 0.0000
10629.7030 0.0000
10151.8774 0.0000
10289.0740 0.0000
10996.6410 0.0000
10211.3542 0.0000
11070.6020 0.0000
9558.0815 0.0000
10798.2309 0.0000
10732.2156 0.0000
10358.4548 0.0000
9986.5461 0.0000
11274.1689 0.0000
10458.8982 0.0000
10339.1578 0.0000
10759.5856 0.0000
9850.9244 0.0000
10189.5176 0.0000
11120.9188 0.0000
12012.3456 0.0000
12909.5466 0.0000
12841.6077 0.0000
12619.7108 0.0000
12315.9317 0.0000
11803.9504 0.0000
11807.7973 0.0000
13364.5194 0.0000
13409.8547 0.0000
12640.4939 0.0000
13478.9948 0.0000
14114.5692 0.0000
13592.6863 0.0000
13318.0182 0.0000
13387.0402 0.0000
12865.3728 0.0000
13560.8846 0.0000
13524.6579 0.0000
14445.2918 0.0000
12523.0804 0.0000
13470.3601 0.0000
13313.1513 0.0000
13930.9473 0.0000
13340.1016 0.0000
13496.2010 0.0000
14723.5105 0.0000
14243.9877 0.0000
13970.8744 0.0000
13275.2393 0.0000
14021.9616 0.0000
13913.1795 0.0000
13900.3530 0.0000
13829.4671 0.0000
13842.2211 0.0000
14029.1920 0.0000
13542.3214 0.0000
13736.7208 0.0000
13532.7437 0.0000
13789.7638 0.0000
14059.0481 0.0000
14722.4347 0.0000
13880.8428 0.0000
13807.8957 0.0000
13883.2670 0.0000
13858.2439 0.0000
13678.1084 0.0000
13903.5659 0.0000
14117.7799 0.0000
14647.7300 0.0000
14646.1488 0.0000
15881.5805 0.0000
14587.7979 0.0000
15071.9973 0.0000
14175.0028 0.0000
14543.2230 0.0000
14358.5167 0.0000
14806.1916 0.0000
14235.0187 0.0000
15077.8073 0.0000
14759.0079 0.0000
14213.8095 0.0000
14426.8471 0.0000
15465.5065 0.0000
14993.4224 0.0000
15306.8027 0.0000
14704.3966 0.0000
14625.5454 0.0000
14142.4135 0.0000
15037.8613 0.0000
14553.5770 0.0000
14283.0269 0.0000
13959.1261 0.0000
14655.8022 0.0000
15516.8514 0.0000
15859.8102 0.0000
14890.0007 0.0000
13877.6926 0.0000
15260.3209 0.0000
14845.2677 0.0000
15469.2977 0.0000
14198.9391 0.0000
16099.3974 0.0000
14875.6928 0.0000
15526.7643 0.0000
14967.5411 0.0000
15862.0648 0.0000
13762.0298 0.0000
14693.5192 0.0000
14873.3138 0.0000
15061.8473 0.0000
15937.0507 0.0000
14701.5050 0.0000
14773.0820 0.0000
15522.9630 0.0000
15315.8771 0.0000
16228.7652 0.0000
16127.5563 0.0000
15124.8919 0.0000
15937.0218 0.0000
14846.3226 0.0000
14334.8473 0.0000
15336.0921 0.0000
15306.2631 0.0000
14965.4161 0.0000
15171.1142 0.0000
16378.2207 0.0000
15969.9537 0.0000
15928.9106 0.0000
14305.3288 0.0000
15521.1768 0.0000
14679.7964 0.0000
16483.3957 0.0000
16645.2874 0.0000
15109.3601 0.0000
15328.3184 0.0000
15061.3271 0.0000
15899.4468 0.0000
15304.6465 0.0000
15275.7185 0.0000
15936.5304 0.0000
14658.7893 0.0000
15466.4749 0.0000
