-100.0000 -100.0000
1870.0529 0.0000
2969.0954 0.0000
3817.0872 0.0000
3942.5147 0.0000
4517.5291 0.0000
2905.0103 0.0000
1472.3776 0.0000
3045.7391 0.0000
2168.5907 0.0000
2800.7722 0.0000
3916.9758 0.0000
2773.6381 0.0000
3647.9153 0.0000
3024.9772 0.0000
2917.5099 0.0000
2482.6497 0.0000
3225.5902 0.0000
3379.0280 0.0000
2528.1313 0.0000
3133.8348 0.0000
2921.4499 0.0000
2037.3544 0.0000
3264.1507 0.0000
3173.8296 0.0000
3293.1255 0.0000
2580.8271 0.0000
2787.2339 0.0000
2625.5944 0.0000
2020.6254 0.0000
2503.2188 0.0000
2110.7046 0.0000
2606.5872 0.0000
1808.2926 0.0000
2419.0231 0.0000
3542.1257 0.0000
2641.6894 0.0000
2801.9814 0.0000
3394.6084 0.0000
3086.8978 0.0000
3305.8819 0.0000
2422.0813 0.0000
2985.8374 0.0000
3049.4126 0.0000
3282.9987 0.0000
2065.8951 0.0000
3044.9351 0.0000
3570.1244 0.0000
3610.5100 0.0000
2742.2749 0.0000
2931.1205 0.0000
3698.6735 0.0000
4194.2917 0.0000
3706.5459 0.0000
4075.0781 0.0000
1617.4297 0.0000
2729.7841 0.0000
2534.9499 0.0000
3074.9585 0.0000
1938.0937 0.0000
3384.9176 0.0000
1262.3278 0.0000
2614.9724 0.0000
3062.0259 0.0000
3609.2397 0.0000
1720.7983 0.0000
2066.4910 0.0000
1855.6260 0.0000
2339.5240 0.0000
2339.1942 0.0000
3667.8305 0.0000
3467.3287 0.0000
3948.0483 0.0000
3786.5119 0.0000
2681.3982 0.0000
2875.5053 0.0000
2798.1552 0.0000
3512.3404 0.0000
3221.5794 0.0000
2828.0873 0.0000
3884.5089 0.0000
3481.6179 0.0000
4541.4206 0.0000
4116.1603 0.0000
4350.1258 0.0000
4156.7107 0.0000
3702.5546 0.0000
4039.6760 0.0000
5424.9726 0.0000
4778.3322 0.0000
4710.8697 0.0000
4247.5748 0.0000
5141.1602 0.0000
3908.7183 0.0000
3997.6880 0.0000
4365.5483 0.0000
4415.3409 0.0000
4569.1249 0.0000
4659.2673 0.0000
4777.1542 0.0000
3668.9572 0.0000
4561.3599 0.0000
5446.2527 0.0000
4588.6982 0.0000
5372.7329 0.0000
4322.7440 0.0000
5231.1871 0.0000
5384.1693 0.0000
4337.0257 0.0000
4191.9386 0.0000
5128.5205 0.0000
5537.0042 0.0000
4082.1323 0.0000
4647.6613 0.0000
4613.7541 0.0000
4097.7752 0.0000
4221.8648 0.0000
3302.6066 0.0000
4383.1437 0.0000
4029.0894 0.0000
4676.9708 0.0000
4285.6262 0.0000
4407.3230 0.0000
3427.5539 0.0000
4625.4443 0.0000
5060.8819 0.0000
4136.3120 0.0000
4895.5152 0.0000
4401.2220 0.0000
4349.8712 0.0000
5511.7836 0.0000
4307.4057 0.0000
5539.6435 0.0000
4129.4965 0.0000
4150.2757 0.0000
4137.0228 0.0000
4032.4624 0.0000
5275.3234 0.0000
3975.7505 0.0000
3361.8889 0.0000
4964.4738 0.0000
4863.9639 0.0000
5398.1354 0.0000
4518.7193 0.0000
5559.6919 0.0000
4858.4788 0.0000
5062.7508 0.0000
5497.0519 0.0000
5423.0532 0.0000
4502.1179 0.0000
3435.4782 0.0000
5776.7321 0.0000
5403.7777 0.0000
4186.8053 0.0000
5015.6410 0.0000
4482.7659 0.0000
4825.7723 0.0000
5369.7655 0.0000
4133.4790 0.0000
5827.1902 0.0000
4248.7252 0.0000
5772.0464 0.0000
4492.7624 0.0000
4052.7281 0.0000
5707.4359 0.0000
5010.1452 0.0000
4355.1049 0.0000
4976.4547 0.0000
5246.4291 0.0000
5640.1564 0.0000
4924.8327 0.0000
4840.3786 0.0000
5269.0026 0.0000
5055.9215 0.0000
5115.6595 0.0000
5665.8321 0.0000
5218.3703 0.0000
4843.4156 0.0000
5489.0798 0.0000
5979.1573 0.0000
4912.7185 0.0000
4119.3217 0.0000
4416.2672 0.0000
5004.4833 0.0000
5297.1026 0.0000
4580.6660 0.0000
5869.3085 0.0000
5398.1483 0.0000
4513.7896 0.0000
4820.3672 0.0000
3976.8585 0.0000
5179.4121 0.0000
4992.3059 0.0000
4952.6535 0.0000
5625.2032 0.0000
5012.9548 0.0000
5607.9232 0.0000
5064.6059 0.0000
5874.0208 0.0000
4788.7724 0.0000
5720.4499 0.0000
6115.9639 0.0000
5304.6145 0.0000
5547.2058 0.0000
5294.8316 0.0000
5212.2620 0.0000
4196.0527 0.0000
5642.3582 0.0000
4612.9999 0.0000
5439.3412 0.0000
5194.9026 0.0000
4778.0884 0.0000
5017.2993 0.0000
4448.1943 0.0000
3479.0931 0.0000
4955.8402 0.0000
5283.6763 0.0000
5305.9490 0.0000
5469.0056 0.0000
5418.9057 0.0000
4538.5385 0.0000
5135.9455 0.0000
5728.5514 0.0000
4607.1106 0.0000
5184.4193 0.0000
4363.7690 0.0000
5308.7878 0.0000
6468.2232 0.0000
6374.0564 0.0000
5668.5024 0.0000
5330.4075 0.0000
4647.6763 0.0000
5317.5133 0.0000
5122.9346 0.0000
5813.3050 0.0000
5756.5424 0.0000
5802.7901 0.0000
6740.4439 0.0000
5640.6297 0.0000
5285.1864 0.0000
6127.0094 0.0000
5684.9191 0.0000
6328.8739 0.0000
5466.8281 0.0000
5529.5243 0.0000
6068.9539 0.0000
5676.9872 0.0000
6076.3698 0.0000
5511.5494 0.0000
5053.7231 0.0000
5486.6482 0.0000
5239.2753 0.0000
6590.9891 0.0000
6400.6039 0.0000
4924.2546 0.0000
6097.6653 0.0000
6959.9748 0.0000
6233.6846 0.0000
6109.4606 0.0000
6721.8063 0.0000
7417.3201 0.0000
6648.0688 0.0000
6702.4321 0.0000
6168.9734 0.0000
6720.4613 0.0000
6668.2089 0.0000
5208.2957 0.0000
6927.4807 0.0000
6825.4656 0.0000
6548.3988 0.0000
6134.7791 0.0000
5850.1224 0.0000
6501.1913 0.0000
6942.6492 0.0000
8009.6755 0.0000
7859.0873 0.0000
7093.9439 0.0000
6903.1527 0.0000
7539.9183 0.0000
6456.8503 0.0000
7028.2259 0.0000
6653.3069 0.0000
7010.3959 0.0000
7880.7005 0.0000
6126.5798 0.0000
6718.0220 0.0000
8055.4153 0.0000
7053.9915 0.0000
5753.6695 0.0000
8059.6654 0.0000
7163.1293 0.0000
6536.1722 0.0000
6355.5943 0.0000
5798.9471 0.0000
7301.8578 0.0000
6717.7853 0.0000
7477.7910 0.0000
7848.8251 0.0000
5769.4667 0.0000
7525.2880 0.0000
6737.8499 0.0000
6956.9859 0.0000
6586.6030 0.0000
6282.6163 0.0000
6860.2594 0.0000
7136.7638 0.0000
6363.6819 0.0000
7250.6694 0.0000
6422.0569 0.0000
7663.2006 0.0000
7371.9926 0.0000
7359.1869 0.0000
6655.8996 0.0000
8040.7227 0.0000
6958.0365 0.0000
6336.8879 0.0000
7887.1340 0.0000
6012.2759 0.0000
7443.8894 0.0000
7557.8304 0.0000
7279.9341 0.0000
7478.5694 0.0000
7613.2959 0.0000
8709.5890 0.0000
6755.6715 0.0000
7393.7415 0.0000
7231.4642 0.0000
6362.3288 0.0000
6793.9849 0.0000
7094.0868 0.0000
6680.5125 0.0000
6743.9358 0.0000
7251.7227 0.0000
7075.9458 0.0000
7158.6195 0.0000
7401.4949 0.0000
7537.8513 0.0000
7854.2604 0.0000
8173.4605 0.0000
7012.4010 0.0000
7922.3054 0.0000
7534.9199 0.0000
7505.4826 0.0000
7343.0240 0.0000
7575.9856 0.0000
7793.9164 0.0000
7117.5684 0.0000
7290.3976 0.0000
6730.4919 0.0000
7430.7261 0.0000
8804.4343 0.0000
7993.3809 0.0000
7666.0442 0.0000
7096.0344 0.0000
7993.6822 0.0000
7908.7422 0.0000
8303.9671 0.0000
7504.6582 0.0000
8502.7891 0.0000
7932.9427 0.0000
8171.6464 0.0000
7769.1587 0.0000
8081.5224 0.0000
8625.8737 0.0000
8624.4769 0.0000
8186.5501 0.0000
8550.8760 0.0000
8367.0906 0.0000
6913.1796 0.0000
8282.6623 0.0000
8577.5983 0.0000
8277.5311 0.0000
7677.7315 0.0000
8697.3722 0.0000
8906.5771 0.0000
8286.0734 0.0000
8308.7083 0.0000
8856.5928 0.0000
9575.9840 0.0000
8393.1890 0.0000
8537.9945 0.0000
9176.2380 0.0000
8629.5585 0.0000
8851.5470 0.0000
8924.1168 0.0000
7841.5878 0.0000
8759.4737 0.0000
8737.1821 0.0000
8149.1108 0.0000
9361.5820 0.0000
8628.4111 0.0000
9238.3861 0.0000
8184.1785 0.0000
8377.9940 0.0000
9451.4355 0.0000
9234.3521 0.0000
7850.4528 0.0000
9450.9588 0.0000
8187.0664 0.0000
9279.7018 0.0000
8881.3085 0.0000
8446.2710 0.0000
8415.4755 0.0000
8934.5251 0.0000
8703.0732 0.0000
9334.0423 0.0000
7397.5271 0.0000
8596.5906 0.0000
9751.1515 0.0000
9181.5675 0.0000
10892.1485 0.0000
9884.2922 0.0000
10012.9735 0.0000
10253.5795 0.0000
9125.8154 0.0000
8921.8544 0.0000
10801.7692 0.0000
9029.2680 0.0000
9665.6689 0.0000
10644.4196 0.0000
9568.6948 0.0000
9654.8065 0.0000
10064.5333 0.0000
10242.6793 0.0000
10227.6808 0.0000
9097.4478 0.0000
9095.3164 0.0000
9538.7132 0.0000
10370.7769 0.0000
10183.6336 0.0000
9387.9593 0.0000
9739.1530 0.0000
9175.4216 0.0000
9294.0038 0.0000
9936.8162 0.0000
10272.7674 0.0000
9906.3018 0.0000
9720.3789 0.0000
10264.8710 0.0000
9361.8999 0.0000
9694.2299 0.0000
10371.1274 0.0000
8730.6068 0.0000
10443.2765 0.0000
10864.3520 0.0000
10092.4648 0.0000
11111.5009 0.0000
10669.0897 0.0000
10630.4677 0.0000
11657.8140 0.0000
10113.9256 0.0000
10440.4398 0.0000
9261.5984 0.0000
10469.4447 0.0000
10322.0532 0.0000
10146.0463 0.0000
11065.4270 0.0000
10782.2760 0.0000
9445.4024 0.0000
10614.0884 0.0000
9952.2778 0.0000
10988.8507 0.0000
11117.8163 0.0000
11335.9563 0.0000
11038.5618 0.0000
11267.7383 0.0000
10678.0622 0.0000
11072.2842 0.0000
10237.9857 0.0000
11135.8018 0.0000
10124.1451 0.0000
10529.8028 0.0000
10802.8333 0.0000
11229.4903 0.0000
8538.2731 0.0000
11125.4251 0.0000
11227.2460 0.0000
10624.7513 0.0000
10827.9106 0.0000
10247.0365 0.0000
11693.1485 0.0000
9817.8010 0.0000
9907.3215 0.0000
10033.3617 0.0000
10479.9068 0.0000
10735.4634 0.0000
10257.3780 0.0000
10394.6597 0.0000
11102.5820 0.0000
10318.6811 0.0000
11176.5742 0.0000
9663.1878 0.0000
10904.0742 0.0000
10838.0266 0.0000
10464.0745 0.0000
10093.8647 0.0000
11380.2259 0.0000
10564.5700 0.0000
10444.7677 0.0000
10865.4128 0.0000
9958.2618 0.0000
10295.0380 0.0000
11226.9113 0.0000
12119.6345 0.0000
13016.8555 0.0000
12948.9168 0.0000
12727.0261 0.0000
12423.2586 0.0000
11911.2882 0.0000
11915.1383 0.0000
13471.7904 0.0000
13516.5521 0.0000
12747.0255 0.0000
13586.2682 0.0000
14221.4163 0.0000
13699.4536 0.0000
13424.7406 0.0000
13493.7741 0.0000
12972.0067 0.0000
13668.1625 0.0000
13631.9378 0.0000
14552.1432 0.0000
12629.5653 0.0000
13577.0554 0.0000
13419.8166 0.0000
14037.7231 0.0000
13446.7723 0.0000
13602.9008 0.0000
14830.3975 0.0000
14350.8112 0.0000
14077.6567 0.0000
13381.8975 0.0000
14128.7511 0.0000
14019.9523 0.0000
14007.1239 0.0000
13936.7396 0.0000
13949.8676 0.0000
14136.8133 0.0000
13650.0065 0.0000
13844.3819 0.0000
13640.4355 0.0000
13897.4151 0.0000
14166.6626 0.0000
14829.9748 0.0000
13988.4820 0.0000
13915.1664 0.0000
13990.9054 0.0000
13965.8858 0.0000
13785.7754 0.0000
14011.2009 0.0000
14225.3869 0.0000
14755.2787 0.0000
14753.4155 0.0000
15988.8952 0.0000
14695.1496 0.0000
15179.3333 0.0000
14282.3711 0.0000
14650.5779 0.0000
14465.8781 0.0000
14913.4550 0.0000
14341.8841 0.0000
15184.7674 0.0000
14865.9349 0.0000
14320.6714 0.0000
14533.7360 0.0000
15572.5021 0.0000
15100.3743 0.0000
15413.7852 0.0000
14811.3187 0.0000
14732.4584 0.0000
14249.2666 0.0000
15144.8178 0.0000
14660.4815 0.0000
14389.8986 0.0000
14065.9525 0.0000
14762.7173 0.0000
15623.8512 0.0000
15966.8376 0.0000
14996.9421 0.0000
13984.5078 0.0000
15367.2975 0.0000
14952.2038 0.0000
15576.2940 0.0000
14305.7988 0.0000
16206.4424 0.0000
14982.6334 0.0000
15634.0274 0.0000
15074.5036 0.0000
15969.1014 0.0000
13869.3075 0.0000
14800.4530 0.0000
14980.2661 0.0000
15168.8192 0.0000
16044.0931 0.0000
14808.4420 0.0000
14880.0258 0.0000
15630.2244 0.0000
15422.8714 0.0000
16335.8279 0.0000
16234.6108 0.0000
15231.8692 0.0000
16044.0645 0.0000
14953.2726 0.0000
14441.7414 0.0000
15443.0875 0.0000
15413.2556 0.0000
15072.3779 0.0000
15278.0956 0.0000
16485.2911 0.0000
16076.9984 0.0000
16035.9525 0.0000
14412.2189 0.0000
15628.1871 0.0000
14787.0634 0.0000
16590.4729 0.0000
16752.3740 0.0000
15216.3350 0.0000
15435.5813 0.0000
15168.2982 0.0000
16006.4868 0.0000
15411.6401 0.0000
15382.7091 0.0000
16043.5739 0.0000
14765.7197 0.0000
15573.7381 0.0000
