-100.0000 -100.0000
2611.3390 0.0000
2770.3560 0.0000
2205.1725 0.0000
2909.2246 0.0000
1744.1325 0.0000
2154.3877 0.0000
2076.0205 0.0000
2360.0716 0.0000
2557.8366 0.0000
2708.4580 0.0000
3146.3467 0.0000
2897.2070 0.0000
3111.1478 0.0000
3823.6769 0.0000
2825.2074 0.0000
3438.3031 0.0000
3760.2045 0.0000
3377.3388 0.0000
3336.4636 0.0000
2928.7329 0.0000
3287.5165 0.0000
3571.0646 0.0000
2833.9918 0.0000
3364.9943 0.0000
4199.8957 0.0000
3753.7280 0.0000
3805.9532 0.0000
3692.4499 0.0000
2719.9844 0.0000
3844.7914 0.0000
3801.8701 0.0000
4040.3336 0.0000
3958.5572 0.0000
4132.0386 0.0000
4290.4841 0.0000
4223.8260 0.0000
4716.4989 0.0000
4504.6149 0.0000
4236.1284 0.0000
3796.2108 0.0000
4552.9435 0.0000
4798.0799 0.0000
4395.3734 0.0000
4436.8810 0.0000
4592.3113 0.0000
4157.7043 0.0000
5505.1458 0.0000
4593.6904 0.0000
4589.6956 0.0000
4420.1141 0.0000
4363.2838 0.0000
5275.0372 0.0000
4762.0200 0.0000
3927.2219 0.0000
4254.5643 0.0000
4263.3498 0.0000
4994.0312 0.0000
5118.0786 0.0000
4933.2909 0.0000
4925.1479 0.0000
4598.0872 0.0000
5376.2209 0.0000
5544.7423 0.0000
5148.2497 0.0000
5459.9449 0.0000
6867.5976 0.0000
5155.6489 0.0000
5282.5622 0.0000
5074.3299 0.0000
5459.8405 0.0000
4134.7502 0.0000
5386.4124 0.0000
5443.0548 0.0000
5287.0878 0.0000
5774.3877 0.0000
5146.8437 0.0000
5445.7353 0.0000
6085.9761 0.0000
5739.4879 0.0000
6257.6014 0.0000
6227.7428 0.0000
6455.9497 0.0000
6582.2337 0.0000
6503.8593 0.0000
6459.3903 0.0000
5971.2823 0.0000
5432.7954 0.0000
6001.5458 0.0000
6985.1970 0.0000
7220.6276 0.0000
7610.4542 0.0000
7611.3406 0.0000
6959.2135 0.0000
7140.2614 0.0000
7603.3025 0.0000
8544.0745 0.0000
7964.1453 0.0000
8356.4722 0.0000
8503.8328 0.0000
9000.0615 0.0000
8567.7405 0.0000
8828.6781 0.0000
8743.6179 0.0000
8768.5747 0.0000
8501.6813 0.0000
8918.7955 0.0000
8335.6852 0.0000
7706.0388 0.0000
8579.2377 0.0000
9653.4606 0.0000
9317.5375 0.0000
9157.3210 0.0000
8350.6350 0.0000
8443.5623 0.0000
8849.9993 0.0000
9379.6397 0.0000
8200.4385 0.0000
8650.8744 0.0000
8379.5066 0.0000
8829.1559 0.0000
8381.6648 0.0000
8520.7587 0.0000
9534.3228 0.0000
9640.8692 0.0000
10268.7308 0.0000
9714.3373 0.0000
9540.2699 0.0000
9032.3919 0.0000
9537.1767 0.0000
10164.1023 0.0000
10303.5775 0.0000
10409.7467 0.0000
10950.6653 0.0000
10636.2281 0.0000
10935.0584 0.0000
11709.8962 0.0000
11588.9393 0.0000
11506.9429 0.0000
12458.0602 0.0000
12682.3049 0.0000
12253.7830 0.0000
13007.5386 0.0000
13360.5201 0.0000
12772.6933 0.0000
13548.0198 0.0000
13807.9764 0.0000
13813.4417 0.0000
13184.4236 0.0000
14126.1674 0.0000
13518.9294 0.0000
18938.0049 0.0000
17877.4080 0.0000
18617.0949 0.0000
18399.2357 0.0000
18643.2902 0.0000
19282.1838 0.0000
18804.8190 0.0000
19561.0767 0.0000
19756.0578 0.0000
19703.9540 0.0000
19963.1498 0.0000
20337.0112 0.0000
19914.9013 0.0000
20097.2860 0.0000
21182.9369 0.0000
21656.2657 0.0000
20595.3510 0.0000
21221.3797 0.0000
21287.0822 0.0000
20675.8161 0.0000
21605.4872 0.0000
20563.3326 0.0000
21949.7946 0.0000
22412.6167 0.0000
20807.3929 0.0000
21981.5469 0.0000
22586.4416 0.0000
23658.8228 0.0000
23149.7117 0.0000
23762.9894 0.0000
24020.4895 0.0000
23836.3073 0.0000
23500.9730 0.0000
25038.3041 0.0000
23008.6139 0.0000
23471.2388 0.0000
24357.8642 0.0000
24296.3624 0.0000
23360.2706 0.0000
24830.3099 0.0000
24699.1493 0.0000
24687.6345 0.0000
24785.8999 0.0000
26302.2651 0.0000
24397.8555 0.0000
23879.3955 0.0000
24977.0423 0.0000
24298.0033 0.0000
24439.7088 0.0000
25131.4606 0.0000
25788.0638 0.0000
26171.1983 0.0000
26142.2201 0.0000
26243.9729 0.0000
26057.5628 0.0000
26372.5387 0.0000
26174.1618 0.0000
26253.6933 0.0000
26120.8555 0.0000
25932.9639 0.0000
25694.3894 0.0000
26275.0435 0.0000
26392.0557 0.0000
26161.1252 0.0000
25991.6391 0.0000
27066.2715 0.0000
27572.8622 0.0000
27226.1866 0.0000
27932.9333 0.0000
27657.5534 0.0000
27712.2550 0.0000
28330.4982 0.0000
28215.1005 0.0000
29573.1303 0.0000
27312.8319 0.0000
28991.4148 0.0000
29398.3626 0.0000
29078.5613 0.0000
30077.7266 0.0000
30193.5561 0.0000
30197.5695 0.0000
29973.7154 0.0000
29996.6500 0.0000
30180.6008 0.0000
30223.1962 0.0000
29903.9843 0.0000
29983.4608 0.0000
30509.1019 0.0000
30089.9777 0.0000
30570.8793 0.0000
31176.7709 0.0000
30555.4538 0.0000
30370.4951 0.0000
30091.7022 0.0000
30662.5820 0.0000
29136.1163 0.0000
29723.1412 0.0000
31420.9433 0.0000
31353.6659 0.0000
