-100.0000 -100.0000
1963.6998 0.0000
2081.8474 0.0000
1661.4505 0.0000
2185.0820 0.0000
1319.4310 0.0000
1623.6332 0.0000
1565.5452 0.0000
1776.6302 0.0000
1923.9127 0.0000
2035.5768 0.0000
2360.9474 0.0000
2175.7909 0.0000
2334.8067 0.0000
2864.4179 0.0000
2122.5708 0.0000
2577.8848 0.0000
2817.2749 0.0000
2532.8003 0.0000
2502.1933 0.0000
2199.2388 0.0000
2465.8418 0.0000
2676.5560 0.0000
2128.8692 0.0000
2523.6197 0.0000
3143.9579 0.0000
2812.4384 0.0000
2851.2578 0.0000
2766.9198 0.0000
2044.0093 0.0000
2879.8595 0.0000
2848.2197 0.0000
3025.1414 0.0000
2964.6651 0.0000
3093.2937 0.0000
3211.0010 0.0000
3161.4458 0.0000
3527.6529 0.0000
3370.2234 0.0000
3170.6670 0.0000
2843.7861 0.0000
3406.1090 0.0000
3588.3565 0.0000
3289.0601 0.0000
3320.0228 0.0000
3435.3865 0.0000
3112.5570 0.0000
4113.7308 0.0000
3436.5280 0.0000
3433.5535 0.0000
3307.5623 0.0000
3265.1783 0.0000
3942.7719 0.0000
3561.4625 0.0000
2941.1182 0.0000
3184.3909 0.0000
3190.9525 0.0000
3733.8886 0.0000
3826.0572 0.0000
3688.8532 0.0000
3682.8074 0.0000
3439.6807 0.0000
4017.8728 0.0000
4143.1567 0.0000
3848.5553 0.0000
4080.1068 0.0000
5126.0484 0.0000
3854.0066 0.0000
3948.2975 0.0000
3793.6290 0.0000
4080.0349 0.0000
3095.5955 0.0000
4025.5806 0.0000
4067.6203 0.0000
3951.8020 0.0000
4313.8223 0.0000
3847.6136 0.0000
4069.6121 0.0000
4545.3770 0.0000
4287.9144 0.0000
4672.8420 0.0000
4650.6434 0.0000
4820.2296 0.0000
4914.0914 0.0000
4855.8473 0.0000
4822.8259 0.0000
4460.1570 0.0000
4060.0017 0.0000
4482.5844 0.0000
5213.4845 0.0000
5388.4179 0.0000
5678.0569 0.0000
5678.7029 0.0000
5194.1720 0.0000
5328.7088 0.0000
5672.7369 0.0000
6371.7411 0.0000
5940.8444 0.0000
6232.3605 0.0000
6341.8330 0.0000
6710.5408 0.0000
6389.3155 0.0000
6583.1973 0.0000
6519.9987 0.0000
6538.5390 0.0000
6340.2427 0.0000
6650.1524 0.0000
6216.8918 0.0000
5749.0785 0.0000
6397.8759 0.0000
7196.0140 0.0000
6946.4222 0.0000
6827.3867 0.0000
6228.0102 0.0000
6297.0600 0.0000
6599.0451 0.0000
6992.5660 0.0000
6116.4144 0.0000
6451.0869 0.0000
6249.4610 0.0000
6583.5546 0.0000
6251.0707 0.0000
6354.4154 0.0000
7107.4884 0.0000
7186.6593 0.0000
7653.1590 0.0000
7241.2365 0.0000
7111.9164 0.0000
6734.5603 0.0000
7109.6162 0.0000
7575.4113 0.0000
7679.0400 0.0000
7757.9330 0.0000
8159.8259 0.0000
7926.2072 0.0000
8148.2304 0.0000
8723.9359 0.0000
8634.0697 0.0000
8573.1412 0.0000
9279.8223 0.0000
9446.4359 0.0000
9128.0471 0.0000
9688.0861 0.0000
9950.3478 0.0000
9513.5965 0.0000
10089.6621 0.0000
10282.8065 0.0000
10286.8696 0.0000
9819.5104 0.0000
10519.2241 0.0000
10068.0459 0.0000
18980.6134 0.0000
17920.0172 0.0000
18659.7001 0.0000
18441.8412 0.0000
18685.8988 0.0000
19324.7903 0.0000
18847.4253 0.0000
19603.6862 0.0000
19798.6667 0.0000
19746.5612 0.0000
20005.7576 0.0000
20379.6193 0.0000
19957.5109 0.0000
20139.8954 0.0000
21225.5459 0.0000
21698.8748 0.0000
20637.9594 0.0000
21263.9890 0.0000
21329.6914 0.0000
20718.4255 0.0000
21648.0966 0.0000
20605.9418 0.0000
21992.4037 0.0000
22455.2259 0.0000
20850.0020 0.0000
22024.1563 0.0000
22629.0506 0.0000
23701.4319 0.0000
23192.3207 0.0000
23805.5985 0.0000
24063.0987 0.0000
23878.9166 0.0000
23543.5822 0.0000
25080.9134 0.0000
23051.2231 0.0000
23513.8480 0.0000
24400.4734 0.0000
24338.9717 0.0000
23402.8800 0.0000
24872.9192 0.0000
24741.7586 0.0000
24730.2438 0.0000
24828.5092 0.0000
26344.8744 0.0000
24440.4648 0.0000
23922.0050 0.0000
25019.6517 0.0000
24340.6124 0.0000
24482.3182 0.0000
25174.0699 0.0000
25830.6730 0.0000
26213.8076 0.0000
26184.8294 0.0000
26286.5821 0.0000
26100.1720 0.0000
26415.1480 0.0000
26216.7710 0.0000
26296.3025 0.0000
26163.4647 0.0000
25975.5732 0.0000
25736.9986 0.0000
26317.6527 0.0000
26434.6648 0.0000
26203.7343 0.0000
26034.2482 0.0000
27108.8808 0.0000
27615.4713 0.0000
27268.7957 0.0000
27975.5424 0.0000
27700.1627 0.0000
27754.8641 0.0000
28373.1073 0.0000
28257.7098 0.0000
29615.7395 0.0000
27355.4409 0.0000
29034.0239 0.0000
29440.9717 0.0000
29121.1706 0.0000
30120.3358 0.0000
30236.1652 0.0000
30240.1787 0.0000
30016.3247 0.0000
30039.2592 0.0000
30223.2100 0.0000
30265.8054 0.0000
29946.5935 0.0000
30026.0700 0.0000
30551.7112 0.0000
30132.5870 0.0000
30613.4885 0.0000
31219.3802 0.0000
30598.0631 0.0000
30413.1043 0.0000
30134.3115 0.0000
30705.1913 0.0000
29178.7256 0.0000
29765.7504 0.0000
31463.5526 0.0000
31396.2752 0.0000
