-100.0000 -100.0000
2324.3713 0.0000
2468.2709 0.0000
1956.8496 0.0000
2594.2086 0.0000
1538.8891 0.0000
1910.5857 0.0000
1839.7808 0.0000
2096.9609 0.0000
2275.9030 0.0000
2412.4854 0.0000
2809.0753 0.0000
2583.4441 0.0000
2777.0639 0.0000
3422.3583 0.0000
2517.9479 0.0000
3073.5339 0.0000
3364.9146 0.0000
3018.0706 0.0000
2981.1497 0.0000
2611.8776 0.0000
2936.9287 0.0000
3193.6076 0.0000
2526.0810 0.0000
3006.9345 0.0000
3763.0941 0.0000
3358.9893 0.0000
3406.2706 0.0000
3303.4930 0.0000
2422.7902 0.0000
3441.5236 0.0000
3402.6194 0.0000
3618.6434 0.0000
3544.5418 0.0000
3701.7294 0.0000
3845.2268 0.0000
3784.8778 0.0000
4231.1478 0.0000
4039.2185 0.0000
3796.0935 0.0000
3397.5821 0.0000
4082.9837 0.0000
4304.9296 0.0000
3940.3119 0.0000
3977.7759 0.0000
4118.6899 0.0000
3724.9114 0.0000
4945.3455 0.0000
4119.7816 0.0000
4116.1805 0.0000
3962.5620 0.0000
3911.2104 0.0000
4736.9101 0.0000
4272.3790 0.0000
3516.2853 0.0000
3812.8120 0.0000
3820.7166 0.0000
4482.4749 0.0000
4594.8734 0.0000
4427.4238 0.0000
4420.0313 0.0000
4123.9363 0.0000
4828.6411 0.0000
4981.1839 0.0000
4622.0850 0.0000
4904.5025 0.0000
6179.3718 0.0000
4628.9009 0.0000
4743.8097 0.0000
4555.1460 0.0000
4904.3983 0.0000
3704.1189 0.0000
4837.8083 0.0000
4889.1891 0.0000
4747.8346 0.0000
5189.2905 0.0000
4620.8660 0.0000
4891.6200 0.0000
5471.4386 0.0000
5157.6146 0.0000
5626.8980 0.0000
5599.8221 0.0000
5806.5629 0.0000
5920.9058 0.0000
5849.9225 0.0000
5809.6402 0.0000
5367.5308 0.0000
4879.8792 0.0000
5394.9921 0.0000
6285.9273 0.0000
6499.1673 0.0000
6852.1983 0.0000
6852.9996 0.0000
6262.3495 0.0000
6426.3887 0.0000
6845.7496 0.0000
7697.8001 0.0000
7172.5694 0.0000
7527.8826 0.0000
7661.3648 0.0000
8110.8049 0.0000
7719.2472 0.0000
7955.5882 0.0000
7878.5459 0.0000
7901.1487 0.0000
7659.4074 0.0000
8037.2118 0.0000
7509.0708 0.0000
6938.7654 0.0000
7729.6553 0.0000
8702.5992 0.0000
8398.3460 0.0000
8253.2318 0.0000
7522.6258 0.0000
7606.7607 0.0000
7974.8827 0.0000
8454.5921 0.0000
7386.5846 0.0000
7794.5496 0.0000
7548.7618 0.0000
7956.0245 0.0000
7550.6957 0.0000
7676.7106 0.0000
8594.7000 0.0000
8691.1968 0.0000
9259.8648 0.0000
8757.7387 0.0000
8600.0820 0.0000
8140.0888 0.0000
8597.2808 0.0000
9165.0997 0.0000
9291.4227 0.0000
9387.5907 0.0000
9877.5074 0.0000
9592.7177 0.0000
9863.3679 0.0000
10565.1627 0.0000
10455.6122 0.0000
10381.3424 0.0000
11242.7941 0.0000
11445.8995 0.0000
11057.7759 0.0000
11740.4711 0.0000
12060.1747 0.0000
11527.7669 0.0000
12229.9986 0.0000
12465.4457 0.0000
12470.3975 0.0000
11900.6809 0.0000
12753.6406 0.0000
12203.6493 0.0000
18877.4305 0.0000
17816.8337 0.0000
18556.5169 0.0000
18338.6585 0.0000
18582.7156 0.0000
19221.6074 0.0000
18744.2419 0.0000
19500.5031 0.0000
19695.4837 0.0000
19643.3784 0.0000
19902.5749 0.0000
20276.4371 0.0000
19854.3280 0.0000
20036.7126 0.0000
21122.3625 0.0000
21595.6919 0.0000
20534.7761 0.0000
21160.8056 0.0000
21226.5082 0.0000
20615.2424 0.0000
21544.9134 0.0000
20502.7584 0.0000
21889.2206 0.0000
22352.0428 0.0000
20746.8189 0.0000
21920.9728 0.0000
22525.8677 0.0000
23598.2490 0.0000
23089.1380 0.0000
23702.4156 0.0000
23959.9158 0.0000
23775.7335 0.0000
23440.3992 0.0000
24977.7302 0.0000
22948.0401 0.0000
23410.6647 0.0000
24297.2902 0.0000
24235.7886 0.0000
23299.6967 0.0000
24769.7360 0.0000
24638.5755 0.0000
24627.0606 0.0000
24725.3259 0.0000
26241.6912 0.0000
24337.2813 0.0000
23818.8218 0.0000
24916.4686 0.0000
24237.4293 0.0000
24379.1350 0.0000
25070.8866 0.0000
25727.4898 0.0000
26110.6245 0.0000
26081.6462 0.0000
26183.3991 0.0000
25996.9890 0.0000
26311.9649 0.0000
26113.5881 0.0000
26193.1195 0.0000
26060.2817 0.0000
25872.3901 0.0000
25633.8156 0.0000
26214.4697 0.0000
26331.4818 0.0000
26100.5513 0.0000
25931.0653 0.0000
27005.6977 0.0000
27512.2883 0.0000
27165.6127 0.0000
27872.3594 0.0000
27596.9796 0.0000
27651.6812 0.0000
28269.9243 0.0000
28154.5267 0.0000
29512.5564 0.0000
27252.2580 0.0000
28930.8409 0.0000
29337.7887 0.0000
29017.9875 0.0000
30017.1527 0.0000
30132.9822 0.0000
30136.9956 0.0000
29913.1416 0.0000
29936.0761 0.0000
30120.0269 0.0000
30162.6223 0.0000
29843.4105 0.0000
29922.8869 0.0000
30448.5281 0.0000
30029.4039 0.0000
30510.3054 0.0000
31116.1970 0.0000
30494.8800 0.0000
30309.9212 0.0000
30031.1284 0.0000
30602.0081 0.0000
29075.5424 0.0000
29662.5674 0.0000
31360.3695 0.0000
31293.0921 0.0000
