-100.0000 -100.0000
2734.9112 0.0000
2910.6078 0.0000
2286.8641 0.0000
3064.0354 0.0000
1777.5046 0.0000
2230.7552 0.0000
2144.3113 0.0000
2457.7411 0.0000
2675.7713 0.0000
2842.3618 0.0000
3325.8501 0.0000
3050.7088 0.0000
3286.8654 0.0000
4073.6446 0.0000
2971.1375 0.0000
3648.3132 0.0000
4003.6292 0.0000
3580.8492 0.0000
3535.8807 0.0000
3085.5220 0.0000
3481.8612 0.0000
3794.8457 0.0000
2981.1029 0.0000
3567.2755 0.0000
4489.0567 0.0000
3996.4519 0.0000
4054.1176 0.0000
3928.8039 0.0000
2855.1687 0.0000
4097.0321 0.0000
4049.5121 0.0000
4312.9240 0.0000
4222.6146 0.0000
4414.1009 0.0000
4589.1033 0.0000
4515.6235 0.0000
5059.5511 0.0000
4825.6238 0.0000
4529.1519 0.0000
4043.4711 0.0000
4878.9284 0.0000
5149.4777 0.0000
4705.0729 0.0000
4750.6465 0.0000
4922.3525 0.0000
4442.4857 0.0000
5930.1664 0.0000
4923.8304 0.0000
4919.3713 0.0000
4732.1776 0.0000
4669.5613 0.0000
5676.1165 0.0000
5109.7437 0.0000
4188.0389 0.0000
4549.6084 0.0000
4559.2034 0.0000
5365.9380 0.0000
5502.9283 0.0000
5298.7943 0.0000
5289.8258 0.0000
4928.8917 0.0000
5787.9335 0.0000
5973.8878 0.0000
5536.1093 0.0000
5880.4227 0.0000
7434.4739 0.0000
5544.4398 0.0000
5684.5665 0.0000
5454.4787 0.0000
5880.3028 0.0000
4417.0842 0.0000
5799.0704 0.0000
5861.7439 0.0000
5689.4514 0.0000
6227.5719 0.0000
5534.6142 0.0000
5864.7040 0.0000
6571.4713 0.0000
6188.9058 0.0000
6761.0013 0.0000
6727.9750 0.0000
6980.0016 0.0000
7119.4048 0.0000
7032.8806 0.0000
6983.7735 0.0000
6444.8542 0.0000
5850.3647 0.0000
6478.2940 0.0000
7564.3701 0.0000
7824.3154 0.0000
8254.6635 0.0000
8255.6439 0.0000
7535.6493 0.0000
7735.5866 0.0000
8246.8018 0.0000
9285.4766 0.0000
8645.2019 0.0000
9078.3343 0.0000
9241.0641 0.0000
9788.9305 0.0000
9311.6426 0.0000
9599.7274 0.0000
9505.8010 0.0000
9533.3671 0.0000
9238.6574 0.0000
9699.2275 0.0000
9055.4107 0.0000
8360.2034 0.0000
9324.2989 0.0000
10510.3397 0.0000
10139.4506 0.0000
9962.5608 0.0000
9071.9308 0.0000
9174.5001 0.0000
9623.2450 0.0000
10208.0171 0.0000
8906.0902 0.0000
9403.4278 0.0000
9103.7964 0.0000
9600.2562 0.0000
9106.1567 0.0000
9259.7800 0.0000
10378.8234 0.0000
10496.4407 0.0000
11189.6552 0.0000
10577.5770 0.0000
10385.3725 0.0000
9824.6276 0.0000
10381.9557 0.0000
11074.1551 0.0000
11228.1440 0.0000
11345.3506 0.0000
11942.5799 0.0000
11595.4086 0.0000
11925.3418 0.0000
12780.8361 0.0000
12647.2842 0.0000
12556.7564 0.0000
13606.8780 0.0000
13854.4656 0.0000
13381.3359 0.0000
14213.5502 0.0000
14603.2742 0.0000
13954.2607 0.0000
14810.2906 0.0000
15097.3061 0.0000
15103.3396 0.0000
14408.8469 0.0000
15448.6172 0.0000
14778.1737 0.0000
18757.6679 0.0000
17697.0719 0.0000
18436.7588 0.0000
18218.9001 0.0000
18462.9536 0.0000
19101.8488 0.0000
18624.4826 0.0000
19380.7415 0.0000
19575.7225 0.0000
19523.6187 0.0000
19782.8145 0.0000
20156.6757 0.0000
19734.5658 0.0000
19916.9510 0.0000
21002.6015 0.0000
21475.9305 0.0000
20415.0157 0.0000
21041.0449 0.0000
21106.7471 0.0000
20495.4808 0.0000
21425.1522 0.0000
20382.9979 0.0000
21769.4599 0.0000
22232.2816 0.0000
20627.0580 0.0000
21801.2114 0.0000
22406.1071 0.0000
23478.4881 0.0000
22969.3770 0.0000
23582.6545 0.0000
23840.1547 0.0000
23655.9725 0.0000
23320.6381 0.0000
24857.9693 0.0000
22828.2790 0.0000
23290.9038 0.0000
24177.5293 0.0000
24116.0275 0.0000
23179.9359 0.0000
24649.9751 0.0000
24518.8146 0.0000
24507.2997 0.0000
24605.5651 0.0000
26121.9304 0.0000
24217.5207 0.0000
23699.0610 0.0000
24796.7075 0.0000
24117.6683 0.0000
24259.3740 0.0000
24951.1259 0.0000
25607.7291 0.0000
25990.8636 0.0000
25961.8853 0.0000
26063.6384 0.0000
25877.2284 0.0000
26192.2040 0.0000
25993.8273 0.0000
26073.3587 0.0000
25940.5209 0.0000
25752.6292 0.0000
25514.0547 0.0000
26094.7090 0.0000
26211.7213 0.0000
25980.7907 0.0000
25811.3048 0.0000
26885.9368 0.0000
27392.5277 0.0000
27045.8522 0.0000
27752.5988 0.0000
27477.2188 0.0000
27531.9206 0.0000
28150.1638 0.0000
28034.7658 0.0000
29392.7956 0.0000
27132.4975 0.0000
28811.0802 0.0000
29218.0280 0.0000
28898.2266 0.0000
29897.3920 0.0000
30013.2215 0.0000
30017.2349 0.0000
29793.3807 0.0000
29816.3154 0.0000
30000.2661 0.0000
30042.8616 0.0000
29723.6497 0.0000
29803.1262 0.0000
30328.7672 0.0000
29909.6431 0.0000
30390.5446 0.0000
30996.4362 0.0000
30375.1191 0.0000
30190.1604 0.0000
29911.3675 0.0000
30482.2473 0.0000
28955.7816 0.0000
29542.8066 0.0000
31240.6087 0.0000
31173.3313 0.0000
