-100.0000 -100.0000
2156.9320 0.0000
2287.3789 0.0000
1821.7933 0.0000
2401.3160 0.0000
1445.5500 0.0000
1780.1055 0.0000
1715.7690 0.0000
1949.0118 0.0000
2113.0756 0.0000
2235.1900 0.0000
2594.5535 0.0000
2389.9511 0.0000
2565.6711 0.0000
3151.3434 0.0000
2332.2043 0.0000
2834.2314 0.0000
3099.3359 0.0000
2785.2215 0.0000
2750.5977 0.0000
2415.8464 0.0000
2710.3903 0.0000
2943.1457 0.0000
2338.1102 0.0000
2775.0260 0.0000
3459.9948 0.0000
3093.9884 0.0000
3136.8420 0.0000
3043.7709 0.0000
2244.5158 0.0000
3167.7324 0.0000
3133.5267 0.0000
3328.2276 0.0000
3262.0365 0.0000
3403.5209 0.0000
3533.5266 0.0000
3478.8906 0.0000
3883.2785 0.0000
3709.4131 0.0000
3489.0849 0.0000
3128.0927 0.0000
3749.0496 0.0000
3950.7329 0.0000
3619.7876 0.0000
3654.4047 0.0000
3781.4014 0.0000
3425.4766 0.0000
4530.7669 0.0000
3783.0357 0.0000
3779.7836 0.0000
3640.6899 0.0000
3593.3970 0.0000
4341.9964 0.0000
3920.6007 0.0000
3235.5071 0.0000
3504.1634 0.0000
3511.3646 0.0000
4110.9637 0.0000
4212.7410 0.0000
4061.6743 0.0000
4054.9693 0.0000
3786.0329 0.0000
4424.5486 0.0000
4563.2659 0.0000
4238.0229 0.0000
4493.2851 0.0000
5648.4817 0.0000
4243.5631 0.0000
4347.7142 0.0000
4177.3878 0.0000
4493.2158 0.0000
3406.5765 0.0000
4433.3749 0.0000
4479.4046 0.0000
4351.9032 0.0000
4751.3410 0.0000
4236.8974 0.0000
4481.6878 0.0000
5007.2723 0.0000
4723.0457 0.0000
5147.7698 0.0000
5123.2435 0.0000
5310.5388 0.0000
5414.3853 0.0000
5350.0939 0.0000
5313.6122 0.0000
4913.2093 0.0000
4471.0797 0.0000
4937.6870 0.0000
5744.7700 0.0000
5937.9274 0.0000
6257.8739 0.0000
6258.6001 0.0000
5723.6393 0.0000
5872.0096 0.0000
6251.8665 0.0000
7023.7527 0.0000
6547.8884 0.0000
6869.8549 0.0000
6990.6408 0.0000
7397.8184 0.0000
7043.0651 0.0000
7257.1287 0.0000
7187.3411 0.0000
7207.8266 0.0000
6988.9794 0.0000
7331.0522 0.0000
6852.6700 0.0000
6336.2850 0.0000
7052.6043 0.0000
7933.8211 0.0000
7658.2530 0.0000
7526.8233 0.0000
6864.9488 0.0000
6941.2972 0.0000
7274.7170 0.0000
7709.2015 0.0000
6741.7166 0.0000
7111.2539 0.0000
6888.6178 0.0000
7257.5139 0.0000
6890.5259 0.0000
7004.5109 0.0000
7836.0136 0.0000
7923.4954 0.0000
8438.5530 0.0000
7983.6899 0.0000
7840.9714 0.0000
7424.3409 0.0000
7838.4354 0.0000
8352.6613 0.0000
8467.0799 0.0000
8554.2317 0.0000
8997.9226 0.0000
8740.0236 0.0000
8985.1171 0.0000
9620.7578 0.0000
9521.5670 0.0000
9454.2655 0.0000
10234.5147 0.0000
10418.4724 0.0000
10066.9614 0.0000
10685.2939 0.0000
10974.8409 0.0000
10492.6415 0.0000
11128.6697 0.0000
11341.9083 0.0000
11346.4047 0.0000
10830.3986 0.0000
11602.9446 0.0000
11104.7921 0.0000
18962.2041 0.0000
17901.6079 0.0000
18641.2743 0.0000
18423.4151 0.0000
18667.4901 0.0000
19306.3670 0.0000
18828.9992 0.0000
19585.2772 0.0000
19780.2584 0.0000
19728.1401 0.0000
19987.3381 0.0000
20361.2009 0.0000
19939.1029 0.0000
20121.4873 0.0000
21207.1301 0.0000
21680.4660 0.0000
20619.5427 0.0000
21245.5727 0.0000
21311.2828 0.0000
20700.0168 0.0000
21629.6878 0.0000
20587.5241 0.0000
21973.9895 0.0000
22436.8173 0.0000
20831.5848 0.0000
22005.7479 0.0000
22610.6378 0.0000
23683.0206 0.0000
23173.9091 0.0000
23787.1873 0.0000
24044.6903 0.0000
23860.5052 0.0000
23525.1739 0.0000
25062.5050 0.0000
23032.8111 0.0000
23495.4397 0.0000
24382.0624 0.0000
24320.5608 0.0000
23384.4679 0.0000
24854.5085 0.0000
24723.3501 0.0000
24711.8330 0.0000
24810.1007 0.0000
26326.4659 0.0000
24422.0563 0.0000
23903.5936 0.0000
25001.2432 0.0000
24322.2013 0.0000
24463.9097 0.0000
25155.6594 0.0000
25812.2629 0.0000
26195.3990 0.0000
26166.4209 0.0000
26268.1723 0.0000
26081.7621 0.0000
26396.7396 0.0000
26198.3612 0.0000
26277.8928 0.0000
26145.0549 0.0000
25957.1648 0.0000
25718.5885 0.0000
26299.2429 0.0000
26416.2551 0.0000
26185.3244 0.0000
26015.8383 0.0000
27090.4723 0.0000
27597.0620 0.0000
27250.3862 0.0000
27957.1333 0.0000
27681.7543 0.0000
27736.4549 0.0000
28354.6983 0.0000
28239.3013 0.0000
29597.3311 0.0000
27337.0317 0.0000
29015.6150 0.0000
29422.5629 0.0000
29102.7622 0.0000
30101.9270 0.0000
30217.7565 0.0000
30221.7700 0.0000
29997.9163 0.0000
30020.8504 0.0000
30204.8016 0.0000
30247.3966 0.0000
29928.1848 0.0000
30007.6612 0.0000
30533.3028 0.0000
30114.1786 0.0000
30595.0801 0.0000
31200.9717 0.0000
30579.6547 0.0000
30394.6959 0.0000
30115.9031 0.0000
30686.7828 0.0000
29160.3171 0.0000
29747.3416 0.0000
31445.1440 0.0000
31377.8668 0.0000
