-100.0000 -100.0000
3226.5885 0.0000
3420.6290 0.0000
2731.7377 0.0000
3589.8645 0.0000
2169.3160 0.0000
2669.8880 0.0000
2574.5367 0.0000
2920.8362 0.0000
3161.4365 0.0000
3345.3222 0.0000
3879.0721 0.0000
3575.3987 0.0000
3836.2939 0.0000
4704.6014 0.0000
3487.3832 0.0000
4235.0215 0.0000
4627.3399 0.0000
4160.6160 0.0000
4110.7663 0.0000
3613.7750 0.0000
4051.1172 0.0000
4396.7266 0.0000
3498.2396 0.0000
4145.3328 0.0000
5163.1562 0.0000
4619.2073 0.0000
4682.9594 0.0000
4544.6795 0.0000
3359.2676 0.0000
4730.2935 0.0000
4677.9590 0.0000
4968.6213 0.0000
4869.0859 0.0000
5080.5015 0.0000
5273.6405 0.0000
5192.3668 0.0000
5793.0390 0.0000
5534.7108 0.0000
5207.5326 0.0000
4671.1082 0.0000
5593.6658 0.0000
5892.4645 0.0000
5401.6220 0.0000
5452.1577 0.0000
5641.6937 0.0000
5111.8869 0.0000
6754.3803 0.0000
5643.2994 0.0000
5638.4198 0.0000
5431.7026 0.0000
5362.3710 0.0000
6473.8833 0.0000
5848.5502 0.0000
4830.9649 0.0000
5229.9660 0.0000
5240.6693 0.0000
6131.3652 0.0000
6282.5979 0.0000
6057.2606 0.0000
6047.3696 0.0000
5648.7334 0.0000
6597.2482 0.0000
6802.6060 0.0000
6319.2564 0.0000
6699.3637 0.0000
8415.2335 0.0000
6328.3885 0.0000
6483.0699 0.0000
6229.1789 0.0000
6699.2338 0.0000
5083.7868 0.0000
6609.6224 0.0000
6678.7657 0.0000
6488.5331 0.0000
7082.6871 0.0000
6317.6533 0.0000
6682.0664 0.0000
7462.4353 0.0000
7040.0524 0.0000
7671.7022 0.0000
7635.2502 0.0000
7913.5084 0.0000
8067.3585 0.0000
7971.8197 0.0000
7917.6175 0.0000
7322.5735 0.0000
6666.3547 0.0000
7359.5827 0.0000
8558.6646 0.0000
8845.6606 0.0000
9320.7884 0.0000
9321.8597 0.0000
8526.9024 0.0000
8747.6835 0.0000
9312.1114 0.0000
10458.8878 0.0000
9751.9792 0.0000
10230.1898 0.0000
10409.8559 0.0000
11014.7395 0.0000
10487.7588 0.0000
10805.8469 0.0000
10702.1530 0.0000
10732.5790 0.0000
10407.2112 0.0000
10915.6972 0.0000
10204.8720 0.0000
9437.3145 0.0000
10501.7630 0.0000
11811.2499 0.0000
11401.7541 0.0000
11206.4502 0.0000
10223.1148 0.0000
10336.3633 0.0000
10831.8154 0.0000
11477.4550 0.0000
10040.0088 0.0000
10589.0995 0.0000
10258.3029 0.0000
10806.4245 0.0000
10260.9061 0.0000
10430.4896 0.0000
11666.0262 0.0000
11795.8971 0.0000
12561.2687 0.0000
11885.4543 0.0000
11673.2675 0.0000
11054.1528 0.0000
11669.4951 0.0000
12433.7258 0.0000
12603.7447 0.0000
12733.1702 0.0000
13392.5514 0.0000
13009.2528 0.0000
13373.5230 0.0000
14318.0634 0.0000
14170.6212 0.0000
14070.6623 0.0000
15230.0890 0.0000
15503.4470 0.0000
14981.0743 0.0000
15899.9135 0.0000
16330.1993 0.0000
15613.6331 0.0000
16558.7677 0.0000
16875.6543 0.0000
16882.3211 0.0000
16115.5384 0.0000
17263.5381 0.0000
16523.3023 0.0000
18986.0844 0.0000
17925.4881 0.0000
18665.1696 0.0000
18447.3111 0.0000
18691.3705 0.0000
19330.2596 0.0000
18852.8948 0.0000
19609.1573 0.0000
19804.1380 0.0000
19752.0312 0.0000
20011.2270 0.0000
20385.0889 0.0000
19962.9823 0.0000
20145.3668 0.0000
21231.0155 0.0000
21704.3463 0.0000
20643.4291 0.0000
21269.4583 0.0000
21335.1626 0.0000
20723.8967 0.0000
21653.5678 0.0000
20611.4108 0.0000
21997.8737 0.0000
22460.6973 0.0000
20855.4714 0.0000
22029.6276 0.0000
22634.5210 0.0000
23706.9027 0.0000
23197.7914 0.0000
23811.0693 0.0000
24068.5701 0.0000
23884.3871 0.0000
23549.0537 0.0000
25086.3849 0.0000
23056.6934 0.0000
23519.3195 0.0000
24405.9441 0.0000
24344.4425 0.0000
23408.3503 0.0000
24878.3899 0.0000
24747.2299 0.0000
24735.7145 0.0000
24833.9804 0.0000
26350.3457 0.0000
24445.9360 0.0000
23927.4755 0.0000
25025.1230 0.0000
24346.0832 0.0000
24487.7894 0.0000
25179.5406 0.0000
25836.1438 0.0000
26219.2789 0.0000
26190.3007 0.0000
26292.0531 0.0000
26105.6429 0.0000
26420.6194 0.0000
26222.2419 0.0000
26301.7735 0.0000
26168.9357 0.0000
25981.0446 0.0000
25742.4695 0.0000
26323.1237 0.0000
26440.1359 0.0000
26209.2053 0.0000
26039.7193 0.0000
27114.3522 0.0000
27620.9425 0.0000
27274.2668 0.0000
27981.0136 0.0000
27705.6341 0.0000
27760.3353 0.0000
28378.5786 0.0000
28263.1812 0.0000
29621.2109 0.0000
27360.9121 0.0000
29039.4952 0.0000
29446.4430 0.0000
29126.6420 0.0000
30125.8071 0.0000
30241.6366 0.0000
30245.6500 0.0000
30021.7961 0.0000
30044.7305 0.0000
30228.6814 0.0000
30271.2767 0.0000
29952.0648 0.0000
30031.5413 0.0000
30557.1825 0.0000
30138.0584 0.0000
30618.9599 0.0000
31224.8515 0.0000
30603.5345 0.0000
30418.5757 0.0000
30139.7829 0.0000
30710.6626 0.0000
29184.1969 0.0000
29771.2218 0.0000
31469.0239 0.0000
31401.7466 0.0000
