0.00000000
0.00000000
0.00000000
0.11245763
0.10660298
0.10660298
0.10909015
0.10633107
0.10962530
0.09808839
0.09794647
0.09794647
0.09767919
0.09804814
0.09839422
0.09839422
0.09839422
0.09839422
0.09839422
0.09839422
0.09843772
0.09852029
0.09855031
0.09840712
0.10152663
0.10152663
0.09995321
0.09995321
0.09995321
0.09995321
0.10097003
0.10097003
0.10097003
0.09912164
0.09846627
0.09881844
0.09877934
0.09877934
0.09901276
0.09776271
0.09779843
0.09779843
0.09786173
0.09786173
0.09786173
0.09441776
0.09441776
0.06466114
0.06281173
0.05585027
0.06240092
0.06240092
0.06411060
0.06411060
0.06884137
0.07423231
0.07423231
0.07423231
0.05613474
0.05613474
0.05613474
0.05613474
0.05613474
0.05613474
0.06948566
0.06911534
0.06761739
0.06761739
0.06761739
0.06761739
0.06564459
0.06415372
0.05912596
0.06044511
0.06044511
0.06044511
0.06044511
0.06044511
0.06548861
0.06548861
0.06548861
0.07021428
0.06407148
0.06407148
0.06407148
0.06407148
0.06407148
0.06407148
0.07521778
0.07152400
0.05968868
0.05968868
0.06715944
0.06715944
0.06715944
0.05735864
0.05735864
0.06464973
0.05953233
0.06381518
0.06381518
0.06381518
0.06675705
0.06675705
0.05915940
0.05915940
0.05915940
0.05915940
0.05915940
0.05915940
0.05880648
0.06014434
0.06014434
0.06014434
0.06043757
0.05953434
0.06524209
0.06524209
0.04990152
0.04990152
0.05289214
0.05289214
0.05144335
0.05144335
0.06218829
0.06251294
0.06251294
0.06251294
0.06513256
0.06038515
0.06531749
0.06531749
0.06531749
0.06531749
0.06531749
0.06101759
0.06233667
0.06233667
0.05525441
0.05525441
0.05182897
0.05174156
0.05174156
0.05174156
0.05174156
0.05174156
0.05174156
0.04918476
0.06499874
0.06499874
0.06499874
0.06499874
0.06485524
0.06485524
0.06696170
0.06696170
0.06696170
0.06696170
0.04582218
0.04745686
0.04697474
0.05850599
0.05850599
0.05850599
0.05509270
0.05509270
0.05509270
0.05509270
0.05509270
0.05509270
0.05509270
0.05509270
0.05509270
0.05509270
0.05509270
0.06031823
0.05441392
0.05832634
0.05832634
0.05832634
0.05832634
0.05745113
0.06354793
0.06354793
0.06354793
0.06044784
0.05195853
0.05195853
0.06058775
0.06058775
0.07458716
0.07841459
0.07704063
0.07391574
0.06095559
0.05675174
0.06714158
0.06714158
0.05867510
0.07372098
0.07265552
0.06268133
0.07101124
0.07914114
0.06682066
0.06153335
0.05372442
0.05372442
0.06033005
0.06033005
0.06033005
0.06033005
0.06033005
0.06033005
0.07044539
0.07044539
0.07851862
0.07835539
0.06918932
0.05913756
0.05913756
0.05913756
0.05913756
0.05350442
0.05350442
0.04778138
0.06465347
0.06772604
0.06772604
0.06772604
0.07610520
0.07610520
0.07095681
0.07095681
0.07095681
0.07095681
0.07095681
0.07330909
0.07330909
0.07330909
0.05289315
0.05416071
0.05416071
0.05396779
0.05396779
0.05845620
0.05845620
0.05586562
0.05586562
0.05586562
0.06268097
0.06268097
0.05861661
0.05861661
0.05861661
0.05861661
0.06118022
0.06341848
0.06341848
0.06341848
0.06928947
0.06928947
0.05461309
0.05461309
0.05087143
0.05494094
0.05430701
0.05430701
0.05784646
0.05818349
0.05818349
0.05818349
0.05818349
0.05818349
0.06262127
0.06262127
0.05342972
0.06495530
0.06495530
0.05692549
0.05707517
0.05707517
0.05707517
0.06336949
0.07396275
0.07396275
0.05797690
0.05797690
0.05797690
0.05972511
0.05972511
0.05827090
0.05827090
0.05827090
0.05827090
0.05896705
0.05896705
0.05896705
0.06024535
0.05724825
0.05321630
0.06019601
0.06019601
0.06019601
0.06019601
0.06019601
0.06688340
0.06688340
0.07127639
0.07854501
0.07854501
0.07384448
0.07384448
0.07384448
0.07384448
0.06796050
0.06796050
0.06796050
0.08306778
0.07063978
0.06341167
0.06341167
0.06341167
0.06341167
0.05449059
0.05550963
0.05550963
0.05550963
0.05550963
0.06120303
0.06120303
0.06120303
0.06120303
0.06120303
0.06120303
0.05309796
0.05309796
0.05002840
0.04473453
0.04473453
0.04473453
0.04473453
0.04391499
0.04259210
0.04399736
0.04205683
0.04205683
0.04205683
0.04209820
0.04191202
0.04949856
0.04916408
0.04916408
0.04916408
0.04916408
0.04440983
0.04440983
0.04440983
0.04440983
0.04503958
0.04503958
0.04503958
0.04503958
0.04846177
0.04846177
0.04846177
0.04846177
0.04846177
0.04846177
0.04945416
0.04603338
0.04603338
0.04603338
0.04864127
0.04845342
0.04845342
0.04648447
0.04312005
0.04312005
0.04312005
0.04357448
0.04602643
0.04602643
0.06559534
0.06559534
0.04960435
0.04553844
0.06344045
0.06344045
0.06130126
0.06217723
0.06217723
0.06217723
0.06217723
0.06217723
0.06217723
0.07174349
0.07174349
0.07174349
0.07174349
0.07568353
0.07568353
0.07568353
0.07991997
0.07991997
0.06278115
0.06776678
0.06776678
0.06820551
0.06820551
0.09348696
0.09348696
0.09348696
0.10574362
0.10574362
0.06278676
0.05774690
0.05774690
0.04944993
0.08114805
0.08431645
0.08431645
0.08431645
0.08431645
0.08192637
0.08192637
0.08192637
0.08192637
0.08415546
0.08415546
0.08415546
0.08415546
0.09805941
0.09805941
0.07279813
0.07279813
0.07577476
0.07956882
0.07631434
0.07631434
0.07631434
0.07631434
0.07631434
0.08167617
0.07693001
0.08334429
0.08334429
0.07515026
0.07515026
0.07230512
0.07230512
0.07230512
0.07230512
0.07397450
0.07397450
0.06086265
0.06086265
0.06086265
0.06086265
0.06086265
0.06086265
0.06086265
0.06086265
0.06086265
0.06540349
0.06540349
0.05895316
0.05895316
0.05895316
0.06625994
0.06625994
0.05894302
0.05894302
0.06467658
0.06467658
0.06467658
0.07713263
0.07713263
0.06889816
0.06693879
0.07628164
0.06970817
0.06970817
0.07488293
0.07488293
0.07784632
0.07742305
0.07742305
0.07082705
0.07877450
0.07744781
0.07744781
0.08056813
0.07395129
0.07665668
0.07665668
0.07665668
0.06836104
0.06836104
0.06836104
0.07688095
0.07688095
0.07797001
0.07797001
0.06534884
0.06534884
0.08617707
0.08617707
0.05773256
0.05773256
0.05773256
0.05773256
0.07130358
0.06650189
0.06901278
0.06184454
0.06184454
0.05418051
0.06119518
0.05685902
0.05685902
0.05685902
0.05838004
0.05838004
0.05838004
0.05838004
0.05838004
0.05838004
0.05838004
0.05838004
0.05838004
0.06099505
0.06161617
0.06161617
0.06865745
0.06865745
0.06865745
0.07175259
0.07175259
0.06811315
0.06811315
0.05500374
0.08278661
0.06124464
0.06124464
0.06621927
0.04830885
0.04830885
0.04830885
0.07912442
0.07912442
0.06166195
0.07100670
0.07100670
0.06877761
0.06701433
0.06701433
0.06701433
0.06308629
0.06308629
0.06308629
0.06308629
0.06644725
0.06644725
0.05732439
0.06443247
0.05853876
0.05853876
0.05423519
0.07384044
0.07238478
0.05405876
0.05405876
0.05871349
0.06151718
0.05562341
0.05562341
0.05562341
0.05667929
0.05667929
0.05667929
0.05667929
0.05667929
0.05667929
0.05755438
0.05955917
0.05955917
0.05563516
0.05563516
0.05563516
0.06290098
0.06481612
0.06481612
0.06481612
0.05785081
0.05785081
0.05095572
0.05095572
0.05095572
0.05212993
0.04609566
0.04609566
0.06414673
0.05569308
0.05569308
0.05028958
0.05946516
0.05946516
0.05946516
0.06321091
0.06321091
0.05973464
0.05973464
0.06192548
0.05252536
0.05252536
0.04961523
0.06175037
0.06175037
0.06175037
0.06175037
0.06144030
0.05966781
0.05266878
0.05081555
0.05212062
0.05168790
0.05168790
0.05168790
0.05168790
0.04860562
0.04860562
0.04407431
0.04407431
0.04407431
0.04407431
0.04407431
0.04407431
0.03970013
0.03970013
0.03970013
0.06589961
0.06589961
0.06589961
0.06689247
0.06468062
0.06468062
0.06468062
0.06468062
0.06468062
0.05817000
0.05817000
0.06392299
0.05710238
0.05710238
0.04864468
0.04864468
0.06164199
0.06880484
0.06880484
0.05429628
0.05429628
0.05429628
0.05429628
0.05429628
0.05697612
0.05697612
0.05475179
0.05888062
0.06506511
0.06506511
0.06823635
0.06661780
0.06261645
0.06261645
0.06165722
0.05528254
0.05009200
0.04935481
0.04935481
0.06180583
0.06180583
0.06180583
0.04821713
0.04821713
0.04821713
0.04821713
0.04821713
0.04821713
0.04821713
0.05430695
0.05430695
0.05430695
0.05265498
0.05265498
0.05265498
0.05265498
0.05547241
0.05135479
0.06228705
0.05337431
0.05337431
0.05337431
0.04782332
0.04782332
0.05589263
0.05589263
0.06086221
0.06086221
0.06086221
0.05690506
0.05690506
0.05690506
0.05576564
0.07159004
0.06154035
0.05847699
0.05847699
0.06034669
0.06034669
0.06034669
0.06034669
0.06034669
0.06469329
0.06469329
0.05289256
0.05289256
0.06873047
0.06873047
0.07433390
0.06941339
0.06556779
0.06556779
0.04898464
0.04899996
0.04899996
0.04968595
0.05048508
0.05048508
0.05048508
0.05048508
0.04739979
0.04739979
0.04679341
0.04679341
0.04679341
0.04570326
0.04570326
0.04864057
0.04864057
0.04863696
0.05761542
0.04907858
0.04907858
0.05951623
0.05523899
0.06404161
0.06217640
0.06217640
0.06217640
0.06217640
0.06217640
0.06217640
0.06040807
0.06313972
0.05258096
0.05258096
0.05258096
0.05789707
0.05789707
0.05789707
0.05789707
0.04683506
0.04683506
0.04710904
0.04710904
0.04507849
0.04507849
0.05530846
0.04743189
0.04743189
0.04743189
0.04743189
0.04671311
0.05092784
0.04282290
0.03676332
0.03963569
0.03963569
0.03963569
0.05052796
0.05052796
0.04945593
0.04986266
0.04986266
0.05044811
0.05044811
0.05044811
0.05131440
0.05745150
0.05874532
0.04980202
0.04980202
0.05135822
0.05135822
0.05135822
0.05842440
0.05220228
0.04350362
0.04350362
0.04350362
0.04756619
0.05542177
0.04122058
0.05544954
0.05544954
0.05964530
0.07794407
0.07794407
0.07996931
0.07996931
0.04968456
0.04481169
0.04401887
0.04401887
0.04401887
0.04500364
0.04734697
0.04734697
0.04535111
0.04788798
0.04788798
0.04788798
0.04788798
0.05118528
0.03960780
0.03960780
0.03786020
0.03786020
0.03786020
0.03786020
0.05507312
0.05787240
0.04846602
0.04846602
0.04846602
0.04846602
0.05153230
0.05153230
0.05190506
0.05190506
0.05190506
0.04776486
0.05690501
0.05983826
0.04387905
0.04387905
0.04387905
0.04387905
0.04387905
0.05123636
0.05123636
0.04692009
0.04692009
0.04692009
0.05862641
0.05862641
0.05862641
0.05126565
0.05126565
0.05351302
0.05383569
0.05381381
0.05381381
0.05381381
0.05161763
0.04712755
0.04712755
0.04712755
0.04664700
0.04284437
0.04284437
0.04284437
0.04284437
0.04284437
0.04284437
0.04032345
0.04032345
0.05206806
0.05206806
0.05206806
0.05206806
0.05206806
0.05350540
0.05350540
0.05158706
0.04899399
0.04876903
0.04658843
0.05051475
0.04968199
0.04968199
0.04463723
0.04387314
0.04448334
0.04448334
0.04448334
0.04448334
0.04448334
0.04755772
0.04755772
0.04163732
0.04163732
0.04314987
0.04314987
0.04314987
0.04314987
0.03956590
0.03956590
0.03956590
0.06305045
0.06305045
0.06305045
0.06305045
0.06081226
0.06147480
0.03794970
0.03794970
0.04809978
0.04369521
0.04369521
0.04665105
0.04665105
0.04665105
0.04665105
0.04665105
0.05030605
0.05030605
0.05030605
0.05030605
0.05429831
0.05429831
0.05429831
0.04661654
0.04661654
0.04661654
0.04661654
0.04661654
0.03857834
0.03857834
0.03434667
0.04667189
0.03788791
0.03788791
0.03788791
0.03788791
0.03768944
0.03768944
0.03768944
0.03768944
0.04837128
0.04837128
0.05166071
0.04564182
0.04413434
0.03533381
0.04314292
0.04550807
0.04550807
0.04550807
0.05551386
0.05551386
0.03472668
0.03472668
0.03472668
0.03855977
0.04151429
0.04151429
0.04796936
0.04573189
0.04658572
0.05155985
0.04937827
0.04937827
0.05637278
0.05637278
0.04640630
0.04640630
0.04640630
0.04069251
0.03445496
0.03445496
0.03768192
0.03768192
0.03768192
0.03768192
0.03768192
0.04943893
0.04943893
0.04956060
0.05857370
0.05857370
0.05927763
0.05927763
0.05927763
0.05927763
0.05927763
0.03609762
0.03609762
0.03609762
0.03609762
0.04671126
0.04931516
0.04931516
0.04931516
0.04931516
0.03329944
0.03329944
0.03231965
0.04352215
0.04352215
0.04352215
0.04352215
0.05344179
0.05344179
0.05554462
0.04972339
0.03486286
0.03490082
0.03645591
0.03605613
0.03605613
0.04963325
0.04963325
0.05336209
0.03282837
0.03570611
0.03570611
0.03489462
0.03489462
0.03028308
0.03107238
0.03107238
0.03107238
0.03107238
0.03107238
0.02976673
0.02976673
0.02976673
0.06553162
0.06069675
0.06947057
0.06981886
0.05200466
0.03653847
0.03796151
0.03796151
0.03796151
0.06019626
0.04887343
0.05235329
0.05473900
0.05473900
0.05473900
0.05473900
0.05311659
0.05224081
0.05224081
0.05917410
0.05917410
0.04179651
0.04179651
0.04179651
0.04350896
0.04350896
0.03104530
0.03678713
0.03678713
0.03777171
0.03777171
0.03976761
0.03976761
0.03976761
0.03976761
0.03976761
0.02722930
0.02722930
0.03548914
0.03531752
0.03531752
0.03531752
0.03531752
0.03531752
0.03531752
0.04006099
0.04546314
0.04546314
0.04546314
0.04546314
0.04546314
0.04546314
0.04057006
0.03888663
0.03888663
0.04362668
0.04362668
0.06424112
0.06424112
0.06413679
0.06413679
0.04233367
0.05071305
0.03710037
0.04544726
0.04130496
0.04130496
0.04571125
0.04571125
0.04571125
0.04571125
0.04571125
0.05095503
0.05037581
0.04591507
0.04591507
0.05463370
0.05463370
0.05463370
0.05463370
0.06785117
0.06218068
0.06218068
0.06029991
0.03175638
0.02841674
0.02841674
0.02841674
0.03124934
0.03546623
0.03684657
0.03297212
0.03047960
0.03047960
0.04154183
0.04154183
0.04780174
0.05882583
0.05677909
0.03834286
0.03996936
0.03458894
0.03458894
0.03598274
0.03598274
0.03808606
0.03821198
0.04732808
0.03817796
0.03954686
0.04260329
0.04062348
0.04062348
0.04062348
0.04335689
0.04949758
0.03371146
0.03371146
0.04774689
0.05112324
0.05112324
0.05710657
0.05710657
0.03616692
0.04593399
0.05342000
0.04521295
0.04521295
0.04237429
0.04237429
0.03256542
0.03256542
0.05914331
0.05498078
0.04396176
0.04142922
0.05736273
0.06514410
0.06494086
0.06494086
0.06494086
0.06494086
0.06191165
0.06191165
0.06922892
0.06788156
0.06788156
0.06422892
0.06284149
0.06284149
0.06430960
0.06430960
0.04406207
0.04148570
0.04148570
0.04396338
0.04396338
0.04396338
0.04142831
0.03878050
0.03878050
0.04844811
0.04844811
0.04844811
0.04844811
0.04844811
0.04844811
0.04844811
0.02966951
0.02994232
0.02994232
0.02965864
0.02899185
0.02899185
0.02907485
0.03150182
0.03532304
0.03532304
0.03532304
0.03618048
0.03618048
0.03618048
0.03946099
0.03946099
0.03946099
0.03946099
0.03861544
0.03861544
0.03861544
0.03861544
0.04309827
0.04309827
0.04309827
0.04309827
0.04309827
0.04309827
0.04309827
0.04258984
0.04632563
0.04482211
0.04482211
