0.00000000
0.00000000
0.00000000
0.18030501
0.17068166
0.17068166
0.17712123
0.17460013
0.17979774
0.10506863
0.10600001
0.10600001
0.10591022
0.10046473
0.08741293
0.08741293
0.08741293
0.08741293
0.08741293
0.08741293
0.09791796
0.09805190
0.09801430
0.09792658
0.09355797
0.09355797
0.08995848
0.08995848
0.08995848
0.08995848
0.07281368
0.07281368
0.07281368
0.07194884
0.06403807
0.06946672
0.06753614
0.06753614
0.07054573
0.06695218
0.06613455
0.06613455
0.06812403
0.06812403
0.06812403
0.06955630
0.06955630
0.07343330
0.06415922
0.06043918
0.07036659
0.07036659
0.08258579
0.08258579
0.06725669
0.06703809
0.06703809
0.06703809
0.05002115
0.05002115
0.05002115
0.05002115
0.05002115
0.05002115
0.06252916
0.06550302
0.06375782
0.06375782
0.06375782
0.06375782
0.06762555
0.06370566
0.05730817
0.06238856
0.06238856
0.06238856
0.06238856
0.06238856
0.06247437
0.06247437
0.06247437
0.06979375
0.06754952
0.06754952
0.06754952
0.06754952
0.06754952
0.06754952
0.07786605
0.06424602
0.05288305
0.05288305
0.06227595
0.06227595
0.06227595
0.05625583
0.05625583
0.05696499
0.06826202
0.05998650
0.05998650
0.05998650
0.05573798
0.05573798
0.04536260
0.04536260
0.04536260
0.04536260
0.04536260
0.04536260
0.04666309
0.05028870
0.05028870
0.05028870
0.05062457
0.04761952
0.05854716
0.05854716
0.05269110
0.05269110
0.05504101
0.05504101
0.05171438
0.05171438
0.06397923
0.06827909
0.06827909
0.06827909
0.07278842
0.06421614
0.06621053
0.06621053
0.06621053
0.06621053
0.06621053
0.05913880
0.05580916
0.05580916
0.05418886
0.05418886
0.05395259
0.05228220
0.05228220
0.05228220
0.05228220
0.05228220
0.05228220
0.06269579
0.06618560
0.06618560
0.06618560
0.06618560
0.07409797
0.07409797
0.07763434
0.07763434
0.07763434
0.07763434
0.05349353
0.05441510
0.05994285
0.07344533
0.07344533
0.07344533
0.06815856
0.06815856
0.06815856
0.06815856
0.06815856
0.06815856
0.06815856
0.06815856
0.06815856
0.06815856
0.06815856
0.06648126
0.09291890
0.09494649
0.09494649
0.09494649
0.09494649
0.05746045
0.05883207
0.05883207
0.05883207
0.06211860
0.05523032
0.05523032
0.05946722
0.05946722
0.05108317
0.04743917
0.04840899
0.04864589
0.05990477
0.05426920
0.05714092
0.05714092
0.05382803
0.06348843
0.05944905
0.05438727
0.05368176
0.05995662
0.05044638
0.04985337
0.05019439
0.05019439
0.04929504
0.04929504
0.04929504
0.04929504
0.04929504
0.04929504
0.05498423
0.05498423
0.05374211
0.05141659
0.06369948
0.07141364
0.07141364
0.07141364
0.07141364
0.07403334
0.07403334
0.08235907
0.05478192
0.06084564
0.06084564
0.06084564
0.06474946
0.06474946
0.06377456
0.06377456
0.06377456
0.06377456
0.06377456
0.06504939
0.06504939
0.06504939
0.05299139
0.05657854
0.05657854
0.05121015
0.05121015
0.05207346
0.05207346
0.04819242
0.04819242
0.04819242
0.05907107
0.05907107
0.05597656
0.05597656
0.05597656
0.05597656
0.05657348
0.05723832
0.05723832
0.05723832
0.05564227
0.05564227
0.05718972
0.05718972
0.05273714
0.05059051
0.05134623
0.05134623
0.05142435
0.05625856
0.05625856
0.05625856
0.05625856
0.05625856
0.05622718
0.05622718
0.04915131
0.04971666
0.04971666
0.05036791
0.04913323
0.04913323
0.04913323
0.04354783
0.04558123
0.04558123
0.04569621
0.04569621
0.04569621
0.04488277
0.04488277
0.05629694
0.05629694
0.05629694
0.05629694
0.05303881
0.05303881
0.05303881
0.05919557
0.05946410
0.05240265
0.05980682
0.05980682
0.05980682
0.05980682
0.05980682
0.05850294
0.05850294
0.06382297
0.06758541
0.06758541
0.06290954
0.06290954
0.06290954
0.06290954
0.06279300
0.06279300
0.06279300
0.06594816
0.07266007
0.07510637
0.07510637
0.07510637
0.07510637
0.05805070
0.06394519
0.06394519
0.06394519
0.06394519
0.07163422
0.07163422
0.07163422
0.07163422
0.07163422
0.07163422
0.06315962
0.06315962
0.05635684
0.06305240
0.06305240
0.06305240
0.06305240
0.05018019
0.05217305
0.06202541
0.04966949
0.04966949
0.04966949
0.04755738
0.04491706
0.05245306
0.04327112
0.04327112
0.04327112
0.04327112
0.05691723
0.05691723
0.05691723
0.05691723
0.05714596
0.05714596
0.05714596
0.05714596
0.05986601
0.05986601
0.05986601
0.05986601
0.05986601
0.05986601
0.06474327
0.06319745
0.06319745
0.06319745
0.06920390
0.04976218
0.04976218
0.04972926
0.06199931
0.06199931
0.06199931
0.05952173
0.05036858
0.05036858
0.05737072
0.05737072
0.05156633
0.04452011
0.05402390
0.05402390
0.05845278
0.05569834
0.05569834
0.05569834
0.05569834
0.05569834
0.05569834
0.06357285
0.06357285
0.06357285
0.06357285
0.07121131
0.07121131
0.07121131
0.07650220
0.07650220
0.05542803
0.05714848
0.05714848
0.06260451
0.06260451
0.06594663
0.06594663
0.06594663
0.06279888
0.06279888
0.05475273
0.05270254
0.05270254
0.05089945
0.05978633
0.05906929
0.05906929
0.05906929
0.05906929
0.05247048
0.05247048
0.05247048
0.05247048
0.04887244
0.04887244
0.04887244
0.04887244
0.05054754
0.05054754
0.05460273
0.05460273
0.05274623
0.05195109
0.05277947
0.05277947
0.05277947
0.05277947
0.05277947
0.05987840
0.05936783
0.05278886
0.05278886
0.07286129
0.07286129
0.07211299
0.07211299
0.07211299
0.07211299
0.07491544
0.07491544
0.07913447
0.07913447
0.07913447
0.07913447
0.07913447
0.07913447
0.07913447
0.07913447
0.07913447
0.06418528
0.06418528
0.06771246
0.06771246
0.06771246
0.07339659
0.07339659
0.06701173
0.06701173
0.06848807
0.06848807
0.06848807
0.06509217
0.06509217
0.05918403
0.06957036
0.08134147
0.07139552
0.07139552
0.08066989
0.08066989
0.07425207
0.07312779
0.07312779
0.07364910
0.06214300
0.07668767
0.07668767
0.08493235
0.07813051
0.06789687
0.06789687
0.06789687
0.06343808
0.06343808
0.06343808
0.06637932
0.06637932
0.07498668
0.07498668
0.05841920
0.05841920
0.06940181
0.06940181
0.06752286
0.06752286
0.06752286
0.06752286
0.06735873
0.06846503
0.07018768
0.05912724
0.05912724
0.05725718
0.06013326
0.05444579
0.05444579
0.05444579
0.06156654
0.06156654
0.06156654
0.06156654
0.06156654
0.06156654
0.06156654
0.06156654
0.06156654
0.06786434
0.07008215
0.07008215
0.06941086
0.06941086
0.06941086
0.07786575
0.07786575
0.06019494
0.06019494
0.06703777
0.07549649
0.05615521
0.05615521
0.05176234
0.06158137
0.06158137
0.06158137
0.06569991
0.06569991
0.06013722
0.06255826
0.06255826
0.06249883
0.06285205
0.06285205
0.06285205
0.05589584
0.05589584
0.05589584
0.05589584
0.07022263
0.07022263
0.06316173
0.05413325
0.06243104
0.06243104
0.05501395
0.06812894
0.06573794
0.05931714
0.05931714
0.04704905
0.06547967
0.06414773
0.06414773
0.06414773
0.04803900
0.04803900
0.04803900
0.04803900
0.04803900
0.04803900
0.05421669
0.04817189
0.04817189
0.04604647
0.04604647
0.04604647
0.04055959
0.03818481
0.03818481
0.03818481
0.03947998
0.03947998
0.04143540
0.04143540
0.04143540
0.04284269
0.04272508
0.04272508
0.04015064
0.04479955
0.04479955
0.04195797
0.03771650
0.03771650
0.03771650
0.03541308
0.03541308
0.03833723
0.03833723
0.04110519
0.04497301
0.04497301
0.04260140
0.03460487
0.03460487
0.03460487
0.03460487
0.03857116
0.03565787
0.03870629
0.04226175
0.04845232
0.04609348
0.04609348
0.04609348
0.04609348
0.05045380
0.05045380
0.04868594
0.04868594
0.04868594
0.04868594
0.04868594
0.04868594
0.05026769
0.05026769
0.05026769
0.03423961
0.03423961
0.03423961
0.03725785
0.03549680
0.03549680
0.03549680
0.03549680
0.03549680
0.03950037
0.03950037
0.04270451
0.03307837
0.03307837
0.03586848
0.03586848
0.03416776
0.03328329
0.03328329
0.03610379
0.03610379
0.03610379
0.03610379
0.03610379
0.03813683
0.03813683
0.04045452
0.03967280
0.03973416
0.03973416
0.03928478
0.03621630
0.03605003
0.03605003
0.03579476
0.03613497
0.03602263
0.03871762
0.03871762
0.03607169
0.03607169
0.03607169
0.03730352
0.03730352
0.03730352
0.03730352
0.03730352
0.03730352
0.03730352
0.04162172
0.04162172
0.04162172
0.03664468
0.03664468
0.03664468
0.03664468
0.03889077
0.03644816
0.03716634
0.03515783
0.03515783
0.03515783
0.03596027
0.03596027
0.03378111
0.03378111
0.04487079
0.04487079
0.04487079
0.04116950
0.04116950
0.04116950
0.03592040
0.03555913
0.03569183
0.03495502
0.03495502
0.03778272
0.03778272
0.03778272
0.03778272
0.03778272
0.03777821
0.03777821
0.03213499
0.03213499
0.03142747
0.03142747
0.03146699
0.03160006
0.03269223
0.03269223
0.03852593
0.03505209
0.03505209
0.03304544
0.03385455
0.03385455
0.03385455
0.03385455
0.03429779
0.03429779
0.03279287
0.03279287
0.03279287
0.03863681
0.03863681
0.03578895
0.03578895
0.03389907
0.03665340
0.03610962
0.03610962
0.04718035
0.05061190
0.05813262
0.06304057
0.06304057
0.06304057
0.06304057
0.06304057
0.06304057
0.06375418
0.07137681
0.04641206
0.04641206
0.04641206
0.03117601
0.03117601
0.03117601
0.03117601
0.04075528
0.04075528
0.03776701
0.03776701
0.03592713
0.03592713
0.03525894
0.04042839
0.04042839
0.04042839
0.04042839
0.04480150
0.03702475
0.04554750
0.04512077
0.04150539
0.04150539
0.04150539
0.04282339
0.04282339
0.03861896
0.03334170
0.03334170
0.03320256
0.03320256
0.03320256
0.04057535
0.04718451
0.03758860
0.06494736
0.06494736
0.06561391
0.06561391
0.06561391
0.06620925
0.03933998
0.04451313
0.04451313
0.04451313
0.04336077
0.05307995
0.04622303
0.04814737
0.04814737
0.03545159
0.04436500
0.04436500
0.04314423
0.04314423
0.03523187
0.03490288
0.03511376
0.03511376
0.03511376
0.03258014
0.03502914
0.03502914
0.03398318
0.03171627
0.03171627
0.03171627
0.03171627
0.03451805
0.03320474
0.03320474
0.03166531
0.03166531
0.03166531
0.03166531
0.03715643
0.03193661
0.03842081
0.03842081
0.03842081
0.03842081
0.03582246
0.03582246
0.03267914
0.03267914
0.03267914
0.03572529
0.03236658
0.03321696
0.03703379
0.03703379
0.03703379
0.03703379
0.03703379
0.03705126
0.03705126
0.03652007
0.03652007
0.03652007
0.04350760
0.04350760
0.04350760
0.03844829
0.03844829
0.03617172
0.04370609
0.04508189
0.04508189
0.04508189
0.04130715
0.04552078
0.04552078
0.04552078
0.03727283
0.03853550
0.03853550
0.03853550
0.03853550
0.03853550
0.03853550
0.03401992
0.03401992
0.06181936
0.06181936
0.06181936
0.06181936
0.06181936
0.06028732
0.06028732
0.04252956
0.03702142
0.03889043
0.03854681
0.04227857
0.04021586
0.04021586
0.03753874
0.03753179
0.03908796
0.03908796
0.03908796
0.03908796
0.03908796
0.03873576
0.03873576
0.04174953
0.04174953
0.03581537
0.03581537
0.03581537
0.03581537
0.03358812
0.03358812
0.03358812
0.04420452
0.04420452
0.04420452
0.04420452
0.04289925
0.04660374
0.03828369
0.03828369
0.03542714
0.03370986
0.03370986
0.03544341
0.03544341
0.03544341
0.03544341
0.03544341
0.04569229
0.04569229
0.04569229
0.04569229
0.04654062
0.04654062
0.04654062
0.05392989
0.05392989
0.05392989
0.05392989
0.05392989
0.04906295
0.04906295
0.04960971
0.05098342
0.04555479
0.04555479
0.04555479
0.04555479
0.04487172
0.04487172
0.04487172
0.04487172
0.05223949
0.05223949
0.04875140
0.04791606
0.04344102
0.04106951
0.04101358
0.04458913
0.04458913
0.04458913
0.05233084
0.05233084
0.04826004
0.04826004
0.04826004
0.05828674
0.06582833
0.06582833
0.04980445
0.04444571
0.04079800
0.04726556
0.04676950
0.04676950
0.03436456
0.03436456
0.03364094
0.03364094
0.03364094
0.03146314
0.03462358
0.03462358
0.03919255
0.03919255
0.03919255
0.03919255
0.03919255
0.03321465
0.03321465
0.03518577
0.03425254
0.03425254
0.03460402
0.03460402
0.03460402
0.03460402
0.03460402
0.02890255
0.02890255
0.02890255
0.02890255
0.04311386
0.04160464
0.04160464
0.04160464
0.04160464
0.04373324
0.04373324
0.04401872
0.04162983
0.04162983
0.04162983
0.04162983
0.05371943
0.05371943
0.05228901
0.04874578
0.04850795
0.04025996
0.04077835
0.04749201
0.04749201
0.04277936
0.04277936
0.04141662
0.03159152
0.03159152
0.03159152
0.03031294
0.03031294
0.03063115
0.03338779
0.03338779
0.03338779
0.03338779
0.03338779
0.03552881
0.03552881
0.03552881
0.03751368
0.03440394
0.03473127
0.03748018
0.03199360
0.03552336
0.03640683
0.03640683
0.03640683
0.03393488
0.03939482
0.03225897
0.03146002
0.03146002
0.03146002
0.03146002
0.03198298
0.03525024
0.03525024
0.03971834
0.03971834
0.03421981
0.03421981
0.03421981
0.03401598
0.03401598
0.03617098
0.03063251
0.03063251
0.03064011
0.03064011
0.03166661
0.03166661
0.03166661
0.03166661
0.03166661
0.03782658
0.03782658
0.03322782
0.03419676
0.03419676
0.03419676
0.03419676
0.03419676
0.03419676
0.03104428
0.02995385
0.02995385
0.02995385
0.02995385
0.02995385
0.02995385
0.03181012
0.03219021
0.03219021
0.03298500
0.03298500
0.03468932
0.03468932
0.03639707
0.03639707
0.03201839
0.03009748
0.03256137
0.03159709
0.03176057
0.03176057
0.03049057
0.03049057
0.03049057
0.03049057
0.03049057
0.02910642
0.03711624
0.03529421
0.03529421
0.04106349
0.04106349
0.04106349
0.04106349
0.05214337
0.05111779
0.05111779
0.04382626
0.03060892
0.02775873
0.02775873
0.02775873
0.02718083
0.02589289
0.02663317
0.02723954
0.03920461
0.03920461
0.03617698
0.03617698
0.03639681
0.03363395
0.03398470
0.02923354
0.03202819
0.03272152
0.03272152
0.03494561
0.03494561
0.03141367
0.03058266
0.03637432
0.03168964
0.03036240
0.02993499
0.02996894
0.02996894
0.02996894
0.03344127
0.03170367
0.02899119
0.02899119
0.02691487
0.02986660
0.02986660
0.03002646
0.03002646
0.03306062
0.02847247
0.03557790
0.02872643
0.02872643
0.03125590
0.03125590
0.03245135
0.03245135
0.04219081
0.04076050
0.03362741
0.03501309
0.02819378
0.02848060
0.03202767
0.03202767
0.03202767
0.03202767
0.02711951
0.02711951
0.02724420
0.02980805
0.02980805
0.02789209
0.02642035
0.02642035
0.02699992
0.02699992
0.02755133
0.02730231
0.02730231
0.02782183
0.02782183
0.02782183
0.03010449
0.03136628
0.03136628
0.02886224
0.02886224
0.02886224
0.02886224
0.02886224
0.02886224
0.02886224
0.03082754
0.03359484
0.03359484
0.03157481
0.03591213
0.03591213
0.03911894
0.03877178
0.02969447
0.02969447
0.02969447
0.03271897
0.03271897
0.03271897
0.04019748
0.04019748
0.04019748
0.04019748
0.04049016
0.04049016
0.04049016
0.04049016
0.03078794
0.03078794
0.03078794
0.03078794
0.03078794
0.03078794
0.03078794
0.03200843
0.03060641
0.03105347
0.03105347
