0.00000000
0.00000000
0.00000000
0.15422838
0.14893289
0.14893289
0.15033311
0.15032147
0.15020019
0.09708458
0.09663682
0.09663682
0.09590449
0.09820442
0.09846624
0.09846624
0.09846624
0.09846624
0.09846624
0.09846624
0.09833252
0.09837450
0.09839515
0.09832179
0.10163809
0.10163809
0.10011015
0.10011015
0.10011015
0.10011015
0.09973888
0.09973888
0.09973888
0.06979164
0.06888237
0.06941401
0.07147477
0.07147477
0.07254933
0.07184592
0.07189470
0.07189470
0.06486880
0.06486880
0.06486880
0.05620430
0.05620430
0.05586311
0.06011356
0.05865896
0.06886741
0.06886741
0.07326239
0.07326239
0.07262560
0.07496546
0.07496546
0.07496546
0.06054530
0.06054530
0.06054530
0.06054530
0.06054530
0.06054530
0.07357740
0.07497295
0.07821940
0.07821940
0.07821940
0.07821940
0.07329468
0.07126272
0.07460088
0.07641401
0.07641401
0.07641401
0.07641401
0.07641401
0.07648543
0.07648543
0.07648543
0.06990940
0.06713958
0.06713958
0.06713958
0.06713958
0.06713958
0.06713958
0.07691205
0.06715776
0.06334464
0.06334464
0.06883309
0.06883309
0.06883309
0.06741697
0.06741697
0.07639945
0.06990588
0.07006793
0.07006793
0.07006793
0.06615092
0.06615092
0.06353405
0.06353405
0.06353405
0.06353405
0.06353405
0.06353405
0.06938262
0.06508502
0.06508502
0.06508502
0.06903540
0.06447128
0.07186310
0.07186310
0.04989864
0.04989864
0.06236791
0.06236791
0.05651074
0.05651074
0.06209616
0.07358176
0.07358176
0.07358176
0.07512509
0.07205739
0.07718236
0.07718236
0.07718236
0.07718236
0.07718236
0.06253461
0.06177833
0.06177833
0.05793728
0.05793728
0.04563490
0.04083953
0.04083953
0.04083953
0.04083953
0.04083953
0.04083953
0.06695149
0.07861898
0.07861898
0.07861898
0.07861898
0.09086405
0.09086405
0.09081932
0.09081932
0.09081932
0.09081932
0.06490218
0.06098721
0.06648732
0.09231608
0.09231608
0.09231608
0.08580411
0.08580411
0.08580411
0.08580411
0.08580411
0.08580411
0.08580411
0.08580411
0.08580411
0.08580411
0.08580411
0.08634085
0.08704190
0.09229590
0.09229590
0.09229590
0.09229590
0.08487610
0.09446609
0.09446609
0.09446609
0.08875015
0.10920277
0.10920277
0.10868330
0.10868330
0.10844580
0.09441837
0.09026507
0.07538418
0.09744035
0.10139355
0.10439335
0.10439335
0.09566650
0.10012267
0.10156097
0.08043711
0.11004321
0.08917588
0.07846256
0.08327265
0.08554594
0.08554594
0.08061896
0.08061896
0.08061896
0.08061896
0.08061896
0.08061896
0.04684119
0.04684119
0.05591227
0.05625678
0.05612190
0.04877462
0.04877462
0.04877462
0.04877462
0.04636797
0.04636797
0.04733409
0.04953462
0.04836784
0.04836784
0.04836784
0.06267762
0.06267762
0.06152375
0.06152375
0.06152375
0.06152375
0.06152375
0.06398868
0.06398868
0.06398868
0.08326647
0.08380352
0.08380352
0.08312854
0.08312854
0.08480755
0.08480755
0.08568212
0.08568212
0.08568212
0.07196090
0.07196090
0.07222953
0.07222953
0.07222953
0.07222953
0.07566810
0.07623167
0.07623167
0.07623167
0.07581473
0.07581473
0.07052216
0.07052216
0.06658422
0.06415099
0.05633170
0.05633170
0.05621963
0.06756443
0.06756443
0.06756443
0.06756443
0.06756443
0.07701421
0.07701421
0.06921011
0.08206325
0.08206325
0.08586131
0.09415777
0.09415777
0.09415777
0.04310176
0.04419202
0.04419202
0.03956255
0.03956255
0.03956255
0.04427191
0.04427191
0.04627999
0.04627999
0.04627999
0.04627999
0.04260993
0.04260993
0.04260993
0.04359301
0.04928323
0.04104638
0.06101025
0.06101025
0.06101025
0.06101025
0.06101025
0.05484369
0.05484369
0.05459847
0.06771809
0.06771809
0.06995886
0.06995886
0.06995886
0.06995886
0.07106020
0.07106020
0.07106020
0.07312426
0.05270037
0.06014246
0.06014246
0.06014246
0.06014246
0.03832786
0.04311700
0.04311700
0.04311700
0.04311700
0.05016729
0.05016729
0.05016729
0.05016729
0.05016729
0.05016729
0.06145871
0.06145871
0.04686746
0.03851215
0.03851215
0.03851215
0.03851215
0.04581314
0.04575762
0.05374019
0.05352134
0.05352134
0.05352134
0.05007583
0.04667440
0.05409442
0.05922502
0.05922502
0.05922502
0.05922502
0.04797324
0.04797324
0.04797324
0.04797324
0.04525429
0.04525429
0.04525429
0.04525429
0.04363024
0.04363024
0.04363024
0.04363024
0.04363024
0.04363024
0.04382541
0.06790324
0.06790324
0.06790324
0.07340261
0.05210162
0.05210162
0.06248648
0.05764749
0.05764749
0.05764749
0.06875978
0.06854321
0.06854321
0.07886898
0.07886898
0.07354165
0.07956637
0.08053113
0.08053113
0.07422864
0.07263298
0.07263298
0.07263298
0.07263298
0.07263298
0.07263298
0.07085981
0.07085981
0.07085981
0.07085981
0.07736163
0.07736163
0.07736163
0.07727256
0.07727256
0.08042446
0.08823476
0.08823476
0.06722373
0.06722373
0.08260107
0.08260107
0.08260107
0.07523905
0.07523905
0.06823752
0.06759578
0.06759578
0.06288588
0.06261110
0.06572666
0.06572666
0.06572666
0.06572666
0.06131500
0.06131500
0.06131500
0.06131500
0.06115383
0.06115383
0.06115383
0.06115383
0.05695763
0.05695763
0.07286572
0.07286572
0.07975006
0.07800543
0.07702539
0.07702539
0.07702539
0.07702539
0.07702539
0.07216284
0.07032606
0.06840711
0.06840711
0.08237710
0.08237710
0.08709489
0.08709489
0.08709489
0.08709489
0.10008898
0.10008898
0.09926650
0.09926650
0.09926650
0.09926650
0.09926650
0.09926650
0.09926650
0.09926650
0.09926650
0.05746177
0.05746177
0.05943796
0.05943796
0.05943796
0.07439585
0.07439585
0.07224710
0.07224710
0.08014440
0.08014440
0.08014440
0.07278846
0.07278846
0.06404787
0.06809178
0.07688624
0.06190609
0.06190609
0.06882035
0.06882035
0.08398085
0.07687224
0.07687224
0.07394469
0.06697000
0.08272661
0.08272661
0.08466938
0.07401513
0.06519521
0.06519521
0.06519521
0.05360309
0.05360309
0.05360309
0.06192973
0.06192973
0.07097135
0.07097135
0.07175784
0.07175784
0.06808379
0.06808379
0.06331951
0.06331951
0.06331951
0.06331951
0.07473760
0.05870331
0.05608593
0.05958089
0.05958089
0.05578454
0.07140388
0.07016731
0.07016731
0.07016731
0.07144151
0.07144151
0.07144151
0.07144151
0.07144151
0.07144151
0.07144151
0.07144151
0.07144151
0.06964118
0.05934052
0.05934052
0.05225962
0.05225962
0.05225962
0.05209463
0.05209463
0.07580537
0.07580537
0.04975150
0.07451726
0.05159000
0.05159000
0.05402689
0.06512843
0.06512843
0.06512843
0.05558816
0.05558816
0.06757061
0.06957048
0.06957048
0.06594189
0.06852636
0.06852636
0.06852636
0.05133566
0.05133566
0.05133566
0.05133566
0.06984036
0.06984036
0.05203949
0.06113180
0.06491973
0.06491973
0.06372197
0.07238902
0.07638733
0.05132041
0.05132041
0.06255160
0.05145676
0.04603624
0.04603624
0.04603624
0.05799028
0.05799028
0.05799028
0.05799028
0.05799028
0.05799028
0.04687726
0.07057412
0.07057412
0.06540234
0.06540234
0.06540234
0.06344877
0.05893091
0.05893091
0.05893091
0.05478499
0.05478499
0.05421249
0.05421249
0.05421249
0.05611242
0.05847605
0.05847605
0.05056715
0.06027276
0.06027276
0.05706423
0.05446534
0.05446534
0.05446534
0.06246277
0.06246277
0.05739395
0.05739395
0.06362787
0.05793311
0.05793311
0.05461359
0.04745032
0.04745032
0.04745032
0.04745032
0.05005389
0.04422010
0.03555096
0.03988929
0.04297158
0.04644814
0.04644814
0.04644814
0.04644814
0.04890733
0.04890733
0.04837370
0.04837370
0.04837370
0.04837370
0.04837370
0.04837370
0.05069874
0.05069874
0.05069874
0.03866731
0.03866731
0.03866731
0.04927566
0.05183476
0.05183476
0.05183476
0.05183476
0.05183476
0.03872849
0.03872849
0.04817057
0.04837303
0.04837303
0.04327611
0.04327611
0.05105874
0.05302797
0.05302797
0.04638706
0.04638706
0.04638706
0.04638706
0.04638706
0.04618163
0.04618163
0.05158959
0.05841264
0.06124176
0.06124176
0.06144820
0.05874589
0.06578412
0.06578412
0.05541074
0.05419363
0.05288693
0.05256380
0.05256380
0.06820473
0.06820473
0.06820473
0.05318801
0.05318801
0.05318801
0.05318801
0.05318801
0.05318801
0.05318801
0.05476453
0.05476453
0.05476453
0.05605300
0.05605300
0.05605300
0.05605300
0.05087221
0.05667435
0.05633988
0.05314738
0.05314738
0.05314738
0.04664435
0.04664435
0.04719883
0.04719883
0.06879242
0.06879242
0.06879242
0.06402136
0.06402136
0.06402136
0.06278772
0.06541423
0.06416591
0.04937310
0.04937310
0.06090212
0.06090212
0.06090212
0.06090212
0.06090212
0.06035733
0.06035733
0.06073551
0.06073551
0.05786334
0.05786334
0.05659364
0.05777107
0.05705452
0.05705452
0.05277548
0.06212420
0.06212420
0.05889299
0.05168570
0.05168570
0.05168570
0.05168570
0.06162387
0.06162387
0.05494507
0.05494507
0.05494507
0.05705314
0.05705314
0.04771203
0.04771203
0.04856275
0.04291619
0.04825187
0.04825187
0.06112487
0.05542179
0.05863913
0.06536507
0.06536507
0.06536507
0.06536507
0.06536507
0.06536507
0.05777014
0.06444694
0.04890427
0.04890427
0.04890427
0.05227346
0.05227346
0.05227346
0.05227346
0.04705093
0.04705093
0.04447982
0.04447982
0.04341273
0.04341273
0.04755904
0.04076568
0.04076568
0.04076568
0.04076568
0.03890883
0.04061549
0.04067085
0.03683851
0.03504822
0.03504822
0.03504822
0.04193298
0.04193298
0.04562396
0.04381206
0.04381206
0.05000996
0.05000996
0.05000996
0.04325816
0.04607508
0.04208621
0.04364306
0.04364306
0.05124189
0.05124189
0.05124189
0.05031460
0.04226233
0.04056866
0.04056866
0.04056866
0.04316551
0.04321736
0.05492518
0.06117547
0.06117547
0.05201454
0.06649126
0.06649126
0.06395316
0.06395316
0.05005394
0.04973287
0.04933596
0.04933596
0.04933596
0.04771834
0.04616686
0.04616686
0.05161153
0.05736299
0.05736299
0.05736299
0.05736299
0.06516370
0.05754427
0.05754427
0.05762266
0.05762266
0.05762266
0.05762266
0.06698666
0.07068698
0.05340425
0.05340425
0.05340425
0.05340425
0.04527765
0.04527765
0.04066417
0.04066417
0.04066417
0.04279326
0.04378779
0.05913522
0.04417607
0.04417607
0.04417607
0.04417607
0.04417607
0.04344926
0.04344926
0.04501292
0.04501292
0.04501292
0.05988808
0.05988808
0.05988808
0.06030996
0.06030996
0.06134531
0.06543304
0.06578178
0.06578178
0.06578178
0.06214171
0.05286883
0.05286883
0.05286883
0.04565915
0.04260174
0.04260174
0.04260174
0.04260174
0.04260174
0.04260174
0.04174280
0.04174280
0.05024393
0.05024393
0.05024393
0.05024393
0.05024393
0.05527159
0.05527159
0.05570077
0.04895371
0.05243884
0.04636753
0.05229090
0.05280073
0.05280073
0.05578263
0.05527797
0.05176987
0.05176987
0.05176987
0.05176987
0.05176987
0.04752984
0.04752984
0.04431773
0.04431773
0.05535971
0.05535971
0.05535971
0.05535971
0.04767210
0.04767210
0.04767210
0.04200669
0.04200669
0.04200669
0.04200669
0.04571063
0.05346638
0.05014466
0.05014466
0.04979003
0.04803226
0.04803226
0.05284601
0.05284601
0.05284601
0.05284601
0.05284601
0.06497107
0.06497107
0.06497107
0.06497107
0.06927595
0.06927595
0.06927595
0.05540929
0.05540929
0.05540929
0.05540929
0.05540929
0.05470915
0.05470915
0.04732309
0.05851427
0.04681238
0.04681238
0.04681238
0.04681238
0.04890163
0.04890163
0.04890163
0.04890163
0.04872716
0.04872716
0.06120767
0.05632556
0.04716602
0.04669587
0.03636447
0.03637940
0.03637940
0.03637940
0.05458191
0.05458191
0.04911944
0.04911944
0.04911944
0.05223338
0.05324382
0.05324382
0.03516467
0.05588868
0.05600100
0.05336128
0.05154809
0.05154809
0.04123435
0.04123435
0.05190394
0.05190394
0.05190394
0.04652735
0.06043059
0.06043059
0.05924428
0.05924428
0.05924428
0.05924428
0.05924428
0.03516395
0.03516395
0.03431601
0.03378821
0.03378821
0.03479501
0.03479501
0.03479501
0.03479501
0.03479501
0.03721803
0.03721803
0.03721803
0.03721803
0.04726830
0.04995630
0.04995630
0.04995630
0.04995630
0.03440395
0.03440395
0.03575869
0.04209747
0.04209747
0.04209747
0.04209747
0.05116278
0.05116278
0.05373994
0.05221749
0.04801300
0.04062474
0.04095260
0.05809844
0.05809844
0.04467568
0.04467568
0.04853949
0.05417983
0.05417983
0.05417983
0.05597945
0.05597945
0.05058532
0.04012923
0.04012923
0.04012923
0.04012923
0.04012923
0.03899385
0.03899385
0.03899385
0.04862191
0.05268992
0.05947122
0.06411842
0.04616531
0.04481081
0.04914927
0.04914927
0.04914927
0.04099008
0.04545502
0.03692082
0.03129295
0.03129295
0.03129295
0.03129295
0.02820663
0.02859670
0.02859670
0.03021996
0.03021996
0.03767088
0.03767088
0.03767088
0.03587270
0.03587270
0.04660622
0.04640350
0.04640350
0.05340936
0.05340936
0.05975864
0.05975864
0.05975864
0.05975864
0.05975864
0.04747937
0.04747937
0.03902374
0.04167771
0.04167771
0.04167771
0.04167771
0.04167771
0.04167771
0.04550515
0.03841782
0.03841782
0.03841782
0.03841782
0.03841782
0.03841782
0.03765675
0.03461193
0.03461193
0.03192029
0.03192029
0.05253269
0.05253269
0.05514368
0.05514368
0.05887892
0.03601573
0.05333765
0.04475530
0.04006526
0.04006526
0.04426311
0.04426311
0.04426311
0.04426311
0.04426311
0.04391637
0.03611715
0.03792102
0.03792102
0.04202029
0.04202029
0.04202029
0.04202029
0.05062787
0.04466474
0.04466474
0.04088708
0.02898813
0.02845324
0.02845324
0.02845324
0.02921675
0.03094874
0.03112127
0.02955092
0.04179201
0.04179201
0.03876864
0.03876864
0.04234370
0.04515110
0.04319334
0.03877311
0.04517703
0.04076034
0.04076034
0.04001151
0.04001151
0.03750637
0.04538346
0.05367378
0.03246275
0.03018725
0.02851975
0.02842495
0.02842495
0.02842495
0.05406901
0.04176868
0.06070718
0.06070718
0.04294158
0.03986432
0.03986432
0.04105340
0.04105340
0.04004172
0.03675547
0.03511855
0.03680640
0.03680640
0.03719369
0.03719369
0.03694377
0.03694377
0.04205236
0.03651949
0.03329178
0.03422759
0.03934436
0.03779240
0.03821990
0.03821990
0.03821990
0.03821990
0.03994429
0.03994429
0.03923649
0.03743051
0.03743051
0.03753213
0.04017955
0.04017955
0.04247168
0.04247168
0.04748016
0.04217800
0.04217800
0.03949644
0.03949644
0.03949644
0.03202167
0.03172122
0.03172122
0.04737708
0.04737708
0.04737708
0.04737708
0.04737708
0.04737708
0.04737708
0.03394350
0.03318289
0.03318289
0.03893943
0.03392865
0.03392865
0.03029105
0.02902633
0.03214726
0.03214726
0.03214726
0.03327577
0.03327577
0.03327577
0.03710503
0.03710503
0.03710503
0.03710503
0.03418319
0.03418319
0.03418319
0.03418319
0.03856843
0.03856843
0.03856843
0.03856843
0.03856843
0.03856843
0.03856843
0.03843816
0.03764589
0.03320497
0.03320497
