0.00000000
0.00000000
0.00000000
0.22562740
0.21366105
0.21366105
0.21639132
0.21884513
0.22298560
0.10202527
0.10191627
0.10191627
0.09969026
0.09975936
0.10050818
0.10050818
0.10050818
0.10050818
0.10050818
0.10050818
0.10088934
0.10215066
0.10173022
0.10012000
0.10461289
0.10461289
0.10020426
0.10020426
0.10020426
0.10020426
0.10554791
0.10554791
0.10554791
0.10181205
0.09915856
0.10102732
0.09375289
0.09375289
0.09312207
0.08484977
0.08538480
0.08538480
0.06992295
0.06992295
0.06992295
0.05508593
0.05508593
0.06701323
0.06836659
0.06571008
0.07957197
0.07957197
0.08226830
0.08226830
0.08928049
0.09502482
0.09502482
0.09502482
0.06908778
0.06908778
0.06908778
0.06908778
0.06908778
0.06908778
0.08905550
0.08902431
0.07958193
0.07958193
0.07958193
0.07958193
0.08314569
0.07768022
0.07198592
0.08135396
0.08135396
0.08135396
0.08135396
0.08135396
0.07075149
0.07075149
0.07075149
0.06267680
0.06089460
0.06089460
0.06089460
0.06089460
0.06089460
0.06089460
0.07775672
0.07732269
0.06475177
0.06475177
0.07116030
0.07116030
0.07116030
0.06647290
0.06647290
0.07057796
0.06973201
0.06973747
0.06973747
0.06973747
0.07045677
0.07045677
0.06620871
0.06620871
0.06620871
0.06620871
0.06620871
0.06620871
0.06851489
0.07522201
0.07522201
0.07522201
0.07353690
0.07727731
0.07588597
0.07588597
0.06589329
0.06589329
0.05893567
0.05893567
0.06006106
0.06006106
0.06979815
0.06149626
0.06149626
0.06149626
0.06158519
0.06215898
0.06781057
0.06781057
0.06781057
0.06781057
0.06781057
0.06865523
0.06808814
0.06808814
0.07440356
0.07440356
0.07819603
0.07583190
0.07583190
0.07583190
0.07583190
0.07583190
0.07583190
0.05592071
0.08602401
0.08602401
0.08602401
0.08602401
0.07989125
0.07989125
0.07915198
0.07915198
0.07915198
0.07915198
0.06064131
0.05286973
0.05422001
0.07369724
0.07369724
0.07369724
0.08365389
0.08365389
0.08365389
0.08365389
0.08365389
0.08365389
0.08365389
0.08365389
0.08365389
0.08365389
0.08365389
0.09692151
0.08097924
0.06792226
0.06792226
0.06792226
0.06792226
0.07290685
0.07778458
0.07778458
0.07778458
0.06513894
0.06035675
0.06035675
0.09593454
0.09593454
0.09803352
0.09349697
0.08496346
0.06748469
0.10222617
0.08308859
0.09616371
0.09616371
0.08500611
0.08659012
0.08255853
0.08212971
0.09502832
0.08971573
0.05435948
0.05619218
0.05503037
0.05503037
0.05738259
0.05738259
0.05738259
0.05738259
0.05738259
0.05738259
0.06403772
0.06403772
0.06336720
0.06861790
0.05939471
0.05349737
0.05349737
0.05349737
0.05349737
0.05623786
0.05623786
0.06280721
0.05923993
0.06679806
0.06679806
0.06679806
0.06087888
0.06087888
0.06378056
0.06378056
0.06378056
0.06378056
0.06378056
0.05942799
0.05942799
0.05942799
0.05989203
0.05952988
0.05952988
0.06200502
0.06200502
0.06950212
0.06950212
0.07361234
0.07361234
0.07361234
0.06277868
0.06277868
0.05966567
0.05966567
0.05966567
0.05966567
0.07984010
0.08072275
0.08072275
0.08072275
0.08095075
0.08095075
0.07188855
0.07188855
0.06413890
0.06385719
0.06191858
0.06191858
0.05696412
0.06930711
0.06930711
0.06930711
0.06930711
0.06930711
0.06840710
0.06840710
0.07244565
0.06806468
0.06806468
0.06257415
0.05629941
0.05629941
0.05629941
0.06715776
0.07080226
0.07080226
0.07307431
0.07307431
0.07307431
0.07505901
0.07505901
0.07060144
0.07060144
0.07060144
0.07060144
0.06888076
0.06888076
0.06888076
0.07838490
0.07042169
0.06874652
0.07956402
0.07956402
0.07956402
0.07956402
0.07956402
0.06930404
0.06930404
0.06209473
0.07260197
0.07260197
0.07495180
0.07495180
0.07495180
0.07495180
0.08064137
0.08064137
0.08064137
0.08289340
0.06145299
0.04664196
0.04664196
0.04664196
0.04664196
0.04185865
0.04011435
0.04011435
0.04011435
0.04011435
0.04137572
0.04137572
0.04137572
0.04137572
0.04137572
0.04137572
0.05105373
0.05105373
0.04273786
0.04969207
0.04969207
0.04969207
0.04969207
0.04699224
0.04841044
0.05411903
0.04910028
0.04910028
0.04910028
0.04700291
0.04659691
0.04515749
0.04308200
0.04308200
0.04308200
0.04308200
0.04347221
0.04347221
0.04347221
0.04347221
0.04043208
0.04043208
0.04043208
0.04043208
0.04030824
0.04030824
0.04030824
0.04030824
0.04030824
0.04030824
0.03839985
0.04600845
0.04600845
0.04600845
0.04471103
0.05143775
0.05143775
0.06837174
0.08000775
0.08000775
0.08000775
0.07044232
0.06852813
0.06852813
0.07641595
0.07641595
0.08666578
0.08038441
0.06905760
0.06905760
0.06759987
0.06840964
0.06840964
0.06840964
0.06840964
0.06840964
0.06840964
0.06512313
0.06512313
0.06512313
0.06512313
0.06922230
0.06922230
0.06922230
0.07643099
0.07643099
0.06371685
0.07089764
0.07089764
0.05895230
0.05895230
0.07462898
0.07462898
0.07462898
0.07271738
0.07271738
0.05860153
0.05587787
0.05587787
0.06234894
0.07544176
0.07031622
0.07031622
0.07031622
0.07031622
0.06476746
0.06476746
0.06476746
0.06476746
0.06203029
0.06203029
0.06203029
0.06203029
0.06024919
0.06024919
0.08290909
0.08290909
0.08692922
0.08265151
0.07862645
0.07862645
0.07862645
0.07862645
0.07862645
0.08403784
0.07355360
0.07285106
0.07285106
0.08503060
0.08503060
0.08750054
0.08750054
0.08750054
0.08750054
0.08719869
0.08719869
0.08506286
0.08506286
0.08506286
0.08506286
0.08506286
0.08506286
0.08506286
0.08506286
0.08506286
0.06720151
0.06720151
0.07724961
0.07724961
0.07724961
0.06961551
0.06961551
0.06615622
0.06615622
0.07423770
0.07423770
0.07423770
0.07675173
0.07675173
0.06456647
0.08418813
0.07665751
0.08004683
0.08004683
0.07864623
0.07864623
0.07844143
0.07042282
0.07042282
0.08174023
0.07583230
0.07170657
0.07170657
0.08150420
0.07665143
0.06037206
0.06037206
0.06037206
0.05963492
0.05963492
0.05963492
0.06988940
0.06988940
0.06807696
0.06807696
0.07202243
0.07202243
0.06742291
0.06742291
0.06910604
0.06910604
0.06910604
0.06910604
0.07641460
0.07627111
0.07950071
0.08224350
0.08224350
0.07840637
0.06888691
0.07144365
0.07144365
0.07144365
0.06956952
0.06956952
0.06956952
0.06956952
0.06956952
0.06956952
0.06956952
0.06956952
0.06956952
0.07341403
0.07208004
0.07208004
0.06988346
0.06988346
0.06988346
0.05875698
0.05875698
0.07447693
0.07447693
0.07148697
0.07581516
0.06124301
0.06124301
0.05352106
0.07513155
0.07513155
0.07513155
0.07138406
0.07138406
0.06239121
0.06910154
0.06910154
0.07226919
0.07749006
0.07749006
0.07749006
0.05610054
0.05610054
0.05610054
0.05610054
0.07082870
0.07082870
0.05200924
0.06605593
0.07063079
0.07063079
0.07170001
0.06766889
0.07207983
0.06002658
0.06002658
0.06012239
0.06503378
0.06713794
0.06713794
0.06713794
0.06088007
0.06088007
0.06088007
0.06088007
0.06088007
0.06088007
0.05997947
0.06656578
0.06656578
0.06822864
0.06822864
0.06822864
0.07005766
0.07017352
0.07017352
0.07017352
0.07147330
0.07147330
0.06721164
0.06721164
0.06721164
0.06398875
0.06827860
0.06827860
0.05321763
0.06169646
0.06169646
0.05755351
0.05297520
0.05297520
0.05297520
0.05197096
0.05197096
0.06962082
0.06962082
0.07608003
0.07328501
0.07328501
0.07346035
0.06013672
0.06013672
0.06013672
0.06013672
0.05665789
0.05453177
0.05944972
0.05608342
0.05082717
0.05689196
0.05689196
0.05689196
0.05689196
0.05416628
0.05416628
0.06219571
0.06219571
0.06219571
0.06219571
0.06219571
0.06219571
0.06566754
0.06566754
0.06566754
0.06174031
0.06174031
0.06174031
0.05713007
0.06488035
0.06488035
0.06488035
0.06488035
0.06488035
0.06113454
0.06113454
0.05261950
0.06698518
0.06698518
0.06005148
0.06005148
0.06178460
0.06342603
0.06342603
0.05356318
0.05356318
0.05356318
0.05356318
0.05356318
0.05828560
0.05828560
0.06293707
0.07018748
0.07173798
0.07173798
0.07131855
0.06723457
0.05991610
0.05991610
0.06092365
0.06357477
0.06856081
0.06559017
0.06559017
0.06402746
0.06402746
0.06402746
0.05011049
0.05011049
0.05011049
0.05011049
0.05011049
0.05011049
0.05011049
0.05667311
0.05667311
0.05667311
0.04969876
0.04969876
0.04969876
0.04969876
0.06231073
0.06165805
0.06872349
0.06194474
0.06194474
0.06194474
0.06029878
0.06029878
0.07518391
0.07518391
0.06123331
0.06123331
0.06123331
0.06745960
0.06745960
0.06745960
0.05003729
0.06852607
0.07456636
0.05756074
0.05756074
0.06101215
0.06101215
0.06101215
0.06101215
0.06101215
0.05443872
0.05443872
0.05794638
0.05794638
0.06310094
0.06310094
0.06003701
0.06170480
0.06014640
0.06014640
0.05860190
0.05803862
0.05803862
0.04891190
0.05783664
0.05783664
0.05783664
0.05783664
0.05633439
0.05633439
0.06016411
0.06016411
0.06016411
0.05696130
0.05696130
0.06317408
0.06317408
0.06830743
0.05181395
0.05133507
0.05133507
0.05577901
0.05075750
0.05436368
0.05539960
0.05539960
0.05539960
0.05539960
0.05539960
0.05539960
0.05086602
0.05438969
0.05131225
0.05131225
0.05131225
0.06856861
0.06856861
0.06856861
0.06856861
0.04880833
0.04880833
0.05030356
0.05030356
0.04064833
0.04064833
0.04190077
0.03773683
0.03773683
0.03773683
0.03773683
0.03941029
0.05471287
0.05137164
0.05058911
0.05705905
0.05705905
0.05705905
0.05402118
0.05402118
0.04793866
0.06130040
0.06130040
0.06671164
0.06671164
0.06671164
0.05234919
0.05516049
0.05562249
0.05597359
0.05597359
0.05814095
0.05814095
0.05814095
0.05958650
0.05146287
0.05818341
0.05818341
0.05818341
0.05677798
0.06920262
0.05008812
0.05035777
0.05035777
0.05390073
0.06639938
0.06639938
0.06656155
0.06656155
0.04309950
0.04202414
0.04513563
0.04513563
0.04513563
0.04621822
0.04377931
0.04377931
0.05279516
0.05461717
0.05461717
0.05461717
0.05461717
0.05859593
0.05388986
0.05388986
0.04398631
0.04398631
0.04398631
0.04398631
0.04792056
0.04221726
0.05943166
0.05943166
0.05943166
0.05943166
0.05259260
0.05259260
0.04531676
0.04531676
0.04531676
0.03952545
0.04220133
0.06794132
0.04838379
0.04838379
0.04838379
0.04838379
0.04838379
0.04541090
0.04541090
0.04415786
0.04415786
0.04415786
0.05909701
0.05909701
0.05909701
0.04872282
0.04872282
0.04643163
0.05239933
0.05006592
0.05006592
0.05006592
0.04320057
0.03920252
0.03920252
0.03920252
0.05676078
0.05566842
0.05566842
0.05566842
0.05566842
0.05566842
0.05566842
0.05519414
0.05519414
0.06581852
0.06581852
0.06581852
0.06581852
0.06581852
0.07037579
0.07037579
0.05807256
0.04089497
0.05631211
0.04948272
0.05224271
0.05012543
0.05012543
0.04287264
0.04406117
0.04265877
0.04265877
0.04265877
0.04265877
0.04265877
0.04096541
0.04096541
0.03776558
0.03776558
0.04423098
0.04423098
0.04423098
0.04423098
0.04268737
0.04268737
0.04268737
0.05157965
0.05157965
0.05157965
0.05157965
0.05411523
0.05988506
0.05581214
0.05581214
0.04625525
0.04834690
0.04834690
0.05431942
0.05431942
0.05431942
0.05431942
0.05431942
0.05664589
0.05664589
0.05664589
0.05664589
0.05786998
0.05786998
0.05786998
0.05929829
0.05929829
0.05929829
0.05929829
0.05929829
0.05593005
0.05593005
0.05639430
0.05388327
0.04436304
0.04436304
0.04436304
0.04436304
0.04133106
0.04133106
0.04133106
0.04133106
0.05134965
0.05134965
0.05594529
0.05316308
0.04510831
0.04459411
0.03884119
0.04139420
0.04139420
0.04139420
0.05351639
0.05351639
0.04362491
0.04362491
0.04362491
0.04693406
0.05451982
0.05451982
0.04071908
0.04162426
0.04057611
0.05567061
0.05102071
0.05102071
0.03550990
0.03550990
0.04115393
0.04115393
0.04115393
0.03527876
0.03582824
0.03582824
0.03671647
0.03671647
0.03671647
0.03671647
0.03671647
0.03766225
0.03766225
0.04143349
0.04232700
0.04232700
0.04346913
0.04346913
0.04346913
0.04346913
0.04346913
0.04039907
0.04039907
0.04039907
0.04039907
0.04576741
0.04295908
0.04295908
0.04295908
0.04295908
0.04436172
0.04436172
0.04122304
0.04129743
0.04129743
0.04129743
0.04129743
0.05323196
0.05323196
0.05871280
0.05831676
0.05758054
0.03393411
0.03502907
0.04567283
0.04567283
0.04557864
0.04557864
0.04305116
0.03503414
0.03503414
0.03503414
0.04146563
0.04146563
0.03826700
0.03433895
0.03433895
0.03433895
0.03433895
0.03433895
0.03222071
0.03222071
0.03222071
0.04804961
0.05245002
0.05596208
0.06063732
0.04843563
0.04489961
0.04746692
0.04746692
0.04746692
0.03942487
0.05626479
0.03498497
0.03360113
0.03360113
0.03360113
0.03360113
0.03260624
0.03477769
0.03477769
0.03602246
0.03602246
0.03223864
0.03223864
0.03223864
0.03301366
0.03301366
0.03958923
0.03800681
0.03800681
0.04292892
0.04292892
0.04488627
0.04488627
0.04488627
0.04488627
0.04488627
0.04820649
0.04820649
0.04400010
0.04304192
0.04304192
0.04304192
0.04304192
0.04304192
0.04304192
0.04062987
0.04264401
0.04264401
0.04264401
0.04264401
0.04264401
0.04264401
0.04316651
0.03280225
0.03280225
0.04583640
0.04583640
0.04870693
0.04870693
0.04642537
0.04642537
0.03966184
0.04277206
0.04867494
0.03954488
0.03927035
0.03927035
0.03874407
0.03874407
0.03874407
0.03874407
0.03874407
0.03784689
0.03626332
0.03832858
0.03832858
0.04491082
0.04491082
0.04491082
0.04491082
0.05442040
0.05079983
0.05079983
0.04670732
0.03977403
0.03794590
0.03794590
0.03794590
0.03543624
0.03353779
0.03194874
0.02714586
0.04224894
0.04224894
0.03269834
0.03269834
0.03100737
0.03455264
0.03406824
0.03874276
0.04243796
0.03829431
0.03829431
0.03743011
0.03743011
0.04031080
0.03974321
0.04877828
0.02848220
0.02723205
0.02644724
0.02685154
0.02685154
0.02685154
0.03528780
0.03295382
0.05011102
0.05011102
0.03881425
0.03336726
0.03336726
0.03641552
0.03641552
0.04011435
0.03439916
0.03356037
0.03754496
0.03754496
0.04014353
0.04014353
0.03256796
0.03256796
0.04291948
0.03730846
0.02942475
0.03167833
0.03695642
0.03486152
0.04350389
0.04350389
0.04350389
0.04350389
0.04070014
0.04070014
0.03705793
0.03868614
0.03868614
0.03270359
0.03474440
0.03474440
0.03614660
0.03614660
0.03310269
0.02864526
0.02864526
0.02708253
0.02708253
0.02708253
0.02531154
0.02503972
0.02503972
0.04529977
0.04529977
0.04529977
0.04529977
0.04529977
0.04529977
0.04529977
0.03246397
0.03324547
0.03324547
0.03208059
0.03459294
0.03459294
0.02985063
0.02744621
0.04216704
0.04216704
0.04216704
0.04099993
0.04099993
0.04099993
0.04238024
0.04238024
0.04238024
0.04238024
0.03546731
0.03546731
0.03546731
0.03546731
0.02874979
0.02874979
0.02874979
0.02874979
0.02874979
0.02874979
0.02874979
0.02776048
0.02994183
0.03157080
0.03157080
