-100.0000 -100.0000
-3.1406 0.0000
-3.4157 0.0000
-4.0663 0.0000
-2.2132 0.0000
-2.4982 0.0000
-2.2608 0.0000
-3.3495 0.0000
-2.2097 0.0000
-3.2810 0.0000
-3.1159 0.0000
-2.9493 0.0000
-3.3634 0.0000
-3.0516 0.0000
-1.5722 0.0000
-4.2980 0.0000
-3.3406 0.0000
-4.5689 0.0000
-2.7281 0.0000
-3.0577 0.0000
-3.1835 0.0000
-3.8162 0.0000
-2.4303 0.0000
-3.2093 0.0000
-3.2530 0.0000
-4.7368 0.0000
-3.1156 0.0000
-4.0256 0.0000
-3.0512 0.0000
-1.7994 0.0000
-3.6936 0.0000
-2.8495 0.0000
-0.9413 0.0000
-2.3084 0.0000
-2.1939 0.0000
-3.4328 0.0000
-2.3496 0.0000
-1.3536 0.0000
-1.6916 0.0000
-1.7967 0.0000
-1.9813 0.0000
-3.3907 0.0000
-2.0548 0.0000
-1.7593 0.0000
-2.3465 0.0000
-0.9174 0.0000
-1.9971 0.0000
-2.9207 0.0000
-0.5423 0.0000
-0.9677 0.0000
-2.9450 0.0000
-1.9144 0.0000
-1.0841 0.0000
-0.9516 0.0000
-1.3388 0.0000
-1.3156 0.0000
-1.2536 0.0000
-2.9323 0.0000
-1.5315 0.0000
-1.9055 0.0000
-1.3282 0.0000
-1.5502 0.0000
-1.8258 0.0000
-1.6102 0.0000
-1.7139 0.0000
-1.5057 0.0000
-2.3162 0.0000
-1.8920 0.0000
-1.1962 0.0000
-1.1670 0.0000
-1.3419 0.0000
-1.7161 0.0000
-0.0184 0.0000
-0.4628 0.0000
0.1430 0.0000
0.2513 0.0000
0.0847 0.0000
-0.3774 0.0000
-0.9425 0.0000
0.1282 0.0000
-0.5262 0.0000
-0.4636 0.0000
0.0295 0.0000
-0.3315 0.0000
-0.1263 0.0000
-0.3701 0.0000
-0.0475 0.0000
-0.0206 0.0000
-0.6652 0.0000
0.3187 0.0000
-0.0537 0.0000
-0.2179 0.0000
0.2894 0.0000
-0.1150 0.0000
-0.2437 0.0000
-0.5972 0.0000
0.0136 0.0000
-0.5074 0.0000
-0.3204 0.0000
0.1291 0.0000
-0.2343 0.0000
-0.1677 0.0000
-0.2639 0.0000
-0.3693 0.0000
0.4642 0.0000
-0.2118 0.0000
-0.2378 0.0000
-0.0123 0.0000
-0.4917 0.0000
-0.3035 0.0000
0.4937 0.0000
-0.0554 0.0000
0.4018 0.0000
0.0894 0.0000
-0.2004 0.0000
0.5341 0.0000
0.2451 0.0000
0.4900 0.0000
0.2370 0.0000
0.2727 0.0000
0.2901 0.0000
0.4056 0.0000
0.2294 0.0000
0.0319 0.0000
0.2374 0.0000
-0.0303 0.0000
0.2796 0.0000
0.3087 0.0000
-0.0320 0.0000
0.0435 0.0000
0.4390 0.0000
-0.1071 0.0000
0.1525 0.0000
0.1002 0.0000
-0.1128 0.0000
-0.0217 0.0000
0.2720 0.0000
-0.3128 0.0000
-0.0452 0.0000
0.3954 0.0000
0.2151 0.0000
0.5907 0.0000
0.0724 0.0000
0.4543 0.0000
0.0196 0.0000
0.2045 0.0000
-0.0080 0.0000
0.2731 0.0000
-0.0859 0.0000
0.0123 0.0000
-0.1680 0.0000
-0.5027 0.0000
-0.5018 0.0000
-0.3396 0.0000
0.3648 0.0000
-0.6289 0.0000
-0.0521 0.0000
-0.4712 0.0000
-0.3803 0.0000
-0.1862 0.0000
-0.1359 0.0000
-0.1423 0.0000
-0.0541 0.0000
-0.6708 0.0000
-0.7232 0.0000
-0.3071 0.0000
-0.0513 0.0000
-1.0378 0.0000
-0.0272 0.0000
-0.1477 0.0000
-0.0941 0.0000
-0.3189 0.0000
0.4375 0.0000
0.1425 0.0000
0.5409 0.0000
0.1498 0.0000
0.1384 0.0000
0.2188 0.0000
0.1875 0.0000
0.0847 0.0000
0.5834 0.0000
0.2229 0.0000
-0.2728 0.0000
0.4974 0.0000
0.1155 0.0000
0.1280 0.0000
-0.5898 0.0000
0.6736 0.0000
0.3373 0.0000
-0.1012 0.0000
0.0428 0.0000
-0.5567 0.0000
0.2396 0.0000
0.2565 0.0000
-0.1863 0.0000
0.7567 0.0000
0.7642 0.0000
0.2571 0.0000
0.0295 0.0000
0.4827 0.0000
0.3476 0.0000
0.3220 0.0000
0.4331 0.0000
0.5900 0.0000
0.5142 0.0000
0.4024 0.0000
0.8552 0.0000
0.5578 0.0000
1.0801 0.0000
0.7718 0.0000
0.7712 0.0000
0.9085 0.0000
0.6410 0.0000
1.0754 0.0000
0.8719 0.0000
0.9422 0.0000
0.7548 0.0000
0.9440 0.0000
0.9274 0.0000
0.6546 0.0000
1.0269 0.0000
0.7334 0.0000
1.1186 0.0000
0.9338 0.0000
0.8618 0.0000
0.9884 0.0000
0.8742 0.0000
0.7888 0.0000
0.5610 0.0000
0.9354 0.0000
0.6385 0.0000
0.6712 0.0000
0.7387 0.0000
1.0341 0.0000
0.6421 0.0000
0.8184 0.0000
0.8260 0.0000
1.0647 0.0000
0.4227 0.0000
0.9618 0.0000
1.1995 0.0000
0.6566 0.0000
0.5040 0.0000
0.8048 0.0000
0.7934 0.0000
0.9597 0.0000
1.1000 0.0000
1.1534 0.0000
0.9977 0.0000
1.2791 0.0000
