-100.0000 -100.0000
-1.4137 0.0000
-1.5640 0.0000
-1.8818 0.0000
-0.9509 0.0000
-1.0950 0.0000
-0.9680 0.0000
-1.5318 0.0000
-0.9396 0.0000
-1.4897 0.0000
-1.3978 0.0000
-1.3134 0.0000
-1.5272 0.0000
-1.3729 0.0000
-0.6120 0.0000
-2.0027 0.0000
-1.5145 0.0000
-2.1402 0.0000
-1.2116 0.0000
-1.3766 0.0000
-1.4410 0.0000
-1.7531 0.0000
-1.0639 0.0000
-1.4558 0.0000
-1.4737 0.0000
-2.2168 0.0000
-1.4034 0.0000
-1.8679 0.0000
-1.3748 0.0000
-1.1017 0.0000
-2.3647 0.0000
-1.8268 0.0000
-0.8108 0.0000
-1.3770 0.0000
-1.3141 0.0000
-2.0672 0.0000
-1.4053 0.0000
-0.7870 0.0000
-1.0062 0.0000
-1.0657 0.0000
-1.1798 0.0000
-2.0376 0.0000
-1.2165 0.0000
-1.0421 0.0000
-1.4113 0.0000
-0.5141 0.0000
-1.1872 0.0000
-1.7675 0.0000
-0.5055 0.0000
-0.5353 0.0000
-1.7380 0.0000
-1.1097 0.0000
-0.6008 0.0000
-0.5171 0.0000
-0.7593 0.0000
-0.7410 0.0000
-0.7050 0.0000
-1.7273 0.0000
-0.8705 0.0000
-1.1082 0.0000
-0.7555 0.0000
-0.8872 0.0000
-1.0562 0.0000
-0.9222 0.0000
-0.9907 0.0000
-0.8610 0.0000
-1.3546 0.0000
-1.0967 0.0000
-0.6713 0.0000
-0.6509 0.0000
-0.7634 0.0000
-0.9927 0.0000
-0.1085 0.0000
-0.2743 0.0000
0.0132 0.0000
0.0968 0.0000
0.1029 0.0000
-0.1971 0.0000
-0.5631 0.0000
0.1338 0.0000
-0.2935 0.0000
-0.2501 0.0000
0.0682 0.0000
-0.1677 0.0000
-0.0315 0.0000
-0.1907 0.0000
0.0195 0.0000
0.0365 0.0000
-0.3830 0.0000
0.1529 0.0000
0.0174 0.0000
-0.0874 0.0000
0.2441 0.0000
-0.0231 0.0000
-0.1051 0.0000
-0.3312 0.0000
0.0608 0.0000
-0.2752 0.0000
-0.1550 0.0000
0.0032 0.0000
-0.0769 0.0000
-0.0408 0.0000
-0.0962 0.0000
-0.1608 0.0000
0.2614 0.0000
-0.0373 0.0000
-0.0552 0.0000
0.0874 0.0000
-0.2111 0.0000
-0.0949 0.0000
0.2837 0.0000
-0.1169 0.0000
0.2261 0.0000
-0.0065 0.0000
-0.2240 0.0000
0.3275 0.0000
0.1090 0.0000
0.2944 0.0000
0.1036 0.0000
0.1318 0.0000
0.1434 0.0000
0.2297 0.0000
0.0984 0.0000
-0.0489 0.0000
0.1044 0.0000
-0.0972 0.0000
0.1365 0.0000
0.1563 0.0000
-0.0991 0.0000
-0.0423 0.0000
0.2552 0.0000
-0.1544 0.0000
0.0410 0.0000
0.0014 0.0000
-0.1596 0.0000
-0.0907 0.0000
0.1293 0.0000
-0.3087 0.0000
-0.1081 0.0000
0.2220 0.0000
0.0871 0.0000
0.3590 0.0000
0.0835 0.0000
0.3421 0.0000
0.0458 0.0000
0.1709 0.0000
0.0291 0.0000
0.1171 0.0000
0.2681 0.0000
0.3210 0.0000
0.2235 0.0000
0.1557 0.0000
0.1584 0.0000
0.2744 0.0000
0.7817 0.0000
0.0686 0.0000
0.4735 0.0000
0.1805 0.0000
0.2442 0.0000
0.3800 0.0000
0.4164 0.0000
0.4127 0.0000
0.4761 0.0000
0.0433 0.0000
0.0095 0.0000
0.2923 0.0000
0.4763 0.0000
-0.2117 0.0000
0.4959 0.0000
0.4081 0.0000
0.4500 0.0000
0.2829 0.0000
0.6776 0.0000
0.5994 0.0000
0.7681 0.0000
0.3688 0.0000
0.3589 0.0000
0.4313 0.0000
0.4031 0.0000
0.3102 0.0000
0.8081 0.0000
0.4366 0.0000
-0.0076 0.0000
0.6865 0.0000
0.3397 0.0000
0.3517 0.0000
-0.2922 0.0000
0.8840 0.0000
0.7496 0.0000
0.4258 0.0000
0.5299 0.0000
0.0976 0.0000
0.6759 0.0000
0.6894 0.0000
0.3646 0.0000
0.9604 0.0000
0.9673 0.0000
0.7959 0.0000
0.6440 0.0000
0.9463 0.0000
0.8533 0.0000
0.8351 0.0000
0.9148 0.0000
1.0225 0.0000
0.9702 0.0000
0.8924 0.0000
1.0435 0.0000
1.0326 0.0000
1.2391 0.0000
1.1186 0.0000
1.1172 0.0000
1.2243 0.0000
1.0219 0.0000
1.2340 0.0000
1.2458 0.0000
1.2950 0.0000
1.1604 0.0000
1.2963 0.0000
1.2844 0.0000
1.0904 0.0000
1.3580 0.0000
1.1470 0.0000
1.4262 0.0000
1.2885 0.0000
1.2364 0.0000
1.3302 0.0000
1.2462 0.0000
1.1850 0.0000
1.0286 0.0000
1.2908 0.0000
1.0809 0.0000
1.1015 0.0000
1.1501 0.0000
1.3621 0.0000
1.0851 0.0000
1.2073 0.0000
1.2128 0.0000
1.3858 0.0000
0.9344 0.0000
1.3118 0.0000
1.3453 0.0000
1.1541 0.0000
1.0585 0.0000
1.2499 0.0000
1.2439 0.0000
1.3528 0.0000
1.4511 0.0000
1.3023 0.0000
1.3687 0.0000
1.4167 0.0000
