-100.0000 -100.0000
-1.7976 0.0000
-1.9655 0.0000
-2.3603 0.0000
-1.2151 0.0000
-1.3981 0.0000
-1.2469 0.0000
-1.9174 0.0000
-1.2173 0.0000
-1.8790 0.0000
-1.7820 0.0000
-1.6714 0.0000
-1.9365 0.0000
-1.7436 0.0000
-0.8206 0.0000
-2.5092 0.0000
-1.9112 0.0000
-2.6684 0.0000
-1.5367 0.0000
-1.7481 0.0000
-1.8159 0.0000
-2.2114 0.0000
-1.3536 0.0000
-1.8438 0.0000
-1.8657 0.0000
-2.7834 0.0000
-1.7778 0.0000
-2.3511 0.0000
-1.7497 0.0000
-1.4102 0.0000
-3.1778 0.0000
-2.4712 0.0000
-1.0570 0.0000
-0.7201 0.0000
-0.6615 0.0000
-1.1828 0.0000
-0.7271 0.0000
-0.3073 0.0000
-0.4464 0.0000
-0.4933 0.0000
-0.5748 0.0000
-1.1620 0.0000
-0.6105 0.0000
-0.4801 0.0000
-0.7291 0.0000
-0.1090 0.0000
-0.5830 0.0000
-0.9615 0.0000
-0.6790 0.0000
-1.1555 0.0000
-3.0871 0.0000
-2.0759 0.0000
-1.2679 0.0000
-1.1397 0.0000
-1.5150 0.0000
-1.4925 0.0000
-1.4320 0.0000
-3.0744 0.0000
-1.7023 0.0000
-2.0672 0.0000
-1.5048 0.0000
-1.7206 0.0000
-1.9899 0.0000
-1.7792 0.0000
-1.8804 0.0000
-1.6772 0.0000
-2.4694 0.0000
-2.0542 0.0000
-1.3767 0.0000
-1.3484 0.0000
-1.5182 0.0000
-1.8826 0.0000
-0.1983 0.0000
-0.3841 0.0000
-0.0515 0.0000
0.0498 0.0000
0.1958 0.0000
-0.1034 0.0000
-0.4653 0.0000
0.2272 0.0000
-0.1991 0.0000
-0.1559 0.0000
0.1611 0.0000
-0.0744 0.0000
0.0617 0.0000
-0.0970 0.0000
0.1126 0.0000
0.1297 0.0000
-0.2876 0.0000
0.1116 0.0000
0.1033 0.0000
-0.0018 0.0000
0.3335 0.0000
0.0624 0.0000
-0.0197 0.0000
-0.2455 0.0000
0.1470 0.0000
-0.1901 0.0000
-0.0697 0.0000
-0.0640 0.0000
0.2338 0.0000
0.2657 0.0000
0.2195 0.0000
0.1687 0.0000
0.2426 0.0000
0.0083 0.0000
-0.0106 0.0000
0.1396 0.0000
-0.1741 0.0000
-0.0522 0.0000
0.2686 0.0000
-0.2791 0.0000
0.1497 0.0000
-0.1422 0.0000
-0.4145 0.0000
0.2726 0.0000
0.0041 0.0000
0.2326 0.0000
-0.0043 0.0000
0.0303 0.0000
0.0458 0.0000
0.1534 0.0000
-0.0109 0.0000
-0.1952 0.0000
-0.0027 0.0000
-0.2553 0.0000
0.0364 0.0000
0.0638 0.0000
-0.2564 0.0000
-0.1845 0.0000
0.1853 0.0000
-0.3259 0.0000
-0.0822 0.0000
-0.1318 0.0000
-0.3334 0.0000
-0.2467 0.0000
0.0299 0.0000
-0.5226 0.0000
-0.2691 0.0000
0.1445 0.0000
-0.0240 0.0000
0.3566 0.0000
-0.1555 0.0000
0.2002 0.0000
-0.2067 0.0000
-0.0322 0.0000
-0.2318 0.0000
0.0705 0.0000
-0.0009 0.0000
0.0706 0.0000
-0.0614 0.0000
-0.3529 0.0000
-0.3494 0.0000
-0.2045 0.0000
0.4120 0.0000
-0.4616 0.0000
0.0385 0.0000
-0.3212 0.0000
-0.2425 0.0000
-0.0751 0.0000
-0.0297 0.0000
-0.0348 0.0000
0.0427 0.0000
-0.4923 0.0000
-0.5343 0.0000
-0.1842 0.0000
0.0426 0.0000
-0.8150 0.0000
0.0673 0.0000
-0.0404 0.0000
0.0118 0.0000
-0.1958 0.0000
0.2178 0.0000
0.3493 0.0000
0.3338 0.0000
0.2712 0.0000
0.2618 0.0000
0.3309 0.0000
0.3023 0.0000
0.2150 0.0000
0.3821 0.0000
0.6432 0.0000
0.3406 0.0000
0.8206 0.0000
0.5779 0.0000
0.5843 0.0000
0.1518 0.0000
0.4787 0.0000
0.4426 0.0000
0.0742 0.0000
0.1925 0.0000
-0.3065 0.0000
0.3589 0.0000
0.3741 0.0000
0.0043 0.0000
0.5751 0.0000
0.5839 0.0000
0.4291 0.0000
0.2448 0.0000
0.6074 0.0000
0.4966 0.0000
0.4747 0.0000
0.5707 0.0000
0.6978 0.0000
0.6363 0.0000
0.5437 0.0000
0.6789 0.0000
0.6753 0.0000
0.9188 0.0000
0.5575 0.0000
0.5569 0.0000
0.7080 0.0000
0.4124 0.0000
0.9127 0.0000
0.9953 0.0000
1.0489 0.0000
0.9003 0.0000
1.0499 0.0000
1.0372 0.0000
0.8233 0.0000
1.1174 0.0000
0.8860 0.0000
1.1915 0.0000
1.0415 0.0000
0.9843 0.0000
1.0874 0.0000
0.9954 0.0000
0.9276 0.0000
0.7547 0.0000
1.0444 0.0000
0.8130 0.0000
0.8353 0.0000
0.8894 0.0000
1.1221 0.0000
0.8179 0.0000
0.9528 0.0000
0.9597 0.0000
1.1477 0.0000
0.6494 0.0000
1.0680 0.0000
1.0437 0.0000
0.7053 0.0000
0.5727 0.0000
0.8334 0.0000
0.8251 0.0000
0.9717 0.0000
1.0962 0.0000
0.9915 0.0000
0.9522 0.0000
1.1281 0.0000
