-100.0000 -100.0000
-0.9869 0.0000
-1.1176 0.0000
-1.3913 0.0000
-0.5883 0.0000
-0.7141 0.0000
-0.6084 0.0000
-1.0888 0.0000
-0.5904 0.0000
-1.0496 0.0000
-0.9835 0.0000
-0.9182 0.0000
-1.0895 0.0000
-0.9570 0.0000
-0.3007 0.0000
-1.4769 0.0000
-1.0762 0.0000
-1.5836 0.0000
-0.8165 0.0000
-0.9616 0.0000
-1.0194 0.0000
-1.2787 0.0000
-0.6957 0.0000
-1.0294 0.0000
-1.0357 0.0000
-1.6520 0.0000
-0.9753 0.0000
-1.3809 0.0000
-0.9612 0.0000
-1.3583 0.0000
-2.5749 0.0000
-1.9775 0.0000
-0.9968 0.0000
-0.8582 0.0000
-0.7925 0.0000
-1.3728 0.0000
-0.8675 0.0000
-0.3731 0.0000
-0.5361 0.0000
-0.5954 0.0000
-0.6923 0.0000
-1.3516 0.0000
-0.7277 0.0000
-0.5741 0.0000
-0.8724 0.0000
-0.1467 0.0000
-0.7043 0.0000
-1.1378 0.0000
-0.6271 0.0000
-0.6138 0.0000
-2.0437 0.0000
-1.2972 0.0000
-0.6917 0.0000
-0.5921 0.0000
-0.8803 0.0000
-0.8587 0.0000
-0.8159 0.0000
-2.0309 0.0000
-1.0125 0.0000
-1.2956 0.0000
-0.8762 0.0000
-1.0326 0.0000
-1.2336 0.0000
-1.0743 0.0000
-1.1560 0.0000
-1.0016 0.0000
-1.5876 0.0000
-1.2819 0.0000
-0.7755 0.0000
-0.7516 0.0000
-0.8856 0.0000
-1.1580 0.0000
-0.1363 0.0000
0.0386 0.0000
0.0108 0.0000
0.1142 0.0000
0.1782 0.0000
-0.1681 0.0000
-0.5885 0.0000
0.2143 0.0000
-0.2790 0.0000
-0.2288 0.0000
0.1380 0.0000
-0.1343 0.0000
0.0229 0.0000
-0.1606 0.0000
0.0818 0.0000
0.1017 0.0000
-0.3818 0.0000
0.1782 0.0000
0.0768 0.0000
-0.0443 0.0000
0.3406 0.0000
0.0298 0.0000
-0.0648 0.0000
-0.3255 0.0000
0.1271 0.0000
-0.2611 0.0000
-0.1225 0.0000
-0.0054 0.0000
0.1453 0.0000
0.1832 0.0000
0.1252 0.0000
0.0580 0.0000
0.4653 0.0000
0.1559 0.0000
0.1369 0.0000
0.2908 0.0000
-0.0304 0.0000
0.0940 0.0000
0.4920 0.0000
0.2618 0.0000
0.5733 0.0000
0.3613 0.0000
0.1672 0.0000
0.6700 0.0000
0.4655 0.0000
0.6386 0.0000
0.4616 0.0000
0.4881 0.0000
0.4979 0.0000
0.5769 0.0000
0.4565 0.0000
0.3243 0.0000
0.4620 0.0000
0.2798 0.0000
0.4918 0.0000
0.5088 0.0000
0.2778 0.0000
0.3280 0.0000
0.6012 0.0000
0.2291 0.0000
0.4050 0.0000
0.3682 0.0000
0.2238 0.0000
0.2850 0.0000
0.4840 0.0000
0.0936 0.0000
0.2707 0.0000
0.5700 0.0000
0.4463 0.0000
0.5763 0.0000
0.2969 0.0000
0.5775 0.0000
0.2567 0.0000
0.3911 0.0000
0.2385 0.0000
0.3116 0.0000
0.4148 0.0000
0.4689 0.0000
0.3702 0.0000
0.3200 0.0000
0.3251 0.0000
0.4205 0.0000
0.8464 0.0000
0.2479 0.0000
0.5822 0.0000
0.3393 0.0000
0.3932 0.0000
0.5061 0.0000
0.5377 0.0000
0.5316 0.0000
0.5861 0.0000
0.2288 0.0000
0.2019 0.0000
0.4329 0.0000
0.5890 0.0000
0.0242 0.0000
0.6021 0.0000
0.5328 0.0000
0.5651 0.0000
0.4247 0.0000
0.5165 0.0000
0.6533 0.0000
0.6130 0.0000
0.5272 0.0000
0.5190 0.0000
0.5794 0.0000
0.5545 0.0000
0.4781 0.0000
0.6585 0.0000
0.7781 0.0000
0.4859 0.0000
0.9488 0.0000
0.7122 0.0000
0.7213 0.0000
0.3089 0.0000
0.7416 0.0000
0.7983 0.0000
0.5240 0.0000
0.6153 0.0000
0.2562 0.0000
0.7404 0.0000
0.7549 0.0000
0.4733 0.0000
0.8224 0.0000
0.8302 0.0000
0.6224 0.0000
0.4544 0.0000
0.7876 0.0000
0.6857 0.0000
0.6657 0.0000
0.7532 0.0000
0.8708 0.0000
0.8137 0.0000
0.7285 0.0000
0.9113 0.0000
0.9942 0.0000
1.1182 0.0000
1.1367 0.0000
1.1339 0.0000
1.2279 0.0000
1.0487 0.0000
1.1115 0.0000
1.1213 0.0000
1.1728 0.0000
1.0321 0.0000
1.1750 0.0000
1.1622 0.0000
0.9556 0.0000
1.2399 0.0000
1.0146 0.0000
1.3114 0.0000
1.1668 0.0000
1.1110 0.0000
1.2108 0.0000
1.1229 0.0000
1.0569 0.0000
0.8899 0.0000
1.1680 0.0000
0.9446 0.0000
0.9678 0.0000
1.0192 0.0000
1.2441 0.0000
0.9517 0.0000
1.0805 0.0000
1.0842 0.0000
1.2700 0.0000
0.7860 0.0000
1.1912 0.0000
1.2290 0.0000
1.0586 0.0000
0.9610 0.0000
1.1576 0.0000
1.1510 0.0000
1.2615 0.0000
1.3623 0.0000
1.1841 0.0000
1.2886 0.0000
1.3045 0.0000
