-3502.61050 0.00000
2725.39320 0.00000
2247.49400 0.00000
2773.89180 0.00000
-3448.33900 0.00000
-5096.77200 0.00000
2035.36980 0.00000
2526.42640 0.00000
-4558.41910 0.00000
3244.99880 0.00000
2657.73190 0.00000
2840.86900 0.00000
3072.26380 0.00000
2389.87230 0.00000
-3671.32060 0.00000
2952.06240 0.00000
-3947.11910 0.00000
2835.90570 0.00000
-3747.02390 0.00000
2861.29580 0.00000
2874.77290 0.00000
-2954.73070 0.00000
3466.71940 0.00000
-3254.62470 0.00000
-2939.61890 0.00000
2697.43530 0.00000
-2674.35030 0.00000
-2742.27230 0.00000
1630.43760 0.00000
2515.33320 0.00000
-2351.68140 0.00000
1925.76040 0.00000
-2203.36740 0.00000
1993.27640 0.00000
-2113.39420 0.00000
461.88510 0.00000
923.15570 0.00000
-1964.49670 0.00000
-2020.56660 0.00000
-1951.23450 0.00000
-2033.86770 0.00000
-1989.04150 0.00000
530.61160 0.00000
164.33090 0.00000
1567.27680 0.00000
-1902.00820 0.00000
2148.11220 0.00000
-1932.18460 0.00000
940.23190 0.00000
1345.51580 0.00000
-3543.61630 0.00000
2252.71240 0.00000
2109.44800 0.00000
-3731.67140 0.00000
-2932.32010 0.00000
-1918.96250 0.00000
524.94730 0.00000
1733.99800 0.00000
-1878.56430 0.00000
-2077.19790 0.00000
-2993.62300 0.00000
-2038.49350 0.00000
716.12440 0.00000
-2018.43160 0.00000
-1890.08500 0.00000
-1837.10200 0.00000
-1811.73420 0.00000
-1916.19020 0.00000
1021.49360 0.00000
-1798.87260 0.00000
2987.76300 0.00000
-3182.78520 0.00000
3214.89950 0.00000
-2978.49910 0.00000
-4068.12270 0.00000
925.47050 0.00000
289.92060 0.00000
1180.44460 0.00000
-1874.21580 0.00000
246.77640 0.00000
1598.74410 0.00000
-1946.91300 0.00000
-1802.38560 0.00000
-2056.95040 0.00000
1072.85540 0.00000
874.92160 0.00000
1283.27330 0.00000
1865.05760 0.00000
-1868.06510 0.00000
-2286.89020 0.00000
2403.37940 0.00000
3091.92150 0.00000
2884.78320 0.00000
2684.03570 0.00000
-2225.16580 0.00000
-2399.74920 0.00000
1287.95460 0.00000
-2007.11290 0.00000
-1860.29940 0.00000
-1675.80530 0.00000
-1768.89990 0.00000
-1637.90880 0.00000
-1574.45900 0.00000
-1542.91750 0.00000
781.52280 0.00000
-1786.62550 0.00000
-2077.99180 0.00000
-1718.77520 0.00000
1380.28390 0.00000
-1616.64360 0.00000
-4023.23000 0.00000
2366.84240 0.00000
2585.00330 0.00000
2710.31590 0.00000
-1904.04940 0.00000
1762.53840 0.00000
-1654.54530 0.00000
-1567.12950 0.00000
-1543.03170 0.00000
-1768.16220 0.00000
-1601.67230 0.00000
-1577.66610 0.00000
-1620.58540 0.00000
1684.71140 0.00000
640.12350 0.00000
-1935.67840 0.00000
969.99590 0.00000
-1588.41700 0.00000
-1710.80240 0.00000
-1625.92130 0.00000
2139.20180 0.00000
3460.86140 0.00000
-2128.34470 0.00000
-2199.08120 0.00000
2600.28410 0.00000
655.62150 0.00000
574.22240 0.00000
492.56700 0.00000
78.90130 0.00000
616.93060 0.00000
424.94960 0.00000
-1925.49950 0.00000
934.99240 0.00000
-1589.99350 0.00000
195.06930 0.00000
-1719.18160 0.00000
-1538.12830 0.00000
1879.15270 0.00000
-1581.93130 0.00000
1347.41800 0.00000
2344.64310 0.00000
-1542.77790 0.00000
1845.81750 0.00000
-2322.88880 0.00000
1785.17810 0.00000
-1520.40480 0.00000
912.76910 0.00000
1458.24620 0.00000
970.57400 0.00000
751.74390 0.00000
1250.62200 0.00000
-1604.32590 0.00000
925.76930 0.00000
607.67660 0.00000
-1487.76260 0.00000
-1672.89600 0.00000
-1566.96010 0.00000
1532.70830 0.00000
1109.44460 0.00000
-1589.59040 0.00000
-1637.19360 0.00000
-1902.79020 0.00000
2808.64690 0.00000
2396.09350 0.00000
-2031.83940 0.00000
2119.12290 0.00000
-1466.55970 0.00000
1280.69910 0.00000
-1649.04660 0.00000
1103.28610 0.00000
-1454.17910 0.00000
-1435.86320 0.00000
1886.19230 0.00000
1500.30510 0.00000
-1342.15590 0.00000
-1592.97320 0.00000
-1456.88720 0.00000
-1330.85620 0.00000
1463.77300 0.00000
1621.43660 0.00000
-1336.04830 0.00000
-1447.42200 0.00000
1561.75380 0.00000
1543.80700 0.00000
2235.82710 0.00000
-1475.36220 0.00000
2153.05590 0.00000
2296.56950 0.00000
2459.09580 0.00000
-1374.77460 0.00000
1432.29860 0.00000
2489.65440 0.00000
-1938.60680 0.00000
-1334.44350 0.00000
1426.10910 0.00000
-1365.17860 0.00000
1684.06000 0.00000
1388.49540 0.00000
-1978.98180 0.00000
-1365.20640 0.00000
1963.30610 0.00000
1461.25390 0.00000
-1301.47970 0.00000
-1311.28930 0.00000
-1278.91450 0.00000
1828.98010 0.00000
1229.51030 0.00000
-1363.57390 0.00000
1905.64280 0.00000
2287.81410 0.00000
2325.34310 0.00000
-1368.48400 0.00000
-1450.10610 0.00000
-1424.43050 0.00000
1728.70000 0.00000
-1371.00770 0.00000
-1297.77190 0.00000
-1298.29920 0.00000
963.11680 0.00000
-1354.48620 0.00000
-1362.37860 0.00000
-2200.61290 0.00000
2280.70790 0.00000
-1312.31520 0.00000
2499.97070 0.00000
-1196.82770 0.00000
1744.63240 0.00000
-1300.73240 0.00000
-1249.82750 0.00000
1078.39630 0.00000
819.92670 0.00000
1555.30690 0.00000
2234.09820 0.00000
-1399.70200 0.00000
1742.34000 0.00000
2219.59000 0.00000
-1680.44380 0.00000
2627.16000 0.00000
2265.49320 0.00000
2539.98700 0.00000
1972.45160 0.00000
2865.04760 0.00000
-1893.72950 0.00000
1854.68820 0.00000
-1422.77350 0.00000
1598.50230 0.00000
-1279.61340 0.00000
-1686.85710 0.00000
-1243.20160 0.00000
-2297.92310 0.00000
1982.00340 0.00000
-1904.62950 0.00000
2640.77190 0.00000
-1169.07770 0.00000
-1344.58510 0.00000
-1183.73640 0.00000
-1341.92090 0.00000
-1324.39320 0.00000
-1174.89450 0.00000
1149.04270 0.00000
2408.32560 0.00000
-1484.73100 0.00000
2063.72440 0.00000
-2242.94200 0.00000
2299.10210 0.00000
-1441.55470 0.00000
-1087.97710 0.00000
-1078.03040 0.00000
1090.47280 0.00000
1320.62220 0.00000
-1105.97450 0.00000
1277.82060 0.00000
1760.70190 0.00000
-1280.40360 0.00000
1678.77290 0.00000
-1230.25620 0.00000
1840.13530 0.00000
-1165.37210 0.00000
-1144.09360 0.00000
2189.49520 0.00000
-1122.01020 0.00000
1211.69910 0.00000
-1100.04690 0.00000
-1196.79310 0.00000
-1095.60200 0.00000
1783.96140 0.00000
1662.89820 0.00000
1981.56570 0.00000
-1171.72270 0.00000
1081.45990 0.00000
2425.62500 0.00000
1842.22330 0.00000
1627.90410 0.00000
-1093.17130 0.00000
2566.06360 0.00000
1614.83780 0.00000
-1039.83620 0.00000
-1005.70300 0.00000
1249.71670 0.00000
-965.52580 0.00000
-991.83410 0.00000
-1137.78700 0.00000
1677.04150 0.00000
-979.67610 0.00000
-968.64950 0.00000
-1074.86720 0.00000
-1592.06350 0.00000
-1246.11400 0.00000
2300.79360 0.00000
-1173.40410 0.00000
1909.82880 0.00000
2800.32550 0.00000
-1299.66820 0.00000
-1005.11270 0.00000
-1088.46280 0.00000
-991.13120 0.00000
-992.83400 0.00000
2549.12960 0.00000
-1149.42270 0.00000
-1488.87480 0.00000
1526.14620 0.00000
-1124.14450 0.00000
1855.13040 0.00000
1445.77470 0.00000
-971.99770 0.00000
1960.09000 0.00000
-1033.86550 0.00000
-987.22190 0.00000
2068.24260 0.00000
1665.02830 0.00000
-1114.19080 0.00000
880.85350 0.00000
1696.64330 0.00000
2061.92340 0.00000
1552.96960 0.00000
2093.20480 0.00000
1334.90640 0.00000
-1130.82680 0.00000
2265.65830 0.00000
-1213.30980 0.00000
1566.70090 0.00000
-1046.85790 0.00000
1817.00260 0.00000
2018.71440 0.00000
1183.05890 0.00000
1003.56690 0.00000
1307.84350 0.00000
-938.10190 0.00000
-996.10820 0.00000
1393.31740 0.00000
-1384.10340 0.00000
-1010.92080 0.00000
2054.48680 0.00000
-977.14460 0.00000
2321.54790 0.00000
1680.89900 0.00000
-1388.74360 0.00000
2582.11170 0.00000
-1637.04280 0.00000
-936.78670 0.00000
-964.99100 0.00000
2344.60380 0.00000
1986.13300 0.00000
-909.67600 0.00000
1688.43370 0.00000
-913.29540 0.00000
-951.80730 0.00000
1767.21680 0.00000
-905.61850 0.00000
-859.50060 0.00000
2472.19270 0.00000
1392.44540 0.00000
-935.33800 0.00000
1904.19010 0.00000
-1351.37450 0.00000
-886.33920 0.00000
-905.70500 0.00000
-1103.71250 0.00000
-927.84100 0.00000
1980.39470 0.00000
-869.96730 0.00000
-963.02250 0.00000
2264.96200 0.00000
-1495.57170 0.00000
1844.70350 0.00000
1412.96060 0.00000
-770.50100 0.00000
1620.98960 0.00000
-927.16330 0.00000
721.08650 0.00000
-1414.85190 0.00000
2695.75470 0.00000
2068.79880 0.00000
-1125.07470 0.00000
2462.14040 0.00000
-2212.55070 0.00000
2599.20010 0.00000
1758.44790 0.00000
2851.35350 0.00000
2370.12680 0.00000
-1115.46760 0.00000
2909.20510 0.00000
-815.52140 0.00000
2593.54180 0.00000
2085.57760 0.00000
-860.03680 0.00000
-951.51240 0.00000
-720.90940 0.00000
1158.76460 0.00000
-993.10310 0.00000
2093.98620 0.00000
-714.13740 0.00000
1775.88380 0.00000
1982.02380 0.00000
-714.09250 0.00000
2524.57800 0.00000
2201.51570 0.00000
-667.42610 0.00000
-716.80770 0.00000
-647.46320 0.00000
2524.72000 0.00000
1714.86090 0.00000
2278.89150 0.00000
2273.11420 0.00000
2804.88910 0.00000
-651.06710 0.00000
-643.15280 0.00000
2311.21400 0.00000
-689.88080 0.00000
1557.98880 0.00000
-707.08080 0.00000
845.78610 0.00000
-659.46720 0.00000
1913.14930 0.00000
1232.54540 0.00000
-864.84410 0.00000
2651.49010 0.00000
-633.05120 0.00000
-621.09890 0.00000
2184.07860 0.00000
2611.65920 0.00000
-771.41060 0.00000
1788.49860 0.00000
-679.05480 0.00000
-676.58760 0.00000
2678.77890 0.00000
2716.28720 0.00000
-770.73930 0.00000
-715.17580 0.00000
2582.50440 0.00000
2250.89540 0.00000
2813.28130 0.00000
2158.10990 0.00000
-588.85270 0.00000
-795.78820 0.00000
-491.47210 0.00000
-546.51190 0.00000
2307.35620 0.00000
1657.49050 0.00000
2464.97490 0.00000
2296.92780 0.00000
2462.94110 0.00000
-538.38340 0.00000
-520.33090 0.00000
1963.90030 0.00000
-662.54670 0.00000
2028.93490 0.00000
1766.58010 0.00000
-774.37410 0.00000
-631.01660 0.00000
-429.45890 0.00000
1952.91220 0.00000
1656.16150 0.00000
2464.15500 0.00000
-477.18750 0.00000
-468.06540 0.00000
-429.74200 0.00000
-695.64830 0.00000
-423.38470 0.00000
-672.94680 0.00000
-536.15590 0.00000
-696.54710 0.00000
-565.90530 0.00000
-651.30090 0.00000
3214.53520 0.00000
-319.19130 0.00000
1559.66610 0.00000
-344.97870 0.00000
-351.19840 0.00000
-432.18070 0.00000
-389.30200 0.00000
2857.10720 0.00000
-362.28500 0.00000
2358.27050 0.00000
2915.15150 0.00000
-334.16130 0.00000
1969.57880 0.00000
-424.09210 0.00000
-374.54270 0.00000
2452.82590 0.00000
-330.87860 0.00000
-326.57910 0.00000
-595.10890 0.00000
2311.00140 0.00000
-796.03580 0.00000
-637.99650 0.00000
-433.98030 0.00000
2353.39080 0.00000
-560.14900 0.00000
-298.82560 0.00000
-376.01920 0.00000
1934.02470 0.00000
-245.78420 0.00000
-225.32430 0.00000
2190.51460 0.00000
2866.14970 0.00000
-671.35290 0.00000
2747.28160 0.00000
2833.97070 0.00000
2259.22540 0.00000
3032.67730 0.00000
-223.05210 0.00000
1451.55920 0.00000
1735.50730 0.00000
2883.30790 0.00000
-355.24150 0.00000
2647.04960 0.00000
-427.00460 0.00000
2643.45820 0.00000
-486.88090 0.00000
-242.11450 0.00000
2396.37880 0.00000
1777.23330 0.00000
2356.06760 0.00000
2620.93440 0.00000
2423.05360 0.00000
-250.72470 0.00000
2478.65140 0.00000
2743.35980 0.00000
3306.61710 0.00000
-634.04610 0.00000
-264.85970 0.00000
2503.49690 0.00000
-572.85330 0.00000
-179.33270 0.00000
-120.17820 0.00000
-107.69020 0.00000
2746.21390 0.00000
2544.30610 0.00000
-422.69570 0.00000
1694.71110 0.00000
2180.73020 0.00000
-163.74190 0.00000
2221.14500 0.00000
-171.23330 0.00000
-298.28880 0.00000
-173.28200 0.00000
-57.66370 0.00000
-39.37820 0.00000
2315.45500 0.00000
-233.33030 0.00000
-32.62160 0.00000
-18.20640 0.00000
-10.15530 0.00000
2820.65770 0.00000
-351.86780 0.00000
-19.81730 0.00000
-1.46420 0.00000
-90.80240 0.00000
1463.66900 0.00000
6.13220 0.00000
-17.95640 0.00000
-47.74440 0.00000
2272.23690 0.00000
1614.30560 0.00000
2217.74560 0.00000
-5.03110 0.00000
33.95480 0.00000
2202.01290 0.00000
-262.06830 0.00000
2321.61890 0.00000
3182.61330 0.00000
14.72860 0.00000
3003.47240 0.00000
46.31950 0.00000
-3.18880 0.00000
-7.12290 0.00000
55.61730 0.00000
1876.16350 0.00000
2391.33190 0.00000
34.39840 0.00000
54.31960 0.00000
-104.45830 0.00000
-5.28470 0.00000
44.85850 0.00000
2688.99290 0.00000
1486.11210 0.00000
2744.14290 0.00000
2266.79670 0.00000
2411.30500 0.00000
2040.86320 0.00000
105.18260 0.00000
2564.18730 0.00000
38.66040 0.00000
2391.28240 0.00000
96.00750 0.00000
135.21660 0.00000
151.57890 0.00000
139.01830 0.00000
-180.43700 0.00000
1950.38610 0.00000
2555.19660 0.00000
2104.78580 0.00000
21.08150 0.00000
-1936.34610 0.00000
2566.81620 0.00000
2085.52910 0.00000
2589.57260 0.00000
-2067.12990 0.00000
-2920.27750 0.00000
1836.17810 0.00000
2329.31990 0.00000
-2647.29480 0.00000
2965.14210 0.00000
2447.99770 0.00000
2624.35410 0.00000
2848.23800 0.00000
2208.51900 0.00000
-2128.35530 0.00000
2500.39020 0.00000
-2084.50180 0.00000
2450.54380 0.00000
-1910.02580 0.00000
2500.39830 0.00000
2631.59270 0.00000
-1640.15910 0.00000
3254.92570 0.00000
-1820.70640 0.00000
-1588.42340 0.00000
2428.58160 0.00000
-1447.55870 0.00000
-1541.06500 0.00000
1462.51610 0.00000
2271.11500 0.00000
-1304.79860 0.00000
1572.44120 0.00000
-1185.19940 0.00000
1630.90480 0.00000
-1178.91580 0.00000
651.95160 0.00000
1049.86300 0.00000
-1166.06610 0.00000
-1173.91870 0.00000
-1159.50570 0.00000
-1174.13620 0.00000
-1106.32150 0.00000
534.40070 0.00000
204.28570 0.00000
1455.25900 0.00000
-1628.07230 0.00000
3017.41000 0.00000
-1967.93540 0.00000
2144.81370 0.00000
2427.35650 0.00000
-1149.45450 0.00000
674.96310 0.00000
534.49460 0.00000
-1101.27030 0.00000
-1101.06590 0.00000
-1168.81810 0.00000
614.44490 0.00000
1691.94210 0.00000
-1091.30570 0.00000
-1119.18650 0.00000
-1453.63860 0.00000
-1132.68670 0.00000
464.00030 0.00000
-1100.79590 0.00000
-1233.25480 0.00000
-1393.39120 0.00000
-1892.04570 0.00000
-1247.20450 0.00000
2461.26540 0.00000
-1753.80880 0.00000
1324.42350 0.00000
-1112.08630 0.00000
1585.30410 0.00000
-1112.82770 0.00000
-1094.29630 0.00000
937.23950 0.00000
343.53420 0.00000
1178.26740 0.00000
-1075.36170 0.00000
599.08190 0.00000
1004.30620 0.00000
-1032.49250 0.00000
-1070.71630 0.00000
-1020.07420 0.00000
1036.08270 0.00000
1914.23100 0.00000
2313.10760 0.00000
2722.23340 0.00000
-1533.94670 0.00000
-2264.60500 0.00000
885.36990 0.00000
1705.48570 0.00000
1388.51880 0.00000
1156.69390 0.00000
-1177.56380 0.00000
-1092.07540 0.00000
676.02020 0.00000
-1017.65170 0.00000
-1237.44040 0.00000
-985.01120 0.00000
-951.23770 0.00000
-936.23070 0.00000
-898.06200 0.00000
-891.98230 0.00000
1350.14540 0.00000
-1472.49310 0.00000
-1962.63870 0.00000
-1383.45600 0.00000
2166.85970 0.00000
-1266.52500 0.00000
-1021.11450 0.00000
1080.31640 0.00000
1378.82010 0.00000
1491.50910 0.00000
-965.51430 0.00000
1341.49400 0.00000
-880.21920 0.00000
-989.80930 0.00000
-974.97440 0.00000
-1235.52190 0.00000
-918.45160 0.00000
-922.59370 0.00000
-884.92970 0.00000
1908.81210 0.00000
990.41810 0.00000
-1731.81290 0.00000
1747.82550 0.00000
-1163.02970 0.00000
-1397.44740 0.00000
-1180.18160 0.00000
109.87570 0.00000
1694.10180 0.00000
-1067.48280 0.00000
-1095.14550 0.00000
580.16330 0.00000
466.88060 0.00000
391.85420 0.00000
314.27470 0.00000
-48.14820 0.00000
453.36480 0.00000
807.95490 0.00000
-1208.76930 0.00000
1265.93560 0.00000
-922.60650 0.00000
619.73450 0.00000
-983.49800 0.00000
-841.46120 0.00000
2051.18660 0.00000
-881.12580 0.00000
1561.73920 0.00000
1494.80490 0.00000
-1025.52070 0.00000
993.01120 0.00000
-891.37660 0.00000
941.03610 0.00000
-1006.33910 0.00000
1077.91780 0.00000
1579.30950 0.00000
1137.00340 0.00000
941.14710 0.00000
1209.57600 0.00000
-1060.29730 0.00000
913.57940 0.00000
625.00430 0.00000
-769.26840 0.00000
-965.60820 0.00000
-913.40130 0.00000
1732.28590 0.00000
1364.40420 0.00000
-920.77600 0.00000
-849.47060 0.00000
-764.84110 0.00000
2237.64650 0.00000
2009.84840 0.00000
-853.54810 0.00000
1625.10110 0.00000
-842.49750 0.00000
1318.78400 0.00000
-830.11650 0.00000
1155.56710 0.00000
-719.66640 0.00000
-731.37470 0.00000
1698.72840 0.00000
1343.90640 0.00000
-775.04130 0.00000
-811.63930 0.00000
-703.91540 0.00000
-656.14280 0.00000
1511.74250 0.00000
1635.90740 0.00000
-682.12120 0.00000
-588.91580 0.00000
1535.60810 0.00000
1494.98070 0.00000
2139.30650 0.00000
-670.35420 0.00000
1858.46770 0.00000
2016.24350 0.00000
2206.47780 0.00000
-556.65920 0.00000
1395.06490 0.00000
2359.99100 0.00000
-748.60740 0.00000
-630.75830 0.00000
1397.27800 0.00000
-488.11720 0.00000
1471.02760 0.00000
1211.06150 0.00000
-683.96750 0.00000
-450.53430 0.00000
1908.31570 0.00000
1408.96730 0.00000
-518.47070 0.00000
-486.01660 0.00000
-473.65800 0.00000
1593.41140 0.00000
1009.41350 0.00000
-427.41140 0.00000
1612.68120 0.00000
1957.10570 0.00000
1828.91810 0.00000
-496.57700 0.00000
-461.60740 0.00000
-448.69830 0.00000
1299.22240 0.00000
-689.19060 0.00000
-436.47910 0.00000
-536.19530 0.00000
1002.67150 0.00000
-356.83320 0.00000
-406.10960 0.00000
-608.43710 0.00000
2096.23800 0.00000
-327.14150 0.00000
2064.99140 0.00000
-536.45200 0.00000
1531.12710 0.00000
-688.46050 0.00000
-358.68060 0.00000
961.47320 0.00000
1010.49170 0.00000
1641.48660 0.00000
2235.13630 0.00000
-317.81130 0.00000
2442.20970 0.00000
1669.38950 0.00000
-257.05260 0.00000
2278.46710 0.00000
1946.40920 0.00000
2165.09870 0.00000
1418.18910 0.00000
2241.92200 0.00000
-243.81410 0.00000
1923.53140 0.00000
-258.51270 0.00000
797.99930 0.00000
-495.79440 0.00000
-233.89850 0.00000
-305.45960 0.00000
-326.06840 0.00000
1883.75600 0.00000
-512.05870 0.00000
2499.10520 0.00000
-443.73270 0.00000
-307.99310 0.00000
-223.52830 0.00000
-304.33340 0.00000
-218.28500 0.00000
-225.89940 0.00000
1378.62530 0.00000
1719.16100 0.00000
-252.50910 0.00000
1404.17050 0.00000
-287.15720 0.00000
1624.89130 0.00000
-869.68200 0.00000
-351.94330 0.00000
-255.93570 0.00000
1408.04240 0.00000
1607.17020 0.00000
-275.81030 0.00000
1329.65210 0.00000
1767.55790 0.00000
-218.45970 0.00000
2157.89900 0.00000
-240.12430 0.00000
1533.72800 0.00000
-251.86850 0.00000
-208.60650 0.00000
1278.67340 0.00000
-143.47340 0.00000
1499.27990 0.00000
-121.46600 0.00000
-279.07550 0.00000
-175.61460 0.00000
1280.40300 0.00000
1160.19620 0.00000
1484.46400 0.00000
-196.62930 0.00000
583.58830 0.00000
2046.90800 0.00000
1471.83020 0.00000
1244.50040 0.00000
-178.97400 0.00000
2117.84830 0.00000
1614.20370 0.00000
-149.94240 0.00000
-174.63230 0.00000
1336.03540 0.00000
-87.97410 0.00000
-224.38310 0.00000
-70.03050 0.00000
2328.41060 0.00000
2.26250 0.00000
9.69060 0.00000
-295.15600 0.00000
-154.56660 0.00000
-7.71180 0.00000
2331.55530 0.00000
1.45860 0.00000
1873.32360 0.00000
2697.41320 0.00000
-72.99450 0.00000
70.38650 0.00000
58.70020 0.00000
-127.73370 0.00000
-113.67000 0.00000
2089.41610 0.00000
40.11570 0.00000
19.18110 0.00000
1386.46070 0.00000
56.72840 0.00000
1674.07880 0.00000
1297.95360 0.00000
-118.99210 0.00000
1520.90690 0.00000
-15.70860 0.00000
-52.43700 0.00000
1619.63850 0.00000
1233.35010 0.00000
-261.00760 0.00000
1114.38800 0.00000
1831.58680 0.00000
2191.62810 0.00000
1699.91980 0.00000
1753.31190 0.00000
1098.81470 0.00000
32.95800 0.00000
1964.50830 0.00000
53.84000 0.00000
1557.46890 0.00000
-41.60180 0.00000
1766.51400 0.00000
2005.04080 0.00000
1215.19150 0.00000
905.81840 0.00000
1160.52210 0.00000
-21.29010 0.00000
-117.06980 0.00000
1451.10830 0.00000
90.77240 0.00000
60.22820 0.00000
2256.27470 0.00000
-15.92400 0.00000
2430.22200 0.00000
1136.54620 0.00000
76.75060 0.00000
2040.04660 0.00000
66.72150 0.00000
-121.49910 0.00000
124.13690 0.00000
2519.78290 0.00000
2187.71740 0.00000
121.64180 0.00000
2217.48350 0.00000
-170.01140 0.00000
64.73430 0.00000
1796.11840 0.00000
-52.91110 0.00000
87.18500 0.00000
2730.02360 0.00000
1691.37990 0.00000
123.66240 0.00000
2056.99150 0.00000
3.51400 0.00000
12.95090 0.00000
158.59300 0.00000
184.78270 0.00000
102.30590 0.00000
2386.65690 0.00000
-487.39250 0.00000
-205.95730 0.00000
1380.62700 0.00000
147.95270 0.00000
846.17520 0.00000
2271.79010 0.00000
238.07540 0.00000
2448.58420 0.00000
128.34240 0.00000
1654.83950 0.00000
329.14450 0.00000
3089.42810 0.00000
2486.69960 0.00000
217.96970 0.00000
2870.02910 0.00000
207.43710 0.00000
2311.94310 0.00000
1399.54090 0.00000
2671.71590 0.00000
2069.93310 0.00000
299.03290 0.00000
2708.11320 0.00000
219.09470 0.00000
2486.09960 0.00000
1945.83770 0.00000
372.09240 0.00000
303.98030 0.00000
226.07150 0.00000
1774.71120 0.00000
213.07520 0.00000
2044.44360 0.00000
264.30410 0.00000
2153.32470 0.00000
2360.81560 0.00000
279.21290 0.00000
2588.59810 0.00000
2272.23420 0.00000
226.37990 0.00000
313.10910 0.00000
355.93890 0.00000
1935.01920 0.00000
989.66080 0.00000
1612.66720 0.00000
1611.41740 0.00000
2199.50850 0.00000
30.35800 0.00000
240.41320 0.00000
1910.76910 0.00000
-257.89500 0.00000
1177.37270 0.00000
343.40160 0.00000
981.74820 0.00000
414.89860 0.00000
2831.01840 0.00000
2174.53570 0.00000
402.09750 0.00000
2400.96000 0.00000
146.78800 0.00000
366.37640 0.00000
2552.56220 0.00000
2556.05760 0.00000
417.89370 0.00000
2034.95680 0.00000
376.36260 0.00000
388.16490 0.00000
2461.94160 0.00000
2502.97380 0.00000
387.00140 0.00000
-227.08870 0.00000
2372.88550 0.00000
2261.16030 0.00000
2791.26370 0.00000
2152.68360 0.00000
377.19340 0.00000
384.50390 0.00000
418.70800 0.00000
260.94540 0.00000
2557.08580 0.00000
1941.69510 0.00000
2644.18280 0.00000
2509.05820 0.00000
2675.63340 0.00000
236.14050 0.00000
380.82190 0.00000
2190.86370 0.00000
431.01870 0.00000
1939.05660 0.00000
1609.33590 0.00000
413.41980 0.00000
450.29880 0.00000
311.67930 0.00000
1762.44620 0.00000
1471.97420 0.00000
2285.39960 0.00000
465.19610 0.00000
455.99690 0.00000
429.54850 0.00000
193.95950 0.00000
494.43860 0.00000
293.69940 0.00000
465.36360 0.00000
534.36870 0.00000
456.91740 0.00000
506.96730 0.00000
3269.94460 0.00000
312.18650 0.00000
1898.59790 0.00000
453.72070 0.00000
549.90960 0.00000
489.13880 0.00000
477.66830 0.00000
2637.49530 0.00000
509.91170 0.00000
2124.17720 0.00000
2670.99440 0.00000
498.62060 0.00000
2073.06610 0.00000
259.67660 0.00000
312.95350 0.00000
2557.26490 0.00000
319.19790 0.00000
435.25430 0.00000
-321.06730 0.00000
2078.23420 0.00000
518.19380 0.00000
516.18370 0.00000
535.59130 0.00000
2480.67440 0.00000
526.62010 0.00000
513.18780 0.00000
462.36600 0.00000
2569.33930 0.00000
526.90560 0.00000
524.35460 0.00000
2646.59650 0.00000
2802.06950 0.00000
488.95030 0.00000
2626.07390 0.00000
2825.49450 0.00000
2059.60040 0.00000
3212.11760 0.00000
593.70930 0.00000
1598.48700 0.00000
1921.72790 0.00000
3102.16580 0.00000
560.67650 0.00000
2195.58720 0.00000
538.79390 0.00000
2129.54540 0.00000
567.26750 0.00000
548.80310 0.00000
2777.42840 0.00000
2223.77230 0.00000
2805.08310 0.00000
3037.94660 0.00000
2277.89020 0.00000
527.07340 0.00000
2357.28320 0.00000
2649.40260 0.00000
3214.95490 0.00000
464.49200 0.00000
533.08370 0.00000
2688.96540 0.00000
436.62690 0.00000
450.55540 0.00000
553.76180 0.00000
494.13570 0.00000
2504.25660 0.00000
2368.99870 0.00000
582.77370 0.00000
2044.08400 0.00000
2537.53710 0.00000
574.35500 0.00000
2554.46530 0.00000
519.77590 0.00000
34.24230 0.00000
606.01710 0.00000
614.42070 0.00000
468.84640 0.00000
2596.78530 0.00000
168.32250 0.00000
632.41160 0.00000
631.37000 0.00000
549.65830 0.00000
3118.67970 0.00000
667.55510 0.00000
589.84910 0.00000
706.13910 0.00000
648.34130 0.00000
2131.77600 0.00000
517.06600 0.00000
457.87820 0.00000
685.43540 0.00000
1804.12540 0.00000
1112.61730 0.00000
2556.49820 0.00000
689.28530 0.00000
741.98730 0.00000
2511.24260 0.00000
417.44590 0.00000
2187.35940 0.00000
3006.50560 0.00000
730.72180 0.00000
2894.04970 0.00000
652.82730 0.00000
675.61640 0.00000
530.11710 0.00000
593.47870 0.00000
2275.33320 0.00000
2747.75970 0.00000
616.28470 0.00000
541.15310 0.00000
684.04050 0.00000
605.61840 0.00000
696.04870 0.00000
2316.29620 0.00000
1076.54350 0.00000
2304.76540 0.00000
1909.13880 0.00000
2043.61260 0.00000
2207.85420 0.00000
724.57790 0.00000
2698.46370 0.00000
668.57000 0.00000
2467.27620 0.00000
658.53100 0.00000
614.41520 0.00000
705.86120 0.00000
398.03990 0.00000
723.86370 0.00000
2453.05810 0.00000
3045.64270 0.00000
2644.55980 0.00000
608.07220 0.00000
-2776.17350 0.00000
2290.91510 0.00000
1952.72640 0.00000
2406.29220 0.00000
-2833.83240 0.00000
-4239.61050 0.00000
1737.16330 0.00000
2187.77710 0.00000
-3871.70040 0.00000
2761.70340 0.00000
2213.56230 0.00000
2333.56530 0.00000
2497.82570 0.00000
1966.27830 0.00000
-2812.83730 0.00000
2427.26540 0.00000
-3088.06340 0.00000
2299.50390 0.00000
-2752.99950 0.00000
2298.23460 0.00000
2346.91440 0.00000
-2281.60080 0.00000
2831.46720 0.00000
-2453.10140 0.00000
-2266.66060 0.00000
2061.66830 0.00000
-1877.78010 0.00000
-1915.97540 0.00000
1128.78880 0.00000
1804.87810 0.00000
-2318.30460 0.00000
2322.64390 0.00000
-2606.47290 0.00000
2393.01150 0.00000
-2481.47490 0.00000
655.64940 0.00000
960.09110 0.00000
-1571.92500 0.00000
-1635.31070 0.00000
-1508.85140 0.00000
-2559.54800 0.00000
-2539.23060 0.00000
1791.57790 0.00000
1558.37890 0.00000
2470.34560 0.00000
-1409.38990 0.00000
1531.54130 0.00000
-1385.40460 0.00000
784.79800 0.00000
1073.08520 0.00000
-1528.20310 0.00000
815.59610 0.00000
686.44820 0.00000
-1519.32170 0.00000
-1419.39520 0.00000
-1412.35710 0.00000
394.13330 0.00000
1380.21820 0.00000
-1346.83560 0.00000
-1450.91600 0.00000
-5266.43590 0.00000
-2706.86580 0.00000
1917.71510 0.00000
-2620.36160 0.00000
-1937.99630 0.00000
-1343.45160 0.00000
-1301.46220 0.00000
-1435.23370 0.00000
897.13540 0.00000
-1314.86240 0.00000
1405.05910 0.00000
-1357.31980 0.00000
1539.10040 0.00000
-1276.17180 0.00000
-1376.38910 0.00000
692.30240 0.00000
175.59360 0.00000
886.72730 0.00000
-1287.97220 0.00000
123.42000 0.00000
2347.48590 0.00000
-2351.05970 0.00000
-1883.53800 0.00000
-2520.33080 0.00000
1999.77870 0.00000
574.67740 0.00000
866.38550 0.00000
1374.15020 0.00000
-1278.22800 0.00000
-1402.29100 0.00000
1006.50490 0.00000
1740.74860 0.00000
1441.03940 0.00000
1219.45920 0.00000
-1271.22340 0.00000
-1777.32480 0.00000
1225.31490 0.00000
-1431.40660 0.00000
-1291.68180 0.00000
-1158.47800 0.00000
-2299.29510 0.00000
-1695.00460 0.00000
-1746.18210 0.00000
-2221.38210 0.00000
2018.57610 0.00000
-1248.40850 0.00000
-1425.01170 0.00000
-1239.41710 0.00000
910.14250 0.00000
-1209.09200 0.00000
-1386.94470 0.00000
763.26480 0.00000
1027.75440 0.00000
1093.05200 0.00000
-1203.45800 0.00000
1632.59270 0.00000
-1251.11690 0.00000
-1165.02150 0.00000
-1161.06410 0.00000
-1200.85510 0.00000
-1935.08460 0.00000
-1683.62820 0.00000
-1820.81620 0.00000
2459.44650 0.00000
1765.96810 0.00000
-1230.81240 0.00000
246.69830 0.00000
-1156.95200 0.00000
-1145.12090 0.00000
-1135.82160 0.00000
289.13020 0.00000
1715.20120 0.00000
-1135.19040 0.00000
-1227.12710 0.00000
442.24190 0.00000
828.42820 0.00000
773.96590 0.00000
692.91620 0.00000
378.38200 0.00000
816.94240 0.00000
2102.35650 0.00000
-1111.96470 0.00000
1720.33510 0.00000
-982.58760 0.00000
924.60870 0.00000
-993.49750 0.00000
-960.87560 0.00000
1273.17840 0.00000
-1173.83910 0.00000
851.62540 0.00000
1615.36090 0.00000
-950.20500 0.00000
835.31410 0.00000
-970.92870 0.00000
792.54720 0.00000
-901.41700 0.00000
1067.24810 0.00000
1533.35580 0.00000
1073.79240 0.00000
971.29330 0.00000
1449.27520 0.00000
-920.41110 0.00000
1180.90700 0.00000
973.71970 0.00000
-862.32840 0.00000
-795.66670 0.00000
-843.72720 0.00000
1212.48440 0.00000
861.66440 0.00000
-833.01190 0.00000
-828.66410 0.00000
-829.95260 0.00000
1970.93960 0.00000
1553.43210 0.00000
-865.11060 0.00000
1547.93870 0.00000
-834.02520 0.00000
1286.44820 0.00000
-919.01600 0.00000
1148.11130 0.00000
-791.55720 0.00000
-794.36640 0.00000
1577.75100 0.00000
1216.20550 0.00000
-820.28650 0.00000
-831.24600 0.00000
-790.70240 0.00000
-763.26530 0.00000
1225.73640 0.00000
1377.30020 0.00000
-785.43290 0.00000
-812.04560 0.00000
1298.48060 0.00000
1260.26870 0.00000
1831.67900 0.00000
-816.37760 0.00000
1777.13530 0.00000
1835.75610 0.00000
2060.07730 0.00000
-776.60500 0.00000
1229.62450 0.00000
2031.45650 0.00000
-1049.64370 0.00000
-793.52790 0.00000
1219.39830 0.00000
-683.68110 0.00000
1449.15830 0.00000
1190.79020 0.00000
-1011.98660 0.00000
-671.81490 0.00000
1637.04400 0.00000
1226.32470 0.00000
-693.06270 0.00000
-678.14860 0.00000
-646.23380 0.00000
1124.46770 0.00000
555.75500 0.00000
-661.96840 0.00000
1147.39310 0.00000
1476.75890 0.00000
1813.07430 0.00000
-677.13320 0.00000
-661.26160 0.00000
-669.03370 0.00000
1293.40970 0.00000
-680.26870 0.00000
-639.69940 0.00000
-651.90150 0.00000
1322.63620 0.00000
-759.02020 0.00000
-663.82300 0.00000
-749.94680 0.00000
1490.47500 0.00000
-597.18590 0.00000
1468.64620 0.00000
-632.62690 0.00000
1486.34340 0.00000
-747.15920 0.00000
-558.74710 0.00000
1092.78080 0.00000
1124.18470 0.00000
1651.99620 0.00000
2183.98230 0.00000
-741.07910 0.00000
1834.68990 0.00000
1117.45600 0.00000
-514.80380 0.00000
1684.95570 0.00000
1402.56530 0.00000
1572.86680 0.00000
1196.18000 0.00000
2056.69100 0.00000
-584.09890 0.00000
1135.26910 0.00000
-535.50790 0.00000
1291.32450 0.00000
-514.74070 0.00000
-511.14760 0.00000
-518.57670 0.00000
-709.03640 0.00000
1893.84710 0.00000
-1011.30850 0.00000
2333.38530 0.00000
-555.03800 0.00000
-538.11890 0.00000
-480.91450 0.00000
-522.43300 0.00000
-488.64800 0.00000
-573.48480 0.00000
806.27490 0.00000
915.51600 0.00000
-580.62340 0.00000
590.49680 0.00000
-434.13840 0.00000
1518.00390 0.00000
-814.55850 0.00000
-454.56760 0.00000
-469.46140 0.00000
1412.53170 0.00000
1559.75990 0.00000
-452.53550 0.00000
1481.78400 0.00000
1902.37390 0.00000
-639.40050 0.00000
1795.44350 0.00000
-502.07160 0.00000
1041.04480 0.00000
-495.91590 0.00000
-520.88290 0.00000
1357.37460 0.00000
-456.36410 0.00000
1131.76370 0.00000
-447.27150 0.00000
-622.74240 0.00000
-483.23350 0.00000
952.72810 0.00000
862.98120 0.00000
1144.13540 0.00000
-527.55560 0.00000
293.65200 0.00000
1997.53870 0.00000
1460.82860 0.00000
1249.63290 0.00000
-410.81270 0.00000
2070.34760 0.00000
1863.05190 0.00000
-361.78320 0.00000
-312.81870 0.00000
1648.21360 0.00000
-276.04320 0.00000
-452.67890 0.00000
-232.55680 0.00000
1822.34460 0.00000
-259.36240 0.00000
-261.83770 0.00000
-535.39730 0.00000
-361.55100 0.00000
-226.05150 0.00000
2203.80060 0.00000
-291.13910 0.00000
1341.30660 0.00000
2084.34290 0.00000
-214.77540 0.00000
-163.10790 0.00000
-197.09670 0.00000
-324.40180 0.00000
-260.84700 0.00000
1826.66350 0.00000
-154.55710 0.00000
-167.81630 0.00000
997.17710 0.00000
-162.18900 0.00000
1259.77980 0.00000
931.56780 0.00000
-355.39900 0.00000
1544.57550 0.00000
-129.78210 0.00000
-133.73770 0.00000
1733.88220 0.00000
1412.58650 0.00000
-373.86450 0.00000
866.23440 0.00000
1529.17600 0.00000
1909.25620 0.00000
1423.65150 0.00000
1743.29410 0.00000
1122.65440 0.00000
-133.30360 0.00000
1856.65020 0.00000
-179.34560 0.00000
1426.03930 0.00000
-181.09420 0.00000
1661.44330 0.00000
1767.59210 0.00000
1088.28800 0.00000
548.97930 0.00000
796.35670 0.00000
-229.20430 0.00000
-336.42800 0.00000
1087.54790 0.00000
-204.38670 0.00000
-189.08160 0.00000
1677.04120 0.00000
-248.82750 0.00000
1905.13480 0.00000
1337.43890 0.00000
-168.42910 0.00000
2140.57290 0.00000
-212.20050 0.00000
-170.38420 0.00000
-120.27120 0.00000
1880.00920 0.00000
1596.42740 0.00000
-169.25780 0.00000
1534.96380 0.00000
-279.67110 0.00000
-143.91510 0.00000
1987.39050 0.00000
-153.38310 0.00000
-140.26660 0.00000
2455.31090 0.00000
1384.70790 0.00000
-114.88630 0.00000
2112.17590 0.00000
-333.82770 0.00000
-313.15110 0.00000
-151.65580 0.00000
-122.19920 0.00000
-513.02910 0.00000
1484.35830 0.00000
-441.33800 0.00000
-265.14890 0.00000
1676.75620 0.00000
-103.17500 0.00000
1736.74490 0.00000
1962.74860 0.00000
-32.49660 0.00000
2114.92710 0.00000
-104.86450 0.00000
1329.58130 0.00000
-264.15260 0.00000
2841.31130 0.00000
2257.23250 0.00000
-130.83390 0.00000
2569.67150 0.00000
-298.21190 0.00000
2087.82490 0.00000
1224.24920 0.00000
2495.55850 0.00000
1904.15880 0.00000
-91.73070 0.00000
2824.60800 0.00000
-49.81320 0.00000
2511.28040 0.00000
1996.71590 0.00000
33.70180 0.00000
-10.40390 0.00000
-46.84530 0.00000
1799.49540 0.00000
-235.89140 0.00000
2161.00480 0.00000
7.14050 0.00000
2227.82760 0.00000
2423.74820 0.00000
-4.67780 0.00000
1903.02450 0.00000
1569.69870 0.00000
-261.62820 0.00000
-82.57300 0.00000
-72.71100 0.00000
1792.09200 0.00000
815.19440 0.00000
1451.07160 0.00000
1475.13930 0.00000
2026.26170 0.00000
-144.04200 0.00000
29.06810 0.00000
2084.56250 0.00000
-366.19700 0.00000
1287.90410 0.00000
-62.10600 0.00000
1521.06360 0.00000
-70.91110 0.00000
2434.54290 0.00000
1849.47470 0.00000
-45.60190 0.00000
2914.46680 0.00000
58.01980 0.00000
81.86040 0.00000
2429.42680 0.00000
2267.79170 0.00000
123.50980 0.00000
1755.76820 0.00000
96.57750 0.00000
41.41300 0.00000
2273.56750 0.00000
2342.14320 0.00000
155.06680 0.00000
-348.78800 0.00000
2328.94650 0.00000
2434.54240 0.00000
2984.73560 0.00000
2323.22930 0.00000
180.38030 0.00000
74.56620 0.00000
175.07640 0.00000
91.81000 0.00000
2727.42680 0.00000
2100.88460 0.00000
2848.14700 0.00000
2221.61320 0.00000
2423.90990 0.00000
-51.43630 0.00000
84.02760 0.00000
1799.74130 0.00000
138.73820 0.00000
1538.00030 0.00000
1271.04360 0.00000
163.26260 0.00000
144.21260 0.00000
165.34580 0.00000
2100.63590 0.00000
1723.03350 0.00000
2593.88240 0.00000
192.32050 0.00000
159.00260 0.00000
144.60310 0.00000
-60.30690 0.00000
191.33420 0.00000
-103.50490 0.00000
114.57720 0.00000
235.03120 0.00000
118.83430 0.00000
273.11090 0.00000
3100.88250 0.00000
106.60980 0.00000
1799.61820 0.00000
201.80770 0.00000
250.16930 0.00000
206.95880 0.00000
288.15790 0.00000
2730.17160 0.00000
288.92100 0.00000
2205.60070 0.00000
2747.13210 0.00000
267.43680 0.00000
1788.72570 0.00000
-52.26720 0.00000
35.12230 0.00000
2269.94720 0.00000
294.12770 0.00000
249.93530 0.00000
-363.34830 0.00000
2194.42320 0.00000
264.40520 0.00000
204.73350 0.00000
312.07870 0.00000
3041.46350 0.00000
-41.31600 0.00000
239.01070 0.00000
319.60260 0.00000
2492.17950 0.00000
313.47940 0.00000
280.35550 0.00000
2567.23080 0.00000
3045.42330 0.00000
103.31360 0.00000
2887.06540 0.00000
3047.50050 0.00000
2342.95760 0.00000
2835.88810 0.00000
321.15570 0.00000
1114.18260 0.00000
1440.30070 0.00000
2667.74870 0.00000
309.95370 0.00000
2698.14020 0.00000
278.62550 0.00000
2604.61700 0.00000
242.82300 0.00000
291.96010 0.00000
2734.74720 0.00000
2166.09420 0.00000
2762.22600 0.00000
2978.14010 0.00000
2533.01010 0.00000
318.38930 0.00000
2582.33340 0.00000
2837.33530 0.00000
3354.68940 0.00000
266.72440 0.00000
257.93240 0.00000
2257.66700 0.00000
298.89860 0.00000
90.38790 0.00000
406.96890 0.00000
393.38600 0.00000
2835.97970 0.00000
2714.18300 0.00000
250.23490 0.00000
1280.49980 0.00000
1796.44310 0.00000
376.62220 0.00000
1801.50640 0.00000
406.02910 0.00000
-16.08430 0.00000
402.09770 0.00000
445.59530 0.00000
352.51140 0.00000
2667.57890 0.00000
0.94190 0.00000
409.93470 0.00000
424.46650 0.00000
330.13400 0.00000
3036.23530 0.00000
433.49420 0.00000
371.11980 0.00000
246.74700 0.00000
259.39630 0.00000
1548.99390 0.00000
360.99440 0.00000
283.55910 0.00000
501.85780 0.00000
2137.96660 0.00000
1524.19600 0.00000
2457.55900 0.00000
498.51340 0.00000
546.39530 0.00000
2429.92700 0.00000
186.18750 0.00000
2444.40590 0.00000
3289.69240 0.00000
555.43920 0.00000
2790.21940 0.00000
481.74350 0.00000
521.43120 0.00000
345.31620 0.00000
437.74090 0.00000
2207.60920 0.00000
2724.23390 0.00000
351.48610 0.00000
233.82840 0.00000
473.79430 0.00000
335.98970 0.00000
470.39380 0.00000
2548.60660 0.00000
1328.64590 0.00000
2648.04760 0.00000
2143.83540 0.00000
2293.60570 0.00000
2100.82760 0.00000
511.45470 0.00000
2561.89190 0.00000
428.74990 0.00000
2329.24910 0.00000
528.77830 0.00000
552.11140 0.00000
524.64250 0.00000
482.59620 0.00000
342.56860 0.00000
2294.36140 0.00000
2905.54550 0.00000
2464.27370 0.00000
413.92950 0.00000
-2175.13840 0.00000
2128.58210 0.00000
1765.83820 0.00000
2146.52710 0.00000
-2306.21130 0.00000
-3003.54550 0.00000
1492.04710 0.00000
1805.67150 0.00000
-2825.34390 0.00000
2385.70740 0.00000
1969.60440 0.00000
2110.28460 0.00000
2261.95260 0.00000
1783.89280 0.00000
-2136.96920 0.00000
2151.33400 0.00000
-2225.16710 0.00000
2016.37730 0.00000
-2023.11800 0.00000
2032.43730 0.00000
1988.06460 0.00000
-1545.76090 0.00000
2441.66560 0.00000
-1629.04020 0.00000
-1555.43390 0.00000
2185.15790 0.00000
-1775.36860 0.00000
-2093.95140 0.00000
1654.48290 0.00000
2299.30100 0.00000
-1338.42380 0.00000
1515.73070 0.00000
-1258.81990 0.00000
1580.33260 0.00000
-1229.78770 0.00000
1501.52340 0.00000
1801.53690 0.00000
-1550.30910 0.00000
-2176.88830 0.00000
-1797.53770 0.00000
-1210.74030 0.00000
-1187.82090 0.00000
200.39180 0.00000
-69.80370 0.00000
978.57770 0.00000
-1121.58270 0.00000
1561.80010 0.00000
-1112.95510 0.00000
841.35460 0.00000
1125.27310 0.00000
-1148.58250 0.00000
562.61560 0.00000
447.65950 0.00000
-1115.34130 0.00000
-1149.33630 0.00000
-1522.73640 0.00000
1477.24500 0.00000
2199.31790 0.00000
-1453.43690 0.00000
-2615.44940 0.00000
-1576.22500 0.00000
-1161.98830 0.00000
411.41460 0.00000
-1138.02310 0.00000
-1152.34680 0.00000
-1102.61550 0.00000
-1050.05210 0.00000
-1160.96620 0.00000
893.56080 0.00000
-1083.36790 0.00000
1030.44450 0.00000
-1115.26580 0.00000
1202.63820 0.00000
-1057.57850 0.00000
-1083.42210 0.00000
1895.80430 0.00000
1520.44310 0.00000
2059.30590 0.00000
-2023.88130 0.00000
1497.37880 0.00000
882.30990 0.00000
-1016.91040 0.00000
-1025.02040 0.00000
-1030.08940 0.00000
688.19810 0.00000
588.57090 0.00000
885.56920 0.00000
1310.68180 0.00000
-1007.04890 0.00000
-1157.93520 0.00000
867.07660 0.00000
1507.40620 0.00000
1263.95520 0.00000
1088.68900 0.00000
-1031.29270 0.00000
-2751.67130 0.00000
1979.80600 0.00000
-2043.21700 0.00000
-1008.45080 0.00000
-1280.91990 0.00000
-1006.49000 0.00000
-997.07710 0.00000
-993.37670 0.00000
-981.05350 0.00000
927.09810 0.00000
-980.48390 0.00000
-1089.60860 0.00000
-1007.49870 0.00000
632.03210 0.00000
-1019.52230 0.00000
-1324.62100 0.00000
1015.61430 0.00000
1248.60370 0.00000
1347.39640 0.00000
-999.64560 0.00000
2100.78310 0.00000
-1593.03700 0.00000
-1225.45230 0.00000
-1222.22280 0.00000
-1033.30570 0.00000
-1026.17080 0.00000
-991.89870 0.00000
-999.95170 0.00000
1077.54890 0.00000
299.26720 0.00000
-1068.19330 0.00000
358.98220 0.00000
-962.52170 0.00000
-962.83190 0.00000
-941.50480 0.00000
848.22750 0.00000
1982.84290 0.00000
-889.27880 0.00000
-869.48650 0.00000
728.12090 0.00000
1902.93770 0.00000
1859.32260 0.00000
1803.81720 0.00000
1555.37460 0.00000
1851.31980 0.00000
399.83480 0.00000
-1217.94280 0.00000
767.36900 0.00000
-972.80760 0.00000
220.24020 0.00000
-862.35150 0.00000
-825.85340 0.00000
1414.69750 0.00000
-928.20930 0.00000
1050.84960 0.00000
1435.02010 0.00000
-861.79490 0.00000
1052.08830 0.00000
-975.26380 0.00000
1003.15870 0.00000
-792.44610 0.00000
1238.50860 0.00000
1620.82770 0.00000
1266.72640 0.00000
1165.10290 0.00000
734.47290 0.00000
-1094.11120 0.00000
477.33690 0.00000
262.14530 0.00000
-742.08050 0.00000
-806.90400 0.00000
-770.52290 0.00000
1074.78400 0.00000
752.71650 0.00000
-822.60700 0.00000
-809.52530 0.00000
-801.44550 0.00000
1822.96310 0.00000
1481.97010 0.00000
-819.89980 0.00000
1679.63670 0.00000
-725.44780 0.00000
1053.45720 0.00000
-809.55020 0.00000
946.14870 0.00000
-724.18120 0.00000
-710.60820 0.00000
1262.50050 0.00000
962.07770 0.00000
-759.57070 0.00000
-693.46410 0.00000
-768.37600 0.00000
-672.29610 0.00000
1240.34520 0.00000
1367.05700 0.00000
-697.70380 0.00000
-650.97470 0.00000
1182.72880 0.00000
1158.25570 0.00000
1694.73400 0.00000
-706.55260 0.00000
1504.82240 0.00000
1619.80980 0.00000
1798.94620 0.00000
-647.81680 0.00000
1129.27900 0.00000
1921.23650 0.00000
-954.49010 0.00000
-662.58630 0.00000
1164.19020 0.00000
-563.47790 0.00000
1184.95000 0.00000
976.55390 0.00000
-715.01980 0.00000
-550.63150 0.00000
1509.36560 0.00000
1134.38440 0.00000
-576.63080 0.00000
-549.46190 0.00000
-535.91050 0.00000
1090.50220 0.00000
589.82450 0.00000
-578.67120 0.00000
1126.43610 0.00000
1392.20400 0.00000
1864.08480 0.00000
-558.05170 0.00000
-619.80260 0.00000
-581.68730 0.00000
1405.27740 0.00000
-600.55750 0.00000
-548.58960 0.00000
-535.84380 0.00000
853.38800 0.00000
-554.86810 0.00000
-625.63430 0.00000
-580.94980 0.00000
1192.09800 0.00000
-573.84440 0.00000
1396.80100 0.00000
-504.31950 0.00000
1520.14510 0.00000
-594.35560 0.00000
-493.22070 0.00000
1140.47050 0.00000
660.77550 0.00000
1173.92070 0.00000
1639.70490 0.00000
-514.14590 0.00000
1336.54100 0.00000
952.95550 0.00000
-475.05360 0.00000
1494.77230 0.00000
1222.31980 0.00000
1396.01870 0.00000
1553.08210 0.00000
2212.70910 0.00000
-782.54540 0.00000
1508.69730 0.00000
-597.12010 0.00000
1012.44950 0.00000
-486.75320 0.00000
-527.49840 0.00000
-502.59210 0.00000
-723.93230 0.00000
1821.33070 0.00000
-1102.49170 0.00000
2177.72960 0.00000
-478.14460 0.00000
-468.77910 0.00000
-584.35030 0.00000
-592.57320 0.00000
-498.02980 0.00000
-763.69490 0.00000
27.08470 0.00000
1514.89540 0.00000
-508.24850 0.00000
1266.76110 0.00000
-693.72830 0.00000
1415.39100 0.00000
-648.39340 0.00000
-475.08060 0.00000
-582.26720 0.00000
1529.35270 0.00000
1673.12310 0.00000
-577.45420 0.00000
604.39000 0.00000
954.94850 0.00000
-431.64580 0.00000
1315.74130 0.00000
-499.12080 0.00000
821.97170 0.00000
-502.37790 0.00000
-487.84740 0.00000
1129.73460 0.00000
-590.89790 0.00000
1503.64000 0.00000
-602.94130 0.00000
-431.79960 0.00000
-527.42870 0.00000
935.69560 0.00000
845.02620 0.00000
1105.99880 0.00000
-468.36930 0.00000
365.24520 0.00000
2073.28840 0.00000
1647.75710 0.00000
1519.81130 0.00000
-434.29070 0.00000
2152.41460 0.00000
1393.67100 0.00000
-387.24720 0.00000
-377.09880 0.00000
1175.89070 0.00000
-332.57600 0.00000
-550.25420 0.00000
-309.43610 0.00000
1460.60350 0.00000
-342.43920 0.00000
-292.17130 0.00000
-749.90530 0.00000
-305.76310 0.00000
-253.86560 0.00000
1703.79440 0.00000
-258.26010 0.00000
1030.41640 0.00000
1740.46270 0.00000
-278.68360 0.00000
-276.80570 0.00000
-259.22590 0.00000
-432.59630 0.00000
-379.61510 0.00000
1496.36510 0.00000
-276.53210 0.00000
-282.52390 0.00000
1457.72260 0.00000
-367.17190 0.00000
1685.60710 0.00000
1408.96130 0.00000
-232.95150 0.00000
1284.57060 0.00000
-206.55210 0.00000
-196.95660 0.00000
1455.32670 0.00000
1167.99330 0.00000
-337.23640 0.00000
925.48970 0.00000
1523.92200 0.00000
1836.62790 0.00000
1411.35430 0.00000
1565.47760 0.00000
1002.41300 0.00000
-199.97310 0.00000
1708.22920 0.00000
-243.38130 0.00000
1063.30790 0.00000
-294.59470 0.00000
1265.35540 0.00000
1414.52380 0.00000
760.43650 0.00000
755.64360 0.00000
971.52210 0.00000
-209.12760 0.00000
-279.35220 0.00000
1229.13650 0.00000
-194.13580 0.00000
-209.20330 0.00000
1828.88920 0.00000
-228.66550 0.00000
2007.20700 0.00000
768.09040 0.00000
-203.01070 0.00000
1531.49000 0.00000
-197.50060 0.00000
-366.60110 0.00000
-165.25200 0.00000
1858.60960 0.00000
1602.67160 0.00000
-184.52250 0.00000
1543.86020 0.00000
-409.42010 0.00000
-256.03430 0.00000
1726.27550 0.00000
-337.72760 0.00000
-226.71270 0.00000
2228.24120 0.00000
1119.05610 0.00000
-262.31810 0.00000
1593.46980 0.00000
-289.57210 0.00000
-321.10510 0.00000
-226.02140 0.00000
-252.72200 0.00000
-452.52500 0.00000
1811.11130 0.00000
-406.50890 0.00000
-295.37790 0.00000
1917.76390 0.00000
-290.74170 0.00000
1428.54290 0.00000
2369.67220 0.00000
-217.51960 0.00000
2559.71230 0.00000
-599.73830 0.00000
1748.82820 0.00000
-71.31610 0.00000
2662.37360 0.00000
2018.73510 0.00000
-134.36210 0.00000
2414.11360 0.00000
-369.76700 0.00000
2178.63640 0.00000
1262.13440 0.00000
2499.28340 0.00000
1902.15730 0.00000
-258.68750 0.00000
3113.44540 0.00000
-66.06300 0.00000
2437.70480 0.00000
1880.45900 0.00000
-22.94730 0.00000
-22.25300 0.00000
-44.33150 0.00000
1837.78270 0.00000
-310.45010 0.00000
1443.39700 0.00000
-265.88370 0.00000
1504.16560 0.00000
1723.78040 0.00000
-243.79250 0.00000
1772.42170 0.00000
1434.22180 0.00000
-380.90820 0.00000
-172.69330 0.00000
-168.53900 0.00000
1905.17840 0.00000
937.26360 0.00000
1538.47170 0.00000
1583.49510 0.00000
2140.76890 0.00000
3.24210 0.00000
1.12200 0.00000
2518.85050 0.00000
-145.74960 0.00000
1784.66650 0.00000
-95.88650 0.00000
1291.85840 0.00000
9.68810 0.00000
3033.04960 0.00000
2457.10400 0.00000
25.93550 0.00000
2024.08730 0.00000
-211.50380 0.00000
15.32670 0.00000
2182.72690 0.00000
2168.01380 0.00000
74.26430 0.00000
1669.65410 0.00000
73.15360 0.00000
-6.97890 0.00000
2452.58590 0.00000
2472.73950 0.00000
143.95610 0.00000
-232.57270 0.00000
2484.46370 0.00000
2430.59930 0.00000
2913.46080 0.00000
2365.37230 0.00000
168.48100 0.00000
84.53280 0.00000
142.86220 0.00000
15.61800 0.00000
2478.88760 0.00000
1860.49060 0.00000
2614.13620 0.00000
2064.51120 0.00000
2225.13800 0.00000
-154.19630 0.00000
-8.13130 0.00000
1706.94930 0.00000
160.12980 0.00000
1865.92950 0.00000
1510.85780 0.00000
111.35130 0.00000
183.66590 0.00000
185.64840 0.00000
1955.39990 0.00000
1680.87570 0.00000
2452.10800 0.00000
218.92970 0.00000
66.40900 0.00000
142.70620 0.00000
-230.36400 0.00000
203.92520 0.00000
92.06450 0.00000
143.27460 0.00000
260.52440 0.00000
181.75450 0.00000
298.91570 0.00000
2824.45510 0.00000
241.36010 0.00000
1977.82710 0.00000
326.01380 0.00000
334.64110 0.00000
319.58060 0.00000
317.40760 0.00000
2405.75030 0.00000
300.11750 0.00000
1872.89270 0.00000
2411.11790 0.00000
355.40960 0.00000
2191.76360 0.00000
174.13910 0.00000
237.81950 0.00000
2597.81480 0.00000
256.37190 0.00000
305.10680 0.00000
-247.44170 0.00000
2206.05210 0.00000
255.75910 0.00000
150.70930 0.00000
301.02600 0.00000
2582.97500 0.00000
201.29010 0.00000
325.90880 0.00000
370.27780 0.00000
2315.55750 0.00000
397.36640 0.00000
371.51860 0.00000
2601.99940 0.00000
2393.12540 0.00000
386.72890 0.00000
2310.81110 0.00000
2483.38040 0.00000
1744.36140 0.00000
3078.33650 0.00000
437.08870 0.00000
1514.01670 0.00000
1876.95590 0.00000
2976.94320 0.00000
407.39350 0.00000
2476.23380 0.00000
396.30420 0.00000
2452.18880 0.00000
390.63950 0.00000
394.20360 0.00000
2802.31270 0.00000
2252.31860 0.00000
2770.25110 0.00000
3062.47190 0.00000
1942.46290 0.00000
323.34390 0.00000
1946.37170 0.00000
2300.11560 0.00000
2892.29100 0.00000
262.32080 0.00000
430.24070 0.00000
2599.00900 0.00000
249.84530 0.00000
324.60120 0.00000
243.31730 0.00000
208.25680 0.00000
2099.57880 0.00000
1944.99160 0.00000
432.01800 0.00000
1974.29930 0.00000
2467.94450 0.00000
366.89950 0.00000
2473.34260 0.00000
353.18690 0.00000
-158.43480 0.00000
407.79510 0.00000
408.52890 0.00000
298.75360 0.00000
2445.20930 0.00000
-125.25200 0.00000
378.61810 0.00000
368.42150 0.00000
264.52330 0.00000
2781.73140 0.00000
406.87840 0.00000
373.99690 0.00000
230.74870 0.00000
253.48440 0.00000
1572.50390 0.00000
296.06240 0.00000
215.08850 0.00000
438.19670 0.00000
2039.95890 0.00000
1376.67090 0.00000
2410.14530 0.00000
444.23810 0.00000
450.06970 0.00000
2608.87350 0.00000
-81.83840 0.00000
1960.18490 0.00000
2839.31260 0.00000
425.31330 0.00000
2717.06510 0.00000
386.06740 0.00000
382.29010 0.00000
172.95930 0.00000
208.12960 0.00000
1846.90470 0.00000
2356.41660 0.00000
365.07900 0.00000
274.53670 0.00000
441.98330 0.00000
324.32330 0.00000
430.06810 0.00000
2311.19440 0.00000
1113.36030 0.00000
2433.58680 0.00000
1925.87610 0.00000
2085.42930 0.00000
2478.87230 0.00000
475.48390 0.00000
2930.09340 0.00000
427.25410 0.00000
2702.91800 0.00000
458.20140 0.00000
466.73050 0.00000
455.32950 0.00000
362.03420 0.00000
309.55770 0.00000
2226.72090 0.00000
2862.71800 0.00000
2475.22310 0.00000
378.33280 0.00000
-2592.04600 0.00000
1830.81480 0.00000
1551.53050 0.00000
1900.20090 0.00000
-2720.35600 0.00000
-3827.13940 0.00000
1318.87600 0.00000
1723.80560 0.00000
-3505.10410 0.00000
2158.62070 0.00000
1784.44220 0.00000
1874.29930 0.00000
2002.86210 0.00000
1585.51260 0.00000
-2737.02360 0.00000
1764.69280 0.00000
-2563.06710 0.00000
1625.46900 0.00000
-2361.77480 0.00000
1659.19130 0.00000
1780.83340 0.00000
-2064.32100 0.00000
2345.86890 0.00000
-2908.19620 0.00000
-2494.35960 0.00000
2027.70260 0.00000
-2413.88860 0.00000
-2774.87880 0.00000
1582.79480 0.00000
1993.88670 0.00000
-2331.49300 0.00000
1978.18390 0.00000
-2602.68660 0.00000
2024.01020 0.00000
-2523.79140 0.00000
1442.62640 0.00000
1673.76650 0.00000
-2317.49390 0.00000
-3155.30290 0.00000
-2677.28750 0.00000
-2737.79770 0.00000
-2733.23460 0.00000
1553.60360 0.00000
1353.57460 0.00000
2082.07500 0.00000
-2730.11930 0.00000
2235.88660 0.00000
-3064.13560 0.00000
1706.95970 0.00000
1856.29570 0.00000
-3017.80380 0.00000
1596.18660 0.00000
1522.19460 0.00000
-3218.69720 0.00000
-2456.45560 0.00000
-2332.02950 0.00000
1429.63040 0.00000
1951.20160 0.00000
-2392.73860 0.00000
-3949.37690 0.00000
-6114.83100 0.00000
-3167.49840 0.00000
1599.13760 0.00000
-3177.50780 0.00000
-2288.47290 0.00000
-2328.07890 0.00000
-3135.29600 0.00000
-1917.59070 0.00000
1874.20660 0.00000
-2712.20740 0.00000
1346.16730 0.00000
-1604.88160 0.00000
1413.97470 0.00000
-1550.57800 0.00000
-1824.96690 0.00000
913.10170 0.00000
502.31410 0.00000
1076.21180 0.00000
-1679.55100 0.00000
463.22330 0.00000
1068.18440 0.00000
-1618.41620 0.00000
-1511.24570 0.00000
-1641.91010 0.00000
631.21820 0.00000
441.08520 0.00000
717.53930 0.00000
1101.93650 0.00000
-1495.33960 0.00000
-1739.43210 0.00000
699.19540 0.00000
1294.85150 0.00000
1054.65300 0.00000
855.71610 0.00000
-1395.06900 0.00000
-1577.49370 0.00000
370.81810 0.00000
-1440.51670 0.00000
-1526.66160 0.00000
-1351.27770 0.00000
-1335.43580 0.00000
-1332.15870 0.00000
-1327.80800 0.00000
-1301.45210 0.00000
343.51890 0.00000
-1318.90700 0.00000
-1395.20600 0.00000
-1329.61160 0.00000
265.68760 0.00000
-1316.82230 0.00000
-1479.63390 0.00000
297.19220 0.00000
534.51080 0.00000
609.46560 0.00000
-1327.71480 0.00000
695.97050 0.00000
-1308.81230 0.00000
-1331.88980 0.00000
-1317.15360 0.00000
-1447.04330 0.00000
-1317.38550 0.00000
-1338.90110 0.00000
-1340.61050 0.00000
802.60950 0.00000
94.54840 0.00000
-1392.15320 0.00000
4.06110 0.00000
-1310.91930 0.00000
-1307.81110 0.00000
-1272.62660 0.00000
76.38420 0.00000
1238.84080 0.00000
-1254.20500 0.00000
-1323.61490 0.00000
214.55830 0.00000
203.38350 0.00000
155.83320 0.00000
90.01310 0.00000
-185.14770 0.00000
190.86750 0.00000
145.23910 0.00000
-1467.97250 0.00000
493.68090 0.00000
-1263.86570 0.00000
-24.26380 0.00000
-1294.02520 0.00000
-1230.70840 0.00000
817.15130 0.00000
-1348.09920 0.00000
459.62020 0.00000
859.83060 0.00000
-1267.56430 0.00000
501.78830 0.00000
-1342.80590 0.00000
461.27270 0.00000
-1230.00800 0.00000
390.30430 0.00000
795.05850 0.00000
422.44640 0.00000
312.99910 0.00000
436.42460 0.00000
-1368.18090 0.00000
197.80810 0.00000
14.11800 0.00000
-1122.19090 0.00000
-1151.72810 0.00000
-1171.00060 0.00000
568.46730 0.00000
256.47280 0.00000
-1188.94810 0.00000
-1174.78430 0.00000
-1141.71230 0.00000
1210.33870 0.00000
882.58740 0.00000
-1195.67480 0.00000
819.92880 0.00000
-1166.17860 0.00000
571.50350 0.00000
-1212.42900 0.00000
468.75040 0.00000
-1124.39020 0.00000
-1124.80940 0.00000
1015.67180 0.00000
721.97110 0.00000
-1134.10830 0.00000
-1293.04640 0.00000
-1156.54690 0.00000
-1099.18250 0.00000
632.78670 0.00000
744.93210 0.00000
-1111.60110 0.00000
-1105.81940 0.00000
575.81240 0.00000
558.11550 0.00000
1057.40660 0.00000
-1135.71380 0.00000
926.27340 0.00000
1011.78190 0.00000
1200.73980 0.00000
-1097.48420 0.00000
511.92680 0.00000
1210.50580 0.00000
-1270.44130 0.00000
-1143.38070 0.00000
500.67080 0.00000
-1035.45980 0.00000
612.41850 0.00000
401.57180 0.00000
-1183.01360 0.00000
-1002.57190 0.00000
874.72080 0.00000
515.91770 0.00000
-1020.69800 0.00000
-1050.24880 0.00000
-1004.28700 0.00000
700.33800 0.00000
245.74720 0.00000
-983.08990 0.00000
722.77250 0.00000
981.99970 0.00000
1178.54840 0.00000
-1033.80390 0.00000
-1000.56660 0.00000
-1021.84940 0.00000
744.53110 0.00000
-1059.00280 0.00000
-973.01870 0.00000
-991.71600 0.00000
519.25130 0.00000
-1006.35560 0.00000
-992.05610 0.00000
-1147.21450 0.00000
973.61650 0.00000
-971.81550 0.00000
953.77820 0.00000
-1004.54880 0.00000
872.83000 0.00000
-1094.46450 0.00000
-966.53300 0.00000
556.51460 0.00000
427.49770 0.00000
871.87710 0.00000
1365.12360 0.00000
-1081.25830 0.00000
1023.63520 0.00000
723.17590 0.00000
-943.62160 0.00000
1177.47960 0.00000
961.55040 0.00000
1112.87490 0.00000
830.54910 0.00000
1512.84550 0.00000
-1066.43080 0.00000
753.50490 0.00000
-949.06120 0.00000
418.40350 0.00000
-947.45180 0.00000
-964.11390 0.00000
-893.89560 0.00000
-912.24800 0.00000
755.36880 0.00000
-1006.97780 0.00000
1161.66790 0.00000
-1082.10370 0.00000
-972.35740 0.00000
-897.92340 0.00000
-926.78960 0.00000
-886.86860 0.00000
-928.63930 0.00000
272.41260 0.00000
922.64200 0.00000
-857.59590 0.00000
777.53510 0.00000
-1053.65480 0.00000
934.89930 0.00000
-1153.00540 0.00000
-889.50090 0.00000
-883.08350 0.00000
760.51930 0.00000
873.84430 0.00000
-863.87580 0.00000
560.60150 0.00000
945.23780 0.00000
-927.80170 0.00000
839.82340 0.00000
-910.40230 0.00000
480.76220 0.00000
-884.53680 0.00000
-910.25360 0.00000
746.65720 0.00000
-842.08070 0.00000
757.23460 0.00000
-847.54070 0.00000
-889.16560 0.00000
-805.95260 0.00000
399.26060 0.00000
317.58970 0.00000
558.28760 0.00000
-844.45390 0.00000
-149.97270 0.00000
1195.56630 0.00000
735.89900 0.00000
578.23890 0.00000
-766.72120 0.00000
1263.79060 0.00000
752.42370 0.00000
-730.15230 0.00000
-730.29320 0.00000
510.56920 0.00000
-681.30610 0.00000
-868.76150 0.00000
-600.68400 0.00000
970.25580 0.00000
-667.33920 0.00000
-625.38280 0.00000
-773.84870 0.00000
-779.36410 0.00000
-661.90360 0.00000
1382.25310 0.00000
-652.07930 0.00000
1130.31910 0.00000
1739.08160 0.00000
-778.60070 0.00000
-561.69610 0.00000
-558.51340 0.00000
-568.88770 0.00000
-566.24070 0.00000
1786.10370 0.00000
-692.87450 0.00000
-908.35580 0.00000
1196.23120 0.00000
-745.86670 0.00000
1386.79870 0.00000
1146.87380 0.00000
-542.31930 0.00000
1260.70500 0.00000
-558.83110 0.00000
-587.20530 0.00000
1362.20160 0.00000
1117.66020 0.00000
-577.21330 0.00000
751.61010 0.00000
1278.19560 0.00000
1576.48690 0.00000
1211.15880 0.00000
1149.14960 0.00000
640.70160 0.00000
-555.33530 0.00000
1244.22580 0.00000
-602.30130 0.00000
1105.72980 0.00000
-584.61930 0.00000
1288.98510 0.00000
1420.46080 0.00000
845.32310 0.00000
543.32220 0.00000
731.46420 0.00000
-504.89380 0.00000
-598.81510 0.00000
804.54980 0.00000
-618.20210 0.00000
-517.10080 0.00000
1193.60320 0.00000
-561.61230 0.00000
1375.69440 0.00000
797.31730 0.00000
-579.38050 0.00000
1477.12190 0.00000
-591.21760 0.00000
-536.15650 0.00000
-507.19500 0.00000
1456.23760 0.00000
1217.54490 0.00000
-530.93230 0.00000
1206.59040 0.00000
-851.06500 0.00000
-786.55500 0.00000
1601.46980 0.00000
-747.78140 0.00000
-751.48470 0.00000
2030.83940 0.00000
865.22860 0.00000
-688.75580 0.00000
1580.70760 0.00000
-872.08940 0.00000
-780.35570 0.00000
-694.66760 0.00000
-657.24410 0.00000
-723.25970 0.00000
1816.04680 0.00000
-802.11040 0.00000
-681.09900 0.00000
1748.12930 0.00000
-765.88610 0.00000
1224.25090 0.00000
1830.73680 0.00000
-640.91670 0.00000
1957.76350 0.00000
-886.50800 0.00000
1192.36540 0.00000
-750.87850 0.00000
2259.74580 0.00000
1654.40110 0.00000
-672.52210 0.00000
1964.51610 0.00000
-997.75410 0.00000
1665.35770 0.00000
775.73040 0.00000
2107.24950 0.00000
1469.77270 0.00000
-679.05770 0.00000
2356.72440 0.00000
-656.00590 0.00000
2059.65660 0.00000
1550.93770 0.00000
-611.14580 0.00000
-682.28150 0.00000
-669.19740 0.00000
1370.34510 0.00000
-985.20750 0.00000
1653.05700 0.00000
-604.68320 0.00000
1344.79550 0.00000
1570.26090 0.00000
-718.87810 0.00000
1749.99940 0.00000
1380.30730 0.00000
-724.90420 0.00000
-679.43480 0.00000
-627.36660 0.00000
1762.42460 0.00000
770.12770 0.00000
1410.47490 0.00000
1429.98110 0.00000
1974.52330 0.00000
-623.74810 0.00000
-556.26520 0.00000
2134.52480 0.00000
-740.07670 0.00000
1359.70540 0.00000
-692.35320 0.00000
1079.67270 0.00000
-674.08120 0.00000
2080.42750 0.00000
1413.56300 0.00000
-539.14410 0.00000
2203.73160 0.00000
-567.59820 0.00000
-484.68120 0.00000
2293.97760 0.00000
2385.15660 0.00000
-517.23470 0.00000
1596.07170 0.00000
-499.11630 0.00000
-506.99350 0.00000
2281.35050 0.00000
2377.09050 0.00000
-495.25140 0.00000
-795.25950 0.00000
2170.82730 0.00000
2090.51290 0.00000
2604.00500 0.00000
1971.28140 0.00000
-436.02350 0.00000
-581.58080 0.00000
-400.82680 0.00000
-474.63380 0.00000
2242.66900 0.00000
1553.20650 0.00000
2333.73450 0.00000
1928.44200 0.00000
2141.51460 0.00000
-534.84190 0.00000
-447.18310 0.00000
1520.01080 0.00000
-393.58070 0.00000
1591.36470 0.00000
1306.87750 0.00000
-426.81910 0.00000
-443.41570 0.00000
-382.58940 0.00000
1581.36570 0.00000
1242.52660 0.00000
2091.32790 0.00000
-336.85560 0.00000
-367.37760 0.00000
-410.28310 0.00000
-588.92300 0.00000
-328.89220 0.00000
-524.76530 0.00000
-315.80120 0.00000
-323.06720 0.00000
-451.46490 0.00000
-336.63930 0.00000
2677.10950 0.00000
-473.74490 0.00000
1393.41870 0.00000
-405.79680 0.00000
-355.92550 0.00000
-415.80840 0.00000
-346.94230 0.00000
2287.17540 0.00000
-315.09960 0.00000
1702.72700 0.00000
2281.02840 0.00000
-328.50330 0.00000
1573.53650 0.00000
-529.35580 0.00000
-459.03190 0.00000
2063.95820 0.00000
-359.02380 0.00000
-306.85350 0.00000
-926.40070 0.00000
1724.99220 0.00000
-389.48710 0.00000
-338.63580 0.00000
-230.20380 0.00000
2561.85380 0.00000
-489.56430 0.00000
-303.27190 0.00000
-323.81200 0.00000
2076.74890 0.00000
-239.48240 0.00000
-221.24910 0.00000
2106.83040 0.00000
2397.24110 0.00000
-432.65250 0.00000
2287.52060 0.00000
2461.16400 0.00000
1712.74820 0.00000
2688.73680 0.00000
-211.58670 0.00000
1004.58420 0.00000
1329.23060 0.00000
2576.91420 0.00000
-200.24390 0.00000
2158.66250 0.00000
-257.59570 0.00000
2128.73780 0.00000
-258.01370 0.00000
-228.22010 0.00000
2336.46130 0.00000
1769.57340 0.00000
2359.13030 0.00000
2616.83730 0.00000
1875.76090 0.00000
-234.52660 0.00000
2018.87790 0.00000
2277.55960 0.00000
2925.56830 0.00000
-341.66260 0.00000
-257.47290 0.00000
2170.99410 0.00000
-416.36770 0.00000
-322.58580 0.00000
-103.16900 0.00000
-130.23730 0.00000
2378.44320 0.00000
2154.84950 0.00000
-246.63690 0.00000
1564.69490 0.00000
2059.83800 0.00000
-141.25700 0.00000
2100.89960 0.00000
-174.87220 0.00000
-520.51440 0.00000
-81.42640 0.00000
-44.15320 0.00000
-149.76550 0.00000
2282.78110 0.00000
-410.96440 0.00000
-22.55620 0.00000
-21.63560 0.00000
-65.47460 0.00000
2836.69750 0.00000
-180.70760 0.00000
-28.62800 0.00000
-87.79370 0.00000
-75.05090 0.00000
1549.06700 0.00000
-5.79260 0.00000
-42.57720 0.00000
83.57240 0.00000
2045.38210 0.00000
1373.57640 0.00000
2643.99740 0.00000
-17.80840 0.00000
-58.58490 0.00000
2228.61490 0.00000
-369.06440 0.00000
1947.56840 0.00000
2815.40370 0.00000
97.68840 0.00000
2285.22600 0.00000
-3.72370 0.00000
56.67110 0.00000
-83.51510 0.00000
41.42610 0.00000
2021.32990 0.00000
2562.57860 0.00000
42.64830 0.00000
-17.48720 0.00000
40.83610 0.00000
-32.53920 0.00000
96.02650 0.00000
2710.43600 0.00000
1530.02670 0.00000
2769.25840 0.00000
2325.52150 0.00000
2435.05320 0.00000
2377.02100 0.00000
83.93620 0.00000
2829.85980 0.00000
50.34620 0.00000
2604.86960 0.00000
76.94330 0.00000
154.65400 0.00000
166.47730 0.00000
149.64070 0.00000
-118.49040 0.00000
2430.49280 0.00000
2979.97140 0.00000
2550.49130 0.00000
126.24330 0.00000
-2640.01040 0.00000
1739.81580 0.00000
1397.29790 0.00000
1768.95690 0.00000
-2723.60730 0.00000
-3678.94940 0.00000
1244.15510 0.00000
1536.14960 0.00000
-3398.44920 0.00000
1975.69120 0.00000
1483.53550 0.00000
1600.15090 0.00000
1743.24100 0.00000
1301.34520 0.00000
-2320.95570 0.00000
1671.27700 0.00000
-2539.24920 0.00000
1548.67640 0.00000
-2329.22440 0.00000
1607.29780 0.00000
1748.06470 0.00000
-2104.67770 0.00000
2269.77140 0.00000
-3028.84330 0.00000
-2649.84110 0.00000
1867.17980 0.00000
-2371.90930 0.00000
-2755.35280 0.00000
1431.71580 0.00000
1959.86240 0.00000
-2374.54020 0.00000
1886.76660 0.00000
-2657.99910 0.00000
1891.05600 0.00000
-2582.34900 0.00000
1020.58470 0.00000
1223.24430 0.00000
-1809.02000 0.00000
-2341.74960 0.00000
-2009.22440 0.00000
-2599.99190 0.00000
-2681.60730 0.00000
1403.79560 0.00000
1215.80610 0.00000
1896.78900 0.00000
-2810.42200 0.00000
2160.16810 0.00000
-3196.63070 0.00000
1552.39300 0.00000
1775.29940 0.00000
-2330.53310 0.00000
1174.51940 0.00000
1092.19540 0.00000
-2501.64130 0.00000
-1953.66370 0.00000
-2388.62860 0.00000
1294.39350 0.00000
1881.42650 0.00000
-2338.54700 0.00000
-3857.50070 0.00000
-6228.65460 0.00000
-3246.19640 0.00000
1530.44560 0.00000
-3294.70350 0.00000
-2332.80860 0.00000
-1835.98050 0.00000
-2374.62070 0.00000
-1569.56070 0.00000
987.99270 0.00000
-1560.10420 0.00000
1932.41020 0.00000
-2807.37450 0.00000
2025.29600 0.00000
-2549.73600 0.00000
-3605.53710 0.00000
1695.85680 0.00000
1387.20180 0.00000
1837.43520 0.00000
-3323.54790 0.00000
1362.89810 0.00000
1797.87490 0.00000
-3109.57280 0.00000
-2517.88500 0.00000
-3159.66350 0.00000
1552.38140 0.00000
1356.00320 0.00000
1589.33450 0.00000
1882.50300 0.00000
-2764.65200 0.00000
-3640.59770 0.00000
1594.41510 0.00000
2010.88140 0.00000
1845.16840 0.00000
1757.17590 0.00000
-2036.63810 0.00000
-4407.79180 0.00000
1723.96530 0.00000
-3492.21120 0.00000
-1800.47580 0.00000
-2243.61860 0.00000
-3418.93950 0.00000
-2453.56990 0.00000
-2600.92250 0.00000
-3298.55400 0.00000
1557.30440 0.00000
-3165.32570 0.00000
-3888.57240 0.00000
-2836.72080 0.00000
1558.72330 0.00000
-2665.12390 0.00000
-4094.21730 0.00000
1494.58990 0.00000
1675.53130 0.00000
1713.19140 0.00000
-2049.65030 0.00000
1802.89870 0.00000
-2735.00520 0.00000
-2197.92850 0.00000
-2140.89590 0.00000
-1754.30830 0.00000
-2882.91980 0.00000
-2620.04770 0.00000
-2808.78100 0.00000
1916.81450 0.00000
1414.11270 0.00000
-3203.10010 0.00000
1274.92990 0.00000
-2327.22480 0.00000
-2736.17660 0.00000
-2609.18450 0.00000
1370.75100 0.00000
2107.53050 0.00000
-2277.27810 0.00000
-2310.31870 0.00000
1646.82430 0.00000
1699.10220 0.00000
1650.72880 0.00000
1633.61980 0.00000
1398.06040 0.00000
1683.78010 0.00000
1581.21090 0.00000
-1707.81560 0.00000
1842.94680 0.00000
-2325.73050 0.00000
1470.15650 0.00000
-3643.95570 0.00000
-3010.04240 0.00000
1923.76850 0.00000
-1895.67560 0.00000
1627.16600 0.00000
2026.38740 0.00000
-2271.38600 0.00000
1772.28020 0.00000
-4423.86710 0.00000
1797.70750 0.00000
-2241.55530 0.00000
1815.41080 0.00000
2016.09780 0.00000
1849.98210 0.00000
1720.24960 0.00000
1861.03740 0.00000
-2012.34430 0.00000
1716.12990 0.00000
1550.96210 0.00000
-3571.83560 0.00000
-3281.41840 0.00000
-3009.70740 0.00000
1694.61340 0.00000
1468.62020 0.00000
-2913.68970 0.00000
-2485.11150 0.00000
-3190.50950 0.00000
2048.38540 0.00000
1859.07660 0.00000
-3279.34940 0.00000
1817.00700 0.00000
-2122.25050 0.00000
1666.30840 0.00000
-3609.13150 0.00000
1538.55900 0.00000
-2648.25950 0.00000
-2891.41100 0.00000
1975.17170 0.00000
1775.44750 0.00000
-2340.55020 0.00000
-3887.80200 0.00000
-3243.62150 0.00000
-2831.25430 0.00000
1599.79560 0.00000
1694.06400 0.00000
-2231.02590 0.00000
-2985.98370 0.00000
1572.96420 0.00000
1538.14420 0.00000
1828.95510 0.00000
-2800.48710 0.00000
1851.90450 0.00000
1925.60800 0.00000
1988.86990 0.00000
-2767.57090 0.00000
1500.26240 0.00000
2007.20200 0.00000
-4074.25630 0.00000
-2037.69880 0.00000
1523.64980 0.00000
-2704.67070 0.00000
1576.27080 0.00000
1424.56190 0.00000
-4055.45520 0.00000
-2659.29880 0.00000
1827.83190 0.00000
1576.24000 0.00000
-2517.93210 0.00000
-2307.80760 0.00000
-2854.86320 0.00000
1667.15610 0.00000
1313.58420 0.00000
-2687.59570 0.00000
1685.81290 0.00000
1873.79430 0.00000
1931.48020 0.00000
-2713.25450 0.00000
-3069.98930 0.00000
-3049.10760 0.00000
1681.93970 0.00000
-2064.18370 0.00000
-3225.21280 0.00000
-2698.44200 0.00000
1481.13130 0.00000
-3699.74090 0.00000
-2257.82940 0.00000
-4288.60040 0.00000
1791.34250 0.00000
-2355.51710 0.00000
1951.09150 0.00000
-2169.25460 0.00000
1856.58230 0.00000
-1989.63990 0.00000
-3002.20090 0.00000
1546.20380 0.00000
1515.72080 0.00000
1861.61850 0.00000
2121.40820 0.00000
-4320.81450 0.00000
1965.68150 0.00000
1703.79330 0.00000
-3096.08610 0.00000
1883.30390 0.00000
1713.30420 0.00000
1844.95670 0.00000
1610.45520 0.00000
2020.24850 0.00000
-3804.67140 0.00000
1549.17180 0.00000
-2776.28690 0.00000
1351.68750 0.00000
-2165.77410 0.00000
-3344.17890 0.00000
-2254.71640 0.00000
-4308.42960 0.00000
1746.39230 0.00000
-4416.88830 0.00000
2046.70280 0.00000
-1765.07260 0.00000
-2146.42470 0.00000
-2571.88960 0.00000
-2969.10260 0.00000
-3110.32480 0.00000
-2153.90340 0.00000
1244.97930 0.00000
1790.07230 0.00000
-3009.14900 0.00000
1618.20370 0.00000
-4526.54630 0.00000
1760.69970 0.00000
-1480.38290 0.00000
-1385.47960 0.00000
-1396.83010 0.00000
352.08280 0.00000
506.79030 0.00000
-1397.38460 0.00000
187.03780 0.00000
497.09680 0.00000
-1480.43120 0.00000
452.44260 0.00000
-1377.31760 0.00000
-226.86830 0.00000
-1447.39380 0.00000
-1462.06930 0.00000
36.59730 0.00000
-1371.23840 0.00000
40.95500 0.00000
-1363.45940 0.00000
-1428.77820 0.00000
-1337.72800 0.00000
-218.59680 0.00000
-294.15860 0.00000
-60.22370 0.00000
-1391.72670 0.00000
-727.22040 0.00000
522.32720 0.00000
100.84490 0.00000
-57.16960 0.00000
-1335.05270 0.00000
624.35370 0.00000
122.07530 0.00000
-1323.09390 0.00000
-1314.84160 0.00000
-87.89470 0.00000
-1292.29380 0.00000
-1440.21220 0.00000
-1252.37380 0.00000
372.68190 0.00000
-1313.19750 0.00000
-1259.96200 0.00000
-1468.99980 0.00000
-1373.63620 0.00000
-1256.37080 0.00000
589.98230 0.00000
-1249.01950 0.00000
251.71330 0.00000
885.63130 0.00000
-1276.24260 0.00000
-1233.68290 0.00000
-1234.56580 0.00000
-1297.92970 0.00000
-1274.91510 0.00000
599.93100 0.00000
-1219.57670 0.00000
-1297.79850 0.00000
147.21940 0.00000
-1277.16640 0.00000
348.27000 0.00000
101.35530 0.00000
-1258.48370 0.00000
454.65430 0.00000
-1178.89470 0.00000
-1170.57960 0.00000
624.30820 0.00000
358.50940 0.00000
-1241.86090 0.00000
43.21870 0.00000
566.54420 0.00000
836.28350 0.00000
465.10930 0.00000
625.18600 0.00000
118.44440 0.00000
-1226.05930 0.00000
743.07640 0.00000
-1236.28280 0.00000
346.08550 0.00000
-1192.40130 0.00000
538.01970 0.00000
662.20950 0.00000
120.34540 0.00000
-120.03500 0.00000
92.75450 0.00000
-1158.27690 0.00000
-1225.87150 0.00000
142.77600 0.00000
-1246.57650 0.00000
-1189.99000 0.00000
441.89620 0.00000
-1218.89140 0.00000
591.44670 0.00000
-120.66060 0.00000
-1180.40840 0.00000
564.01600 0.00000
-1170.22750 0.00000
-1234.50540 0.00000
-1129.30060 0.00000
681.24580 0.00000
459.93920 0.00000
-1140.33920 0.00000
430.19270 0.00000
-1988.44890 0.00000
-1809.96290 0.00000
704.19090 0.00000
-1815.55600 0.00000
-1785.40340 0.00000
1639.21980 0.00000
449.25980 0.00000
-1856.71570 0.00000
924.71310 0.00000
-2140.24790 0.00000
-1861.64330 0.00000
-1813.32140 0.00000
-1836.90450 0.00000
-1926.25190 0.00000
809.77070 0.00000
-1909.59430 0.00000
-1870.82430 0.00000
695.07840 0.00000
-1907.41680 0.00000
133.23730 0.00000
777.46770 0.00000
-1795.13480 0.00000
900.87670 0.00000
-1960.75320 0.00000
24.62050 0.00000
-1896.65650 0.00000
1201.44070 0.00000
535.99030 0.00000
-1777.01730 0.00000
1275.09320 0.00000
-2138.37260 0.00000
969.79340 0.00000
-26.46070 0.00000
1401.32090 0.00000
721.13850 0.00000
-1792.41980 0.00000
1673.92330 0.00000
-1799.46930 0.00000
1333.50260 0.00000
794.96440 0.00000
-1782.96110 0.00000
-1833.05490 0.00000
-1750.73460 0.00000
-123.52410 0.00000
-1804.97040 0.00000
231.07750 0.00000
-1850.59050 0.00000
315.38040 0.00000
574.50230 0.00000
-1854.10800 0.00000
765.12190 0.00000
366.45140 0.00000
-1891.40600 0.00000
-1810.10130 0.00000
-1784.73990 0.00000
779.63080 0.00000
-267.97190 0.00000
410.70890 0.00000
416.63300 0.00000
1032.04010 0.00000
-1796.58880 0.00000
-1702.65940 0.00000
1210.16860 0.00000
-1866.09510 0.00000
380.99920 0.00000
-1823.54530 0.00000
62.11140 0.00000
-1793.05900 0.00000
1204.16720 0.00000
440.20370 0.00000
-1659.38450 0.00000
1333.56290 0.00000
-1710.65590 0.00000
-1603.71590 0.00000
1437.02780 0.00000
1504.17690 0.00000
-1586.28490 0.00000
929.92990 0.00000
-1602.99520 0.00000
-1577.78120 0.00000
1391.98290 0.00000
1459.27860 0.00000
-1586.07630 0.00000
-1917.28660 0.00000
1309.83530 0.00000
1224.02200 0.00000
1847.28100 0.00000
1084.99620 0.00000
-1540.79850 0.00000
-1629.54210 0.00000
-1530.58210 0.00000
-1623.53630 0.00000
1347.62460 0.00000
621.37580 0.00000
1394.46180 0.00000
1059.47350 0.00000
1265.45330 0.00000
-1712.83740 0.00000
-1553.84060 0.00000
622.54410 0.00000
-1509.59960 0.00000
669.68450 0.00000
322.95940 0.00000
-1551.61280 0.00000
-1527.19330 0.00000
-1459.36480 0.00000
641.50030 0.00000
313.67660 0.00000
1211.12110 0.00000
-1448.08180 0.00000
-1544.35140 0.00000
-1435.22250 0.00000
-1804.66090 0.00000
-1459.47110 0.00000
-1533.40760 0.00000
-1454.52670 0.00000
-1388.14660 0.00000
-1444.15060 0.00000
-1370.23430 0.00000
2011.29550 0.00000
-1447.25630 0.00000
679.18500 0.00000
-1383.89640 0.00000
-1456.22930 0.00000
-1433.48300 0.00000
-1315.03690 0.00000
1646.43150 0.00000
-1302.86360 0.00000
974.34760 0.00000
1598.60890 0.00000
-1291.02070 0.00000
745.55770 0.00000
-1520.84000 0.00000
-1448.53370 0.00000
1292.52590 0.00000
-1392.70400 0.00000
-1321.01420 0.00000
-1823.21880 0.00000
1010.40220 0.00000
-1420.85020 0.00000
-1452.60460 0.00000
-1328.95890 0.00000
1394.49100 0.00000
-1425.57800 0.00000
-1264.38330 0.00000
-1289.35570 0.00000
1040.09870 0.00000
-1205.26680 0.00000
-1176.90520 0.00000
1317.44600 0.00000
1667.67130 0.00000
-1316.62770 0.00000
1507.65360 0.00000
1729.05160 0.00000
869.82410 0.00000
1989.44300 0.00000
-1168.68370 0.00000
98.06340 0.00000
442.61710 0.00000
1798.35640 0.00000
-1183.32700 0.00000
1307.63110 0.00000
-1187.59770 0.00000
1209.83790 0.00000
-1203.52360 0.00000
-1187.63350 0.00000
1466.49920 0.00000
804.48600 0.00000
1498.38840 0.00000
1752.57700 0.00000
1011.15580 0.00000
-1211.47640 0.00000
1089.98000 0.00000
1429.70970 0.00000
2072.57270 0.00000
-1327.99550 0.00000
-1180.00590 0.00000
1308.24270 0.00000
-1361.87800 0.00000
-1288.62800 0.00000
-1167.75900 0.00000
-1203.56540 0.00000
1487.66720 0.00000
1358.58560 0.00000
-1300.24980 0.00000
632.27190 0.00000
1146.98470 0.00000
-1251.56580 0.00000
1172.65370 0.00000
-1229.90440 0.00000
-1575.16100 0.00000
-1157.61630 0.00000
-1160.21920 0.00000
-1230.91250 0.00000
1580.26350 0.00000
-1382.45100 0.00000
-1177.97300 0.00000
-1143.61010 0.00000
-1193.18130 0.00000
2160.36080 0.00000
-1418.05600 0.00000
-1231.02550 0.00000
-1177.18820 0.00000
-1189.02250 0.00000
747.22050 0.00000
-1169.38720 0.00000
-1207.24490 0.00000
-1119.54220 0.00000
1453.40170 0.00000
744.13980 0.00000
1703.14360 0.00000
-1156.45730 0.00000
-1199.61590 0.00000
1208.47140 0.00000
-1504.91200 0.00000
1226.69410 0.00000
2233.87800 0.00000
-1093.31180 0.00000
1620.16400 0.00000
-1147.77770 0.00000
-1094.19450 0.00000
-1326.07540 0.00000
-1251.52690 0.00000
848.38690 0.00000
1452.88860 0.00000
-1079.44220 0.00000
-1285.90320 0.00000
-1099.17970 0.00000
-1231.26850 0.00000
-1062.88220 0.00000
1334.31350 0.00000
-26.12080 0.00000
1432.05890 0.00000
868.19950 0.00000
1045.29480 0.00000
821.35240 0.00000
-1054.59520 0.00000
1471.32490 0.00000
-1089.94560 0.00000
1216.48080 0.00000
-1083.17710 0.00000
-1008.78850 0.00000
-996.86290 0.00000
-1036.17210 0.00000
-1240.68610 0.00000
1194.20580 0.00000
1797.56710 0.00000
1363.83590 0.00000
-1065.45210 0.00000
-2397.43150 0.00000
1525.89210 0.00000
1304.10330 0.00000
1616.62100 0.00000
-2426.41700 0.00000
-3054.25070 0.00000
989.79090 0.00000
1302.82920 0.00000
-2732.46700 0.00000
1702.47140 0.00000
1380.48830 0.00000
1477.32120 0.00000
1633.45000 0.00000
1246.44940 0.00000
-2275.45090 0.00000
1619.84410 0.00000
-2530.26990 0.00000
1458.51250 0.00000
-2381.98920 0.00000
1539.98190 0.00000
1591.90710 0.00000
-1936.56570 0.00000
2064.37410 0.00000
-2818.63520 0.00000
-2467.52780 0.00000
1742.82270 0.00000
-2332.20810 0.00000
-2674.84740 0.00000
1379.26680 0.00000
1805.07340 0.00000
-1698.58260 0.00000
1442.29960 0.00000
-1803.54430 0.00000
1495.43140 0.00000
-1847.84150 0.00000
1187.53740 0.00000
1395.33960 0.00000
-2030.22100 0.00000
-2807.07070 0.00000
-2385.38640 0.00000
-2546.80370 0.00000
-2525.71380 0.00000
1345.02480 0.00000
1167.90650 0.00000
1708.92920 0.00000
-1889.36120 0.00000
1736.63590 0.00000
-2124.77410 0.00000
1174.86590 0.00000
1339.04910 0.00000
-2704.44590 0.00000
1345.35350 0.00000
1272.39900 0.00000
-2899.86290 0.00000
-2315.84340 0.00000
-2309.63230 0.00000
1228.77920 0.00000
1713.79780 0.00000
-2279.76260 0.00000
-3726.02170 0.00000
-4181.13970 0.00000
-2199.44520 0.00000
1091.05720 0.00000
-2241.43760 0.00000
-1669.09310 0.00000
-2097.93310 0.00000
-2849.14710 0.00000
-1682.99460 0.00000
1559.48090 0.00000
-2395.69540 0.00000
1789.93180 0.00000
-2704.62230 0.00000
1808.70780 0.00000
-2463.18160 0.00000
-3474.98390 0.00000
1542.41860 0.00000
1217.14640 0.00000
1624.13590 0.00000
-2927.41940 0.00000
1205.20310 0.00000
1622.60940 0.00000
-2773.11620 0.00000
-2287.35720 0.00000
-2919.94740 0.00000
1392.17700 0.00000
1300.93470 0.00000
1499.03330 0.00000
1761.34230 0.00000
-2572.18310 0.00000
-3601.52750 0.00000
1420.19490 0.00000
1790.91670 0.00000
1636.83390 0.00000
1521.89150 0.00000
-1793.04090 0.00000
-4020.77510 0.00000
1539.74710 0.00000
-3141.48660 0.00000
-1628.75740 0.00000
-1979.36710 0.00000
-3316.83910 0.00000
-2362.08330 0.00000
-2473.72780 0.00000
-3168.34210 0.00000
1427.58380 0.00000
-2683.67950 0.00000
-3334.49950 0.00000
-2524.55550 0.00000
1343.75070 0.00000
-2319.51480 0.00000
-3717.48920 0.00000
1373.01460 0.00000
1546.40870 0.00000
1554.69000 0.00000
-1846.37560 0.00000
1693.82410 0.00000
-2654.38030 0.00000
-2121.21580 0.00000
-2096.12610 0.00000
-1667.72830 0.00000
-2502.19070 0.00000
-2294.94390 0.00000
-2432.62630 0.00000
1684.43140 0.00000
1223.64210 0.00000
-2952.06750 0.00000
1163.80560 0.00000
-2157.12630 0.00000
-2434.11180 0.00000
-2317.17090 0.00000
1301.49860 0.00000
1961.69630 0.00000
-2176.43500 0.00000
-2212.02010 0.00000
1533.40800 0.00000
1477.86190 0.00000
1473.50010 0.00000
1417.44300 0.00000
1249.05960 0.00000
1505.59220 0.00000
1416.01750 0.00000
-1533.89160 0.00000
1672.00730 0.00000
-2127.82990 0.00000
1362.58370 0.00000
-3608.46850 0.00000
-2920.54630 0.00000
1799.32120 0.00000
-1759.50560 0.00000
1560.70710 0.00000
1780.87010 0.00000
-1979.25960 0.00000
1568.74810 0.00000
-3861.16950 0.00000
1576.40830 0.00000
-2015.60250 0.00000
1650.36790 0.00000
1873.10230 0.00000
1665.20670 0.00000
1601.80370 0.00000
1739.22010 0.00000
-1898.10430 0.00000
1603.96080 0.00000
1466.54610 0.00000
-3406.18670 0.00000
-2800.88490 0.00000
-2735.55450 0.00000
1483.40550 0.00000
1262.26000 0.00000
-2567.83210 0.00000
-2269.20630 0.00000
-2855.52510 0.00000
1864.28590 0.00000
1649.73890 0.00000
-3003.62650 0.00000
1695.70430 0.00000
-2027.70360 0.00000
1512.03290 0.00000
-3437.74600 0.00000
1436.48780 0.00000
-2210.60830 0.00000
-2518.49690 0.00000
1738.63720 0.00000
1541.29660 0.00000
-2044.03140 0.00000
-3559.42020 0.00000
-2984.88730 0.00000
-2508.38160 0.00000
1467.13730 0.00000
1528.27880 0.00000
-2144.54890 0.00000
-2853.17400 0.00000
1465.79150 0.00000
1440.55270 0.00000
1783.13760 0.00000
-2439.06270 0.00000
1672.96810 0.00000
1698.56870 0.00000
1841.23470 0.00000
-2411.92770 0.00000
1372.43260 0.00000
1846.85800 0.00000
-3693.34740 0.00000
-1846.02380 0.00000
1372.21910 0.00000
-2569.95960 0.00000
1460.60080 0.00000
1341.53940 0.00000
-3982.56230 0.00000
-2512.44650 0.00000
1632.67090 0.00000
1399.09550 0.00000
-2238.60310 0.00000
-2040.78840 0.00000
-2571.63570 0.00000
1512.52810 0.00000
1196.62200 0.00000
-2374.30660 0.00000
1508.70820 0.00000
1684.33660 0.00000
1844.46450 0.00000
-2621.74550 0.00000
-3002.12000 0.00000
-2896.93300 0.00000
1601.72410 0.00000
-1805.67600 0.00000
-2747.85010 0.00000
-2358.88830 0.00000
1305.49440 0.00000
-3212.01670 0.00000
-2082.46540 0.00000
-3796.73170 0.00000
1596.77260 0.00000
-2107.73590 0.00000
1762.90250 0.00000
-2079.09760 0.00000
1759.06190 0.00000
-1927.73230 0.00000
-2921.99980 0.00000
1461.73250 0.00000
1326.36300 0.00000
1628.11410 0.00000
1952.49860 0.00000
-3687.47560 0.00000
1737.47040 0.00000
1524.40050 0.00000
-2724.13880 0.00000
1725.57290 0.00000
1528.48770 0.00000
1631.66060 0.00000
1545.18030 0.00000
1908.53820 0.00000
-3666.79440 0.00000
1453.57620 0.00000
-2696.69130 0.00000
1186.54150 0.00000
-1891.69920 0.00000
-2929.22900 0.00000
-1949.31010 0.00000
-3737.87120 0.00000
1633.04630 0.00000
-3993.38220 0.00000
1862.36280 0.00000
-1601.65560 0.00000
-1995.62410 0.00000
-2492.53920 0.00000
-2943.93040 0.00000
-2963.68920 0.00000
-2061.65260 0.00000
1214.87400 0.00000
1567.79530 0.00000
-2634.85130 0.00000
1443.52660 0.00000
-3892.20160 0.00000
1574.89600 0.00000
-1349.41860 0.00000
-1261.30620 0.00000
-1276.30490 0.00000
301.24440 0.00000
432.75070 0.00000
-2297.33860 0.00000
1321.55190 0.00000
1539.49620 0.00000
-3343.34510 0.00000
1515.60270 0.00000
-1240.93370 0.00000
-213.65500 0.00000
-1307.37430 0.00000
-1320.45320 0.00000
18.88870 0.00000
-2731.15290 0.00000
1372.63420 0.00000
-2738.70170 0.00000
-1676.46500 0.00000
-1951.67100 0.00000
-46.24630 0.00000
-109.61670 0.00000
94.31810 0.00000
-1252.54150 0.00000
-500.75930 0.00000
1835.79950 0.00000
1582.10400 0.00000
1473.24400 0.00000
-2627.95780 0.00000
1830.52380 0.00000
239.69280 0.00000
-1222.16890 0.00000
-1229.38890 0.00000
86.73160 0.00000
-1188.56160 0.00000
-1658.22490 0.00000
-3233.14020 0.00000
1525.80550 0.00000
-1826.01070 0.00000
-2416.79010 0.00000
-1441.28930 0.00000
-1229.37560 0.00000
-1191.64620 0.00000
399.74430 0.00000
-1160.97710 0.00000
1387.16230 0.00000
1818.93020 0.00000
-2689.68660 0.00000
-2002.44960 0.00000
-2057.32370 0.00000
-1205.27180 0.00000
-1187.62130 0.00000
548.11930 0.00000
-1165.27640 0.00000
-1211.33140 0.00000
1413.79060 0.00000
-2871.78590 0.00000
1530.56530 0.00000
1377.22880 0.00000
-1831.91020 0.00000
343.19000 0.00000
-1119.70650 0.00000
-1099.71170 0.00000
494.84530 0.00000
247.53200 0.00000
-1477.41000 0.00000
1228.74370 0.00000
1612.81410 0.00000
1732.48310 0.00000
1548.00760 0.00000
494.98290 0.00000
38.90020 0.00000
-1103.96110 0.00000
611.07390 0.00000
-1139.81720 0.00000
1458.07530 0.00000
-2232.71110 0.00000
1537.75210 0.00000
1656.42350 0.00000
1284.22940 0.00000
-174.54900 0.00000
5.80310 0.00000
-1074.05920 0.00000
-1146.54830 0.00000
61.16360 0.00000
-3291.23710 0.00000
-1919.48980 0.00000
1640.51350 0.00000
-1689.60740 0.00000
1728.82600 0.00000
-165.71690 0.00000
-1091.50910 0.00000
461.87050 0.00000
-1059.55990 0.00000
-1048.32240 0.00000
-2181.14370 0.00000
1764.67430 0.00000
1611.39840 0.00000
-1844.33650 0.00000
1597.56300 0.00000
-2043.00730 0.00000
-2018.54340 0.00000
-75.54230 0.00000
-2140.73820 0.00000
-1972.19050 0.00000
907.83150 0.00000
-340.90230 0.00000
-1930.48830 0.00000
440.54980 0.00000
-2034.90000 0.00000
-1989.64060 0.00000
-1932.67380 0.00000
-1903.88680 0.00000
-2003.09420 0.00000
716.45250 0.00000
-2051.28440 0.00000
-1951.85830 0.00000
604.61270 0.00000
-1958.87120 0.00000
62.10240 0.00000
690.80670 0.00000
-1882.04910 0.00000
860.57270 0.00000
-2121.15200 0.00000
-33.51520 0.00000
-1995.31140 0.00000
1164.98080 0.00000
503.18080 0.00000
-1896.70090 0.00000
886.14210 0.00000
-2138.19970 0.00000
555.54340 0.00000
-437.75520 0.00000
1004.63880 0.00000
307.51120 0.00000
-1938.74220 0.00000
1294.69450 0.00000
-1934.37020 0.00000
933.44190 0.00000
375.04570 0.00000
-1872.10670 0.00000
-1917.76090 0.00000
-1970.83690 0.00000
195.65300 0.00000
-2174.44760 0.00000
517.31820 0.00000
-1885.34530 0.00000
615.75360 0.00000
842.53460 0.00000
-1915.38150 0.00000
1040.18500 0.00000
664.56830 0.00000
-1880.60920 0.00000
-1972.78740 0.00000
-1876.13980 0.00000
1048.32240 0.00000
20.66690 0.00000
695.77890 0.00000
715.91030 0.00000
1288.18320 0.00000
-1881.56050 0.00000
-1878.39380 0.00000
1200.71540 0.00000
-1986.49060 0.00000
360.82590 0.00000
-2091.71900 0.00000
55.12070 0.00000
-2030.13940 0.00000
1184.88410 0.00000
434.81330 0.00000
-1842.59780 0.00000
1361.01780 0.00000
-1867.16930 0.00000
-1817.48630 0.00000
1477.94790 0.00000
1461.11930 0.00000
-1832.91050 0.00000
631.26370 0.00000
-1862.01490 0.00000
-1859.86390 0.00000
1382.00500 0.00000
1474.47110 0.00000
-1849.34500 0.00000
-2036.24340 0.00000
1270.34530 0.00000
1147.87580 0.00000
1792.03470 0.00000
1034.19780 0.00000
-1800.69470 0.00000
-1972.04690 0.00000
-1780.37430 0.00000
-1807.34300 0.00000
1315.25150 0.00000
544.92890 0.00000
1439.35340 0.00000
991.06350 0.00000
1259.81430 0.00000
-1886.96280 0.00000
-1787.21470 0.00000
619.46470 0.00000
-1777.15360 0.00000
654.42640 0.00000
314.87380 0.00000
-1904.73250 0.00000
-1790.04780 0.00000
-1676.86850 0.00000
552.53420 0.00000
264.98370 0.00000
1171.28500 0.00000
-1633.33500 0.00000
-1679.90350 0.00000
-1667.85840 0.00000
-1857.73240 0.00000
-1591.76280 0.00000
-1840.48420 0.00000
-1610.36940 0.00000
-1586.92050 0.00000
-1671.71960 0.00000
-1601.65100 0.00000
2164.01780 0.00000
-1605.14910 0.00000
806.62580 0.00000
-1554.74480 0.00000
-1573.01770 0.00000
-1645.31460 0.00000
-1560.37360 0.00000
1385.69410 0.00000
-1508.89850 0.00000
683.13970 0.00000
1330.03560 0.00000
-1499.00970 0.00000
442.23740 0.00000
-1757.97540 0.00000
-1707.53980 0.00000
1005.89200 0.00000
-1622.54440 0.00000
-1508.31910 0.00000
-2124.72590 0.00000
737.53080 0.00000
-1597.65840 0.00000
-1600.87700 0.00000
-1513.35080 0.00000
1134.76630 0.00000
-1568.31100 0.00000
-1432.16460 0.00000
-1433.44920 0.00000
1157.65380 0.00000
-1389.79120 0.00000
-1406.28660 0.00000
1478.08570 0.00000
1804.42710 0.00000
-1593.80260 0.00000
1608.52870 0.00000
1872.82320 0.00000
1015.45660 0.00000
2092.23170 0.00000
-1346.46360 0.00000
269.55980 0.00000
605.00630 0.00000
1942.89940 0.00000
-1381.16160 0.00000
1459.83130 0.00000
-1422.63820 0.00000
1378.57240 0.00000
-1431.90000 0.00000
-1474.60280 0.00000
1650.51290 0.00000
977.57430 0.00000
1658.38030 0.00000
1953.76620 0.00000
1187.45540 0.00000
-1355.04920 0.00000
1272.55210 0.00000
1625.57890 0.00000
2273.40900 0.00000
-1589.83330 0.00000
-1381.07900 0.00000
1468.53820 0.00000
-1656.67240 0.00000
-1369.29060 0.00000
-1239.80470 0.00000
-1253.23750 0.00000
1659.56290 0.00000
1488.76210 0.00000
-1466.65100 0.00000
778.02040 0.00000
1321.26450 0.00000
-1342.68550 0.00000
1341.33570 0.00000
-1330.78570 0.00000
-1598.18390 0.00000
-1231.87720 0.00000
-1154.95240 0.00000
-1263.43360 0.00000
1581.86300 0.00000
-1447.35410 0.00000
-1093.81920 0.00000
-1118.33850 0.00000
-1108.44960 0.00000
2183.90430 0.00000
-1273.94200 0.00000
-1166.22230 0.00000
-1125.91210 0.00000
-1166.83820 0.00000
713.10960 0.00000
-1086.72810 0.00000
-1184.03180 0.00000
-992.60000 0.00000
1262.76170 0.00000
542.93990 0.00000
1847.17220 0.00000
-1084.08840 0.00000
-1091.44030 0.00000
1401.96070 0.00000
-1354.62840 0.00000
999.87370 0.00000
2002.57280 0.00000
-959.33520 0.00000
1409.81780 0.00000
-1080.97320 0.00000
-973.19200 0.00000
-1118.87720 0.00000
-1045.89930 0.00000
1045.86230 0.00000
1615.45620 0.00000
-1005.06450 0.00000
-1142.45650 0.00000
-993.44150 0.00000
-1117.55640 0.00000
-954.45440 0.00000
1134.03840 0.00000
-231.59630 0.00000
1250.19950 0.00000
666.16350 0.00000
850.01480 0.00000
1029.61670 0.00000
-901.19940 0.00000
1695.93180 0.00000
-962.38350 0.00000
1433.28440 0.00000
-960.57570 0.00000
-920.39710 0.00000
-857.78320 0.00000
-981.72120 0.00000
-1000.05450 0.00000
1387.15530 0.00000
2019.38500 0.00000
1549.83860 0.00000
-933.01210 0.00000
-1703.62860 0.00000
1323.05780 0.00000
1058.43150 0.00000
1336.04790 0.00000
-1748.99710 0.00000
-2484.56220 0.00000
941.51940 0.00000
1206.76000 0.00000
-2317.42900 0.00000
1567.76660 0.00000
1321.79650 0.00000
1403.76680 0.00000
1511.22540 0.00000
1173.66010 0.00000
-1977.05420 0.00000
1432.06110 0.00000
-2059.65360 0.00000
1351.73010 0.00000
-1877.71730 0.00000
1376.32890 0.00000
1481.02210 0.00000
-1649.37400 0.00000
1830.89650 0.00000
-2311.40690 0.00000
-2024.04470 0.00000
1334.32080 0.00000
-1387.64910 0.00000
-1578.38450 0.00000
945.74670 0.00000
1367.75110 0.00000
-1664.28830 0.00000
1477.48800 0.00000
-1819.00560 0.00000
1534.06940 0.00000
-1787.77820 0.00000
1130.94240 0.00000
1292.30280 0.00000
-1656.95640 0.00000
-2426.70610 0.00000
-2027.94020 0.00000
-1549.60400 0.00000
-1575.41470 0.00000
925.82900 0.00000
772.38500 0.00000
1337.62290 0.00000
-2038.40580 0.00000
1709.51510 0.00000
-2198.87820 0.00000
1269.02230 0.00000
1419.80910 0.00000
-2274.52890 0.00000
1238.47140 0.00000
1167.56590 0.00000
-2442.15900 0.00000
-1861.93450 0.00000
-1352.00720 0.00000
824.39790 0.00000
1340.28330 0.00000
-1361.25560 0.00000
-2189.29360 0.00000
-4370.31470 0.00000
-2285.11580 0.00000
1196.49500 0.00000
-2222.43260 0.00000
-1626.83220 0.00000
-1745.07460 0.00000
-2369.65440 0.00000
-1394.76820 0.00000
1456.52460 0.00000
-2058.63660 0.00000
1585.19080 0.00000
-1993.55230 0.00000
1643.49960 0.00000
-1897.24760 0.00000
-2634.98610 0.00000
1370.38220 0.00000
1103.51910 0.00000
1445.20870 0.00000
-2345.91460 0.00000
1082.08850 0.00000
1501.23510 0.00000
-2317.09920 0.00000
-1874.27630 0.00000
-2470.33950 0.00000
1298.67360 0.00000
1118.41610 0.00000
1269.50380 0.00000
1543.44360 0.00000
-2006.80990 0.00000
-2696.18080 0.00000
1243.82650 0.00000
1584.19660 0.00000
1499.00810 0.00000
1375.36420 0.00000
-1357.48560 0.00000
-3443.07340 0.00000
1430.48670 0.00000
-2685.40240 0.00000
-1293.40760 0.00000
-1665.48620 0.00000
-2512.78120 0.00000
-1847.62320 0.00000
-1856.15330 0.00000
-2371.13310 0.00000
1248.80130 0.00000
-2171.78610 0.00000
-2642.65030 0.00000
-1993.02510 0.00000
1187.28030 0.00000
-1779.62750 0.00000
-3166.58380 0.00000
1299.09140 0.00000
1427.91860 0.00000
1412.58530 0.00000
-1579.00800 0.00000
1484.90480 0.00000
-1985.88090 0.00000
-1622.22300 0.00000
-1585.16110 0.00000
-1309.83640 0.00000
-2017.98950 0.00000
-1830.23970 0.00000
-1971.43080 0.00000
1496.36720 0.00000
1095.98750 0.00000
-2549.94260 0.00000
1094.80330 0.00000
-1852.63230 0.00000
-2115.10750 0.00000
-1965.99890 0.00000
1139.66000 0.00000
1714.88550 0.00000
-1649.29100 0.00000
-1725.13880 0.00000
1352.25930 0.00000
1328.77200 0.00000
1318.71470 0.00000
1274.03380 0.00000
1119.72160 0.00000
1342.00900 0.00000
1295.97210 0.00000
-1317.08010 0.00000
1528.01820 0.00000
-1734.97970 0.00000
1252.98410 0.00000
-2696.25170 0.00000
-2189.20160 0.00000
1619.39800 0.00000
-1374.40540 0.00000
1380.87760 0.00000
1608.56370 0.00000
-1607.23000 0.00000
1408.40540 0.00000
-3111.88140 0.00000
1387.51650 0.00000
-1708.63250 0.00000
1510.26800 0.00000
1728.47310 0.00000
1511.49770 0.00000
1477.66090 0.00000
1513.34640 0.00000
-1454.49010 0.00000
1393.92140 0.00000
1279.26080 0.00000
-2581.76810 0.00000
-2212.28940 0.00000
-2056.81720 0.00000
1331.10020 0.00000
1120.29070 0.00000
-1976.46370 0.00000
-1846.62390 0.00000
-2456.15590 0.00000
1666.12690 0.00000
1520.17820 0.00000
-2530.35350 0.00000
1455.39740 0.00000
-1550.22730 0.00000
1349.45730 0.00000
-2671.26780 0.00000
1275.62070 0.00000
-1760.88370 0.00000
-2018.21800 0.00000
1564.58830 0.00000
1388.56510 0.00000
-1558.59230 0.00000
-2951.66410 0.00000
-2445.51610 0.00000
-2226.41220 0.00000
1370.10060 0.00000
1425.74390 0.00000
-1684.56000 0.00000
-2148.42240 0.00000
1250.42070 0.00000
1255.02730 0.00000
1558.92500 0.00000
-1880.19280 0.00000
1491.36950 0.00000
1497.28630 0.00000
1625.42650 0.00000
-1904.66720 0.00000
1298.44630 0.00000
1620.98040 0.00000
-3052.70430 0.00000
-1553.41240 0.00000
1290.70360 0.00000
-1921.82730 0.00000
1287.50630 0.00000
1176.37250 0.00000
-3015.23260 0.00000
-1957.13600 0.00000
1428.70780 0.00000
1245.01110 0.00000
-1712.95730 0.00000
-1636.25120 0.00000
-1961.15830 0.00000
1409.60810 0.00000
1130.35260 0.00000
-2061.18290 0.00000
1412.15440 0.00000
1564.80210 0.00000
1647.16710 0.00000
-2017.68440 0.00000
-2255.01140 0.00000
-2247.03430 0.00000
1387.21320 0.00000
-1453.95140 0.00000
-2156.81570 0.00000
-1890.22730 0.00000
1157.13030 0.00000
-2456.39520 0.00000
-1739.56410 0.00000
-3295.34020 0.00000
1463.45730 0.00000
-1806.54020 0.00000
1570.58600 0.00000
-1576.99640 0.00000
1527.81290 0.00000
-1432.27060 0.00000
-2144.69510 0.00000
1275.98120 0.00000
1200.52780 0.00000
1464.67820 0.00000
1694.45920 0.00000
-3035.63040 0.00000
1557.66630 0.00000
1425.01130 0.00000
-2340.66020 0.00000
1564.34640 0.00000
1402.02780 0.00000
1528.39110 0.00000
1326.20240 0.00000
1719.42440 0.00000
-2849.11110 0.00000
1279.60110 0.00000
-2000.88080 0.00000
1062.95590 0.00000
-1467.19180 0.00000
-2250.85070 0.00000
-1503.41420 0.00000
-3052.91270 0.00000
1509.70540 0.00000
-3383.12940 0.00000
1689.39990 0.00000
-1320.06880 0.00000
-1679.52740 0.00000
-1888.63400 0.00000
-2136.32030 0.00000
-2288.58100 0.00000
-1569.35870 0.00000
1044.64630 0.00000
1411.94780 0.00000
-2067.93590 0.00000
1299.25280 0.00000
-3043.02510 0.00000
1402.97870 0.00000
-1103.63960 0.00000
-1651.77920 0.00000
-2167.18300 0.00000
1299.55500 0.00000
1411.49890 0.00000
-1043.40360 0.00000
140.06870 0.00000
428.10040 0.00000
-1071.53590 0.00000
361.63240 0.00000
-1689.23690 0.00000
1151.33020 0.00000
-1589.66810 0.00000
-1516.09820 0.00000
1304.37800 0.00000
-1036.00090 0.00000
-66.24850 0.00000
-1010.89380 0.00000
-1162.94100 0.00000
-1083.48340 0.00000
1255.45090 0.00000
1222.57650 0.00000
1352.65410 0.00000
-1781.06510 0.00000
932.23470 0.00000
579.85800 0.00000
221.61390 0.00000
98.54040 0.00000
-1016.74870 0.00000
634.83010 0.00000
1437.85610 0.00000
-1946.17940 0.00000
-1986.02860 0.00000
1383.01950 0.00000
-2030.88380 0.00000
-1122.33820 0.00000
-1009.40700 0.00000
147.12130 0.00000
-1108.69360 0.00000
-1025.32120 0.00000
-1119.71030 0.00000
-3144.44370 0.00000
-2526.03540 0.00000
1527.64210 0.00000
-2244.90450 0.00000
42.70650 0.00000
570.04310 0.00000
-1041.84310 0.00000
-1025.21230 0.00000
-1046.50100 0.00000
-1597.55450 0.00000
-1640.05540 0.00000
1563.60400 0.00000
-2243.82560 0.00000
-2802.04720 0.00000
63.38370 0.00000
-1035.95270 0.00000
232.11000 0.00000
23.57980 0.00000
-1055.45070 0.00000
1438.35990 0.00000
-2106.80260 0.00000
-2110.27380 0.00000
1502.55060 0.00000
1320.13840 0.00000
-1089.62510 0.00000
-36.14870 0.00000
394.38340 0.00000
645.56170 0.00000
320.16120 0.00000
1492.86210 0.00000
1184.97830 0.00000
-2421.52240 0.00000
1560.15300 0.00000
-2674.83730 0.00000
225.10040 0.00000
-1072.86190 0.00000
387.11310 0.00000
491.33870 0.00000
27.80100 0.00000
1020.59780 0.00000
1145.02640 0.00000
-1777.27550 0.00000
-1750.92350 0.00000
1291.22120 0.00000
-1101.09380 0.00000
-1050.13560 0.00000
299.69860 0.00000
-1087.95350 0.00000
432.75580 0.00000
1146.61250 0.00000
-2587.71710 0.00000
1557.70060 0.00000
-2837.34140 0.00000
-1558.19650 0.00000
-1018.88570 0.00000
523.40140 0.00000
303.31570 0.00000
-1019.39560 0.00000
299.08780 0.00000
-3151.87970 0.00000
-4483.40580 0.00000
2824.95670 0.00000
-3410.34960 0.00000
-4357.47050 0.00000
3437.31330 0.00000
2502.29330 0.00000
-4815.29400 0.00000
2881.40730 0.00000
-7059.05800 0.00000
-3934.79890 0.00000
-4388.47760 0.00000
-5045.14150 0.00000
-3001.46630 0.00000
2783.78240 0.00000
-2831.49110 0.00000
-3358.29460 0.00000
2674.04970 0.00000
-5531.45700 0.00000
2290.00140 0.00000
2731.21370 0.00000
-4271.30310 0.00000
2872.24710 0.00000
-5824.30730 0.00000
2187.62630 0.00000
-6250.85870 0.00000
3083.49240 0.00000
2578.60960 0.00000
-4913.00970 0.00000
2880.63450 0.00000
-6508.66080 0.00000
2605.23830 0.00000
1798.83930 0.00000
2949.76940 0.00000
2432.21710 0.00000
-4425.95130 0.00000
3178.07860 0.00000
-3177.93890 0.00000
2958.58020 0.00000
2523.35100 0.00000
-4018.21740 0.00000
-4071.30910 0.00000
-2958.30440 0.00000
2368.18510 0.00000
-7030.50990 0.00000
2614.69420 0.00000
-3341.05860 0.00000
2697.74210 0.00000
2899.79610 0.00000
-3511.54460 0.00000
3014.00860 0.00000
2675.21500 0.00000
-3158.77410 0.00000
-4244.05870 0.00000
-3997.94550 0.00000
3022.20290 0.00000
2240.06000 0.00000
2792.21600 0.00000
2741.37930 0.00000
3100.03580 0.00000
-3569.41540 0.00000
-4750.74200 0.00000
3185.40790 0.00000
-2944.09510 0.00000
2542.68230 0.00000
-6046.23390 0.00000
2292.20980 0.00000
-6342.07220 0.00000
3104.80960 0.00000
2533.82530 0.00000
-4769.62580 0.00000
3022.50920 0.00000
-3095.85670 0.00000
-3862.13450 0.00000
3184.44900 0.00000
3153.30640 0.00000
-4786.40760 0.00000
2523.86940 0.00000
-3964.80140 0.00000
-3699.59290 0.00000
3071.46130 0.00000
3162.85350 0.00000
-4403.11900 0.00000
-2330.06310 0.00000
3043.81520 0.00000
2986.63060 0.00000
3398.15860 0.00000
2806.83410 0.00000
-4084.08620 0.00000
-5615.59420 0.00000
-3786.12980 0.00000
-3182.93140 0.00000
3153.44350 0.00000
2612.98910 0.00000
3245.21190 0.00000
2919.90850 0.00000
3060.14390 0.00000
-2754.29480 0.00000
-3326.06180 0.00000
2575.39670 0.00000
-4471.34470 0.00000
2475.93300 0.00000
2256.11940 0.00000
-4885.91470 0.00000
-4306.39850 0.00000
-3658.57140 0.00000
2688.57360 0.00000
2381.03990 0.00000
3113.64660 0.00000
-4923.33450 0.00000
-3587.39900 0.00000
-3787.61600 0.00000
-2564.10110 0.00000
-4119.76360 0.00000
-6429.79460 0.00000
-3753.15390 0.00000
-4581.51150 0.00000
-4165.70200 0.00000
-4278.09860 0.00000
3437.35750 0.00000
-3084.39960 0.00000
2398.53930 0.00000
-3367.92060 0.00000
-4646.19140 0.00000
-4372.69570 0.00000
-4052.51110 0.00000
3148.66240 0.00000
-3999.84880 0.00000
2673.36690 0.00000
3126.98580 0.00000
-3796.71230 0.00000
2512.04130 0.00000
-2774.14080 0.00000
-3086.30390 0.00000
3000.34810 0.00000
-3536.85890 0.00000
-3846.76870 0.00000
-2279.42260 0.00000
2845.23700 0.00000
-6737.08080 0.00000
-6748.03810 0.00000
-5859.06600 0.00000
3087.64390 0.00000
-6100.57290 0.00000
-4760.32880 0.00000
-4996.90580 0.00000
2643.44280 0.00000
-4578.59640 0.00000
-4016.25350 0.00000
2691.40280 0.00000
2953.15230 0.00000
-4981.37450 0.00000
2774.03670 0.00000
3007.40540 0.00000
2325.79190 0.00000
3198.44220 0.00000
-3877.97480 0.00000
1833.35530 0.00000
2069.52600 0.00000
3137.03890 0.00000
-4242.97160 0.00000
2793.21980 0.00000
-4919.29440 0.00000
2748.55960 0.00000
-5019.04840 0.00000
-5118.37730 0.00000
3006.99210 0.00000
2426.76970 0.00000
2997.96360 0.00000
3204.20150 0.00000
2564.09260 0.00000
-3595.77720 0.00000
2673.04410 0.00000
2929.34230 0.00000
3368.39230 0.00000
-5374.96020 0.00000
-3977.83470 0.00000
2851.02080 0.00000
-5878.84510 0.00000
-2879.26340 0.00000
-3643.86370 0.00000
-3842.79060 0.00000
3080.46250 0.00000
2940.03120 0.00000
-6049.90720 0.00000
2378.26000 0.00000
2820.99610 0.00000
-5368.75300 0.00000
2790.45930 0.00000
-5839.58170 0.00000
-2442.69320 0.00000
-4358.95830 0.00000
-3853.27380 0.00000
-3418.59670 0.00000
2971.84250 0.00000
-2544.05470 0.00000
-4223.32920 0.00000
-4326.28440 0.00000
-3512.19350 0.00000
3437.40360 0.00000
-6712.89600 0.00000
-4705.18070 0.00000
-3312.55770 0.00000
-3812.09130 0.00000
2389.85870 0.00000
-3923.02840 0.00000
-3636.12890 0.00000
-4867.40330 0.00000
2588.20630 0.00000
2005.98080 0.00000
2943.71790 0.00000
-4751.56740 0.00000
-5248.75300 0.00000
2587.78980 0.00000
-7240.16590 0.00000
2423.70640 0.00000
3236.12180 0.00000
-3522.43570 0.00000
2995.45520 0.00000
-3172.55360 0.00000
-3929.56240 0.00000
-3233.06340 0.00000
-3145.05970 0.00000
2501.69280 0.00000
2978.44390 0.00000
-3400.58350 0.00000
-3164.89260 0.00000
-5005.41940 0.00000
-3672.93370 0.00000
-3840.21630 0.00000
3001.06870 0.00000
1886.05000 0.00000
3062.68710 0.00000
2608.08130 0.00000
2730.99380 0.00000
2801.03920 0.00000
-4335.45610 0.00000
3115.37600 0.00000
-4236.23070 0.00000
2906.36920 0.00000
-4877.72720 0.00000
-4161.04750 0.00000
-4718.25620 0.00000
-3200.61160 0.00000
-6288.20190 0.00000
2665.61800 0.00000
3176.00620 0.00000
2725.19540 0.00000
-3100.21250 0.00000
