0.6349 0.5322 0.4004 0.5567 0.5129 0.3753 0.4602 0.3901 0.5841 0.3330
0.6349 0.5323 0.4004 0.5567 0.5129 0.3753 0.4602 0.3900 0.5841 0.3329
0.6349 0.5323 0.4004 0.5567 0.5129 0.3752 0.4603 0.3899 0.5841 0.3329
0.6349 0.5323 0.4004 0.5566 0.5130 0.3753 0.4603 0.3900 0.5840 0.3329
0.6349 0.5322 0.4004 0.5566 0.5130 0.3753 0.4602 0.3900 0.5840 0.3329
0.6349 0.5322 0.4005 0.5566 0.5130 0.3753 0.4602 0.3900 0.5840 0.3329
0.6349 0.5321 0.4005 0.5566 0.5129 0.3754 0.4603 0.3901 0.5840 0.3330
0.6350 0.5319 0.4006 0.5564 0.5129 0.3757 0.4604 0.3904 0.5838 0.3332
0.6350 0.5313 0.4007 0.5562 0.5128 0.3761 0.4604 0.3908 0.5836 0.3336
0.6351 0.5308 0.4008 0.5560 0.5127 0.3765 0.4603 0.3913 0.5835 0.3340
0.6351 0.5305 0.4009 0.5558 0.5125 0.3768 0.4604 0.3916 0.5834 0.3343
0.6352 0.5302 0.4009 0.5558 0.5124 0.3771 0.4605 0.3919 0.5834 0.3347
0.6353 0.5297 0.4010 0.5556 0.5122 0.3776 0.4606 0.3925 0.5832 0.3352
0.6354 0.5288 0.4012 0.5552 0.5119 0.3784 0.4607 0.3934 0.5829 0.3360
0.6355 0.5277 0.4014 0.5547 0.5117 0.3792 0.4606 0.3943 0.5826 0.3368
0.6356 0.5267 0.4017 0.5542 0.5114 0.3801 0.4608 0.3954 0.5822 0.3378
0.6358 0.5256 0.4019 0.5538 0.5109 0.3812 0.4610 0.3965 0.5819 0.3389
0.6360 0.5241 0.4022 0.5532 0.5105 0.3825 0.4611 0.3980 0.5814 0.3404
0.6363 0.5222 0.4026 0.5523 0.5100 0.3841 0.4613 0.3999 0.5808 0.3420
0.6365 0.5201 0.4030 0.5515 0.5094 0.3859 0.4614 0.4018 0.5802 0.3439
0.6368 0.5183 0.4033 0.5507 0.5087 0.3876 0.4616 0.4037 0.5798 0.3458
0.6371 0.5165 0.4036 0.5501 0.5080 0.3892 0.4619 0.4055 0.5793 0.3476
0.6374 0.5147 0.4039 0.5493 0.5072 0.3910 0.4622 0.4075 0.5787 0.3495
0.6377 0.5126 0.4043 0.5485 0.5065 0.3928 0.4624 0.4096 0.5782 0.3516
0.6379 0.5103 0.4047 0.5475 0.5058 0.3948 0.4626 0.4118 0.5775 0.3537
0.6383 0.5082 0.4051 0.5467 0.5051 0.3967 0.4629 0.4140 0.5768 0.3557
0.6386 0.5061 0.4055 0.5458 0.5043 0.3987 0.4632 0.4162 0.5762 0.3579
0.6389 0.5041 0.4059 0.5450 0.5035 0.4006 0.4635 0.4183 0.5756 0.3599
0.6392 0.5023 0.4062 0.5444 0.5028 0.4023 0.4637 0.4201 0.5751 0.3618
0.6395 0.5010 0.4063 0.5439 0.5022 0.4035 0.4639 0.4215 0.5748 0.3632
0.6397 0.5001 0.4064 0.5437 0.5017 0.4045 0.4642 0.4226 0.5746 0.3643
0.6399 0.4995 0.4065 0.5435 0.5012 0.4053 0.4645 0.4234 0.5744 0.3652
0.6401 0.4983 0.4068 0.5430 0.5009 0.4064 0.4647 0.4246 0.5740 0.3663
0.6403 0.4964 0.4073 0.5422 0.5005 0.4080 0.4649 0.4265 0.5732 0.3678
0.6406 0.4943 0.4077 0.5415 0.5001 0.4096 0.4649 0.4284 0.5726 0.3696
0.6409 0.4923 0.4082 0.5407 0.4996 0.4112 0.4650 0.4304 0.5719 0.3713
0.6412 0.4912 0.4084 0.5404 0.4990 0.4124 0.4654 0.4317 0.5716 0.3726
0.6415 0.4906 0.4084 0.5404 0.4984 0.4133 0.4657 0.4326 0.5715 0.3736
0.6417 0.4902 0.4084 0.5403 0.4980 0.4139 0.4660 0.4331 0.5714 0.3742
0.6418 0.4897 0.4085 0.5402 0.4977 0.4144 0.4661 0.4337 0.5712 0.3747
0.6419 0.4890 0.4086 0.5400 0.4976 0.4149 0.4661 0.4343 0.5710 0.3753
0.6420 0.4884 0.4088 0.5398 0.4975 0.4153 0.4661 0.4349 0.5709 0.3757
0.6421 0.4881 0.4088 0.5397 0.4973 0.4156 0.4662 0.4353 0.5708 0.3761
0.6421 0.4881 0.4088 0.5398 0.4971 0.4158 0.4663 0.4354 0.5708 0.3763
0.6422 0.4886 0.4086 0.5401 0.4970 0.4155 0.4663 0.4350 0.5711 0.3760
0.6421 0.4894 0.4083 0.5404 0.4971 0.4149 0.4663 0.4342 0.5715 0.3754
0.6419 0.4907 0.4080 0.5410 0.4973 0.4139 0.4662 0.4330 0.5720 0.3744
0.6417 0.4919 0.4077 0.5414 0.4976 0.4129 0.4661 0.4318 0.5724 0.3733
0.6415 0.4928 0.4075 0.5417 0.4979 0.4121 0.4660 0.4309 0.5726 0.3724
0.6414 0.4932 0.4075 0.5417 0.4983 0.4115 0.4658 0.4303 0.5727 0.3719
0.6412 0.4935 0.4075 0.5417 0.4986 0.4111 0.4655 0.4299 0.5728 0.3714
0.6411 0.4941 0.4073 0.5419 0.4988 0.4105 0.4654 0.4292 0.5731 0.3708
0.6410 0.4951 0.4071 0.5423 0.4990 0.4097 0.4654 0.4283 0.5734 0.3700
0.6409 0.4964 0.4068 0.5429 0.4991 0.4088 0.4654 0.4272 0.5739 0.3691
0.6407 0.4974 0.4065 0.5433 0.4994 0.4078 0.4652 0.4261 0.5743 0.3681
0.6405 0.4983 0.4064 0.5436 0.4999 0.4069 0.4650 0.4251 0.5746 0.3672
0.6403 0.4992 0.4062 0.5439 0.5002 0.4060 0.4648 0.4241 0.5748 0.3663
0.6401 0.5002 0.4060 0.5443 0.5006 0.4051 0.4646 0.4231 0.5752 0.3653
0.6400 0.5010 0.4058 0.5445 0.5008 0.4044 0.4646 0.4223 0.5754 0.3645
0.6399 0.5017 0.4057 0.5449 0.5011 0.4037 0.4644 0.4215 0.5757 0.3638
0.6397 0.5027 0.4055 0.5452 0.5015 0.4027 0.4641 0.4205 0.5761 0.3629
0.6395 0.5041 0.4051 0.5458 0.5019 0.4015 0.4640 0.4191 0.5766 0.3616
0.6394 0.5059 0.4047 0.5467 0.5022 0.4000 0.4639 0.4174 0.5772 0.3601
0.6392 0.5074 0.4044 0.5474 0.5026 0.3987 0.4637 0.4159 0.5777 0.3587
0.6390 0.5080 0.4043 0.5475 0.5031 0.3979 0.4636 0.4151 0.5777 0.3578
0.6388 0.5076 0.4046 0.5470 0.5035 0.3981 0.4635 0.4153 0.5773 0.3578
0.6388 0.5069 0.4049 0.5466 0.5036 0.3985 0.4633 0.4158 0.5770 0.3581
0.6388 0.5062 0.4051 0.5461 0.5036 0.3989 0.4632 0.4164 0.5767 0.3586
0.6389 0.5061 0.4051 0.5462 0.5034 0.3992 0.4634 0.4166 0.5767 0.3588
0.6390 0.5064 0.4049 0.5465 0.5032 0.3991 0.4635 0.4164 0.5770 0.3588
0.6390 0.5069 0.4047 0.5467 0.5031 0.3988 0.4635 0.4161 0.5772 0.3586
0.6389 0.5073 0.4046 0.5469 0.5033 0.3984 0.4635 0.4156 0.5774 0.3582
0.6389 0.5076 0.4046 0.5470 0.5034 0.3981 0.4634 0.4153 0.5774 0.3578
0.6388 0.5076 0.4046 0.5470 0.5035 0.3980 0.4634 0.4152 0.5774 0.3577
0.6388 0.5076 0.4047 0.5469 0.5036 0.3980 0.4633 0.4153 0.5773 0.3577
0.6388 0.5076 0.4047 0.5469 0.5036 0.3979 0.4632 0.4152 0.5774 0.3576
0.6387 0.5082 0.4045 0.5473 0.5037 0.3974 0.4632 0.4146 0.5777 0.3572
0.6386 0.5094 0.4041 0.5479 0.5038 0.3964 0.4631 0.4135 0.5782 0.3562
0.6385 0.5109 0.4038 0.5486 0.5041 0.3953 0.4631 0.4122 0.5787 0.3551
0.6384 0.5121 0.4035 0.5492 0.5044 0.3941 0.4629 0.4110 0.5791 0.3539
0.6382 0.5129 0.4034 0.5494 0.5049 0.3933 0.4627 0.4101 0.5793 0.3530
0.6380 0.5136 0.4033 0.5496 0.5053 0.3925 0.4625 0.4092 0.5795 0.3522
0.6379 0.5146 0.4031 0.5500 0.5057 0.3916 0.4623 0.4082 0.5798 0.3511
0.6377 0.5159 0.4028 0.5506 0.5060 0.3905 0.4622 0.4070 0.5802 0.3500
0.6376 0.5172 0.4025 0.5513 0.5063 0.3894 0.4622 0.4057 0.5806 0.3489
0.6374 0.5180 0.4024 0.5515 0.5067 0.3886 0.4620 0.4049 0.5808 0.3480
0.6373 0.5184 0.4025 0.5515 0.5071 0.3881 0.4619 0.4044 0.5808 0.3474
0.6372 0.5186 0.4025 0.5515 0.5074 0.3878 0.4618 0.4040 0.5808 0.3469
0.6371 0.5189 0.4025 0.5516 0.5076 0.3875 0.4617 0.4036 0.5808 0.3465
0.6370 0.5196 0.4024 0.5519 0.5077 0.3870 0.4617 0.4030 0.5811 0.3460
0.6370 0.5203 0.4021 0.5523 0.5079 0.3863 0.4616 0.4023 0.5814 0.3454
0.6369 0.5212 0.4019 0.5527 0.5081 0.3855 0.4615 0.4015 0.5817 0.3446
0.6368 0.5220 0.4018 0.5530 0.5084 0.3848 0.4614 0.4007 0.5819 0.3438
0.6366 0.5226 0.4017 0.5532 0.5087 0.3843 0.4614 0.4001 0.5819 0.3432
0.6366 0.5229 0.4017 0.5533 0.5089 0.3839 0.4613 0.3997 0.5820 0.3427
0.6365 0.5231 0.4018 0.5533 0.5091 0.3837 0.4612 0.3994 0.5820 0.3424
0.6364 0.5233 0.4018 0.5534 0.5093 0.3834 0.4612 0.3991 0.5820 0.3421
0.6364 0.5238 0.4016 0.5536 0.5094 0.3830 0.4611 0.3987 0.5822 0.3417
0.6363 0.5245 0.4015 0.5539 0.5096 0.3824 0.4610 0.3980 0.5825 0.3411
0.6362 0.5254 0.4013 0.5543 0.5097 0.3817 0.4610 0.3972 0.5827 0.3403
0.6361 0.5261 0.4011 0.5546 0.5100 0.3810 0.4610 0.3965 0.5829 0.3397
0.6360 0.5266 0.4011 0.5548 0.5103 0.3805 0.4608 0.3959 0.5830 0.3391
0.6359 0.5269 0.4011 0.5548 0.5105 0.3802 0.4608 0.3956 0.5830 0.3386
0.6359 0.5269 0.4012 0.5547 0.5107 0.3802 0.4609 0.3955 0.5828 0.3385
0.6358 0.5268 0.4012 0.5547 0.5107 0.3802 0.4608 0.3955 0.5828 0.3385
0.6358 0.5268 0.4013 0.5546 0.5108 0.3802 0.4607 0.3955 0.5828 0.3384
0.6358 0.5271 0.4012 0.5548 0.5108 0.3800 0.4608 0.3952 0.5829 0.3382
0.6358 0.5275 0.4010 0.5550 0.5108 0.3797 0.4607 0.3949 0.5831 0.3379
0.6357 0.5279 0.4009 0.5552 0.5109 0.3793 0.4607 0.3945 0.5832 0.3376
0.6357 0.5283 0.4009 0.5553 0.5111 0.3790 0.4607 0.3941 0.5833 0.3372
0.6356 0.5286 0.4009 0.5554 0.5112 0.3787 0.4606 0.3939 0.5833 0.3369
0.6356 0.5288 0.4009 0.5555 0.5114 0.3785 0.4606 0.3936 0.5834 0.3366
0.6355 0.5289 0.4009 0.5555 0.5115 0.3783 0.4606 0.3934 0.5834 0.3364
0.6355 0.5292 0.4008 0.5556 0.5116 0.3781 0.4605 0.3931 0.5835 0.3361
0.6354 0.5297 0.4007 0.5558 0.5117 0.3777 0.4604 0.3927 0.5837 0.3358
0.6353 0.5303 0.4005 0.5561 0.5118 0.3771 0.4604 0.3921 0.5839 0.3352
0.6353 0.5309 0.4004 0.5563 0.5120 0.3767 0.4604 0.3916 0.5840 0.3347
0.6352 0.5312 0.4004 0.5564 0.5122 0.3763 0.4604 0.3912 0.5840 0.3343
0.6351 0.5313 0.4005 0.5564 0.5124 0.3762 0.4604 0.3911 0.5839 0.3341
0.6351 0.5312 0.4006 0.5562 0.5125 0.3763 0.4604 0.3911 0.5838 0.3340
0.6351 0.5310 0.4007 0.5561 0.5125 0.3764 0.4604 0.3913 0.5837 0.3341
0.6351 0.5308 0.4007 0.5561 0.5125 0.3765 0.4603 0.3914 0.5837 0.3342
0.6351 0.5309 0.4007 0.5561 0.5124 0.3765 0.4603 0.3914 0.5837 0.3342
0.6352 0.5309 0.4006 0.5561 0.5124 0.3765 0.4604 0.3914 0.5837 0.3343
0.6352 0.5308 0.4006 0.5561 0.5124 0.3766 0.4604 0.3914 0.5837 0.3343
0.6352 0.5306 0.4007 0.5560 0.5123 0.3768 0.4604 0.3916 0.5836 0.3345
0.6352 0.5303 0.4008 0.5559 0.5123 0.3770 0.4604 0.3919 0.5835 0.3347
0.6352 0.5302 0.4008 0.5558 0.5122 0.3771 0.4604 0.3920 0.5835 0.3348
0.6353 0.5301 0.4008 0.5558 0.5122 0.3772 0.4604 0.3921 0.5835 0.3350
0.6353 0.5299 0.4009 0.5557 0.5121 0.3774 0.4605 0.3923 0.5834 0.3352
0.6353 0.5296 0.4009 0.5556 0.5120 0.3777 0.4606 0.3927 0.5833 0.3355
0.6354 0.5289 0.4011 0.5553 0.5119 0.3782 0.4606 0.3932 0.5830 0.3360
0.6355 0.5282 0.4013 0.5549 0.5117 0.3789 0.4607 0.3940 0.5828 0.3366
0.6356 0.5273 0.4015 0.5545 0.5115 0.3797 0.4607 0.3948 0.5825 0.3374
0.6357 0.5264 0.4017 0.5542 0.5112 0.3805 0.4608 0.3957 0.5822 0.3382
0.6359 0.5256 0.4018 0.5539 0.5108 0.3811 0.4608 0.3965 0.5821 0.3390
0.6360 0.5251 0.4018 0.5538 0.5105 0.3816 0.4609 0.3970 0.5821 0.3397
0.6361 0.5247 0.4018 0.5537 0.5103 0.3820 0.4610 0.3975 0.5820 0.3402
0.6362 0.5243 0.4018 0.5535 0.5100 0.3824 0.4611 0.3980 0.5819 0.3407
0.6362 0.5237 0.4019 0.5533 0.5099 0.3829 0.4611 0.3985 0.5818 0.3412
0.6363 0.5230 0.4021 0.5530 0.5097 0.3836 0.4612 0.3993 0.5815 0.3419
0.6364 0.5223 0.4022 0.5527 0.5094 0.3842 0.4613 0.4000 0.5813 0.3426
0.6365 0.5216 0.4023 0.5524 0.5092 0.3848 0.4613 0.4006 0.5812 0.3432
0.6366 0.5212 0.4024 0.5523 0.5090 0.3852 0.4614 0.4011 0.5811 0.3437
0.6367 0.5208 0.4024 0.5522 0.5087 0.3856 0.4615 0.4015 0.5810 0.3442
0.6368 0.5204 0.4024 0.5520 0.5085 0.3860 0.4615 0.4019 0.5810 0.3446
0.6368 0.5199 0.4026 0.5518 0.5084 0.3864 0.4616 0.4024 0.5808 0.3451
0.6369 0.5194 0.4027 0.5516 0.5082 0.3869 0.4617 0.4030 0.5806 0.3456
0.6370 0.5188 0.4028 0.5513 0.5080 0.3875 0.4617 0.4036 0.5804 0.3462
0.6371 0.5178 0.4030 0.5508 0.5078 0.3883 0.4619 0.4045 0.5800 0.3470
0.6372 0.5168 0.4032 0.5504 0.5074 0.3893 0.4620 0.4056 0.5797 0.3480
0.6373 0.5157 0.4034 0.5500 0.5072 0.3901 0.4619 0.4065 0.5795 0.3489
0.6374 0.5150 0.4036 0.5497 0.5069 0.3908 0.4621 0.4073 0.5793 0.3497
0.6376 0.5146 0.4035 0.5496 0.5065 0.3913 0.4623 0.4078 0.5792 0.3503
0.6377 0.5143 0.4035 0.5495 0.5062 0.3916 0.4623 0.4082 0.5792 0.3508
0.6377 0.5140 0.4036 0.5494 0.5061 0.3919 0.4624 0.4086 0.5792 0.3511
0.6378 0.5139 0.4036 0.5494 0.5060 0.3921 0.4624 0.4087 0.5792 0.3513
0.6378 0.5138 0.4035 0.5494 0.5059 0.3921 0.4624 0.4088 0.5792 0.3514
0.6378 0.5137 0.4036 0.5494 0.5059 0.3923 0.4625 0.4090 0.5791 0.3515
0.6379 0.5135 0.4036 0.5493 0.5058 0.3925 0.4625 0.4092 0.5791 0.3518
0.6379 0.5126 0.4039 0.5488 0.5057 0.3931 0.4626 0.4099 0.5786 0.3524
0.6380 0.5115 0.4042 0.5483 0.5055 0.3942 0.4628 0.4111 0.5781 0.3533
0.6382 0.5095 0.4047 0.5473 0.5051 0.3958 0.4629 0.4129 0.5774 0.3549
0.6385 0.5072 0.4053 0.5462 0.5046 0.3978 0.4631 0.4151 0.5765 0.3569
0.6388 0.5050 0.4057 0.5454 0.5040 0.3996 0.4632 0.4172 0.5759 0.3589
0.6390 0.5029 0.4061 0.5445 0.5033 0.4016 0.4636 0.4194 0.5751 0.3610
0.6394 0.5010 0.4065 0.5438 0.5024 0.4035 0.4640 0.4215 0.5746 0.3630
0.6398 0.4994 0.4067 0.5433 0.5017 0.4050 0.4642 0.4232 0.5743 0.3648
0.6400 0.4978 0.4070 0.5427 0.5012 0.4064 0.4644 0.4248 0.5737 0.3663
0.6403 0.4967 0.4072 0.5424 0.5006 0.4076 0.4648 0.4261 0.5734 0.3675
0.6405 0.4957 0.4073 0.5421 0.5001 0.4086 0.4649 0.4272 0.5732 0.3687
0.6407 0.4944 0.4076 0.5415 0.4997 0.4098 0.4652 0.4286 0.5726 0.3699
0.6410 0.4934 0.4078 0.5413 0.4993 0.4108 0.4653 0.4296 0.5724 0.3709
0.6411 0.4929 0.4078 0.5412 0.4991 0.4111 0.4652 0.4301 0.5724 0.3715
0.6411 0.4932 0.4077 0.5414 0.4989 0.4111 0.4654 0.4300 0.5726 0.3714
0.6411 0.4940 0.4074 0.5419 0.4987 0.4108 0.4656 0.4294 0.5729 0.3710
0.6411 0.4945 0.4072 0.5421 0.4987 0.4104 0.4657 0.4290 0.5731 0.3707
0.6410 0.4946 0.4073 0.5421 0.4989 0.4102 0.4655 0.4288 0.5731 0.3704
0.6409 0.4943 0.4074 0.5418 0.4991 0.4102 0.4653 0.4289 0.5730 0.3704
0.6409 0.4940 0.4075 0.5417 0.4992 0.4103 0.4653 0.4291 0.5728 0.3706
0.6410 0.4940 0.4075 0.5417 0.4991 0.4104 0.4654 0.4292 0.5728 0.3707
0.6410 0.4941 0.4074 0.5418 0.4990 0.4104 0.4654 0.4291 0.5729 0.3707
0.6410 0.4946 0.4073 0.5421 0.4990 0.4101 0.4654 0.4287 0.5732 0.3703
0.6409 0.4955 0.4070 0.5424 0.4991 0.4094 0.4653 0.4279 0.5736 0.3697
0.6408 0.4967 0.4067 0.5430 0.4993 0.4084 0.4652 0.4267 0.5740 0.3687
0.6406 0.4979 0.4064 0.5435 0.4996 0.4073 0.4651 0.4255 0.5744 0.3676
0.6404 0.4991 0.4061 0.5440 0.5000 0.4063 0.4649 0.4243 0.5749 0.3665
0.6402 0.5001 0.4059 0.5443 0.5004 0.4052 0.4646 0.4232 0.5752 0.3655
0.6400 0.5011 0.4058 0.5446 0.5009 0.4043 0.4645 0.4222 0.5755 0.3644
0.6398 0.5025 0.4054 0.5453 0.5012 0.4030 0.4642 0.4207 0.5761 0.3632
0.6396 0.5040 0.4051 0.5459 0.5016 0.4017 0.4641 0.4193 0.5765 0.3619
0.6395 0.5054 0.4048 0.5465 0.5020 0.4005 0.4640 0.4179 0.5770 0.3605
0.6393 0.5066 0.4046 0.5470 0.5025 0.3993 0.4637 0.4167 0.5774 0.3594
0.6390 0.5075 0.4044 0.5472 0.5030 0.3983 0.4634 0.4156 0.5776 0.3583
0.6388 0.5083 0.4044 0.5475 0.5034 0.3975 0.4634 0.4147 0.5778 0.3574
0.6387 0.5091 0.4042 0.5478 0.5036 0.3968 0.4632 0.4139 0.5781 0.3566
0.6386 0.5096 0.4041 0.5479 0.5040 0.3962 0.4631 0.4133 0.5782 0.3560
0.6385 0.5101 0.4041 0.5481 0.5042 0.3958 0.4631 0.4128 0.5782 0.3554
0.6384 0.5105 0.4040 0.5482 0.5044 0.3954 0.4630 0.4124 0.5784 0.3551
0.6383 0.5108 0.4040 0.5483 0.5046 0.3950 0.4628 0.4120 0.5785 0.3547
0.6383 0.5114 0.4038 0.5486 0.5048 0.3944 0.4627 0.4113 0.5787 0.3541
0.6382 0.5122 0.4037 0.5489 0.5049 0.3939 0.4628 0.4107 0.5789 0.3535
0.6382 0.5126 0.4036 0.5492 0.5050 0.3935 0.4628 0.4103 0.5790 0.3530
0.6381 0.5128 0.4036 0.5492 0.5052 0.3933 0.4626 0.4100 0.5791 0.3528
0.6380 0.5127 0.4037 0.5490 0.5054 0.3932 0.4625 0.4100 0.5789 0.3526
0.6380 0.5127 0.4037 0.5490 0.5055 0.3932 0.4626 0.4100 0.5789 0.3526
0.6380 0.5127 0.4037 0.5490 0.5054 0.3932 0.4626 0.4100 0.5789 0.3526
0.6380 0.5127 0.4037 0.5490 0.5055 0.3932 0.4625 0.4099 0.5789 0.3526
0.6380 0.5128 0.4037 0.5491 0.5055 0.3931 0.4626 0.4099 0.5789 0.3525
0.6380 0.5130 0.4036 0.5492 0.5055 0.3929 0.4625 0.4097 0.5791 0.3524
0.6379 0.5133 0.4035 0.5493 0.5055 0.3927 0.4625 0.4094 0.5792 0.3521
0.6379 0.5136 0.4035 0.5494 0.5056 0.3925 0.4625 0.4092 0.5792 0.3519
0.6379 0.5137 0.4035 0.5495 0.5057 0.3924 0.4625 0.4090 0.5792 0.3517
0.6379 0.5137 0.4035 0.5495 0.5057 0.3923 0.4624 0.4090 0.5792 0.3517
0.6378 0.5139 0.4034 0.5496 0.5058 0.3921 0.4623 0.4087 0.5794 0.3514
0.6378 0.5143 0.4034 0.5497 0.5059 0.3917 0.4623 0.4084 0.5795 0.3511
0.6378 0.5147 0.4033 0.5499 0.5059 0.3915 0.4624 0.4081 0.5795 0.3508
0.6378 0.5148 0.4032 0.5500 0.5060 0.3913 0.4623 0.4079 0.5796 0.3507
0.6377 0.5149 0.4033 0.5500 0.5062 0.3911 0.4622 0.4077 0.5796 0.3505
0.6376 0.5151 0.4033 0.5500 0.5063 0.3910 0.4623 0.4076 0.5796 0.3503
0.6377 0.5153 0.4032 0.5501 0.5063 0.3909 0.4623 0.4074 0.5797 0.3501
0.6376 0.5156 0.4031 0.5503 0.5064 0.3905 0.4621 0.4070 0.5799 0.3498
0.6375 0.5160 0.4030 0.5504 0.5065 0.3902 0.4621 0.4066 0.5800 0.3495
0.6375 0.5163 0.4030 0.5506 0.5065 0.3900 0.4622 0.4064 0.5800 0.3492
0.6375 0.5165 0.4029 0.5507 0.5066 0.3897 0.4620 0.4061 0.5802 0.3490
0.6374 0.5168 0.4029 0.5508 0.5068 0.3894 0.4619 0.4057 0.5803 0.3486
0.6374 0.5175 0.4027 0.5511 0.5070 0.3889 0.4620 0.4052 0.5804 0.3481
0.6373 0.5182 0.4025 0.5514 0.5071 0.3883 0.4619 0.4045 0.5807 0.3475
0.6372 0.5188 0.4024 0.5517 0.5073 0.3877 0.4618 0.4039 0.5809 0.3469
0.6371 0.5194 0.4023 0.5519 0.5075 0.3871 0.4617 0.4033 0.5811 0.3463
0.6370 0.5199 0.4023 0.5521 0.5078 0.3867 0.4617 0.4028 0.5812 0.3458
0.6370 0.5202 0.4023 0.5522 0.5079 0.3864 0.4616 0.4024 0.5812 0.3454
0.6369 0.5202 0.4023 0.5521 0.5081 0.3863 0.4616 0.4023 0.5811 0.3452
0.6369 0.5201 0.4024 0.5520 0.5082 0.3863 0.4616 0.4024 0.5811 0.3452
0.6369 0.5202 0.4024 0.5521 0.5082 0.3862 0.4615 0.4022 0.5811 0.3451
0.6368 0.5206 0.4022 0.5523 0.5083 0.3859 0.4615 0.4019 0.5813 0.3448
0.6368 0.5212 0.4021 0.5526 0.5083 0.3855 0.4615 0.4014 0.5815 0.3444
0.6367 0.5219 0.4019 0.5529 0.5085 0.3849 0.4614 0.4008 0.5818 0.3438
0.6366 0.5225 0.4018 0.5532 0.5087 0.3843 0.4613 0.4001 0.5820 0.3432
0.6365 0.5231 0.4017 0.5534 0.5089 0.3837 0.4613 0.3995 0.5821 0.3426
0.6364 0.5237 0.4016 0.5537 0.5092 0.3832 0.4612 0.3988 0.5823 0.3419
0.6363 0.5242 0.4015 0.5538 0.5094 0.3827 0.4611 0.3983 0.5824 0.3414
0.6363 0.5247 0.4014 0.5540 0.5096 0.3823 0.4611 0.3978 0.5825 0.3409
0.6362 0.5252 0.4014 0.5542 0.5098 0.3818 0.4610 0.3973 0.5826 0.3404
0.6361 0.5258 0.4012 0.5544 0.5100 0.3812 0.4609 0.3967 0.5828 0.3398
0.6360 0.5265 0.4011 0.5547 0.5102 0.3806 0.4609 0.3960 0.5830 0.3391
0.6359 0.5272 0.4010 0.5550 0.5105 0.3800 0.4608 0.3953 0.5832 0.3385
0.6358 0.5277 0.4009 0.5552 0.5107 0.3795 0.4607 0.3948 0.5833 0.3380
0.6357 0.5280 0.4009 0.5552 0.5109 0.3793 0.4607 0.3945 0.5832 0.3375
0.6357 0.5281 0.4010 0.5552 0.5111 0.3791 0.4607 0.3943 0.5832 0.3373
0.6356 0.5282 0.4010 0.5552 0.5112 0.3790 0.4606 0.3941 0.5832 0.3371
0.6356 0.5284 0.4010 0.5552 0.5113 0.3788 0.4606 0.3940 0.5832 0.3369
0.6356 0.5286 0.4009 0.5554 0.5113 0.3786 0.4606 0.3937 0.5833 0.3367
0.6355 0.5289 0.4008 0.5555 0.5114 0.3783 0.4605 0.3934 0.5834 0.3364
0.6355 0.5294 0.4007 0.5557 0.5115 0.3780 0.4605 0.3930 0.5836 0.3361
0.6354 0.5298 0.4006 0.5559 0.5117 0.3776 0.4605 0.3926 0.5837 0.3357
0.6353 0.5302 0.4006 0.5561 0.5119 0.3772 0.4604 0.3921 0.5838 0.3353
0.6353 0.5307 0.4005 0.5562 0.5120 0.3768 0.4604 0.3917 0.5839 0.3348
0.6352 0.5311 0.4004 0.5564 0.5122 0.3764 0.4604 0.3913 0.5840 0.3344
0.6351 0.5315 0.4004 0.5565 0.5124 0.3761 0.4603 0.3909 0.5841 0.3340
0.6351 0.5319 0.4003 0.5566 0.5125 0.3757 0.4602 0.3904 0.5842 0.3336
0.6350 0.5323 0.4003 0.5568 0.5127 0.3753 0.4602 0.3900 0.5843 0.3331
0.6349 0.5327 0.4002 0.5570 0.5129 0.3750 0.4602 0.3896 0.5844 0.3327
0.6349 0.5330 0.4002 0.5570 0.5130 0.3747 0.4602 0.3893 0.5844 0.3324
0.6348 0.5333 0.4002 0.5571 0.5132 0.3744 0.4601 0.3890 0.5844 0.3321
0.6348 0.5334 0.4002 0.5571 0.5133 0.3743 0.4601 0.3888 0.5844 0.3318
0.6347 0.5336 0.4002 0.5572 0.5134 0.3742 0.4601 0.3887 0.5844 0.3317
0.6347 0.5336 0.4002 0.5571 0.5135 0.3741 0.4601 0.3886 0.5844 0.3316
0.6347 0.5336 0.4002 0.5571 0.5135 0.3741 0.4601 0.3886 0.5843 0.3316
0.6347 0.5335 0.4003 0.5571 0.5135 0.3742 0.4601 0.3887 0.5843 0.3316
0.6347 0.5334 0.4003 0.5570 0.5135 0.3742 0.4601 0.3887 0.5843 0.3316
0.6347 0.5334 0.4003 0.5570 0.5135 0.3742 0.4601 0.3888 0.5843 0.3316
0.6347 0.5334 0.4003 0.5570 0.5135 0.3743 0.4602 0.3888 0.5843 0.3317
0.6347 0.5333 0.4003 0.5570 0.5134 0.3744 0.4602 0.3889 0.5842 0.3318
0.6348 0.5331 0.4004 0.5569 0.5134 0.3745 0.4602 0.3891 0.5842 0.3319
0.6348 0.5329 0.4004 0.5568 0.5134 0.3747 0.4602 0.3892 0.5841 0.3321
0.6348 0.5328 0.4004 0.5568 0.5133 0.3748 0.4602 0.3894 0.5841 0.3322
0.6348 0.5326 0.4005 0.5567 0.5132 0.3750 0.4603 0.3896 0.5840 0.3324
0.6349 0.5322 0.4006 0.5565 0.5131 0.3753 0.4603 0.3900 0.5839 0.3328
0.6349 0.5317 0.4007 0.5563 0.5130 0.3757 0.4603 0.3904 0.5837 0.3331
0.6350 0.5313 0.4008 0.5561 0.5129 0.3761 0.4603 0.3908 0.5836 0.3335
0.6351 0.5308 0.4008 0.5560 0.5127 0.3765 0.4604 0.3913 0.5834 0.3340
0.6352 0.5301 0.4010 0.5557 0.5124 0.3772 0.4605 0.3920 0.5832 0.3347
0.6353 0.5293 0.4011 0.5553 0.5122 0.3778 0.4605 0.3928 0.5830 0.3354
0.6354 0.5285 0.4013 0.5550 0.5120 0.3786 0.4606 0.3936 0.5828 0.3361
0.6355 0.5277 0.4014 0.5547 0.5116 0.3793 0.4607 0.3944 0.5826 0.3369
0.6357 0.5270 0.4015 0.5545 0.5113 0.3799 0.4608 0.3951 0.5825 0.3377
0.6358 0.5261 0.4017 0.5541 0.5110 0.3807 0.4609 0.3960 0.5822 0.3386
0.6359 0.5252 0.4018 0.5537 0.5107 0.3816 0.4610 0.3970 0.5819 0.3395
0.6361 0.5243 0.4020 0.5534 0.5103 0.3823 0.4610 0.3978 0.5818 0.3404
0.6362 0.5236 0.4021 0.5531 0.5100 0.3830 0.4611 0.3986 0.5816 0.3411
0.6363 0.5229 0.4022 0.5529 0.5097 0.3837 0.4613 0.3993 0.5814 0.3419
0.6364 0.5221 0.4023 0.5526 0.5094 0.3844 0.4613 0.4002 0.5812 0.3427
0.6366 0.5211 0.4025 0.5521 0.5091 0.3853 0.4614 0.4011 0.5809 0.3436
0.6367 0.5200 0.4027 0.5516 0.5088 0.3863 0.4615 0.4022 0.5805 0.3447
0.6369 0.5189 0.4029 0.5512 0.5084 0.3872 0.4616 0.4033 0.5803 0.3457
0.6370 0.5180 0.4031 0.5508 0.5080 0.3881 0.4617 0.4043 0.5800 0.3467
0.6372 0.5170 0.4032 0.5505 0.5076 0.3890 0.4619 0.4053 0.5797 0.3477
0.6373 0.5160 0.4034 0.5501 0.5072 0.3900 0.4621 0.4064 0.5795 0.3487
0.6375 0.5148 0.4036 0.5496 0.5068 0.3910 0.4622 0.4075 0.5791 0.3499
0.6376 0.5136 0.4039 0.5490 0.5065 0.3921 0.4623 0.4087 0.5787 0.3510
0.6378 0.5124 0.4041 0.5485 0.5060 0.3932 0.4625 0.4100 0.5783 0.3522
0.6380 0.5111 0.4043 0.5481 0.5056 0.3944 0.4627 0.4113 0.5780 0.3534
0.6382 0.5099 0.4046 0.5475 0.5051 0.3955 0.4628 0.4125 0.5776 0.3547
0.6384 0.5087 0.4048 0.5470 0.5047 0.3966 0.4630 0.4138 0.5772 0.3559
0.6386 0.5076 0.4050 0.5466 0.5043 0.3977 0.4632 0.4149 0.5769 0.3570
0.6387 0.5066 0.4051 0.5463 0.5039 0.3986 0.4633 0.4159 0.5767 0.3580
0.6389 0.5057 0.4053 0.5459 0.5035 0.3995 0.4635 0.4169 0.5764 0.3590
0.6390 0.5049 0.4054 0.5456 0.5031 0.4002 0.4636 0.4178 0.5762 0.3598
0.6391 0.5043 0.4055 0.5454 0.5029 0.4008 0.4636 0.4184 0.5761 0.3605
0.6392 0.5039 0.4055 0.5453 0.5027 0.4012 0.4637 0.4188 0.5760 0.3609
0.6393 0.5038 0.4055 0.5453 0.5024 0.4014 0.4639 0.4190 0.5760 0.3612
0.6394 0.5038 0.4054 0.5454 0.5023 0.4015 0.4639 0.4191 0.5761 0.3613
0.6394 0.5038 0.4054 0.5454 0.5023 0.4015 0.4639 0.4191 0.5761 0.3614
0.6394 0.5036 0.4055 0.5453 0.5023 0.4017 0.4640 0.4193 0.5760 0.3615
0.6394 0.5032 0.4056 0.5451 0.5022 0.4020 0.4640 0.4197 0.5758 0.3618
0.6394 0.5028 0.4057 0.5449 0.5022 0.4022 0.4639 0.4200 0.5757 0.3621
0.6395 0.5027 0.4057 0.5449 0.5021 0.4024 0.4639 0.4201 0.5757 0.3622
0.6395 0.5029 0.4056 0.5450 0.5020 0.4023 0.4640 0.4200 0.5758 0.3622
0.6395 0.5032 0.4055 0.5452 0.5020 0.4021 0.4641 0.4198 0.5760 0.3620
0.6395 0.5034 0.4055 0.5453 0.5020 0.4020 0.4641 0.4197 0.5760 0.3619
0.6395 0.5035 0.4054 0.5454 0.5021 0.4018 0.4640 0.4195 0.5761 0.3618
0.6394 0.5036 0.4054 0.5453 0.5022 0.4017 0.4639 0.4193 0.5761 0.3616
0.6394 0.5038 0.4054 0.5454 0.5022 0.4016 0.4639 0.4192 0.5761 0.3614
0.6394 0.5038 0.4054 0.5454 0.5022 0.4016 0.4640 0.4192 0.5761 0.3614
0.6394 0.5039 0.4054 0.5455 0.5022 0.4014 0.4639 0.4191 0.5762 0.3613
0.6393 0.5042 0.4053 0.5456 0.5024 0.4011 0.4637 0.4187 0.5763 0.3610
0.6393 0.5048 0.4051 0.5459 0.5024 0.4006 0.4638 0.4181 0.5765 0.3605
0.6392 0.5057 0.4049 0.5464 0.5025 0.4000 0.4638 0.4174 0.5769 0.3599
0.6391 0.5063 0.4048 0.5466 0.5028 0.3994 0.4637 0.4168 0.5771 0.3593
0.6390 0.5069 0.4047 0.5468 0.5030 0.3988 0.4635 0.4161 0.5773 0.3587
0.6389 0.5075 0.4045 0.5471 0.5033 0.3981 0.4634 0.4154 0.5775 0.3580
0.6388 0.5083 0.4044 0.5474 0.5035 0.3975 0.4633 0.4147 0.5777 0.3573
0.6387 0.5089 0.4043 0.5476 0.5037 0.3970 0.4633 0.4141 0.5779 0.3567
0.6387 0.5093 0.4042 0.5478 0.5039 0.3966 0.4632 0.4136 0.5780 0.3563
0.6385 0.5098 0.4041 0.5480 0.5041 0.3960 0.4630 0.4131 0.5782 0.3557
0.6384 0.5107 0.4039 0.5483 0.5044 0.3952 0.4629 0.4122 0.5785 0.3549
0.6383 0.5116 0.4037 0.5488 0.5046 0.3945 0.4629 0.4114 0.5788 0.3541
0.6383 0.5122 0.4036 0.5491 0.5047 0.3940 0.4629 0.4108 0.5790 0.3536
0.6381 0.5124 0.4036 0.5491 0.5050 0.3936 0.4627 0.4104 0.5790 0.3532
0.6380 0.5125 0.4037 0.5490 0.5053 0.3934 0.4626 0.4102 0.5789 0.3528
0.6380 0.5129 0.4036 0.5491 0.5054 0.3931 0.4626 0.4098 0.5790 0.3525
0.6380 0.5133 0.4035 0.5494 0.5055 0.3927 0.4625 0.4094 0.5792 0.3522
0.6379 0.5138 0.4034 0.5496 0.5056 0.3923 0.4625 0.4090 0.5794 0.3517
0.6379 0.5143 0.4033 0.5498 0.5057 0.3918 0.4624 0.4084 0.5796 0.3513
0.6378 0.5149 0.4032 0.5501 0.5059 0.3913 0.4623 0.4078 0.5798 0.3507
0.6377 0.5154 0.4031 0.5503 0.5061 0.3908 0.4623 0.4073 0.5799 0.3502
0.6376 0.5157 0.4030 0.5504 0.5063 0.3906 0.4623 0.4070 0.5799 0.3499
0.6376 0.5157 0.4031 0.5503 0.5064 0.3905 0.4622 0.4070 0.5799 0.3497
0.6375 0.5157 0.4031 0.5502 0.5065 0.3904 0.4621 0.4069 0.5798 0.3496
0.6375 0.5161 0.4031 0.5504 0.5066 0.3901 0.4620 0.4065 0.5800 0.3493
0.6375 0.5169 0.4028 0.5509 0.5067 0.3894 0.4620 0.4058 0.5804 0.3487
0.6374 0.5178 0.4026 0.5513 0.5068 0.3887 0.4620 0.4050 0.5806 0.3480
0.6373 0.5187 0.4024 0.5518 0.5071 0.3879 0.4619 0.4041 0.5810 0.3472
0.6371 0.5194 0.4022 0.5520 0.5074 0.3872 0.4617 0.4033 0.5812 0.3464
0.6370 0.5199 0.4022 0.5521 0.5077 0.3867 0.4617 0.4027 0.5812 0.3458
0.6370 0.5203 0.4022 0.5523 0.5079 0.3863 0.4616 0.4023 0.5813 0.3453
0.6369 0.5203 0.4023 0.5522 0.5081 0.3862 0.4616 0.4022 0.5811 0.3451
0.6369 0.5204 0.4023 0.5521 0.5082 0.3862 0.4616 0.4022 0.5811 0.3450
0.6368 0.5203 0.4023 0.5521 0.5083 0.3861 0.4615 0.4021 0.5811 0.3450
0.6368 0.5204 0.4023 0.5521 0.5083 0.3861 0.4615 0.4021 0.5811 0.3449
0.6368 0.5206 0.4023 0.5523 0.5083 0.3859 0.4615 0.4019 0.5812 0.3448
0.6368 0.5206 0.4023 0.5522 0.5083 0.3859 0.4615 0.4019 0.5812 0.3447
0.6368 0.5205 0.4023 0.5522 0.5083 0.3860 0.4616 0.4020 0.5811 0.3448
0.6368 0.5202 0.4024 0.5520 0.5083 0.3863 0.4616 0.4023 0.5810 0.3450
0.6368 0.5198 0.4025 0.5518 0.5083 0.3865 0.4615 0.4026 0.5808 0.3453
0.6369 0.5196 0.4026 0.5517 0.5082 0.3867 0.4616 0.4028 0.5808 0.3455
0.6369 0.5195 0.4026 0.5517 0.5081 0.3869 0.4617 0.4030 0.5808 0.3457
0.6370 0.5194 0.4025 0.5517 0.5080 0.3870 0.4617 0.4031 0.5808 0.3458
0.6370 0.5194 0.4025 0.5517 0.5079 0.3870 0.4616 0.4031 0.5809 0.3459
0.6370 0.5196 0.4025 0.5518 0.5080 0.3869 0.4616 0.4029 0.5809 0.3458
0.6370 0.5200 0.4023 0.5520 0.5080 0.3866 0.4616 0.4026 0.5811 0.3455
0.6369 0.5203 0.4022 0.5522 0.5081 0.3862 0.4616 0.4022 0.5812 0.3452
0.6369 0.5207 0.4022 0.5524 0.5082 0.3859 0.4616 0.4019 0.5813 0.3448
0.6368 0.5211 0.4021 0.5525 0.5083 0.3856 0.4615 0.4015 0.5815 0.3445
0.6367 0.5215 0.4020 0.5527 0.5085 0.3851 0.4614 0.4010 0.5816 0.3440
0.6367 0.5221 0.4019 0.5530 0.5086 0.3846 0.4614 0.4005 0.5818 0.3435
0.6366 0.5227 0.4018 0.5532 0.5088 0.3842 0.4613 0.3999 0.5819 0.3430
0.6365 0.5231 0.4017 0.5534 0.5090 0.3837 0.4613 0.3995 0.5820 0.3425
0.6364 0.5235 0.4016 0.5535 0.5092 0.3833 0.4611 0.3990 0.5822 0.3420
0.6363 0.5241 0.4015 0.5537 0.5094 0.3828 0.4611 0.3984 0.5823 0.3415
0.6363 0.5247 0.4014 0.5540 0.5096 0.3823 0.4611 0.3979 0.5825 0.3409
0.6362 0.5251 0.4014 0.5542 0.5098 0.3819 0.4610 0.3974 0.5826 0.3405
0.6361 0.5254 0.4014 0.5542 0.5100 0.3816 0.4610 0.3971 0.5826 0.3401
0.6361 0.5257 0.4013 0.5543 0.5101 0.3813 0.4609 0.3967 0.5827 0.3398
0.6360 0.5261 0.4013 0.5544 0.5103 0.3810 0.4609 0.3964 0.5827 0.3394
0.6360 0.5265 0.4012 0.5547 0.5104 0.3806 0.4608 0.3959 0.5829 0.3390
0.6359 0.5270 0.4011 0.5549 0.5105 0.3801 0.4608 0.3955 0.5830 0.3385
0.6358 0.5276 0.4010 0.5551 0.5107 0.3796 0.4607 0.3949 0.5832 0.3380
0.6357 0.5281 0.4009 0.5553 0.5109 0.3792 0.4607 0.3944 0.5833 0.3375
0.6356 0.5285 0.4008 0.5554 0.5111 0.3788 0.4607 0.3940 0.5834 0.3371
0.6356 0.5288 0.4008 0.5555 0.5113 0.3785 0.4606 0.3936 0.5835 0.3367
0.6355 0.5291 0.4008 0.5556 0.5115 0.3782 0.4605 0.3933 0.5835 0.3364
0.6354 0.5295 0.4007 0.5558 0.5116 0.3778 0.4605 0.3929 0.5836 0.3359
0.6354 0.5302 0.4006 0.5561 0.5118 0.3772 0.4604 0.3922 0.5839 0.3354
0.6353 0.5309 0.4004 0.5564 0.5120 0.3766 0.4604 0.3915 0.5841 0.3347
0.6352 0.5316 0.4003 0.5566 0.5122 0.3761 0.4604 0.3909 0.5842 0.3341
0.6351 0.5320 0.4002 0.5567 0.5124 0.3757 0.4603 0.3904 0.5843 0.3336
0.6350 0.5323 0.4003 0.5568 0.5127 0.3753 0.4602 0.3901 0.5843 0.3332
0.6349 0.5326 0.4003 0.5568 0.5129 0.3751 0.4602 0.3897 0.5843 0.3328
0.6349 0.5328 0.4002 0.5569 0.5130 0.3749 0.4602 0.3895 0.5843 0.3325
0.6348 0.5329 0.4002 0.5569 0.5131 0.3747 0.4602 0.3893 0.5843 0.3323
0.6348 0.5330 0.4003 0.5569 0.5132 0.3747 0.4602 0.3893 0.5842 0.3322
0.6348 0.5330 0.4003 0.5569 0.5132 0.3746 0.4602 0.3892 0.5842 0.3322
0.6348 0.5328 0.4004 0.5568 0.5132 0.3748 0.4602 0.3894 0.5841 0.3322
0.6348 0.5326 0.4005 0.5567 0.5132 0.3750 0.4603 0.3896 0.5840 0.3324
0.6349 0.5321 0.4006 0.5565 0.5131 0.3754 0.4603 0.3900 0.5838 0.3328
0.6349 0.5317 0.4007 0.5563 0.5130 0.3757 0.4603 0.3904 0.5837 0.3332
0.6350 0.5312 0.4008 0.5561 0.5128 0.3762 0.4604 0.3910 0.5835 0.3336
0.6351 0.5306 0.4009 0.5558 0.5126 0.3768 0.4604 0.3916 0.5834 0.3342
0.6352 0.5298 0.4010 0.5555 0.5124 0.3774 0.4605 0.3923 0.5832 0.3349
0.6353 0.5291 0.4012 0.5553 0.5122 0.3780 0.4605 0.3930 0.5830 0.3355
0.6354 0.5284 0.4013 0.5550 0.5119 0.3786 0.4606 0.3937 0.5828 0.3363
0.6356 0.5276 0.4014 0.5547 0.5116 0.3794 0.4607 0.3945 0.5826 0.3371
0.6357 0.5267 0.4016 0.5543 0.5112 0.3802 0.4608 0.3954 0.5823 0.3380
0.6359 0.5255 0.4018 0.5538 0.5109 0.3812 0.4609 0.3966 0.5819 0.3390
0.6360 0.5243 0.4021 0.5533 0.5105 0.3823 0.4610 0.3978 0.5816 0.3402
0.6362 0.5230 0.4023 0.5528 0.5101 0.3834 0.4611 0.3991 0.5812 0.3414
0.6364 0.5218 0.4025 0.5523 0.5096 0.3845 0.4613 0.4003 0.5809 0.3427
0.6366 0.5207 0.4027 0.5519 0.5091 0.3856 0.4614 0.4015 0.5807 0.3438
0.6367 0.5199 0.4027 0.5516 0.5087 0.3863 0.4615 0.4023 0.5806 0.3448
0.6369 0.5190 0.4029 0.5512 0.5083 0.3872 0.4617 0.4033 0.5803 0.3457
0.6371 0.5177 0.4031 0.5507 0.5078 0.3885 0.4620 0.4047 0.5798 0.3470
0.6373 0.5161 0.4035 0.5501 0.5074 0.3897 0.4619 0.4061 0.5795 0.3484
0.6374 0.5145 0.4038 0.5493 0.5071 0.3910 0.4620 0.4076 0.5789 0.3498
0.6376 0.5134 0.4040 0.5489 0.5065 0.3922 0.4623 0.4089 0.5786 0.3510
0.6378 0.5126 0.4040 0.5487 0.5060 0.3931 0.4624 0.4098 0.5786 0.3521
0.6379 0.5120 0.4041 0.5485 0.5056 0.3937 0.4625 0.4105 0.5784 0.3529
0.6381 0.5115 0.4041 0.5483 0.5053 0.3943 0.4628 0.4111 0.5783 0.3535
0.6382 0.5109 0.4042 0.5481 0.5050 0.3948 0.4628 0.4117 0.5782 0.3541
0.6383 0.5100 0.4044 0.5477 0.5049 0.3955 0.4629 0.4125 0.5778 0.3549
0.6384 0.5086 0.4048 0.5470 0.5046 0.3968 0.4632 0.4139 0.5772 0.3560
0.6387 0.5065 0.4053 0.5461 0.5041 0.3986 0.4634 0.4159 0.5764 0.3578
0.6389 0.5040 0.4059 0.5450 0.5036 0.4006 0.4634 0.4183 0.5756 0.3599
0.6392 0.5019 0.4063 0.5441 0.5030 0.4024 0.4636 0.4204 0.5749 0.3619
0.6395 0.5001 0.4066 0.5435 0.5022 0.4042 0.4640 0.4223 0.5743 0.3638
0.6399 0.4986 0.4069 0.5430 0.5014 0.4059 0.4645 0.4241 0.5739 0.3656
0.6402 0.4970 0.4071 0.5425 0.5008 0.4073 0.4647 0.4258 0.5735 0.3672
0.6405 0.4952 0.4075 0.5417 0.5003 0.4089 0.4649 0.4276 0.5728 0.3688
0.6408 0.4934 0.4079 0.5411 0.4997 0.4105 0.4652 0.4294 0.5722 0.3704
0.6411 0.4919 0.4082 0.5407 0.4992 0.4118 0.4653 0.4310 0.5718 0.3720
0.6413 0.4908 0.4084 0.5404 0.4987 0.4129 0.4655 0.4322 0.5715 0.3731
0.6416 0.4901 0.4085 0.5402 0.4982 0.4137 0.4658 0.4330 0.5713 0.3740
0.6417 0.4899 0.4084 0.5403 0.4978 0.4141 0.4660 0.4335 0.5714 0.3745
0.6418 0.4898 0.4084 0.5403 0.4977 0.4143 0.4660 0.4336 0.5714 0.3747
0.6418 0.4899 0.4083 0.5404 0.4976 0.4143 0.4661 0.4335 0.5715 0.3747
0.6418 0.4904 0.4082 0.5406 0.4976 0.4139 0.4660 0.4331 0.5717 0.3744
0.6417 0.4910 0.4080 0.5409 0.4977 0.4134 0.4660 0.4325 0.5720 0.3739
0.6416 0.4919 0.4078 0.5412 0.4978 0.4128 0.4660 0.4317 0.5723 0.3732
0.6415 0.4929 0.4075 0.5416 0.4981 0.4119 0.4658 0.4307 0.5727 0.3723
0.6413 0.4940 0.4072 0.5420 0.4984 0.4108 0.4656 0.4295 0.5731 0.3713
0.6411 0.4953 0.4070 0.5425 0.4987 0.4097 0.4655 0.4282 0.5736 0.3701
0.6409 0.4965 0.4067 0.5430 0.4991 0.4086 0.4653 0.4270 0.5740 0.3690
0.6407 0.4975 0.4065 0.5433 0.4995 0.4077 0.4652 0.4260 0.5743 0.3680
0.6405 0.4981 0.4064 0.5435 0.4999 0.4070 0.4650 0.4252 0.5744 0.3672
0.6403 0.4988 0.4063 0.5437 0.5002 0.4063 0.4648 0.4245 0.5747 0.3666
0.6402 0.4996 0.4061 0.5440 0.5005 0.4055 0.4646 0.4236 0.5750 0.3657
0.6400 0.5008 0.4059 0.5445 0.5008 0.4046 0.4645 0.4225 0.5754 0.3647
0.6399 0.5017 0.4056 0.5449 0.5010 0.4038 0.4646 0.4216 0.5756 0.3639
0.6398 0.5022 0.4056 0.5450 0.5013 0.4033 0.4644 0.4211 0.5758 0.3633
0.6397 0.5023 0.4056 0.5450 0.5016 0.4029 0.4641 0.4207 0.5758 0.3630
0.6396 0.5022 0.4058 0.5447 0.5018 0.4029 0.4641 0.4208 0.5756 0.3629
0.6396 0.5020 0.4058 0.5446 0.5017 0.4032 0.4642 0.4210 0.5754 0.3630
0.6397 0.5016 0.4059 0.5445 0.5017 0.4034 0.4642 0.4213 0.5754 0.3633
0.6397 0.5013 0.4060 0.5444 0.5017 0.4036 0.4642 0.4215 0.5752 0.3635
0.6397 0.5013 0.4060 0.5443 0.5016 0.4038 0.4643 0.4217 0.5752 0.3637
0.6398 0.5013 0.4059 0.5444 0.5014 0.4038 0.4643 0.4217 0.5753 0.3638
0.6398 0.5013 0.4059 0.5444 0.5014 0.4038 0.4643 0.4217 0.5753 0.3638
0.6398 0.5014 0.4059 0.5445 0.5014 0.4037 0.4643 0.4216 0.5754 0.3637
0.6397 0.5019 0.4057 0.5448 0.5015 0.4033 0.4642 0.4211 0.5757 0.3633
0.6396 0.5029 0.4054 0.5452 0.5017 0.4024 0.4641 0.4201 0.5761 0.3625
0.6395 0.5043 0.4051 0.5459 0.5019 0.4014 0.4640 0.4189 0.5766 0.3614
0.6394 0.5056 0.4048 0.5465 0.5021 0.4003 0.4639 0.4177 0.5770 0.3603
0.6392 0.5068 0.4045 0.5470 0.5026 0.3990 0.4636 0.4164 0.5775 0.3591
0.6389 0.5081 0.4043 0.5475 0.5031 0.3977 0.4633 0.4150 0.5779 0.3578
0.6387 0.5096 0.4040 0.5482 0.5036 0.3964 0.4632 0.4135 0.5784 0.3563
0.6386 0.5111 0.4036 0.5488 0.5040 0.3951 0.4630 0.4120 0.5789 0.3549
0.6384 0.5123 0.4034 0.5493 0.5045 0.3939 0.4628 0.4107 0.5792 0.3537
0.6381 0.5134 0.4033 0.5497 0.5050 0.3928 0.4626 0.4096 0.5795 0.3526
0.6379 0.5145 0.4031 0.5501 0.5055 0.3918 0.4624 0.4084 0.5798 0.3514
0.6378 0.5157 0.4029 0.5506 0.5059 0.3907 0.4622 0.4072 0.5802 0.3502
0.6376 0.5168 0.4027 0.5510 0.5063 0.3897 0.4622 0.4061 0.5805 0.3492
0.6375 0.5175 0.4026 0.5513 0.5066 0.3890 0.4621 0.4054 0.5806 0.3484
0.6374 0.5177 0.4026 0.5512 0.5070 0.3887 0.4619 0.4050 0.5806 0.3479
0.6373 0.5178 0.4027 0.5512 0.5072 0.3885 0.4619 0.4048 0.5805 0.3476
0.6372 0.5181 0.4027 0.5512 0.5073 0.3883 0.4618 0.4045 0.5805 0.3473
0.6372 0.5184 0.4026 0.5514 0.5074 0.3880 0.4618 0.4042 0.5806 0.3471
0.6371 0.5188 0.4025 0.5516 0.5075 0.3876 0.4618 0.4038 0.5808 0.3467
0.6371 0.5194 0.4024 0.5519 0.5076 0.3871 0.4617 0.4032 0.5810 0.3462
0.6370 0.5201 0.4022 0.5522 0.5078 0.3865 0.4616 0.4025 0.5813 0.3456
0.6369 0.5211 0.4020 0.5527 0.5081 0.3856 0.4615 0.4016 0.5817 0.3447
0.6368 0.5220 0.4018 0.5531 0.5084 0.3848 0.4614 0.4007 0.5819 0.3438
0.6367 0.5227 0.4017 0.5533 0.5086 0.3842 0.4614 0.4000 0.5820 0.3431
0.6365 0.5232 0.4016 0.5535 0.5089 0.3836 0.4612 0.3994 0.5822 0.3425
0.6364 0.5237 0.4016 0.5536 0.5093 0.3831 0.4611 0.3989 0.5822 0.3419
0.6363 0.5244 0.4015 0.5539 0.5095 0.3825 0.4610 0.3981 0.5825 0.3412
0.6362 0.5255 0.4012 0.5544 0.5097 0.3816 0.4609 0.3971 0.5829 0.3403
0.6361 0.5266 0.4010 0.5549 0.5100 0.3806 0.4609 0.3960 0.5832 0.3393
0.6359 0.5276 0.4008 0.5553 0.5104 0.3798 0.4608 0.3951 0.5834 0.3384
0.6358 0.5282 0.4007 0.5555 0.5107 0.3791 0.4607 0.3944 0.5835 0.3376
0.6356 0.5287 0.4007 0.5555 0.5111 0.3786 0.4606 0.3938 0.5835 0.3370
0.6355 0.5290 0.4008 0.5556 0.5114 0.3783 0.4606 0.3934 0.5835 0.3365
0.6355 0.5293 0.4008 0.5557 0.5115 0.3781 0.4606 0.3931 0.5835 0.3362
0.6354 0.5294 0.4008 0.5557 0.5117 0.3779 0.4605 0.3929 0.5835 0.3359
0.6354 0.5296 0.4007 0.5558 0.5118 0.3777 0.4605 0.3927 0.5836 0.3357
0.6353 0.5300 0.4007 0.5559 0.5119 0.3774 0.4604 0.3924 0.5837 0.3354
0.6353 0.5304 0.4006 0.5561 0.5120 0.3770 0.4604 0.3920 0.5838 0.3350
0.6353 0.5307 0.4005 0.5562 0.5121 0.3767 0.4604 0.3916 0.5839 0.3347
0.6352 0.5310 0.4005 0.5563 0.5122 0.3765 0.4604 0.3914 0.5839 0.3344
0.6352 0.5310 0.4005 0.5563 0.5123 0.3764 0.4604 0.3913 0.5838 0.3343
0.6351 0.5310 0.4006 0.5562 0.5124 0.3765 0.4604 0.3913 0.5838 0.3342
0.6351 0.5310 0.4006 0.5562 0.5124 0.3765 0.4603 0.3913 0.5838 0.3342
0.6351 0.5310 0.4006 0.5562 0.5125 0.3764 0.4603 0.3913 0.5838 0.3342
0.6351 0.5310 0.4006 0.5562 0.5124 0.3764 0.4604 0.3912 0.5837 0.3341
0.6351 0.5310 0.4006 0.5562 0.5124 0.3764 0.4604 0.3913 0.5838 0.3342
0.6351 0.5311 0.4006 0.5562 0.5125 0.3763 0.4603 0.3912 0.5838 0.3341
0.6351 0.5312 0.4006 0.5563 0.5125 0.3763 0.4604 0.3911 0.5838 0.3340
0.6351 0.5312 0.4006 0.5563 0.5125 0.3763 0.4604 0.3911 0.5838 0.3340
0.6351 0.5309 0.4007 0.5561 0.5124 0.3765 0.4604 0.3914 0.5837 0.3342
0.6351 0.5306 0.4008 0.5560 0.5125 0.3767 0.4603 0.3916 0.5836 0.3344
0.6352 0.5306 0.4008 0.5559 0.5124 0.3768 0.4604 0.3916 0.5836 0.3345
0.6352 0.5306 0.4007 0.5560 0.5123 0.3768 0.4604 0.3917 0.5836 0.3345
0.6352 0.5306 0.4007 0.5561 0.5123 0.3768 0.4604 0.3916 0.5837 0.3346
0.6352 0.5306 0.4007 0.5560 0.5123 0.3768 0.4604 0.3916 0.5837 0.3346
0.6352 0.5306 0.4007 0.5561 0.5123 0.3768 0.4604 0.3916 0.5837 0.3345
0.6352 0.5308 0.4006 0.5562 0.5123 0.3766 0.4603 0.3914 0.5838 0.3344
0.6351 0.5310 0.4006 0.5562 0.5124 0.3764 0.4603 0.3912 0.5839 0.3342
0.6351 0.5313 0.4005 0.5564 0.5124 0.3762 0.4604 0.3910 0.5839 0.3340
0.6351 0.5315 0.4004 0.5565 0.5125 0.3760 0.4603 0.3908 0.5840 0.3338
0.6350 0.5318 0.4004 0.5565 0.5126 0.3758 0.4602 0.3905 0.5841 0.3336
0.6350 0.5321 0.4003 0.5567 0.5127 0.3755 0.4603 0.3902 0.5841 0.3332
0.6350 0.5324 0.4003 0.5568 0.5128 0.3752 0.4603 0.3899 0.5842 0.3330
0.6349 0.5326 0.4003 0.5569 0.5129 0.3750 0.4602 0.3897 0.5843 0.3327
0.6349 0.5328 0.4003 0.5569 0.5130 0.3748 0.4602 0.3895 0.5843 0.3325
0.6348 0.5330 0.4002 0.5570 0.5131 0.3747 0.4602 0.3893 0.5843 0.3323
0.6348 0.5332 0.4002 0.5570 0.5132 0.3745 0.4601 0.3891 0.5844 0.3321
0.6348 0.5334 0.4002 0.5571 0.5133 0.3743 0.4601 0.3889 0.5844 0.3319
0.6347 0.5335 0.4002 0.5571 0.5134 0.3742 0.4601 0.3887 0.5844 0.3317
0.6347 0.5336 0.4002 0.5572 0.5134 0.3741 0.4601 0.3886 0.5844 0.3316
0.6347 0.5337 0.4002 0.5572 0.5135 0.3740 0.4601 0.3885 0.5844 0.3314
0.6347 0.5338 0.4002 0.5572 0.5136 0.3739 0.4601 0.3884 0.5844 0.3313
0.6347 0.5339 0.4002 0.5572 0.5136 0.3739 0.4601 0.3883 0.5844 0.3313
0.6346 0.5339 0.4002 0.5572 0.5136 0.3738 0.4601 0.3883 0.5844 0.3312
0.6346 0.5339 0.4002 0.5572 0.5136 0.3739 0.4601 0.3883 0.5844 0.3312
0.6347 0.5338 0.4002 0.5572 0.5136 0.3739 0.4601 0.3884 0.5843 0.3313
0.6347 0.5336 0.4003 0.5571 0.5136 0.3741 0.4601 0.3886 0.5843 0.3314
0.6347 0.5334 0.4003 0.5570 0.5136 0.3742 0.4601 0.3887 0.5842 0.3315
0.6347 0.5332 0.4004 0.5569 0.5135 0.3744 0.4602 0.3889 0.5841 0.3317
0.6348 0.5330 0.4004 0.5568 0.5134 0.3746 0.4602 0.3891 0.5841 0.3319
0.6348 0.5327 0.4005 0.5567 0.5133 0.3748 0.4602 0.3894 0.5840 0.3322
0.6349 0.5323 0.4006 0.5565 0.5132 0.3752 0.4603 0.3899 0.5838 0.3326
0.6349 0.5317 0.4007 0.5563 0.5130 0.3757 0.4603 0.3904 0.5837 0.3331
0.6350 0.5312 0.4008 0.5561 0.5129 0.3762 0.4603 0.3909 0.5835 0.3336
0.6351 0.5307 0.4009 0.5559 0.5127 0.3766 0.4604 0.3914 0.5834 0.3341
0.6352 0.5302 0.4010 0.5557 0.5124 0.3771 0.4605 0.3920 0.5833 0.3346
0.6353 0.5296 0.4010 0.5555 0.5122 0.3776 0.4605 0.3925 0.5832 0.3352
0.6354 0.5289 0.4012 0.5552 0.5120 0.3782 0.4606 0.3932 0.5830 0.3358
0.6355 0.5280 0.4014 0.5548 0.5117 0.3790 0.4608 0.3941 0.5826 0.3366
0.6357 0.5270 0.4016 0.5544 0.5114 0.3799 0.4608 0.3952 0.5824 0.3376
0.6358 0.5259 0.4018 0.5540 0.5111 0.3808 0.4608 0.3961 0.5821 0.3386
0.6359 0.5251 0.4019 0.5537 0.5107 0.3815 0.4609 0.3970 0.5819 0.3394
0.6361 0.5246 0.4019 0.5536 0.5103 0.3821 0.4610 0.3976 0.5819 0.3402
0.6362 0.5241 0.4019 0.5534 0.5100 0.3826 0.4611 0.3982 0.5818 0.3408
0.6363 0.5235 0.4020 0.5532 0.5098 0.3832 0.4612 0.3988 0.5816 0.3414
0.6364 0.5227 0.4022 0.5528 0.5096 0.3839 0.4613 0.3996 0.5814 0.3422
0.6365 0.5219 0.4023 0.5525 0.5093 0.3845 0.4613 0.4003 0.5812 0.3429
0.6366 0.5212 0.4025 0.5522 0.5091 0.3852 0.4614 0.4011 0.5810 0.3436
0.6367 0.5203 0.4026 0.5518 0.5087 0.3860 0.4616 0.4020 0.5807 0.3445
0.6368 0.5194 0.4028 0.5515 0.5084 0.3868 0.4616 0.4029 0.5805 0.3453
0.6369 0.5188 0.4028 0.5513 0.5082 0.3873 0.4615 0.4034 0.5805 0.3460
0.6370 0.5185 0.4028 0.5512 0.5079 0.3877 0.4617 0.4039 0.5803 0.3464
0.6371 0.5183 0.4028 0.5512 0.5076 0.3881 0.4619 0.4042 0.5803 0.3468
0.6372 0.5178 0.4029 0.5510 0.5075 0.3884 0.4619 0.4047 0.5803 0.3473
0.6372 0.5173 0.4030 0.5507 0.5074 0.3888 0.4619 0.4052 0.5801 0.3478
0.6373 0.5168 0.4031 0.5505 0.5073 0.3893 0.4619 0.4056 0.5799 0.3482
0.6374 0.5165 0.4032 0.5504 0.5071 0.3896 0.4620 0.4060 0.5798 0.3486
0.6374 0.5159 0.4033 0.5502 0.5069 0.3902 0.4621 0.4066 0.5796 0.3491
0.6375 0.5152 0.4034 0.5498 0.5067 0.3908 0.4622 0.4073 0.5794 0.3498
0.6376 0.5146 0.4035 0.5496 0.5065 0.3912 0.4621 0.4078 0.5793 0.3503
0.6376 0.5145 0.4035 0.5496 0.5064 0.3913 0.4621 0.4079 0.5794 0.3505
0.6377 0.5150 0.4033 0.5499 0.5062 0.3911 0.4623 0.4076 0.5796 0.3503
0.6377 0.5155 0.4031 0.5503 0.5062 0.3908 0.4623 0.4073 0.5798 0.3501
0.6376 0.5157 0.4030 0.5504 0.5063 0.3905 0.4622 0.4070 0.5799 0.3498
0.6376 0.5157 0.4031 0.5503 0.5064 0.3905 0.4622 0.4070 0.5798 0.3497
0.6376 0.5154 0.4032 0.5501 0.5065 0.3906 0.4622 0.4071 0.5797 0.3498
