0.6195 0.6137 0.4671 0.3566 0.4269 0.4325 0.5932 0.4820 0.5650 0.4719
0.6195 0.6136 0.4671 0.3566 0.4269 0.4325 0.5931 0.4819 0.5651 0.4719
0.6195 0.6136 0.4671 0.3566 0.4270 0.4325 0.5931 0.4818 0.5651 0.4719
0.6194 0.6134 0.4671 0.3566 0.4270 0.4325 0.5929 0.4818 0.5651 0.4719
0.6194 0.6133 0.4672 0.3566 0.4269 0.4325 0.5928 0.4817 0.5652 0.4719
0.6193 0.6132 0.4672 0.3567 0.4269 0.4325 0.5928 0.4817 0.5653 0.4720
0.6193 0.6132 0.4672 0.3567 0.4269 0.4325 0.5928 0.4817 0.5653 0.4720
0.6192 0.6129 0.4673 0.3567 0.4269 0.4325 0.5926 0.4816 0.5654 0.4721
0.6190 0.6123 0.4675 0.3568 0.4268 0.4325 0.5923 0.4814 0.5657 0.4724
0.6187 0.6118 0.4679 0.3571 0.4266 0.4324 0.5921 0.4813 0.5660 0.4727
0.6186 0.6117 0.4681 0.3573 0.4264 0.4324 0.5924 0.4816 0.5662 0.4730
0.6187 0.6119 0.4682 0.3575 0.4263 0.4324 0.5927 0.4818 0.5661 0.4732
0.6187 0.6116 0.4683 0.3575 0.4262 0.4324 0.5926 0.4818 0.5661 0.4734
0.6184 0.6108 0.4686 0.3577 0.4260 0.4325 0.5922 0.4815 0.5665 0.4737
0.6179 0.6100 0.4692 0.3581 0.4256 0.4324 0.5919 0.4815 0.5671 0.4743
0.6175 0.6092 0.4698 0.3587 0.4253 0.4323 0.5919 0.4817 0.5677 0.4752
0.6174 0.6089 0.4702 0.3590 0.4249 0.4323 0.5922 0.4819 0.5678 0.4757
0.6171 0.6081 0.4707 0.3595 0.4245 0.4323 0.5921 0.4820 0.5683 0.4764
0.6165 0.6068 0.4715 0.3601 0.4239 0.4322 0.5919 0.4820 0.5690 0.4773
0.6160 0.6058 0.4725 0.3610 0.4233 0.4321 0.5919 0.4822 0.5698 0.4785
0.6156 0.6053 0.4733 0.3619 0.4226 0.4320 0.5925 0.4829 0.5704 0.4796
0.6155 0.6052 0.4740 0.3627 0.4220 0.4319 0.5934 0.4838 0.5706 0.4805
0.6154 0.6050 0.4746 0.3634 0.4215 0.4318 0.5941 0.4844 0.5709 0.4814
0.6151 0.6045 0.4753 0.3641 0.4209 0.4318 0.5945 0.4849 0.5713 0.4822
0.6146 0.6036 0.4763 0.3651 0.4202 0.4317 0.5948 0.4855 0.5721 0.4835
0.6143 0.6032 0.4772 0.3661 0.4195 0.4315 0.5956 0.4863 0.5727 0.4846
0.6140 0.6030 0.4781 0.3670 0.4188 0.4314 0.5964 0.4872 0.5731 0.4857
0.6139 0.6028 0.4789 0.3679 0.4182 0.4313 0.5973 0.4881 0.5735 0.4867
0.6137 0.6030 0.4796 0.3689 0.4175 0.4312 0.5984 0.4892 0.5738 0.4877
0.6138 0.6035 0.4802 0.3698 0.4170 0.4310 0.5997 0.4904 0.5740 0.4885
0.6140 0.6043 0.4806 0.3704 0.4167 0.4309 0.6011 0.4916 0.5739 0.4891
0.6142 0.6050 0.4806 0.3707 0.4164 0.4309 0.6020 0.4924 0.5736 0.4894
0.6141 0.6047 0.4809 0.3709 0.4162 0.4310 0.6021 0.4926 0.5738 0.4898
0.6135 0.6033 0.4815 0.3713 0.4158 0.4310 0.6015 0.4923 0.5745 0.4905
0.6129 0.6020 0.4826 0.3722 0.4152 0.4309 0.6012 0.4923 0.5755 0.4915
0.6123 0.6013 0.4837 0.3735 0.4145 0.4307 0.6019 0.4933 0.5764 0.4929
0.6123 0.6021 0.4844 0.3746 0.4139 0.4304 0.6036 0.4948 0.5766 0.4939
0.6127 0.6035 0.4846 0.3752 0.4136 0.4303 0.6054 0.4964 0.5762 0.4944
0.6131 0.6045 0.4846 0.3754 0.4135 0.4303 0.6065 0.4973 0.5758 0.4946
0.6132 0.6047 0.4846 0.3755 0.4134 0.4303 0.6068 0.4976 0.5757 0.4946
0.6130 0.6043 0.4848 0.3756 0.4132 0.4304 0.6066 0.4975 0.5760 0.4948
0.6128 0.6040 0.4852 0.3761 0.4130 0.4303 0.6067 0.4977 0.5764 0.4952
0.6127 0.6042 0.4855 0.3765 0.4128 0.4302 0.6072 0.4982 0.5765 0.4957
0.6130 0.6049 0.4855 0.3767 0.4127 0.4301 0.6080 0.4989 0.5763 0.4958
0.6134 0.6059 0.4853 0.3767 0.4128 0.4301 0.6088 0.4994 0.5758 0.4955
0.6137 0.6068 0.4849 0.3765 0.4130 0.4301 0.6093 0.4998 0.5754 0.4952
0.6142 0.6078 0.4843 0.3760 0.4133 0.4302 0.6096 0.4998 0.5747 0.4945
0.6146 0.6083 0.4836 0.3753 0.4137 0.4303 0.6095 0.4995 0.5741 0.4937
0.6147 0.6081 0.4830 0.3745 0.4141 0.4304 0.6085 0.4986 0.5738 0.4930
0.6145 0.6073 0.4828 0.3740 0.4144 0.4306 0.6073 0.4975 0.5739 0.4925
0.6142 0.6065 0.4829 0.3739 0.4144 0.4306 0.6065 0.4968 0.5743 0.4924
0.6142 0.6067 0.4829 0.3739 0.4145 0.4305 0.6066 0.4968 0.5743 0.4924
0.6146 0.6076 0.4825 0.3737 0.4147 0.4304 0.6071 0.4972 0.5738 0.4920
0.6152 0.6085 0.4818 0.3731 0.4151 0.4305 0.6073 0.4971 0.5730 0.4912
0.6154 0.6088 0.4812 0.3724 0.4155 0.4307 0.6068 0.4965 0.5726 0.4905
0.6154 0.6085 0.4808 0.3719 0.4158 0.4308 0.6061 0.4958 0.5726 0.4899
0.6154 0.6084 0.4806 0.3715 0.4160 0.4308 0.6055 0.4953 0.5725 0.4895
0.6156 0.6086 0.4802 0.3711 0.4163 0.4308 0.6053 0.4950 0.5722 0.4890
0.6157 0.6086 0.4798 0.3706 0.4166 0.4309 0.6049 0.4945 0.5720 0.4886
0.6158 0.6086 0.4794 0.3701 0.4169 0.4310 0.6044 0.4939 0.5717 0.4880
0.6159 0.6088 0.4792 0.3699 0.4171 0.4311 0.6041 0.4937 0.5717 0.4876
0.6162 0.6095 0.4788 0.3696 0.4174 0.4310 0.6043 0.4937 0.5713 0.4871
0.6168 0.6107 0.4779 0.3688 0.4179 0.4311 0.6046 0.4936 0.5703 0.4861
0.6172 0.6111 0.4770 0.3678 0.4184 0.4313 0.6041 0.4930 0.5697 0.4851
0.6170 0.6103 0.4765 0.3671 0.4189 0.4315 0.6026 0.4917 0.5698 0.4845
0.6163 0.6084 0.4767 0.3667 0.4190 0.4316 0.6007 0.4903 0.5704 0.4846
0.6156 0.6068 0.4773 0.3670 0.4188 0.4315 0.5995 0.4894 0.5713 0.4849
0.6151 0.6059 0.4779 0.3676 0.4185 0.4314 0.5994 0.4895 0.5721 0.4857
0.6152 0.6065 0.4781 0.3680 0.4183 0.4312 0.6002 0.4902 0.5720 0.4860
0.6158 0.6077 0.4778 0.3680 0.4183 0.4312 0.6013 0.4909 0.5714 0.4857
0.6161 0.6085 0.4775 0.3678 0.4185 0.4313 0.6017 0.4912 0.5709 0.4854
0.6163 0.6087 0.4772 0.3675 0.4186 0.4313 0.6016 0.4911 0.5707 0.4851
0.6163 0.6086 0.4771 0.3673 0.4188 0.4314 0.6013 0.4908 0.5706 0.4849
0.6162 0.6082 0.4770 0.3671 0.4188 0.4314 0.6009 0.4904 0.5708 0.4848
0.6160 0.6078 0.4771 0.3671 0.4188 0.4314 0.6005 0.4901 0.5709 0.4848
0.6159 0.6078 0.4772 0.3672 0.4188 0.4314 0.6005 0.4902 0.5711 0.4849
0.6162 0.6085 0.4771 0.3673 0.4188 0.4313 0.6010 0.4905 0.5708 0.4847
0.6167 0.6098 0.4766 0.3670 0.4191 0.4313 0.6018 0.4911 0.5701 0.4842
0.6173 0.6109 0.4758 0.3664 0.4195 0.4314 0.6022 0.4911 0.5693 0.4834
0.6177 0.6115 0.4751 0.3656 0.4200 0.4316 0.6018 0.4906 0.5687 0.4825
0.6176 0.6110 0.4747 0.3650 0.4203 0.4318 0.6008 0.4897 0.5687 0.4819
0.6175 0.6105 0.4746 0.3647 0.4205 0.4318 0.6000 0.4890 0.5688 0.4816
0.6175 0.6108 0.4743 0.3645 0.4208 0.4317 0.5999 0.4889 0.5687 0.4813
0.6179 0.6115 0.4738 0.3641 0.4211 0.4318 0.6001 0.4889 0.5682 0.4807
0.6184 0.6122 0.4731 0.3633 0.4215 0.4319 0.6000 0.4886 0.5676 0.4798
0.6184 0.6121 0.4726 0.3627 0.4219 0.4320 0.5992 0.4879 0.5674 0.4793
0.6181 0.6113 0.4725 0.3624 0.4222 0.4321 0.5982 0.4870 0.5677 0.4790
0.6179 0.6107 0.4725 0.3623 0.4223 0.4321 0.5975 0.4865 0.5679 0.4789
0.6177 0.6105 0.4726 0.3623 0.4223 0.4320 0.5973 0.4864 0.5681 0.4789
0.6179 0.6109 0.4724 0.3622 0.4224 0.4320 0.5975 0.4865 0.5679 0.4787
0.6183 0.6117 0.4720 0.3619 0.4227 0.4320 0.5978 0.4866 0.5674 0.4782
0.6185 0.6122 0.4715 0.3615 0.4229 0.4321 0.5978 0.4865 0.5670 0.4777
0.6187 0.6124 0.4712 0.3611 0.4232 0.4322 0.5975 0.4862 0.5668 0.4773
0.6187 0.6123 0.4709 0.3607 0.4235 0.4322 0.5970 0.4858 0.5667 0.4769
0.6186 0.6120 0.4708 0.3605 0.4236 0.4323 0.5965 0.4853 0.5668 0.4767
0.6184 0.6116 0.4708 0.3604 0.4237 0.4323 0.5960 0.4849 0.5669 0.4766
0.6184 0.6114 0.4708 0.3604 0.4238 0.4322 0.5958 0.4848 0.5670 0.4766
0.6185 0.6118 0.4706 0.3603 0.4239 0.4322 0.5960 0.4848 0.5669 0.4763
0.6188 0.6124 0.4703 0.3601 0.4241 0.4322 0.5963 0.4850 0.5665 0.4760
0.6191 0.6131 0.4699 0.3597 0.4243 0.4323 0.5964 0.4850 0.5661 0.4755
0.6193 0.6134 0.4694 0.3593 0.4246 0.4324 0.5963 0.4848 0.5657 0.4750
0.6193 0.6133 0.4692 0.3590 0.4248 0.4324 0.5958 0.4844 0.5657 0.4747
0.6191 0.6128 0.4692 0.3588 0.4250 0.4324 0.5952 0.4839 0.5659 0.4746
0.6189 0.6122 0.4692 0.3587 0.4251 0.4324 0.5946 0.4835 0.5661 0.4746
0.6187 0.6119 0.4693 0.3587 0.4251 0.4324 0.5943 0.4832 0.5663 0.4746
0.6186 0.6117 0.4695 0.3589 0.4250 0.4323 0.5942 0.4833 0.5665 0.4748
0.6187 0.6120 0.4694 0.3589 0.4250 0.4323 0.5945 0.4835 0.5664 0.4748
0.6190 0.6127 0.4691 0.3587 0.4252 0.4324 0.5949 0.4836 0.5660 0.4744
0.6192 0.6130 0.4688 0.3585 0.4253 0.4324 0.5949 0.4836 0.5658 0.4741
0.6192 0.6131 0.4687 0.3583 0.4254 0.4324 0.5948 0.4835 0.5657 0.4739
0.6192 0.6131 0.4685 0.3582 0.4256 0.4324 0.5946 0.4833 0.5656 0.4738
0.6192 0.6130 0.4685 0.3580 0.4257 0.4325 0.5944 0.4831 0.5657 0.4737
0.6191 0.6129 0.4685 0.3580 0.4257 0.4324 0.5942 0.4830 0.5657 0.4736
0.6192 0.6130 0.4684 0.3579 0.4258 0.4324 0.5942 0.4830 0.5656 0.4735
0.6194 0.6134 0.4682 0.3578 0.4259 0.4324 0.5944 0.4831 0.5655 0.4732
0.6196 0.6139 0.4679 0.3576 0.4261 0.4324 0.5946 0.4832 0.5652 0.4729
0.6198 0.6142 0.4676 0.3573 0.4263 0.4325 0.5945 0.4831 0.5649 0.4726
0.6198 0.6142 0.4674 0.3570 0.4265 0.4326 0.5942 0.4828 0.5648 0.4723
0.6196 0.6138 0.4674 0.3569 0.4266 0.4326 0.5937 0.4824 0.5650 0.4723
0.6193 0.6131 0.4675 0.3570 0.4266 0.4325 0.5932 0.4821 0.5653 0.4724
0.6191 0.6127 0.4677 0.3571 0.4265 0.4325 0.5929 0.4819 0.5656 0.4726
0.6190 0.6126 0.4678 0.3572 0.4265 0.4325 0.5929 0.4819 0.5657 0.4727
0.6191 0.6127 0.4678 0.3573 0.4264 0.4324 0.5931 0.4821 0.5657 0.4727
0.6192 0.6129 0.4678 0.3572 0.4264 0.4324 0.5933 0.4822 0.5655 0.4727
0.6192 0.6129 0.4677 0.3571 0.4264 0.4325 0.5932 0.4821 0.5655 0.4726
0.6191 0.6127 0.4678 0.3572 0.4264 0.4325 0.5930 0.4820 0.5656 0.4727
0.6189 0.6123 0.4680 0.3573 0.4263 0.4325 0.5929 0.4819 0.5659 0.4730
0.6189 0.6122 0.4681 0.3574 0.4262 0.4324 0.5929 0.4820 0.5659 0.4731
0.6189 0.6123 0.4682 0.3575 0.4262 0.4324 0.5931 0.4821 0.5659 0.4731
0.6189 0.6123 0.4682 0.3575 0.4261 0.4324 0.5932 0.4822 0.5659 0.4732
0.6188 0.6120 0.4682 0.3576 0.4261 0.4325 0.5930 0.4821 0.5660 0.4733
0.6185 0.6114 0.4685 0.3577 0.4259 0.4325 0.5927 0.4819 0.5663 0.4737
0.6182 0.6106 0.4689 0.3580 0.4257 0.4324 0.5924 0.4818 0.5668 0.4741
0.6179 0.6100 0.4694 0.3584 0.4254 0.4324 0.5923 0.4818 0.5672 0.4747
0.6177 0.6096 0.4698 0.3588 0.4251 0.4323 0.5924 0.4820 0.5675 0.4752
0.6176 0.6095 0.4701 0.3592 0.4248 0.4323 0.5928 0.4823 0.5676 0.4756
0.6177 0.6097 0.4704 0.3595 0.4246 0.4322 0.5933 0.4828 0.5676 0.4759
0.6178 0.6100 0.4704 0.3597 0.4244 0.4322 0.5938 0.4832 0.5675 0.4761
0.6179 0.6102 0.4705 0.3597 0.4243 0.4322 0.5941 0.4834 0.5674 0.4762
0.6178 0.6099 0.4707 0.3599 0.4241 0.4323 0.5941 0.4835 0.5676 0.4764
0.6175 0.6094 0.4710 0.3602 0.4239 0.4322 0.5940 0.4834 0.5679 0.4768
0.6174 0.6090 0.4714 0.3605 0.4237 0.4322 0.5940 0.4835 0.5682 0.4772
0.6173 0.6089 0.4717 0.3609 0.4234 0.4321 0.5943 0.4839 0.5684 0.4776
0.6173 0.6091 0.4719 0.3611 0.4232 0.4321 0.5947 0.4843 0.5684 0.4779
0.6174 0.6093 0.4719 0.3612 0.4231 0.4321 0.5952 0.4846 0.5683 0.4780
0.6174 0.6094 0.4720 0.3614 0.4230 0.4321 0.5954 0.4847 0.5683 0.4781
0.6173 0.6091 0.4722 0.3616 0.4229 0.4321 0.5954 0.4848 0.5685 0.4785
0.6172 0.6089 0.4725 0.3617 0.4227 0.4321 0.5954 0.4849 0.5686 0.4787
0.6170 0.6086 0.4727 0.3620 0.4225 0.4320 0.5954 0.4850 0.5688 0.4790
0.6167 0.6079 0.4731 0.3623 0.4223 0.4320 0.5953 0.4850 0.5692 0.4796
0.6165 0.6074 0.4735 0.3626 0.4220 0.4320 0.5952 0.4850 0.5695 0.4800
0.6162 0.6071 0.4741 0.3632 0.4216 0.4319 0.5955 0.4853 0.5699 0.4806
0.6161 0.6070 0.4745 0.3637 0.4213 0.4318 0.5960 0.4859 0.5702 0.4812
0.6164 0.6077 0.4745 0.3640 0.4211 0.4317 0.5968 0.4865 0.5699 0.4814
0.6166 0.6081 0.4746 0.3641 0.4210 0.4318 0.5974 0.4870 0.5697 0.4814
0.6166 0.6082 0.4747 0.3642 0.4209 0.4318 0.5976 0.4872 0.5698 0.4816
0.6166 0.6084 0.4747 0.3644 0.4208 0.4317 0.5979 0.4874 0.5697 0.4816
0.6167 0.6087 0.4747 0.3644 0.4208 0.4317 0.5982 0.4877 0.5696 0.4817
0.6167 0.6086 0.4747 0.3644 0.4208 0.4317 0.5982 0.4877 0.5696 0.4818
0.6167 0.6085 0.4747 0.3644 0.4207 0.4318 0.5981 0.4876 0.5696 0.4817
0.6163 0.6076 0.4750 0.3646 0.4206 0.4318 0.5976 0.4873 0.5701 0.4822
0.6158 0.6065 0.4755 0.3648 0.4203 0.4317 0.5970 0.4870 0.5706 0.4827
0.6152 0.6050 0.4763 0.3654 0.4199 0.4317 0.5964 0.4867 0.5715 0.4837
0.6144 0.6033 0.4774 0.3663 0.4192 0.4316 0.5960 0.4867 0.5726 0.4849
0.6139 0.6027 0.4785 0.3674 0.4185 0.4314 0.5966 0.4874 0.5734 0.4861
0.6135 0.6023 0.4795 0.3686 0.4178 0.4312 0.5975 0.4885 0.5740 0.4875
0.6135 0.6025 0.4801 0.3694 0.4172 0.4311 0.5987 0.4896 0.5742 0.4884
0.6135 0.6030 0.4807 0.3702 0.4166 0.4310 0.5999 0.4907 0.5743 0.4891
0.6133 0.6030 0.4814 0.3712 0.4161 0.4309 0.6008 0.4917 0.5747 0.4902
0.6134 0.6035 0.4819 0.3718 0.4157 0.4308 0.6019 0.4927 0.5747 0.4908
0.6135 0.6039 0.4822 0.3723 0.4153 0.4308 0.6028 0.4935 0.5747 0.4912
0.6133 0.6036 0.4826 0.3728 0.4150 0.4307 0.6031 0.4940 0.5751 0.4920
0.6132 0.6036 0.4831 0.3733 0.4146 0.4306 0.6036 0.4944 0.5753 0.4923
0.6132 0.6042 0.4836 0.3740 0.4143 0.4305 0.6046 0.4954 0.5755 0.4928
0.6135 0.6053 0.4836 0.3745 0.4142 0.4303 0.6060 0.4966 0.5752 0.4932
0.6143 0.6071 0.4830 0.3742 0.4144 0.4303 0.6073 0.4974 0.5742 0.4927
0.6147 0.6076 0.4824 0.3735 0.4147 0.4306 0.6072 0.4972 0.5736 0.4921
0.6146 0.6069 0.4822 0.3731 0.4149 0.4307 0.6061 0.4963 0.5737 0.4917
0.6141 0.6058 0.4825 0.3732 0.4148 0.4307 0.6052 0.4956 0.5743 0.4919
0.6138 0.6052 0.4828 0.3735 0.4147 0.4306 0.6050 0.4956 0.5747 0.4922
0.6139 0.6055 0.4829 0.3736 0.4146 0.4305 0.6054 0.4959 0.5746 0.4923
0.6140 0.6060 0.4828 0.3736 0.4146 0.4305 0.6059 0.4962 0.5744 0.4923
0.6143 0.6066 0.4826 0.3736 0.4147 0.4305 0.6063 0.4965 0.5741 0.4920
0.6146 0.6074 0.4823 0.3734 0.4148 0.4305 0.6067 0.4967 0.5737 0.4917
0.6151 0.6083 0.4818 0.3730 0.4152 0.4306 0.6070 0.4968 0.5731 0.4911
0.6155 0.6089 0.4811 0.3723 0.4156 0.4307 0.6069 0.4965 0.5725 0.4904
0.6157 0.6091 0.4805 0.3716 0.4160 0.4308 0.6063 0.4958 0.5721 0.4895
0.6157 0.6089 0.4801 0.3710 0.4163 0.4309 0.6055 0.4951 0.5720 0.4889
0.6157 0.6088 0.4798 0.3706 0.4166 0.4309 0.6050 0.4946 0.5719 0.4885
0.6161 0.6094 0.4793 0.3702 0.4169 0.4310 0.6050 0.4943 0.5715 0.4878
0.6164 0.6100 0.4786 0.3696 0.4173 0.4310 0.6049 0.4941 0.5710 0.4871
0.6167 0.6104 0.4779 0.3688 0.4178 0.4312 0.6044 0.4935 0.5704 0.4863
0.6169 0.6104 0.4773 0.3680 0.4183 0.4313 0.6036 0.4927 0.5701 0.4853
0.6168 0.6100 0.4770 0.3676 0.4186 0.4314 0.6028 0.4920 0.5702 0.4850
0.6167 0.6097 0.4768 0.3672 0.4189 0.4314 0.6021 0.4913 0.5702 0.4846
0.6169 0.6098 0.4764 0.3667 0.4191 0.4315 0.6017 0.4908 0.5699 0.4840
0.6168 0.6095 0.4762 0.3665 0.4193 0.4315 0.6012 0.4905 0.5700 0.4838
0.6167 0.6093 0.4760 0.3662 0.4195 0.4315 0.6007 0.4900 0.5699 0.4836
0.6168 0.6092 0.4759 0.3659 0.4197 0.4316 0.6004 0.4897 0.5699 0.4833
0.6167 0.6091 0.4758 0.3658 0.4197 0.4316 0.6001 0.4895 0.5699 0.4832
0.6168 0.6094 0.4757 0.3658 0.4199 0.4315 0.6002 0.4895 0.5698 0.4830
0.6170 0.6098 0.4753 0.3655 0.4201 0.4316 0.6003 0.4895 0.5695 0.4827
0.6172 0.6100 0.4749 0.3650 0.4203 0.4317 0.6000 0.4891 0.5692 0.4822
0.6171 0.6095 0.4748 0.3648 0.4204 0.4318 0.5994 0.4886 0.5693 0.4820
0.6167 0.6088 0.4750 0.3648 0.4204 0.4317 0.5988 0.4883 0.5697 0.4822
0.6166 0.6086 0.4751 0.3649 0.4204 0.4317 0.5987 0.4881 0.5698 0.4823
0.6167 0.6087 0.4751 0.3649 0.4204 0.4317 0.5987 0.4882 0.5697 0.4822
0.6167 0.6087 0.4751 0.3649 0.4204 0.4317 0.5987 0.4882 0.5698 0.4822
0.6167 0.6088 0.4751 0.3649 0.4204 0.4317 0.5988 0.4882 0.5697 0.4822
0.6168 0.6091 0.4750 0.3648 0.4205 0.4317 0.5990 0.4883 0.5696 0.4820
0.6169 0.6092 0.4749 0.3648 0.4205 0.4317 0.5990 0.4884 0.5695 0.4820
0.6170 0.6094 0.4747 0.3646 0.4206 0.4317 0.5990 0.4883 0.5693 0.4818
0.6170 0.6093 0.4746 0.3645 0.4207 0.4318 0.5988 0.4881 0.5693 0.4817
0.6169 0.6091 0.4746 0.3644 0.4207 0.4318 0.5986 0.4879 0.5694 0.4816
0.6169 0.6092 0.4746 0.3644 0.4207 0.4317 0.5986 0.4879 0.5694 0.4815
0.6170 0.6095 0.4745 0.3644 0.4208 0.4317 0.5988 0.4881 0.5693 0.4815
0.6172 0.6097 0.4743 0.3642 0.4210 0.4318 0.5988 0.4881 0.5690 0.4813
0.6173 0.6098 0.4741 0.3639 0.4211 0.4319 0.5986 0.4878 0.5689 0.4809
0.6171 0.6095 0.4741 0.3639 0.4211 0.4319 0.5983 0.4876 0.5691 0.4810
0.6170 0.6093 0.4742 0.3639 0.4211 0.4318 0.5982 0.4875 0.5692 0.4810
0.6172 0.6096 0.4740 0.3638 0.4212 0.4318 0.5983 0.4875 0.5690 0.4808
0.6173 0.6099 0.4739 0.3637 0.4213 0.4318 0.5984 0.4876 0.5688 0.4806
0.6174 0.6100 0.4738 0.3636 0.4214 0.4318 0.5984 0.4876 0.5688 0.4806
0.6175 0.6101 0.4735 0.3634 0.4215 0.4319 0.5982 0.4874 0.5686 0.4803
0.6175 0.6101 0.4734 0.3632 0.4216 0.4319 0.5980 0.4871 0.5685 0.4800
0.6174 0.6100 0.4734 0.3632 0.4216 0.4319 0.5979 0.4871 0.5686 0.4800
0.6176 0.6105 0.4732 0.3631 0.4218 0.4319 0.5981 0.4872 0.5684 0.4798
0.6180 0.6111 0.4728 0.3627 0.4220 0.4319 0.5983 0.4872 0.5679 0.4793
0.6181 0.6114 0.4725 0.3624 0.4222 0.4320 0.5982 0.4870 0.5677 0.4789
0.6182 0.6114 0.4722 0.3621 0.4224 0.4321 0.5979 0.4867 0.5676 0.4786
0.6182 0.6113 0.4721 0.3619 0.4226 0.4321 0.5975 0.4864 0.5675 0.4784
0.6181 0.6111 0.4719 0.3617 0.4227 0.4321 0.5971 0.4861 0.5676 0.4782
0.6179 0.6107 0.4719 0.3615 0.4228 0.4321 0.5966 0.4857 0.5677 0.4782
0.6178 0.6102 0.4720 0.3616 0.4228 0.4321 0.5963 0.4855 0.5679 0.4782
0.6177 0.6102 0.4721 0.3617 0.4228 0.4321 0.5963 0.4855 0.5680 0.4783
0.6179 0.6106 0.4720 0.3617 0.4228 0.4320 0.5966 0.4857 0.5678 0.4782
0.6182 0.6113 0.4717 0.3615 0.4230 0.4321 0.5970 0.4859 0.5674 0.4778
0.6185 0.6119 0.4713 0.3611 0.4232 0.4321 0.5971 0.4859 0.5670 0.4774
0.6186 0.6122 0.4710 0.3608 0.4234 0.4322 0.5970 0.4858 0.5668 0.4769
0.6187 0.6123 0.4707 0.3605 0.4236 0.4322 0.5968 0.4855 0.5667 0.4767
0.6188 0.6124 0.4705 0.3603 0.4238 0.4323 0.5965 0.4852 0.5665 0.4763
0.6188 0.6124 0.4703 0.3600 0.4240 0.4323 0.5962 0.4850 0.5665 0.4761
0.6188 0.6123 0.4701 0.3598 0.4242 0.4323 0.5960 0.4847 0.5664 0.4758
0.6189 0.6125 0.4699 0.3597 0.4243 0.4323 0.5959 0.4846 0.5663 0.4756
0.6190 0.6128 0.4697 0.3595 0.4245 0.4323 0.5959 0.4846 0.5661 0.4752
0.6192 0.6132 0.4694 0.3592 0.4247 0.4324 0.5959 0.4845 0.5659 0.4749
0.6194 0.6135 0.4690 0.3588 0.4250 0.4324 0.5957 0.4843 0.5656 0.4744
0.6194 0.6134 0.4688 0.3585 0.4252 0.4325 0.5954 0.4840 0.5656 0.4742
0.6192 0.6131 0.4687 0.3584 0.4254 0.4325 0.5949 0.4836 0.5657 0.4740
0.6191 0.6128 0.4687 0.3582 0.4255 0.4325 0.5945 0.4833 0.5658 0.4739
0.6190 0.6125 0.4688 0.3583 0.4255 0.4324 0.5942 0.4831 0.5659 0.4740
0.6189 0.6124 0.4688 0.3583 0.4255 0.4324 0.5942 0.4830 0.5660 0.4740
0.6191 0.6127 0.4687 0.3582 0.4256 0.4324 0.5943 0.4831 0.5659 0.4738
0.6192 0.6130 0.4685 0.3581 0.4257 0.4324 0.5944 0.4832 0.5657 0.4736
0.6193 0.6133 0.4683 0.3579 0.4258 0.4324 0.5945 0.4832 0.5655 0.4734
0.6195 0.6137 0.4680 0.3577 0.4260 0.4325 0.5945 0.4831 0.5653 0.4731
0.6196 0.6138 0.4679 0.3575 0.4261 0.4325 0.5944 0.4830 0.5652 0.4729
0.6196 0.6140 0.4677 0.3574 0.4263 0.4325 0.5943 0.4829 0.5650 0.4726
0.6197 0.6140 0.4675 0.3572 0.4264 0.4325 0.5942 0.4828 0.5650 0.4724
0.6197 0.6141 0.4674 0.3570 0.4266 0.4325 0.5940 0.4826 0.5649 0.4722
0.6198 0.6143 0.4672 0.3569 0.4267 0.4325 0.5940 0.4825 0.5648 0.4720
0.6198 0.6144 0.4670 0.3567 0.4268 0.4325 0.5939 0.4825 0.5647 0.4718
0.6199 0.6145 0.4668 0.3565 0.4270 0.4325 0.5938 0.4823 0.5646 0.4715
0.6199 0.6146 0.4667 0.3563 0.4271 0.4326 0.5936 0.4821 0.5645 0.4714
0.6199 0.6144 0.4667 0.3563 0.4272 0.4326 0.5933 0.4820 0.5646 0.4713
0.6198 0.6143 0.4666 0.3562 0.4273 0.4325 0.5932 0.4818 0.5646 0.4712
0.6198 0.6143 0.4666 0.3561 0.4274 0.4325 0.5930 0.4817 0.5646 0.4711
0.6197 0.6141 0.4666 0.3561 0.4274 0.4325 0.5928 0.4816 0.5647 0.4712
0.6196 0.6139 0.4666 0.3561 0.4274 0.4325 0.5927 0.4815 0.5648 0.4712
0.6196 0.6137 0.4667 0.3561 0.4274 0.4325 0.5925 0.4814 0.5649 0.4713
0.6195 0.6136 0.4667 0.3562 0.4274 0.4325 0.5925 0.4814 0.5650 0.4713
0.6195 0.6136 0.4668 0.3562 0.4274 0.4325 0.5926 0.4814 0.5650 0.4713
0.6195 0.6137 0.4667 0.3562 0.4274 0.4325 0.5926 0.4814 0.5650 0.4714
0.6195 0.6136 0.4667 0.3562 0.4273 0.4325 0.5925 0.4814 0.5650 0.4714
0.6194 0.6134 0.4668 0.3562 0.4273 0.4325 0.5924 0.4813 0.5651 0.4715
0.6193 0.6132 0.4670 0.3564 0.4272 0.4325 0.5924 0.4813 0.5652 0.4716
0.6193 0.6131 0.4671 0.3564 0.4272 0.4325 0.5924 0.4814 0.5653 0.4717
0.6192 0.6130 0.4671 0.3565 0.4271 0.4325 0.5924 0.4814 0.5653 0.4718
0.6191 0.6127 0.4672 0.3565 0.4270 0.4325 0.5923 0.4813 0.5654 0.4720
0.6189 0.6123 0.4675 0.3567 0.4269 0.4325 0.5921 0.4813 0.5657 0.4723
0.6188 0.6120 0.4677 0.3570 0.4267 0.4324 0.5921 0.4813 0.5659 0.4726
0.6187 0.6118 0.4679 0.3571 0.4266 0.4324 0.5922 0.4814 0.5660 0.4728
0.6185 0.6113 0.4681 0.3573 0.4264 0.4324 0.5921 0.4814 0.5662 0.4731
0.6183 0.6108 0.4685 0.3576 0.4261 0.4324 0.5920 0.4813 0.5666 0.4735
0.6180 0.6103 0.4690 0.3580 0.4258 0.4324 0.5920 0.4815 0.5670 0.4741
0.6179 0.6101 0.4693 0.3583 0.4255 0.4323 0.5922 0.4817 0.5671 0.4745
0.6179 0.6100 0.4695 0.3586 0.4253 0.4323 0.5926 0.4820 0.5672 0.4749
0.6177 0.6097 0.4699 0.3589 0.4250 0.4323 0.5927 0.4822 0.5674 0.4753
0.6176 0.6093 0.4702 0.3592 0.4247 0.4323 0.5927 0.4823 0.5677 0.4757
0.6174 0.6091 0.4707 0.3597 0.4244 0.4322 0.5930 0.4826 0.5680 0.4762
0.6173 0.6090 0.4710 0.3601 0.4241 0.4322 0.5934 0.4830 0.5682 0.4768
0.6174 0.6091 0.4712 0.3603 0.4239 0.4322 0.5939 0.4834 0.5681 0.4770
0.6173 0.6090 0.4714 0.3605 0.4237 0.4322 0.5940 0.4836 0.5682 0.4773
0.6171 0.6084 0.4718 0.3609 0.4234 0.4322 0.5940 0.4837 0.5686 0.4778
0.6168 0.6078 0.4723 0.3613 0.4230 0.4321 0.5940 0.4838 0.5690 0.4785
0.6166 0.6075 0.4728 0.3618 0.4227 0.4320 0.5943 0.4841 0.5693 0.4790
0.6165 0.6074 0.4732 0.3623 0.4223 0.4320 0.5947 0.4846 0.5695 0.4796
0.6164 0.6073 0.4736 0.3627 0.4220 0.4319 0.5952 0.4850 0.5697 0.4801
0.6163 0.6072 0.4739 0.3630 0.4217 0.4319 0.5955 0.4853 0.5698 0.4805
0.6161 0.6067 0.4744 0.3635 0.4214 0.4319 0.5956 0.4855 0.5701 0.4811
0.6158 0.6062 0.4749 0.3641 0.4210 0.4318 0.5958 0.4859 0.5706 0.4818
0.6156 0.6059 0.4754 0.3646 0.4206 0.4317 0.5962 0.4863 0.5709 0.4825
0.6155 0.6058 0.4759 0.3651 0.4202 0.4317 0.5966 0.4867 0.5711 0.4830
0.6153 0.6055 0.4764 0.3657 0.4198 0.4316 0.5970 0.4872 0.5715 0.4837
0.6151 0.6053 0.4769 0.3662 0.4194 0.4315 0.5975 0.4877 0.5718 0.4844
0.6150 0.6053 0.4773 0.3667 0.4191 0.4314 0.5981 0.4883 0.5719 0.4849
0.6150 0.6054 0.4778 0.3673 0.4187 0.4314 0.5987 0.4889 0.5721 0.4854
0.6149 0.6054 0.4781 0.3677 0.4184 0.4313 0.5992 0.4894 0.5723 0.4860
0.6150 0.6056 0.4784 0.3681 0.4181 0.4313 0.5997 0.4899 0.5723 0.4863
0.6150 0.6059 0.4787 0.3685 0.4179 0.4312 0.6003 0.4904 0.5724 0.4866
0.6150 0.6061 0.4789 0.3688 0.4177 0.4311 0.6009 0.4910 0.5724 0.4870
0.6152 0.6067 0.4788 0.3689 0.4177 0.4311 0.6015 0.4914 0.5722 0.4870
0.6154 0.6071 0.4787 0.3689 0.4176 0.4312 0.6018 0.4917 0.5720 0.4869
0.6154 0.6072 0.4787 0.3689 0.4176 0.4312 0.6019 0.4918 0.5720 0.4870
0.6153 0.6070 0.4788 0.3689 0.4176 0.4312 0.6018 0.4917 0.5720 0.4871
0.6152 0.6067 0.4789 0.3690 0.4176 0.4312 0.6016 0.4915 0.5722 0.4871
0.6151 0.6064 0.4791 0.3692 0.4174 0.4312 0.6015 0.4915 0.5724 0.4874
0.6150 0.6064 0.4793 0.3694 0.4173 0.4311 0.6018 0.4918 0.5725 0.4876
0.6152 0.6070 0.4793 0.3695 0.4173 0.4310 0.6023 0.4922 0.5723 0.4876
0.6155 0.6076 0.4790 0.3694 0.4174 0.4311 0.6027 0.4925 0.5720 0.4874
0.6156 0.6077 0.4788 0.3692 0.4175 0.4311 0.6026 0.4924 0.5718 0.4872
0.6156 0.6076 0.4787 0.3690 0.4175 0.4312 0.6024 0.4921 0.5718 0.4870
0.6155 0.6074 0.4788 0.3691 0.4175 0.4312 0.6022 0.4920 0.5719 0.4871
0.6155 0.6074 0.4788 0.3691 0.4176 0.4311 0.6022 0.4920 0.5719 0.4871
0.6155 0.6075 0.4786 0.3689 0.4177 0.4312 0.6022 0.4919 0.5718 0.4870
0.6156 0.6075 0.4786 0.3689 0.4177 0.4312 0.6020 0.4918 0.5718 0.4868
0.6156 0.6076 0.4787 0.3690 0.4177 0.4312 0.6022 0.4920 0.5718 0.4868
0.6158 0.6082 0.4784 0.3688 0.4178 0.4311 0.6026 0.4922 0.5715 0.4866
0.6163 0.6090 0.4779 0.3684 0.4180 0.4312 0.6029 0.4923 0.5709 0.4860
0.6164 0.6092 0.4776 0.3680 0.4183 0.4313 0.6026 0.4920 0.5707 0.4856
0.6164 0.6090 0.4773 0.3677 0.4185 0.4313 0.6021 0.4915 0.5706 0.4853
0.6164 0.6091 0.4771 0.3675 0.4186 0.4314 0.6018 0.4912 0.5706 0.4849
0.6165 0.6092 0.4769 0.3672 0.4188 0.4314 0.6017 0.4911 0.5704 0.4847
0.6167 0.6094 0.4765 0.3668 0.4191 0.4314 0.6015 0.4908 0.5701 0.4843
0.6167 0.6093 0.4763 0.3665 0.4193 0.4315 0.6010 0.4903 0.5700 0.4839
0.6167 0.6092 0.4762 0.3664 0.4194 0.4315 0.6007 0.4901 0.5701 0.4837
0.6168 0.6096 0.4760 0.3663 0.4195 0.4315 0.6009 0.4902 0.5699 0.4835
0.6171 0.6102 0.4755 0.3658 0.4198 0.4315 0.6010 0.4901 0.5694 0.4830
0.6173 0.6103 0.4750 0.3652 0.4201 0.4317 0.6006 0.4896 0.5691 0.4824
0.6171 0.6097 0.4750 0.3650 0.4203 0.4318 0.5997 0.4889 0.5693 0.4821
0.6168 0.6091 0.4751 0.3650 0.4203 0.4317 0.5992 0.4885 0.5696 0.4823
0.6168 0.6091 0.4751 0.3650 0.4204 0.4317 0.5992 0.4885 0.5696 0.4822
0.6170 0.6096 0.4748 0.3648 0.4205 0.4317 0.5993 0.4886 0.5693 0.4819
0.6172 0.6098 0.4746 0.3646 0.4207 0.4317 0.5993 0.4885 0.5691 0.4817
0.6173 0.6100 0.4744 0.3643 0.4208 0.4318 0.5993 0.4884 0.5690 0.4813
0.6174 0.6103 0.4742 0.3641 0.4210 0.4318 0.5992 0.4883 0.5688 0.4811
0.6175 0.6103 0.4739 0.3639 0.4212 0.4318 0.5990 0.4881 0.5687 0.4808
0.6175 0.6102 0.4737 0.3636 0.4213 0.4319 0.5986 0.4877 0.5686 0.4806
0.6173 0.6097 0.4737 0.3635 0.4214 0.4319 0.5980 0.4872 0.5688 0.4805
0.6171 0.6093 0.4739 0.3636 0.4214 0.4319 0.5977 0.4871 0.5690 0.4806
0.6172 0.6096 0.4739 0.3636 0.4214 0.4318 0.5980 0.4873 0.5690 0.4805
0.6176 0.6106 0.4735 0.3634 0.4215 0.4318 0.5986 0.4876 0.5685 0.4801
0.6180 0.6113 0.4730 0.3630 0.4218 0.4319 0.5988 0.4877 0.5679 0.4797
0.6183 0.6119 0.4725 0.3625 0.4221 0.4320 0.5987 0.4874 0.5675 0.4790
0.6183 0.6118 0.4722 0.3622 0.4224 0.4321 0.5983 0.4871 0.5674 0.4786
0.6183 0.6115 0.4720 0.3619 0.4226 0.4321 0.5977 0.4866 0.5674 0.4783
0.6182 0.6113 0.4718 0.3616 0.4228 0.4321 0.5972 0.4861 0.5674 0.4781
0.6180 0.6107 0.4719 0.3615 0.4229 0.4322 0.5967 0.4857 0.5677 0.4781
0.6178 0.6104 0.4719 0.3615 0.4229 0.4321 0.5963 0.4855 0.5678 0.4781
0.6177 0.6103 0.4720 0.3616 0.4229 0.4321 0.5963 0.4854 0.5679 0.4782
0.6177 0.6103 0.4720 0.3616 0.4229 0.4321 0.5963 0.4854 0.5679 0.4782
0.6179 0.6105 0.4719 0.3615 0.4229 0.4321 0.5964 0.4855 0.5678 0.4780
0.6179 0.6105 0.4719 0.3614 0.4230 0.4321 0.5964 0.4855 0.5678 0.4781
0.6178 0.6102 0.4719 0.3614 0.4230 0.4321 0.5961 0.4853 0.5678 0.4781
0.6176 0.6098 0.4720 0.3614 0.4229 0.4321 0.5958 0.4851 0.5681 0.4782
0.6174 0.6094 0.4723 0.3617 0.4228 0.4321 0.5956 0.4850 0.5684 0.4785
0.6173 0.6094 0.4724 0.3619 0.4227 0.4320 0.5958 0.4852 0.5685 0.4787
0.6174 0.6096 0.4724 0.3619 0.4226 0.4320 0.5961 0.4854 0.5684 0.4787
0.6175 0.6098 0.4724 0.3619 0.4226 0.4320 0.5963 0.4855 0.5683 0.4787
0.6176 0.6099 0.4724 0.3620 0.4226 0.4320 0.5965 0.4857 0.5682 0.4787
0.6176 0.6101 0.4724 0.3620 0.4226 0.4320 0.5966 0.4858 0.5682 0.4787
0.6179 0.6107 0.4722 0.3619 0.4226 0.4320 0.5969 0.4860 0.5679 0.4784
0.6180 0.6110 0.4720 0.3617 0.4228 0.4321 0.5971 0.4860 0.5677 0.4782
0.6181 0.6111 0.4718 0.3615 0.4229 0.4321 0.5969 0.4859 0.5675 0.4780
0.6182 0.6113 0.4716 0.3613 0.4230 0.4321 0.5968 0.4857 0.5674 0.4777
0.6182 0.6114 0.4715 0.3612 0.4231 0.4321 0.5968 0.4857 0.5673 0.4775
0.6184 0.6117 0.4713 0.3610 0.4233 0.4321 0.5968 0.4857 0.5671 0.4773
0.6186 0.6120 0.4709 0.3607 0.4235 0.4322 0.5968 0.4855 0.5669 0.4769
0.6186 0.6120 0.4707 0.3605 0.4237 0.4323 0.5965 0.4853 0.5667 0.4766
0.6186 0.6120 0.4706 0.3603 0.4238 0.4323 0.5963 0.4851 0.5668 0.4764
0.6187 0.6122 0.4704 0.3602 0.4240 0.4322 0.5962 0.4850 0.5667 0.4762
0.6188 0.6125 0.4701 0.3599 0.4242 0.4323 0.5962 0.4849 0.5664 0.4759
0.6189 0.6126 0.4699 0.3596 0.4244 0.4323 0.5959 0.4846 0.5662 0.4755
0.6188 0.6123 0.4698 0.3594 0.4245 0.4324 0.5955 0.4843 0.5663 0.4754
0.6188 0.6122 0.4697 0.3594 0.4246 0.4323 0.5953 0.4841 0.5664 0.4753
0.6188 0.6123 0.4697 0.3593 0.4247 0.4323 0.5952 0.4841 0.5663 0.4752
0.6190 0.6126 0.4695 0.3591 0.4248 0.4323 0.5953 0.4841 0.5661 0.4749
0.6191 0.6129 0.4692 0.3589 0.4250 0.4324 0.5953 0.4840 0.5659 0.4746
0.6192 0.6132 0.4690 0.3587 0.4251 0.4324 0.5953 0.4839 0.5657 0.4743
0.6193 0.6133 0.4688 0.3585 0.4253 0.4324 0.5952 0.4838 0.5656 0.4740
0.6193 0.6133 0.4686 0.3582 0.4255 0.4324 0.5949 0.4836 0.5655 0.4738
0.6194 0.6133 0.4684 0.3580 0.4256 0.4325 0.5947 0.4833 0.5655 0.4736
0.6193 0.6132 0.4684 0.3580 0.4257 0.4325 0.5944 0.4831 0.5656 0.4735
0.6193 0.6133 0.4683 0.3579 0.4258 0.4324 0.5944 0.4831 0.5655 0.4733
0.6196 0.6139 0.4680 0.3577 0.4260 0.4324 0.5946 0.4832 0.5652 0.4730
0.6198 0.6145 0.4676 0.3574 0.4262 0.4325 0.5948 0.4833 0.5648 0.4726
0.6200 0.6148 0.4672 0.3570 0.4265 0.4325 0.5947 0.4831 0.5645 0.4721
0.6200 0.6147 0.4670 0.3567 0.4267 0.4326 0.5943 0.4827 0.5645 0.4718
0.6199 0.6144 0.4670 0.3566 0.4269 0.4326 0.5938 0.4824 0.5647 0.4717
0.6198 0.6142 0.4669 0.3566 0.4270 0.4325 0.5936 0.4822 0.5647 0.4717
0.6198 0.6142 0.4668 0.3564 0.4271 0.4325 0.5934 0.4821 0.5647 0.4715
0.6198 0.6141 0.4668 0.3564 0.4271 0.4325 0.5932 0.4819 0.5647 0.4715
0.6197 0.6139 0.4668 0.3563 0.4272 0.4325 0.5930 0.4817 0.5648 0.4715
0.6196 0.6137 0.4668 0.3563 0.4272 0.4325 0.5928 0.4816 0.5649 0.4715
0.6194 0.6134 0.4669 0.3564 0.4272 0.4325 0.5926 0.4815 0.5651 0.4716
0.6193 0.6130 0.4670 0.3564 0.4271 0.4325 0.5924 0.4813 0.5653 0.4718
0.6191 0.6126 0.4673 0.3566 0.4270 0.4325 0.5922 0.4812 0.5655 0.4720
0.6189 0.6121 0.4676 0.3568 0.4268 0.4324 0.5921 0.4812 0.5658 0.4723
0.6187 0.6118 0.4678 0.3570 0.4267 0.4324 0.5921 0.4813 0.5660 0.4726
0.6186 0.6115 0.4680 0.3571 0.4265 0.4324 0.5920 0.4813 0.5661 0.4729
0.6184 0.6111 0.4683 0.3574 0.4263 0.4324 0.5920 0.4813 0.5664 0.4733
0.6182 0.6107 0.4687 0.3577 0.4260 0.4324 0.5921 0.4815 0.5667 0.4737
0.6181 0.6105 0.4690 0.3580 0.4258 0.4324 0.5922 0.4817 0.5669 0.4741
0.6180 0.6102 0.4693 0.3583 0.4255 0.4323 0.5924 0.4818 0.5671 0.4745
0.6178 0.6097 0.4696 0.3586 0.4252 0.4323 0.5924 0.4819 0.5673 0.4750
0.6175 0.6091 0.4701 0.3590 0.4249 0.4323 0.5923 0.4820 0.5677 0.4756
0.6172 0.6084 0.4707 0.3595 0.4245 0.4323 0.5924 0.4821 0.5682 0.4763
0.6169 0.6079 0.4712 0.3601 0.4241 0.4322 0.5926 0.4824 0.5686 0.4770
0.6167 0.6076 0.4717 0.3606 0.4236 0.4321 0.5930 0.4829 0.5689 0.4776
0.6167 0.6076 0.4722 0.3611 0.4232 0.4321 0.5935 0.4834 0.5690 0.4782
0.6167 0.6078 0.4725 0.3616 0.4229 0.4320 0.5942 0.4840 0.5691 0.4786
0.6167 0.6078 0.4728 0.3619 0.4226 0.4320 0.5947 0.4845 0.5692 0.4792
0.6165 0.6073 0.4731 0.3622 0.4223 0.4320 0.5947 0.4845 0.5694 0.4796
0.6161 0.6065 0.4738 0.3627 0.4219 0.4320 0.5945 0.4845 0.5699 0.4802
0.6156 0.6056 0.4747 0.3636 0.4213 0.4319 0.5947 0.4850 0.5708 0.4814
0.6155 0.6056 0.4752 0.3643 0.4209 0.4317 0.5955 0.4857 0.5710 0.4821
0.6158 0.6064 0.4754 0.3647 0.4205 0.4317 0.5966 0.4866 0.5708 0.4824
0.6159 0.6069 0.4757 0.3651 0.4203 0.4316 0.5975 0.4874 0.5707 0.4828
0.6160 0.6072 0.4757 0.3653 0.4201 0.4316 0.5980 0.4878 0.5706 0.4830
0.6161 0.6073 0.4758 0.3654 0.4200 0.4316 0.5982 0.4880 0.5705 0.4831
0.6158 0.6067 0.4762 0.3657 0.4198 0.4316 0.5981 0.4880 0.5709 0.4836
0.6153 0.6056 0.4767 0.3661 0.4195 0.4316 0.5977 0.4879 0.5715 0.4843
0.6147 0.6042 0.4774 0.3666 0.4190 0.4316 0.5972 0.4876 0.5722 0.4852
0.6139 0.6027 0.4786 0.3676 0.4183 0.4315 0.5968 0.4877 0.5734 0.4864
0.6133 0.6019 0.4799 0.3689 0.4175 0.4312 0.5975 0.4886 0.5743 0.4878
0.6132 0.6022 0.4807 0.3701 0.4168 0.4310 0.5990 0.4901 0.5746 0.4891
0.6134 0.6029 0.4811 0.3707 0.4164 0.4309 0.6004 0.4913 0.5745 0.4898
0.6134 0.6032 0.4816 0.3713 0.4159 0.4309 0.6012 0.4920 0.5746 0.4904
0.6130 0.6026 0.4824 0.3722 0.4154 0.4308 0.6016 0.4926 0.5753 0.4914
0.6127 0.6022 0.4831 0.3730 0.4148 0.4307 0.6022 0.4933 0.5758 0.4924
0.6126 0.6023 0.4838 0.3738 0.4143 0.4306 0.6031 0.4942 0.5761 0.4931
0.6125 0.6027 0.4844 0.3747 0.4138 0.4305 0.6042 0.4954 0.5764 0.4940
0.6127 0.6035 0.4847 0.3754 0.4135 0.4303 0.6055 0.4966 0.5763 0.4946
0.6131 0.6045 0.4847 0.3756 0.4133 0.4303 0.6067 0.4975 0.5759 0.4947
0.6133 0.6052 0.4847 0.3758 0.4133 0.4303 0.6073 0.4981 0.5757 0.4947
0.6135 0.6056 0.4846 0.3758 0.4133 0.4303 0.6077 0.4983 0.5755 0.4946
0.6137 0.6062 0.4844 0.3757 0.4134 0.4303 0.6080 0.4985 0.5752 0.4944
0.6139 0.6067 0.4842 0.3755 0.4135 0.4303 0.6083 0.4987 0.5750 0.4942
0.6142 0.6072 0.4837 0.3751 0.4138 0.4303 0.6084 0.4986 0.5745 0.4937
0.6145 0.6078 0.4833 0.3747 0.4140 0.4304 0.6083 0.4984 0.5741 0.4930
0.6148 0.6081 0.4828 0.3742 0.4144 0.4304 0.6081 0.4981 0.5737 0.4925
0.6151 0.6085 0.4822 0.3736 0.4147 0.4305 0.6079 0.4977 0.5733 0.4918
0.6153 0.6088 0.4816 0.3729 0.4151 0.4306 0.6074 0.4971 0.5728 0.4910
0.6154 0.6086 0.4811 0.3723 0.4155 0.4307 0.6066 0.4964 0.5727 0.4904
0.6153 0.6081 0.4808 0.3718 0.4158 0.4308 0.6057 0.4955 0.5727 0.4900
0.6152 0.6079 0.4807 0.3715 0.4160 0.4308 0.6051 0.4949 0.5727 0.4896
0.6153 0.6080 0.4805 0.3713 0.4161 0.4308 0.6051 0.4948 0.5726 0.4893
0.6156 0.6087 0.4801 0.3710 0.4164 0.4308 0.6052 0.4948 0.5721 0.4889
0.6159 0.6091 0.4794 0.3703 0.4168 0.4310 0.6050 0.4945 0.5716 0.4882
0.6159 0.6086 0.4790 0.3697 0.4171 0.4311 0.6040 0.4936 0.5715 0.4877
0.6156 0.6078 0.4791 0.3695 0.4172 0.4312 0.6030 0.4928 0.5719 0.4875
0.6152 0.6069 0.4793 0.3696 0.4172 0.4311 0.6024 0.4924 0.5724 0.4878
0.6151 0.6066 0.4794 0.3696 0.4172 0.4311 0.6022 0.4922 0.5724 0.4879
0.6150 0.6064 0.4795 0.3697 0.4171 0.4311 0.6021 0.4922 0.5726 0.4879
0.6148 0.6062 0.4798 0.3700 0.4169 0.4310 0.6022 0.4923 0.5728 0.4882
0.6149 0.6064 0.4799 0.3701 0.4169 0.4310 0.6025 0.4926 0.5728 0.4884
0.6150 0.6068 0.4798 0.3701 0.4169 0.4310 0.6028 0.4928 0.5726 0.4883
0.6151 0.6069 0.4798 0.3701 0.4169 0.4310 0.6030 0.4929 0.5725 0.4883
0.6152 0.6071 0.4797 0.3701 0.4169 0.4310 0.6030 0.4929 0.5725 0.4882
0.6154 0.6076 0.4796 0.3701 0.4169 0.4310 0.6034 0.4931 0.5723 0.4880
0.6157 0.6085 0.4793 0.3699 0.4171 0.4310 0.6039 0.4935 0.5718 0.4877
0.6163 0.6096 0.4786 0.3694 0.4175 0.4310 0.6043 0.4936 0.5711 0.4870
0.6167 0.6102 0.4778 0.3686 0.4179 0.4312 0.6041 0.4932 0.5704 0.4861
0.6169 0.6104 0.4773 0.3680 0.4183 0.4313 0.6035 0.4926 0.5701 0.4853
0.6170 0.6105 0.4769 0.3675 0.4187 0.4314 0.6030 0.4921 0.5700 0.4847
0.6172 0.6109 0.4763 0.3669 0.4191 0.4314 0.6028 0.4917 0.5695 0.4840
0.6176 0.6115 0.4756 0.3662 0.4196 0.4315 0.6025 0.4912 0.5689 0.4831
0.6178 0.6115 0.4750 0.3654 0.4200 0.4317 0.6017 0.4905 0.5687 0.4824
0.6178 0.6113 0.4746 0.3649 0.4204 0.4317 0.6009 0.4897 0.5686 0.4817
0.6178 0.6113 0.4742 0.3645 0.4207 0.4318 0.6004 0.4892 0.5685 0.4812
0.6180 0.6116 0.4738 0.3641 0.4211 0.4318 0.6002 0.4890 0.5682 0.4807
0.6182 0.6118 0.4732 0.3635 0.4215 0.4319 0.5998 0.4885 0.5678 0.4801
0.6182 0.6116 0.4728 0.3629 0.4218 0.4320 0.5990 0.4878 0.5677 0.4795
0.6179 0.6109 0.4728 0.3626 0.4220 0.4321 0.5981 0.4871 0.5679 0.4793
0.6176 0.6102 0.4729 0.3626 0.4220 0.4320 0.5974 0.4866 0.5683 0.4794
0.6175 0.6101 0.4729 0.3626 0.4221 0.4320 0.5973 0.4865 0.5684 0.4794
0.6176 0.6103 0.4728 0.3626 0.4221 0.4320 0.5974 0.4865 0.5683 0.4793
0.6178 0.6107 0.4726 0.3624 0.4223 0.4320 0.5976 0.4866 0.5680 0.4790
0.6180 0.6111 0.4723 0.3622 0.4224 0.4320 0.5976 0.4866 0.5677 0.4787
0.6182 0.6115 0.4720 0.3619 0.4226 0.4321 0.5977 0.4865 0.5675 0.4783
0.6185 0.6122 0.4717 0.3616 0.4229 0.4321 0.5978 0.4865 0.5671 0.4778
0.6187 0.6126 0.4712 0.3612 0.4232 0.4322 0.5978 0.4864 0.5667 0.4773
0.6189 0.6127 0.4708 0.3607 0.4235 0.4322 0.5973 0.4859 0.5665 0.4768
0.6188 0.6124 0.4706 0.3604 0.4237 0.4323 0.5967 0.4854 0.5665 0.4764
0.6186 0.6121 0.4706 0.3603 0.4239 0.4323 0.5963 0.4851 0.5667 0.4764
0.6188 0.6125 0.4703 0.3601 0.4240 0.4322 0.5963 0.4850 0.5665 0.4760
0.6192 0.6134 0.4699 0.3598 0.4243 0.4323 0.5967 0.4852 0.5660 0.4754
0.6195 0.6140 0.4693 0.3593 0.4247 0.4324 0.5967 0.4851 0.5655 0.4749
0.6198 0.6144 0.4688 0.3587 0.4250 0.4324 0.5964 0.4847 0.5651 0.4742
0.6197 0.6142 0.4684 0.3583 0.4253 0.4325 0.5958 0.4842 0.5651 0.4738
0.6195 0.6138 0.4684 0.3581 0.4256 0.4325 0.5951 0.4837 0.5653 0.4736
0.6194 0.6134 0.4683 0.3580 0.4257 0.4325 0.5947 0.4833 0.5654 0.4735
0.6193 0.6132 0.4682 0.3578 0.4258 0.4325 0.5944 0.4831 0.5655 0.4734
0.6193 0.6131 0.4682 0.3578 0.4259 0.4325 0.5941 0.4829 0.5655 0.4733
0.6192 0.6131 0.4682 0.3577 0.4260 0.4325 0.5940 0.4828 0.5656 0.4732
0.6193 0.6133 0.4681 0.3577 0.4260 0.4324 0.5941 0.4828 0.5655 0.4731
0.6195 0.6136 0.4679 0.3575 0.4262 0.4325 0.5942 0.4829 0.5652 0.4729
0.6196 0.6138 0.4677 0.3573 0.4263 0.4325 0.5942 0.4828 0.5651 0.4726
0.6196 0.6137 0.4676 0.3571 0.4264 0.4325 0.5939 0.4826 0.5651 0.4725
0.6194 0.6134 0.4676 0.3571 0.4265 0.4325 0.5936 0.4823 0.5652 0.4725
0.6193 0.6131 0.4676 0.3571 0.4265 0.4325 0.5933 0.4821 0.5654 0.4725
0.6192 0.6130 0.4677 0.3571 0.4265 0.4325 0.5932 0.4821 0.5655 0.4726
0.6192 0.6130 0.4677 0.3572 0.4265 0.4325 0.5932 0.4821 0.5655 0.4726
0.6192 0.6130 0.4677 0.3571 0.4265 0.4325 0.5933 0.4821 0.5655 0.4726
0.6193 0.6131 0.4676 0.3571 0.4265 0.4325 0.5933 0.4821 0.5654 0.4725
0.6193 0.6131 0.4677 0.3571 0.4265 0.4325 0.5933 0.4822 0.5654 0.4725
0.6193 0.6131 0.4677 0.3571 0.4265 0.4325 0.5933 0.4822 0.5654 0.4726
0.6193 0.6131 0.4676 0.3570 0.4266 0.4325 0.5933 0.4821 0.5653 0.4725
0.6192 0.6128 0.4676 0.3570 0.4265 0.4325 0.5930 0.4819 0.5655 0.4725
0.6189 0.6123 0.4679 0.3572 0.4264 0.4325 0.5928 0.4818 0.5658 0.4728
0.6189 0.6123 0.4680 0.3574 0.4263 0.4324 0.5929 0.4820 0.5659 0.4729
0.6191 0.6127 0.4679 0.3574 0.4263 0.4324 0.5932 0.4822 0.5657 0.4729
0.6192 0.6130 0.4678 0.3573 0.4263 0.4325 0.5934 0.4822 0.5655 0.4727
0.6192 0.6129 0.4678 0.3573 0.4264 0.4325 0.5934 0.4822 0.5655 0.4728
0.6192 0.6129 0.4679 0.3573 0.4264 0.4325 0.5933 0.4822 0.5656 0.4728
0.6193 0.6132 0.4678 0.3573 0.4264 0.4325 0.5935 0.4823 0.5654 0.4726
0.6194 0.6134 0.4677 0.3572 0.4264 0.4325 0.5936 0.4824 0.5653 0.4726
0.6195 0.6136 0.4675 0.3571 0.4265 0.4325 0.5937 0.4824 0.5651 0.4724
0.6196 0.6138 0.4674 0.3569 0.4266 0.4325 0.5937 0.4823 0.5650 0.4722
0.6196 0.6138 0.4673 0.3569 0.4267 0.4325 0.5936 0.4823 0.5650 0.4721
0.6197 0.6140 0.4672 0.3568 0.4268 0.4325 0.5936 0.4823 0.5649 0.4720
0.6198 0.6142 0.4670 0.3566 0.4269 0.4325 0.5936 0.4822 0.5648 0.4718
0.6198 0.6142 0.4669 0.3565 0.4270 0.4325 0.5934 0.4821 0.5647 0.4716
0.6197 0.6141 0.4669 0.3564 0.4271 0.4325 0.5933 0.4820 0.5648 0.4716
0.6197 0.6141 0.4668 0.3564 0.4271 0.4325 0.5932 0.4819 0.5648 0.4715
0.6198 0.6142 0.4667 0.3563 0.4272 0.4325 0.5932 0.4819 0.5647 0.4714
0.6198 0.6143 0.4666 0.3562 0.4273 0.4325 0.5931 0.4818 0.5647 0.4713
0.6198 0.6142 0.4666 0.3561 0.4274 0.4325 0.5930 0.4817 0.5647 0.4712
0.6198 0.6142 0.4666 0.3561 0.4274 0.4325 0.5929 0.4816 0.5647 0.4711
0.6197 0.6142 0.4665 0.3561 0.4274 0.4325 0.5929 0.4816 0.5647 0.4711
0.6197 0.6141 0.4665 0.3560 0.4275 0.4325 0.5928 0.4816 0.5647 0.4711
0.6197 0.6141 0.4665 0.3560 0.4275 0.4325 0.5927 0.4815 0.5647 0.4710
0.6197 0.6141 0.4665 0.3560 0.4275 0.4325 0.5927 0.4814 0.5647 0.4710
0.6196 0.6139 0.4665 0.3560 0.4275 0.4325 0.5925 0.4814 0.5648 0.4711
0.6196 0.6138 0.4665 0.3560 0.4275 0.4325 0.5925 0.4813 0.5649 0.4711
0.6195 0.6136 0.4666 0.3560 0.4275 0.4325 0.5924 0.4812 0.5650 0.4712
0.6194 0.6134 0.4668 0.3561 0.4274 0.4325 0.5923 0.4812 0.5651 0.4714
0.6193 0.6132 0.4668 0.3562 0.4273 0.4325 0.5922 0.4812 0.5652 0.4715
0.6193 0.6132 0.4669 0.3563 0.4273 0.4325 0.5923 0.4812 0.5652 0.4715
0.6192 0.6129 0.4671 0.3564 0.4272 0.4325 0.5922 0.4812 0.5654 0.4718
0.6191 0.6125 0.4672 0.3565 0.4271 0.4325 0.5921 0.4811 0.5655 0.4720
0.6189 0.6121 0.4675 0.3567 0.4269 0.4325 0.5919 0.4811 0.5658 0.4722
0.6187 0.6117 0.4678 0.3570 0.4267 0.4324 0.5919 0.4812 0.5661 0.4726
0.6186 0.6116 0.4680 0.3572 0.4265 0.4324 0.5921 0.4813 0.5662 0.4729
0.6186 0.6114 0.4682 0.3574 0.4263 0.4324 0.5922 0.4815 0.5662 0.4732
0.6185 0.6113 0.4684 0.3575 0.4262 0.4324 0.5923 0.4816 0.5664 0.4734
0.6183 0.6109 0.4687 0.3578 0.4259 0.4324 0.5923 0.4817 0.5666 0.4738
0.6180 0.6102 0.4691 0.3581 0.4257 0.4324 0.5922 0.4816 0.5670 0.4743
0.6178 0.6096 0.4695 0.3584 0.4254 0.4324 0.5921 0.4816 0.5673 0.4748
0.6175 0.6091 0.4700 0.3590 0.4250 0.4323 0.5922 0.4819 0.5678 0.4754
0.6174 0.6090 0.4705 0.3595 0.4246 0.4322 0.5927 0.4824 0.5680 0.4760
0.6176 0.6095 0.4706 0.3597 0.4244 0.4322 0.5934 0.4829 0.5678 0.4762
0.6177 0.6098 0.4707 0.3598 0.4242 0.4322 0.5939 0.4833 0.5677 0.4763
0.6176 0.6096 0.4709 0.3600 0.4241 0.4322 0.5940 0.4834 0.5678 0.4766
0.6175 0.6093 0.4711 0.3603 0.4238 0.4322 0.5940 0.4835 0.5680 0.4770
0.6173 0.6089 0.4715 0.3606 0.4236 0.4322 0.5941 0.4836 0.5683 0.4774
0.6171 0.6086 0.4719 0.3610 0.4233 0.4321 0.5943 0.4839 0.5685 0.4779
0.6170 0.6083 0.4722 0.3613 0.4231 0.4321 0.5944 0.4841 0.5687 0.4783
0.6169 0.6082 0.4725 0.3616 0.4228 0.4321 0.5946 0.4843 0.5689 0.4787
0.6168 0.6082 0.4729 0.3621 0.4225 0.4320 0.5951 0.4847 0.5691 0.4791
0.6169 0.6085 0.4731 0.3624 0.4223 0.4319 0.5957 0.4853 0.5691 0.4795
0.6171 0.6090 0.4730 0.3624 0.4222 0.4319 0.5962 0.4857 0.5688 0.4794
0.6172 0.6090 0.4730 0.3624 0.4222 0.4320 0.5963 0.4857 0.5687 0.4794
0.6169 0.6086 0.4733 0.3627 0.4220 0.4320 0.5962 0.4857 0.5691 0.4798
0.6168 0.6084 0.4736 0.3630 0.4218 0.4319 0.5963 0.4859 0.5693 0.4801
0.6168 0.6085 0.4737 0.3631 0.4217 0.4319 0.5966 0.4861 0.5693 0.4803
0.6167 0.6083 0.4738 0.3633 0.4216 0.4319 0.5966 0.4862 0.5694 0.4806
0.6165 0.6078 0.4741 0.3635 0.4214 0.4319 0.5965 0.4862 0.5696 0.4809
0.6164 0.6077 0.4745 0.3638 0.4211 0.4318 0.5967 0.4864 0.5699 0.4812
0.6165 0.6082 0.4746 0.3642 0.4210 0.4317 0.5974 0.4870 0.5698 0.4814
0.6169 0.6092 0.4744 0.3642 0.4210 0.4317 0.5983 0.4877 0.5693 0.4813
0.6174 0.6101 0.4740 0.3639 0.4212 0.4318 0.5988 0.4879 0.5688 0.4809
0.6175 0.6102 0.4737 0.3636 0.4213 0.4319 0.5986 0.4877 0.5686 0.4805
0.6173 0.6096 0.4737 0.3635 0.4214 0.4319 0.5980 0.4872 0.5688 0.4806
0.6170 0.6090 0.4739 0.3635 0.4214 0.4319 0.5975 0.4869 0.5691 0.4807
