0.6114 0.6116 0.5159 0.4008 0.5833 0.5116 0.5616 0.5917 0.4452 0.5423
0.6113 0.6113 0.5159 0.4007 0.5835 0.5116 0.5617 0.5917 0.4452 0.5423
0.6113 0.6112 0.5159 0.4007 0.5836 0.5116 0.5617 0.5917 0.4453 0.5423
0.6113 0.6112 0.5159 0.4007 0.5836 0.5116 0.5617 0.5917 0.4452 0.5423
0.6113 0.6113 0.5159 0.4007 0.5836 0.5116 0.5617 0.5917 0.4452 0.5423
0.6114 0.6113 0.5159 0.4007 0.5836 0.5116 0.5617 0.5917 0.4452 0.5423
0.6114 0.6115 0.5159 0.4008 0.5835 0.5115 0.5616 0.5917 0.4452 0.5423
0.6117 0.6121 0.5160 0.4010 0.5831 0.5114 0.5616 0.5917 0.4451 0.5425
0.6121 0.6132 0.5160 0.4014 0.5824 0.5114 0.5615 0.5917 0.4450 0.5427
0.6125 0.6142 0.5161 0.4018 0.5817 0.5113 0.5615 0.5917 0.4448 0.5428
0.6129 0.6150 0.5162 0.4021 0.5812 0.5113 0.5614 0.5916 0.4447 0.5430
0.6131 0.6157 0.5162 0.4024 0.5806 0.5112 0.5613 0.5916 0.4446 0.5431
0.6134 0.6170 0.5164 0.4028 0.5798 0.5110 0.5612 0.5917 0.4444 0.5433
0.6141 0.6188 0.5166 0.4035 0.5786 0.5108 0.5610 0.5917 0.4442 0.5436
0.6149 0.6208 0.5167 0.4042 0.5772 0.5107 0.5609 0.5917 0.4438 0.5439
0.6157 0.6228 0.5170 0.4050 0.5759 0.5105 0.5606 0.5916 0.4436 0.5442
0.6164 0.6252 0.5173 0.4058 0.5743 0.5102 0.5603 0.5917 0.4432 0.5446
0.6173 0.6282 0.5177 0.4068 0.5722 0.5099 0.5599 0.5918 0.4427 0.5450
0.6184 0.6316 0.5182 0.4080 0.5699 0.5095 0.5594 0.5918 0.4422 0.5455
0.6195 0.6351 0.5188 0.4092 0.5674 0.5091 0.5589 0.5919 0.4416 0.5460
0.6205 0.6383 0.5194 0.4103 0.5650 0.5087 0.5582 0.5919 0.4410 0.5463
0.6211 0.6413 0.5201 0.4112 0.5627 0.5082 0.5576 0.5921 0.4405 0.5466
0.6217 0.6444 0.5209 0.4121 0.5605 0.5077 0.5568 0.5923 0.4399 0.5469
0.6223 0.6476 0.5218 0.4130 0.5581 0.5072 0.5560 0.5925 0.4393 0.5473
0.6230 0.6507 0.5226 0.4140 0.5558 0.5066 0.5552 0.5927 0.4387 0.5475
0.6235 0.6536 0.5235 0.4148 0.5535 0.5061 0.5543 0.5929 0.4382 0.5477
0.6239 0.6564 0.5245 0.4156 0.5513 0.5055 0.5534 0.5931 0.4376 0.5478
0.6242 0.6590 0.5254 0.4162 0.5492 0.5049 0.5524 0.5933 0.4371 0.5479
0.6244 0.6612 0.5262 0.4168 0.5474 0.5045 0.5516 0.5934 0.4366 0.5479
0.6244 0.6627 0.5268 0.4171 0.5459 0.5043 0.5509 0.5934 0.4362 0.5478
0.6243 0.6637 0.5273 0.4172 0.5449 0.5041 0.5504 0.5935 0.4359 0.5478
0.6241 0.6644 0.5277 0.4173 0.5442 0.5040 0.5501 0.5937 0.4357 0.5478
0.6241 0.6655 0.5282 0.4175 0.5434 0.5036 0.5496 0.5939 0.4354 0.5479
0.6243 0.6673 0.5290 0.4180 0.5422 0.5030 0.5488 0.5941 0.4352 0.5478
0.6248 0.6693 0.5298 0.4186 0.5405 0.5025 0.5478 0.5942 0.4349 0.5476
0.6252 0.6712 0.5306 0.4192 0.5389 0.5022 0.5469 0.5941 0.4346 0.5474
0.6252 0.6723 0.5312 0.4193 0.5376 0.5021 0.5462 0.5941 0.4343 0.5471
0.6248 0.6725 0.5315 0.4191 0.5369 0.5022 0.5459 0.5940 0.4340 0.5470
0.6244 0.6725 0.5316 0.4189 0.5366 0.5023 0.5458 0.5940 0.4338 0.5470
0.6242 0.6727 0.5318 0.4188 0.5364 0.5023 0.5456 0.5941 0.4337 0.5470
0.6243 0.6731 0.5321 0.4189 0.5360 0.5021 0.5453 0.5941 0.4336 0.5469
0.6245 0.6737 0.5323 0.4191 0.5355 0.5020 0.5450 0.5941 0.4335 0.5468
0.6245 0.6740 0.5325 0.4192 0.5351 0.5021 0.5448 0.5940 0.4334 0.5467
0.6243 0.6738 0.5324 0.4190 0.5350 0.5022 0.5448 0.5939 0.4333 0.5466
0.6240 0.6732 0.5322 0.4187 0.5351 0.5025 0.5451 0.5938 0.4333 0.5467
0.6238 0.6725 0.5318 0.4184 0.5356 0.5029 0.5456 0.5937 0.4333 0.5468
0.6236 0.6714 0.5313 0.4181 0.5364 0.5032 0.5462 0.5936 0.4334 0.5469
0.6233 0.6703 0.5308 0.4178 0.5374 0.5035 0.5468 0.5937 0.4335 0.5472
0.6233 0.6696 0.5305 0.4177 0.5382 0.5034 0.5472 0.5938 0.4337 0.5473
0.6234 0.6694 0.5304 0.4178 0.5387 0.5033 0.5474 0.5939 0.4339 0.5474
0.6238 0.6695 0.5303 0.4180 0.5389 0.5032 0.5474 0.5939 0.4341 0.5474
0.6239 0.6691 0.5300 0.4179 0.5392 0.5034 0.5477 0.5937 0.4342 0.5474
0.6237 0.6682 0.5296 0.4177 0.5398 0.5037 0.5481 0.5936 0.4343 0.5474
0.6233 0.6670 0.5292 0.4173 0.5407 0.5040 0.5486 0.5936 0.4344 0.5476
0.6231 0.6660 0.5287 0.4170 0.5416 0.5041 0.5491 0.5937 0.4346 0.5477
0.6232 0.6652 0.5284 0.4169 0.5424 0.5043 0.5495 0.5936 0.4348 0.5477
0.6233 0.6644 0.5280 0.4168 0.5431 0.5044 0.5499 0.5935 0.4351 0.5477
0.6232 0.6635 0.5276 0.4166 0.5440 0.5046 0.5503 0.5935 0.4353 0.5478
0.6231 0.6627 0.5272 0.4164 0.5447 0.5047 0.5507 0.5935 0.4355 0.5478
0.6230 0.6619 0.5270 0.4162 0.5454 0.5048 0.5510 0.5935 0.4357 0.5478
0.6231 0.6609 0.5265 0.4160 0.5461 0.5052 0.5514 0.5932 0.4359 0.5478
0.6229 0.6595 0.5259 0.4156 0.5473 0.5056 0.5520 0.5931 0.4362 0.5477
0.6224 0.6576 0.5253 0.4150 0.5487 0.5059 0.5526 0.5930 0.4365 0.5477
0.6220 0.6558 0.5247 0.4145 0.5502 0.5062 0.5532 0.5930 0.4368 0.5477
0.6219 0.6549 0.5244 0.4143 0.5512 0.5062 0.5536 0.5931 0.4371 0.5477
0.6223 0.6551 0.5244 0.4146 0.5514 0.5059 0.5536 0.5932 0.4373 0.5478
0.6229 0.6559 0.5245 0.4150 0.5510 0.5058 0.5534 0.5931 0.4373 0.5478
0.6234 0.6567 0.5247 0.4153 0.5504 0.5058 0.5532 0.5930 0.4372 0.5478
0.6233 0.6569 0.5248 0.4154 0.5501 0.5057 0.5530 0.5930 0.4372 0.5477
0.6230 0.6567 0.5248 0.4152 0.5501 0.5058 0.5530 0.5930 0.4371 0.5477
0.6227 0.6562 0.5247 0.4149 0.5504 0.5060 0.5532 0.5930 0.4371 0.5477
0.6226 0.6556 0.5245 0.4148 0.5508 0.5060 0.5534 0.5930 0.4372 0.5477
0.6225 0.6553 0.5244 0.4147 0.5512 0.5061 0.5535 0.5930 0.4373 0.5477
0.6226 0.6552 0.5243 0.4147 0.5513 0.5061 0.5536 0.5930 0.4373 0.5477
0.6227 0.6552 0.5243 0.4147 0.5513 0.5060 0.5536 0.5930 0.4374 0.5477
0.6227 0.6551 0.5243 0.4147 0.5514 0.5061 0.5536 0.5929 0.4374 0.5477
0.6226 0.6545 0.5240 0.4145 0.5517 0.5064 0.5538 0.5927 0.4375 0.5475
0.6222 0.6531 0.5236 0.4140 0.5526 0.5067 0.5542 0.5926 0.4377 0.5474
0.6217 0.6514 0.5232 0.4135 0.5539 0.5070 0.5546 0.5926 0.4379 0.5474
0.6212 0.6497 0.5228 0.4129 0.5551 0.5072 0.5551 0.5926 0.4382 0.5473
0.6211 0.6485 0.5224 0.4126 0.5562 0.5074 0.5555 0.5925 0.4385 0.5473
0.6211 0.6474 0.5220 0.4124 0.5571 0.5076 0.5559 0.5924 0.4388 0.5471
0.6209 0.6459 0.5215 0.4120 0.5582 0.5080 0.5562 0.5922 0.4391 0.5469
0.6205 0.6441 0.5211 0.4114 0.5595 0.5082 0.5566 0.5921 0.4395 0.5467
0.6199 0.6423 0.5207 0.4108 0.5608 0.5084 0.5570 0.5921 0.4398 0.5466
0.6196 0.6409 0.5204 0.4104 0.5620 0.5086 0.5574 0.5921 0.4400 0.5465
0.6195 0.6400 0.5201 0.4102 0.5628 0.5087 0.5576 0.5921 0.4403 0.5464
0.6196 0.6394 0.5199 0.4101 0.5633 0.5088 0.5578 0.5920 0.4404 0.5463
0.6196 0.6388 0.5198 0.4100 0.5638 0.5089 0.5579 0.5919 0.4406 0.5462
0.6193 0.6378 0.5196 0.4097 0.5644 0.5091 0.5581 0.5918 0.4407 0.5461
0.6189 0.6367 0.5194 0.4092 0.5652 0.5092 0.5583 0.5918 0.4409 0.5459
0.6185 0.6353 0.5191 0.4088 0.5662 0.5094 0.5585 0.5918 0.4411 0.5458
0.6181 0.6339 0.5189 0.4083 0.5672 0.5096 0.5588 0.5917 0.4414 0.5456
0.6178 0.6328 0.5186 0.4080 0.5681 0.5097 0.5590 0.5917 0.4416 0.5455
0.6177 0.6320 0.5185 0.4077 0.5687 0.5098 0.5591 0.5917 0.4418 0.5454
0.6176 0.6314 0.5184 0.4076 0.5692 0.5098 0.5593 0.5917 0.4419 0.5453
0.6176 0.6309 0.5183 0.4075 0.5696 0.5099 0.5594 0.5917 0.4420 0.5453
0.6173 0.6301 0.5181 0.4072 0.5701 0.5100 0.5595 0.5916 0.4421 0.5451
0.6169 0.6288 0.5179 0.4067 0.5709 0.5102 0.5597 0.5915 0.4423 0.5449
0.6164 0.6274 0.5177 0.4062 0.5720 0.5103 0.5598 0.5916 0.4426 0.5447
0.6159 0.6260 0.5176 0.4057 0.5729 0.5105 0.5600 0.5916 0.4428 0.5445
0.6156 0.6249 0.5174 0.4053 0.5738 0.5106 0.5602 0.5916 0.4430 0.5444
0.6154 0.6240 0.5172 0.4051 0.5745 0.5106 0.5603 0.5916 0.4432 0.5443
0.6154 0.6238 0.5172 0.4051 0.5748 0.5106 0.5604 0.5916 0.4432 0.5443
0.6155 0.6238 0.5172 0.4051 0.5747 0.5106 0.5604 0.5916 0.4432 0.5443
0.6156 0.6236 0.5171 0.4051 0.5749 0.5107 0.5605 0.5915 0.4433 0.5443
0.6154 0.6232 0.5171 0.4049 0.5752 0.5107 0.5605 0.5915 0.4434 0.5442
0.6151 0.6226 0.5170 0.4047 0.5755 0.5108 0.5605 0.5915 0.4434 0.5441
0.6148 0.6218 0.5169 0.4044 0.5760 0.5108 0.5606 0.5915 0.4435 0.5439
0.6145 0.6210 0.5168 0.4041 0.5766 0.5109 0.5607 0.5916 0.4437 0.5438
0.6143 0.6204 0.5168 0.4039 0.5771 0.5109 0.5608 0.5916 0.4438 0.5437
0.6142 0.6199 0.5167 0.4037 0.5775 0.5110 0.5608 0.5916 0.4439 0.5437
0.6140 0.6193 0.5166 0.4035 0.5778 0.5110 0.5609 0.5916 0.4439 0.5436
0.6138 0.6187 0.5166 0.4033 0.5783 0.5111 0.5610 0.5915 0.4440 0.5435
0.6135 0.6178 0.5165 0.4030 0.5788 0.5112 0.5610 0.5915 0.4442 0.5433
0.6131 0.6166 0.5164 0.4025 0.5797 0.5113 0.5612 0.5915 0.4443 0.5431
0.6126 0.6154 0.5163 0.4021 0.5805 0.5114 0.5612 0.5916 0.4445 0.5429
0.6122 0.6145 0.5162 0.4018 0.5811 0.5114 0.5613 0.5916 0.4447 0.5428
0.6122 0.6141 0.5161 0.4016 0.5815 0.5114 0.5614 0.5916 0.4448 0.5428
0.6122 0.6140 0.5161 0.4017 0.5817 0.5114 0.5614 0.5916 0.4448 0.5428
0.6124 0.6143 0.5161 0.4018 0.5815 0.5113 0.5614 0.5916 0.4448 0.5428
0.6126 0.6146 0.5161 0.4019 0.5814 0.5113 0.5614 0.5916 0.4447 0.5429
0.6126 0.6146 0.5161 0.4019 0.5813 0.5114 0.5614 0.5916 0.4447 0.5428
0.6125 0.6146 0.5162 0.4019 0.5813 0.5113 0.5614 0.5916 0.4447 0.5428
0.6125 0.6148 0.5162 0.4020 0.5811 0.5113 0.5613 0.5916 0.4447 0.5429
0.6127 0.6152 0.5162 0.4021 0.5809 0.5113 0.5613 0.5916 0.4447 0.5430
0.6129 0.6156 0.5162 0.4023 0.5806 0.5112 0.5613 0.5916 0.4446 0.5430
0.6131 0.6160 0.5163 0.4024 0.5803 0.5112 0.5613 0.5916 0.4445 0.5431
0.6132 0.6163 0.5163 0.4025 0.5801 0.5112 0.5612 0.5916 0.4445 0.5431
0.6133 0.6167 0.5164 0.4027 0.5799 0.5111 0.5612 0.5916 0.4444 0.5432
0.6135 0.6175 0.5164 0.4030 0.5794 0.5110 0.5611 0.5916 0.4443 0.5433
0.6140 0.6187 0.5165 0.4034 0.5786 0.5109 0.5610 0.5917 0.4442 0.5435
0.6146 0.6201 0.5167 0.4040 0.5777 0.5108 0.5609 0.5917 0.4440 0.5438
0.6153 0.6219 0.5169 0.4046 0.5765 0.5106 0.5607 0.5917 0.4437 0.5441
0.6159 0.6238 0.5171 0.4053 0.5752 0.5105 0.5605 0.5917 0.4434 0.5443
0.6164 0.6254 0.5173 0.4058 0.5740 0.5104 0.5603 0.5916 0.4431 0.5446
0.6167 0.6265 0.5175 0.4062 0.5731 0.5103 0.5601 0.5916 0.4429 0.5447
0.6169 0.6275 0.5177 0.4065 0.5724 0.5101 0.5599 0.5916 0.4427 0.5448
0.6171 0.6285 0.5178 0.4068 0.5716 0.5100 0.5598 0.5917 0.4426 0.5450
0.6174 0.6295 0.5180 0.4071 0.5709 0.5099 0.5596 0.5917 0.4424 0.5451
0.6178 0.6308 0.5182 0.4076 0.5700 0.5097 0.5595 0.5917 0.4422 0.5453
0.6183 0.6322 0.5184 0.4080 0.5690 0.5096 0.5592 0.5918 0.4419 0.5455
0.6186 0.6333 0.5186 0.4084 0.5682 0.5095 0.5591 0.5917 0.4417 0.5456
0.6188 0.6342 0.5188 0.4087 0.5675 0.5094 0.5589 0.5918 0.4416 0.5457
0.6189 0.6350 0.5190 0.4089 0.5669 0.5093 0.5587 0.5918 0.4414 0.5458
0.6191 0.6357 0.5191 0.4091 0.5663 0.5092 0.5586 0.5918 0.4413 0.5459
0.6193 0.6365 0.5193 0.4094 0.5658 0.5091 0.5584 0.5919 0.4411 0.5460
0.6195 0.6375 0.5195 0.4097 0.5651 0.5089 0.5582 0.5919 0.4410 0.5461
0.6198 0.6385 0.5196 0.4100 0.5643 0.5088 0.5581 0.5920 0.4408 0.5463
0.6202 0.6399 0.5200 0.4105 0.5634 0.5085 0.5578 0.5921 0.4406 0.5465
0.6206 0.6416 0.5204 0.4111 0.5622 0.5082 0.5574 0.5922 0.4403 0.5466
0.6211 0.6431 0.5206 0.4115 0.5610 0.5081 0.5571 0.5921 0.4399 0.5468
0.6214 0.6443 0.5209 0.4119 0.5601 0.5079 0.5568 0.5922 0.4398 0.5468
0.6214 0.6452 0.5212 0.4121 0.5594 0.5078 0.5565 0.5923 0.4396 0.5469
0.6214 0.6458 0.5214 0.4122 0.5588 0.5077 0.5563 0.5923 0.4394 0.5470
0.6214 0.6463 0.5215 0.4123 0.5584 0.5076 0.5562 0.5923 0.4393 0.5470
0.6214 0.6465 0.5216 0.4124 0.5582 0.5076 0.5561 0.5923 0.4392 0.5470
0.6214 0.6466 0.5217 0.4124 0.5581 0.5076 0.5561 0.5923 0.4392 0.5471
0.6214 0.6469 0.5218 0.4125 0.5579 0.5075 0.5560 0.5924 0.4391 0.5471
0.6214 0.6472 0.5219 0.4125 0.5577 0.5075 0.5560 0.5924 0.4390 0.5471
0.6217 0.6481 0.5221 0.4129 0.5571 0.5072 0.5558 0.5925 0.4389 0.5473
0.6221 0.6497 0.5225 0.4134 0.5561 0.5068 0.5553 0.5927 0.4387 0.5474
0.6228 0.6521 0.5232 0.4142 0.5545 0.5063 0.5547 0.5929 0.4383 0.5477
0.6235 0.6551 0.5241 0.4152 0.5524 0.5057 0.5538 0.5931 0.4379 0.5478
0.6241 0.6578 0.5249 0.4159 0.5502 0.5052 0.5529 0.5932 0.4373 0.5478
0.6245 0.6604 0.5258 0.4167 0.5481 0.5047 0.5520 0.5933 0.4369 0.5479
0.6245 0.6627 0.5268 0.4172 0.5463 0.5041 0.5509 0.5936 0.4364 0.5479
0.6245 0.6644 0.5276 0.4175 0.5446 0.5038 0.5502 0.5937 0.4359 0.5478
0.6247 0.6660 0.5282 0.4179 0.5432 0.5035 0.5495 0.5938 0.4356 0.5478
0.6246 0.6671 0.5288 0.4181 0.5421 0.5032 0.5488 0.5939 0.4353 0.5477
0.6245 0.6680 0.5293 0.4181 0.5412 0.5031 0.5484 0.5939 0.4350 0.5476
0.6245 0.6692 0.5298 0.4184 0.5402 0.5028 0.5478 0.5941 0.4347 0.5476
0.6245 0.6701 0.5303 0.4186 0.5394 0.5026 0.5473 0.5941 0.4345 0.5474
0.6246 0.6705 0.5305 0.4186 0.5386 0.5028 0.5471 0.5939 0.4343 0.5473
0.6244 0.6702 0.5304 0.4184 0.5385 0.5031 0.5472 0.5937 0.4342 0.5473
0.6238 0.6692 0.5301 0.4179 0.5390 0.5034 0.5475 0.5937 0.4342 0.5473
0.6234 0.6685 0.5299 0.4176 0.5396 0.5035 0.5479 0.5939 0.4342 0.5475
0.6235 0.6684 0.5299 0.4177 0.5399 0.5033 0.5480 0.5940 0.4343 0.5476
0.6239 0.6689 0.5299 0.4180 0.5398 0.5032 0.5478 0.5939 0.4344 0.5475
0.6242 0.6693 0.5300 0.4182 0.5395 0.5031 0.5477 0.5939 0.4344 0.5475
0.6241 0.6693 0.5300 0.4182 0.5394 0.5031 0.5476 0.5939 0.4344 0.5474
0.6240 0.6691 0.5300 0.4180 0.5394 0.5032 0.5477 0.5938 0.4343 0.5474
0.6239 0.6687 0.5298 0.4179 0.5397 0.5034 0.5479 0.5938 0.4343 0.5474
0.6237 0.6679 0.5295 0.4176 0.5401 0.5037 0.5483 0.5936 0.4344 0.5475
0.6235 0.6667 0.5290 0.4173 0.5410 0.5041 0.5488 0.5936 0.4345 0.5475
0.6232 0.6656 0.5285 0.4169 0.5420 0.5043 0.5494 0.5936 0.4347 0.5477
0.6230 0.6644 0.5281 0.4166 0.5430 0.5045 0.5498 0.5936 0.4350 0.5477
0.6231 0.6635 0.5276 0.4165 0.5439 0.5047 0.5503 0.5935 0.4352 0.5478
0.6231 0.6626 0.5272 0.4163 0.5448 0.5048 0.5507 0.5934 0.4355 0.5478
0.6229 0.6612 0.5266 0.4160 0.5458 0.5052 0.5513 0.5932 0.4358 0.5477
0.6227 0.6596 0.5260 0.4156 0.5471 0.5055 0.5519 0.5931 0.4361 0.5478
0.6224 0.6581 0.5255 0.4151 0.5484 0.5057 0.5524 0.5932 0.4364 0.5478
0.6222 0.6567 0.5250 0.4148 0.5495 0.5060 0.5529 0.5931 0.4367 0.5477
0.6223 0.6555 0.5245 0.4145 0.5506 0.5062 0.5534 0.5929 0.4370 0.5477
0.6222 0.6545 0.5242 0.4144 0.5516 0.5063 0.5537 0.5929 0.4373 0.5476
0.6220 0.6535 0.5239 0.4141 0.5523 0.5065 0.5540 0.5928 0.4375 0.5476
0.6221 0.6527 0.5235 0.4139 0.5530 0.5067 0.5544 0.5927 0.4377 0.5475
0.6220 0.6521 0.5234 0.4138 0.5537 0.5067 0.5545 0.5927 0.4379 0.5475
0.6219 0.6516 0.5232 0.4137 0.5540 0.5068 0.5547 0.5927 0.4380 0.5475
0.6220 0.6511 0.5230 0.4135 0.5544 0.5069 0.5548 0.5926 0.4381 0.5474
0.6219 0.6502 0.5227 0.4133 0.5550 0.5071 0.5551 0.5925 0.4383 0.5473
0.6216 0.6493 0.5225 0.4130 0.5557 0.5072 0.5553 0.5925 0.4385 0.5473
0.6213 0.6488 0.5224 0.4128 0.5562 0.5072 0.5554 0.5926 0.4386 0.5473
0.6214 0.6484 0.5223 0.4128 0.5565 0.5073 0.5556 0.5925 0.4386 0.5473
0.6216 0.6483 0.5221 0.4128 0.5567 0.5074 0.5557 0.5925 0.4388 0.5472
0.6217 0.6483 0.5222 0.4129 0.5568 0.5073 0.5556 0.5925 0.4388 0.5472
0.6216 0.6483 0.5222 0.4129 0.5567 0.5073 0.5556 0.5925 0.4388 0.5472
0.6216 0.6483 0.5221 0.4128 0.5567 0.5074 0.5557 0.5924 0.4388 0.5472
0.6216 0.6482 0.5221 0.4128 0.5568 0.5074 0.5557 0.5924 0.4388 0.5472
0.6215 0.6479 0.5221 0.4127 0.5570 0.5074 0.5557 0.5924 0.4388 0.5472
0.6214 0.6476 0.5220 0.4126 0.5572 0.5075 0.5558 0.5924 0.4389 0.5471
0.6213 0.6472 0.5219 0.4125 0.5575 0.5075 0.5559 0.5924 0.4390 0.5471
0.6213 0.6470 0.5218 0.4124 0.5577 0.5075 0.5560 0.5924 0.4390 0.5471
0.6213 0.6469 0.5218 0.4124 0.5578 0.5076 0.5560 0.5924 0.4390 0.5471
0.6213 0.6466 0.5217 0.4123 0.5580 0.5077 0.5561 0.5923 0.4391 0.5470
0.6212 0.6460 0.5215 0.4122 0.5583 0.5078 0.5562 0.5922 0.4392 0.5470
0.6210 0.6456 0.5215 0.4120 0.5587 0.5078 0.5563 0.5923 0.4393 0.5470
0.6209 0.6454 0.5214 0.4119 0.5589 0.5078 0.5564 0.5923 0.4393 0.5470
0.6210 0.6451 0.5213 0.4119 0.5591 0.5079 0.5565 0.5922 0.4394 0.5469
0.6210 0.6448 0.5212 0.4118 0.5594 0.5079 0.5565 0.5922 0.4395 0.5469
0.6208 0.6446 0.5212 0.4117 0.5595 0.5080 0.5566 0.5922 0.4395 0.5469
0.6207 0.6441 0.5210 0.4116 0.5598 0.5081 0.5567 0.5922 0.4396 0.5468
0.6206 0.6435 0.5209 0.4114 0.5603 0.5082 0.5569 0.5921 0.4397 0.5467
0.6204 0.6431 0.5208 0.4113 0.5606 0.5082 0.5569 0.5922 0.4398 0.5467
0.6204 0.6427 0.5207 0.4111 0.5608 0.5083 0.5570 0.5921 0.4398 0.5467
0.6204 0.6421 0.5205 0.4110 0.5613 0.5085 0.5572 0.5920 0.4399 0.5466
0.6201 0.6413 0.5204 0.4107 0.5619 0.5086 0.5573 0.5920 0.4401 0.5465
0.6198 0.6403 0.5202 0.4104 0.5625 0.5087 0.5575 0.5920 0.4402 0.5464
0.6195 0.6393 0.5199 0.4100 0.5633 0.5089 0.5578 0.5920 0.4404 0.5463
0.6193 0.6383 0.5197 0.4097 0.5641 0.5090 0.5580 0.5919 0.4406 0.5462
0.6191 0.6374 0.5195 0.4095 0.5647 0.5091 0.5582 0.5919 0.4408 0.5461
0.6190 0.6368 0.5194 0.4093 0.5653 0.5091 0.5583 0.5919 0.4409 0.5460
0.6190 0.6366 0.5193 0.4093 0.5655 0.5091 0.5583 0.5919 0.4410 0.5460
0.6191 0.6366 0.5193 0.4093 0.5655 0.5091 0.5584 0.5919 0.4410 0.5460
0.6191 0.6364 0.5192 0.4093 0.5656 0.5092 0.5584 0.5918 0.4411 0.5460
0.6190 0.6358 0.5191 0.4091 0.5660 0.5093 0.5585 0.5918 0.4411 0.5459
0.6186 0.6350 0.5190 0.4088 0.5665 0.5094 0.5586 0.5917 0.4413 0.5457
0.6182 0.6340 0.5188 0.4084 0.5672 0.5096 0.5588 0.5917 0.4414 0.5456
0.6179 0.6328 0.5186 0.4080 0.5680 0.5097 0.5590 0.5917 0.4416 0.5455
0.6176 0.6316 0.5184 0.4076 0.5689 0.5099 0.5592 0.5917 0.4418 0.5453
0.6173 0.6305 0.5182 0.4073 0.5697 0.5100 0.5594 0.5917 0.4420 0.5452
0.6170 0.6295 0.5181 0.4069 0.5705 0.5101 0.5595 0.5916 0.4422 0.5451
0.6168 0.6286 0.5179 0.4066 0.5712 0.5102 0.5597 0.5916 0.4424 0.5449
0.6165 0.6276 0.5177 0.4063 0.5719 0.5103 0.5598 0.5916 0.4425 0.5448
0.6161 0.6263 0.5175 0.4059 0.5727 0.5105 0.5600 0.5915 0.4427 0.5446
0.6157 0.6250 0.5174 0.4054 0.5737 0.5106 0.5602 0.5915 0.4430 0.5444
0.6152 0.6237 0.5172 0.4049 0.5746 0.5107 0.5603 0.5915 0.4432 0.5442
0.6149 0.6225 0.5170 0.4046 0.5755 0.5108 0.5605 0.5915 0.4434 0.5440
0.6147 0.6217 0.5169 0.4043 0.5761 0.5108 0.5606 0.5916 0.4435 0.5439
0.6146 0.6213 0.5169 0.4042 0.5765 0.5109 0.5607 0.5916 0.4436 0.5439
0.6146 0.6209 0.5168 0.4041 0.5768 0.5109 0.5607 0.5916 0.4437 0.5438
0.6145 0.6205 0.5168 0.4040 0.5770 0.5109 0.5608 0.5916 0.4438 0.5438
0.6143 0.6201 0.5167 0.4038 0.5773 0.5110 0.5608 0.5915 0.4438 0.5437
0.6141 0.6194 0.5166 0.4035 0.5778 0.5111 0.5609 0.5915 0.4439 0.5436
0.6137 0.6186 0.5166 0.4032 0.5783 0.5111 0.5610 0.5915 0.4441 0.5434
0.6134 0.6176 0.5165 0.4029 0.5790 0.5112 0.5610 0.5915 0.4442 0.5433
0.6131 0.6167 0.5164 0.4025 0.5796 0.5113 0.5612 0.5916 0.4443 0.5431
0.6127 0.6156 0.5163 0.4022 0.5804 0.5114 0.5612 0.5916 0.4445 0.5430
0.6124 0.6147 0.5162 0.4018 0.5811 0.5114 0.5613 0.5916 0.4447 0.5428
0.6120 0.6137 0.5161 0.4015 0.5817 0.5115 0.5614 0.5916 0.4448 0.5427
0.6117 0.6127 0.5160 0.4011 0.5824 0.5116 0.5615 0.5916 0.4450 0.5425
0.6113 0.6116 0.5159 0.4007 0.5832 0.5116 0.5616 0.5916 0.4451 0.5423
0.6109 0.6107 0.5159 0.4004 0.5838 0.5117 0.5617 0.5917 0.4453 0.5422
0.6107 0.6099 0.5158 0.4001 0.5844 0.5117 0.5617 0.5917 0.4454 0.5420
0.6104 0.6091 0.5157 0.3999 0.5849 0.5118 0.5618 0.5917 0.4455 0.5419
0.6103 0.6086 0.5157 0.3997 0.5853 0.5118 0.5618 0.5917 0.4456 0.5418
0.6101 0.6082 0.5157 0.3996 0.5856 0.5118 0.5619 0.5917 0.4457 0.5418
0.6101 0.6080 0.5157 0.3995 0.5858 0.5118 0.5619 0.5917 0.4457 0.5417
0.6101 0.6080 0.5157 0.3995 0.5859 0.5118 0.5619 0.5918 0.4457 0.5417
0.6102 0.6081 0.5157 0.3995 0.5858 0.5117 0.5619 0.5918 0.4457 0.5418
0.6102 0.6082 0.5157 0.3996 0.5857 0.5117 0.5619 0.5918 0.4457 0.5418
0.6103 0.6082 0.5157 0.3996 0.5857 0.5117 0.5619 0.5917 0.4457 0.5418
0.6103 0.6083 0.5157 0.3996 0.5856 0.5117 0.5619 0.5918 0.4457 0.5418
0.6104 0.6086 0.5157 0.3997 0.5854 0.5117 0.5618 0.5918 0.4457 0.5419
0.6105 0.6090 0.5157 0.3999 0.5852 0.5117 0.5618 0.5918 0.4456 0.5419
0.6107 0.6094 0.5157 0.4000 0.5850 0.5117 0.5618 0.5917 0.4455 0.5420
0.6108 0.6097 0.5158 0.4002 0.5847 0.5116 0.5618 0.5917 0.4455 0.5421
0.6110 0.6103 0.5158 0.4004 0.5844 0.5116 0.5617 0.5917 0.4454 0.5422
0.6114 0.6112 0.5159 0.4007 0.5838 0.5115 0.5617 0.5917 0.4453 0.5423
0.6118 0.6121 0.5159 0.4011 0.5831 0.5114 0.5616 0.5917 0.4452 0.5425
0.6121 0.6130 0.5160 0.4014 0.5825 0.5114 0.5616 0.5917 0.4450 0.5426
0.6125 0.6142 0.5161 0.4018 0.5818 0.5113 0.5615 0.5917 0.4449 0.5428
0.6131 0.6158 0.5163 0.4024 0.5807 0.5111 0.5613 0.5917 0.4446 0.5431
0.6138 0.6175 0.5164 0.4030 0.5795 0.5110 0.5612 0.5917 0.4444 0.5434
0.6144 0.6192 0.5166 0.4037 0.5783 0.5109 0.5610 0.5916 0.4441 0.5437
0.6150 0.6209 0.5168 0.4043 0.5772 0.5107 0.5608 0.5916 0.4439 0.5439
0.6155 0.6226 0.5170 0.4048 0.5760 0.5106 0.5606 0.5916 0.4436 0.5441
0.6160 0.6244 0.5172 0.4055 0.5747 0.5104 0.5604 0.5917 0.4433 0.5444
0.6166 0.6263 0.5175 0.4061 0.5734 0.5102 0.5601 0.5917 0.4430 0.5447
0.6172 0.6280 0.5177 0.4067 0.5721 0.5101 0.5599 0.5917 0.4427 0.5449
0.6177 0.6295 0.5179 0.4072 0.5711 0.5099 0.5597 0.5917 0.4424 0.5451
0.6180 0.6309 0.5182 0.4077 0.5700 0.5097 0.5594 0.5917 0.4422 0.5453
0.6183 0.6325 0.5185 0.4082 0.5688 0.5095 0.5592 0.5918 0.4419 0.5455
0.6189 0.6342 0.5188 0.4087 0.5676 0.5093 0.5589 0.5918 0.4416 0.5458
0.6194 0.6360 0.5191 0.4094 0.5664 0.5091 0.5586 0.5919 0.4413 0.5460
0.6199 0.6379 0.5195 0.4100 0.5650 0.5088 0.5582 0.5919 0.4410 0.5462
0.6203 0.6395 0.5198 0.4105 0.5637 0.5086 0.5579 0.5920 0.4407 0.5464
0.6206 0.6411 0.5202 0.4110 0.5626 0.5084 0.5575 0.5921 0.4404 0.5466
0.6209 0.6428 0.5206 0.4115 0.5613 0.5080 0.5571 0.5922 0.4401 0.5468
0.6214 0.6446 0.5211 0.4120 0.5600 0.5078 0.5567 0.5923 0.4397 0.5470
0.6218 0.6464 0.5215 0.4126 0.5587 0.5075 0.5563 0.5924 0.4394 0.5471
0.6222 0.6482 0.5220 0.4131 0.5573 0.5072 0.5558 0.5925 0.4391 0.5473
0.6224 0.6500 0.5225 0.4136 0.5559 0.5068 0.5553 0.5926 0.4387 0.5474
0.6228 0.6517 0.5230 0.4141 0.5546 0.5066 0.5548 0.5927 0.4384 0.5475
0.6230 0.6534 0.5236 0.4146 0.5533 0.5062 0.5543 0.5928 0.4381 0.5476
0.6232 0.6549 0.5241 0.4149 0.5521 0.5059 0.5538 0.5929 0.4377 0.5477
0.6234 0.6561 0.5245 0.4152 0.5510 0.5057 0.5533 0.5930 0.4374 0.5477
0.6235 0.6573 0.5249 0.4156 0.5501 0.5055 0.5529 0.5931 0.4372 0.5478
0.6235 0.6583 0.5253 0.4158 0.5493 0.5053 0.5525 0.5932 0.4370 0.5478
0.6235 0.6590 0.5256 0.4159 0.5485 0.5052 0.5523 0.5932 0.4367 0.5478
0.6236 0.6595 0.5257 0.4160 0.5481 0.5052 0.5521 0.5932 0.4366 0.5478
0.6234 0.6596 0.5259 0.4160 0.5479 0.5051 0.5520 0.5933 0.4365 0.5478
0.6233 0.6597 0.5259 0.4159 0.5477 0.5052 0.5520 0.5933 0.4365 0.5478
0.6233 0.6597 0.5259 0.4159 0.5477 0.5052 0.5520 0.5933 0.4364 0.5478
0.6233 0.6599 0.5260 0.4160 0.5476 0.5050 0.5519 0.5933 0.4364 0.5478
0.6234 0.6603 0.5262 0.4161 0.5474 0.5049 0.5518 0.5934 0.4364 0.5479
0.6235 0.6607 0.5263 0.4162 0.5470 0.5049 0.5516 0.5934 0.4363 0.5479
0.6236 0.6609 0.5263 0.4163 0.5468 0.5049 0.5515 0.5933 0.4363 0.5478
0.6235 0.6607 0.5263 0.4162 0.5468 0.5050 0.5516 0.5933 0.4362 0.5478
0.6233 0.6604 0.5262 0.4160 0.5470 0.5051 0.5517 0.5933 0.4362 0.5478
0.6231 0.6602 0.5262 0.4159 0.5472 0.5051 0.5517 0.5934 0.4363 0.5478
0.6231 0.6600 0.5261 0.4159 0.5473 0.5051 0.5518 0.5933 0.4363 0.5478
0.6233 0.6599 0.5260 0.4159 0.5474 0.5052 0.5519 0.5933 0.4363 0.5478
0.6233 0.6597 0.5259 0.4159 0.5476 0.5052 0.5519 0.5933 0.4364 0.5478
0.6232 0.6597 0.5260 0.4159 0.5477 0.5051 0.5519 0.5933 0.4364 0.5478
0.6232 0.6596 0.5259 0.4158 0.5477 0.5052 0.5520 0.5933 0.4364 0.5478
0.6232 0.6592 0.5257 0.4158 0.5479 0.5054 0.5521 0.5931 0.4365 0.5478
0.6231 0.6586 0.5255 0.4156 0.5484 0.5055 0.5523 0.5931 0.4366 0.5477
0.6227 0.6577 0.5253 0.4152 0.5490 0.5057 0.5526 0.5931 0.4367 0.5477
0.6226 0.6569 0.5250 0.4150 0.5497 0.5058 0.5529 0.5931 0.4368 0.5478
0.6225 0.6562 0.5247 0.4148 0.5503 0.5060 0.5532 0.5930 0.4370 0.5477
0.6225 0.6554 0.5244 0.4146 0.5509 0.5062 0.5535 0.5929 0.4372 0.5477
0.6224 0.6545 0.5241 0.4144 0.5516 0.5063 0.5538 0.5928 0.4374 0.5476
0.6222 0.6538 0.5239 0.4142 0.5523 0.5064 0.5540 0.5929 0.4376 0.5476
0.6221 0.6532 0.5237 0.4141 0.5527 0.5065 0.5542 0.5928 0.4377 0.5476
0.6221 0.6525 0.5234 0.4139 0.5532 0.5067 0.5544 0.5927 0.4378 0.5475
0.6220 0.6514 0.5231 0.4136 0.5540 0.5070 0.5547 0.5925 0.4380 0.5474
0.6216 0.6502 0.5228 0.4133 0.5550 0.5071 0.5550 0.5926 0.4383 0.5473
0.6213 0.6494 0.5226 0.4130 0.5556 0.5071 0.5552 0.5926 0.4384 0.5473
0.6214 0.6489 0.5224 0.4129 0.5560 0.5073 0.5555 0.5926 0.4385 0.5473
0.6216 0.6486 0.5222 0.4129 0.5564 0.5074 0.5556 0.5925 0.4387 0.5472
0.6216 0.6481 0.5221 0.4128 0.5568 0.5074 0.5557 0.5924 0.4388 0.5472
0.6214 0.6476 0.5220 0.4126 0.5572 0.5075 0.5558 0.5924 0.4389 0.5471
0.6212 0.6469 0.5218 0.4124 0.5576 0.5076 0.5560 0.5924 0.4390 0.5471
0.6210 0.6462 0.5216 0.4121 0.5581 0.5078 0.5562 0.5923 0.4391 0.5470
0.6209 0.6453 0.5214 0.4119 0.5588 0.5080 0.5564 0.5922 0.4393 0.5469
0.6207 0.6445 0.5212 0.4117 0.5594 0.5080 0.5566 0.5922 0.4394 0.5469
0.6206 0.6441 0.5211 0.4115 0.5598 0.5080 0.5567 0.5923 0.4396 0.5468
0.6206 0.6440 0.5210 0.4115 0.5600 0.5080 0.5568 0.5923 0.4396 0.5469
0.6208 0.6438 0.5209 0.4115 0.5601 0.5081 0.5568 0.5922 0.4396 0.5468
0.6207 0.6433 0.5208 0.4114 0.5604 0.5083 0.5569 0.5921 0.4398 0.5467
0.6203 0.6423 0.5206 0.4110 0.5611 0.5085 0.5571 0.5920 0.4399 0.5466
0.6199 0.6411 0.5203 0.4106 0.5619 0.5086 0.5574 0.5920 0.4401 0.5465
0.6195 0.6397 0.5201 0.4101 0.5629 0.5088 0.5576 0.5920 0.4403 0.5463
0.6192 0.6384 0.5198 0.4097 0.5639 0.5090 0.5580 0.5919 0.4405 0.5462
0.6190 0.6374 0.5195 0.4094 0.5647 0.5091 0.5581 0.5919 0.4408 0.5461
0.6189 0.6367 0.5194 0.4092 0.5653 0.5092 0.5583 0.5919 0.4409 0.5460
0.6189 0.6364 0.5193 0.4092 0.5656 0.5092 0.5584 0.5919 0.4410 0.5460
0.6190 0.6363 0.5192 0.4092 0.5658 0.5092 0.5584 0.5919 0.4411 0.5460
0.6190 0.6362 0.5192 0.4092 0.5658 0.5092 0.5585 0.5918 0.4411 0.5460
0.6190 0.6361 0.5192 0.4092 0.5659 0.5092 0.5585 0.5918 0.4411 0.5459
0.6189 0.6358 0.5192 0.4091 0.5660 0.5093 0.5585 0.5918 0.4412 0.5459
0.6189 0.6357 0.5191 0.4090 0.5662 0.5093 0.5585 0.5918 0.4412 0.5459
0.6189 0.6359 0.5192 0.4091 0.5661 0.5092 0.5585 0.5919 0.4412 0.5459
0.6191 0.6364 0.5193 0.4093 0.5658 0.5091 0.5584 0.5919 0.4411 0.5460
0.6193 0.6369 0.5193 0.4095 0.5654 0.5091 0.5584 0.5919 0.4410 0.5461
0.6195 0.6372 0.5194 0.4096 0.5652 0.5090 0.5583 0.5919 0.4410 0.5461
0.6195 0.6375 0.5195 0.4097 0.5649 0.5090 0.5582 0.5919 0.4409 0.5461
0.6195 0.6378 0.5195 0.4097 0.5647 0.5089 0.5581 0.5919 0.4408 0.5461
0.6195 0.6378 0.5195 0.4097 0.5647 0.5090 0.5582 0.5919 0.4408 0.5461
0.6194 0.6376 0.5195 0.4096 0.5648 0.5090 0.5582 0.5919 0.4409 0.5461
0.6192 0.6371 0.5194 0.4094 0.5651 0.5091 0.5582 0.5918 0.4409 0.5460
0.6190 0.6365 0.5193 0.4092 0.5655 0.5092 0.5584 0.5918 0.4410 0.5460
0.6188 0.6359 0.5192 0.4090 0.5660 0.5093 0.5585 0.5918 0.4411 0.5459
0.6186 0.6353 0.5191 0.4088 0.5664 0.5094 0.5586 0.5918 0.4412 0.5458
0.6184 0.6344 0.5189 0.4086 0.5669 0.5095 0.5588 0.5917 0.4413 0.5457
0.6182 0.6334 0.5187 0.4082 0.5677 0.5096 0.5589 0.5917 0.4415 0.5456
0.6178 0.6325 0.5186 0.4079 0.5683 0.5097 0.5590 0.5917 0.4417 0.5454
0.6176 0.6317 0.5184 0.4076 0.5689 0.5098 0.5592 0.5917 0.4418 0.5454
0.6174 0.6307 0.5182 0.4073 0.5696 0.5100 0.5594 0.5916 0.4420 0.5452
0.6171 0.6296 0.5180 0.4070 0.5704 0.5101 0.5595 0.5916 0.4422 0.5451
0.6168 0.6286 0.5179 0.4066 0.5712 0.5102 0.5597 0.5916 0.4424 0.5449
0.6165 0.6277 0.5178 0.4063 0.5718 0.5103 0.5598 0.5916 0.4425 0.5448
0.6163 0.6270 0.5177 0.4061 0.5723 0.5103 0.5599 0.5916 0.4426 0.5447
0.6162 0.6263 0.5175 0.4059 0.5728 0.5104 0.5600 0.5916 0.4428 0.5446
0.6160 0.6256 0.5174 0.4057 0.5734 0.5105 0.5601 0.5916 0.4429 0.5445
0.6157 0.6247 0.5173 0.4054 0.5739 0.5106 0.5602 0.5915 0.4430 0.5444
0.6154 0.6238 0.5172 0.4050 0.5746 0.5107 0.5604 0.5915 0.4432 0.5442
0.6150 0.6227 0.5171 0.4047 0.5753 0.5108 0.5605 0.5915 0.4434 0.5441
0.6147 0.6216 0.5169 0.4043 0.5761 0.5109 0.5606 0.5915 0.4435 0.5439
0.6144 0.6207 0.5168 0.4039 0.5768 0.5109 0.5607 0.5916 0.4437 0.5438
0.6141 0.6199 0.5167 0.4037 0.5774 0.5110 0.5608 0.5916 0.4438 0.5437
0.6139 0.6192 0.5166 0.4034 0.5779 0.5111 0.5609 0.5915 0.4440 0.5436
0.6137 0.6182 0.5165 0.4031 0.5786 0.5112 0.5610 0.5915 0.4441 0.5434
0.6132 0.6169 0.5164 0.4026 0.5794 0.5113 0.5611 0.5915 0.4443 0.5432
0.6126 0.6153 0.5162 0.4021 0.5805 0.5114 0.5613 0.5915 0.4445 0.5429
0.6120 0.6139 0.5161 0.4015 0.5815 0.5115 0.5614 0.5916 0.4448 0.5427
0.6116 0.6128 0.5160 0.4011 0.5823 0.5116 0.5615 0.5916 0.4449 0.5425
0.6113 0.6118 0.5159 0.4008 0.5830 0.5116 0.5616 0.5916 0.4451 0.5424
0.6111 0.6109 0.5159 0.4005 0.5837 0.5117 0.5617 0.5916 0.4453 0.5422
0.6109 0.6103 0.5158 0.4003 0.5842 0.5117 0.5617 0.5917 0.4454 0.5421
0.6107 0.6098 0.5158 0.4001 0.5845 0.5117 0.5617 0.5917 0.4454 0.5420
0.6107 0.6096 0.5158 0.4001 0.5847 0.5117 0.5618 0.5917 0.4455 0.5420
0.6107 0.6095 0.5158 0.4000 0.5848 0.5117 0.5618 0.5917 0.4455 0.5420
0.6108 0.6097 0.5158 0.4001 0.5847 0.5116 0.5618 0.5917 0.4455 0.5421
0.6110 0.6104 0.5158 0.4004 0.5843 0.5115 0.5617 0.5917 0.4454 0.5422
0.6114 0.6112 0.5159 0.4007 0.5837 0.5115 0.5617 0.5917 0.4453 0.5423
0.6118 0.6122 0.5159 0.4011 0.5832 0.5114 0.5616 0.5917 0.4452 0.5425
0.6122 0.6133 0.5160 0.4015 0.5824 0.5113 0.5615 0.5917 0.4450 0.5427
0.6127 0.6148 0.5162 0.4020 0.5814 0.5112 0.5614 0.5917 0.4448 0.5429
0.6133 0.6163 0.5163 0.4026 0.5803 0.5111 0.5613 0.5917 0.4445 0.5432
0.6139 0.6179 0.5164 0.4032 0.5793 0.5110 0.5611 0.5917 0.4443 0.5434
0.6145 0.6195 0.5166 0.4038 0.5782 0.5108 0.5610 0.5916 0.4441 0.5437
0.6150 0.6212 0.5168 0.4044 0.5770 0.5107 0.5608 0.5917 0.4438 0.5439
0.6157 0.6232 0.5170 0.4051 0.5756 0.5105 0.5606 0.5917 0.4435 0.5443
0.6164 0.6254 0.5173 0.4059 0.5740 0.5102 0.5603 0.5917 0.4431 0.5446
0.6172 0.6278 0.5177 0.4067 0.5724 0.5100 0.5600 0.5917 0.4428 0.5449
0.6180 0.6302 0.5180 0.4075 0.5707 0.5098 0.5596 0.5917 0.4424 0.5453
0.6186 0.6325 0.5184 0.4083 0.5690 0.5095 0.5592 0.5918 0.4420 0.5456
0.6192 0.6347 0.5188 0.4090 0.5674 0.5092 0.5589 0.5918 0.4416 0.5458
0.6196 0.6363 0.5191 0.4094 0.5661 0.5091 0.5585 0.5918 0.4413 0.5460
0.6199 0.6379 0.5195 0.4099 0.5650 0.5088 0.5582 0.5919 0.4410 0.5462
0.6203 0.6401 0.5200 0.4106 0.5635 0.5083 0.5577 0.5922 0.4406 0.5465
0.6209 0.6425 0.5205 0.4114 0.5617 0.5081 0.5573 0.5922 0.4401 0.5468
0.6217 0.6446 0.5209 0.4121 0.5600 0.5079 0.5568 0.5922 0.4398 0.5470
0.6220 0.6466 0.5215 0.4127 0.5586 0.5074 0.5562 0.5923 0.4395 0.5471
0.6221 0.6480 0.5220 0.4130 0.5573 0.5073 0.5558 0.5924 0.4391 0.5472
0.6222 0.6490 0.5222 0.4132 0.5565 0.5072 0.5555 0.5924 0.4388 0.5473
0.6222 0.6498 0.5225 0.4134 0.5558 0.5069 0.5552 0.5926 0.4387 0.5473
0.6222 0.6507 0.5228 0.4136 0.5551 0.5068 0.5550 0.5927 0.4384 0.5474
0.6225 0.6517 0.5231 0.4140 0.5544 0.5066 0.5548 0.5927 0.4382 0.5475
0.6229 0.6535 0.5237 0.4145 0.5533 0.5061 0.5542 0.5930 0.4380 0.5477
0.6233 0.6560 0.5245 0.4153 0.5515 0.5054 0.5534 0.5933 0.4376 0.5479
0.6241 0.6590 0.5254 0.4162 0.5493 0.5049 0.5525 0.5934 0.4370 0.5480
0.6247 0.6615 0.5263 0.4169 0.5472 0.5045 0.5515 0.5934 0.4366 0.5479
0.6248 0.6636 0.5271 0.4175 0.5454 0.5040 0.5506 0.5935 0.4362 0.5478
0.6246 0.6653 0.5280 0.4177 0.5439 0.5035 0.5497 0.5938 0.4358 0.5478
0.6245 0.6668 0.5287 0.4180 0.5425 0.5032 0.5490 0.5939 0.4353 0.5478
0.6248 0.6685 0.5294 0.4184 0.5411 0.5028 0.5483 0.5940 0.4350 0.5477
0.6249 0.6702 0.5302 0.4188 0.5397 0.5024 0.5474 0.5942 0.4348 0.5475
0.6249 0.6715 0.5309 0.4190 0.5384 0.5022 0.5466 0.5942 0.4344 0.5473
0.6249 0.6724 0.5314 0.4192 0.5373 0.5021 0.5460 0.5941 0.4341 0.5471
0.6247 0.6728 0.5317 0.4191 0.5366 0.5021 0.5457 0.5940 0.4339 0.5470
0.6244 0.6727 0.5318 0.4189 0.5363 0.5023 0.5456 0.5940 0.4337 0.5469
0.6242 0.6726 0.5318 0.4188 0.5362 0.5025 0.5457 0.5939 0.4336 0.5469
0.6241 0.6724 0.5317 0.4186 0.5363 0.5026 0.5457 0.5939 0.4336 0.5469
0.6240 0.6719 0.5315 0.4185 0.5365 0.5028 0.5460 0.5938 0.4335 0.5470
0.6239 0.6714 0.5312 0.4183 0.5368 0.5030 0.5463 0.5938 0.4336 0.5471
0.6237 0.6706 0.5309 0.4181 0.5374 0.5032 0.5467 0.5938 0.4337 0.5471
0.6235 0.6698 0.5305 0.4178 0.5381 0.5034 0.5472 0.5937 0.4338 0.5472
0.6235 0.6689 0.5300 0.4176 0.5389 0.5037 0.5477 0.5937 0.4340 0.5474
0.6233 0.6678 0.5296 0.4174 0.5399 0.5039 0.5482 0.5936 0.4342 0.5475
0.6232 0.6667 0.5291 0.4171 0.5409 0.5041 0.5488 0.5936 0.4344 0.5476
0.6232 0.6659 0.5287 0.4170 0.5417 0.5041 0.5492 0.5937 0.4346 0.5477
0.6233 0.6654 0.5284 0.4170 0.5424 0.5041 0.5495 0.5937 0.4349 0.5478
0.6234 0.6648 0.5281 0.4169 0.5429 0.5043 0.5497 0.5936 0.4350 0.5477
0.6234 0.6641 0.5277 0.4168 0.5435 0.5045 0.5501 0.5934 0.4352 0.5477
0.6232 0.6630 0.5273 0.4165 0.5444 0.5048 0.5506 0.5934 0.4355 0.5477
0.6229 0.6620 0.5270 0.4162 0.5453 0.5048 0.5510 0.5935 0.4356 0.5478
0.6229 0.6614 0.5268 0.4161 0.5459 0.5049 0.5512 0.5935 0.4358 0.5479
0.6232 0.6612 0.5266 0.4161 0.5462 0.5049 0.5513 0.5934 0.4359 0.5479
0.6234 0.6614 0.5266 0.4163 0.5463 0.5048 0.5513 0.5934 0.4360 0.5479
0.6235 0.6617 0.5267 0.4164 0.5462 0.5046 0.5512 0.5935 0.4361 0.5479
0.6235 0.6620 0.5268 0.4165 0.5459 0.5046 0.5511 0.5935 0.4360 0.5479
0.6237 0.6623 0.5269 0.4166 0.5456 0.5046 0.5510 0.5935 0.4359 0.5478
0.6237 0.6625 0.5270 0.4167 0.5455 0.5045 0.5509 0.5935 0.4359 0.5478
0.6236 0.6624 0.5270 0.4166 0.5454 0.5046 0.5509 0.5935 0.4359 0.5478
0.6235 0.6624 0.5270 0.4165 0.5454 0.5046 0.5509 0.5935 0.4358 0.5478
0.6235 0.6623 0.5270 0.4165 0.5455 0.5047 0.5509 0.5935 0.4358 0.5478
0.6234 0.6617 0.5267 0.4163 0.5458 0.5049 0.5511 0.5933 0.4359 0.5478
0.6232 0.6607 0.5263 0.4160 0.5464 0.5052 0.5515 0.5932 0.4360 0.5477
0.6228 0.6593 0.5259 0.4156 0.5475 0.5055 0.5520 0.5931 0.4363 0.5477
0.6224 0.6578 0.5254 0.4151 0.5486 0.5057 0.5525 0.5931 0.4365 0.5477
0.6222 0.6564 0.5249 0.4147 0.5498 0.5061 0.5531 0.5930 0.4368 0.5477
0.6221 0.6548 0.5243 0.4143 0.5510 0.5064 0.5536 0.5928 0.4371 0.5476
0.6219 0.6530 0.5237 0.4139 0.5525 0.5068 0.5542 0.5927 0.4375 0.5475
0.6214 0.6511 0.5232 0.4133 0.5540 0.5071 0.5547 0.5926 0.4379 0.5474
0.6212 0.6494 0.5226 0.4128 0.5554 0.5073 0.5552 0.5926 0.4383 0.5473
0.6210 0.6478 0.5222 0.4124 0.5566 0.5076 0.5557 0.5924 0.4386 0.5472
0.6208 0.6462 0.5217 0.4120 0.5579 0.5079 0.5561 0.5923 0.4390 0.5470
0.6205 0.6444 0.5212 0.4115 0.5592 0.5082 0.5566 0.5922 0.4393 0.5468
0.6200 0.6428 0.5208 0.4110 0.5605 0.5083 0.5569 0.5921 0.4397 0.5467
0.6198 0.6417 0.5206 0.4107 0.5615 0.5085 0.5572 0.5922 0.4399 0.5466
0.6198 0.6409 0.5203 0.4105 0.5621 0.5086 0.5574 0.5921 0.4401 0.5465
0.6199 0.6406 0.5202 0.4105 0.5625 0.5086 0.5576 0.5920 0.4402 0.5465
0.6199 0.6402 0.5201 0.4104 0.5628 0.5087 0.5576 0.5920 0.4403 0.5464
0.6198 0.6397 0.5200 0.4103 0.5631 0.5088 0.5577 0.5919 0.4404 0.5463
0.6196 0.6390 0.5198 0.4100 0.5636 0.5089 0.5578 0.5919 0.4405 0.5462
0.6193 0.6382 0.5197 0.4097 0.5642 0.5090 0.5580 0.5919 0.4407 0.5462
0.6190 0.6370 0.5194 0.4094 0.5649 0.5092 0.5582 0.5918 0.4408 0.5460
0.6186 0.6355 0.5191 0.4088 0.5660 0.5095 0.5585 0.5917 0.4411 0.5458
0.6181 0.6339 0.5188 0.4083 0.5672 0.5096 0.5588 0.5917 0.4414 0.5456
0.6177 0.6326 0.5186 0.4079 0.5682 0.5097 0.5590 0.5918 0.4416 0.5455
0.6175 0.6316 0.5184 0.4076 0.5689 0.5099 0.5592 0.5917 0.4418 0.5453
0.6173 0.6305 0.5182 0.4073 0.5698 0.5100 0.5594 0.5916 0.4420 0.5452
0.6170 0.6291 0.5180 0.4068 0.5707 0.5102 0.5596 0.5916 0.4423 0.5450
0.6163 0.6273 0.5177 0.4061 0.5719 0.5104 0.5598 0.5915 0.4425 0.5447
0.6156 0.6252 0.5174 0.4054 0.5734 0.5106 0.5601 0.5915 0.4429 0.5444
0.6149 0.6233 0.5172 0.4047 0.5748 0.5108 0.5603 0.5915 0.4432 0.5441
0.6145 0.6217 0.5170 0.4042 0.5759 0.5109 0.5606 0.5915 0.4435 0.5439
0.6142 0.6204 0.5168 0.4038 0.5769 0.5110 0.5608 0.5915 0.4437 0.5437
0.6139 0.6194 0.5167 0.4035 0.5777 0.5111 0.5609 0.5916 0.4439 0.5436
0.6138 0.6188 0.5166 0.4033 0.5782 0.5111 0.5609 0.5916 0.4440 0.5435
0.6137 0.6183 0.5165 0.4032 0.5786 0.5111 0.5610 0.5916 0.4441 0.5434
0.6135 0.6178 0.5165 0.4030 0.5790 0.5112 0.5611 0.5916 0.4442 0.5433
0.6133 0.6170 0.5164 0.4027 0.5795 0.5112 0.5611 0.5915 0.4443 0.5432
0.6130 0.6162 0.5163 0.4024 0.5800 0.5113 0.5612 0.5916 0.4444 0.5431
0.6126 0.6154 0.5163 0.4021 0.5805 0.5113 0.5613 0.5916 0.4446 0.5429
0.6125 0.6149 0.5162 0.4019 0.5810 0.5114 0.5613 0.5916 0.4447 0.5429
0.6124 0.6145 0.5162 0.4018 0.5812 0.5114 0.5614 0.5916 0.4447 0.5428
0.6124 0.6145 0.5161 0.4018 0.5813 0.5114 0.5614 0.5916 0.4447 0.5428
0.6125 0.6145 0.5161 0.4018 0.5814 0.5114 0.5614 0.5916 0.4447 0.5428
0.6124 0.6143 0.5161 0.4018 0.5814 0.5114 0.5614 0.5916 0.4448 0.5428
0.6124 0.6143 0.5161 0.4018 0.5815 0.5113 0.5614 0.5916 0.4448 0.5428
0.6124 0.6144 0.5161 0.4018 0.5814 0.5114 0.5614 0.5916 0.4448 0.5428
0.6124 0.6142 0.5161 0.4017 0.5815 0.5114 0.5614 0.5916 0.4448 0.5428
0.6123 0.6139 0.5161 0.4016 0.5817 0.5114 0.5614 0.5916 0.4448 0.5427
0.6123 0.6141 0.5161 0.4017 0.5817 0.5113 0.5614 0.5917 0.4448 0.5427
0.6125 0.6146 0.5162 0.4019 0.5813 0.5113 0.5614 0.5917 0.4448 0.5429
0.6127 0.6150 0.5162 0.4021 0.5811 0.5113 0.5614 0.5916 0.4447 0.5429
0.6128 0.6151 0.5162 0.4021 0.5810 0.5113 0.5614 0.5916 0.4447 0.5429
0.6128 0.6152 0.5162 0.4021 0.5809 0.5113 0.5613 0.5916 0.4447 0.5429
0.6127 0.6153 0.5162 0.4021 0.5808 0.5113 0.5613 0.5916 0.4446 0.5430
0.6127 0.6153 0.5162 0.4021 0.5808 0.5113 0.5613 0.5916 0.4446 0.5430
0.6127 0.6152 0.5162 0.4021 0.5808 0.5113 0.5613 0.5916 0.4446 0.5429
0.6126 0.6149 0.5162 0.4020 0.5810 0.5114 0.5613 0.5916 0.4447 0.5429
0.6124 0.6144 0.5161 0.4018 0.5813 0.5114 0.5614 0.5916 0.4447 0.5428
0.6122 0.6139 0.5161 0.4016 0.5817 0.5114 0.5614 0.5916 0.4448 0.5427
0.6120 0.6135 0.5161 0.4014 0.5819 0.5115 0.5615 0.5916 0.4449 0.5426
0.6118 0.6128 0.5160 0.4012 0.5824 0.5115 0.5615 0.5916 0.4450 0.5425
0.6115 0.6120 0.5159 0.4009 0.5830 0.5116 0.5616 0.5916 0.4451 0.5424
0.6112 0.6113 0.5159 0.4007 0.5834 0.5116 0.5616 0.5916 0.4452 0.5423
0.6110 0.6108 0.5159 0.4005 0.5838 0.5116 0.5617 0.5917 0.4453 0.5422
0.6109 0.6102 0.5158 0.4003 0.5842 0.5117 0.5617 0.5917 0.4454 0.5421
0.6107 0.6097 0.5158 0.4001 0.5846 0.5117 0.5618 0.5917 0.4455 0.5420
0.6105 0.6092 0.5157 0.3999 0.5850 0.5117 0.5618 0.5917 0.4455 0.5419
0.6103 0.6087 0.5157 0.3997 0.5853 0.5118 0.5618 0.5917 0.4456 0.5418
0.6102 0.6083 0.5157 0.3996 0.5856 0.5118 0.5619 0.5917 0.4457 0.5418
0.6101 0.6080 0.5157 0.3995 0.5858 0.5118 0.5619 0.5917 0.4457 0.5417
0.6100 0.6076 0.5156 0.3993 0.5860 0.5118 0.5619 0.5917 0.4458 0.5417
0.6099 0.6073 0.5156 0.3993 0.5863 0.5118 0.5619 0.5918 0.4458 0.5416
0.6098 0.6073 0.5156 0.3992 0.5863 0.5118 0.5619 0.5918 0.4458 0.5416
0.6098 0.6072 0.5156 0.3992 0.5864 0.5118 0.5619 0.5918 0.4458 0.5416
0.6098 0.6071 0.5156 0.3992 0.5865 0.5118 0.5620 0.5918 0.4459 0.5416
0.6099 0.6073 0.5156 0.3993 0.5863 0.5118 0.5619 0.5918 0.4459 0.5416
0.6100 0.6077 0.5156 0.3994 0.5861 0.5117 0.5619 0.5918 0.4458 0.5417
0.6102 0.6080 0.5156 0.3995 0.5859 0.5117 0.5619 0.5918 0.4457 0.5418
0.6104 0.6085 0.5157 0.3997 0.5856 0.5117 0.5619 0.5918 0.4457 0.5419
0.6106 0.6091 0.5157 0.3999 0.5852 0.5116 0.5618 0.5918 0.4456 0.5420
0.6109 0.6098 0.5158 0.4002 0.5848 0.5116 0.5618 0.5918 0.4455 0.5421
0.6112 0.6108 0.5158 0.4006 0.5841 0.5115 0.5617 0.5918 0.4454 0.5423
0.6117 0.6120 0.5159 0.4010 0.5833 0.5114 0.5616 0.5917 0.4452 0.5425
0.6122 0.6132 0.5160 0.4015 0.5824 0.5113 0.5616 0.5917 0.4450 0.5427
0.6127 0.6144 0.5161 0.4019 0.5816 0.5113 0.5615 0.5917 0.4448 0.5429
0.6131 0.6157 0.5162 0.4024 0.5808 0.5111 0.5613 0.5917 0.4446 0.5431
0.6135 0.6170 0.5164 0.4029 0.5798 0.5111 0.5612 0.5917 0.4444 0.5433
0.6141 0.6184 0.5165 0.4034 0.5788 0.5110 0.5611 0.5916 0.4442 0.5435
0.6147 0.6203 0.5167 0.4041 0.5776 0.5107 0.5609 0.5917 0.4440 0.5438
0.6155 0.6226 0.5170 0.4048 0.5760 0.5105 0.5606 0.5917 0.4436 0.5442
0.6162 0.6246 0.5172 0.4056 0.5746 0.5104 0.5604 0.5916 0.4432 0.5445
0.6168 0.6262 0.5174 0.4061 0.5734 0.5103 0.5602 0.5916 0.4430 0.5447
0.6170 0.6276 0.5177 0.4066 0.5724 0.5101 0.5599 0.5916 0.4428 0.5448
0.6173 0.6288 0.5178 0.4069 0.5714 0.5100 0.5598 0.5917 0.4425 0.5450
0.6176 0.6300 0.5180 0.4073 0.5706 0.5098 0.5596 0.5917 0.4423 0.5452
0.6180 0.6314 0.5183 0.4078 0.5696 0.5097 0.5594 0.5918 0.4421 0.5454
0.6185 0.6328 0.5185 0.4082 0.5686 0.5095 0.5592 0.5918 0.4418 0.5456
0.6189 0.6341 0.5187 0.4087 0.5677 0.5094 0.5589 0.5918 0.4416 0.5457
0.6192 0.6356 0.5190 0.4092 0.5666 0.5091 0.5586 0.5919 0.4414 0.5459
0.6196 0.6372 0.5194 0.4097 0.5654 0.5089 0.5583 0.5919 0.4411 0.5461
0.6199 0.6382 0.5195 0.4100 0.5645 0.5089 0.5581 0.5919 0.4408 0.5462
0.6201 0.6389 0.5197 0.4102 0.5640 0.5088 0.5580 0.5919 0.4407 0.5463
0.6200 0.6396 0.5199 0.4103 0.5635 0.5086 0.5577 0.5920 0.4406 0.5463
0.6201 0.6403 0.5201 0.4105 0.5629 0.5085 0.5576 0.5921 0.4404 0.5465
0.6204 0.6411 0.5202 0.4108 0.5624 0.5085 0.5575 0.5921 0.4403 0.5466
0.6206 0.6417 0.5204 0.4110 0.5619 0.5084 0.5573 0.5921 0.4402 0.5466
0.6207 0.6424 0.5206 0.4112 0.5614 0.5082 0.5572 0.5921 0.4400 0.5467
0.6208 0.6433 0.5208 0.4115 0.5608 0.5081 0.5570 0.5922 0.4399 0.5468
0.6211 0.6444 0.5210 0.4118 0.5600 0.5079 0.5567 0.5923 0.4397 0.5469
0.6213 0.6452 0.5212 0.4121 0.5593 0.5079 0.5565 0.5922 0.4395 0.5469
0.6214 0.6454 0.5212 0.4121 0.5591 0.5079 0.5565 0.5921 0.4394 0.5469
0.6211 0.6450 0.5212 0.4119 0.5592 0.5080 0.5565 0.5922 0.4395 0.5468
0.6207 0.6445 0.5212 0.4117 0.5595 0.5080 0.5566 0.5922 0.4395 0.5468
0.6206 0.6441 0.5211 0.4115 0.5598 0.5080 0.5567 0.5923 0.4395 0.5468
0.6207 0.6440 0.5210 0.4115 0.5600 0.5080 0.5568 0.5923 0.4396 0.5469
0.6208 0.6442 0.5211 0.4117 0.5599 0.5080 0.5567 0.5923 0.4396 0.5469
