0.5176 0.4085 0.5198 0.3623 0.4996 0.5274 0.4323 0.4651 0.6031 0.6199
0.5176 0.4085 0.5197 0.3623 0.4996 0.5275 0.4323 0.4651 0.6031 0.6200
0.5176 0.4085 0.5197 0.3622 0.4995 0.5274 0.4323 0.4651 0.6032 0.6200
0.5175 0.4085 0.5196 0.3621 0.4995 0.5273 0.4324 0.4652 0.6032 0.6201
0.5175 0.4084 0.5195 0.3621 0.4995 0.5273 0.4324 0.4652 0.6033 0.6201
0.5175 0.4084 0.5195 0.3622 0.4995 0.5274 0.4324 0.4652 0.6032 0.6201
0.5175 0.4084 0.5196 0.3622 0.4995 0.5274 0.4324 0.4651 0.6032 0.6201
0.5175 0.4084 0.5196 0.3621 0.4994 0.5272 0.4323 0.4651 0.6033 0.6201
0.5174 0.4084 0.5195 0.3620 0.4992 0.5270 0.4323 0.4651 0.6034 0.6202
0.5174 0.4082 0.5194 0.3621 0.4992 0.5272 0.4323 0.4650 0.6033 0.6201
0.5177 0.4082 0.5196 0.3624 0.4994 0.5275 0.4321 0.4648 0.6029 0.6199
0.5180 0.4083 0.5200 0.3626 0.4996 0.5276 0.4319 0.4645 0.6026 0.6196
0.5180 0.4084 0.5203 0.3625 0.4995 0.5273 0.4317 0.4643 0.6026 0.6196
0.5179 0.4084 0.5202 0.3624 0.4992 0.5270 0.4316 0.4643 0.6028 0.6196
0.5180 0.4082 0.5201 0.3626 0.4992 0.5272 0.4315 0.4641 0.6026 0.6195
0.5185 0.4082 0.5205 0.3630 0.4994 0.5276 0.4311 0.4636 0.6020 0.6191
0.5188 0.4083 0.5210 0.3633 0.4995 0.5276 0.4307 0.4631 0.6016 0.6188
0.5190 0.4085 0.5215 0.3635 0.4994 0.5276 0.4302 0.4626 0.6013 0.6185
0.5193 0.4085 0.5218 0.3638 0.4994 0.5278 0.4298 0.4622 0.6009 0.6182
0.5199 0.4085 0.5222 0.3643 0.4995 0.5283 0.4292 0.4615 0.6002 0.6176
0.5207 0.4087 0.5230 0.3652 0.4999 0.5291 0.4284 0.4606 0.5991 0.6168
0.5215 0.4091 0.5241 0.3661 0.5003 0.5298 0.4275 0.4597 0.5980 0.6159
0.5222 0.4096 0.5252 0.3667 0.5005 0.5303 0.4265 0.4589 0.5972 0.6151
0.5228 0.4099 0.5259 0.3673 0.5006 0.5308 0.4256 0.4582 0.5964 0.6145
0.5235 0.4103 0.5267 0.3682 0.5009 0.5317 0.4246 0.4573 0.5954 0.6137
0.5244 0.4107 0.5277 0.3691 0.5012 0.5327 0.4236 0.4564 0.5942 0.6127
0.5253 0.4113 0.5289 0.3701 0.5016 0.5337 0.4224 0.4554 0.5930 0.6117
0.5262 0.4119 0.5299 0.3711 0.5019 0.5347 0.4212 0.4546 0.5919 0.6107
0.5271 0.4124 0.5310 0.3721 0.5023 0.5358 0.4201 0.4537 0.5907 0.6097
0.5279 0.4128 0.5321 0.3732 0.5029 0.5369 0.4191 0.4529 0.5895 0.6087
0.5287 0.4133 0.5333 0.3741 0.5034 0.5378 0.4181 0.4521 0.5884 0.6078
0.5292 0.4139 0.5343 0.3746 0.5036 0.5382 0.4173 0.4517 0.5878 0.6072
0.5294 0.4145 0.5348 0.3748 0.5035 0.5384 0.4166 0.4513 0.5875 0.6068
0.5296 0.4149 0.5350 0.3750 0.5032 0.5388 0.4158 0.4510 0.5872 0.6066
0.5300 0.4151 0.5351 0.3756 0.5032 0.5397 0.4151 0.4504 0.5866 0.6061
0.5310 0.4153 0.5359 0.3768 0.5037 0.5412 0.4141 0.4495 0.5852 0.6051
0.5320 0.4158 0.5372 0.3781 0.5044 0.5426 0.4130 0.4486 0.5837 0.6039
0.5327 0.4164 0.5387 0.3791 0.5049 0.5434 0.4119 0.4479 0.5826 0.6029
0.5331 0.4170 0.5397 0.3796 0.5052 0.5438 0.4111 0.4475 0.5820 0.6023
0.5332 0.4175 0.5401 0.3797 0.5051 0.5438 0.4106 0.4473 0.5819 0.6021
0.5332 0.4176 0.5401 0.3798 0.5050 0.5440 0.4104 0.4472 0.5818 0.6020
0.5335 0.4175 0.5402 0.3801 0.5051 0.5444 0.4102 0.4470 0.5815 0.6018
0.5338 0.4175 0.5406 0.3806 0.5054 0.5449 0.4099 0.4467 0.5809 0.6013
0.5341 0.4178 0.5411 0.3810 0.5056 0.5452 0.4096 0.4464 0.5806 0.6010
0.5342 0.4178 0.5414 0.3811 0.5058 0.5452 0.4096 0.4465 0.5805 0.6009
0.5342 0.4177 0.5415 0.3811 0.5060 0.5450 0.4099 0.4466 0.5805 0.6009
0.5340 0.4175 0.5414 0.3808 0.5061 0.5445 0.4104 0.4469 0.5809 0.6012
0.5336 0.4174 0.5411 0.3802 0.5060 0.5437 0.4109 0.4474 0.5815 0.6017
0.5329 0.4173 0.5405 0.3794 0.5056 0.5428 0.4116 0.4479 0.5824 0.6024
0.5323 0.4169 0.5395 0.3786 0.5051 0.5421 0.4122 0.4485 0.5833 0.6031
0.5320 0.4164 0.5387 0.3782 0.5049 0.5419 0.4128 0.4487 0.5837 0.6036
0.5321 0.4159 0.5384 0.3783 0.5051 0.5420 0.4133 0.4488 0.5836 0.6036
0.5321 0.4158 0.5386 0.3783 0.5054 0.5419 0.4136 0.4489 0.5836 0.6036
0.5318 0.4159 0.5385 0.3779 0.5053 0.5412 0.4139 0.4493 0.5841 0.6040
0.5312 0.4157 0.5380 0.3772 0.5050 0.5403 0.4145 0.4498 0.5849 0.6046
0.5307 0.4152 0.5372 0.3765 0.5047 0.5397 0.4153 0.4503 0.5857 0.6052
0.5304 0.4148 0.5366 0.3761 0.5046 0.5393 0.4160 0.4507 0.5861 0.6057
0.5301 0.4145 0.5361 0.3758 0.5045 0.5389 0.4165 0.4510 0.5866 0.6061
0.5297 0.4144 0.5358 0.3753 0.5043 0.5383 0.4169 0.4514 0.5871 0.6064
0.5292 0.4141 0.5352 0.3747 0.5040 0.5377 0.4175 0.4519 0.5878 0.6070
0.5289 0.4136 0.5346 0.3744 0.5040 0.5375 0.4182 0.4522 0.5881 0.6074
0.5288 0.4132 0.5343 0.3743 0.5042 0.5373 0.4188 0.4524 0.5883 0.6076
0.5285 0.4131 0.5342 0.3739 0.5042 0.5366 0.4193 0.4529 0.5888 0.6080
0.5278 0.4130 0.5337 0.3730 0.5038 0.5356 0.4199 0.4535 0.5898 0.6087
0.5269 0.4128 0.5327 0.3720 0.5032 0.5345 0.4206 0.4542 0.5909 0.6096
0.5263 0.4125 0.5316 0.3712 0.5025 0.5339 0.4211 0.4547 0.5918 0.6104
0.5259 0.4120 0.5307 0.3709 0.5022 0.5339 0.4215 0.4550 0.5922 0.6108
0.5263 0.4118 0.5306 0.3714 0.5025 0.5347 0.4214 0.4547 0.5916 0.6105
0.5269 0.4119 0.5312 0.3720 0.5029 0.5353 0.4211 0.4542 0.5909 0.6099
0.5271 0.4122 0.5318 0.3722 0.5031 0.5354 0.4208 0.4541 0.5906 0.6096
0.5271 0.4123 0.5321 0.3722 0.5032 0.5352 0.4207 0.4541 0.5907 0.6096
0.5269 0.4123 0.5320 0.3720 0.5031 0.5349 0.4209 0.4542 0.5909 0.6097
0.5267 0.4122 0.5317 0.3718 0.5030 0.5346 0.4211 0.4545 0.5912 0.6100
0.5265 0.4122 0.5315 0.3715 0.5028 0.5344 0.4212 0.4546 0.5915 0.6102
0.5263 0.4120 0.5312 0.3714 0.5027 0.5343 0.4214 0.4547 0.5917 0.6104
0.5264 0.4119 0.5310 0.3714 0.5028 0.5345 0.4215 0.4547 0.5916 0.6104
0.5265 0.4117 0.5311 0.3716 0.5030 0.5347 0.4217 0.4547 0.5914 0.6103
0.5266 0.4116 0.5313 0.3717 0.5033 0.5347 0.4219 0.4548 0.5913 0.6102
0.5264 0.4117 0.5314 0.3715 0.5033 0.5342 0.4221 0.4551 0.5916 0.6104
0.5257 0.4116 0.5310 0.3707 0.5029 0.5333 0.4226 0.4556 0.5925 0.6110
0.5251 0.4114 0.5301 0.3700 0.5025 0.5326 0.4233 0.4562 0.5934 0.6117
0.5246 0.4109 0.5292 0.3695 0.5023 0.5323 0.4240 0.4568 0.5940 0.6123
0.5245 0.4105 0.5288 0.3694 0.5024 0.5323 0.4245 0.4570 0.5941 0.6125
0.5244 0.4105 0.5287 0.3692 0.5025 0.5321 0.4248 0.4573 0.5943 0.6127
0.5239 0.4105 0.5284 0.3687 0.5023 0.5315 0.4252 0.4577 0.5950 0.6131
0.5233 0.4103 0.5278 0.3680 0.5019 0.5308 0.4257 0.4583 0.5958 0.6138
0.5228 0.4101 0.5270 0.3674 0.5015 0.5303 0.4262 0.4588 0.5965 0.6144
0.5224 0.4098 0.5263 0.3671 0.5013 0.5302 0.4267 0.4591 0.5969 0.6148
0.5224 0.4096 0.5260 0.3671 0.5014 0.5304 0.4269 0.4592 0.5969 0.6148
0.5224 0.4095 0.5260 0.3671 0.5015 0.5305 0.4270 0.4593 0.5969 0.6148
0.5223 0.4096 0.5260 0.3670 0.5015 0.5303 0.4272 0.4595 0.5970 0.6149
0.5221 0.4095 0.5258 0.3668 0.5014 0.5300 0.4274 0.4597 0.5973 0.6152
0.5218 0.4095 0.5255 0.3665 0.5013 0.5298 0.4278 0.4601 0.5977 0.6155
0.5215 0.4094 0.5251 0.3661 0.5011 0.5294 0.4281 0.4604 0.5982 0.6158
0.5211 0.4093 0.5246 0.3657 0.5009 0.5291 0.4284 0.4607 0.5986 0.6162
0.5209 0.4091 0.5242 0.3655 0.5008 0.5291 0.4286 0.4610 0.5989 0.6165
0.5208 0.4090 0.5240 0.3654 0.5007 0.5291 0.4288 0.4611 0.5990 0.6166
0.5207 0.4090 0.5238 0.3654 0.5008 0.5292 0.4290 0.4612 0.5991 0.6167
0.5208 0.4090 0.5239 0.3655 0.5010 0.5293 0.4291 0.4613 0.5990 0.6166
0.5207 0.4090 0.5239 0.3653 0.5010 0.5291 0.4292 0.4615 0.5992 0.6167
0.5203 0.4091 0.5236 0.3649 0.5008 0.5287 0.4295 0.4618 0.5997 0.6171
0.5200 0.4090 0.5231 0.3646 0.5006 0.5284 0.4298 0.4622 0.6001 0.6175
0.5197 0.4089 0.5227 0.3643 0.5004 0.5283 0.4301 0.4625 0.6004 0.6177
0.5195 0.4088 0.5224 0.3640 0.5002 0.5281 0.4302 0.4627 0.6008 0.6180
0.5192 0.4087 0.5220 0.3638 0.5000 0.5280 0.4304 0.4629 0.6010 0.6182
0.5194 0.4086 0.5219 0.3640 0.5002 0.5283 0.4305 0.4628 0.6008 0.6181
0.5195 0.4086 0.5221 0.3641 0.5003 0.5285 0.4304 0.4627 0.6007 0.6180
0.5195 0.4087 0.5222 0.3641 0.5003 0.5284 0.4304 0.4628 0.6007 0.6180
0.5194 0.4087 0.5221 0.3640 0.5003 0.5283 0.4305 0.4629 0.6008 0.6181
0.5193 0.4087 0.5220 0.3639 0.5003 0.5282 0.4306 0.4631 0.6010 0.6182
0.5191 0.4087 0.5218 0.3637 0.5002 0.5280 0.4308 0.4632 0.6012 0.6184
0.5189 0.4086 0.5216 0.3635 0.5001 0.5280 0.4309 0.4634 0.6014 0.6186
0.5188 0.4086 0.5214 0.3635 0.5000 0.5280 0.4310 0.4635 0.6015 0.6187
0.5188 0.4086 0.5213 0.3634 0.5001 0.5280 0.4311 0.4636 0.6016 0.6187
0.5188 0.4086 0.5212 0.3634 0.5001 0.5281 0.4312 0.4637 0.6016 0.6188
0.5188 0.4086 0.5212 0.3634 0.5002 0.5281 0.4313 0.4638 0.6016 0.6188
0.5186 0.4087 0.5211 0.3633 0.5002 0.5280 0.4314 0.4640 0.6018 0.6189
0.5183 0.4087 0.5209 0.3629 0.4999 0.5276 0.4316 0.4643 0.6023 0.6192
0.5180 0.4086 0.5205 0.3626 0.4997 0.5274 0.4318 0.4645 0.6026 0.6195
0.5179 0.4085 0.5201 0.3625 0.4996 0.5274 0.4319 0.4647 0.6028 0.6197
0.5178 0.4084 0.5200 0.3624 0.4995 0.5274 0.4320 0.4647 0.6029 0.6198
0.5178 0.4084 0.5199 0.3625 0.4995 0.5275 0.4320 0.4647 0.6028 0.6197
0.5180 0.4084 0.5200 0.3626 0.4997 0.5277 0.4320 0.4646 0.6026 0.6196
0.5181 0.4084 0.5202 0.3627 0.4997 0.5277 0.4319 0.4645 0.6025 0.6195
0.5180 0.4085 0.5203 0.3626 0.4996 0.5274 0.4318 0.4645 0.6027 0.6196
0.5179 0.4084 0.5202 0.3625 0.4995 0.5274 0.4319 0.4646 0.6027 0.6197
0.5179 0.4084 0.5201 0.3626 0.4995 0.5275 0.4319 0.4645 0.6027 0.6196
0.5180 0.4084 0.5201 0.3626 0.4996 0.5275 0.4318 0.4644 0.6026 0.6196
0.5181 0.4084 0.5203 0.3628 0.4997 0.5277 0.4317 0.4643 0.6024 0.6194
0.5182 0.4084 0.5205 0.3628 0.4997 0.5276 0.4316 0.4642 0.6023 0.6194
0.5181 0.4085 0.5205 0.3627 0.4996 0.5274 0.4316 0.4642 0.6024 0.6194
0.5181 0.4084 0.5205 0.3627 0.4995 0.5273 0.4315 0.4641 0.6024 0.6194
0.5182 0.4083 0.5204 0.3628 0.4994 0.5274 0.4314 0.4640 0.6023 0.6194
0.5184 0.4083 0.5206 0.3629 0.4994 0.5275 0.4312 0.4637 0.6021 0.6192
0.5186 0.4083 0.5209 0.3632 0.4995 0.5277 0.4309 0.4633 0.6018 0.6189
0.5190 0.4083 0.5212 0.3636 0.4997 0.5280 0.4306 0.4630 0.6013 0.6185
0.5194 0.4084 0.5218 0.3640 0.5000 0.5283 0.4303 0.4626 0.6007 0.6181
0.5197 0.4086 0.5223 0.3643 0.5001 0.5284 0.4299 0.4622 0.6004 0.6178
0.5199 0.4087 0.5226 0.3644 0.5001 0.5284 0.4297 0.4620 0.6002 0.6176
0.5200 0.4088 0.5228 0.3645 0.5001 0.5284 0.4295 0.4618 0.6001 0.6175
0.5201 0.4088 0.5229 0.3646 0.5001 0.5285 0.4293 0.4616 0.5999 0.6173
0.5202 0.4088 0.5231 0.3648 0.5001 0.5286 0.4291 0.4614 0.5997 0.6172
0.5206 0.4088 0.5233 0.3652 0.5003 0.5290 0.4289 0.4611 0.5993 0.6169
0.5209 0.4089 0.5238 0.3655 0.5005 0.5293 0.4285 0.4607 0.5988 0.6165
0.5211 0.4091 0.5242 0.3657 0.5006 0.5293 0.4282 0.4605 0.5986 0.6162
0.5212 0.4092 0.5244 0.3659 0.5007 0.5294 0.4280 0.4604 0.5984 0.6161
0.5214 0.4092 0.5246 0.3660 0.5007 0.5295 0.4278 0.4601 0.5982 0.6159
0.5215 0.4093 0.5248 0.3661 0.5007 0.5295 0.4277 0.4600 0.5981 0.6158
0.5217 0.4093 0.5249 0.3663 0.5007 0.5297 0.4275 0.4598 0.5979 0.6156
0.5219 0.4095 0.5252 0.3665 0.5007 0.5298 0.4271 0.4595 0.5976 0.6154
0.5220 0.4096 0.5254 0.3666 0.5007 0.5299 0.4268 0.4593 0.5974 0.6153
0.5224 0.4096 0.5256 0.3670 0.5008 0.5304 0.4265 0.4589 0.5969 0.6149
0.5230 0.4097 0.5262 0.3676 0.5012 0.5311 0.4260 0.4584 0.5961 0.6143
0.5233 0.4100 0.5269 0.3681 0.5014 0.5314 0.4255 0.4580 0.5957 0.6139
0.5236 0.4102 0.5273 0.3683 0.5015 0.5315 0.4252 0.4577 0.5954 0.6136
0.5237 0.4103 0.5276 0.3685 0.5016 0.5316 0.4250 0.4576 0.5951 0.6134
0.5239 0.4103 0.5278 0.3686 0.5017 0.5318 0.4249 0.4574 0.5950 0.6132
0.5240 0.4104 0.5280 0.3688 0.5018 0.5319 0.4248 0.4573 0.5948 0.6131
0.5241 0.4106 0.5282 0.3688 0.5018 0.5318 0.4246 0.4572 0.5947 0.6130
0.5239 0.4106 0.5281 0.3687 0.5017 0.5317 0.4246 0.4573 0.5949 0.6131
0.5240 0.4107 0.5281 0.3687 0.5016 0.5317 0.4244 0.4571 0.5948 0.6130
0.5240 0.4108 0.5281 0.3687 0.5014 0.5318 0.4241 0.4570 0.5948 0.6130
0.5242 0.4110 0.5282 0.3689 0.5012 0.5321 0.4236 0.4566 0.5945 0.6128
0.5248 0.4112 0.5284 0.3694 0.5013 0.5329 0.4228 0.4560 0.5938 0.6123
0.5255 0.4114 0.5290 0.3704 0.5016 0.5340 0.4220 0.4552 0.5927 0.6114
0.5267 0.4120 0.5304 0.3717 0.5022 0.5354 0.4206 0.4540 0.5912 0.6102
0.5276 0.4128 0.5317 0.3727 0.5025 0.5365 0.4193 0.4531 0.5900 0.6091
0.5283 0.4133 0.5327 0.3736 0.5028 0.5374 0.4182 0.4524 0.5890 0.6082
0.5292 0.4138 0.5338 0.3746 0.5033 0.5385 0.4172 0.4515 0.5877 0.6072
0.5299 0.4144 0.5349 0.3755 0.5037 0.5394 0.4161 0.4508 0.5868 0.6064
0.5304 0.4149 0.5357 0.3761 0.5039 0.5400 0.4153 0.4503 0.5861 0.6057
0.5309 0.4154 0.5364 0.3766 0.5040 0.5406 0.4144 0.4498 0.5854 0.6051
0.5312 0.4157 0.5368 0.3771 0.5041 0.5412 0.4139 0.4494 0.5849 0.6047
0.5317 0.4156 0.5373 0.3778 0.5046 0.5419 0.4135 0.4490 0.5841 0.6041
0.5324 0.4157 0.5382 0.3786 0.5052 0.5426 0.4132 0.4485 0.5832 0.6034
0.5325 0.4162 0.5390 0.3788 0.5054 0.5424 0.4129 0.4485 0.5831 0.6032
0.5321 0.4166 0.5391 0.3783 0.5051 0.5417 0.4129 0.4488 0.5836 0.6035
0.5316 0.4164 0.5384 0.3776 0.5047 0.5411 0.4133 0.4492 0.5844 0.6041
0.5314 0.4160 0.5377 0.3774 0.5045 0.5411 0.4137 0.4493 0.5846 0.6044
0.5315 0.4158 0.5376 0.3776 0.5046 0.5414 0.4137 0.4492 0.5844 0.6043
0.5317 0.4158 0.5378 0.3778 0.5048 0.5416 0.4136 0.4491 0.5842 0.6041
0.5318 0.4159 0.5381 0.3779 0.5049 0.5417 0.4135 0.4490 0.5840 0.6039
0.5318 0.4159 0.5381 0.3779 0.5050 0.5416 0.4136 0.4491 0.5840 0.6039
0.5318 0.4157 0.5382 0.3779 0.5051 0.5414 0.4139 0.4492 0.5841 0.6040
0.5316 0.4155 0.5381 0.3777 0.5052 0.5410 0.4144 0.4495 0.5844 0.6042
0.5312 0.4155 0.5379 0.3771 0.5051 0.5403 0.4148 0.4499 0.5850 0.6046
0.5306 0.4152 0.5372 0.3764 0.5047 0.5395 0.4155 0.4505 0.5858 0.6054
0.5301 0.4147 0.5364 0.3758 0.5045 0.5388 0.4163 0.4510 0.5866 0.6060
0.5297 0.4143 0.5357 0.3753 0.5044 0.5384 0.4170 0.4514 0.5871 0.6065
0.5293 0.4138 0.5352 0.3749 0.5043 0.5379 0.4178 0.4519 0.5876 0.6070
0.5290 0.4135 0.5349 0.3745 0.5043 0.5374 0.4184 0.4522 0.5880 0.6073
0.5284 0.4134 0.5344 0.3738 0.5040 0.5365 0.4190 0.4528 0.5889 0.6079
0.5277 0.4130 0.5335 0.3729 0.5036 0.5356 0.4198 0.4535 0.5899 0.6088
0.5272 0.4125 0.5326 0.3724 0.5034 0.5351 0.4206 0.4540 0.5905 0.6094
0.5269 0.4123 0.5321 0.3720 0.5032 0.5347 0.4211 0.4544 0.5910 0.6098
0.5264 0.4120 0.5315 0.3714 0.5030 0.5342 0.4216 0.4549 0.5916 0.6103
0.5261 0.4118 0.5311 0.3711 0.5029 0.5339 0.4220 0.4551 0.5920 0.6106
0.5259 0.4116 0.5307 0.3708 0.5027 0.5337 0.4223 0.4554 0.5923 0.6109
0.5256 0.4115 0.5304 0.3705 0.5025 0.5333 0.4226 0.4556 0.5927 0.6113
0.5254 0.4113 0.5300 0.3703 0.5025 0.5332 0.4229 0.4558 0.5929 0.6115
0.5254 0.4111 0.5298 0.3704 0.5026 0.5333 0.4232 0.4560 0.5929 0.6115
0.5253 0.4111 0.5299 0.3703 0.5026 0.5331 0.4233 0.4560 0.5930 0.6116
0.5249 0.4112 0.5297 0.3698 0.5024 0.5325 0.4235 0.4564 0.5936 0.6119
0.5245 0.4110 0.5291 0.3694 0.5021 0.5322 0.4238 0.4567 0.5941 0.6124
0.5245 0.4108 0.5287 0.3693 0.5020 0.5322 0.4241 0.4568 0.5942 0.6125
0.5245 0.4107 0.5287 0.3693 0.5020 0.5323 0.4241 0.4568 0.5942 0.6126
0.5244 0.4107 0.5286 0.3692 0.5020 0.5322 0.4241 0.4568 0.5942 0.6126
0.5245 0.4107 0.5286 0.3693 0.5020 0.5323 0.4241 0.4568 0.5942 0.6125
0.5245 0.4107 0.5287 0.3693 0.5021 0.5323 0.4241 0.4568 0.5941 0.6125
0.5245 0.4107 0.5287 0.3693 0.5021 0.5323 0.4242 0.4568 0.5942 0.6125
0.5245 0.4107 0.5287 0.3693 0.5021 0.5323 0.4242 0.4569 0.5942 0.6126
0.5244 0.4107 0.5287 0.3692 0.5021 0.5322 0.4243 0.4570 0.5943 0.6126
0.5242 0.4107 0.5286 0.3690 0.5020 0.5319 0.4244 0.4571 0.5945 0.6128
0.5241 0.4106 0.5283 0.3689 0.5019 0.5318 0.4245 0.4572 0.5947 0.6129
0.5241 0.4104 0.5281 0.3689 0.5019 0.5320 0.4247 0.4573 0.5947 0.6130
0.5242 0.4104 0.5282 0.3690 0.5021 0.5321 0.4247 0.4572 0.5945 0.6129
0.5241 0.4106 0.5284 0.3689 0.5020 0.5318 0.4247 0.4573 0.5947 0.6130
0.5238 0.4105 0.5281 0.3685 0.5018 0.5314 0.4249 0.4576 0.5951 0.6133
0.5237 0.4103 0.5278 0.3685 0.5018 0.5315 0.4251 0.4577 0.5952 0.6134
0.5237 0.4103 0.5277 0.3685 0.5018 0.5316 0.4252 0.4577 0.5952 0.6134
0.5236 0.4103 0.5277 0.3684 0.5018 0.5314 0.4252 0.4578 0.5953 0.6135
0.5236 0.4102 0.5276 0.3684 0.5018 0.5314 0.4254 0.4579 0.5953 0.6135
0.5236 0.4102 0.5276 0.3684 0.5019 0.5314 0.4255 0.4579 0.5953 0.6135
0.5234 0.4102 0.5275 0.3681 0.5017 0.5311 0.4255 0.4580 0.5956 0.6137
0.5231 0.4101 0.5272 0.3679 0.5016 0.5309 0.4258 0.4583 0.5959 0.6140
0.5232 0.4099 0.5270 0.3679 0.5017 0.5311 0.4260 0.4584 0.5959 0.6140
0.5232 0.4099 0.5270 0.3679 0.5018 0.5311 0.4261 0.4584 0.5959 0.6140
0.5230 0.4099 0.5270 0.3678 0.5017 0.5308 0.4262 0.4586 0.5961 0.6141
0.5228 0.4099 0.5268 0.3675 0.5016 0.5306 0.4265 0.4589 0.5964 0.6144
0.5225 0.4098 0.5264 0.3672 0.5015 0.5303 0.4268 0.4592 0.5968 0.6147
0.5223 0.4097 0.5261 0.3669 0.5014 0.5301 0.4271 0.4594 0.5971 0.6150
0.5220 0.4096 0.5258 0.3667 0.5012 0.5299 0.4273 0.4596 0.5974 0.6152
0.5218 0.4095 0.5254 0.3664 0.5010 0.5297 0.4274 0.4598 0.5977 0.6155
0.5216 0.4094 0.5252 0.3663 0.5009 0.5296 0.4276 0.4600 0.5979 0.6156
0.5217 0.4093 0.5250 0.3664 0.5010 0.5298 0.4277 0.4600 0.5978 0.6156
0.5218 0.4093 0.5251 0.3665 0.5012 0.5300 0.4277 0.4599 0.5976 0.6155
0.5219 0.4093 0.5253 0.3665 0.5013 0.5300 0.4277 0.4600 0.5976 0.6155
0.5217 0.4094 0.5252 0.3664 0.5012 0.5297 0.4279 0.4602 0.5979 0.6156
0.5215 0.4093 0.5250 0.3661 0.5011 0.5295 0.4281 0.4604 0.5982 0.6158
0.5212 0.4093 0.5247 0.3659 0.5011 0.5294 0.4284 0.4607 0.5984 0.6161
0.5210 0.4092 0.5244 0.3656 0.5009 0.5292 0.4287 0.4610 0.5988 0.6164
0.5208 0.4091 0.5241 0.3654 0.5008 0.5290 0.4289 0.4612 0.5991 0.6166
0.5205 0.4090 0.5238 0.3652 0.5007 0.5289 0.4292 0.4615 0.5993 0.6168
0.5204 0.4089 0.5235 0.3650 0.5007 0.5288 0.4294 0.4617 0.5995 0.6170
0.5203 0.4089 0.5233 0.3649 0.5007 0.5289 0.4296 0.4619 0.5997 0.6171
0.5202 0.4089 0.5232 0.3648 0.5007 0.5288 0.4298 0.4621 0.5998 0.6173
0.5199 0.4089 0.5229 0.3645 0.5006 0.5285 0.4300 0.4624 0.6002 0.6176
0.5196 0.4089 0.5226 0.3642 0.5005 0.5283 0.4302 0.4627 0.6006 0.6178
0.5194 0.4088 0.5222 0.3639 0.5003 0.5281 0.4305 0.4629 0.6009 0.6181
0.5191 0.4087 0.5219 0.3637 0.5001 0.5279 0.4307 0.4632 0.6012 0.6184
0.5190 0.4086 0.5216 0.3636 0.5001 0.5280 0.4308 0.4633 0.6013 0.6185
0.5190 0.4086 0.5215 0.3636 0.5001 0.5280 0.4309 0.4633 0.6013 0.6185
0.5190 0.4086 0.5215 0.3636 0.5001 0.5281 0.4309 0.4634 0.6014 0.6186
0.5190 0.4086 0.5215 0.3636 0.5002 0.5281 0.4310 0.4634 0.6014 0.6186
0.5189 0.4086 0.5215 0.3636 0.5002 0.5281 0.4311 0.4635 0.6014 0.6186
0.5188 0.4086 0.5213 0.3634 0.5001 0.5280 0.4312 0.4637 0.6016 0.6187
0.5187 0.4086 0.5212 0.3633 0.5001 0.5279 0.4313 0.4639 0.6018 0.6189
0.5185 0.4086 0.5210 0.3631 0.5000 0.5279 0.4315 0.4641 0.6020 0.6190
0.5184 0.4086 0.5208 0.3630 0.5000 0.5278 0.4316 0.4643 0.6022 0.6192
0.5182 0.4086 0.5205 0.3628 0.4999 0.5277 0.4318 0.4645 0.6024 0.6194
0.5181 0.4086 0.5203 0.3627 0.4999 0.5277 0.4319 0.4647 0.6025 0.6195
0.5180 0.4086 0.5202 0.3626 0.4999 0.5277 0.4321 0.4648 0.6026 0.6196
0.5178 0.4086 0.5201 0.3624 0.4998 0.5276 0.4322 0.4650 0.6029 0.6198
0.5176 0.4086 0.5198 0.3623 0.4997 0.5275 0.4323 0.4652 0.6031 0.6200
0.5175 0.4085 0.5196 0.3621 0.4996 0.5275 0.4325 0.4654 0.6033 0.6201
0.5174 0.4085 0.5194 0.3620 0.4995 0.5274 0.4326 0.4655 0.6034 0.6202
0.5172 0.4085 0.5193 0.3619 0.4995 0.5273 0.4327 0.4656 0.6036 0.6204
0.5172 0.4085 0.5191 0.3618 0.4994 0.5273 0.4327 0.4657 0.6037 0.6204
0.5171 0.4084 0.5190 0.3617 0.4993 0.5272 0.4328 0.4658 0.6038 0.6205
0.5170 0.4084 0.5190 0.3617 0.4993 0.5272 0.4328 0.4658 0.6038 0.6206
0.5170 0.4084 0.5189 0.3617 0.4993 0.5272 0.4328 0.4658 0.6038 0.6206
0.5171 0.4084 0.5190 0.3618 0.4994 0.5273 0.4328 0.4657 0.6037 0.6205
0.5171 0.4084 0.5190 0.3618 0.4994 0.5273 0.4328 0.4657 0.6037 0.6205
0.5171 0.4084 0.5190 0.3617 0.4993 0.5272 0.4327 0.4657 0.6038 0.6205
0.5170 0.4084 0.5190 0.3617 0.4993 0.5271 0.4328 0.4657 0.6038 0.6205
0.5171 0.4083 0.5190 0.3618 0.4993 0.5272 0.4327 0.4656 0.6037 0.6205
0.5172 0.4083 0.5191 0.3619 0.4993 0.5273 0.4327 0.4655 0.6036 0.6204
0.5172 0.4084 0.5192 0.3619 0.4993 0.5272 0.4326 0.4655 0.6036 0.6204
0.5172 0.4084 0.5192 0.3618 0.4992 0.5271 0.4325 0.4654 0.6036 0.6204
0.5172 0.4083 0.5192 0.3619 0.4992 0.5271 0.4325 0.4653 0.6035 0.6203
0.5174 0.4083 0.5193 0.3621 0.4993 0.5273 0.4324 0.4651 0.6033 0.6202
0.5176 0.4083 0.5196 0.3622 0.4993 0.5272 0.4322 0.4649 0.6032 0.6200
0.5176 0.4083 0.5197 0.3622 0.4992 0.5271 0.4320 0.4647 0.6031 0.6200
0.5177 0.4082 0.5198 0.3623 0.4992 0.5271 0.4319 0.4645 0.6030 0.6199
0.5180 0.4082 0.5200 0.3626 0.4993 0.5274 0.4317 0.4642 0.6026 0.6196
0.5183 0.4082 0.5204 0.3629 0.4994 0.5276 0.4314 0.4638 0.6022 0.6193
0.5186 0.4083 0.5208 0.3632 0.4996 0.5277 0.4310 0.4635 0.6018 0.6190
0.5189 0.4084 0.5212 0.3634 0.4996 0.5277 0.4307 0.4631 0.6015 0.6187
0.5190 0.4084 0.5215 0.3636 0.4996 0.5278 0.4304 0.4628 0.6013 0.6185
0.5193 0.4084 0.5217 0.3639 0.4998 0.5281 0.4301 0.4625 0.6008 0.6182
0.5198 0.4085 0.5223 0.3644 0.5000 0.5285 0.4298 0.4620 0.6002 0.6177
0.5201 0.4087 0.5228 0.3647 0.5002 0.5286 0.4293 0.4616 0.5998 0.6173
0.5203 0.4089 0.5232 0.3648 0.5001 0.5286 0.4290 0.4613 0.5996 0.6171
0.5205 0.4089 0.5234 0.3651 0.5002 0.5288 0.4287 0.4610 0.5994 0.6169
0.5208 0.4090 0.5237 0.3654 0.5003 0.5290 0.4283 0.4606 0.5989 0.6166
0.5212 0.4091 0.5241 0.3657 0.5004 0.5294 0.4279 0.4602 0.5985 0.6162
0.5216 0.4092 0.5246 0.3662 0.5006 0.5298 0.4275 0.4598 0.5979 0.6157
0.5221 0.4094 0.5252 0.3667 0.5008 0.5302 0.4269 0.4593 0.5973 0.6152
0.5224 0.4097 0.5258 0.3670 0.5008 0.5303 0.4264 0.4589 0.5969 0.6149
0.5227 0.4098 0.5261 0.3673 0.5009 0.5306 0.4260 0.4585 0.5966 0.6146
0.5231 0.4100 0.5265 0.3678 0.5011 0.5311 0.4255 0.4580 0.5960 0.6141
0.5236 0.4103 0.5271 0.3683 0.5013 0.5316 0.4249 0.4575 0.5953 0.6136
0.5240 0.4105 0.5277 0.3687 0.5014 0.5320 0.4243 0.4570 0.5948 0.6131
0.5245 0.4108 0.5283 0.3693 0.5016 0.5326 0.4237 0.4565 0.5941 0.6125
0.5250 0.4111 0.5289 0.3699 0.5018 0.5332 0.4230 0.4559 0.5934 0.6120
0.5255 0.4114 0.5295 0.3704 0.5020 0.5337 0.4224 0.4554 0.5928 0.6114
0.5260 0.4116 0.5301 0.3709 0.5023 0.5343 0.4218 0.4550 0.5921 0.6109
0.5265 0.4120 0.5308 0.3715 0.5025 0.5348 0.4211 0.4544 0.5914 0.6103
0.5268 0.4123 0.5313 0.3719 0.5026 0.5352 0.4206 0.4541 0.5910 0.6099
0.5272 0.4124 0.5317 0.3723 0.5028 0.5356 0.4202 0.4538 0.5905 0.6095
0.5276 0.4126 0.5322 0.3728 0.5031 0.5361 0.4199 0.4534 0.5900 0.6091
0.5278 0.4128 0.5327 0.3730 0.5033 0.5363 0.4195 0.4532 0.5897 0.6088
0.5279 0.4130 0.5329 0.3731 0.5033 0.5363 0.4194 0.4532 0.5896 0.6087
0.5279 0.4130 0.5330 0.3732 0.5033 0.5363 0.4193 0.4531 0.5895 0.6086
0.5279 0.4131 0.5331 0.3731 0.5033 0.5363 0.4192 0.4531 0.5895 0.6086
0.5279 0.4132 0.5330 0.3731 0.5032 0.5362 0.4192 0.4531 0.5896 0.6086
0.5279 0.4131 0.5330 0.3732 0.5032 0.5364 0.4191 0.4530 0.5895 0.6086
0.5282 0.4130 0.5331 0.3735 0.5034 0.5368 0.4190 0.4528 0.5892 0.6084
0.5284 0.4131 0.5334 0.3737 0.5036 0.5370 0.4189 0.4527 0.5889 0.6081
0.5284 0.4133 0.5337 0.3738 0.5037 0.5369 0.4188 0.4527 0.5888 0.6080
0.5283 0.4134 0.5337 0.3736 0.5035 0.5366 0.4188 0.4528 0.5891 0.6082
0.5280 0.4132 0.5334 0.3733 0.5034 0.5364 0.4190 0.4530 0.5894 0.6084
0.5280 0.4130 0.5332 0.3733 0.5034 0.5365 0.4192 0.4530 0.5894 0.6085
0.5281 0.4130 0.5333 0.3734 0.5035 0.5365 0.4192 0.4530 0.5893 0.6084
0.5280 0.4132 0.5333 0.3732 0.5034 0.5363 0.4191 0.4530 0.5894 0.6085
0.5278 0.4130 0.5330 0.3731 0.5033 0.5362 0.4194 0.4532 0.5896 0.6087
0.5279 0.4128 0.5329 0.3732 0.5035 0.5364 0.4195 0.4532 0.5895 0.6086
0.5280 0.4128 0.5331 0.3733 0.5036 0.5364 0.4196 0.4532 0.5894 0.6085
0.5278 0.4128 0.5332 0.3731 0.5036 0.5360 0.4198 0.4534 0.5897 0.6087
0.5275 0.4128 0.5329 0.3727 0.5034 0.5355 0.4201 0.4537 0.5901 0.6091
0.5271 0.4125 0.5324 0.3723 0.5032 0.5351 0.4205 0.4540 0.5906 0.6095
0.5269 0.4122 0.5319 0.3720 0.5031 0.5349 0.4210 0.4543 0.5909 0.6098
0.5267 0.4120 0.5317 0.3719 0.5032 0.5348 0.4213 0.4545 0.5911 0.6100
0.5265 0.4120 0.5316 0.3715 0.5030 0.5343 0.4215 0.4547 0.5915 0.6102
0.5261 0.4119 0.5311 0.3711 0.5027 0.5339 0.4219 0.4551 0.5920 0.6107
0.5258 0.4115 0.5306 0.3709 0.5027 0.5338 0.4223 0.4554 0.5923 0.6109
0.5259 0.4113 0.5304 0.3709 0.5029 0.5339 0.4227 0.4555 0.5923 0.6110
0.5257 0.4114 0.5305 0.3707 0.5029 0.5335 0.4228 0.4556 0.5925 0.6111
0.5252 0.4114 0.5302 0.3701 0.5025 0.5327 0.4231 0.4561 0.5932 0.6116
0.5247 0.4111 0.5295 0.3696 0.5022 0.5324 0.4236 0.4565 0.5938 0.6121
0.5246 0.4108 0.5290 0.3695 0.5021 0.5324 0.4239 0.4567 0.5940 0.6123
0.5246 0.4107 0.5289 0.3695 0.5022 0.5325 0.4241 0.4567 0.5940 0.6124
0.5246 0.4107 0.5289 0.3694 0.5022 0.5324 0.4241 0.4568 0.5940 0.6124
0.5244 0.4107 0.5288 0.3693 0.5022 0.5322 0.4243 0.4569 0.5942 0.6126
0.5242 0.4106 0.5286 0.3691 0.5021 0.5320 0.4245 0.4572 0.5945 0.6128
0.5241 0.4105 0.5283 0.3689 0.5021 0.5319 0.4248 0.4573 0.5947 0.6129
0.5239 0.4104 0.5282 0.3687 0.5020 0.5317 0.4250 0.4575 0.5949 0.6131
0.5236 0.4104 0.5279 0.3684 0.5018 0.5312 0.4252 0.4578 0.5953 0.6134
0.5233 0.4103 0.5275 0.3681 0.5016 0.5310 0.4254 0.4580 0.5957 0.6137
0.5233 0.4101 0.5272 0.3680 0.5016 0.5312 0.4256 0.4581 0.5957 0.6138
0.5234 0.4100 0.5272 0.3682 0.5018 0.5314 0.4257 0.4581 0.5955 0.6137
0.5235 0.4100 0.5273 0.3683 0.5019 0.5314 0.4258 0.4581 0.5955 0.6137
0.5234 0.4101 0.5274 0.3682 0.5020 0.5312 0.4259 0.4582 0.5956 0.6138
0.5230 0.4100 0.5271 0.3677 0.5018 0.5307 0.4262 0.4586 0.5961 0.6141
0.5227 0.4099 0.5267 0.3674 0.5016 0.5304 0.4266 0.4590 0.5966 0.6145
0.5223 0.4098 0.5262 0.3670 0.5014 0.5301 0.4270 0.4593 0.5970 0.6149
0.5220 0.4096 0.5258 0.3666 0.5012 0.5298 0.4273 0.4597 0.5975 0.6153
0.5218 0.4095 0.5254 0.3664 0.5010 0.5297 0.4275 0.4598 0.5977 0.6155
0.5216 0.4094 0.5251 0.3663 0.5009 0.5296 0.4277 0.4600 0.5979 0.6157
0.5216 0.4093 0.5250 0.3663 0.5010 0.5297 0.4277 0.4600 0.5979 0.6157
0.5217 0.4093 0.5251 0.3663 0.5010 0.5298 0.4277 0.4600 0.5978 0.6156
0.5217 0.4093 0.5251 0.3663 0.5010 0.5297 0.4277 0.4600 0.5979 0.6156
0.5217 0.4094 0.5251 0.3663 0.5010 0.5297 0.4277 0.4600 0.5979 0.6156
0.5215 0.4094 0.5250 0.3661 0.5009 0.5295 0.4277 0.4601 0.5981 0.6158
0.5214 0.4093 0.5248 0.3660 0.5007 0.5294 0.4278 0.4602 0.5982 0.6159
0.5215 0.4093 0.5248 0.3661 0.5008 0.5296 0.4278 0.4601 0.5981 0.6158
0.5217 0.4093 0.5249 0.3663 0.5009 0.5299 0.4276 0.4599 0.5978 0.6156
0.5219 0.4094 0.5252 0.3665 0.5010 0.5299 0.4275 0.4597 0.5976 0.6155
0.5219 0.4094 0.5253 0.3665 0.5010 0.5299 0.4274 0.4597 0.5976 0.6154
0.5219 0.4094 0.5254 0.3666 0.5011 0.5300 0.4274 0.4597 0.5975 0.6153
0.5221 0.4094 0.5255 0.3667 0.5012 0.5301 0.4273 0.4596 0.5973 0.6152
0.5220 0.4094 0.5255 0.3667 0.5012 0.5301 0.4274 0.4596 0.5974 0.6152
0.5220 0.4095 0.5256 0.3667 0.5013 0.5300 0.4274 0.4597 0.5974 0.6153
0.5219 0.4095 0.5255 0.3665 0.5012 0.5298 0.4275 0.4598 0.5976 0.6154
0.5217 0.4094 0.5252 0.3663 0.5011 0.5297 0.4277 0.4601 0.5979 0.6156
0.5216 0.4093 0.5250 0.3663 0.5011 0.5297 0.4279 0.4602 0.5980 0.6157
0.5216 0.4093 0.5249 0.3662 0.5012 0.5297 0.4281 0.4603 0.5980 0.6158
0.5214 0.4093 0.5248 0.3660 0.5011 0.5294 0.4282 0.4605 0.5983 0.6160
0.5211 0.4092 0.5245 0.3657 0.5009 0.5292 0.4285 0.4608 0.5987 0.6163
0.5209 0.4091 0.5242 0.3655 0.5009 0.5292 0.4287 0.4610 0.5989 0.6165
0.5208 0.4090 0.5240 0.3655 0.5009 0.5292 0.4289 0.4612 0.5990 0.6166
0.5207 0.4091 0.5239 0.3653 0.5009 0.5290 0.4291 0.4614 0.5992 0.6167
0.5204 0.4090 0.5237 0.3650 0.5007 0.5287 0.4293 0.4616 0.5995 0.6170
0.5202 0.4090 0.5233 0.3648 0.5005 0.5286 0.4295 0.4619 0.5998 0.6172
0.5200 0.4088 0.5230 0.3646 0.5005 0.5286 0.4297 0.4621 0.6000 0.6174
0.5200 0.4088 0.5229 0.3646 0.5005 0.5286 0.4298 0.4622 0.6001 0.6175
0.5199 0.4088 0.5228 0.3645 0.5005 0.5286 0.4300 0.4623 0.6002 0.6176
0.5198 0.4088 0.5227 0.3644 0.5005 0.5285 0.4301 0.4624 0.6003 0.6177
0.5196 0.4088 0.5225 0.3642 0.5004 0.5284 0.4303 0.4627 0.6005 0.6179
0.5195 0.4088 0.5223 0.3641 0.5004 0.5283 0.4304 0.4629 0.6007 0.6180
0.5193 0.4088 0.5221 0.3639 0.5003 0.5282 0.4306 0.4631 0.6010 0.6182
0.5190 0.4087 0.5218 0.3636 0.5002 0.5280 0.4308 0.4633 0.6013 0.6185
0.5189 0.4086 0.5215 0.3635 0.5001 0.5280 0.4310 0.4635 0.6015 0.6186
0.5188 0.4086 0.5213 0.3635 0.5001 0.5281 0.4311 0.4637 0.6015 0.6187
0.5188 0.4086 0.5212 0.3635 0.5002 0.5282 0.4313 0.4638 0.6016 0.6187
0.5188 0.4087 0.5212 0.3634 0.5003 0.5282 0.4314 0.4639 0.6017 0.6188
0.5185 0.4087 0.5210 0.3631 0.5001 0.5278 0.4316 0.4642 0.6021 0.6191
0.5181 0.4087 0.5206 0.3627 0.4999 0.5276 0.4318 0.4646 0.6025 0.6194
0.5179 0.4086 0.5202 0.3625 0.4998 0.5276 0.4321 0.4649 0.6028 0.6197
0.5178 0.4085 0.5199 0.3624 0.4997 0.5276 0.4322 0.4650 0.6029 0.6198
0.5176 0.4085 0.5198 0.3623 0.4996 0.5275 0.4323 0.4652 0.6031 0.6200
0.5175 0.4085 0.5196 0.3621 0.4996 0.5274 0.4324 0.4653 0.6033 0.6201
0.5174 0.4085 0.5194 0.3620 0.4995 0.5273 0.4325 0.4654 0.6034 0.6202
0.5173 0.4084 0.5193 0.3620 0.4994 0.5273 0.4326 0.4655 0.6035 0.6203
0.5173 0.4084 0.5193 0.3619 0.4994 0.5272 0.4326 0.4655 0.6035 0.6203
0.5172 0.4084 0.5192 0.3618 0.4992 0.5271 0.4326 0.4655 0.6037 0.6204
0.5171 0.4083 0.5191 0.3618 0.4992 0.5271 0.4326 0.4655 0.6037 0.6204
0.5173 0.4083 0.5192 0.3619 0.4992 0.5272 0.4325 0.4653 0.6035 0.6203
0.5174 0.4083 0.5194 0.3620 0.4992 0.5272 0.4323 0.4651 0.6033 0.6202
0.5175 0.4083 0.5195 0.3621 0.4992 0.5271 0.4322 0.4649 0.6032 0.6201
0.5176 0.4082 0.5197 0.3622 0.4992 0.5272 0.4320 0.4647 0.6030 0.6199
0.5179 0.4082 0.5199 0.3625 0.4993 0.5273 0.4318 0.4644 0.6027 0.6197
0.5181 0.4083 0.5202 0.3627 0.4994 0.5274 0.4315 0.4641 0.6024 0.6195
0.5184 0.4083 0.5205 0.3629 0.4995 0.5275 0.4313 0.4638 0.6021 0.6192
0.5186 0.4084 0.5208 0.3631 0.4995 0.5275 0.4310 0.4634 0.6019 0.6190
0.5188 0.4084 0.5211 0.3633 0.4995 0.5276 0.4306 0.4631 0.6016 0.6187
0.5191 0.4084 0.5214 0.3636 0.4995 0.5278 0.4303 0.4627 0.6012 0.6184
0.5195 0.4085 0.5219 0.3641 0.4997 0.5282 0.4298 0.4621 0.6006 0.6180
0.5200 0.4086 0.5225 0.3645 0.4999 0.5285 0.4293 0.4616 0.6000 0.6175
0.5205 0.4087 0.5231 0.3650 0.5001 0.5289 0.4288 0.4611 0.5994 0.6170
0.5210 0.4089 0.5237 0.3656 0.5004 0.5294 0.4283 0.4606 0.5987 0.6164
0.5215 0.4092 0.5245 0.3661 0.5006 0.5296 0.4278 0.4600 0.5981 0.6159
0.5216 0.4095 0.5250 0.3661 0.5005 0.5295 0.4272 0.4596 0.5979 0.6157
0.5217 0.4095 0.5250 0.3663 0.5004 0.5297 0.4269 0.4594 0.5977 0.6155
0.5224 0.4095 0.5254 0.3671 0.5007 0.5306 0.4263 0.4587 0.5968 0.6149
0.5232 0.4098 0.5263 0.3678 0.5011 0.5313 0.4256 0.4580 0.5959 0.6141
0.5237 0.4102 0.5272 0.3684 0.5014 0.5318 0.4249 0.4575 0.5952 0.6135
0.5243 0.4104 0.5279 0.3690 0.5018 0.5323 0.4244 0.4570 0.5944 0.6129
0.5246 0.4108 0.5286 0.3694 0.5019 0.5325 0.4239 0.4566 0.5940 0.6125
0.5247 0.4110 0.5288 0.3695 0.5019 0.5325 0.4236 0.4564 0.5939 0.6123
0.5249 0.4111 0.5290 0.3697 0.5019 0.5328 0.4233 0.4562 0.5937 0.6121
0.5251 0.4114 0.5293 0.3699 0.5018 0.5330 0.4227 0.4558 0.5934 0.6118
0.5253 0.4118 0.5295 0.3700 0.5015 0.5333 0.4220 0.4554 0.5931 0.6116
0.5258 0.4119 0.5297 0.3706 0.5016 0.5342 0.4213 0.4548 0.5924 0.6111
0.5268 0.4121 0.5304 0.3718 0.5021 0.5357 0.4204 0.4539 0.5910 0.6100
0.5281 0.4128 0.5320 0.3733 0.5028 0.5372 0.4189 0.4527 0.5893 0.6086
0.5289 0.4138 0.5335 0.3742 0.5032 0.5381 0.4175 0.4518 0.5882 0.6076
0.5294 0.4144 0.5344 0.3749 0.5033 0.5388 0.4164 0.4512 0.5874 0.6069
0.5301 0.4148 0.5351 0.3757 0.5035 0.5397 0.4154 0.4505 0.5865 0.6061
0.5308 0.4154 0.5360 0.3765 0.5037 0.5407 0.4144 0.4497 0.5855 0.6053
0.5314 0.4158 0.5368 0.3774 0.5040 0.5417 0.4134 0.4490 0.5845 0.6044
0.5322 0.4161 0.5378 0.3784 0.5045 0.5428 0.4125 0.4483 0.5834 0.6035
0.5329 0.4166 0.5389 0.3793 0.5049 0.5436 0.4116 0.4477 0.5824 0.6027
0.5332 0.4171 0.5398 0.3798 0.5052 0.5440 0.4110 0.4474 0.5819 0.6021
0.5334 0.4173 0.5403 0.3800 0.5054 0.5441 0.4107 0.4472 0.5816 0.6019
0.5335 0.4174 0.5404 0.3801 0.5055 0.5441 0.4106 0.4472 0.5815 0.6018
0.5335 0.4173 0.5405 0.3801 0.5056 0.5440 0.4108 0.4473 0.5816 0.6018
0.5334 0.4172 0.5405 0.3800 0.5057 0.5439 0.4110 0.4474 0.5816 0.6019
0.5332 0.4171 0.5404 0.3798 0.5057 0.5435 0.4114 0.4476 0.5820 0.6021
0.5329 0.4169 0.5400 0.3793 0.5056 0.5429 0.4119 0.4480 0.5825 0.6025
0.5326 0.4165 0.5396 0.3789 0.5055 0.5424 0.4126 0.4484 0.5829 0.6029
0.5322 0.4162 0.5391 0.3784 0.5054 0.5418 0.4133 0.4488 0.5835 0.6034
0.5317 0.4159 0.5385 0.3777 0.5052 0.5410 0.4140 0.4494 0.5843 0.6040
0.5311 0.4156 0.5379 0.3771 0.5049 0.5402 0.4146 0.4499 0.5850 0.6047
0.5306 0.4153 0.5371 0.3764 0.5046 0.5396 0.4152 0.4503 0.5858 0.6053
0.5302 0.4149 0.5364 0.3760 0.5044 0.5392 0.4159 0.4507 0.5863 0.6058
0.5301 0.4144 0.5360 0.3758 0.5045 0.5391 0.4165 0.4510 0.5865 0.6060
0.5300 0.4142 0.5359 0.3757 0.5046 0.5388 0.4168 0.4512 0.5867 0.6062
0.5296 0.4143 0.5357 0.3751 0.5043 0.5381 0.4171 0.4516 0.5873 0.6066
0.5289 0.4142 0.5350 0.3743 0.5038 0.5373 0.4176 0.4521 0.5882 0.6073
0.5285 0.4137 0.5342 0.3739 0.5036 0.5370 0.4182 0.4525 0.5887 0.6078
0.5285 0.4135 0.5339 0.3739 0.5035 0.5371 0.4184 0.4525 0.5887 0.6079
0.5285 0.4136 0.5338 0.3738 0.5035 0.5370 0.4183 0.4525 0.5888 0.6079
0.5284 0.4136 0.5337 0.3738 0.5034 0.5371 0.4183 0.4525 0.5888 0.6080
0.5286 0.4135 0.5338 0.3740 0.5035 0.5374 0.4182 0.4523 0.5885 0.6078
0.5288 0.4136 0.5340 0.3742 0.5037 0.5376 0.4180 0.4521 0.5883 0.6076
0.5289 0.4137 0.5343 0.3743 0.5037 0.5376 0.4179 0.4521 0.5882 0.6075
0.5289 0.4138 0.5344 0.3744 0.5037 0.5376 0.4178 0.4520 0.5881 0.6074
0.5289 0.4137 0.5343 0.3743 0.5038 0.5376 0.4179 0.4521 0.5882 0.6074
0.5289 0.4135 0.5343 0.3744 0.5039 0.5376 0.4181 0.4522 0.5882 0.6075
0.5289 0.4133 0.5343 0.3744 0.5041 0.5376 0.4184 0.4522 0.5881 0.6075
0.5288 0.4133 0.5344 0.3742 0.5042 0.5372 0.4187 0.4525 0.5884 0.6076
0.5282 0.4133 0.5341 0.3736 0.5039 0.5363 0.4192 0.4530 0.5891 0.6082
0.5276 0.4128 0.5333 0.3729 0.5036 0.5356 0.4200 0.4536 0.5900 0.6089
0.5272 0.4123 0.5325 0.3724 0.5035 0.5351 0.4208 0.4541 0.5905 0.6094
0.5268 0.4120 0.5320 0.3720 0.5035 0.5347 0.4215 0.4546 0.5910 0.6099
0.5263 0.4118 0.5315 0.3713 0.5032 0.5339 0.4221 0.4551 0.5918 0.6105
0.5256 0.4116 0.5308 0.3706 0.5029 0.5332 0.4228 0.4558 0.5927 0.6111
0.5250 0.4112 0.5299 0.3699 0.5026 0.5326 0.4235 0.4564 0.5935 0.6118
0.5246 0.4108 0.5292 0.3695 0.5025 0.5323 0.4242 0.4568 0.5940 0.6123
0.5243 0.4105 0.5288 0.3692 0.5024 0.5321 0.4247 0.4572 0.5944 0.6127
0.5239 0.4105 0.5284 0.3687 0.5022 0.5315 0.4251 0.4576 0.5949 0.6131
0.5233 0.4104 0.5278 0.3681 0.5018 0.5308 0.4256 0.4582 0.5957 0.6137
0.5229 0.4101 0.5271 0.3676 0.5015 0.5305 0.4261 0.4586 0.5963 0.6142
0.5227 0.4099 0.5265 0.3674 0.5014 0.5305 0.4264 0.4588 0.5966 0.6145
0.5226 0.4097 0.5263 0.3673 0.5014 0.5305 0.4266 0.4589 0.5967 0.6146
0.5226 0.4097 0.5263 0.3673 0.5014 0.5306 0.4267 0.4590 0.5966 0.6146
0.5226 0.4097 0.5263 0.3673 0.5015 0.5305 0.4268 0.4591 0.5967 0.6147
0.5224 0.4097 0.5262 0.3672 0.5015 0.5304 0.4269 0.4592 0.5968 0.6148
0.5223 0.4096 0.5260 0.3670 0.5015 0.5303 0.4272 0.4594 0.5970 0.6149
0.5222 0.4095 0.5258 0.3669 0.5015 0.5302 0.4274 0.4597 0.5972 0.6151
0.5220 0.4095 0.5257 0.3666 0.5015 0.5299 0.4277 0.4599 0.5975 0.6153
0.5215 0.4095 0.5253 0.3661 0.5012 0.5294 0.4280 0.4604 0.5981 0.6158
0.5210 0.4093 0.5246 0.3657 0.5009 0.5291 0.4284 0.4608 0.5987 0.6163
0.5209 0.4091 0.5242 0.3655 0.5009 0.5292 0.4288 0.4611 0.5989 0.6165
0.5208 0.4090 0.5239 0.3655 0.5009 0.5292 0.4290 0.4613 0.5990 0.6166
0.5207 0.4090 0.5238 0.3654 0.5010 0.5293 0.4293 0.4615 0.5991 0.6167
0.5206 0.4090 0.5237 0.3652 0.5010 0.5291 0.4295 0.4617 0.5993 0.6169
0.5201 0.4091 0.5234 0.3647 0.5008 0.5286 0.4298 0.4622 0.6000 0.6173
0.5196 0.4090 0.5228 0.3642 0.5005 0.5282 0.4302 0.4627 0.6006 0.6178
0.5193 0.4088 0.5221 0.3639 0.5003 0.5281 0.4306 0.4631 0.6010 0.6182
0.5190 0.4087 0.5217 0.3636 0.5002 0.5280 0.4309 0.4634 0.6013 0.6185
0.5188 0.4087 0.5215 0.3634 0.5001 0.5279 0.4310 0.4636 0.6016 0.6187
0.5187 0.4086 0.5212 0.3633 0.5000 0.5278 0.4312 0.4638 0.6018 0.6189
0.5186 0.4085 0.5210 0.3632 0.5000 0.5279 0.4313 0.4639 0.6018 0.6189
0.5186 0.4085 0.5210 0.3633 0.5000 0.5280 0.4314 0.4639 0.6018 0.6189
0.5186 0.4086 0.5210 0.3632 0.5000 0.5279 0.4314 0.4640 0.6019 0.6190
0.5184 0.4086 0.5209 0.3631 0.5000 0.5278 0.4315 0.4642 0.6021 0.6191
0.5182 0.4086 0.5207 0.3629 0.4999 0.5276 0.4317 0.4643 0.6023 0.6193
0.5181 0.4086 0.5204 0.3627 0.4997 0.5275 0.4318 0.4645 0.6025 0.6195
0.5180 0.4085 0.5202 0.3626 0.4996 0.5275 0.4319 0.4646 0.6027 0.6196
0.5179 0.4084 0.5201 0.3626 0.4996 0.5275 0.4319 0.4646 0.6027 0.6197
0.5180 0.4084 0.5201 0.3626 0.4997 0.5276 0.4319 0.4646 0.6026 0.6196
0.5180 0.4085 0.5202 0.3626 0.4997 0.5276 0.4319 0.4646 0.6026 0.6196
0.5179 0.4085 0.5202 0.3625 0.4996 0.5275 0.4319 0.4646 0.6027 0.6196
0.5179 0.4084 0.5201 0.3626 0.4997 0.5276 0.4320 0.4646 0.6027 0.6196
0.5181 0.4085 0.5202 0.3627 0.4998 0.5277 0.4319 0.4646 0.6025 0.6195
0.5179 0.4085 0.5202 0.3625 0.4996 0.5274 0.4319 0.4646 0.6027 0.6196
0.5178 0.4085 0.5201 0.3624 0.4995 0.5272 0.4319 0.4647 0.6029 0.6198
0.5178 0.4083 0.5199 0.3624 0.4995 0.5274 0.4320 0.4647 0.6029 0.6198
0.5180 0.4083 0.5200 0.3626 0.4996 0.5277 0.4319 0.4646 0.6026 0.6196
0.5181 0.4084 0.5203 0.3628 0.4997 0.5277 0.4318 0.4644 0.6024 0.6195
0.5181 0.4085 0.5204 0.3627 0.4997 0.5276 0.4318 0.4644 0.6025 0.6195
0.5181 0.4085 0.5203 0.3627 0.4997 0.5276 0.4318 0.4644 0.6025 0.6195
0.5181 0.4085 0.5203 0.3627 0.4997 0.5276 0.4318 0.4644 0.6025 0.6195
0.5181 0.4084 0.5203 0.3628 0.4998 0.5277 0.4318 0.4645 0.6025 0.6195
0.5182 0.4085 0.5204 0.3628 0.4999 0.5278 0.4318 0.4644 0.6024 0.6194
0.5181 0.4085 0.5204 0.3627 0.4998 0.5277 0.4318 0.4645 0.6025 0.6195
0.5180 0.4085 0.5203 0.3626 0.4997 0.5276 0.4319 0.4647 0.6026 0.6196
0.5179 0.4085 0.5201 0.3626 0.4998 0.5277 0.4320 0.4648 0.6027 0.6196
0.5179 0.4085 0.5201 0.3626 0.4998 0.5277 0.4321 0.4648 0.6027 0.6197
0.5178 0.4086 0.5200 0.3625 0.4997 0.5276 0.4322 0.4650 0.6029 0.6198
0.5177 0.4085 0.5199 0.3623 0.4996 0.5275 0.4323 0.4651 0.6031 0.6199
0.5175 0.4085 0.5197 0.3622 0.4996 0.5275 0.4324 0.4652 0.6032 0.6200
0.5175 0.4085 0.5195 0.3622 0.4996 0.5275 0.4325 0.4653 0.6033 0.6201
0.5174 0.4085 0.5195 0.3621 0.4996 0.5275 0.4325 0.4654 0.6033 0.6202
0.5174 0.4085 0.5194 0.3620 0.4995 0.5274 0.4326 0.4655 0.6034 0.6202
0.5173 0.4085 0.5193 0.3619 0.4995 0.5273 0.4327 0.4656 0.6036 0.6203
0.5172 0.4085 0.5192 0.3618 0.4994 0.5273 0.4327 0.4657 0.6037 0.6204
0.5171 0.4084 0.5191 0.3618 0.4994 0.5273 0.4328 0.4658 0.6037 0.6205
0.5171 0.4085 0.5190 0.3618 0.4994 0.5273 0.4328 0.4658 0.6037 0.6205
0.5170 0.4085 0.5190 0.3617 0.4994 0.5272 0.4329 0.4659 0.6038 0.6206
0.5170 0.4084 0.5189 0.3617 0.4993 0.5272 0.4329 0.4659 0.6039 0.6206
0.5170 0.4084 0.5189 0.3617 0.4993 0.5273 0.4329 0.4659 0.6039 0.6206
0.5169 0.4084 0.5188 0.3616 0.4993 0.5271 0.4329 0.4659 0.6040 0.6207
0.5169 0.4084 0.5188 0.3616 0.4992 0.5271 0.4329 0.4659 0.6040 0.6207
0.5169 0.4083 0.5188 0.3616 0.4992 0.5272 0.4329 0.4659 0.6039 0.6207
0.5170 0.4084 0.5188 0.3617 0.4992 0.5272 0.4328 0.4658 0.6039 0.6206
0.5170 0.4083 0.5189 0.3617 0.4992 0.5272 0.4328 0.4657 0.6038 0.6206
0.5171 0.4083 0.5190 0.3618 0.4992 0.5272 0.4327 0.4656 0.6037 0.6205
0.5171 0.4083 0.5190 0.3617 0.4992 0.5270 0.4326 0.4655 0.6037 0.6205
0.5171 0.4083 0.5191 0.3618 0.4991 0.5270 0.4325 0.4654 0.6037 0.6204
0.5173 0.4082 0.5192 0.3619 0.4992 0.5272 0.4324 0.4652 0.6035 0.6203
0.5175 0.4082 0.5194 0.3622 0.4993 0.5273 0.4322 0.4649 0.6032 0.6201
0.5177 0.4083 0.5197 0.3623 0.4993 0.5273 0.4320 0.4647 0.6029 0.6199
0.5178 0.4083 0.5199 0.3624 0.4993 0.5273 0.4318 0.4645 0.6028 0.6197
0.5180 0.4083 0.5201 0.3626 0.4994 0.5274 0.4317 0.4642 0.6025 0.6195
0.5182 0.4083 0.5204 0.3627 0.4994 0.5273 0.4314 0.4639 0.6024 0.6194
0.5183 0.4083 0.5205 0.3628 0.4993 0.5273 0.4312 0.4637 0.6022 0.6193
0.5186 0.4082 0.5208 0.3632 0.4994 0.5277 0.4309 0.4633 0.6017 0.6189
0.5192 0.4083 0.5213 0.3638 0.4998 0.5282 0.4305 0.4628 0.6010 0.6184
0.5196 0.4085 0.5220 0.3642 0.5000 0.5284 0.4301 0.4623 0.6006 0.6179
0.5198 0.4086 0.5225 0.3644 0.5001 0.5284 0.4297 0.4620 0.6002 0.6176
0.5200 0.4087 0.5228 0.3646 0.5001 0.5285 0.4295 0.4618 0.6000 0.6174
0.5201 0.4088 0.5230 0.3647 0.5001 0.5285 0.4292 0.4616 0.5998 0.6173
0.5203 0.4088 0.5232 0.3649 0.5002 0.5287 0.4290 0.4613 0.5996 0.6171
0.5207 0.4089 0.5235 0.3653 0.5003 0.5290 0.4287 0.4609 0.5991 0.6167
0.5210 0.4090 0.5239 0.3655 0.5004 0.5291 0.4283 0.4606 0.5988 0.6164
0.5211 0.4091 0.5242 0.3657 0.5004 0.5293 0.4280 0.4603 0.5985 0.6162
0.5215 0.4091 0.5245 0.3662 0.5007 0.5298 0.4277 0.4600 0.5980 0.6158
0.5221 0.4093 0.5251 0.3667 0.5010 0.5303 0.4273 0.4595 0.5973 0.6153
0.5222 0.4096 0.5257 0.3668 0.5011 0.5302 0.4270 0.4593 0.5972 0.6151
0.5222 0.4097 0.5258 0.3668 0.5010 0.5300 0.4268 0.4592 0.5972 0.6150
0.5223 0.4096 0.5258 0.3670 0.5010 0.5303 0.4267 0.4591 0.5970 0.6149
0.5225 0.4097 0.5260 0.3672 0.5011 0.5306 0.4265 0.4589 0.5967 0.6147
0.5227 0.4098 0.5263 0.3674 0.5012 0.5307 0.4263 0.4586 0.5965 0.6145
0.5229 0.4099 0.5266 0.3675 0.5012 0.5307 0.4260 0.4585 0.5963 0.6143
0.5229 0.4100 0.5266 0.3676 0.5012 0.5308 0.4258 0.4583 0.5962 0.6142
0.5231 0.4099 0.5267 0.3679 0.5013 0.5312 0.4256 0.4581 0.5959 0.6140
0.5236 0.4100 0.5271 0.3684 0.5017 0.5317 0.4254 0.4578 0.5953 0.6136
0.5239 0.4101 0.5277 0.3687 0.5020 0.5319 0.4252 0.4576 0.5949 0.6132
0.5239 0.4104 0.5280 0.3687 0.5020 0.5316 0.4251 0.4576 0.5950 0.6132
0.5236 0.4104 0.5279 0.3683 0.5018 0.5312 0.4252 0.4578 0.5954 0.6135
0.5234 0.4103 0.5275 0.3681 0.5016 0.5310 0.4254 0.4580 0.5956 0.6137
0.5232 0.4102 0.5272 0.3680 0.5015 0.5310 0.4255 0.4581 0.5958 0.6139
