0.6093 0.4875 0.5158 0.5205 0.4822 0.4820 0.5230 0.3709 0.6024 0.3320
0.6094 0.4874 0.5159 0.5205 0.4821 0.4821 0.5230 0.3709 0.6024 0.3320
0.6094 0.4874 0.5159 0.5205 0.4821 0.4822 0.5230 0.3709 0.6024 0.3320
0.6094 0.4873 0.5159 0.5205 0.4821 0.4822 0.5230 0.3709 0.6024 0.3319
0.6096 0.4873 0.5159 0.5206 0.4822 0.4823 0.5230 0.3709 0.6024 0.3319
0.6096 0.4872 0.5159 0.5206 0.4822 0.4824 0.5229 0.3709 0.6024 0.3319
0.6096 0.4873 0.5159 0.5206 0.4822 0.4823 0.5229 0.3709 0.6024 0.3319
0.6096 0.4873 0.5158 0.5207 0.4822 0.4822 0.5230 0.3708 0.6025 0.3318
0.6099 0.4873 0.5157 0.5209 0.4824 0.4821 0.5231 0.3707 0.6027 0.3316
0.6103 0.4872 0.5155 0.5211 0.4826 0.4820 0.5230 0.3706 0.6028 0.3315
0.6104 0.4873 0.5153 0.5212 0.4828 0.4817 0.5230 0.3706 0.6030 0.3316
0.6102 0.4875 0.5153 0.5211 0.4828 0.4812 0.5230 0.3706 0.6031 0.3318
0.6100 0.4878 0.5151 0.5211 0.4829 0.4807 0.5232 0.3706 0.6033 0.3318
0.6103 0.4878 0.5149 0.5214 0.4833 0.4803 0.5234 0.3704 0.6036 0.3315
0.6110 0.4877 0.5144 0.5218 0.4837 0.4801 0.5234 0.3702 0.6040 0.3312
0.6114 0.4878 0.5141 0.5221 0.4840 0.4796 0.5233 0.3702 0.6043 0.3313
0.6115 0.4882 0.5138 0.5223 0.4844 0.4786 0.5235 0.3701 0.6048 0.3313
0.6116 0.4885 0.5133 0.5226 0.4848 0.4775 0.5238 0.3699 0.6054 0.3312
0.6123 0.4887 0.5127 0.5232 0.4855 0.4766 0.5240 0.3696 0.6061 0.3309
0.6130 0.4888 0.5119 0.5238 0.4862 0.4755 0.5241 0.3694 0.6069 0.3306
0.6135 0.4892 0.5111 0.5243 0.4869 0.4741 0.5243 0.3692 0.6076 0.3306
0.6135 0.4898 0.5105 0.5245 0.4875 0.4724 0.5246 0.3691 0.6083 0.3307
0.6135 0.4904 0.5098 0.5249 0.4881 0.4707 0.5250 0.3690 0.6091 0.3307
0.6138 0.4908 0.5090 0.5255 0.4889 0.4692 0.5254 0.3687 0.6100 0.3303
0.6144 0.4910 0.5081 0.5261 0.4896 0.4679 0.5257 0.3684 0.6109 0.3301
0.6149 0.4914 0.5073 0.5267 0.4904 0.4663 0.5260 0.3681 0.6118 0.3298
0.6151 0.4918 0.5064 0.5272 0.4912 0.4646 0.5264 0.3679 0.6127 0.3297
0.6153 0.4922 0.5055 0.5278 0.4919 0.4629 0.5269 0.3676 0.6136 0.3294
0.6156 0.4926 0.5046 0.5283 0.4926 0.4613 0.5273 0.3674 0.6145 0.3291
0.6155 0.4930 0.5038 0.5286 0.4932 0.4599 0.5277 0.3673 0.6152 0.3291
0.6150 0.4936 0.5034 0.5286 0.4934 0.4584 0.5280 0.3674 0.6157 0.3293
0.6143 0.4942 0.5031 0.5286 0.4936 0.4572 0.5284 0.3674 0.6160 0.3294
0.6142 0.4945 0.5028 0.5288 0.4939 0.4564 0.5288 0.3673 0.6165 0.3291
0.6150 0.4942 0.5022 0.5295 0.4945 0.4559 0.5291 0.3669 0.6171 0.3285
0.6165 0.4937 0.5010 0.5307 0.4955 0.4554 0.5294 0.3662 0.6181 0.3275
0.6175 0.4935 0.5000 0.5315 0.4963 0.4546 0.5296 0.3659 0.6190 0.3270
0.6173 0.4939 0.4994 0.5318 0.4967 0.4530 0.5300 0.3657 0.6196 0.3269
0.6163 0.4947 0.4989 0.5317 0.4970 0.4513 0.5305 0.3659 0.6201 0.3271
0.6153 0.4954 0.4987 0.5315 0.4970 0.4501 0.5310 0.3660 0.6204 0.3273
0.6149 0.4956 0.4986 0.5315 0.4971 0.4495 0.5313 0.3660 0.6206 0.3272
0.6153 0.4954 0.4981 0.5319 0.4974 0.4493 0.5315 0.3658 0.6210 0.3268
0.6159 0.4951 0.4977 0.5323 0.4977 0.4492 0.5315 0.3656 0.6213 0.3264
0.6159 0.4952 0.4975 0.5324 0.4979 0.4488 0.5316 0.3655 0.6214 0.3264
0.6153 0.4956 0.4975 0.5322 0.4978 0.4482 0.5318 0.3656 0.6215 0.3266
0.6147 0.4959 0.4975 0.5320 0.4978 0.4478 0.5320 0.3658 0.6215 0.3268
0.6140 0.4962 0.4978 0.5315 0.4974 0.4478 0.5319 0.3661 0.6212 0.3272
0.6132 0.4966 0.4984 0.5309 0.4970 0.4479 0.5318 0.3664 0.6207 0.3278
0.6124 0.4969 0.4990 0.5302 0.4964 0.4483 0.5316 0.3668 0.6201 0.3284
0.6122 0.4968 0.4996 0.5298 0.4960 0.4491 0.5313 0.3670 0.6196 0.3286
0.6128 0.4963 0.4998 0.5300 0.4959 0.4502 0.5310 0.3669 0.6194 0.3284
0.6137 0.4957 0.4998 0.5302 0.4959 0.4511 0.5307 0.3667 0.6193 0.3281
0.6139 0.4955 0.5000 0.5301 0.4958 0.4516 0.5304 0.3668 0.6190 0.3283
0.6131 0.4959 0.5005 0.5295 0.4953 0.4516 0.5303 0.3671 0.6185 0.3289
0.6122 0.4963 0.5011 0.5289 0.4949 0.4517 0.5302 0.3675 0.6181 0.3294
0.6118 0.4963 0.5015 0.5285 0.4945 0.4523 0.5301 0.3676 0.6177 0.3296
0.6121 0.4959 0.5019 0.5284 0.4942 0.4533 0.5298 0.3677 0.6173 0.3296
0.6122 0.4957 0.5023 0.5282 0.4939 0.4542 0.5295 0.3678 0.6168 0.3298
0.6121 0.4956 0.5027 0.5279 0.4936 0.4548 0.5292 0.3680 0.6164 0.3301
0.6117 0.4956 0.5032 0.5275 0.4932 0.4554 0.5290 0.3682 0.6159 0.3304
0.6118 0.4954 0.5035 0.5274 0.4930 0.4560 0.5289 0.3681 0.6157 0.3303
0.6120 0.4950 0.5036 0.5273 0.4928 0.4568 0.5287 0.3682 0.6154 0.3303
0.6116 0.4951 0.5043 0.5267 0.4922 0.4575 0.5283 0.3686 0.6147 0.3309
0.6106 0.4954 0.5050 0.5260 0.4916 0.4579 0.5281 0.3690 0.6140 0.3315
0.6098 0.4954 0.5057 0.5254 0.4910 0.4587 0.5280 0.3693 0.6134 0.3318
0.6100 0.4950 0.5062 0.5252 0.4906 0.4599 0.5277 0.3693 0.6129 0.3317
0.6111 0.4942 0.5063 0.5256 0.4907 0.4612 0.5275 0.3690 0.6128 0.3312
0.6126 0.4933 0.5060 0.5264 0.4911 0.4620 0.5273 0.3685 0.6131 0.3304
0.6136 0.4929 0.5056 0.5268 0.4914 0.4623 0.5271 0.3683 0.6132 0.3302
0.6134 0.4933 0.5057 0.5267 0.4914 0.4617 0.5270 0.3684 0.6133 0.3305
0.6125 0.4938 0.5057 0.5264 0.4913 0.4609 0.5273 0.3686 0.6133 0.3308
0.6119 0.4941 0.5057 0.5261 0.4912 0.4606 0.5274 0.3688 0.6133 0.3310
0.6116 0.4942 0.5059 0.5259 0.4910 0.4608 0.5274 0.3689 0.6131 0.3312
0.6115 0.4941 0.5061 0.5258 0.4908 0.4611 0.5273 0.3689 0.6129 0.3312
0.6117 0.4939 0.5062 0.5259 0.4908 0.4615 0.5273 0.3688 0.6128 0.3311
0.6121 0.4937 0.5062 0.5260 0.4909 0.4618 0.5272 0.3687 0.6129 0.3309
0.6123 0.4935 0.5061 0.5261 0.4909 0.4619 0.5271 0.3687 0.6129 0.3309
0.6122 0.4936 0.5062 0.5260 0.4908 0.4620 0.5270 0.3688 0.6127 0.3311
0.6113 0.4939 0.5065 0.5254 0.4904 0.4619 0.5270 0.3692 0.6123 0.3316
0.6102 0.4943 0.5072 0.5247 0.4898 0.4621 0.5269 0.3695 0.6118 0.3322
0.6096 0.4943 0.5077 0.5243 0.4893 0.4627 0.5269 0.3697 0.6113 0.3323
0.6098 0.4938 0.5080 0.5242 0.4890 0.4638 0.5267 0.3698 0.6109 0.3322
0.6104 0.4932 0.5082 0.5242 0.4889 0.4650 0.5264 0.3697 0.6106 0.3319
0.6105 0.4929 0.5086 0.5240 0.4885 0.4659 0.5261 0.3698 0.6101 0.3321
0.6100 0.4930 0.5092 0.5235 0.4880 0.4664 0.5258 0.3700 0.6096 0.3325
0.6093 0.4930 0.5097 0.5231 0.4876 0.4669 0.5258 0.3703 0.6091 0.3327
0.6091 0.4927 0.5100 0.5229 0.4872 0.4678 0.5257 0.3703 0.6087 0.3327
0.6096 0.4922 0.5103 0.5230 0.4870 0.4689 0.5255 0.3702 0.6084 0.3324
0.6102 0.4917 0.5104 0.5232 0.4870 0.4697 0.5253 0.3701 0.6083 0.3321
0.6105 0.4914 0.5105 0.5232 0.4869 0.4703 0.5251 0.3701 0.6081 0.3321
0.6104 0.4914 0.5108 0.5230 0.4867 0.4705 0.5250 0.3702 0.6078 0.3323
0.6099 0.4915 0.5110 0.5227 0.4864 0.4707 0.5250 0.3703 0.6076 0.3325
0.6095 0.4915 0.5113 0.5224 0.4861 0.4711 0.5249 0.3705 0.6073 0.3326
0.6093 0.4913 0.5116 0.5222 0.4858 0.4717 0.5248 0.3706 0.6069 0.3327
0.6093 0.4911 0.5119 0.5221 0.4856 0.4723 0.5247 0.3706 0.6067 0.3327
0.6095 0.4908 0.5121 0.5221 0.4855 0.4730 0.5246 0.3705 0.6065 0.3325
0.6098 0.4905 0.5122 0.5222 0.4854 0.4736 0.5245 0.3705 0.6063 0.3323
0.6100 0.4903 0.5123 0.5222 0.4853 0.4740 0.5244 0.3704 0.6062 0.3323
0.6100 0.4902 0.5124 0.5221 0.4852 0.4742 0.5243 0.3705 0.6061 0.3323
0.6097 0.4902 0.5126 0.5219 0.4850 0.4745 0.5242 0.3706 0.6058 0.3326
0.6092 0.4903 0.5130 0.5215 0.4846 0.4747 0.5241 0.3708 0.6055 0.3328
0.6088 0.4902 0.5132 0.5213 0.4844 0.4751 0.5242 0.3709 0.6052 0.3328
0.6089 0.4899 0.5134 0.5213 0.4842 0.4758 0.5241 0.3709 0.6050 0.3326
0.6092 0.4895 0.5136 0.5213 0.4840 0.4766 0.5239 0.3708 0.6047 0.3325
0.6094 0.4893 0.5138 0.5214 0.4840 0.4770 0.5239 0.3707 0.6046 0.3323
0.6098 0.4891 0.5137 0.5216 0.4841 0.4773 0.5239 0.3706 0.6047 0.3320
0.6101 0.4889 0.5137 0.5216 0.4841 0.4776 0.5237 0.3706 0.6047 0.3321
0.6100 0.4890 0.5138 0.5215 0.4840 0.4776 0.5236 0.3706 0.6045 0.3322
0.6096 0.4891 0.5139 0.5213 0.4839 0.4774 0.5237 0.3707 0.6045 0.3324
0.6093 0.4891 0.5140 0.5212 0.4837 0.4776 0.5237 0.3708 0.6043 0.3324
0.6093 0.4890 0.5142 0.5211 0.4836 0.4779 0.5237 0.3709 0.6042 0.3324
0.6093 0.4889 0.5143 0.5211 0.4835 0.4782 0.5236 0.3708 0.6040 0.3324
0.6094 0.4888 0.5144 0.5211 0.4834 0.4785 0.5236 0.3708 0.6039 0.3323
0.6095 0.4886 0.5145 0.5211 0.4833 0.4789 0.5235 0.3708 0.6038 0.3322
0.6095 0.4885 0.5146 0.5210 0.4833 0.4791 0.5234 0.3708 0.6037 0.3322
0.6094 0.4885 0.5147 0.5209 0.4831 0.4793 0.5234 0.3709 0.6036 0.3323
0.6091 0.4885 0.5149 0.5207 0.4829 0.4795 0.5233 0.3710 0.6034 0.3325
0.6088 0.4884 0.5151 0.5205 0.4827 0.4798 0.5233 0.3711 0.6031 0.3325
0.6087 0.4883 0.5153 0.5205 0.4826 0.4802 0.5233 0.3711 0.6030 0.3324
0.6090 0.4880 0.5154 0.5205 0.4825 0.4807 0.5233 0.3710 0.6029 0.3322
0.6094 0.4878 0.5154 0.5207 0.4825 0.4811 0.5232 0.3709 0.6028 0.3320
0.6097 0.4876 0.5154 0.5208 0.4826 0.4813 0.5231 0.3708 0.6029 0.3319
0.6099 0.4875 0.5153 0.5209 0.4827 0.4813 0.5231 0.3707 0.6029 0.3318
0.6099 0.4876 0.5153 0.5209 0.4827 0.4812 0.5231 0.3708 0.6029 0.3319
0.6097 0.4877 0.5154 0.5208 0.4826 0.4811 0.5231 0.3708 0.6029 0.3320
0.6095 0.4878 0.5154 0.5208 0.4826 0.4809 0.5232 0.3708 0.6030 0.3320
0.6097 0.4877 0.5153 0.5209 0.4827 0.4810 0.5232 0.3708 0.6030 0.3319
0.6099 0.4877 0.5152 0.5210 0.4828 0.4810 0.5232 0.3707 0.6031 0.3318
0.6100 0.4877 0.5151 0.5211 0.4829 0.4809 0.5232 0.3707 0.6032 0.3318
0.6100 0.4878 0.5151 0.5211 0.4829 0.4807 0.5232 0.3707 0.6032 0.3319
0.6099 0.4879 0.5151 0.5210 0.4829 0.4805 0.5232 0.3707 0.6033 0.3320
0.6099 0.4880 0.5150 0.5211 0.4831 0.4802 0.5233 0.3707 0.6034 0.3318
0.6101 0.4879 0.5148 0.5213 0.4832 0.4801 0.5234 0.3706 0.6036 0.3317
0.6106 0.4879 0.5146 0.5216 0.4835 0.4799 0.5234 0.3704 0.6039 0.3315
0.6109 0.4880 0.5143 0.5218 0.4838 0.4795 0.5234 0.3703 0.6042 0.3314
0.6112 0.4881 0.5139 0.5221 0.4841 0.4789 0.5235 0.3702 0.6046 0.3314
0.6113 0.4884 0.5136 0.5223 0.4844 0.4782 0.5236 0.3701 0.6049 0.3314
0.6112 0.4887 0.5133 0.5223 0.4846 0.4774 0.5237 0.3702 0.6051 0.3316
0.6109 0.4890 0.5132 0.5222 0.4848 0.4767 0.5238 0.3702 0.6053 0.3318
0.6107 0.4893 0.5130 0.5223 0.4849 0.4760 0.5240 0.3703 0.6056 0.3318
0.6108 0.4894 0.5128 0.5224 0.4851 0.4757 0.5241 0.3702 0.6058 0.3318
0.6110 0.4895 0.5126 0.5226 0.4853 0.4754 0.5241 0.3701 0.6060 0.3317
0.6113 0.4895 0.5123 0.5228 0.4856 0.4749 0.5242 0.3700 0.6064 0.3315
0.6115 0.4897 0.5119 0.5230 0.4859 0.4744 0.5243 0.3699 0.6066 0.3316
0.6114 0.4899 0.5118 0.5230 0.4860 0.4738 0.5243 0.3700 0.6068 0.3317
0.6111 0.4903 0.5116 0.5230 0.4861 0.4732 0.5245 0.3700 0.6070 0.3318
0.6111 0.4904 0.5114 0.5231 0.4863 0.4727 0.5246 0.3700 0.6072 0.3318
0.6111 0.4905 0.5113 0.5231 0.4864 0.4724 0.5246 0.3699 0.6074 0.3318
0.6113 0.4906 0.5111 0.5233 0.4866 0.4721 0.5247 0.3698 0.6076 0.3317
0.6115 0.4906 0.5108 0.5235 0.4869 0.4717 0.5248 0.3698 0.6079 0.3316
0.6116 0.4908 0.5107 0.5237 0.4871 0.4713 0.5249 0.3697 0.6081 0.3316
0.6121 0.4908 0.5103 0.5241 0.4875 0.4707 0.5251 0.3694 0.6086 0.3312
0.6125 0.4908 0.5097 0.5244 0.4879 0.4701 0.5252 0.3693 0.6091 0.3311
0.6126 0.4911 0.5095 0.5246 0.4881 0.4695 0.5252 0.3693 0.6093 0.3312
0.6122 0.4916 0.5093 0.5245 0.4883 0.4685 0.5254 0.3693 0.6096 0.3314
0.6119 0.4919 0.5090 0.5245 0.4885 0.4677 0.5256 0.3694 0.6098 0.3314
0.6118 0.4920 0.5089 0.5245 0.4886 0.4674 0.5257 0.3694 0.6100 0.3315
0.6117 0.4921 0.5088 0.5246 0.4886 0.4671 0.5258 0.3694 0.6101 0.3315
0.6116 0.4923 0.5087 0.5245 0.4886 0.4669 0.5258 0.3694 0.6101 0.3316
0.6114 0.4924 0.5088 0.5244 0.4886 0.4667 0.5259 0.3695 0.6101 0.3317
0.6115 0.4924 0.5086 0.5246 0.4888 0.4665 0.5260 0.3694 0.6103 0.3315
0.6117 0.4923 0.5085 0.5247 0.4889 0.4665 0.5260 0.3693 0.6104 0.3314
0.6124 0.4922 0.5083 0.5252 0.4893 0.4663 0.5261 0.3690 0.6108 0.3310
0.6133 0.4920 0.5076 0.5259 0.4899 0.4658 0.5263 0.3686 0.6114 0.3304
0.6145 0.4918 0.5068 0.5268 0.4907 0.4651 0.5264 0.3681 0.6123 0.3298
0.6156 0.4918 0.5058 0.5277 0.4917 0.4639 0.5267 0.3676 0.6133 0.3293
0.6158 0.4922 0.5050 0.5281 0.4923 0.4624 0.5269 0.3675 0.6141 0.3293
0.6157 0.4928 0.5043 0.5286 0.4930 0.4605 0.5275 0.3673 0.6150 0.3291
0.6158 0.4932 0.5032 0.5291 0.4937 0.4588 0.5281 0.3670 0.6159 0.3286
0.6158 0.4935 0.5025 0.5294 0.4942 0.4576 0.5284 0.3669 0.6165 0.3286
0.6156 0.4940 0.5021 0.5297 0.4946 0.4562 0.5288 0.3668 0.6171 0.3285
0.6153 0.4943 0.5014 0.5299 0.4950 0.4550 0.5293 0.3667 0.6177 0.3283
0.6153 0.4945 0.5010 0.5302 0.4954 0.4542 0.5295 0.3666 0.6182 0.3281
0.6157 0.4945 0.5004 0.5308 0.4959 0.4534 0.5299 0.3663 0.6188 0.3276
0.6159 0.4944 0.4996 0.5311 0.4963 0.4527 0.5302 0.3662 0.6193 0.3274
0.6151 0.4950 0.4998 0.5306 0.4961 0.4520 0.5302 0.3665 0.6192 0.3280
0.6134 0.4960 0.5003 0.5299 0.4957 0.4510 0.5304 0.3669 0.6189 0.3287
0.6125 0.4964 0.5006 0.5294 0.4954 0.4509 0.5306 0.3672 0.6187 0.3290
0.6130 0.4960 0.5006 0.5296 0.4954 0.4515 0.5305 0.3670 0.6187 0.3286
0.6140 0.4953 0.5004 0.5300 0.4956 0.4523 0.5303 0.3668 0.6187 0.3282
0.6146 0.4951 0.5004 0.5302 0.4957 0.4526 0.5301 0.3667 0.6187 0.3282
0.6145 0.4952 0.5003 0.5302 0.4957 0.4524 0.5301 0.3667 0.6188 0.3282
0.6141 0.4954 0.5003 0.5300 0.4956 0.4521 0.5302 0.3668 0.6188 0.3284
0.6138 0.4956 0.5004 0.5299 0.4955 0.4520 0.5303 0.3669 0.6187 0.3285
0.6132 0.4958 0.5006 0.5295 0.4953 0.4520 0.5302 0.3671 0.6184 0.3288
0.6125 0.4960 0.5011 0.5289 0.4948 0.4522 0.5301 0.3674 0.6180 0.3294
0.6117 0.4963 0.5018 0.5283 0.4943 0.4526 0.5299 0.3678 0.6174 0.3299
0.6115 0.4962 0.5022 0.5280 0.4939 0.4534 0.5297 0.3679 0.6169 0.3300
0.6117 0.4958 0.5026 0.5278 0.4936 0.4545 0.5294 0.3680 0.6165 0.3301
0.6118 0.4955 0.5031 0.5276 0.4932 0.4554 0.5290 0.3681 0.6160 0.3303
0.6116 0.4954 0.5035 0.5272 0.4928 0.4561 0.5288 0.3683 0.6155 0.3305
0.6110 0.4955 0.5042 0.5266 0.4922 0.4569 0.5285 0.3687 0.6148 0.3311
0.6104 0.4955 0.5050 0.5260 0.4917 0.4576 0.5282 0.3689 0.6142 0.3314
0.6104 0.4952 0.5053 0.5258 0.4913 0.4586 0.5281 0.3690 0.6138 0.3313
0.6108 0.4946 0.5057 0.5257 0.4910 0.4599 0.5277 0.3691 0.6132 0.3314
0.6108 0.4944 0.5063 0.5254 0.4906 0.4608 0.5273 0.3691 0.6127 0.3316
0.6109 0.4942 0.5065 0.5254 0.4904 0.4615 0.5273 0.3691 0.6125 0.3315
0.6110 0.4939 0.5067 0.5252 0.4902 0.4622 0.5270 0.3692 0.6122 0.3316
0.6111 0.4937 0.5071 0.5251 0.4899 0.4628 0.5268 0.3692 0.6118 0.3316
0.6111 0.4936 0.5072 0.5251 0.4899 0.4632 0.5268 0.3692 0.6117 0.3315
0.6114 0.4933 0.5073 0.5251 0.4898 0.4637 0.5267 0.3692 0.6116 0.3314
0.6113 0.4932 0.5075 0.5250 0.4896 0.4641 0.5265 0.3693 0.6113 0.3316
0.6108 0.4934 0.5079 0.5246 0.4892 0.4642 0.5264 0.3695 0.6110 0.3320
0.6105 0.4934 0.5082 0.5244 0.4890 0.4645 0.5264 0.3696 0.6108 0.3320
0.6108 0.4931 0.5081 0.5245 0.4891 0.4650 0.5264 0.3695 0.6108 0.3317
0.6113 0.4927 0.5082 0.5247 0.4890 0.4657 0.5262 0.3694 0.6106 0.3316
0.6115 0.4926 0.5083 0.5247 0.4890 0.4658 0.5261 0.3693 0.6106 0.3316
0.6115 0.4926 0.5082 0.5247 0.4891 0.4658 0.5261 0.3693 0.6106 0.3315
0.6115 0.4926 0.5082 0.5247 0.4890 0.4658 0.5261 0.3694 0.6106 0.3315
0.6115 0.4926 0.5083 0.5247 0.4890 0.4658 0.5261 0.3694 0.6106 0.3316
0.6113 0.4927 0.5083 0.5246 0.4890 0.4658 0.5261 0.3694 0.6106 0.3316
0.6112 0.4927 0.5084 0.5245 0.4889 0.4659 0.5261 0.3695 0.6104 0.3317
0.6110 0.4927 0.5085 0.5244 0.4887 0.4660 0.5260 0.3695 0.6103 0.3318
0.6110 0.4927 0.5086 0.5243 0.4887 0.4661 0.5261 0.3696 0.6102 0.3318
0.6112 0.4926 0.5086 0.5244 0.4887 0.4663 0.5260 0.3695 0.6102 0.3317
0.6114 0.4924 0.5086 0.5245 0.4887 0.4666 0.5259 0.3695 0.6102 0.3316
0.6111 0.4925 0.5088 0.5242 0.4885 0.4667 0.5258 0.3696 0.6100 0.3319
0.6107 0.4926 0.5090 0.5240 0.4883 0.4666 0.5258 0.3697 0.6098 0.3320
0.6107 0.4926 0.5090 0.5241 0.4883 0.4668 0.5259 0.3697 0.6098 0.3319
0.6110 0.4923 0.5090 0.5241 0.4883 0.4672 0.5258 0.3696 0.6098 0.3318
0.6111 0.4922 0.5092 0.5241 0.4882 0.4675 0.5257 0.3697 0.6096 0.3319
0.6110 0.4923 0.5092 0.5240 0.4882 0.4675 0.5257 0.3697 0.6096 0.3319
0.6109 0.4922 0.5092 0.5240 0.4881 0.4676 0.5257 0.3697 0.6095 0.3319
0.6107 0.4922 0.5095 0.5237 0.4879 0.4678 0.5256 0.3698 0.6093 0.3321
0.6105 0.4923 0.5097 0.5237 0.4878 0.4679 0.5256 0.3699 0.6092 0.3321
0.6106 0.4921 0.5096 0.5237 0.4878 0.4682 0.5256 0.3698 0.6092 0.3319
0.6108 0.4919 0.5097 0.5237 0.4876 0.4687 0.5254 0.3699 0.6090 0.3320
0.6106 0.4919 0.5100 0.5234 0.4874 0.4688 0.5253 0.3700 0.6087 0.3322
0.6101 0.4920 0.5102 0.5232 0.4872 0.4689 0.5253 0.3701 0.6085 0.3324
0.6099 0.4920 0.5104 0.5230 0.4870 0.4693 0.5253 0.3702 0.6082 0.3324
0.6099 0.4918 0.5106 0.5229 0.4867 0.4699 0.5252 0.3702 0.6080 0.3324
0.6099 0.4916 0.5109 0.5228 0.4866 0.4705 0.5251 0.3703 0.6077 0.3324
0.6099 0.4914 0.5111 0.5227 0.4864 0.4709 0.5250 0.3703 0.6076 0.3324
0.6102 0.4912 0.5112 0.5228 0.4864 0.4713 0.5249 0.3702 0.6075 0.3322
0.6105 0.4909 0.5111 0.5229 0.4864 0.4717 0.5249 0.3701 0.6075 0.3320
0.6107 0.4908 0.5111 0.5230 0.4864 0.4719 0.5248 0.3701 0.6075 0.3320
0.6106 0.4909 0.5112 0.5229 0.4863 0.4719 0.5247 0.3702 0.6073 0.3322
0.6101 0.4910 0.5114 0.5226 0.4861 0.4718 0.5247 0.3703 0.6071 0.3324
0.6097 0.4911 0.5116 0.5223 0.4859 0.4720 0.5247 0.3705 0.6069 0.3325
0.6095 0.4910 0.5118 0.5222 0.4857 0.4724 0.5247 0.3705 0.6067 0.3326
0.6094 0.4908 0.5121 0.5220 0.4854 0.4730 0.5245 0.3706 0.6064 0.3326
0.6094 0.4906 0.5123 0.5219 0.4852 0.4735 0.5245 0.3706 0.6062 0.3326
0.6094 0.4904 0.5125 0.5218 0.4850 0.4740 0.5244 0.3706 0.6059 0.3326
0.6095 0.4902 0.5127 0.5218 0.4849 0.4746 0.5243 0.3706 0.6057 0.3325
0.6095 0.4900 0.5129 0.5217 0.4847 0.4750 0.5242 0.3707 0.6055 0.3325
0.6094 0.4899 0.5131 0.5216 0.4845 0.4755 0.5241 0.3707 0.6053 0.3326
0.6092 0.4898 0.5134 0.5213 0.4842 0.4759 0.5240 0.3709 0.6050 0.3327
0.6090 0.4897 0.5136 0.5212 0.4840 0.4763 0.5239 0.3709 0.6047 0.3327
0.6089 0.4895 0.5139 0.5211 0.4838 0.4769 0.5239 0.3709 0.6045 0.3326
0.6091 0.4892 0.5141 0.5211 0.4837 0.4775 0.5238 0.3709 0.6043 0.3325
0.6093 0.4890 0.5142 0.5212 0.4836 0.4779 0.5237 0.3708 0.6042 0.3323
0.6096 0.4888 0.5142 0.5212 0.4836 0.4783 0.5236 0.3707 0.6041 0.3322
0.6097 0.4887 0.5143 0.5212 0.4835 0.4786 0.5235 0.3707 0.6040 0.3322
0.6096 0.4886 0.5143 0.5212 0.4835 0.4786 0.5235 0.3708 0.6040 0.3322
0.6095 0.4886 0.5144 0.5211 0.4834 0.4788 0.5235 0.3708 0.6039 0.3323
0.6093 0.4886 0.5146 0.5209 0.4832 0.4789 0.5234 0.3709 0.6037 0.3324
0.6091 0.4886 0.5147 0.5208 0.4831 0.4791 0.5234 0.3709 0.6035 0.3324
0.6090 0.4885 0.5149 0.5207 0.4829 0.4795 0.5234 0.3710 0.6034 0.3324
0.6090 0.4883 0.5151 0.5207 0.4828 0.4799 0.5233 0.3710 0.6032 0.3324
0.6090 0.4882 0.5152 0.5206 0.4826 0.4803 0.5233 0.3710 0.6030 0.3324
0.6090 0.4880 0.5154 0.5205 0.4825 0.4807 0.5232 0.3710 0.6028 0.3323
0.6090 0.4879 0.5155 0.5205 0.4823 0.4811 0.5231 0.3711 0.6027 0.3323
0.6090 0.4878 0.5157 0.5203 0.4822 0.4815 0.5230 0.3711 0.6025 0.3323
0.6089 0.4877 0.5159 0.5203 0.4820 0.4818 0.5230 0.3711 0.6023 0.3323
0.6089 0.4875 0.5160 0.5203 0.4819 0.4821 0.5230 0.3711 0.6022 0.3322
0.6090 0.4873 0.5161 0.5202 0.4818 0.4826 0.5229 0.3711 0.6020 0.3321
0.6091 0.4872 0.5163 0.5202 0.4817 0.4829 0.5229 0.3710 0.6019 0.3320
0.6091 0.4871 0.5163 0.5203 0.4817 0.4831 0.5229 0.3710 0.6019 0.3320
0.6092 0.4870 0.5164 0.5203 0.4817 0.4833 0.5228 0.3710 0.6018 0.3319
0.6093 0.4869 0.5164 0.5203 0.4817 0.4834 0.5228 0.3709 0.6018 0.3318
0.6094 0.4868 0.5164 0.5204 0.4817 0.4835 0.5228 0.3709 0.6018 0.3318
0.6095 0.4868 0.5163 0.5204 0.4817 0.4835 0.5228 0.3709 0.6019 0.3318
0.6095 0.4868 0.5163 0.5204 0.4817 0.4835 0.5228 0.3709 0.6019 0.3318
0.6095 0.4869 0.5164 0.5204 0.4817 0.4834 0.5228 0.3709 0.6019 0.3318
0.6095 0.4869 0.5163 0.5204 0.4818 0.4833 0.5228 0.3709 0.6019 0.3318
0.6096 0.4869 0.5163 0.5205 0.4818 0.4833 0.5228 0.3709 0.6020 0.3317
0.6097 0.4868 0.5162 0.5206 0.4819 0.4833 0.5228 0.3708 0.6020 0.3317
0.6098 0.4869 0.5162 0.5206 0.4820 0.4832 0.5228 0.3708 0.6021 0.3317
0.6097 0.4870 0.5161 0.5206 0.4820 0.4829 0.5228 0.3708 0.6022 0.3318
0.6098 0.4870 0.5160 0.5207 0.4821 0.4827 0.5229 0.3707 0.6023 0.3316
0.6100 0.4870 0.5158 0.5209 0.4823 0.4826 0.5229 0.3707 0.6025 0.3316
0.6102 0.4871 0.5157 0.5210 0.4824 0.4824 0.5229 0.3706 0.6026 0.3316
0.6102 0.4873 0.5156 0.5210 0.4826 0.4820 0.5230 0.3706 0.6028 0.3316
0.6103 0.4874 0.5153 0.5212 0.4828 0.4815 0.5231 0.3705 0.6031 0.3315
0.6106 0.4874 0.5150 0.5215 0.4831 0.4811 0.5232 0.3704 0.6034 0.3314
0.6109 0.4875 0.5147 0.5216 0.4834 0.4806 0.5232 0.3703 0.6037 0.3314
0.6110 0.4878 0.5145 0.5218 0.4837 0.4799 0.5233 0.3703 0.6040 0.3314
0.6110 0.4881 0.5141 0.5219 0.4839 0.4792 0.5234 0.3703 0.6043 0.3315
0.6110 0.4884 0.5139 0.5220 0.4842 0.4785 0.5236 0.3702 0.6046 0.3315
0.6112 0.4885 0.5135 0.5223 0.4846 0.4777 0.5237 0.3701 0.6051 0.3314
0.6115 0.4887 0.5131 0.5225 0.4849 0.4771 0.5238 0.3700 0.6055 0.3314
0.6115 0.4890 0.5128 0.5226 0.4851 0.4764 0.5238 0.3700 0.6057 0.3315
0.6113 0.4894 0.5126 0.5227 0.4854 0.4755 0.5240 0.3700 0.6060 0.3316
0.6112 0.4896 0.5122 0.5228 0.4856 0.4747 0.5242 0.3700 0.6064 0.3316
0.6116 0.4897 0.5119 0.5231 0.4860 0.4742 0.5244 0.3698 0.6068 0.3314
0.6119 0.4899 0.5115 0.5234 0.4863 0.4736 0.5244 0.3697 0.6072 0.3314
0.6122 0.4900 0.5111 0.5237 0.4868 0.4728 0.5246 0.3696 0.6076 0.3312
0.6123 0.4903 0.5107 0.5239 0.4871 0.4720 0.5247 0.3695 0.6081 0.3312
0.6123 0.4906 0.5104 0.5240 0.4874 0.4711 0.5249 0.3695 0.6084 0.3313
0.6122 0.4910 0.5100 0.5243 0.4877 0.4701 0.5251 0.3694 0.6089 0.3312
0.6125 0.4911 0.5095 0.5246 0.4882 0.4694 0.5253 0.3692 0.6094 0.3310
0.6129 0.4912 0.5090 0.5250 0.4886 0.4687 0.5254 0.3691 0.6098 0.3309
0.6131 0.4915 0.5086 0.5252 0.4890 0.4678 0.5256 0.3689 0.6103 0.3309
0.6132 0.4918 0.5081 0.5256 0.4895 0.4667 0.5259 0.3688 0.6109 0.3307
0.6134 0.4920 0.5075 0.5259 0.4899 0.4658 0.5261 0.3686 0.6114 0.3306
0.6136 0.4922 0.5071 0.5262 0.4903 0.4649 0.5263 0.3685 0.6119 0.3305
0.6137 0.4925 0.5066 0.5265 0.4908 0.4639 0.5266 0.3684 0.6124 0.3303
0.6138 0.4927 0.5061 0.5268 0.4911 0.4630 0.5268 0.3683 0.6129 0.3302
0.6137 0.4930 0.5058 0.5269 0.4914 0.4622 0.5270 0.3682 0.6133 0.3303
0.6136 0.4933 0.5054 0.5271 0.4917 0.4613 0.5273 0.3681 0.6137 0.3301
0.6137 0.4934 0.5050 0.5273 0.4920 0.4606 0.5275 0.3681 0.6141 0.3300
0.6135 0.4937 0.5048 0.5273 0.4921 0.4601 0.5276 0.3681 0.6142 0.3302
0.6131 0.4940 0.5048 0.5272 0.4921 0.4595 0.5277 0.3682 0.6143 0.3303
0.6128 0.4942 0.5046 0.5271 0.4922 0.4591 0.5279 0.3682 0.6144 0.3303
0.6127 0.4942 0.5046 0.5271 0.4922 0.4590 0.5279 0.3682 0.6145 0.3304
0.6127 0.4943 0.5047 0.5271 0.4922 0.4590 0.5279 0.3682 0.6145 0.3304
0.6129 0.4942 0.5045 0.5273 0.4923 0.4589 0.5280 0.3681 0.6146 0.3302
0.6133 0.4940 0.5043 0.5275 0.4925 0.4589 0.5280 0.3680 0.6148 0.3300
0.6134 0.4940 0.5041 0.5276 0.4926 0.4588 0.5280 0.3680 0.6149 0.3300
0.6131 0.4943 0.5042 0.5274 0.4925 0.4585 0.5280 0.3681 0.6149 0.3302
0.6125 0.4946 0.5043 0.5272 0.4924 0.4582 0.5281 0.3682 0.6148 0.3304
0.6122 0.4947 0.5045 0.5270 0.4923 0.4582 0.5282 0.3683 0.6147 0.3305
0.6124 0.4945 0.5044 0.5271 0.4923 0.4584 0.5282 0.3682 0.6147 0.3303
0.6127 0.4943 0.5044 0.5272 0.4923 0.4588 0.5280 0.3682 0.6146 0.3303
0.6126 0.4944 0.5046 0.5270 0.4922 0.4588 0.5279 0.3683 0.6145 0.3305
0.6124 0.4945 0.5047 0.5270 0.4921 0.4587 0.5280 0.3683 0.6144 0.3305
0.6126 0.4943 0.5045 0.5271 0.4922 0.4589 0.5280 0.3682 0.6145 0.3303
0.6127 0.4942 0.5045 0.5270 0.4922 0.4592 0.5279 0.3683 0.6144 0.3304
0.6122 0.4944 0.5049 0.5267 0.4919 0.4591 0.5278 0.3685 0.6141 0.3308
0.6115 0.4947 0.5052 0.5263 0.4916 0.4591 0.5278 0.3687 0.6139 0.3310
0.6112 0.4946 0.5054 0.5261 0.4913 0.4595 0.5278 0.3688 0.6136 0.3312
0.6114 0.4944 0.5057 0.5260 0.4911 0.4602 0.5276 0.3688 0.6133 0.3311
0.6115 0.4942 0.5059 0.5259 0.4910 0.4608 0.5274 0.3689 0.6131 0.3312
0.6113 0.4941 0.5062 0.5256 0.4907 0.4613 0.5272 0.3690 0.6127 0.3314
0.6110 0.4941 0.5066 0.5254 0.4904 0.4616 0.5271 0.3691 0.6124 0.3316
0.6111 0.4939 0.5067 0.5254 0.4903 0.4620 0.5271 0.3691 0.6123 0.3314
0.6114 0.4936 0.5068 0.5254 0.4902 0.4627 0.5270 0.3691 0.6121 0.3313
0.6113 0.4935 0.5071 0.5251 0.4899 0.4632 0.5267 0.3693 0.6117 0.3316
0.6106 0.4937 0.5076 0.5246 0.4894 0.4634 0.5266 0.3695 0.6113 0.3321
0.6102 0.4937 0.5079 0.5244 0.4892 0.4637 0.5266 0.3696 0.6111 0.3320
0.6107 0.4933 0.5079 0.5246 0.4892 0.4645 0.5266 0.3695 0.6110 0.3317
0.6113 0.4928 0.5081 0.5247 0.4891 0.4653 0.5263 0.3694 0.6108 0.3316
0.6113 0.4928 0.5082 0.5246 0.4890 0.4656 0.5261 0.3694 0.6106 0.3317
0.6110 0.4928 0.5084 0.5244 0.4889 0.4656 0.5261 0.3695 0.6105 0.3318
0.6108 0.4929 0.5085 0.5243 0.4887 0.4658 0.5261 0.3696 0.6103 0.3319
0.6107 0.4928 0.5087 0.5242 0.4885 0.4661 0.5260 0.3697 0.6101 0.3320
0.6106 0.4927 0.5089 0.5240 0.4883 0.4665 0.5259 0.3698 0.6099 0.3320
0.6104 0.4926 0.5092 0.5238 0.4881 0.4669 0.5258 0.3699 0.6096 0.3322
0.6104 0.4925 0.5094 0.5237 0.4880 0.4672 0.5258 0.3698 0.6094 0.3321
0.6107 0.4922 0.5094 0.5239 0.4880 0.4677 0.5258 0.3697 0.6094 0.3319
0.6112 0.4919 0.5093 0.5240 0.4880 0.4681 0.5256 0.3697 0.6094 0.3317
0.6112 0.4919 0.5094 0.5239 0.4879 0.4683 0.5255 0.3697 0.6093 0.3319
0.6107 0.4921 0.5096 0.5236 0.4877 0.4682 0.5254 0.3699 0.6090 0.3322
0.6100 0.4923 0.5100 0.5232 0.4873 0.4683 0.5254 0.3702 0.6087 0.3325
0.6096 0.4922 0.5103 0.5229 0.4870 0.4688 0.5254 0.3703 0.6084 0.3326
0.6095 0.4920 0.5106 0.5227 0.4867 0.4695 0.5253 0.3704 0.6081 0.3326
0.6096 0.4917 0.5109 0.5227 0.4865 0.4703 0.5251 0.3703 0.6077 0.3325
0.6098 0.4914 0.5111 0.5227 0.4864 0.4708 0.5250 0.3703 0.6076 0.3323
0.6101 0.4912 0.5112 0.5227 0.4863 0.4714 0.5249 0.3702 0.6074 0.3322
0.6105 0.4909 0.5112 0.5229 0.4864 0.4717 0.5248 0.3701 0.6074 0.3321
0.6106 0.4908 0.5112 0.5229 0.4864 0.4719 0.5248 0.3701 0.6074 0.3321
0.6106 0.4908 0.5113 0.5229 0.4863 0.4720 0.5247 0.3701 0.6073 0.3321
0.6105 0.4909 0.5113 0.5229 0.4863 0.4719 0.5248 0.3701 0.6073 0.3321
0.6104 0.4909 0.5114 0.5228 0.4862 0.4720 0.5247 0.3702 0.6072 0.3322
0.6104 0.4909 0.5114 0.5228 0.4862 0.4720 0.5248 0.3701 0.6073 0.3321
0.6107 0.4907 0.5112 0.5230 0.4864 0.4720 0.5248 0.3700 0.6074 0.3319
0.6111 0.4906 0.5111 0.5232 0.4865 0.4721 0.5247 0.3699 0.6075 0.3318
0.6112 0.4906 0.5111 0.5233 0.4866 0.4720 0.5247 0.3699 0.6076 0.3318
0.6110 0.4909 0.5110 0.5232 0.4866 0.4716 0.5248 0.3700 0.6076 0.3319
0.6109 0.4910 0.5109 0.5232 0.4867 0.4713 0.5249 0.3700 0.6078 0.3319
0.6109 0.4910 0.5108 0.5232 0.4867 0.4713 0.5249 0.3700 0.6078 0.3319
0.6107 0.4910 0.5109 0.5231 0.4866 0.4712 0.5248 0.3701 0.6077 0.3321
0.6105 0.4911 0.5110 0.5230 0.4866 0.4711 0.5249 0.3701 0.6077 0.3322
0.6102 0.4912 0.5111 0.5228 0.4864 0.4712 0.5249 0.3702 0.6075 0.3323
0.6100 0.4912 0.5113 0.5227 0.4862 0.4715 0.5248 0.3703 0.6073 0.3324
0.6100 0.4911 0.5114 0.5226 0.4862 0.4717 0.5248 0.3703 0.6072 0.3323
0.6101 0.4909 0.5115 0.5225 0.4860 0.4721 0.5247 0.3703 0.6070 0.3323
0.6099 0.4909 0.5117 0.5223 0.4858 0.4725 0.5246 0.3704 0.6068 0.3325
0.6096 0.4909 0.5120 0.5222 0.4856 0.4727 0.5246 0.3705 0.6066 0.3326
0.6095 0.4907 0.5121 0.5221 0.4854 0.4731 0.5246 0.3705 0.6064 0.3325
0.6097 0.4904 0.5122 0.5221 0.4853 0.4737 0.5244 0.3705 0.6062 0.3324
0.6097 0.4903 0.5125 0.5219 0.4851 0.4741 0.5243 0.3706 0.6059 0.3325
0.6094 0.4903 0.5128 0.5217 0.4849 0.4744 0.5242 0.3707 0.6057 0.3326
0.6093 0.4902 0.5129 0.5216 0.4847 0.4748 0.5242 0.3707 0.6055 0.3325
0.6094 0.4899 0.5130 0.5216 0.4846 0.4753 0.5242 0.3707 0.6054 0.3324
0.6097 0.4897 0.5132 0.5217 0.4845 0.4758 0.5240 0.3706 0.6052 0.3323
0.6097 0.4896 0.5133 0.5216 0.4844 0.4761 0.5239 0.3707 0.6051 0.3324
0.6095 0.4895 0.5135 0.5215 0.4842 0.4764 0.5239 0.3707 0.6049 0.3324
0.6093 0.4895 0.5136 0.5213 0.4841 0.4766 0.5239 0.3708 0.6047 0.3325
0.6092 0.4894 0.5138 0.5212 0.4839 0.4770 0.5238 0.3708 0.6045 0.3325
0.6091 0.4892 0.5140 0.5211 0.4837 0.4774 0.5237 0.3709 0.6043 0.3325
0.6091 0.4891 0.5142 0.5210 0.4835 0.4779 0.5237 0.3709 0.6041 0.3325
0.6091 0.4889 0.5144 0.5210 0.4834 0.4783 0.5236 0.3709 0.6040 0.3324
0.6093 0.4887 0.5145 0.5210 0.4833 0.4787 0.5235 0.3709 0.6038 0.3323
0.6094 0.4885 0.5146 0.5210 0.4832 0.4791 0.5234 0.3709 0.6037 0.3323
0.6092 0.4885 0.5148 0.5208 0.4830 0.4794 0.5234 0.3710 0.6034 0.3324
0.6088 0.4885 0.5151 0.5205 0.4827 0.4797 0.5233 0.3711 0.6031 0.3326
0.6085 0.4884 0.5154 0.5203 0.4825 0.4801 0.5233 0.3712 0.6029 0.3326
0.6085 0.4882 0.5155 0.5203 0.4823 0.4807 0.5233 0.3712 0.6027 0.3324
0.6088 0.4878 0.5157 0.5203 0.4822 0.4814 0.5231 0.3711 0.6025 0.3323
0.6090 0.4876 0.5159 0.5203 0.4821 0.4819 0.5230 0.3711 0.6023 0.3322
0.6091 0.4875 0.5160 0.5203 0.4820 0.4822 0.5230 0.3710 0.6022 0.3321
0.6091 0.4873 0.5161 0.5203 0.4819 0.4824 0.5230 0.3710 0.6022 0.3321
0.6092 0.4872 0.5161 0.5204 0.4819 0.4827 0.5229 0.3710 0.6021 0.3320
0.6094 0.4871 0.5161 0.5204 0.4819 0.4828 0.5229 0.3709 0.6021 0.3319
0.6094 0.4871 0.5162 0.5205 0.4819 0.4829 0.5229 0.3709 0.6021 0.3319
0.6096 0.4870 0.5161 0.5206 0.4820 0.4829 0.5229 0.3708 0.6022 0.3317
0.6099 0.4870 0.5159 0.5207 0.4822 0.4828 0.5229 0.3707 0.6023 0.3316
0.6101 0.4870 0.5158 0.5209 0.4823 0.4827 0.5229 0.3707 0.6025 0.3316
0.6102 0.4871 0.5157 0.5210 0.4825 0.4823 0.5229 0.3706 0.6026 0.3316
0.6103 0.4872 0.5155 0.5211 0.4827 0.4819 0.5230 0.3706 0.6029 0.3315
0.6105 0.4873 0.5152 0.5213 0.4829 0.4815 0.5231 0.3705 0.6032 0.3315
0.6107 0.4875 0.5150 0.5215 0.4832 0.4810 0.5231 0.3704 0.6034 0.3315
0.6108 0.4877 0.5147 0.5216 0.4834 0.4804 0.5232 0.3704 0.6037 0.3315
0.6109 0.4879 0.5144 0.5218 0.4837 0.4797 0.5234 0.3703 0.6040 0.3315
0.6110 0.4881 0.5141 0.5220 0.4840 0.4790 0.5235 0.3702 0.6044 0.3314
0.6113 0.4883 0.5137 0.5223 0.4844 0.4783 0.5236 0.3701 0.6048 0.3313
0.6117 0.4885 0.5132 0.5226 0.4848 0.4776 0.5237 0.3699 0.6053 0.3312
0.6120 0.4887 0.5128 0.5229 0.4853 0.4767 0.5239 0.3698 0.6058 0.3312
0.6121 0.4891 0.5123 0.5232 0.4857 0.4756 0.5240 0.3697 0.6063 0.3312
0.6122 0.4894 0.5118 0.5234 0.4861 0.4746 0.5242 0.3697 0.6069 0.3312
0.6122 0.4898 0.5114 0.5235 0.4865 0.4736 0.5244 0.3696 0.6073 0.3313
0.6119 0.4902 0.5111 0.5235 0.4867 0.4726 0.5245 0.3697 0.6076 0.3315
0.6119 0.4906 0.5108 0.5238 0.4871 0.4716 0.5249 0.3695 0.6081 0.3313
0.6126 0.4906 0.5100 0.5244 0.4877 0.4708 0.5252 0.3692 0.6088 0.3308
0.6134 0.4905 0.5094 0.5249 0.4883 0.4703 0.5251 0.3690 0.6093 0.3307
0.6135 0.4910 0.5091 0.5252 0.4887 0.4691 0.5252 0.3689 0.6098 0.3308
0.6131 0.4915 0.5085 0.5253 0.4891 0.4676 0.5256 0.3689 0.6104 0.3309
0.6128 0.4919 0.5082 0.5252 0.4893 0.4667 0.5258 0.3690 0.6107 0.3311
0.6124 0.4924 0.5081 0.5252 0.4894 0.4659 0.5260 0.3690 0.6109 0.3312
0.6123 0.4926 0.5077 0.5254 0.4896 0.4652 0.5263 0.3690 0.6112 0.3310
0.6126 0.4926 0.5074 0.5256 0.4899 0.4649 0.5264 0.3689 0.6115 0.3309
0.6130 0.4926 0.5072 0.5259 0.4902 0.4645 0.5264 0.3686 0.6119 0.3307
0.6138 0.4926 0.5066 0.5267 0.4909 0.4637 0.5268 0.3682 0.6127 0.3300
0.6152 0.4922 0.5055 0.5278 0.4919 0.4630 0.5270 0.3676 0.6137 0.3292
0.6164 0.4921 0.5044 0.5287 0.4928 0.4619 0.5272 0.3672 0.6146 0.3287
0.6162 0.4927 0.5037 0.5289 0.4933 0.4601 0.5275 0.3671 0.6153 0.3289
0.6156 0.4935 0.5031 0.5292 0.4938 0.4581 0.5282 0.3670 0.6161 0.3288
0.6156 0.4938 0.5022 0.5297 0.4945 0.4566 0.5288 0.3668 0.6170 0.3284
0.6160 0.4938 0.5014 0.5302 0.4951 0.4557 0.5291 0.3665 0.6177 0.3280
0.6165 0.4940 0.5007 0.5308 0.4957 0.4545 0.5295 0.3662 0.6185 0.3276
0.6168 0.4941 0.4998 0.5314 0.4964 0.4533 0.5300 0.3659 0.6193 0.3271
0.6168 0.4942 0.4991 0.5318 0.4969 0.4522 0.5303 0.3658 0.6199 0.3269
0.6162 0.4948 0.4987 0.5318 0.4971 0.4510 0.5307 0.3658 0.6203 0.3270
0.6154 0.4953 0.4985 0.5317 0.4972 0.4499 0.5311 0.3659 0.6206 0.3270
0.6149 0.4956 0.4983 0.5316 0.4972 0.4493 0.5314 0.3660 0.6207 0.3271
0.6146 0.4958 0.4983 0.5314 0.4972 0.4491 0.5314 0.3660 0.6207 0.3272
0.6143 0.4959 0.4984 0.5313 0.4971 0.4490 0.5315 0.3662 0.6207 0.3274
0.6138 0.4961 0.4987 0.5309 0.4968 0.4491 0.5314 0.3664 0.6204 0.3277
0.6133 0.4963 0.4991 0.5305 0.4965 0.4492 0.5313 0.3666 0.6200 0.3281
0.6130 0.4964 0.4994 0.5302 0.4962 0.4496 0.5312 0.3668 0.6197 0.3283
0.6127 0.4964 0.4999 0.5297 0.4958 0.4502 0.5309 0.3670 0.6192 0.3287
0.6122 0.4964 0.5005 0.5292 0.4953 0.4509 0.5306 0.3673 0.6186 0.3291
0.6119 0.4964 0.5011 0.5288 0.4948 0.4516 0.5303 0.3675 0.6181 0.3294
0.6119 0.4962 0.5016 0.5285 0.4944 0.4525 0.5300 0.3677 0.6176 0.3296
0.6121 0.4959 0.5020 0.5284 0.4942 0.4534 0.5297 0.3677 0.6172 0.3297
0.6125 0.4955 0.5021 0.5284 0.4941 0.4543 0.5295 0.3676 0.6170 0.3295
0.6126 0.4953 0.5024 0.5282 0.4938 0.4549 0.5292 0.3678 0.6166 0.3298
0.6120 0.4955 0.5030 0.5277 0.4933 0.4553 0.5290 0.3681 0.6161 0.3303
0.6113 0.4957 0.5036 0.5272 0.4929 0.4556 0.5289 0.3683 0.6156 0.3306
0.6115 0.4954 0.5038 0.5271 0.4927 0.4563 0.5288 0.3683 0.6154 0.3305
0.6123 0.4948 0.5038 0.5274 0.4928 0.4573 0.5286 0.3681 0.6153 0.3301
0.6128 0.4945 0.5040 0.5275 0.4927 0.4579 0.5283 0.3681 0.6151 0.3301
0.6130 0.4945 0.5040 0.5276 0.4927 0.4579 0.5283 0.3680 0.6151 0.3301
0.6132 0.4944 0.5037 0.5278 0.4929 0.4578 0.5284 0.3679 0.6154 0.3298
0.6135 0.4942 0.5036 0.5280 0.4931 0.4579 0.5283 0.3678 0.6154 0.3297
0.6134 0.4944 0.5036 0.5279 0.4931 0.4576 0.5283 0.3678 0.6155 0.3298
0.6131 0.4946 0.5036 0.5279 0.4931 0.4572 0.5285 0.3679 0.6156 0.3299
0.6130 0.4947 0.5035 0.5278 0.4931 0.4571 0.5285 0.3679 0.6156 0.3300
0.6129 0.4947 0.5036 0.5278 0.4930 0.4571 0.5285 0.3679 0.6155 0.3300
0.6128 0.4947 0.5036 0.5277 0.4930 0.4572 0.5285 0.3680 0.6155 0.3300
0.6123 0.4948 0.5039 0.5272 0.4926 0.4573 0.5283 0.3683 0.6151 0.3305
0.6113 0.4952 0.5045 0.5266 0.4921 0.4575 0.5282 0.3686 0.6146 0.3311
0.6106 0.4953 0.5050 0.5261 0.4916 0.4579 0.5282 0.3689 0.6141 0.3314
0.6106 0.4950 0.5054 0.5258 0.4913 0.4589 0.5280 0.3690 0.6137 0.3314
0.6106 0.4946 0.5058 0.5255 0.4908 0.4601 0.5276 0.3692 0.6131 0.3316
0.6103 0.4945 0.5065 0.5250 0.4903 0.4611 0.5272 0.3694 0.6124 0.3319
0.6098 0.4945 0.5072 0.5245 0.4897 0.4619 0.5271 0.3696 0.6118 0.3322
0.6096 0.4942 0.5077 0.5242 0.4893 0.4629 0.5268 0.3698 0.6112 0.3323
0.6098 0.4937 0.5081 0.5241 0.4889 0.4641 0.5266 0.3698 0.6107 0.3322
0.6100 0.4933 0.5085 0.5239 0.4886 0.4653 0.5263 0.3699 0.6103 0.3323
0.6098 0.4931 0.5090 0.5236 0.4881 0.4661 0.5260 0.3700 0.6097 0.3325
0.6094 0.4930 0.5096 0.5232 0.4877 0.4669 0.5258 0.3702 0.6092 0.3327
0.6094 0.4927 0.5099 0.5231 0.4874 0.4677 0.5257 0.3702 0.6089 0.3325
0.6099 0.4922 0.5100 0.5232 0.4873 0.4686 0.5256 0.3701 0.6087 0.3322
0.6105 0.4917 0.5102 0.5234 0.4872 0.4694 0.5253 0.3700 0.6085 0.3321
0.6107 0.4915 0.5103 0.5234 0.4872 0.4698 0.5252 0.3699 0.6084 0.3320
0.6106 0.4915 0.5104 0.5233 0.4871 0.4699 0.5251 0.3700 0.6083 0.3321
0.6104 0.4916 0.5105 0.5231 0.4869 0.4700 0.5251 0.3701 0.6081 0.3322
0.6101 0.4916 0.5107 0.5230 0.4868 0.4702 0.5251 0.3702 0.6080 0.3323
0.6099 0.4915 0.5109 0.5228 0.4865 0.4706 0.5250 0.3703 0.6077 0.3324
0.6097 0.4914 0.5112 0.5225 0.4862 0.4710 0.5249 0.3704 0.6074 0.3326
0.6092 0.4914 0.5116 0.5221 0.4858 0.4715 0.5248 0.3706 0.6069 0.3328
0.6090 0.4913 0.5119 0.5220 0.4855 0.4721 0.5248 0.3707 0.6066 0.3328
0.6093 0.4908 0.5121 0.5220 0.4854 0.4729 0.5247 0.3706 0.6064 0.3325
0.6096 0.4904 0.5123 0.5220 0.4852 0.4738 0.5244 0.3706 0.6061 0.3325
0.6096 0.4903 0.5126 0.5219 0.4850 0.4743 0.5242 0.3706 0.6059 0.3325
0.6092 0.4903 0.5128 0.5216 0.4847 0.4746 0.5242 0.3708 0.6055 0.3328
0.6087 0.4902 0.5133 0.5211 0.4842 0.4752 0.5240 0.3710 0.6050 0.3330
0.6084 0.4901 0.5137 0.5209 0.4839 0.4758 0.5240 0.3711 0.6047 0.3330
0.6084 0.4897 0.5139 0.5208 0.4836 0.4767 0.5240 0.3711 0.6044 0.3328
0.6088 0.4892 0.5142 0.5209 0.4835 0.4777 0.5237 0.3710 0.6041 0.3326
0.6091 0.4889 0.5144 0.5209 0.4833 0.4784 0.5236 0.3709 0.6039 0.3325
0.6092 0.4887 0.5146 0.5209 0.4832 0.4788 0.5235 0.3709 0.6037 0.3323
0.6093 0.4885 0.5147 0.5210 0.4832 0.4792 0.5235 0.3708 0.6036 0.3322
0.6095 0.4883 0.5147 0.5210 0.4831 0.4795 0.5234 0.3708 0.6036 0.3322
0.6094 0.4883 0.5148 0.5209 0.4830 0.4797 0.5233 0.3709 0.6034 0.3323
0.6092 0.4883 0.5150 0.5208 0.4829 0.4799 0.5233 0.3709 0.6033 0.3323
0.6091 0.4883 0.5151 0.5206 0.4827 0.4801 0.5233 0.3710 0.6031 0.3323
0.6091 0.4881 0.5153 0.5206 0.4826 0.4804 0.5233 0.3710 0.6030 0.3323
0.6092 0.4880 0.5153 0.5207 0.4826 0.4807 0.5232 0.3709 0.6030 0.3321
0.6094 0.4878 0.5154 0.5208 0.4826 0.4810 0.5232 0.3709 0.6029 0.3320
0.6097 0.4877 0.5153 0.5208 0.4826 0.4811 0.5231 0.3708 0.6029 0.3319
0.6097 0.4877 0.5154 0.5208 0.4826 0.4812 0.5231 0.3708 0.6029 0.3320
0.6096 0.4877 0.5154 0.5208 0.4826 0.4811 0.5231 0.3708 0.6029 0.3320
0.6095 0.4877 0.5154 0.5208 0.4826 0.4811 0.5232 0.3708 0.6029 0.3320
0.6096 0.4877 0.5153 0.5208 0.4826 0.4812 0.5231 0.3708 0.6029 0.3320
0.6096 0.4877 0.5154 0.5207 0.4825 0.4812 0.5230 0.3709 0.6028 0.3321
0.6094 0.4878 0.5155 0.5207 0.4825 0.4811 0.5231 0.3709 0.6028 0.3320
0.6095 0.4877 0.5154 0.5208 0.4826 0.4811 0.5232 0.3708 0.6029 0.3319
0.6100 0.4875 0.5153 0.5210 0.4827 0.4813 0.5231 0.3707 0.6030 0.3317
0.6101 0.4875 0.5152 0.5210 0.4828 0.4813 0.5230 0.3707 0.6030 0.3318
0.6098 0.4877 0.5153 0.5209 0.4827 0.4809 0.5231 0.3708 0.6030 0.3320
0.6096 0.4879 0.5152 0.5209 0.4827 0.4807 0.5232 0.3708 0.6031 0.3320
0.6096 0.4879 0.5152 0.5209 0.4827 0.4807 0.5232 0.3708 0.6031 0.3320
0.6096 0.4878 0.5152 0.5209 0.4827 0.4808 0.5232 0.3708 0.6030 0.3320
0.6096 0.4878 0.5152 0.5209 0.4827 0.4808 0.5232 0.3708 0.6030 0.3320
0.6094 0.4879 0.5153 0.5207 0.4826 0.4809 0.5231 0.3709 0.6029 0.3322
0.6093 0.4879 0.5154 0.5206 0.4825 0.4809 0.5231 0.3709 0.6028 0.3322
0.6092 0.4878 0.5154 0.5206 0.4825 0.4810 0.5232 0.3710 0.6028 0.3321
0.6093 0.4877 0.5155 0.5206 0.4824 0.4814 0.5231 0.3710 0.6027 0.3321
0.6092 0.4877 0.5157 0.5205 0.4822 0.4816 0.5230 0.3710 0.6025 0.3322
0.6090 0.4876 0.5158 0.5204 0.4821 0.4817 0.5230 0.3710 0.6024 0.3322
0.6090 0.4875 0.5159 0.5204 0.4821 0.4820 0.5230 0.3710 0.6023 0.3321
0.6092 0.4874 0.5160 0.5204 0.4820 0.4823 0.5230 0.3710 0.6022 0.3321
0.6092 0.4873 0.5161 0.5204 0.4819 0.4825 0.5229 0.3710 0.6021 0.3320
0.6092 0.4872 0.5162 0.5203 0.4818 0.4827 0.5229 0.3710 0.6020 0.3320
0.6091 0.4872 0.5162 0.5203 0.4818 0.4829 0.5229 0.3710 0.6020 0.3320
0.6091 0.4871 0.5163 0.5203 0.4817 0.4831 0.5228 0.3710 0.6019 0.3320
0.6092 0.4870 0.5163 0.5203 0.4817 0.4832 0.5228 0.3710 0.6018 0.3319
0.6093 0.4869 0.5164 0.5203 0.4816 0.4834 0.5228 0.3710 0.6018 0.3319
0.6093 0.4869 0.5165 0.5202 0.4816 0.4835 0.5227 0.3710 0.6017 0.3319
0.6092 0.4869 0.5165 0.5203 0.4816 0.4836 0.5228 0.3710 0.6017 0.3319
0.6093 0.4868 0.5165 0.5203 0.4816 0.4837 0.5228 0.3710 0.6017 0.3318
0.6094 0.4867 0.5165 0.5203 0.4816 0.4838 0.5227 0.3710 0.6017 0.3318
0.6094 0.4867 0.5165 0.5203 0.4816 0.4838 0.5227 0.3709 0.6017 0.3318
0.6095 0.4867 0.5164 0.5204 0.4817 0.4837 0.5228 0.3709 0.6018 0.3317
0.6097 0.4867 0.5164 0.5205 0.4817 0.4838 0.5227 0.3709 0.6018 0.3317
0.6097 0.4867 0.5164 0.5205 0.4818 0.4836 0.5227 0.3708 0.6019 0.3317
0.6097 0.4868 0.5163 0.5206 0.4819 0.4834 0.5228 0.3708 0.6020 0.3316
0.6098 0.4869 0.5162 0.5206 0.4819 0.4833 0.5228 0.3708 0.6021 0.3317
0.6099 0.4869 0.5161 0.5207 0.4821 0.4830 0.5229 0.3707 0.6022 0.3316
0.6101 0.4869 0.5159 0.5209 0.4823 0.4828 0.5229 0.3706 0.6025 0.3315
0.6104 0.4870 0.5157 0.5210 0.4825 0.4825 0.5229 0.3706 0.6027 0.3315
0.6104 0.4871 0.5155 0.5211 0.4827 0.4821 0.5229 0.3706 0.6028 0.3315
0.6104 0.4874 0.5153 0.5212 0.4828 0.4815 0.5230 0.3706 0.6031 0.3316
0.6104 0.4875 0.5151 0.5213 0.4830 0.4810 0.5232 0.3705 0.6033 0.3315
0.6106 0.4877 0.5148 0.5214 0.4832 0.4806 0.5232 0.3705 0.6036 0.3316
0.6107 0.4879 0.5146 0.5216 0.4835 0.4800 0.5233 0.3704 0.6038 0.3315
0.6111 0.4880 0.5142 0.5220 0.4839 0.4794 0.5235 0.3702 0.6043 0.3313
0.6115 0.4880 0.5137 0.5223 0.4843 0.4788 0.5235 0.3701 0.6047 0.3312
0.6116 0.4883 0.5135 0.5224 0.4846 0.4781 0.5235 0.3701 0.6050 0.3314
0.6113 0.4888 0.5132 0.5224 0.4848 0.4770 0.5237 0.3701 0.6053 0.3316
0.6110 0.4892 0.5129 0.5224 0.4850 0.4762 0.5239 0.3702 0.6056 0.3317
0.6110 0.4894 0.5127 0.5225 0.4852 0.4756 0.5240 0.3701 0.6059 0.3317
0.6111 0.4895 0.5125 0.5227 0.4854 0.4751 0.5242 0.3700 0.6062 0.3316
0.6114 0.4896 0.5121 0.5229 0.4857 0.4747 0.5243 0.3699 0.6065 0.3315
0.6116 0.4898 0.5119 0.5231 0.4860 0.4742 0.5243 0.3699 0.6068 0.3315
0.6116 0.4900 0.5116 0.5232 0.4862 0.4734 0.5244 0.3698 0.6071 0.3316
0.6117 0.4902 0.5112 0.5235 0.4866 0.4727 0.5246 0.3697 0.6075 0.3314
0.6120 0.4903 0.5108 0.5237 0.4869 0.4722 0.5247 0.3696 0.6078 0.3314
0.6118 0.4906 0.5107 0.5236 0.4869 0.4716 0.5247 0.3698 0.6079 0.3317
0.6112 0.4911 0.5107 0.5235 0.4870 0.4708 0.5249 0.3698 0.6081 0.3318
0.6111 0.4912 0.5104 0.5236 0.4872 0.4703 0.5252 0.3698 0.6084 0.3317
0.6115 0.4911 0.5102 0.5238 0.4874 0.4703 0.5251 0.3697 0.6085 0.3316
0.6117 0.4912 0.5101 0.5239 0.4875 0.4700 0.5251 0.3696 0.6087 0.3316
0.6116 0.4914 0.5099 0.5240 0.4877 0.4695 0.5252 0.3696 0.6089 0.3316
0.6116 0.4915 0.5097 0.5241 0.4878 0.4691 0.5254 0.3696 0.6091 0.3316
0.6118 0.4915 0.5095 0.5243 0.4881 0.4688 0.5255 0.3694 0.6094 0.3314
0.6122 0.4915 0.5091 0.5246 0.4884 0.4685 0.5255 0.3693 0.6097 0.3312
0.6122 0.4917 0.5090 0.5245 0.4884 0.4681 0.5255 0.3694 0.6097 0.3315
0.6115 0.4921 0.5091 0.5242 0.4883 0.4675 0.5255 0.3696 0.6096 0.3319
0.6106 0.4925 0.5093 0.5238 0.4881 0.4671 0.5257 0.3698 0.6095 0.3321
0.6104 0.4925 0.5094 0.5238 0.4880 0.4673 0.5258 0.3698 0.6095 0.3321
0.6107 0.4922 0.5094 0.5238 0.4880 0.4677 0.5257 0.3698 0.6094 0.3319
0.6112 0.4920 0.5094 0.5241 0.4880 0.4681 0.5256 0.3696 0.6094 0.3317
