0.00000000
0.00000000
0.00000000
0.00000000
0.00000000
0.00000000
0.00000000
0.00000000
0.00000000
0.00000000
0.00000000
0.00000000
0.00000000
0.00000000
0.00000000
0.00000000
0.00000000
0.00000000
0.00000000
0.00000000
0.00000000
0.00000000
0.00000000
0.00000000
0.00000000
0.00000000
0.00000000
0.00000000
0.00000000
0.29935296
0.29935296
0.29935296
0.29874744
0.29874744
0.29874744
0.29874744
0.29874744
0.29874744
0.29874744
0.29874744
0.29874744
0.29874744
0.29874744
0.29874744
0.29874744
0.29874744
0.29874744
0.29874744
0.29801685
0.29801685
0.29801685
0.29801685
0.29801685
0.29801685
0.29801685
0.29801685
0.29801685
0.29801685
0.29801685
0.29801685
0.29801685
0.29801685
0.29801685
0.29801685
0.29801685
0.29801685
0.29801685
0.29801685
0.29801685
0.29801685
0.29801685
0.29801685
0.29798477
0.29798477
0.29883157
0.29839748
0.29839748
0.29839748
0.29839748
0.29839748
0.29839748
0.29839748
0.29839748
0.29839748
0.29839748
0.29839748
0.29839748
0.29839748
0.29839748
0.30200556
0.30200556
0.30200556
0.30200556
0.30200556
0.30200556
0.30200556
0.30200556
0.30200556
0.30200556
0.30210069
0.30210069
0.30210069
0.30210069
0.30210069
0.30114227
0.30114227
0.30114227
0.30114227
0.30114227
0.30114227
0.30128311
0.30128311
0.30128311
0.30128311
0.30128311
0.30128311
0.30128311
0.30128311
0.30128311
0.30128311
0.30128311
0.30128311
0.30128311
0.30128311
0.30128311
0.30128311
0.30128311
0.30128311
0.30128311
0.30128311
0.30128311
0.30128311
0.30128311
0.30128311
0.30128311
0.30128311
0.30128311
0.30128311
0.30128311
0.30128311
0.30128311
0.30209726
0.30209726
0.30209726
0.30209726
0.30209726
0.30209726
0.30263361
0.30263361
0.30263361
0.30263361
0.30263361
0.30263361
0.30263361
0.30263361
0.30263361
0.30263361
0.30263361
0.30263361
0.30263361
0.30263361
0.30263361
0.30263361
0.30263361
0.30263361
0.30263361
0.30263361
0.30263361
0.30263361
0.30263361
0.30263361
0.30263361
0.30410468
0.30410468
0.30313610
0.30313610
0.30313610
0.30313610
0.30313610
0.30313610
0.30223099
0.30223099
0.30223099
0.30223099
0.30223099
0.30223099
0.30223099
0.30193105
0.30193105
0.30193105
0.30193105
0.30193105
0.30193105
0.30193105
0.30193105
0.30271271
0.30259477
0.30259477
0.30259477
0.30259477
0.30259477
0.30259477
0.30259477
0.30259477
0.30259477
0.30259477
0.30247969
0.30247969
0.30253869
0.30253869
0.30253869
0.30253869
0.30253869
0.30091993
0.30091993
0.30091993
0.30091993
0.30091993
0.30091993
0.30091993
0.30091993
0.30091993
0.30091993
0.30091993
0.30091993
0.30091993
0.30091993
0.30091993
0.30091993
0.30091993
0.30091993
0.30091993
0.30091993
0.30091993
0.30091993
0.30091993
0.30091993
0.30091993
0.30091993
0.30091993
0.29969952
0.29969952
0.29969952
0.29969952
0.29969952
0.29969952
0.29969952
0.30132235
0.30132235
0.30130119
