0.00000000
0.00000000
0.00000000
0.00000000
0.00000000
0.00000000
0.00000000
0.00000000
0.00000000
0.00000000
0.00000000
0.00000000
0.00000000
0.00000000
0.00000000
0.00000000
0.00000000
0.00000000
0.00000000
0.00000000
0.00000000
0.00000000
0.00000000
0.00000000
0.00000000
0.00000000
0.00000000
0.00000000
0.00000000
0.29436245
0.29436245
0.29436245
0.29443450
0.29443450
0.29443450
0.29443450
0.29443450
0.29443450
0.29443450
0.29443450
0.29443450
0.29443450
0.29443450
0.29443450
0.29443450
0.29443450
0.29443450
0.29443450
0.29344531
0.29344531
0.29344531
0.29344531
0.29344531
0.29344531
0.29344531
0.29344531
0.29344531
0.29344531
0.29344531
0.29344531
0.29344531
0.29344531
0.29344531
0.29344531
0.29344531
0.29344531
0.29344531
0.29344531
0.29344531
0.29344531
0.29344531
0.29344531
0.29348766
0.29348766
0.29362862
0.29295491
0.29295491
0.29295491
0.29295491
0.29295491
0.29295491
0.29295491
0.29295491
0.29295491
0.29295491
0.29295491
0.29295491
0.29295491
0.29295491
0.29525083
0.29525083
0.29525083
0.29525083
0.29525083
0.29525083
0.29525083
0.29525083
0.29525083
0.29525083
0.29549499
0.29549499
0.29549499
0.29549499
0.29549499
0.29539191
0.29539191
0.29539191
0.29539191
0.29539191
0.29539191
0.29546036
0.29546036
0.29546036
0.29546036
0.29546036
0.29546036
0.29546036
0.29546036
0.29546036
0.29546036
0.29546036
0.29546036
0.29546036
0.29546036
0.29546036
0.29546036
0.29546036
0.29546036
0.29546036
0.29546036
0.29546036
0.29546036
0.29546036
0.29546036
0.29546036
0.29546036
0.29546036
0.29546036
0.29546036
0.29546036
0.29546036
0.29561283
0.29561283
0.29561283
0.29561283
0.29561283
0.29561283
0.29649041
0.29649041
0.29649041
0.29649041
0.29649041
0.29649041
0.29649041
0.29649041
0.29649041
0.29649041
0.29649041
0.29649041
0.29649041
0.29649041
0.29649041
0.29649041
0.29649041
0.29649041
0.29649041
0.29649041
0.29649041
0.29649041
0.29649041
0.29649041
0.29649041
0.29757345
0.29757345
0.29756675
0.29756675
0.29756675
0.29756675
0.29756675
0.29756675
0.29756094
0.29756094
0.29756094
0.29756094
0.29756094
0.29756094
0.29756094
0.29715800
0.29715800
0.29715800
0.29715800
0.29715800
0.29715800
0.29715800
0.29715800
0.29808780
0.29789323
0.29789323
0.29789323
0.29789323
0.29789323
0.29789323
0.29789323
0.29789323
0.29789323
0.29789323
0.29720160
0.29720160
0.29504229
0.29504229
0.29504229
0.29504229
0.29504229
0.29504229
0.29504229
0.29504229
0.29504229
0.29504229
0.29504229
0.29504229
0.29504229
0.29504229
0.29504229
0.29504229
0.29504229
0.29504229
0.29504229
0.29504229
0.29504229
0.29504229
0.29504229
0.29504229
0.29504229
0.29504229
0.29504229
0.29504229
0.29504229
0.29504229
0.29504229
0.29504229
0.29358666
0.29358666
0.29358666
0.29358666
0.29358666
0.29358666
0.29358666
0.29511541
0.29511541
0.29524508
