0.00000000
0.00000000
0.00000000
0.00000000
0.00000000
0.00000000
0.00000000
0.00000000
0.00000000
0.00000000
0.00000000
0.00000000
0.00000000
0.00000000
0.00000000
0.00000000
0.00000000
0.00000000
0.00000000
0.00000000
0.00000000
0.00000000
0.00000000
0.00000000
0.00000000
0.00000000
0.00000000
0.00000000
0.00000000
0.30857492
0.30857492
0.30857492
0.30831115
0.30831115
0.30831115
0.30831115
0.30831115
0.30831115
0.30831115
0.30831115
0.30831115
0.30831115
0.30831115
0.30831115
0.30831115
0.30831115
0.30831115
0.30831115
0.30663381
0.30663381
0.30663381
0.30663381
0.30663381
0.30663381
0.30663381
0.30663381
0.30663381
0.30663381
0.30663381
0.30663381
0.30663381
0.30663381
0.30663381
0.30663381
0.30663381
0.30663381
0.30663381
0.30663381
0.30663381
0.30663381
0.30663381
0.30663381
0.30618321
0.30618321
0.30678942
0.30598656
0.30598656
0.30598656
0.30598656
0.30598656
0.30598656
0.30598656
0.30598656
0.30598656
0.30598656
0.30598656
0.30598656
0.30598656
0.30598656
0.30774154
0.30774154
0.30774154
0.30774154
0.30774154
0.30774154
0.30774154
0.30774154
0.30774154
0.30774154
0.30785481
0.30785481
0.30785481
0.30785481
0.30785481
0.30731897
0.30731897
0.30731897
0.30731897
0.30731897
0.30731897
0.30803117
0.30803117
0.30803117
0.30803117
0.30803117
0.30803117
0.30803117
0.30803117
0.30803117
0.30803117
0.30803117
0.30803117
0.30803117
0.30803117
0.30803117
0.30803117
0.30803117
0.30803117
0.30803117
0.30803117
0.30803117
0.30803117
0.30803117
0.30803117
0.30803117
0.30803117
0.30803117
0.30803117
0.30803117
0.30803117
0.30803117
0.30935179
0.30935179
0.30935179
0.30935179
0.30935179
0.30935179
0.31091491
0.31091491
0.31091491
0.31091491
0.31091491
0.31091491
0.31091491
0.31091491
0.31091491
0.31091491
0.31091491
0.31091491
0.31091491
0.31091491
0.31091491
0.31091491
0.31091491
0.31091491
0.31091491
0.31091491
0.31091491
0.31091491
0.31091491
0.31091491
0.31091491
0.31306958
0.31306958
0.31276825
0.31276825
0.31276825
0.31276825
0.31276825
0.31276825
0.31409189
0.31409189
0.31409189
0.31409189
0.31409189
0.31409189
0.31409189
0.31500283
0.31500283
0.31500283
0.31500283
0.31500283
0.31500283
0.31500283
0.31500283
0.31476395
0.31439334
0.31439334
0.31439334
0.31439334
0.31439334
0.31439334
0.31439334
0.31439334
0.31439334
0.31439334
0.31468229
0.31468229
0.31359576
0.31359576
0.31359576
0.31359576
0.31359576
0.31278740
0.31278740
0.31278740
0.31278740
0.31278740
0.31278740
0.31278740
0.31278740
0.31278740
0.31278740
0.31278740
0.31278740
0.31278740
0.31278740
0.31278740
0.31278740
0.31278740
0.31278740
0.31278740
0.31278740
0.31278740
0.31278740
0.31278740
0.31278740
0.31278740
0.31278740
0.31278740
0.31356688
0.31356688
0.31356688
0.31356688
0.31356688
0.31356688
0.31356688
0.31666420
0.31666420
0.31424552
