0.00000000
0.00000000
0.00000000
0.00000000
0.00000000
0.00000000
0.00000000
0.00000000
0.00000000
0.00000000
0.00000000
0.00000000
0.00000000
0.00000000
0.00000000
0.00000000
0.00000000
0.00000000
0.00000000
0.00000000
0.00000000
0.00000000
0.00000000
0.00000000
0.00000000
0.00000000
0.00000000
0.00000000
0.00000000
0.00000000
0.00000000
0.00000000
0.30608227
0.30608227
0.30608227
0.30608227
0.30608227
0.30608227
0.30608227
0.30608227
0.30608227
0.30608227
0.30608227
0.30608227
0.30608227
0.30608227
0.30608227
0.30608227
0.30513901
0.30513901
0.30513901
0.30513901
0.30513901
0.30513901
0.30513901
0.30513901
0.30513901
0.30513901
0.30513901
0.30513901
0.30513901
0.30513901
0.30513901
0.30513901
0.30513901
0.30513901
0.30513901
0.30513901
0.30513901
0.30513901
0.30513901
0.30513901
0.30529967
0.30529967
0.30605448
0.30517272
0.30517272
0.30517272
0.30517272
0.30517272
0.30517272
0.30517272
0.30517272
0.30517272
0.30517272
0.30517272
0.30517272
0.30517272
0.30517272
0.30760579
0.30760579
0.30760579
0.30760579
0.30760579
0.30760579
0.30760579
0.30760579
0.30760579
0.30760579
0.30755749
0.30755749
0.30755749
0.30755749
0.30755749
0.30774575
0.30774575
0.30774575
0.30774575
0.30774575
0.30774575
0.30684490
0.30684490
0.30684490
0.30684490
0.30684490
0.30684490
0.30684490
0.30684490
0.30684490
0.30684490
0.30684490
0.30684490
0.30684490
0.30684490
0.30684490
0.30684490
0.30684490
0.30684490
0.30684490
0.30684490
0.30684490
0.30684490
0.30684490
0.30684490
0.30684490
0.30684490
0.30684490
0.30684490
0.30684490
0.30684490
0.30684490
0.30771119
0.30771119
0.30771119
0.30771119
0.30771119
0.30771119
0.30919137
0.30919137
0.30919137
0.30919137
0.30919137
0.30919137
0.30919137
0.30919137
0.30919137
0.30919137
0.30919137
0.30919137
0.30919137
0.30919137
0.30919137
0.30919137
0.30919137
0.30919137
0.30919137
0.30919137
0.30919137
0.30919137
0.30919137
0.30919137
0.30919137
0.31059786
0.31059786
0.30971571
0.30971571
0.30971571
0.30971571
0.30971571
0.30971571
0.31046006
0.31046006
0.31046006
0.31046006
0.31046006
0.31046006
0.31046006
0.31092835
0.31092835
0.31092835
0.31092835
0.31092835
0.31092835
0.31092835
0.31092835
0.30948676
0.30827426
0.30827426
0.30827426
0.30827426
0.30827426
0.30827426
0.30827426
0.30827426
0.30827426
0.30827426
0.30685439
0.30685439
0.30450034
0.30450034
0.30450034
0.30450034
0.30450034
0.30263675
0.30263675
0.30263675
0.30263675
0.30263675
0.30263675
0.30263675
0.30263675
0.30263675
0.30263675
0.30263675
0.30263675
0.30263675
0.30263675
0.30263675
0.30263675
0.30263675
0.30263675
0.30263675
0.30263675
0.30263675
0.30263675
0.30263675
0.30263675
0.30263675
0.30263675
0.30263675
0.30342237
0.30342237
0.30342237
0.30342237
0.30342237
0.30342237
0.30342237
0.30522506
0.30522506
0.30316387
