0.00000000 0.00000000 0.00000000 0.00000000 0.00000000 0.00000000 0.00000000 0.00000000 0.00000000 0.00000000
0.00000000 0.00000000 0.00000000 0.00000000 0.00000000 0.00000000 0.00000000 0.00000000 0.00000000 0.00000000
0.00000000 0.00000000 0.00000000 0.00000000 0.00000000 0.00000000 0.00000000 0.00000000 0.00000000 0.00000000
0.00000000 0.00000000 0.00000000 0.00000000 0.00000000 0.00000000 0.00000000 0.00000000 0.00000000 0.00000000
0.00000000 0.00000000 0.00000000 0.00000000 0.00000000 0.00000000 0.00000000 0.00000000 0.00000000 0.00000000
0.00000000 0.00000000 0.00000000 0.00000000 0.00000000 0.00000000 0.00000000 0.00000000 0.00000000 0.00000000
0.00000000 0.00000000 0.00000000 0.00000000 0.00000000 0.00000000 0.00000000 0.00000000 0.00000000 0.00000000
0.00000000 0.00000000 0.00000000 0.00000000 0.00000000 0.00000000 0.00000000 0.00000000 0.00000000 0.00000000
0.00000000 0.00000000 0.00000000 0.00000000 0.00000000 0.00000000 0.00000000 0.00000000 0.00000000 0.00000000
0.00000000 0.00000000 0.00000000 0.00000000 0.00000000 0.00000000 0.00000000 0.00000000 0.00000000 0.00000000
0.00000000 0.00000000 0.00000000 0.00000000 0.00000000 0.00000000 0.00000000 0.00000000 0.00000000 0.00000000
0.00000000 0.00000000 0.00000000 0.00000000 0.00000000 0.00000000 0.00000000 0.00000000 0.00000000 0.00000000
0.00000000 0.00000000 0.00000000 0.00000000 0.00000000 0.00000000 0.00000000 0.00000000 0.00000000 0.00000000
0.00000000 0.00000000 0.00000000 0.00000000 0.00000000 0.00000000 0.00000000 0.00000000 0.00000000 0.00000000
0.00000000 0.00000000 0.00000000 0.00000000 0.00000000 0.00000000 0.00000000 0.00000000 0.00000000 0.00000000
0.00000000 0.00000000 0.00000000 0.00000000 0.00000000 0.00000000 0.00000000 0.00000000 0.00000000 0.00000000
0.00000000 0.00000000 0.00000000 0.00000000 0.00000000 0.00000000 0.00000000 0.00000000 0.00000000 0.00000000
0.00000000 0.00000000 0.00000000 0.00000000 0.00000000 0.00000000 0.00000000 0.00000000 0.00000000 0.00000000
0.00000000 0.00000000 0.00000000 0.00000000 0.00000000 0.00000000 0.00000000 0.00000000 0.00000000 0.00000000
0.00000000 0.00000000 0.00000000 0.00000000 0.00000000 0.00000000 0.00000000 0.00000000 0.00000000 0.00000000
0.00000000 0.00000000 0.00000000 0.00000000 0.00000000 0.00000000 0.00000000 0.00000000 0.00000000 0.00000000
0.00000000 0.00000000 0.00000000 0.00000000 0.00000000 0.00000000 0.00000000 0.00000000 0.00000000 0.00000000
0.00000000 0.00000000 0.00000000 0.00000000 0.00000000 0.00000000 0.00000000 0.00000000 0.00000000 0.00000000
0.00000000 0.00000000 0.00000000 0.00000000 0.00000000 0.00000000 0.00000000 0.00000000 0.00000000 0.00000000
0.00000000 0.00000000 0.00000000 0.00000000 0.00000000 0.00000000 0.00000000 0.00000000 0.00000000 0.00000000
0.00000000 0.00000000 0.00000000 0.00000000 0.00000000 0.00000000 0.00000000 0.00000000 0.00000000 0.00000000
0.00000000 0.00000000 0.00000000 0.00000000 0.00000000 0.00000000 0.00000000 0.00000000 0.00000000 0.00000000
0.00000000 0.00000000 0.00000000 0.00000000 0.00000000 0.00000000 0.00000000 0.00000000 0.00000000 0.00000000
0.00000000 0.00000000 0.00000000 0.00000000 0.00000000 0.00000000 0.00000000 0.00000000 0.00000000 0.00000000
0.00000000 0.00000000 0.00000000 0.00000000 0.00000000 0.00000000 0.00000000 0.00000000 0.00000000 0.00000000
0.00000000 0.00000000 0.00000000 0.00000000 0.00000000 0.00000000 0.00000000 0.00000000 0.00000000 0.00000000
0.00000000 0.00000000 0.00000000 0.00000000 0.00000000 0.00000000 0.00000000 0.00000000 0.00000000 0.00000000
0.35477432 0.28779570 0.30603366 0.31780724 0.35633640 0.25981734 0.31739856 0.25389305 0.28579651 0.30356293
0.35477432 0.28779570 0.30603366 0.31780724 0.35633640 0.25981734 0.31739856 0.25389305 0.28579651 0.30356293
0.35477432 0.28779570 0.30603366 0.31780724 0.35633640 0.25981734 0.31739856 0.25389305 0.28579651 0.30356293
0.35477432 0.28779570 0.30603366 0.31780724 0.35633640 0.25981734 0.31739856 0.25389305 0.28579651 0.30356293
0.35477432 0.28779570 0.30603366 0.31780724 0.35633640 0.25981734 0.31739856 0.25389305 0.28579651 0.30356293
0.35477432 0.28779570 0.30603366 0.31780724 0.35633640 0.25981734 0.31739856 0.25389305 0.28579651 0.30356293
0.35477432 0.28779570 0.30603366 0.31780724 0.35633640 0.25981734 0.31739856 0.25389305 0.28579651 0.30356293
0.35477432 0.28779570 0.30603366 0.31780724 0.35633640 0.25981734 0.31739856 0.25389305 0.28579651 0.30356293
0.35477432 0.28779570 0.30603366 0.31780724 0.35633640 0.25981734 0.31739856 0.25389305 0.28579651 0.30356293
0.35477432 0.28779570 0.30603366 0.31780724 0.35633640 0.25981734 0.31739856 0.25389305 0.28579651 0.30356293
0.35477432 0.28779570 0.30603366 0.31780724 0.35633640 0.25981734 0.31739856 0.25389305 0.28579651 0.30356293
0.35477432 0.28779570 0.30603366 0.31780724 0.35633640 0.25981734 0.31739856 0.25389305 0.28579651 0.30356293
0.35477432 0.28779570 0.30603366 0.31780724 0.35633640 0.25981734 0.31739856 0.25389305 0.28579651 0.30356293
0.35477432 0.28779570 0.30603366 0.31780724 0.35633640 0.25981734 0.31739856 0.25389305 0.28579651 0.30356293
0.35477432 0.28779570 0.30603366 0.31780724 0.35633640 0.25981734 0.31739856 0.25389305 0.28579651 0.30356293
0.35477432 0.28779570 0.30603366 0.31780724 0.35633640 0.25981734 0.31739856 0.25389305 0.28579651 0.30356293
0.35337810 0.28588498 0.30744199 0.31185912 0.35516762 0.25823735 0.31516526 0.25296828 0.28693612 0.30696928
0.35337810 0.28588498 0.30744199 0.31185912 0.35516762 0.25823735 0.31516526 0.25296828 0.28693612 0.30696928
0.35337810 0.28588498 0.30744199 0.31185912 0.35516762 0.25823735 0.31516526 0.25296828 0.28693612 0.30696928
0.35337810 0.28588498 0.30744199 0.31185912 0.35516762 0.25823735 0.31516526 0.25296828 0.28693612 0.30696928
0.35337810 0.28588498 0.30744199 0.31185912 0.35516762 0.25823735 0.31516526 0.25296828 0.28693612 0.30696928
0.35337810 0.28588498 0.30744199 0.31185912 0.35516762 0.25823735 0.31516526 0.25296828 0.28693612 0.30696928
0.35337810 0.28588498 0.30744199 0.31185912 0.35516762 0.25823735 0.31516526 0.25296828 0.28693612 0.30696928
0.35337810 0.28588498 0.30744199 0.31185912 0.35516762 0.25823735 0.31516526 0.25296828 0.28693612 0.30696928
0.35337810 0.28588498 0.30744199 0.31185912 0.35516762 0.25823735 0.31516526 0.25296828 0.28693612 0.30696928
0.35337810 0.28588498 0.30744199 0.31185912 0.35516762 0.25823735 0.31516526 0.25296828 0.28693612 0.30696928
0.35337810 0.28588498 0.30744199 0.31185912 0.35516762 0.25823735 0.31516526 0.25296828 0.28693612 0.30696928
0.35337810 0.28588498 0.30744199 0.31185912 0.35516762 0.25823735 0.31516526 0.25296828 0.28693612 0.30696928
0.35337810 0.28588498 0.30744199 0.31185912 0.35516762 0.25823735 0.31516526 0.25296828 0.28693612 0.30696928
0.35337810 0.28588498 0.30744199 0.31185912 0.35516762 0.25823735 0.31516526 0.25296828 0.28693612 0.30696928
0.35337810 0.28588498 0.30744199 0.31185912 0.35516762 0.25823735 0.31516526 0.25296828 0.28693612 0.30696928
0.35337810 0.28588498 0.30744199 0.31185912 0.35516762 0.25823735 0.31516526 0.25296828 0.28693612 0.30696928
0.35337810 0.28588498 0.30744199 0.31185912 0.35516762 0.25823735 0.31516526 0.25296828 0.28693612 0.30696928
0.35337810 0.28588498 0.30744199 0.31185912 0.35516762 0.25823735 0.31516526 0.25296828 0.28693612 0.30696928
0.35337810 0.28588498 0.30744199 0.31185912 0.35516762 0.25823735 0.31516526 0.25296828 0.28693612 0.30696928
0.35337810 0.28588498 0.30744199 0.31185912 0.35516762 0.25823735 0.31516526 0.25296828 0.28693612 0.30696928
0.35337810 0.28588498 0.30744199 0.31185912 0.35516762 0.25823735 0.31516526 0.25296828 0.28693612 0.30696928
0.35337810 0.28588498 0.30744199 0.31185912 0.35516762 0.25823735 0.31516526 0.25296828 0.28693612 0.30696928
0.35337810 0.28588498 0.30744199 0.31185912 0.35516762 0.25823735 0.31516526 0.25296828 0.28693612 0.30696928
0.35337810 0.28588498 0.30744199 0.31185912 0.35516762 0.25823735 0.31516526 0.25296828 0.28693612 0.30696928
0.35942817 0.28233487 0.30670433 0.31035712 0.34873161 0.25729446 0.31639483 0.25209852 0.29088861 0.31096384
0.35942817 0.28233487 0.30670433 0.31035712 0.34873161 0.25729446 0.31639483 0.25209852 0.29088861 0.31096384
0.35995895 0.28343368 0.30534896 0.31384179 0.34501584 0.25836536 0.32032887 0.25223045 0.29235000 0.31235529
0.35797713 0.28485204 0.30117157 0.31156081 0.34491142 0.25782533 0.31947248 0.25251161 0.29260242 0.31202945
0.35797713 0.28485204 0.30117157 0.31156081 0.34491142 0.25782533 0.31947248 0.25251161 0.29260242 0.31202945
0.35797713 0.28485204 0.30117157 0.31156081 0.34491142 0.25782533 0.31947248 0.25251161 0.29260242 0.31202945
0.35797713 0.28485204 0.30117157 0.31156081 0.34491142 0.25782533 0.31947248 0.25251161 0.29260242 0.31202945
0.35797713 0.28485204 0.30117157 0.31156081 0.34491142 0.25782533 0.31947248 0.25251161 0.29260242 0.31202945
0.35797713 0.28485204 0.30117157 0.31156081 0.34491142 0.25782533 0.31947248 0.25251161 0.29260242 0.31202945
0.35797713 0.28485204 0.30117157 0.31156081 0.34491142 0.25782533 0.31947248 0.25251161 0.29260242 0.31202945
0.35797713 0.28485204 0.30117157 0.31156081 0.34491142 0.25782533 0.31947248 0.25251161 0.29260242 0.31202945
0.35797713 0.28485204 0.30117157 0.31156081 0.34491142 0.25782533 0.31947248 0.25251161 0.29260242 0.31202945
0.35797713 0.28485204 0.30117157 0.31156081 0.34491142 0.25782533 0.31947248 0.25251161 0.29260242 0.31202945
0.35797713 0.28485204 0.30117157 0.31156081 0.34491142 0.25782533 0.31947248 0.25251161 0.29260242 0.31202945
0.35797713 0.28485204 0.30117157 0.31156081 0.34491142 0.25782533 0.31947248 0.25251161 0.29260242 0.31202945
0.35797713 0.28485204 0.30117157 0.31156081 0.34491142 0.25782533 0.31947248 0.25251161 0.29260242 0.31202945
0.35797713 0.28485204 0.30117157 0.31156081 0.34491142 0.25782533 0.31947248 0.25251161 0.29260242 0.31202945
0.35913638 0.28407665 0.30638774 0.30452165 0.34297941 0.25925575 0.33471889 0.25284772 0.29739881 0.31727702
0.35913638 0.28407665 0.30638774 0.30452165 0.34297941 0.25925575 0.33471889 0.25284772 0.29739881 0.31727702
0.35913638 0.28407665 0.30638774 0.30452165 0.34297941 0.25925575 0.33471889 0.25284772 0.29739881 0.31727702
0.35913638 0.28407665 0.30638774 0.30452165 0.34297941 0.25925575 0.33471889 0.25284772 0.29739881 0.31727702
0.35913638 0.28407665 0.30638774 0.30452165 0.34297941 0.25925575 0.33471889 0.25284772 0.29739881 0.31727702
0.35913638 0.28407665 0.30638774 0.30452165 0.34297941 0.25925575 0.33471889 0.25284772 0.29739881 0.31727702
0.35913638 0.28407665 0.30638774 0.30452165 0.34297941 0.25925575 0.33471889 0.25284772 0.29739881 0.31727702
0.35913638 0.28407665 0.30638774 0.30452165 0.34297941 0.25925575 0.33471889 0.25284772 0.29739881 0.31727702
0.35913638 0.28407665 0.30638774 0.30452165 0.34297941 0.25925575 0.33471889 0.25284772 0.29739881 0.31727702
0.35913638 0.28407665 0.30638774 0.30452165 0.34297941 0.25925575 0.33471889 0.25284772 0.29739881 0.31727702
0.36542970 0.28487706 0.30065260 0.30560565 0.33971888 0.26016928 0.33540827 0.25236721 0.29885226 0.31438501
0.36542970 0.28487706 0.30065260 0.30560565 0.33971888 0.26016928 0.33540827 0.25236721 0.29885226 0.31438501
0.36542970 0.28487706 0.30065260 0.30560565 0.33971888 0.26016928 0.33540827 0.25236721 0.29885226 0.31438501
0.36542970 0.28487706 0.30065260 0.30560565 0.33971888 0.26016928 0.33540827 0.25236721 0.29885226 0.31438501
0.36542970 0.28487706 0.30065260 0.30560565 0.33971888 0.26016928 0.33540827 0.25236721 0.29885226 0.31438501
0.36903340 0.28410337 0.29538929 0.30230676 0.34016173 0.25781179 0.33451039 0.25180238 0.29717003 0.32517882
0.36903340 0.28410337 0.29538929 0.30230676 0.34016173 0.25781179 0.33451039 0.25180238 0.29717003 0.32517882
0.36903340 0.28410337 0.29538929 0.30230676 0.34016173 0.25781179 0.33451039 0.25180238 0.29717003 0.32517882
0.36903340 0.28410337 0.29538929 0.30230676 0.34016173 0.25781179 0.33451039 0.25180238 0.29717003 0.32517882
0.36903340 0.28410337 0.29538929 0.30230676 0.34016173 0.25781179 0.33451039 0.25180238 0.29717003 0.32517882
0.36903340 0.28410337 0.29538929 0.30230676 0.34016173 0.25781179 0.33451039 0.25180238 0.29717003 0.32517882
0.36520254 0.28282888 0.29364469 0.30888907 0.34021523 0.25814399 0.33439864 0.25136170 0.29292561 0.32146215
0.36520254 0.28282888 0.29364469 0.30888907 0.34021523 0.25814399 0.33439864 0.25136170 0.29292561 0.32146215
0.36520254 0.28282888 0.29364469 0.30888907 0.34021523 0.25814399 0.33439864 0.25136170 0.29292561 0.32146215
0.36520254 0.28282888 0.29364469 0.30888907 0.34021523 0.25814399 0.33439864 0.25136170 0.29292561 0.32146215
0.36520254 0.28282888 0.29364469 0.30888907 0.34021523 0.25814399 0.33439864 0.25136170 0.29292561 0.32146215
0.36520254 0.28282888 0.29364469 0.30888907 0.34021523 0.25814399 0.33439864 0.25136170 0.29292561 0.32146215
0.36520254 0.28282888 0.29364469 0.30888907 0.34021523 0.25814399 0.33439864 0.25136170 0.29292561 0.32146215
0.36520254 0.28282888 0.29364469 0.30888907 0.34021523 0.25814399 0.33439864 0.25136170 0.29292561 0.32146215
0.36520254 0.28282888 0.29364469 0.30888907 0.34021523 0.25814399 0.33439864 0.25136170 0.29292561 0.32146215
0.36520254 0.28282888 0.29364469 0.30888907 0.34021523 0.25814399 0.33439864 0.25136170 0.29292561 0.32146215
0.36520254 0.28282888 0.29364469 0.30888907 0.34021523 0.25814399 0.33439864 0.25136170 0.29292561 0.32146215
0.36520254 0.28282888 0.29364469 0.30888907 0.34021523 0.25814399 0.33439864 0.25136170 0.29292561 0.32146215
0.36520254 0.28282888 0.29364469 0.30888907 0.34021523 0.25814399 0.33439864 0.25136170 0.29292561 0.32146215
0.36520254 0.28282888 0.29364469 0.30888907 0.34021523 0.25814399 0.33439864 0.25136170 0.29292561 0.32146215
0.36520254 0.28282888 0.29364469 0.30888907 0.34021523 0.25814399 0.33439864 0.25136170 0.29292561 0.32146215
0.36520254 0.28282888 0.29364469 0.30888907 0.34021523 0.25814399 0.33439864 0.25136170 0.29292561 0.32146215
0.36520254 0.28282888 0.29364469 0.30888907 0.34021523 0.25814399 0.33439864 0.25136170 0.29292561 0.32146215
0.36520254 0.28282888 0.29364469 0.30888907 0.34021523 0.25814399 0.33439864 0.25136170 0.29292561 0.32146215
0.36520254 0.28282888 0.29364469 0.30888907 0.34021523 0.25814399 0.33439864 0.25136170 0.29292561 0.32146215
0.36520254 0.28282888 0.29364469 0.30888907 0.34021523 0.25814399 0.33439864 0.25136170 0.29292561 0.32146215
0.36520254 0.28282888 0.29364469 0.30888907 0.34021523 0.25814399 0.33439864 0.25136170 0.29292561 0.32146215
0.36520254 0.28282888 0.29364469 0.30888907 0.34021523 0.25814399 0.33439864 0.25136170 0.29292561 0.32146215
0.36520254 0.28282888 0.29364469 0.30888907 0.34021523 0.25814399 0.33439864 0.25136170 0.29292561 0.32146215
0.36520254 0.28282888 0.29364469 0.30888907 0.34021523 0.25814399 0.33439864 0.25136170 0.29292561 0.32146215
0.36520254 0.28282888 0.29364469 0.30888907 0.34021523 0.25814399 0.33439864 0.25136170 0.29292561 0.32146215
0.36520254 0.28282888 0.29364469 0.30888907 0.34021523 0.25814399 0.33439864 0.25136170 0.29292561 0.32146215
0.36520254 0.28282888 0.29364469 0.30888907 0.34021523 0.25814399 0.33439864 0.25136170 0.29292561 0.32146215
0.36520254 0.28282888 0.29364469 0.30888907 0.34021523 0.25814399 0.33439864 0.25136170 0.29292561 0.32146215
0.36520254 0.28282888 0.29364469 0.30888907 0.34021523 0.25814399 0.33439864 0.25136170 0.29292561 0.32146215
0.36520254 0.28282888 0.29364469 0.30888907 0.34021523 0.25814399 0.33439864 0.25136170 0.29292561 0.32146215
0.36520254 0.28282888 0.29364469 0.30888907 0.34021523 0.25814399 0.33439864 0.25136170 0.29292561 0.32146215
0.36735605 0.29030946 0.29293001 0.30919549 0.33927475 0.26053566 0.33565059 0.25206333 0.29346178 0.31767698
0.36735605 0.29030946 0.29293001 0.30919549 0.33927475 0.26053566 0.33565059 0.25206333 0.29346178 0.31767698
0.36735605 0.29030946 0.29293001 0.30919549 0.33927475 0.26053566 0.33565059 0.25206333 0.29346178 0.31767698
0.36735605 0.29030946 0.29293001 0.30919549 0.33927475 0.26053566 0.33565059 0.25206333 0.29346178 0.31767698
0.36735605 0.29030946 0.29293001 0.30919549 0.33927475 0.26053566 0.33565059 0.25206333 0.29346178 0.31767698
0.36735605 0.29030946 0.29293001 0.30919549 0.33927475 0.26053566 0.33565059 0.25206333 0.29346178 0.31767698
0.37701224 0.28969219 0.29201033 0.30858776 0.34845250 0.26282136 0.33168150 0.25176515 0.28992556 0.31857096
0.37701224 0.28969219 0.29201033 0.30858776 0.34845250 0.26282136 0.33168150 0.25176515 0.28992556 0.31857096
0.37701224 0.28969219 0.29201033 0.30858776 0.34845250 0.26282136 0.33168150 0.25176515 0.28992556 0.31857096
0.37701224 0.28969219 0.29201033 0.30858776 0.34845250 0.26282136 0.33168150 0.25176515 0.28992556 0.31857096
0.37701224 0.28969219 0.29201033 0.30858776 0.34845250 0.26282136 0.33168150 0.25176515 0.28992556 0.31857096
0.37701224 0.28969219 0.29201033 0.30858776 0.34845250 0.26282136 0.33168150 0.25176515 0.28992556 0.31857096
0.37701224 0.28969219 0.29201033 0.30858776 0.34845250 0.26282136 0.33168150 0.25176515 0.28992556 0.31857096
0.37701224 0.28969219 0.29201033 0.30858776 0.34845250 0.26282136 0.33168150 0.25176515 0.28992556 0.31857096
0.37701224 0.28969219 0.29201033 0.30858776 0.34845250 0.26282136 0.33168150 0.25176515 0.28992556 0.31857096
0.37701224 0.28969219 0.29201033 0.30858776 0.34845250 0.26282136 0.33168150 0.25176515 0.28992556 0.31857096
0.37701224 0.28969219 0.29201033 0.30858776 0.34845250 0.26282136 0.33168150 0.25176515 0.28992556 0.31857096
0.37701224 0.28969219 0.29201033 0.30858776 0.34845250 0.26282136 0.33168150 0.25176515 0.28992556 0.31857096
0.37701224 0.28969219 0.29201033 0.30858776 0.34845250 0.26282136 0.33168150 0.25176515 0.28992556 0.31857096
0.37701224 0.28969219 0.29201033 0.30858776 0.34845250 0.26282136 0.33168150 0.25176515 0.28992556 0.31857096
0.37701224 0.28969219 0.29201033 0.30858776 0.34845250 0.26282136 0.33168150 0.25176515 0.28992556 0.31857096
0.37701224 0.28969219 0.29201033 0.30858776 0.34845250 0.26282136 0.33168150 0.25176515 0.28992556 0.31857096
0.37701224 0.28969219 0.29201033 0.30858776 0.34845250 0.26282136 0.33168150 0.25176515 0.28992556 0.31857096
0.37701224 0.28969219 0.29201033 0.30858776 0.34845250 0.26282136 0.33168150 0.25176515 0.28992556 0.31857096
0.37701224 0.28969219 0.29201033 0.30858776 0.34845250 0.26282136 0.33168150 0.25176515 0.28992556 0.31857096
0.37701224 0.28969219 0.29201033 0.30858776 0.34845250 0.26282136 0.33168150 0.25176515 0.28992556 0.31857096
0.37701224 0.28969219 0.29201033 0.30858776 0.34845250 0.26282136 0.33168150 0.25176515 0.28992556 0.31857096
0.37701224 0.28969219 0.29201033 0.30858776 0.34845250 0.26282136 0.33168150 0.25176515 0.28992556 0.31857096
0.37701224 0.28969219 0.29201033 0.30858776 0.34845250 0.26282136 0.33168150 0.25176515 0.28992556 0.31857096
0.37701224 0.28969219 0.29201033 0.30858776 0.34845250 0.26282136 0.33168150 0.25176515 0.28992556 0.31857096
0.37701224 0.28969219 0.29201033 0.30858776 0.34845250 0.26282136 0.33168150 0.25176515 0.28992556 0.31857096
0.37840813 0.29346498 0.29250945 0.31067234 0.35299386 0.26029419 0.33291956 0.25116788 0.29356016 0.31758584
0.37840813 0.29346498 0.29250945 0.31067234 0.35299386 0.26029419 0.33291956 0.25116788 0.29356016 0.31758584
0.38445791 0.29243879 0.29075644 0.29588600 0.35170514 0.25966009 0.33765695 0.25043677 0.29488253 0.31466762
0.38445791 0.29243879 0.29075644 0.29588600 0.35170514 0.25966009 0.33765695 0.25043677 0.29488253 0.31466762
0.38445791 0.29243879 0.29075644 0.29588600 0.35170514 0.25966009 0.33765695 0.25043677 0.29488253 0.31466762
0.38445791 0.29243879 0.29075644 0.29588600 0.35170514 0.25966009 0.33765695 0.25043677 0.29488253 0.31466762
0.38445791 0.29243879 0.29075644 0.29588600 0.35170514 0.25966009 0.33765695 0.25043677 0.29488253 0.31466762
0.38445791 0.29243879 0.29075644 0.29588600 0.35170514 0.25966009 0.33765695 0.25043677 0.29488253 0.31466762
0.38861557 0.29565738 0.28943998 0.29645716 0.35705422 0.25986915 0.33850889 0.25043978 0.29243189 0.30969722
0.38861557 0.29565738 0.28943998 0.29645716 0.35705422 0.25986915 0.33850889 0.25043978 0.29243189 0.30969722
0.38861557 0.29565738 0.28943998 0.29645716 0.35705422 0.25986915 0.33850889 0.25043978 0.29243189 0.30969722
0.38861557 0.29565738 0.28943998 0.29645716 0.35705422 0.25986915 0.33850889 0.25043978 0.29243189 0.30969722
0.38861557 0.29565738 0.28943998 0.29645716 0.35705422 0.25986915 0.33850889 0.25043978 0.29243189 0.30969722
0.38861557 0.29565738 0.28943998 0.29645716 0.35705422 0.25986915 0.33850889 0.25043978 0.29243189 0.30969722
0.38861557 0.29565738 0.28943998 0.29645716 0.35705422 0.25986915 0.33850889 0.25043978 0.29243189 0.30969722
0.38624302 0.29830753 0.29267423 0.30086520 0.36213406 0.25980876 0.33829104 0.25018980 0.29184122 0.30259958
0.38624302 0.29830753 0.29267423 0.30086520 0.36213406 0.25980876 0.33829104 0.25018980 0.29184122 0.30259958
0.38624302 0.29830753 0.29267423 0.30086520 0.36213406 0.25980876 0.33829104 0.25018980 0.29184122 0.30259958
0.38624302 0.29830753 0.29267423 0.30086520 0.36213406 0.25980876 0.33829104 0.25018980 0.29184122 0.30259958
0.38624302 0.29830753 0.29267423 0.30086520 0.36213406 0.25980876 0.33829104 0.25018980 0.29184122 0.30259958
0.38624302 0.29830753 0.29267423 0.30086520 0.36213406 0.25980876 0.33829104 0.25018980 0.29184122 0.30259958
0.38624302 0.29830753 0.29267423 0.30086520 0.36213406 0.25980876 0.33829104 0.25018980 0.29184122 0.30259958
0.38624302 0.29830753 0.29267423 0.30086520 0.36213406 0.25980876 0.33829104 0.25018980 0.29184122 0.30259958
0.38331455 0.29715630 0.28769216 0.29476778 0.35399338 0.25987606 0.34447317 0.25059612 0.29240488 0.30516575
0.38485023 0.29529266 0.28955652 0.29450923 0.35474083 0.26158193 0.33577728 0.25179030 0.28951826 0.30035375
0.38485023 0.29529266 0.28955652 0.29450923 0.35474083 0.26158193 0.33577728 0.25179030 0.28951826 0.30035375
0.38485023 0.29529266 0.28955652 0.29450923 0.35474083 0.26158193 0.33577728 0.25179030 0.28951826 0.30035375
0.38485023 0.29529266 0.28955652 0.29450923 0.35474083 0.26158193 0.33577728 0.25179030 0.28951826 0.30035375
0.38485023 0.29529266 0.28955652 0.29450923 0.35474083 0.26158193 0.33577728 0.25179030 0.28951826 0.30035375
0.38485023 0.29529266 0.28955652 0.29450923 0.35474083 0.26158193 0.33577728 0.25179030 0.28951826 0.30035375
0.38485023 0.29529266 0.28955652 0.29450923 0.35474083 0.26158193 0.33577728 0.25179030 0.28951826 0.30035375
0.38485023 0.29529266 0.28955652 0.29450923 0.35474083 0.26158193 0.33577728 0.25179030 0.28951826 0.30035375
0.38485023 0.29529266 0.28955652 0.29450923 0.35474083 0.26158193 0.33577728 0.25179030 0.28951826 0.30035375
0.38485023 0.29529266 0.28955652 0.29450923 0.35474083 0.26158193 0.33577728 0.25179030 0.28951826 0.30035375
0.37858210 0.30123212 0.29060616 0.29649544 0.34856769 0.26158574 0.33064324 0.25074863 0.29337548 0.29491349
0.37858210 0.30123212 0.29060616 0.29649544 0.34856769 0.26158574 0.33064324 0.25074863 0.29337548 0.29491349
0.37107277 0.29470984 0.29228325 0.30166262 0.34294469 0.26224716 0.32900606 0.25142799 0.29160082 0.28870258
0.37107277 0.29470984 0.29228325 0.30166262 0.34294469 0.26224716 0.32900606 0.25142799 0.29160082 0.28870258
0.37107277 0.29470984 0.29228325 0.30166262 0.34294469 0.26224716 0.32900606 0.25142799 0.29160082 0.28870258
0.37107277 0.29470984 0.29228325 0.30166262 0.34294469 0.26224716 0.32900606 0.25142799 0.29160082 0.28870258
0.37107277 0.29470984 0.29228325 0.30166262 0.34294469 0.26224716 0.32900606 0.25142799 0.29160082 0.28870258
0.36781938 0.29522668 0.28728216 0.29897354 0.33548968 0.25985897 0.33724610 0.25273681 0.28961345 0.28276694
0.36781938 0.29522668 0.28728216 0.29897354 0.33548968 0.25985897 0.33724610 0.25273681 0.28961345 0.28276694
0.36781938 0.29522668 0.28728216 0.29897354 0.33548968 0.25985897 0.33724610 0.25273681 0.28961345 0.28276694
0.36781938 0.29522668 0.28728216 0.29897354 0.33548968 0.25985897 0.33724610 0.25273681 0.28961345 0.28276694
0.36781938 0.29522668 0.28728216 0.29897354 0.33548968 0.25985897 0.33724610 0.25273681 0.28961345 0.28276694
0.36781938 0.29522668 0.28728216 0.29897354 0.33548968 0.25985897 0.33724610 0.25273681 0.28961345 0.28276694
0.36781938 0.29522668 0.28728216 0.29897354 0.33548968 0.25985897 0.33724610 0.25273681 0.28961345 0.28276694
0.36781938 0.29522668 0.28728216 0.29897354 0.33548968 0.25985897 0.33724610 0.25273681 0.28961345 0.28276694
0.36781938 0.29522668 0.28728216 0.29897354 0.33548968 0.25985897 0.33724610 0.25273681 0.28961345 0.28276694
0.36781938 0.29522668 0.28728216 0.29897354 0.33548968 0.25985897 0.33724610 0.25273681 0.28961345 0.28276694
0.36781938 0.29522668 0.28728216 0.29897354 0.33548968 0.25985897 0.33724610 0.25273681 0.28961345 0.28276694
0.36781938 0.29522668 0.28728216 0.29897354 0.33548968 0.25985897 0.33724610 0.25273681 0.28961345 0.28276694
0.36781938 0.29522668 0.28728216 0.29897354 0.33548968 0.25985897 0.33724610 0.25273681 0.28961345 0.28276694
0.36781938 0.29522668 0.28728216 0.29897354 0.33548968 0.25985897 0.33724610 0.25273681 0.28961345 0.28276694
0.36781938 0.29522668 0.28728216 0.29897354 0.33548968 0.25985897 0.33724610 0.25273681 0.28961345 0.28276694
0.36781938 0.29522668 0.28728216 0.29897354 0.33548968 0.25985897 0.33724610 0.25273681 0.28961345 0.28276694
0.36781938 0.29522668 0.28728216 0.29897354 0.33548968 0.25985897 0.33724610 0.25273681 0.28961345 0.28276694
0.36781938 0.29522668 0.28728216 0.29897354 0.33548968 0.25985897 0.33724610 0.25273681 0.28961345 0.28276694
0.36781938 0.29522668 0.28728216 0.29897354 0.33548968 0.25985897 0.33724610 0.25273681 0.28961345 0.28276694
0.36781938 0.29522668 0.28728216 0.29897354 0.33548968 0.25985897 0.33724610 0.25273681 0.28961345 0.28276694
0.36781938 0.29522668 0.28728216 0.29897354 0.33548968 0.25985897 0.33724610 0.25273681 0.28961345 0.28276694
0.36781938 0.29522668 0.28728216 0.29897354 0.33548968 0.25985897 0.33724610 0.25273681 0.28961345 0.28276694
0.36781938 0.29522668 0.28728216 0.29897354 0.33548968 0.25985897 0.33724610 0.25273681 0.28961345 0.28276694
0.36781938 0.29522668 0.28728216 0.29897354 0.33548968 0.25985897 0.33724610 0.25273681 0.28961345 0.28276694
0.36781938 0.29522668 0.28728216 0.29897354 0.33548968 0.25985897 0.33724610 0.25273681 0.28961345 0.28276694
0.36781938 0.29522668 0.28728216 0.29897354 0.33548968 0.25985897 0.33724610 0.25273681 0.28961345 0.28276694
0.36781938 0.29522668 0.28728216 0.29897354 0.33548968 0.25985897 0.33724610 0.25273681 0.28961345 0.28276694
0.36817490 0.30000867 0.28982906 0.30090303 0.34148578 0.25911262 0.33699458 0.25216531 0.28597589 0.27903954
0.36817490 0.30000867 0.28982906 0.30090303 0.34148578 0.25911262 0.33699458 0.25216531 0.28597589 0.27903954
0.36817490 0.30000867 0.28982906 0.30090303 0.34148578 0.25911262 0.33699458 0.25216531 0.28597589 0.27903954
0.36817490 0.30000867 0.28982906 0.30090303 0.34148578 0.25911262 0.33699458 0.25216531 0.28597589 0.27903954
0.36817490 0.30000867 0.28982906 0.30090303 0.34148578 0.25911262 0.33699458 0.25216531 0.28597589 0.27903954
0.36817490 0.30000867 0.28982906 0.30090303 0.34148578 0.25911262 0.33699458 0.25216531 0.28597589 0.27903954
0.36817490 0.30000867 0.28982906 0.30090303 0.34148578 0.25911262 0.33699458 0.25216531 0.28597589 0.27903954
0.37672549 0.30384117 0.29164099 0.30951008 0.33768619 0.26033433 0.33471868 0.25213194 0.29049674 0.27336690
0.37672549 0.30384117 0.29164099 0.30951008 0.33768619 0.26033433 0.33471868 0.25213194 0.29049674 0.27336690
0.37599759 0.30106826 0.29380550 0.30193897 0.33332979 0.26027461 0.32730339 0.25183785 0.28913428 0.27672757
