0.00000000 0.00000000 0.00000000 0.00000000 0.00000000 0.00000000 0.00000000 0.00000000 0.00000000 0.00000000
0.00000000 0.00000000 0.00000000 0.00000000 0.00000000 0.00000000 0.00000000 0.00000000 0.00000000 0.00000000
0.00000000 0.00000000 0.00000000 0.00000000 0.00000000 0.00000000 0.00000000 0.00000000 0.00000000 0.00000000
0.00000000 0.00000000 0.00000000 0.00000000 0.00000000 0.00000000 0.00000000 0.00000000 0.00000000 0.00000000
0.00000000 0.00000000 0.00000000 0.00000000 0.00000000 0.00000000 0.00000000 0.00000000 0.00000000 0.00000000
0.00000000 0.00000000 0.00000000 0.00000000 0.00000000 0.00000000 0.00000000 0.00000000 0.00000000 0.00000000
0.00000000 0.00000000 0.00000000 0.00000000 0.00000000 0.00000000 0.00000000 0.00000000 0.00000000 0.00000000
0.00000000 0.00000000 0.00000000 0.00000000 0.00000000 0.00000000 0.00000000 0.00000000 0.00000000 0.00000000
0.00000000 0.00000000 0.00000000 0.00000000 0.00000000 0.00000000 0.00000000 0.00000000 0.00000000 0.00000000
0.00000000 0.00000000 0.00000000 0.00000000 0.00000000 0.00000000 0.00000000 0.00000000 0.00000000 0.00000000
0.00000000 0.00000000 0.00000000 0.00000000 0.00000000 0.00000000 0.00000000 0.00000000 0.00000000 0.00000000
0.00000000 0.00000000 0.00000000 0.00000000 0.00000000 0.00000000 0.00000000 0.00000000 0.00000000 0.00000000
0.00000000 0.00000000 0.00000000 0.00000000 0.00000000 0.00000000 0.00000000 0.00000000 0.00000000 0.00000000
0.00000000 0.00000000 0.00000000 0.00000000 0.00000000 0.00000000 0.00000000 0.00000000 0.00000000 0.00000000
0.00000000 0.00000000 0.00000000 0.00000000 0.00000000 0.00000000 0.00000000 0.00000000 0.00000000 0.00000000
0.00000000 0.00000000 0.00000000 0.00000000 0.00000000 0.00000000 0.00000000 0.00000000 0.00000000 0.00000000
0.00000000 0.00000000 0.00000000 0.00000000 0.00000000 0.00000000 0.00000000 0.00000000 0.00000000 0.00000000
0.00000000 0.00000000 0.00000000 0.00000000 0.00000000 0.00000000 0.00000000 0.00000000 0.00000000 0.00000000
0.00000000 0.00000000 0.00000000 0.00000000 0.00000000 0.00000000 0.00000000 0.00000000 0.00000000 0.00000000
0.00000000 0.00000000 0.00000000 0.00000000 0.00000000 0.00000000 0.00000000 0.00000000 0.00000000 0.00000000
0.00000000 0.00000000 0.00000000 0.00000000 0.00000000 0.00000000 0.00000000 0.00000000 0.00000000 0.00000000
0.00000000 0.00000000 0.00000000 0.00000000 0.00000000 0.00000000 0.00000000 0.00000000 0.00000000 0.00000000
0.00000000 0.00000000 0.00000000 0.00000000 0.00000000 0.00000000 0.00000000 0.00000000 0.00000000 0.00000000
0.00000000 0.00000000 0.00000000 0.00000000 0.00000000 0.00000000 0.00000000 0.00000000 0.00000000 0.00000000
0.00000000 0.00000000 0.00000000 0.00000000 0.00000000 0.00000000 0.00000000 0.00000000 0.00000000 0.00000000
0.00000000 0.00000000 0.00000000 0.00000000 0.00000000 0.00000000 0.00000000 0.00000000 0.00000000 0.00000000
0.00000000 0.00000000 0.00000000 0.00000000 0.00000000 0.00000000 0.00000000 0.00000000 0.00000000 0.00000000
0.00000000 0.00000000 0.00000000 0.00000000 0.00000000 0.00000000 0.00000000 0.00000000 0.00000000 0.00000000
0.00000000 0.00000000 0.00000000 0.00000000 0.00000000 0.00000000 0.00000000 0.00000000 0.00000000 0.00000000
0.27434666 0.26464703 0.31600515 0.26484455 0.26254254 0.29789778 0.26996830 0.33004178 0.35116503 0.34353589
0.27434666 0.26464703 0.31600515 0.26484455 0.26254254 0.29789778 0.26996830 0.33004178 0.35116503 0.34353589
0.27434666 0.26464703 0.31600515 0.26484455 0.26254254 0.29789778 0.26996830 0.33004178 0.35116503 0.34353589
0.27666884 0.26403810 0.31608988 0.26211758 0.26300094 0.29744355 0.26947007 0.32548036 0.35033772 0.34451397
0.27666884 0.26403810 0.31608988 0.26211758 0.26300094 0.29744355 0.26947007 0.32548036 0.35033772 0.34451397
0.27666884 0.26403810 0.31608988 0.26211758 0.26300094 0.29744355 0.26947007 0.32548036 0.35033772 0.34451397
0.27666884 0.26403810 0.31608988 0.26211758 0.26300094 0.29744355 0.26947007 0.32548036 0.35033772 0.34451397
0.27666884 0.26403810 0.31608988 0.26211758 0.26300094 0.29744355 0.26947007 0.32548036 0.35033772 0.34451397
0.27666884 0.26403810 0.31608988 0.26211758 0.26300094 0.29744355 0.26947007 0.32548036 0.35033772 0.34451397
0.27666884 0.26403810 0.31608988 0.26211758 0.26300094 0.29744355 0.26947007 0.32548036 0.35033772 0.34451397
0.27666884 0.26403810 0.31608988 0.26211758 0.26300094 0.29744355 0.26947007 0.32548036 0.35033772 0.34451397
0.27666884 0.26403810 0.31608988 0.26211758 0.26300094 0.29744355 0.26947007 0.32548036 0.35033772 0.34451397
0.27666884 0.26403810 0.31608988 0.26211758 0.26300094 0.29744355 0.26947007 0.32548036 0.35033772 0.34451397
0.27666884 0.26403810 0.31608988 0.26211758 0.26300094 0.29744355 0.26947007 0.32548036 0.35033772 0.34451397
0.27666884 0.26403810 0.31608988 0.26211758 0.26300094 0.29744355 0.26947007 0.32548036 0.35033772 0.34451397
0.27666884 0.26403810 0.31608988 0.26211758 0.26300094 0.29744355 0.26947007 0.32548036 0.35033772 0.34451397
0.27666884 0.26403810 0.31608988 0.26211758 0.26300094 0.29744355 0.26947007 0.32548036 0.35033772 0.34451397
0.27666884 0.26403810 0.31608988 0.26211758 0.26300094 0.29744355 0.26947007 0.32548036 0.35033772 0.34451397
0.27666884 0.26403810 0.31608988 0.26211758 0.26300094 0.29744355 0.26947007 0.32548036 0.35033772 0.34451397
0.27634287 0.26276787 0.32015702 0.26075935 0.26211167 0.29515332 0.26791698 0.32353837 0.34904152 0.34369687
0.27634287 0.26276787 0.32015702 0.26075935 0.26211167 0.29515332 0.26791698 0.32353837 0.34904152 0.34369687
0.27634287 0.26276787 0.32015702 0.26075935 0.26211167 0.29515332 0.26791698 0.32353837 0.34904152 0.34369687
0.27634287 0.26276787 0.32015702 0.26075935 0.26211167 0.29515332 0.26791698 0.32353837 0.34904152 0.34369687
0.27634287 0.26276787 0.32015702 0.26075935 0.26211167 0.29515332 0.26791698 0.32353837 0.34904152 0.34369687
0.27634287 0.26276787 0.32015702 0.26075935 0.26211167 0.29515332 0.26791698 0.32353837 0.34904152 0.34369687
0.27634287 0.26276787 0.32015702 0.26075935 0.26211167 0.29515332 0.26791698 0.32353837 0.34904152 0.34369687
0.27634287 0.26276787 0.32015702 0.26075935 0.26211167 0.29515332 0.26791698 0.32353837 0.34904152 0.34369687
0.27634287 0.26276787 0.32015702 0.26075935 0.26211167 0.29515332 0.26791698 0.32353837 0.34904152 0.34369687
0.27634287 0.26276787 0.32015702 0.26075935 0.26211167 0.29515332 0.26791698 0.32353837 0.34904152 0.34369687
0.27634287 0.26276787 0.32015702 0.26075935 0.26211167 0.29515332 0.26791698 0.32353837 0.34904152 0.34369687
0.27634287 0.26276787 0.32015702 0.26075935 0.26211167 0.29515332 0.26791698 0.32353837 0.34904152 0.34369687
0.27634287 0.26276787 0.32015702 0.26075935 0.26211167 0.29515332 0.26791698 0.32353837 0.34904152 0.34369687
0.27634287 0.26276787 0.32015702 0.26075935 0.26211167 0.29515332 0.26791698 0.32353837 0.34904152 0.34369687
0.27634287 0.26276787 0.32015702 0.26075935 0.26211167 0.29515332 0.26791698 0.32353837 0.34904152 0.34369687
0.27634287 0.26276787 0.32015702 0.26075935 0.26211167 0.29515332 0.26791698 0.32353837 0.34904152 0.34369687
0.27634287 0.26276787 0.32015702 0.26075935 0.26211167 0.29515332 0.26791698 0.32353837 0.34904152 0.34369687
0.27634287 0.26276787 0.32015702 0.26075935 0.26211167 0.29515332 0.26791698 0.32353837 0.34904152 0.34369687
0.27634287 0.26276787 0.32015702 0.26075935 0.26211167 0.29515332 0.26791698 0.32353837 0.34904152 0.34369687
0.27634287 0.26276787 0.32015702 0.26075935 0.26211167 0.29515332 0.26791698 0.32353837 0.34904152 0.34369687
0.27634287 0.26276787 0.32015702 0.26075935 0.26211167 0.29515332 0.26791698 0.32353837 0.34904152 0.34369687
0.27634287 0.26276787 0.32015702 0.26075935 0.26211167 0.29515332 0.26791698 0.32353837 0.34904152 0.34369687
0.27634287 0.26276787 0.32015702 0.26075935 0.26211167 0.29515332 0.26791698 0.32353837 0.34904152 0.34369687
0.27634287 0.26276787 0.32015702 0.26075935 0.26211167 0.29515332 0.26791698 0.32353837 0.34904152 0.34369687
0.27816072 0.26269904 0.31992110 0.26030124 0.26152234 0.29043456 0.26854603 0.31987059 0.35285064 0.34608516
0.27816072 0.26269904 0.31992110 0.26030124 0.26152234 0.29043456 0.26854603 0.31987059 0.35285064 0.34608516
0.27919631 0.26325487 0.31751826 0.26210478 0.26123714 0.29307297 0.27049860 0.31789137 0.35457655 0.34949544
0.27850680 0.26390160 0.31402593 0.26121445 0.26083608 0.29588657 0.26930224 0.31545899 0.35469717 0.35060338
0.27850680 0.26390160 0.31402593 0.26121445 0.26083608 0.29588657 0.26930224 0.31545899 0.35469717 0.35060338
0.27850680 0.26390160 0.31402593 0.26121445 0.26083608 0.29588657 0.26930224 0.31545899 0.35469717 0.35060338
0.27850680 0.26390160 0.31402593 0.26121445 0.26083608 0.29588657 0.26930224 0.31545899 0.35469717 0.35060338
0.27850680 0.26390160 0.31402593 0.26121445 0.26083608 0.29588657 0.26930224 0.31545899 0.35469717 0.35060338
0.27850680 0.26390160 0.31402593 0.26121445 0.26083608 0.29588657 0.26930224 0.31545899 0.35469717 0.35060338
0.27850680 0.26390160 0.31402593 0.26121445 0.26083608 0.29588657 0.26930224 0.31545899 0.35469717 0.35060338
0.27850680 0.26390160 0.31402593 0.26121445 0.26083608 0.29588657 0.26930224 0.31545899 0.35469717 0.35060338
0.27850680 0.26390160 0.31402593 0.26121445 0.26083608 0.29588657 0.26930224 0.31545899 0.35469717 0.35060338
0.27850680 0.26390160 0.31402593 0.26121445 0.26083608 0.29588657 0.26930224 0.31545899 0.35469717 0.35060338
0.27850680 0.26390160 0.31402593 0.26121445 0.26083608 0.29588657 0.26930224 0.31545899 0.35469717 0.35060338
0.27850680 0.26390160 0.31402593 0.26121445 0.26083608 0.29588657 0.26930224 0.31545899 0.35469717 0.35060338
0.27850680 0.26390160 0.31402593 0.26121445 0.26083608 0.29588657 0.26930224 0.31545899 0.35469717 0.35060338
0.27850680 0.26390160 0.31402593 0.26121445 0.26083608 0.29588657 0.26930224 0.31545899 0.35469717 0.35060338
0.27874641 0.26463364 0.31691443 0.25925633 0.26122182 0.30124356 0.27941646 0.31692652 0.36350317 0.35645394
0.27874641 0.26463364 0.31691443 0.25925633 0.26122182 0.30124356 0.27941646 0.31692652 0.36350317 0.35645394
0.27874641 0.26463364 0.31691443 0.25925633 0.26122182 0.30124356 0.27941646 0.31692652 0.36350317 0.35645394
0.27874641 0.26463364 0.31691443 0.25925633 0.26122182 0.30124356 0.27941646 0.31692652 0.36350317 0.35645394
0.27874641 0.26463364 0.31691443 0.25925633 0.26122182 0.30124356 0.27941646 0.31692652 0.36350317 0.35645394
0.27874641 0.26463364 0.31691443 0.25925633 0.26122182 0.30124356 0.27941646 0.31692652 0.36350317 0.35645394
0.27874641 0.26463364 0.31691443 0.25925633 0.26122182 0.30124356 0.27941646 0.31692652 0.36350317 0.35645394
0.27874641 0.26463364 0.31691443 0.25925633 0.26122182 0.30124356 0.27941646 0.31692652 0.36350317 0.35645394
0.27874641 0.26463364 0.31691443 0.25925633 0.26122182 0.30124356 0.27941646 0.31692652 0.36350317 0.35645394
0.27874641 0.26463364 0.31691443 0.25925633 0.26122182 0.30124356 0.27941646 0.31692652 0.36350317 0.35645394
0.28187657 0.26408275 0.31394695 0.25939671 0.26173459 0.30395025 0.28134990 0.31359173 0.36441589 0.35555251
0.28187657 0.26408275 0.31394695 0.25939671 0.26173459 0.30395025 0.28134990 0.31359173 0.36441589 0.35555251
0.28187657 0.26408275 0.31394695 0.25939671 0.26173459 0.30395025 0.28134990 0.31359173 0.36441589 0.35555251
0.28187657 0.26408275 0.31394695 0.25939671 0.26173459 0.30395025 0.28134990 0.31359173 0.36441589 0.35555251
0.28187657 0.26408275 0.31394695 0.25939671 0.26173459 0.30395025 0.28134990 0.31359173 0.36441589 0.35555251
0.28326751 0.26377237 0.30808306 0.25904730 0.26076594 0.29804213 0.28092886 0.30968533 0.36133626 0.36443348
0.28326751 0.26377237 0.30808306 0.25904730 0.26076594 0.29804213 0.28092886 0.30968533 0.36133626 0.36443348
0.28326751 0.26377237 0.30808306 0.25904730 0.26076594 0.29804213 0.28092886 0.30968533 0.36133626 0.36443348
0.28326751 0.26377237 0.30808306 0.25904730 0.26076594 0.29804213 0.28092886 0.30968533 0.36133626 0.36443348
0.28326751 0.26377237 0.30808306 0.25904730 0.26076594 0.29804213 0.28092886 0.30968533 0.36133626 0.36443348
0.28326751 0.26377237 0.30808306 0.25904730 0.26076594 0.29804213 0.28092886 0.30968533 0.36133626 0.36443348
0.28157160 0.26417274 0.30478133 0.26080836 0.26123635 0.30073184 0.28278845 0.31284844 0.35964501 0.36312618
0.28157160 0.26417274 0.30478133 0.26080836 0.26123635 0.30073184 0.28278845 0.31284844 0.35964501 0.36312618
0.28157160 0.26417274 0.30478133 0.26080836 0.26123635 0.30073184 0.28278845 0.31284844 0.35964501 0.36312618
0.28157160 0.26417274 0.30478133 0.26080836 0.26123635 0.30073184 0.28278845 0.31284844 0.35964501 0.36312618
0.28157160 0.26417274 0.30478133 0.26080836 0.26123635 0.30073184 0.28278845 0.31284844 0.35964501 0.36312618
0.28157160 0.26417274 0.30478133 0.26080836 0.26123635 0.30073184 0.28278845 0.31284844 0.35964501 0.36312618
0.28157160 0.26417274 0.30478133 0.26080836 0.26123635 0.30073184 0.28278845 0.31284844 0.35964501 0.36312618
0.28157160 0.26417274 0.30478133 0.26080836 0.26123635 0.30073184 0.28278845 0.31284844 0.35964501 0.36312618
0.28157160 0.26417274 0.30478133 0.26080836 0.26123635 0.30073184 0.28278845 0.31284844 0.35964501 0.36312618
0.28157160 0.26417274 0.30478133 0.26080836 0.26123635 0.30073184 0.28278845 0.31284844 0.35964501 0.36312618
0.28157160 0.26417274 0.30478133 0.26080836 0.26123635 0.30073184 0.28278845 0.31284844 0.35964501 0.36312618
0.28157160 0.26417274 0.30478133 0.26080836 0.26123635 0.30073184 0.28278845 0.31284844 0.35964501 0.36312618
0.28157160 0.26417274 0.30478133 0.26080836 0.26123635 0.30073184 0.28278845 0.31284844 0.35964501 0.36312618
0.28157160 0.26417274 0.30478133 0.26080836 0.26123635 0.30073184 0.28278845 0.31284844 0.35964501 0.36312618
0.28157160 0.26417274 0.30478133 0.26080836 0.26123635 0.30073184 0.28278845 0.31284844 0.35964501 0.36312618
0.28157160 0.26417274 0.30478133 0.26080836 0.26123635 0.30073184 0.28278845 0.31284844 0.35964501 0.36312618
0.28157160 0.26417274 0.30478133 0.26080836 0.26123635 0.30073184 0.28278845 0.31284844 0.35964501 0.36312618
0.28157160 0.26417274 0.30478133 0.26080836 0.26123635 0.30073184 0.28278845 0.31284844 0.35964501 0.36312618
0.28157160 0.26417274 0.30478133 0.26080836 0.26123635 0.30073184 0.28278845 0.31284844 0.35964501 0.36312618
0.28157160 0.26417274 0.30478133 0.26080836 0.26123635 0.30073184 0.28278845 0.31284844 0.35964501 0.36312618
0.28157160 0.26417274 0.30478133 0.26080836 0.26123635 0.30073184 0.28278845 0.31284844 0.35964501 0.36312618
0.28157160 0.26417274 0.30478133 0.26080836 0.26123635 0.30073184 0.28278845 0.31284844 0.35964501 0.36312618
0.28157160 0.26417274 0.30478133 0.26080836 0.26123635 0.30073184 0.28278845 0.31284844 0.35964501 0.36312618
0.28157160 0.26417274 0.30478133 0.26080836 0.26123635 0.30073184 0.28278845 0.31284844 0.35964501 0.36312618
0.28157160 0.26417274 0.30478133 0.26080836 0.26123635 0.30073184 0.28278845 0.31284844 0.35964501 0.36312618
0.28157160 0.26417274 0.30478133 0.26080836 0.26123635 0.30073184 0.28278845 0.31284844 0.35964501 0.36312618
0.28157160 0.26417274 0.30478133 0.26080836 0.26123635 0.30073184 0.28278845 0.31284844 0.35964501 0.36312618
0.28157160 0.26417274 0.30478133 0.26080836 0.26123635 0.30073184 0.28278845 0.31284844 0.35964501 0.36312618
0.28157160 0.26417274 0.30478133 0.26080836 0.26123635 0.30073184 0.28278845 0.31284844 0.35964501 0.36312618
0.28157160 0.26417274 0.30478133 0.26080836 0.26123635 0.30073184 0.28278845 0.31284844 0.35964501 0.36312618
0.28157160 0.26417274 0.30478133 0.26080836 0.26123635 0.30073184 0.28278845 0.31284844 0.35964501 0.36312618
0.28264340 0.26451810 0.30443801 0.26001420 0.26134957 0.30566412 0.28424692 0.31215955 0.36138738 0.36318815
0.28264340 0.26451810 0.30443801 0.26001420 0.26134957 0.30566412 0.28424692 0.31215955 0.36138738 0.36318815
0.28264340 0.26451810 0.30443801 0.26001420 0.26134957 0.30566412 0.28424692 0.31215955 0.36138738 0.36318815
0.28264340 0.26451810 0.30443801 0.26001420 0.26134957 0.30566412 0.28424692 0.31215955 0.36138738 0.36318815
0.28264340 0.26451810 0.30443801 0.26001420 0.26134957 0.30566412 0.28424692 0.31215955 0.36138738 0.36318815
0.28264340 0.26451810 0.30443801 0.26001420 0.26134957 0.30566412 0.28424692 0.31215955 0.36138738 0.36318815
0.28665890 0.26361404 0.30179001 0.25936102 0.26043418 0.31233531 0.28462335 0.31082622 0.35934243 0.36569155
0.28665890 0.26361404 0.30179001 0.25936102 0.26043418 0.31233531 0.28462335 0.31082622 0.35934243 0.36569155
0.28665890 0.26361404 0.30179001 0.25936102 0.26043418 0.31233531 0.28462335 0.31082622 0.35934243 0.36569155
0.28665890 0.26361404 0.30179001 0.25936102 0.26043418 0.31233531 0.28462335 0.31082622 0.35934243 0.36569155
0.28665890 0.26361404 0.30179001 0.25936102 0.26043418 0.31233531 0.28462335 0.31082622 0.35934243 0.36569155
0.28665890 0.26361404 0.30179001 0.25936102 0.26043418 0.31233531 0.28462335 0.31082622 0.35934243 0.36569155
0.28665890 0.26361404 0.30179001 0.25936102 0.26043418 0.31233531 0.28462335 0.31082622 0.35934243 0.36569155
0.28665890 0.26361404 0.30179001 0.25936102 0.26043418 0.31233531 0.28462335 0.31082622 0.35934243 0.36569155
0.28665890 0.26361404 0.30179001 0.25936102 0.26043418 0.31233531 0.28462335 0.31082622 0.35934243 0.36569155
0.28665890 0.26361404 0.30179001 0.25936102 0.26043418 0.31233531 0.28462335 0.31082622 0.35934243 0.36569155
0.28665890 0.26361404 0.30179001 0.25936102 0.26043418 0.31233531 0.28462335 0.31082622 0.35934243 0.36569155
0.28665890 0.26361404 0.30179001 0.25936102 0.26043418 0.31233531 0.28462335 0.31082622 0.35934243 0.36569155
0.28665890 0.26361404 0.30179001 0.25936102 0.26043418 0.31233531 0.28462335 0.31082622 0.35934243 0.36569155
0.28665890 0.26361404 0.30179001 0.25936102 0.26043418 0.31233531 0.28462335 0.31082622 0.35934243 0.36569155
0.28665890 0.26361404 0.30179001 0.25936102 0.26043418 0.31233531 0.28462335 0.31082622 0.35934243 0.36569155
0.28665890 0.26361404 0.30179001 0.25936102 0.26043418 0.31233531 0.28462335 0.31082622 0.35934243 0.36569155
0.28665890 0.26361404 0.30179001 0.25936102 0.26043418 0.31233531 0.28462335 0.31082622 0.35934243 0.36569155
0.28665890 0.26361404 0.30179001 0.25936102 0.26043418 0.31233531 0.28462335 0.31082622 0.35934243 0.36569155
0.28665890 0.26361404 0.30179001 0.25936102 0.26043418 0.31233531 0.28462335 0.31082622 0.35934243 0.36569155
0.28665890 0.26361404 0.30179001 0.25936102 0.26043418 0.31233531 0.28462335 0.31082622 0.35934243 0.36569155
0.28665890 0.26361404 0.30179001 0.25936102 0.26043418 0.31233531 0.28462335 0.31082622 0.35934243 0.36569155
0.28665890 0.26361404 0.30179001 0.25936102 0.26043418 0.31233531 0.28462335 0.31082622 0.35934243 0.36569155
0.28665890 0.26361404 0.30179001 0.25936102 0.26043418 0.31233531 0.28462335 0.31082622 0.35934243 0.36569155
0.28665890 0.26361404 0.30179001 0.25936102 0.26043418 0.31233531 0.28462335 0.31082622 0.35934243 0.36569155
0.28665890 0.26361404 0.30179001 0.25936102 0.26043418 0.31233531 0.28462335 0.31082622 0.35934243 0.36569155
0.28963105 0.26432034 0.30479710 0.25958437 0.26012497 0.30134000 0.28720504 0.31388969 0.36878936 0.36779065
0.28963105 0.26432034 0.30479710 0.25958437 0.26012497 0.30134000 0.28720504 0.31388969 0.36878936 0.36779065
0.29495158 0.26509850 0.30716172 0.25724570 0.26057769 0.29723369 0.28712488 0.31522648 0.36682070 0.35847339
0.29495158 0.26509850 0.30716172 0.25724570 0.26057769 0.29723369 0.28712488 0.31522648 0.36682070 0.35847339
0.29495158 0.26509850 0.30716172 0.25724570 0.26057769 0.29723369 0.28712488 0.31522648 0.36682070 0.35847339
0.29495158 0.26509850 0.30716172 0.25724570 0.26057769 0.29723369 0.28712488 0.31522648 0.36682070 0.35847339
0.29495158 0.26509850 0.30716172 0.25724570 0.26057769 0.29723369 0.28712488 0.31522648 0.36682070 0.35847339
0.29495158 0.26509850 0.30716172 0.25724570 0.26057769 0.29723369 0.28712488 0.31522648 0.36682070 0.35847339
0.30024677 0.26695954 0.30410163 0.25714758 0.26186201 0.29574874 0.28683048 0.31283858 0.36314034 0.35407325
0.30024677 0.26695954 0.30410163 0.25714758 0.26186201 0.29574874 0.28683048 0.31283858 0.36314034 0.35407325
0.30024677 0.26695954 0.30410163 0.25714758 0.26186201 0.29574874 0.28683048 0.31283858 0.36314034 0.35407325
0.30024677 0.26695954 0.30410163 0.25714758 0.26186201 0.29574874 0.28683048 0.31283858 0.36314034 0.35407325
0.30024677 0.26695954 0.30410163 0.25714758 0.26186201 0.29574874 0.28683048 0.31283858 0.36314034 0.35407325
0.30024677 0.26695954 0.30410163 0.25714758 0.26186201 0.29574874 0.28683048 0.31283858 0.36314034 0.35407325
0.30024677 0.26695954 0.30410163 0.25714758 0.26186201 0.29574874 0.28683048 0.31283858 0.36314034 0.35407325
0.29737994 0.26678381 0.30618828 0.25763481 0.26157830 0.29722400 0.28767041 0.31324935 0.36423422 0.34867879
0.29737994 0.26678381 0.30618828 0.25763481 0.26157830 0.29722400 0.28767041 0.31324935 0.36423422 0.34867879
0.29737994 0.26678381 0.30618828 0.25763481 0.26157830 0.29722400 0.28767041 0.31324935 0.36423422 0.34867879
0.29737994 0.26678381 0.30618828 0.25763481 0.26157830 0.29722400 0.28767041 0.31324935 0.36423422 0.34867879
0.29737994 0.26678381 0.30618828 0.25763481 0.26157830 0.29722400 0.28767041 0.31324935 0.36423422 0.34867879
0.29737994 0.26678381 0.30618828 0.25763481 0.26157830 0.29722400 0.28767041 0.31324935 0.36423422 0.34867879
0.29737994 0.26678381 0.30618828 0.25763481 0.26157830 0.29722400 0.28767041 0.31324935 0.36423422 0.34867879
0.29737994 0.26678381 0.30618828 0.25763481 0.26157830 0.29722400 0.28767041 0.31324935 0.36423422 0.34867879
0.29977045 0.26770641 0.30467502 0.25680407 0.26126105 0.29861880 0.28980338 0.31877429 0.36249531 0.34872510
0.30130295 0.26688538 0.30647923 0.25639809 0.26048671 0.30061453 0.28457885 0.32547092 0.36012605 0.34514567
0.30130295 0.26688538 0.30647923 0.25639809 0.26048671 0.30061453 0.28457885 0.32547092 0.36012605 0.34514567
0.30130295 0.26688538 0.30647923 0.25639809 0.26048671 0.30061453 0.28457885 0.32547092 0.36012605 0.34514567
0.30130295 0.26688538 0.30647923 0.25639809 0.26048671 0.30061453 0.28457885 0.32547092 0.36012605 0.34514567
0.30130295 0.26688538 0.30647923 0.25639809 0.26048671 0.30061453 0.28457885 0.32547092 0.36012605 0.34514567
0.30130295 0.26688538 0.30647923 0.25639809 0.26048671 0.30061453 0.28457885 0.32547092 0.36012605 0.34514567
0.30130295 0.26688538 0.30647923 0.25639809 0.26048671 0.30061453 0.28457885 0.32547092 0.36012605 0.34514567
0.30130295 0.26688538 0.30647923 0.25639809 0.26048671 0.30061453 0.28457885 0.32547092 0.36012605 0.34514567
0.30130295 0.26688538 0.30647923 0.25639809 0.26048671 0.30061453 0.28457885 0.32547092 0.36012605 0.34514567
0.30130295 0.26688538 0.30647923 0.25639809 0.26048671 0.30061453 0.28457885 0.32547092 0.36012605 0.34514567
0.29794555 0.26965430 0.30883176 0.25597237 0.25930423 0.29782861 0.28602582 0.31864723 0.37054080 0.34054056
0.29794555 0.26965430 0.30883176 0.25597237 0.25930423 0.29782861 0.28602582 0.31864723 0.37054080 0.34054056
0.29481483 0.26713844 0.31385980 0.25710005 0.25870215 0.29497247 0.28978269 0.32314770 0.37182591 0.33439636
0.29481483 0.26713844 0.31385980 0.25710005 0.25870215 0.29497247 0.28978269 0.32314770 0.37182591 0.33439636
0.29481483 0.26713844 0.31385980 0.25710005 0.25870215 0.29497247 0.28978269 0.32314770 0.37182591 0.33439636
0.29481483 0.26713844 0.31385980 0.25710005 0.25870215 0.29497247 0.28978269 0.32314770 0.37182591 0.33439636
0.29481483 0.26713844 0.31385980 0.25710005 0.25870215 0.29497247 0.28978269 0.32314770 0.37182591 0.33439636
0.29695067 0.26789085 0.31141581 0.25653596 0.25881621 0.28709483 0.29456413 0.32302041 0.36719677 0.32777946
0.29695067 0.26789085 0.31141581 0.25653596 0.25881621 0.28709483 0.29456413 0.32302041 0.36719677 0.32777946
0.29695067 0.26789085 0.31141581 0.25653596 0.25881621 0.28709483 0.29456413 0.32302041 0.36719677 0.32777946
0.29695067 0.26789085 0.31141581 0.25653596 0.25881621 0.28709483 0.29456413 0.32302041 0.36719677 0.32777946
0.29695067 0.26789085 0.31141581 0.25653596 0.25881621 0.28709483 0.29456413 0.32302041 0.36719677 0.32777946
0.29695067 0.26789085 0.31141581 0.25653596 0.25881621 0.28709483 0.29456413 0.32302041 0.36719677 0.32777946
0.29695067 0.26789085 0.31141581 0.25653596 0.25881621 0.28709483 0.29456413 0.32302041 0.36719677 0.32777946
0.29695067 0.26789085 0.31141581 0.25653596 0.25881621 0.28709483 0.29456413 0.32302041 0.36719677 0.32777946
0.29695067 0.26789085 0.31141581 0.25653596 0.25881621 0.28709483 0.29456413 0.32302041 0.36719677 0.32777946
0.29695067 0.26789085 0.31141581 0.25653596 0.25881621 0.28709483 0.29456413 0.32302041 0.36719677 0.32777946
0.29695067 0.26789085 0.31141581 0.25653596 0.25881621 0.28709483 0.29456413 0.32302041 0.36719677 0.32777946
0.29695067 0.26789085 0.31141581 0.25653596 0.25881621 0.28709483 0.29456413 0.32302041 0.36719677 0.32777946
0.29695067 0.26789085 0.31141581 0.25653596 0.25881621 0.28709483 0.29456413 0.32302041 0.36719677 0.32777946
0.29695067 0.26789085 0.31141581 0.25653596 0.25881621 0.28709483 0.29456413 0.32302041 0.36719677 0.32777946
0.29695067 0.26789085 0.31141581 0.25653596 0.25881621 0.28709483 0.29456413 0.32302041 0.36719677 0.32777946
0.29695067 0.26789085 0.31141581 0.25653596 0.25881621 0.28709483 0.29456413 0.32302041 0.36719677 0.32777946
0.29695067 0.26789085 0.31141581 0.25653596 0.25881621 0.28709483 0.29456413 0.32302041 0.36719677 0.32777946
0.29695067 0.26789085 0.31141581 0.25653596 0.25881621 0.28709483 0.29456413 0.32302041 0.36719677 0.32777946
0.29695067 0.26789085 0.31141581 0.25653596 0.25881621 0.28709483 0.29456413 0.32302041 0.36719677 0.32777946
0.29695067 0.26789085 0.31141581 0.25653596 0.25881621 0.28709483 0.29456413 0.32302041 0.36719677 0.32777946
0.29695067 0.26789085 0.31141581 0.25653596 0.25881621 0.28709483 0.29456413 0.32302041 0.36719677 0.32777946
0.29695067 0.26789085 0.31141581 0.25653596 0.25881621 0.28709483 0.29456413 0.32302041 0.36719677 0.32777946
0.29695067 0.26789085 0.31141581 0.25653596 0.25881621 0.28709483 0.29456413 0.32302041 0.36719677 0.32777946
0.29695067 0.26789085 0.31141581 0.25653596 0.25881621 0.28709483 0.29456413 0.32302041 0.36719677 0.32777946
0.29695067 0.26789085 0.31141581 0.25653596 0.25881621 0.28709483 0.29456413 0.32302041 0.36719677 0.32777946
0.29695067 0.26789085 0.31141581 0.25653596 0.25881621 0.28709483 0.29456413 0.32302041 0.36719677 0.32777946
0.29695067 0.26789085 0.31141581 0.25653596 0.25881621 0.28709483 0.29456413 0.32302041 0.36719677 0.32777946
0.29691617 0.26890204 0.31249998 0.25620250 0.25906516 0.28372688 0.29622826 0.31895175 0.36420918 0.32355695
0.29691617 0.26890204 0.31249998 0.25620250 0.25906516 0.28372688 0.29622826 0.31895175 0.36420918 0.32355695
0.29691617 0.26890204 0.31249998 0.25620250 0.25906516 0.28372688 0.29622826 0.31895175 0.36420918 0.32355695
0.29691617 0.26890204 0.31249998 0.25620250 0.25906516 0.28372688 0.29622826 0.31895175 0.36420918 0.32355695
0.29691617 0.26890204 0.31249998 0.25620250 0.25906516 0.28372688 0.29622826 0.31895175 0.36420918 0.32355695
0.29691617 0.26890204 0.31249998 0.25620250 0.25906516 0.28372688 0.29622826 0.31895175 0.36420918 0.32355695
0.29691617 0.26890204 0.31249998 0.25620250 0.25906516 0.28372688 0.29622826 0.31895175 0.36420918 0.32355695
0.30544850 0.27122786 0.31540403 0.25873180 0.25855149 0.28274516 0.29354473 0.32196754 0.36896961 0.31922172
0.30544850 0.27122786 0.31540403 0.25873180 0.25855149 0.28274516 0.29354473 0.32196754 0.36896961 0.31922172
0.30572740 0.27055025 0.31942944 0.25652103 0.25803731 0.28165103 0.29021396 0.31849781 0.37062006 0.32308575
