0.00000000 0.00000000 0.00000000 0.00000000 0.00000000 0.00000000 0.00000000 0.00000000 0.00000000 0.00000000
0.00000000 0.00000000 0.00000000 0.00000000 0.00000000 0.00000000 0.00000000 0.00000000 0.00000000 0.00000000
0.00000000 0.00000000 0.00000000 0.00000000 0.00000000 0.00000000 0.00000000 0.00000000 0.00000000 0.00000000
0.00000000 0.00000000 0.00000000 0.00000000 0.00000000 0.00000000 0.00000000 0.00000000 0.00000000 0.00000000
0.00000000 0.00000000 0.00000000 0.00000000 0.00000000 0.00000000 0.00000000 0.00000000 0.00000000 0.00000000
0.00000000 0.00000000 0.00000000 0.00000000 0.00000000 0.00000000 0.00000000 0.00000000 0.00000000 0.00000000
0.00000000 0.00000000 0.00000000 0.00000000 0.00000000 0.00000000 0.00000000 0.00000000 0.00000000 0.00000000
0.00000000 0.00000000 0.00000000 0.00000000 0.00000000 0.00000000 0.00000000 0.00000000 0.00000000 0.00000000
0.00000000 0.00000000 0.00000000 0.00000000 0.00000000 0.00000000 0.00000000 0.00000000 0.00000000 0.00000000
0.00000000 0.00000000 0.00000000 0.00000000 0.00000000 0.00000000 0.00000000 0.00000000 0.00000000 0.00000000
0.00000000 0.00000000 0.00000000 0.00000000 0.00000000 0.00000000 0.00000000 0.00000000 0.00000000 0.00000000
0.00000000 0.00000000 0.00000000 0.00000000 0.00000000 0.00000000 0.00000000 0.00000000 0.00000000 0.00000000
0.00000000 0.00000000 0.00000000 0.00000000 0.00000000 0.00000000 0.00000000 0.00000000 0.00000000 0.00000000
0.00000000 0.00000000 0.00000000 0.00000000 0.00000000 0.00000000 0.00000000 0.00000000 0.00000000 0.00000000
0.00000000 0.00000000 0.00000000 0.00000000 0.00000000 0.00000000 0.00000000 0.00000000 0.00000000 0.00000000
0.00000000 0.00000000 0.00000000 0.00000000 0.00000000 0.00000000 0.00000000 0.00000000 0.00000000 0.00000000
0.00000000 0.00000000 0.00000000 0.00000000 0.00000000 0.00000000 0.00000000 0.00000000 0.00000000 0.00000000
0.00000000 0.00000000 0.00000000 0.00000000 0.00000000 0.00000000 0.00000000 0.00000000 0.00000000 0.00000000
0.00000000 0.00000000 0.00000000 0.00000000 0.00000000 0.00000000 0.00000000 0.00000000 0.00000000 0.00000000
0.00000000 0.00000000 0.00000000 0.00000000 0.00000000 0.00000000 0.00000000 0.00000000 0.00000000 0.00000000
0.00000000 0.00000000 0.00000000 0.00000000 0.00000000 0.00000000 0.00000000 0.00000000 0.00000000 0.00000000
0.00000000 0.00000000 0.00000000 0.00000000 0.00000000 0.00000000 0.00000000 0.00000000 0.00000000 0.00000000
0.00000000 0.00000000 0.00000000 0.00000000 0.00000000 0.00000000 0.00000000 0.00000000 0.00000000 0.00000000
0.00000000 0.00000000 0.00000000 0.00000000 0.00000000 0.00000000 0.00000000 0.00000000 0.00000000 0.00000000
0.00000000 0.00000000 0.00000000 0.00000000 0.00000000 0.00000000 0.00000000 0.00000000 0.00000000 0.00000000
0.00000000 0.00000000 0.00000000 0.00000000 0.00000000 0.00000000 0.00000000 0.00000000 0.00000000 0.00000000
0.00000000 0.00000000 0.00000000 0.00000000 0.00000000 0.00000000 0.00000000 0.00000000 0.00000000 0.00000000
0.00000000 0.00000000 0.00000000 0.00000000 0.00000000 0.00000000 0.00000000 0.00000000 0.00000000 0.00000000
0.00000000 0.00000000 0.00000000 0.00000000 0.00000000 0.00000000 0.00000000 0.00000000 0.00000000 0.00000000
0.34064530 0.29422330 0.31307167 0.35215913 0.34162889 0.28248189 0.31754228 0.27061455 0.29825435 0.26080838
0.34064530 0.29422330 0.31307167 0.35215913 0.34162889 0.28248189 0.31754228 0.27061455 0.29825435 0.26080838
0.34064530 0.29422330 0.31307167 0.35215913 0.34162889 0.28248189 0.31754228 0.27061455 0.29825435 0.26080838
0.34362524 0.29350585 0.31942862 0.34790640 0.34435426 0.27906053 0.31562864 0.26972500 0.29602898 0.25845569
0.34362524 0.29350585 0.31942862 0.34790640 0.34435426 0.27906053 0.31562864 0.26972500 0.29602898 0.25845569
0.34362524 0.29350585 0.31942862 0.34790640 0.34435426 0.27906053 0.31562864 0.26972500 0.29602898 0.25845569
0.34362524 0.29350585 0.31942862 0.34790640 0.34435426 0.27906053 0.31562864 0.26972500 0.29602898 0.25845569
0.34362524 0.29350585 0.31942862 0.34790640 0.34435426 0.27906053 0.31562864 0.26972500 0.29602898 0.25845569
0.34362524 0.29350585 0.31942862 0.34790640 0.34435426 0.27906053 0.31562864 0.26972500 0.29602898 0.25845569
0.34362524 0.29350585 0.31942862 0.34790640 0.34435426 0.27906053 0.31562864 0.26972500 0.29602898 0.25845569
0.34362524 0.29350585 0.31942862 0.34790640 0.34435426 0.27906053 0.31562864 0.26972500 0.29602898 0.25845569
0.34362524 0.29350585 0.31942862 0.34790640 0.34435426 0.27906053 0.31562864 0.26972500 0.29602898 0.25845569
0.34362524 0.29350585 0.31942862 0.34790640 0.34435426 0.27906053 0.31562864 0.26972500 0.29602898 0.25845569
0.34362524 0.29350585 0.31942862 0.34790640 0.34435426 0.27906053 0.31562864 0.26972500 0.29602898 0.25845569
0.34362524 0.29350585 0.31942862 0.34790640 0.34435426 0.27906053 0.31562864 0.26972500 0.29602898 0.25845569
0.34362524 0.29350585 0.31942862 0.34790640 0.34435426 0.27906053 0.31562864 0.26972500 0.29602898 0.25845569
0.34362524 0.29350585 0.31942862 0.34790640 0.34435426 0.27906053 0.31562864 0.26972500 0.29602898 0.25845569
0.34362524 0.29350585 0.31942862 0.34790640 0.34435426 0.27906053 0.31562864 0.26972500 0.29602898 0.25845569
0.34362524 0.29350585 0.31942862 0.34790640 0.34435426 0.27906053 0.31562864 0.26972500 0.29602898 0.25845569
0.34337828 0.29016780 0.31964932 0.34067563 0.34058789 0.27821761 0.31495577 0.26773749 0.29727899 0.25930852
0.34337828 0.29016780 0.31964932 0.34067563 0.34058789 0.27821761 0.31495577 0.26773749 0.29727899 0.25930852
0.34337828 0.29016780 0.31964932 0.34067563 0.34058789 0.27821761 0.31495577 0.26773749 0.29727899 0.25930852
0.34337828 0.29016780 0.31964932 0.34067563 0.34058789 0.27821761 0.31495577 0.26773749 0.29727899 0.25930852
0.34337828 0.29016780 0.31964932 0.34067563 0.34058789 0.27821761 0.31495577 0.26773749 0.29727899 0.25930852
0.34337828 0.29016780 0.31964932 0.34067563 0.34058789 0.27821761 0.31495577 0.26773749 0.29727899 0.25930852
0.34337828 0.29016780 0.31964932 0.34067563 0.34058789 0.27821761 0.31495577 0.26773749 0.29727899 0.25930852
0.34337828 0.29016780 0.31964932 0.34067563 0.34058789 0.27821761 0.31495577 0.26773749 0.29727899 0.25930852
0.34337828 0.29016780 0.31964932 0.34067563 0.34058789 0.27821761 0.31495577 0.26773749 0.29727899 0.25930852
0.34337828 0.29016780 0.31964932 0.34067563 0.34058789 0.27821761 0.31495577 0.26773749 0.29727899 0.25930852
0.34337828 0.29016780 0.31964932 0.34067563 0.34058789 0.27821761 0.31495577 0.26773749 0.29727899 0.25930852
0.34337828 0.29016780 0.31964932 0.34067563 0.34058789 0.27821761 0.31495577 0.26773749 0.29727899 0.25930852
0.34337828 0.29016780 0.31964932 0.34067563 0.34058789 0.27821761 0.31495577 0.26773749 0.29727899 0.25930852
0.34337828 0.29016780 0.31964932 0.34067563 0.34058789 0.27821761 0.31495577 0.26773749 0.29727899 0.25930852
0.34337828 0.29016780 0.31964932 0.34067563 0.34058789 0.27821761 0.31495577 0.26773749 0.29727899 0.25930852
0.34337828 0.29016780 0.31964932 0.34067563 0.34058789 0.27821761 0.31495577 0.26773749 0.29727899 0.25930852
0.34337828 0.29016780 0.31964932 0.34067563 0.34058789 0.27821761 0.31495577 0.26773749 0.29727899 0.25930852
0.34337828 0.29016780 0.31964932 0.34067563 0.34058789 0.27821761 0.31495577 0.26773749 0.29727899 0.25930852
0.34337828 0.29016780 0.31964932 0.34067563 0.34058789 0.27821761 0.31495577 0.26773749 0.29727899 0.25930852
0.34337828 0.29016780 0.31964932 0.34067563 0.34058789 0.27821761 0.31495577 0.26773749 0.29727899 0.25930852
0.34337828 0.29016780 0.31964932 0.34067563 0.34058789 0.27821761 0.31495577 0.26773749 0.29727899 0.25930852
0.34337828 0.29016780 0.31964932 0.34067563 0.34058789 0.27821761 0.31495577 0.26773749 0.29727899 0.25930852
0.34337828 0.29016780 0.31964932 0.34067563 0.34058789 0.27821761 0.31495577 0.26773749 0.29727899 0.25930852
0.34337828 0.29016780 0.31964932 0.34067563 0.34058789 0.27821761 0.31495577 0.26773749 0.29727899 0.25930852
0.34829376 0.28607443 0.31848983 0.33855899 0.33610136 0.27715708 0.31520321 0.26509695 0.30188714 0.26025187
0.34829376 0.28607443 0.31848983 0.33855899 0.33610136 0.27715708 0.31520321 0.26509695 0.30188714 0.26025187
0.34749965 0.28664640 0.31645922 0.34405809 0.33345289 0.27834997 0.31847987 0.26368270 0.30367917 0.26058456
0.34391023 0.28721526 0.31343526 0.34422828 0.33187964 0.27949212 0.31696707 0.26259970 0.30598047 0.25974110
0.34391023 0.28721526 0.31343526 0.34422828 0.33187964 0.27949212 0.31696707 0.26259970 0.30598047 0.25974110
0.34391023 0.28721526 0.31343526 0.34422828 0.33187964 0.27949212 0.31696707 0.26259970 0.30598047 0.25974110
0.34391023 0.28721526 0.31343526 0.34422828 0.33187964 0.27949212 0.31696707 0.26259970 0.30598047 0.25974110
0.34391023 0.28721526 0.31343526 0.34422828 0.33187964 0.27949212 0.31696707 0.26259970 0.30598047 0.25974110
0.34391023 0.28721526 0.31343526 0.34422828 0.33187964 0.27949212 0.31696707 0.26259970 0.30598047 0.25974110
0.34391023 0.28721526 0.31343526 0.34422828 0.33187964 0.27949212 0.31696707 0.26259970 0.30598047 0.25974110
0.34391023 0.28721526 0.31343526 0.34422828 0.33187964 0.27949212 0.31696707 0.26259970 0.30598047 0.25974110
0.34391023 0.28721526 0.31343526 0.34422828 0.33187964 0.27949212 0.31696707 0.26259970 0.30598047 0.25974110
0.34391023 0.28721526 0.31343526 0.34422828 0.33187964 0.27949212 0.31696707 0.26259970 0.30598047 0.25974110
0.34391023 0.28721526 0.31343526 0.34422828 0.33187964 0.27949212 0.31696707 0.26259970 0.30598047 0.25974110
0.34391023 0.28721526 0.31343526 0.34422828 0.33187964 0.27949212 0.31696707 0.26259970 0.30598047 0.25974110
0.34391023 0.28721526 0.31343526 0.34422828 0.33187964 0.27949212 0.31696707 0.26259970 0.30598047 0.25974110
0.34391023 0.28721526 0.31343526 0.34422828 0.33187964 0.27949212 0.31696707 0.26259970 0.30598047 0.25974110
0.34517368 0.28943476 0.31871277 0.33673997 0.32928633 0.28046621 0.32975054 0.26405436 0.30892912 0.26109661
0.34517368 0.28943476 0.31871277 0.33673997 0.32928633 0.28046621 0.32975054 0.26405436 0.30892912 0.26109661
0.34517368 0.28943476 0.31871277 0.33673997 0.32928633 0.28046621 0.32975054 0.26405436 0.30892912 0.26109661
0.34517368 0.28943476 0.31871277 0.33673997 0.32928633 0.28046621 0.32975054 0.26405436 0.30892912 0.26109661
0.34517368 0.28943476 0.31871277 0.33673997 0.32928633 0.28046621 0.32975054 0.26405436 0.30892912 0.26109661
0.34517368 0.28943476 0.31871277 0.33673997 0.32928633 0.28046621 0.32975054 0.26405436 0.30892912 0.26109661
0.34517368 0.28943476 0.31871277 0.33673997 0.32928633 0.28046621 0.32975054 0.26405436 0.30892912 0.26109661
0.34517368 0.28943476 0.31871277 0.33673997 0.32928633 0.28046621 0.32975054 0.26405436 0.30892912 0.26109661
0.34517368 0.28943476 0.31871277 0.33673997 0.32928633 0.28046621 0.32975054 0.26405436 0.30892912 0.26109661
0.34517368 0.28943476 0.31871277 0.33673997 0.32928633 0.28046621 0.32975054 0.26405436 0.30892912 0.26109661
0.35162559 0.28797067 0.31480095 0.33721917 0.32576754 0.28119370 0.33083663 0.26322728 0.31077633 0.26046871
0.35162559 0.28797067 0.31480095 0.33721917 0.32576754 0.28119370 0.33083663 0.26322728 0.31077633 0.26046871
0.35162559 0.28797067 0.31480095 0.33721917 0.32576754 0.28119370 0.33083663 0.26322728 0.31077633 0.26046871
0.35162559 0.28797067 0.31480095 0.33721917 0.32576754 0.28119370 0.33083663 0.26322728 0.31077633 0.26046871
0.35162559 0.28797067 0.31480095 0.33721917 0.32576754 0.28119370 0.33083663 0.26322728 0.31077633 0.26046871
0.35563147 0.28890659 0.30779797 0.33485339 0.32687765 0.27875266 0.33033005 0.26205668 0.30842984 0.26489557
0.35563147 0.28890659 0.30779797 0.33485339 0.32687765 0.27875266 0.33033005 0.26205668 0.30842984 0.26489557
0.35563147 0.28890659 0.30779797 0.33485339 0.32687765 0.27875266 0.33033005 0.26205668 0.30842984 0.26489557
0.35563147 0.28890659 0.30779797 0.33485339 0.32687765 0.27875266 0.33033005 0.26205668 0.30842984 0.26489557
0.35563147 0.28890659 0.30779797 0.33485339 0.32687765 0.27875266 0.33033005 0.26205668 0.30842984 0.26489557
0.35563147 0.28890659 0.30779797 0.33485339 0.32687765 0.27875266 0.33033005 0.26205668 0.30842984 0.26489557
0.35026189 0.28556290 0.30521074 0.34590202 0.32946073 0.28059623 0.33316940 0.26411139 0.30710927 0.26353223
0.35026189 0.28556290 0.30521074 0.34590202 0.32946073 0.28059623 0.33316940 0.26411139 0.30710927 0.26353223
0.35026189 0.28556290 0.30521074 0.34590202 0.32946073 0.28059623 0.33316940 0.26411139 0.30710927 0.26353223
0.35026189 0.28556290 0.30521074 0.34590202 0.32946073 0.28059623 0.33316940 0.26411139 0.30710927 0.26353223
0.35026189 0.28556290 0.30521074 0.34590202 0.32946073 0.28059623 0.33316940 0.26411139 0.30710927 0.26353223
0.35026189 0.28556290 0.30521074 0.34590202 0.32946073 0.28059623 0.33316940 0.26411139 0.30710927 0.26353223
0.35026189 0.28556290 0.30521074 0.34590202 0.32946073 0.28059623 0.33316940 0.26411139 0.30710927 0.26353223
0.35026189 0.28556290 0.30521074 0.34590202 0.32946073 0.28059623 0.33316940 0.26411139 0.30710927 0.26353223
0.35026189 0.28556290 0.30521074 0.34590202 0.32946073 0.28059623 0.33316940 0.26411139 0.30710927 0.26353223
0.35026189 0.28556290 0.30521074 0.34590202 0.32946073 0.28059623 0.33316940 0.26411139 0.30710927 0.26353223
0.35026189 0.28556290 0.30521074 0.34590202 0.32946073 0.28059623 0.33316940 0.26411139 0.30710927 0.26353223
0.35026189 0.28556290 0.30521074 0.34590202 0.32946073 0.28059623 0.33316940 0.26411139 0.30710927 0.26353223
0.35026189 0.28556290 0.30521074 0.34590202 0.32946073 0.28059623 0.33316940 0.26411139 0.30710927 0.26353223
0.35026189 0.28556290 0.30521074 0.34590202 0.32946073 0.28059623 0.33316940 0.26411139 0.30710927 0.26353223
0.35026189 0.28556290 0.30521074 0.34590202 0.32946073 0.28059623 0.33316940 0.26411139 0.30710927 0.26353223
0.35026189 0.28556290 0.30521074 0.34590202 0.32946073 0.28059623 0.33316940 0.26411139 0.30710927 0.26353223
0.35026189 0.28556290 0.30521074 0.34590202 0.32946073 0.28059623 0.33316940 0.26411139 0.30710927 0.26353223
0.35026189 0.28556290 0.30521074 0.34590202 0.32946073 0.28059623 0.33316940 0.26411139 0.30710927 0.26353223
0.35026189 0.28556290 0.30521074 0.34590202 0.32946073 0.28059623 0.33316940 0.26411139 0.30710927 0.26353223
0.35026189 0.28556290 0.30521074 0.34590202 0.32946073 0.28059623 0.33316940 0.26411139 0.30710927 0.26353223
0.35026189 0.28556290 0.30521074 0.34590202 0.32946073 0.28059623 0.33316940 0.26411139 0.30710927 0.26353223
0.35026189 0.28556290 0.30521074 0.34590202 0.32946073 0.28059623 0.33316940 0.26411139 0.30710927 0.26353223
0.35026189 0.28556290 0.30521074 0.34590202 0.32946073 0.28059623 0.33316940 0.26411139 0.30710927 0.26353223
0.35026189 0.28556290 0.30521074 0.34590202 0.32946073 0.28059623 0.33316940 0.26411139 0.30710927 0.26353223
0.35026189 0.28556290 0.30521074 0.34590202 0.32946073 0.28059623 0.33316940 0.26411139 0.30710927 0.26353223
0.35026189 0.28556290 0.30521074 0.34590202 0.32946073 0.28059623 0.33316940 0.26411139 0.30710927 0.26353223
0.35026189 0.28556290 0.30521074 0.34590202 0.32946073 0.28059623 0.33316940 0.26411139 0.30710927 0.26353223
0.35026189 0.28556290 0.30521074 0.34590202 0.32946073 0.28059623 0.33316940 0.26411139 0.30710927 0.26353223
0.35026189 0.28556290 0.30521074 0.34590202 0.32946073 0.28059623 0.33316940 0.26411139 0.30710927 0.26353223
0.35026189 0.28556290 0.30521074 0.34590202 0.32946073 0.28059623 0.33316940 0.26411139 0.30710927 0.26353223
0.35026189 0.28556290 0.30521074 0.34590202 0.32946073 0.28059623 0.33316940 0.26411139 0.30710927 0.26353223
0.35533980 0.29225235 0.30407849 0.34494744 0.32677202 0.28333071 0.33647408 0.26391083 0.30764077 0.26323410
0.35533980 0.29225235 0.30407849 0.34494744 0.32677202 0.28333071 0.33647408 0.26391083 0.30764077 0.26323410
0.35533980 0.29225235 0.30407849 0.34494744 0.32677202 0.28333071 0.33647408 0.26391083 0.30764077 0.26323410
0.35533980 0.29225235 0.30407849 0.34494744 0.32677202 0.28333071 0.33647408 0.26391083 0.30764077 0.26323410
0.35533980 0.29225235 0.30407849 0.34494744 0.32677202 0.28333071 0.33647408 0.26391083 0.30764077 0.26323410
0.35533980 0.29225235 0.30407849 0.34494744 0.32677202 0.28333071 0.33647408 0.26391083 0.30764077 0.26323410
0.36817622 0.29004596 0.30221723 0.34254950 0.33369985 0.28615441 0.33602292 0.26413993 0.30455011 0.26391856
0.36817622 0.29004596 0.30221723 0.34254950 0.33369985 0.28615441 0.33602292 0.26413993 0.30455011 0.26391856
0.36817622 0.29004596 0.30221723 0.34254950 0.33369985 0.28615441 0.33602292 0.26413993 0.30455011 0.26391856
0.36817622 0.29004596 0.30221723 0.34254950 0.33369985 0.28615441 0.33602292 0.26413993 0.30455011 0.26391856
0.36817622 0.29004596 0.30221723 0.34254950 0.33369985 0.28615441 0.33602292 0.26413993 0.30455011 0.26391856
0.36817622 0.29004596 0.30221723 0.34254950 0.33369985 0.28615441 0.33602292 0.26413993 0.30455011 0.26391856
0.36817622 0.29004596 0.30221723 0.34254950 0.33369985 0.28615441 0.33602292 0.26413993 0.30455011 0.26391856
0.36817622 0.29004596 0.30221723 0.34254950 0.33369985 0.28615441 0.33602292 0.26413993 0.30455011 0.26391856
0.36817622 0.29004596 0.30221723 0.34254950 0.33369985 0.28615441 0.33602292 0.26413993 0.30455011 0.26391856
0.36817622 0.29004596 0.30221723 0.34254950 0.33369985 0.28615441 0.33602292 0.26413993 0.30455011 0.26391856
0.36817622 0.29004596 0.30221723 0.34254950 0.33369985 0.28615441 0.33602292 0.26413993 0.30455011 0.26391856
0.36817622 0.29004596 0.30221723 0.34254950 0.33369985 0.28615441 0.33602292 0.26413993 0.30455011 0.26391856
0.36817622 0.29004596 0.30221723 0.34254950 0.33369985 0.28615441 0.33602292 0.26413993 0.30455011 0.26391856
0.36817622 0.29004596 0.30221723 0.34254950 0.33369985 0.28615441 0.33602292 0.26413993 0.30455011 0.26391856
0.36817622 0.29004596 0.30221723 0.34254950 0.33369985 0.28615441 0.33602292 0.26413993 0.30455011 0.26391856
0.36817622 0.29004596 0.30221723 0.34254950 0.33369985 0.28615441 0.33602292 0.26413993 0.30455011 0.26391856
0.36817622 0.29004596 0.30221723 0.34254950 0.33369985 0.28615441 0.33602292 0.26413993 0.30455011 0.26391856
0.36817622 0.29004596 0.30221723 0.34254950 0.33369985 0.28615441 0.33602292 0.26413993 0.30455011 0.26391856
0.36817622 0.29004596 0.30221723 0.34254950 0.33369985 0.28615441 0.33602292 0.26413993 0.30455011 0.26391856
0.36817622 0.29004596 0.30221723 0.34254950 0.33369985 0.28615441 0.33602292 0.26413993 0.30455011 0.26391856
0.36817622 0.29004596 0.30221723 0.34254950 0.33369985 0.28615441 0.33602292 0.26413993 0.30455011 0.26391856
0.36817622 0.29004596 0.30221723 0.34254950 0.33369985 0.28615441 0.33602292 0.26413993 0.30455011 0.26391856
0.36817622 0.29004596 0.30221723 0.34254950 0.33369985 0.28615441 0.33602292 0.26413993 0.30455011 0.26391856
0.36817622 0.29004596 0.30221723 0.34254950 0.33369985 0.28615441 0.33602292 0.26413993 0.30455011 0.26391856
0.36817622 0.29004596 0.30221723 0.34254950 0.33369985 0.28615441 0.33602292 0.26413993 0.30455011 0.26391856
0.37221736 0.29065181 0.30415731 0.34416511 0.33592659 0.28138904 0.34192378 0.26518944 0.31101190 0.26485446
0.37221736 0.29065181 0.30415731 0.34416511 0.33592659 0.28138904 0.34192378 0.26518944 0.31101190 0.26485446
0.37722131 0.29060084 0.30314672 0.32854399 0.33803556 0.28076544 0.34775809 0.26486015 0.31298503 0.26365211
0.37722131 0.29060084 0.30314672 0.32854399 0.33803556 0.28076544 0.34775809 0.26486015 0.31298503 0.26365211
0.37722131 0.29060084 0.30314672 0.32854399 0.33803556 0.28076544 0.34775809 0.26486015 0.31298503 0.26365211
0.37722131 0.29060084 0.30314672 0.32854399 0.33803556 0.28076544 0.34775809 0.26486015 0.31298503 0.26365211
0.37722131 0.29060084 0.30314672 0.32854399 0.33803556 0.28076544 0.34775809 0.26486015 0.31298503 0.26365211
0.37722131 0.29060084 0.30314672 0.32854399 0.33803556 0.28076544 0.34775809 0.26486015 0.31298503 0.26365211
0.38034986 0.29514250 0.30223464 0.33245394 0.34524076 0.27946850 0.34849161 0.26491497 0.30943276 0.26119317
0.38034986 0.29514250 0.30223464 0.33245394 0.34524076 0.27946850 0.34849161 0.26491497 0.30943276 0.26119317
0.38034986 0.29514250 0.30223464 0.33245394 0.34524076 0.27946850 0.34849161 0.26491497 0.30943276 0.26119317
0.38034986 0.29514250 0.30223464 0.33245394 0.34524076 0.27946850 0.34849161 0.26491497 0.30943276 0.26119317
0.38034986 0.29514250 0.30223464 0.33245394 0.34524076 0.27946850 0.34849161 0.26491497 0.30943276 0.26119317
0.38034986 0.29514250 0.30223464 0.33245394 0.34524076 0.27946850 0.34849161 0.26491497 0.30943276 0.26119317
0.38034986 0.29514250 0.30223464 0.33245394 0.34524076 0.27946850 0.34849161 0.26491497 0.30943276 0.26119317
0.38304439 0.29692232 0.30165929 0.33310189 0.34623882 0.28042771 0.35031345 0.26532117 0.30970275 0.26052849
0.38304439 0.29692232 0.30165929 0.33310189 0.34623882 0.28042771 0.35031345 0.26532117 0.30970275 0.26052849
0.38304439 0.29692232 0.30165929 0.33310189 0.34623882 0.28042771 0.35031345 0.26532117 0.30970275 0.26052849
0.38304439 0.29692232 0.30165929 0.33310189 0.34623882 0.28042771 0.35031345 0.26532117 0.30970275 0.26052849
0.38304439 0.29692232 0.30165929 0.33310189 0.34623882 0.28042771 0.35031345 0.26532117 0.30970275 0.26052849
0.38304439 0.29692232 0.30165929 0.33310189 0.34623882 0.28042771 0.35031345 0.26532117 0.30970275 0.26052849
0.38304439 0.29692232 0.30165929 0.33310189 0.34623882 0.28042771 0.35031345 0.26532117 0.30970275 0.26052849
0.38304439 0.29692232 0.30165929 0.33310189 0.34623882 0.28042771 0.35031345 0.26532117 0.30970275 0.26052849
0.38075530 0.29825156 0.29968242 0.32877981 0.34289670 0.28192824 0.35409822 0.26819895 0.31058695 0.26093485
0.38427112 0.29670351 0.30220712 0.33000936 0.34284112 0.28144725 0.34563541 0.27171184 0.30827797 0.25965381
0.38427112 0.29670351 0.30220712 0.33000936 0.34284112 0.28144725 0.34563541 0.27171184 0.30827797 0.25965381
0.38427112 0.29670351 0.30220712 0.33000936 0.34284112 0.28144725 0.34563541 0.27171184 0.30827797 0.25965381
0.38427112 0.29670351 0.30220712 0.33000936 0.34284112 0.28144725 0.34563541 0.27171184 0.30827797 0.25965381
0.38427112 0.29670351 0.30220712 0.33000936 0.34284112 0.28144725 0.34563541 0.27171184 0.30827797 0.25965381
0.38427112 0.29670351 0.30220712 0.33000936 0.34284112 0.28144725 0.34563541 0.27171184 0.30827797 0.25965381
0.38427112 0.29670351 0.30220712 0.33000936 0.34284112 0.28144725 0.34563541 0.27171184 0.30827797 0.25965381
0.38427112 0.29670351 0.30220712 0.33000936 0.34284112 0.28144725 0.34563541 0.27171184 0.30827797 0.25965381
0.38427112 0.29670351 0.30220712 0.33000936 0.34284112 0.28144725 0.34563541 0.27171184 0.30827797 0.25965381
0.38427112 0.29670351 0.30220712 0.33000936 0.34284112 0.28144725 0.34563541 0.27171184 0.30827797 0.25965381
0.37958782 0.30378952 0.30279597 0.33186488 0.33901764 0.28188733 0.34656704 0.26774989 0.31507118 0.25805569
0.37958782 0.30378952 0.30279597 0.33186488 0.33901764 0.28188733 0.34656704 0.26774989 0.31507118 0.25805569
0.37537782 0.29397474 0.30546545 0.33723772 0.33478113 0.27960402 0.34820397 0.26799279 0.31571914 0.25700861
0.37537782 0.29397474 0.30546545 0.33723772 0.33478113 0.27960402 0.34820397 0.26799279 0.31571914 0.25700861
0.37537782 0.29397474 0.30546545 0.33723772 0.33478113 0.27960402 0.34820397 0.26799279 0.31571914 0.25700861
0.37537782 0.29397474 0.30546545 0.33723772 0.33478113 0.27960402 0.34820397 0.26799279 0.31571914 0.25700861
0.37537782 0.29397474 0.30546545 0.33723772 0.33478113 0.27960402 0.34820397 0.26799279 0.31571914 0.25700861
0.37600306 0.29233836 0.30141339 0.33363072 0.32854722 0.27724771 0.35913357 0.26682645 0.31343535 0.25716829
0.37600306 0.29233836 0.30141339 0.33363072 0.32854722 0.27724771 0.35913357 0.26682645 0.31343535 0.25716829
0.37600306 0.29233836 0.30141339 0.33363072 0.32854722 0.27724771 0.35913357 0.26682645 0.31343535 0.25716829
0.37600306 0.29233836 0.30141339 0.33363072 0.32854722 0.27724771 0.35913357 0.26682645 0.31343535 0.25716829
0.37600306 0.29233836 0.30141339 0.33363072 0.32854722 0.27724771 0.35913357 0.26682645 0.31343535 0.25716829
0.37600306 0.29233836 0.30141339 0.33363072 0.32854722 0.27724771 0.35913357 0.26682645 0.31343535 0.25716829
0.37600306 0.29233836 0.30141339 0.33363072 0.32854722 0.27724771 0.35913357 0.26682645 0.31343535 0.25716829
0.37600306 0.29233836 0.30141339 0.33363072 0.32854722 0.27724771 0.35913357 0.26682645 0.31343535 0.25716829
0.37600306 0.29233836 0.30141339 0.33363072 0.32854722 0.27724771 0.35913357 0.26682645 0.31343535 0.25716829
0.37600306 0.29233836 0.30141339 0.33363072 0.32854722 0.27724771 0.35913357 0.26682645 0.31343535 0.25716829
0.37600306 0.29233836 0.30141339 0.33363072 0.32854722 0.27724771 0.35913357 0.26682645 0.31343535 0.25716829
0.37600306 0.29233836 0.30141339 0.33363072 0.32854722 0.27724771 0.35913357 0.26682645 0.31343535 0.25716829
0.37600306 0.29233836 0.30141339 0.33363072 0.32854722 0.27724771 0.35913357 0.26682645 0.31343535 0.25716829
0.37600306 0.29233836 0.30141339 0.33363072 0.32854722 0.27724771 0.35913357 0.26682645 0.31343535 0.25716829
0.37600306 0.29233836 0.30141339 0.33363072 0.32854722 0.27724771 0.35913357 0.26682645 0.31343535 0.25716829
0.37600306 0.29233836 0.30141339 0.33363072 0.32854722 0.27724771 0.35913357 0.26682645 0.31343535 0.25716829
0.37600306 0.29233836 0.30141339 0.33363072 0.32854722 0.27724771 0.35913357 0.26682645 0.31343535 0.25716829
0.37600306 0.29233836 0.30141339 0.33363072 0.32854722 0.27724771 0.35913357 0.26682645 0.31343535 0.25716829
0.37600306 0.29233836 0.30141339 0.33363072 0.32854722 0.27724771 0.35913357 0.26682645 0.31343535 0.25716829
0.37600306 0.29233836 0.30141339 0.33363072 0.32854722 0.27724771 0.35913357 0.26682645 0.31343535 0.25716829
0.37600306 0.29233836 0.30141339 0.33363072 0.32854722 0.27724771 0.35913357 0.26682645 0.31343535 0.25716829
0.37600306 0.29233836 0.30141339 0.33363072 0.32854722 0.27724771 0.35913357 0.26682645 0.31343535 0.25716829
0.37600306 0.29233836 0.30141339 0.33363072 0.32854722 0.27724771 0.35913357 0.26682645 0.31343535 0.25716829
0.37600306 0.29233836 0.30141339 0.33363072 0.32854722 0.27724771 0.35913357 0.26682645 0.31343535 0.25716829
0.37600306 0.29233836 0.30141339 0.33363072 0.32854722 0.27724771 0.35913357 0.26682645 0.31343535 0.25716829
0.37600306 0.29233836 0.30141339 0.33363072 0.32854722 0.27724771 0.35913357 0.26682645 0.31343535 0.25716829
0.37600306 0.29233836 0.30141339 0.33363072 0.32854722 0.27724771 0.35913357 0.26682645 0.31343535 0.25716829
0.37586048 0.29791460 0.30340088 0.33315990 0.33402810 0.27471785 0.36027452 0.26493730 0.31020690 0.25866501
0.37586048 0.29791460 0.30340088 0.33315990 0.33402810 0.27471785 0.36027452 0.26493730 0.31020690 0.25866501
0.37586048 0.29791460 0.30340088 0.33315990 0.33402810 0.27471785 0.36027452 0.26493730 0.31020690 0.25866501
0.37586048 0.29791460 0.30340088 0.33315990 0.33402810 0.27471785 0.36027452 0.26493730 0.31020690 0.25866501
0.37586048 0.29791460 0.30340088 0.33315990 0.33402810 0.27471785 0.36027452 0.26493730 0.31020690 0.25866501
0.37586048 0.29791460 0.30340088 0.33315990 0.33402810 0.27471785 0.36027452 0.26493730 0.31020690 0.25866501
0.37586048 0.29791460 0.30340088 0.33315990 0.33402810 0.27471785 0.36027452 0.26493730 0.31020690 0.25866501
0.38533300 0.30029155 0.30466064 0.34252101 0.32930842 0.27649675 0.36275880 0.26561379 0.31667191 0.25816017
0.38533300 0.30029155 0.30466064 0.34252101 0.32930842 0.27649675 0.36275880 0.26561379 0.31667191 0.25816017
0.38552847 0.29541680 0.30555510 0.33228479 0.32284821 0.27603965 0.35917197 0.26406225 0.31991103 0.25752049
