-100.0000 -100.0000
3498.1799 0.0000
4649.2116 0.0000
3835.0579 0.0000
5015.8101 0.0000
5778.4533 0.0000
5843.4046 0.0000
5468.6070 0.0000
6692.8933 0.0000
6377.4469 0.0000
7816.7486 0.0000
6901.0670 0.0000
8171.8086 0.0000
7443.4691 0.0000
7388.7365 0.0000
8833.4943 0.0000
8302.4132 0.0000
9445.7597 0.0000
9255.8287 0.0000
9180.8328 0.0000
8638.5485 0.0000
10372.4773 0.0000
10267.2367 0.0000
10746.3702 0.0000
10587.7375 0.0000
11457.0257 0.0000
11055.9060 0.0000
11656.9115 0.0000
11695.5632 0.0000
12389.4934 0.0000
12045.5895 0.0000
11839.3685 0.0000
12678.9652 0.0000
12903.1634 0.0000
12832.4550 0.0000
13371.0003 0.0000
13487.4346 0.0000
14451.1101 0.0000
14640.0344 0.0000
15111.5843 0.0000
15520.4035 0.0000
15478.6713 0.0000
15926.6081 0.0000
15851.4431 0.0000
16415.0586 0.0000
16750.8259 0.0000
17535.3800 0.0000
18057.2057 0.0000
17924.8496 0.0000
18090.9913 0.0000
18587.1238 0.0000
18363.5171 0.0000
19471.8545 0.0000
19043.1142 0.0000
19080.8076 0.0000
19482.2789 0.0000
19237.1601 0.0000
19038.6344 0.0000
20376.1168 0.0000
20729.7263 0.0000
20726.4859 0.0000
21263.7293 0.0000
20392.0034 0.0000
20618.1407 0.0000
21199.8388 0.0000
20434.2506 0.0000
22162.0005 0.0000
22461.3079 0.0000
21341.9178 0.0000
22596.4993 0.0000
21789.4611 0.0000
22249.7022 0.0000
22768.2164 0.0000
23539.2145 0.0000
22755.8141 0.0000
23494.9453 0.0000
23464.5999 0.0000
24682.3299 0.0000
25074.6427 0.0000
24736.4955 0.0000
25398.2465 0.0000
24732.1298 0.0000
26017.6136 0.0000
26541.7638 0.0000
27301.4488 0.0000
27110.7592 0.0000
28347.3146 0.0000
28077.8752 0.0000
28298.0582 0.0000
28209.6921 0.0000
29090.4704 0.0000
29572.8651 0.0000
29395.9527 0.0000
29559.5592 0.0000
29477.7086 0.0000
29997.1967 0.0000
29184.0542 0.0000
30245.0202 0.0000
29953.4665 0.0000
29987.9337 0.0000
31222.4656 0.0000
31666.2605 0.0000
30910.7609 0.0000
31747.3095 0.0000
31916.4704 0.0000
32127.5731 0.0000
31361.7776 0.0000
32179.4065 0.0000
31742.0885 0.0000
32010.9929 0.0000
32497.5182 0.0000
32992.1841 0.0000
33429.8241 0.0000
33508.0824 0.0000
33539.3844 0.0000
32704.9726 0.0000
33237.5318 0.0000
33572.7406 0.0000
33555.7142 0.0000
34474.1493 0.0000
34098.7245 0.0000
35028.7290 0.0000
34972.3829 0.0000
35038.2618 0.0000
35039.3374 0.0000
34964.0254 0.0000
35055.8466 0.0000
34969.7387 0.0000
34956.3766 0.0000
35599.1801 0.0000
35489.8770 0.0000
36012.6018 0.0000
34925.2401 0.0000
35626.5567 0.0000
35274.0067 0.0000
36152.3561 0.0000
34980.5585 0.0000
36178.6958 0.0000
35720.3805 0.0000
35622.8699 0.0000
35479.0451 0.0000
36220.9858 0.0000
35830.8546 0.0000
36433.2053 0.0000
36125.0830 0.0000
36314.3283 0.0000
35445.6089 0.0000
35647.8157 0.0000
37486.3883 0.0000
37447.7573 0.0000
37178.8384 0.0000
37304.2885 0.0000
38468.1888 0.0000
38013.3902 0.0000
38753.9294 0.0000
39081.8129 0.0000
38305.1528 0.0000
38096.1102 0.0000
39132.1800 0.0000
40788.2351 0.0000
40795.8761 0.0000
40299.7333 0.0000
40738.4712 0.0000
40632.3700 0.0000
40215.8479 0.0000
41209.6476 0.0000
41353.8771 0.0000
40617.1477 0.0000
40696.7054 0.0000
40573.3849 0.0000
39903.8741 0.0000
41237.8678 0.0000
41359.4020 0.0000
42234.4283 0.0000
42340.5429 0.0000
41771.8346 0.0000
42153.7788 0.0000
41829.7660 0.0000
42392.0775 0.0000
41132.5518 0.0000
42221.4344 0.0000
42136.1747 0.0000
43220.4865 0.0000
42829.7764 0.0000
42750.5978 0.0000
43298.0909 0.0000
43520.3270 0.0000
43883.4673 0.0000
44736.5065 0.0000
45333.3369 0.0000
45468.2457 0.0000
44780.3398 0.0000
45654.9962 0.0000
46225.5664 0.0000
46637.5397 0.0000
46938.8131 0.0000
47408.3623 0.0000
47524.6944 0.0000
48062.3721 0.0000
48889.6621 0.0000
48650.0314 0.0000
48907.4340 0.0000
49095.6100 0.0000
49178.8085 0.0000
48462.5567 0.0000
50086.5957 0.0000
50032.7302 0.0000
49506.2991 0.0000
49504.5728 0.0000
49892.8674 0.0000
50241.0808 0.0000
50037.6822 0.0000
50512.8517 0.0000
50400.4684 0.0000
51027.6046 0.0000
50938.9978 0.0000
50701.8872 0.0000
50809.3809 0.0000
51415.6159 0.0000
50809.4855 0.0000
51510.5159 0.0000
52140.0775 0.0000
52598.4702 0.0000
52550.5861 0.0000
52946.8555 0.0000
52984.3402 0.0000
53017.9819 0.0000
53590.9331 0.0000
53802.2838 0.0000
53726.4412 0.0000
53808.2800 0.0000
54083.7946 0.0000
53480.1451 0.0000
53846.2428 0.0000
54395.0060 0.0000
54388.8187 0.0000
54793.7184 0.0000
55114.5175 0.0000
54297.0313 0.0000
54250.8101 0.0000
55999.9929 0.0000
55713.7541 0.0000
54807.4211 0.0000
56330.8468 0.0000
56327.9888 0.0000
57520.5005 0.0000
57435.0909 0.0000
57581.9534 0.0000
57779.7865 0.0000
58006.3046 0.0000
57758.7219 0.0000
59007.7485 0.0000
59331.3526 0.0000
58979.1245 0.0000
59537.5128 0.0000
59652.9623 0.0000
60194.4813 0.0000
59877.4859 0.0000
61030.2376 0.0000
60874.8325 0.0000
61752.0916 0.0000
61403.1251 0.0000
63067.4098 0.0000
63108.2426 0.0000
63664.0407 0.0000
63818.9291 0.0000
63676.8767 0.0000
64514.5610 0.0000
63980.0617 0.0000
65131.2542 0.0000
64689.9076 0.0000
64494.7696 0.0000
64522.4096 0.0000
64946.9327 0.0000
64241.8162 0.0000
63578.7839 0.0000
65456.5722 0.0000
64719.6975 0.0000
65634.7322 0.0000
65828.5600 0.0000
65823.3412 0.0000
65997.9298 0.0000
66438.2840 0.0000
67409.3273 0.0000
66331.1811 0.0000
68267.0677 0.0000
68210.2200 0.0000
68137.6227 0.0000
66913.0360 0.0000
68557.2855 0.0000
67761.6941 0.0000
67944.8649 0.0000
68206.8377 0.0000
68183.3453 0.0000
67226.4500 0.0000
68253.8282 0.0000
68358.0526 0.0000
68239.6548 0.0000
68747.9817 0.0000
69102.5034 0.0000
69829.2965 0.0000
69370.8210 0.0000
69813.5552 0.0000
70408.5579 0.0000
69733.4795 0.0000
69727.4438 0.0000
70549.4062 0.0000
70901.3715 0.0000
71644.3093 0.0000
71744.8848 0.0000
71913.3587 0.0000
72411.9541 0.0000
72848.8558 0.0000
72513.1826 0.0000
72688.1648 0.0000
72235.9846 0.0000
72411.6490 0.0000
72984.0508 0.0000
73234.4349 0.0000
73721.8629 0.0000
73800.2815 0.0000
73428.1415 0.0000
73033.4722 0.0000
73925.7484 0.0000
74062.5322 0.0000
73316.0609 0.0000
73475.7318 0.0000
73572.5050 0.0000
73690.3318 0.0000
74178.2165 0.0000
74200.9532 0.0000
73665.0689 0.0000
74079.9102 0.0000
75474.8213 0.0000
76961.7578 0.0000
77956.6927 0.0000
77135.5278 0.0000
78453.5568 0.0000
78472.1839 0.0000
78741.4566 0.0000
80192.8005 0.0000
79368.4819 0.0000
80182.2901 0.0000
79980.4167 0.0000
80828.4694 0.0000
81671.7276 0.0000
80820.1995 0.0000
80629.5172 0.0000
82473.0879 0.0000
82555.0457 0.0000
82827.4258 0.0000
83247.3570 0.0000
83495.6103 0.0000
84956.3076 0.0000
84827.1704 0.0000
84385.3013 0.0000
83895.4989 0.0000
84189.3590 0.0000
84327.9551 0.0000
85067.1395 0.0000
84640.3066 0.0000
84698.6026 0.0000
84253.8839 0.0000
84733.9500 0.0000
86024.9157 0.0000
86016.7987 0.0000
86220.8948 0.0000
85153.5687 0.0000
86665.0520 0.0000
86174.0578 0.0000
86195.8737 0.0000
87190.8662 0.0000
87027.8102 0.0000
88076.6179 0.0000
87568.6917 0.0000
88080.7529 0.0000
88001.5957 0.0000
87790.4411 0.0000
89439.5963 0.0000
89483.7485 0.0000
88851.3046 0.0000
88632.0043 0.0000
89559.3758 0.0000
90348.7700 0.0000
90688.1217 0.0000
91050.2173 0.0000
90477.9302 0.0000
90895.7436 0.0000
91294.5475 0.0000
91861.4438 0.0000
91220.4945 0.0000
91762.7253 0.0000
91977.0436 0.0000
91614.3837 0.0000
91420.6505 0.0000
92666.6515 0.0000
92308.7495 0.0000
93444.5163 0.0000
93598.0554 0.0000
92758.4540 0.0000
93359.0499 0.0000
93767.1149 0.0000
94526.3922 0.0000
94503.6981 0.0000
94721.5770 0.0000
95889.0630 0.0000
96222.4384 0.0000
97089.5099 0.0000
96258.7286 0.0000
97809.2845 0.0000
98433.0302 0.0000
100305.8870 0.0000
101249.4267 0.0000
101488.7153 0.0000
102522.3734 0.0000
102696.6502 0.0000
103063.8140 0.0000
103252.4784 0.0000
103437.3483 0.0000
103330.5208 0.0000
103676.6158 0.0000
103894.0469 0.0000
103704.1856 0.0000
103346.1608 0.0000
104637.3054 0.0000
104671.4284 0.0000
104508.1425 0.0000
104415.0925 0.0000
105600.6795 0.0000
104699.7637 0.0000
105398.4531 0.0000
105340.0796 0.0000
105523.9459 0.0000
106026.0084 0.0000
105838.2347 0.0000
106237.6202 0.0000
106965.6413 0.0000
107237.8461 0.0000
107168.6292 0.0000
107681.3985 0.0000
107248.6998 0.0000
107809.3259 0.0000
107921.7601 0.0000
108051.9568 0.0000
108853.2064 0.0000
108850.3228 0.0000
108972.0507 0.0000
108457.3608 0.0000
108972.6714 0.0000
108612.4978 0.0000
108945.0238 0.0000
108901.4290 0.0000
108948.7046 0.0000
109967.4657 0.0000
110277.2440 0.0000
109048.5828 0.0000
110145.7781 0.0000
110437.6033 0.0000
109680.5765 0.0000
110674.1047 0.0000
110197.7776 0.0000
111088.5728 0.0000
111482.5563 0.0000
110987.1719 0.0000
112206.0552 0.0000
112027.6754 0.0000
113463.7633 0.0000
113554.6037 0.0000
113763.2566 0.0000
113240.7758 0.0000
113474.3334 0.0000
114179.7375 0.0000
113913.9259 0.0000
113731.9809 0.0000
114542.7967 0.0000
114806.1884 0.0000
114302.7393 0.0000
114997.9819 0.0000
114735.6340 0.0000
115288.0994 0.0000
115179.1723 0.0000
114545.4022 0.0000
114801.8192 0.0000
115297.8844 0.0000
115849.0998 0.0000
116188.2588 0.0000
116594.1677 0.0000
116260.7660 0.0000
117469.2923 0.0000
117314.8083 0.0000
116916.8176 0.0000
117283.7651 0.0000
118196.4963 0.0000
118443.0111 0.0000
118547.2320 0.0000
118035.1930 0.0000
117733.6251 0.0000
118612.6186 0.0000
118896.7971 0.0000
119080.7714 0.0000
119193.4396 0.0000
119314.2302 0.0000
118805.2830 0.0000
119669.3519 0.0000
118873.3642 0.0000
120215.9863 0.0000
119553.6728 0.0000
119774.2799 0.0000
120349.1928 0.0000
121085.2995 0.0000
120814.6578 0.0000
121477.7984 0.0000
121835.9476 0.0000
121384.9479 0.0000
120914.8886 0.0000
122424.8521 0.0000
121965.6016 0.0000
122422.5822 0.0000
122381.6256 0.0000
122549.6906 0.0000
122052.8481 0.0000
122699.0092 0.0000
122841.5132 0.0000
122753.6059 0.0000
122294.1516 0.0000
122957.0099 0.0000
123244.4936 0.0000
123919.5300 0.0000
123259.1040 0.0000
123639.7025 0.0000
123827.9185 0.0000
123153.8096 0.0000
124471.6210 0.0000
124160.6823 0.0000
124363.4611 0.0000
124700.5856 0.0000
125150.4334 0.0000
125316.6127 0.0000
124887.0772 0.0000
125873.7399 0.0000
126724.7811 0.0000
126373.5598 0.0000
127235.6945 0.0000
127021.0912 0.0000
126653.6354 0.0000
127957.3306 0.0000
128329.6975 0.0000
128702.0397 0.0000
129080.4611 0.0000
129362.3768 0.0000
129994.4147 0.0000
129755.1028 0.0000
130195.7998 0.0000
130363.0960 0.0000
130673.6413 0.0000
130853.6614 0.0000
130751.7944 0.0000
130270.6754 0.0000
130818.8553 0.0000
130608.0973 0.0000
130544.6436 0.0000
130501.6562 0.0000
131121.0567 0.0000
131379.0246 0.0000
131705.5487 0.0000
131793.7004 0.0000
132599.7881 0.0000
132813.7528 0.0000
132316.8958 0.0000
132516.1171 0.0000
132413.4592 0.0000
133677.4679 0.0000
135059.0534 0.0000
134576.2427 0.0000
134293.1202 0.0000
134433.7865 0.0000
134765.8357 0.0000
135549.1211 0.0000
136319.3216 0.0000
136993.4036 0.0000
137456.0673 0.0000
137590.0136 0.0000
138349.4840 0.0000
137917.4783 0.0000
138479.8371 0.0000
137489.0454 0.0000
138599.0093 0.0000
138805.5362 0.0000
138767.4009 0.0000
138404.0904 0.0000
138168.1039 0.0000
139166.8419 0.0000
140106.6035 0.0000
140557.2222 0.0000
140923.3719 0.0000
140975.9230 0.0000
140838.1681 0.0000
141555.0765 0.0000
141700.6293 0.0000
141582.9368 0.0000
141663.4550 0.0000
140552.9598 0.0000
141458.0664 0.0000
143116.5706 0.0000
143697.1604 0.0000
144088.2539 0.0000
145603.5527 0.0000
146183.1139 0.0000
146170.5814 0.0000
146111.0495 0.0000
146597.1183 0.0000
146598.3457 0.0000
145997.3711 0.0000
146906.8172 0.0000
146823.3754 0.0000
148299.2019 0.0000
147707.4948 0.0000
148557.0072 0.0000
148467.0783 0.0000
148374.9594 0.0000
148186.2299 0.0000
147976.0925 0.0000
149239.4287 0.0000
149733.2206 0.0000
150051.4383 0.0000
149436.8091 0.0000
150837.7156 0.0000
150511.8760 0.0000
150117.8870 0.0000
150640.8114 0.0000
150098.5559 0.0000
150504.9057 0.0000
150704.5051 0.0000
150445.6482 0.0000
151989.2546 0.0000
151566.6991 0.0000
151863.6310 0.0000
150928.9299 0.0000
152270.7552 0.0000
151201.7447 0.0000
151481.9906 0.0000
151795.7710 0.0000
152056.4793 0.0000
151812.1306 0.0000
152588.3198 0.0000
153721.3987 0.0000
154325.1988 0.0000
153696.6798 0.0000
154123.2520 0.0000
153788.3171 0.0000
154493.2132 0.0000
154555.6787 0.0000
154523.7339 0.0000
155786.6797 0.0000
156418.3794 0.0000
157638.8460 0.0000
157579.7349 0.0000
157008.4216 0.0000
157391.0202 0.0000
157984.4768 0.0000
158859.4965 0.0000
159503.1159 0.0000
159342.4945 0.0000
159226.4957 0.0000
159885.1906 0.0000
159874.8945 0.0000
160510.0502 0.0000
159985.2935 0.0000
159751.2705 0.0000
160746.9848 0.0000
160356.4037 0.0000
160564.7140 0.0000
161453.9669 0.0000
161520.1905 0.0000
162533.9333 0.0000
161945.7987 0.0000
162283.1572 0.0000
162766.8670 0.0000
161762.5818 0.0000
163084.6573 0.0000
162683.2697 0.0000
162645.9424 0.0000
163689.3536 0.0000
163663.3260 0.0000
163006.2428 0.0000
165038.1358 0.0000
165061.4105 0.0000
164893.9426 0.0000
164856.8624 0.0000
164924.9440 0.0000
164484.3179 0.0000
166447.2513 0.0000
166134.2473 0.0000
167246.1904 0.0000
168024.8090 0.0000
168632.4960 0.0000
169562.0693 0.0000
168914.6558 0.0000
169451.5073 0.0000
168646.0970 0.0000
168667.0222 0.0000
169917.8233 0.0000
169708.0403 0.0000
169850.2981 0.0000
169618.3654 0.0000
168758.4355 0.0000
169313.2388 0.0000
169651.1212 0.0000
169054.3343 0.0000
169819.9135 0.0000
169888.3905 0.0000
170026.3722 0.0000
170970.8864 0.0000
172084.0219 0.0000
171634.0530 0.0000
172612.0398 0.0000
173792.5517 0.0000
175120.0022 0.0000
174207.5924 0.0000
174841.7264 0.0000
175010.6473 0.0000
175828.8331 0.0000
176679.8161 0.0000
176796.6700 0.0000
176736.1328 0.0000
176771.8798 0.0000
177267.5603 0.0000
175801.0589 0.0000
177887.7633 0.0000
176920.2857 0.0000
178938.3242 0.0000
178838.6800 0.0000
178415.6511 0.0000
178625.3931 0.0000
178257.7986 0.0000
178729.5188 0.0000
179179.1200 0.0000
179943.7694 0.0000
180160.4363 0.0000
180944.0978 0.0000
180615.9886 0.0000
179820.9083 0.0000
180367.4022 0.0000
180474.8599 0.0000
181850.7986 0.0000
181228.2474 0.0000
182410.0660 0.0000
182708.0167 0.0000
182641.1698 0.0000
182236.8711 0.0000
183043.0855 0.0000
182971.1927 0.0000
183095.3177 0.0000
183465.3244 0.0000
183171.9025 0.0000
183576.6318 0.0000
182997.0413 0.0000
184549.2324 0.0000
183658.3642 0.0000
185309.6718 0.0000
185545.7935 0.0000
185219.1061 0.0000
185502.7293 0.0000
186235.8084 0.0000
186906.6329 0.0000
187543.5734 0.0000
188242.2073 0.0000
187614.3632 0.0000
188496.9285 0.0000
187766.1420 0.0000
187734.5477 0.0000
188701.7608 0.0000
188813.3307 0.0000
188303.4376 0.0000
188410.3587 0.0000
189595.2892 0.0000
190105.8586 0.0000
190549.8749 0.0000
191021.2903 0.0000
191115.3861 0.0000
190693.5028 0.0000
190549.7667 0.0000
191339.2846 0.0000
191519.0829 0.0000
191489.8441 0.0000
191871.5646 0.0000
192595.3365 0.0000
192083.5320 0.0000
192139.6041 0.0000
192024.2487 0.0000
192261.1584 0.0000
193159.4644 0.0000
192195.8050 0.0000
193750.7234 0.0000
193572.8677 0.0000
193015.3722 0.0000
193630.6097 0.0000
193964.8371 0.0000
194424.4967 0.0000
194055.6672 0.0000
193599.2339 0.0000
194510.7311 0.0000
194427.5665 0.0000
194480.5657 0.0000
195281.5453 0.0000
195155.2862 0.0000
196221.7102 0.0000
195699.2691 0.0000
194855.9852 0.0000
196942.5264 0.0000
197861.6559 0.0000
196930.6636 0.0000
197486.7832 0.0000
197243.6988 0.0000
199202.2819 0.0000
199739.5496 0.0000
200340.7084 0.0000
199993.8957 0.0000
200865.2930 0.0000
201622.1195 0.0000
201384.0963 0.0000
201766.3089 0.0000
201416.3015 0.0000
201354.9980 0.0000
200117.2902 0.0000
201921.8473 0.0000
202702.7412 0.0000
201960.8688 0.0000
202103.5825 0.0000
203016.0266 0.0000
202967.9855 0.0000
202595.6012 0.0000
203650.3054 0.0000
204568.5377 0.0000
205224.0875 0.0000
205043.9769 0.0000
205284.0585 0.0000
205391.3608 0.0000
205947.0558 0.0000
205073.3738 0.0000
205480.6734 0.0000
206143.2961 0.0000
205299.5010 0.0000
206231.4147 0.0000
205582.8985 0.0000
205291.0545 0.0000
206128.2200 0.0000
206794.3441 0.0000
206242.4494 0.0000
207086.6439 0.0000
207542.1460 0.0000
207452.1508 0.0000
207297.8919 0.0000
207495.9157 0.0000
206896.6843 0.0000
207329.1822 0.0000
207468.1653 0.0000
208156.6485 0.0000
207636.1684 0.0000
207509.2562 0.0000
207756.3849 0.0000
207526.5567 0.0000
207976.0909 0.0000
207232.5274 0.0000
207914.3401 0.0000
208147.8356 0.0000
208617.7236 0.0000
208971.5693 0.0000
209469.8096 0.0000
208844.6620 0.0000
209491.5471 0.0000
208733.9653 0.0000
209243.2517 0.0000
210017.8011 0.0000
209977.4749 0.0000
209684.9763 0.0000
210066.0821 0.0000
210469.9851 0.0000
211623.0096 0.0000
211805.2977 0.0000
211035.8511 0.0000
211705.9772 0.0000
211586.4200 0.0000
212041.9226 0.0000
210288.3947 0.0000
212172.4046 0.0000
212991.6837 0.0000
212240.2316 0.0000
212311.8540 0.0000
213022.4050 0.0000
213165.5266 0.0000
213049.9659 0.0000
212477.9217 0.0000
213532.2351 0.0000
213293.6563 0.0000
213816.2820 0.0000
214498.9725 0.0000
214908.8753 0.0000
214853.2580 0.0000
215410.0254 0.0000
214772.5437 0.0000
215118.7428 0.0000
215781.8111 0.0000
215792.8961 0.0000
216054.5168 0.0000
215415.2717 0.0000
216241.5968 0.0000
215929.3297 0.0000
215463.4972 0.0000
216754.4747 0.0000
215862.3458 0.0000
216811.0659 0.0000
216645.4582 0.0000
216528.5453 0.0000
217365.0879 0.0000
218034.1177 0.0000
217757.4848 0.0000
218496.4077 0.0000
218304.8739 0.0000
218828.9705 0.0000
219324.5472 0.0000
218806.2102 0.0000
219255.0807 0.0000
220189.5364 0.0000
219075.9996 0.0000
219085.0338 0.0000
219919.0401 0.0000
219137.7761 0.0000
219586.5316 0.0000
220847.0249 0.0000
220545.4817 0.0000
220952.4031 0.0000
221433.9057 0.0000
221840.7040 0.0000
222129.4027 0.0000
222470.9403 0.0000
223569.2095 0.0000
224472.7920 0.0000
222832.0705 0.0000
224101.4479 0.0000
223687.5655 0.0000
224215.0124 0.0000
225939.8970 0.0000
227144.2728 0.0000
226067.9260 0.0000
226750.2031 0.0000
227866.7905 0.0000
228221.9417 0.0000
228248.2987 0.0000
227716.2145 0.0000
228146.6457 0.0000
228948.9100 0.0000
228598.5883 0.0000
229276.0690 0.0000
228533.4867 0.0000
230719.2950 0.0000
229675.3968 0.0000
230690.3629 0.0000
230207.0203 0.0000
230468.1673 0.0000
229997.0246 0.0000
230295.1937 0.0000
230172.0449 0.0000
229998.5366 0.0000
231217.3921 0.0000
231476.0295 0.0000
231271.4039 0.0000
231041.8701 0.0000
230921.0304 0.0000
231921.8657 0.0000
231841.7691 0.0000
231732.5430 0.0000
232144.2970 0.0000
232012.5323 0.0000
231614.2535 0.0000
232234.8883 0.0000
232468.8941 0.0000
231699.5928 0.0000
231742.0719 0.0000
231827.8327 0.0000
232281.4949 0.0000
232232.1877 0.0000
231827.9359 0.0000
232637.1618 0.0000
231650.0275 0.0000
232464.4249 0.0000
232476.2119 0.0000
232104.5464 0.0000
231854.3391 0.0000
232869.7025 0.0000
233621.2229 0.0000
233984.5382 0.0000
234632.9812 0.0000
234918.7592 0.0000
235090.5181 0.0000
234670.9595 0.0000
234581.4578 0.0000
234904.9834 0.0000
234751.2953 0.0000
234770.6500 0.0000
235928.2562 0.0000
235559.3247 0.0000
236464.8090 0.0000
236553.1314 0.0000
236292.7482 0.0000
237021.9858 0.0000
237141.5938 0.0000
237192.2104 0.0000
237246.8231 0.0000
237935.1769 0.0000
237795.6537 0.0000
236775.0943 0.0000
238067.1198 0.0000
238510.1021 0.0000
237607.1352 0.0000
239013.8600 0.0000
239165.0577 0.0000
237731.2040 0.0000
238609.4287 0.0000
238755.9391 0.0000
238552.2774 0.0000
239251.4005 0.0000
238335.3077 0.0000
239439.8713 0.0000
239884.8872 0.0000
240296.7017 0.0000
239887.1484 0.0000
240137.4546 0.0000
241302.6794 0.0000
241994.6759 0.0000
241684.1715 0.0000
241602.2534 0.0000
241559.7414 0.0000
241433.3495 0.0000
242241.4372 0.0000
241852.5732 0.0000
241300.2924 0.0000
243452.4652 0.0000
242632.7605 0.0000
243537.3345 0.0000
244140.0060 0.0000
244986.5664 0.0000
244377.8703 0.0000
244455.3384 0.0000
244792.2380 0.0000
244243.8746 0.0000
243983.3010 0.0000
244477.3199 0.0000
245200.2392 0.0000
245033.2954 0.0000
245684.6588 0.0000
246156.0319 0.0000
246112.2354 0.0000
245757.9458 0.0000
247021.4500 0.0000
247980.9213 0.0000
248409.3308 0.0000
248438.5893 0.0000
248269.0841 0.0000
249118.0779 0.0000
248388.6075 0.0000
250000.9954 0.0000
249932.4289 0.0000
250011.0049 0.0000
250713.3236 0.0000
250640.6835 0.0000
250840.9547 0.0000
250845.8873 0.0000
250195.8627 0.0000
250404.7192 0.0000
250975.9612 0.0000
250868.7017 0.0000
250450.9411 0.0000
250605.8992 0.0000
251291.3582 0.0000
251641.3775 0.0000
251913.9380 0.0000
251272.2165 0.0000
251716.3363 0.0000
251894.3257 0.0000
252840.5708 0.0000
253304.8213 0.0000
253047.7893 0.0000
252444.7437 0.0000
254211.4274 0.0000
254298.8917 0.0000
254354.7374 0.0000
254654.1685 0.0000
254832.9212 0.0000
254546.3916 0.0000
254405.1790 0.0000
254965.4035 0.0000
254914.7002 0.0000
254702.5306 0.0000
253965.4664 0.0000
255314.8991 0.0000
256042.4592 0.0000
256332.4436 0.0000
256583.9360 0.0000
257452.2476 0.0000
256877.8008 0.0000
256750.7727 0.0000
258110.9375 0.0000
259382.9315 0.0000
259438.5164 0.0000
258603.8771 0.0000
259896.3907 0.0000
260125.5914 0.0000
260176.1244 0.0000
260235.2489 0.0000
259529.6299 0.0000
260397.9079 0.0000
260141.2679 0.0000
260524.5376 0.0000
260392.5848 0.0000
260758.7906 0.0000
260769.3344 0.0000
260200.3790 0.0000
261116.7527 0.0000
261005.1770 0.0000
259942.7734 0.0000
260570.1174 0.0000
260001.8180 0.0000
261319.4252 0.0000
260750.0045 0.0000
261122.6646 0.0000
261245.6769 0.0000
261509.5843 0.0000
261818.0295 0.0000
260005.6798 0.0000
261871.3058 0.0000
261292.6265 0.0000
262274.7155 0.0000
262185.2954 0.0000
262899.2775 0.0000
262753.2157 0.0000
262634.7485 0.0000
263170.3118 0.0000
263392.2751 0.0000
263768.7580 0.0000
263199.5475 0.0000
264118.4448 0.0000
264562.1597 0.0000
263973.6349 0.0000
263245.2318 0.0000
265473.8288 0.0000
266082.1906 0.0000
265498.8907 0.0000
265845.2683 0.0000
265157.4118 0.0000
265980.7173 0.0000
265549.7451 0.0000
266037.2925 0.0000
265944.9621 0.0000
267407.1546 0.0000
267660.2806 0.0000
268112.1232 0.0000
268199.6194 0.0000
268082.0525 0.0000
268891.6857 0.0000
268207.1054 0.0000
268699.3578 0.0000
268599.7974 0.0000
268989.0515 0.0000
268984.2990 0.0000
270504.9287 0.0000
270166.3562 0.0000
269650.6512 0.0000
270059.7279 0.0000
270192.6674 0.0000
270445.9991 0.0000
269875.2641 0.0000
270872.7754 0.0000
270297.4573 0.0000
270120.5170 0.0000
270148.5619 0.0000
270983.4826 0.0000
271940.2887 0.0000
271145.6809 0.0000
271271.6570 0.0000
270421.1012 0.0000
273333.8878 0.0000
271997.2791 0.0000
273195.0395 0.0000
272010.0836 0.0000
273891.6775 0.0000
274270.7393 0.0000
275915.7872 0.0000
276136.8684 0.0000
275884.3182 0.0000
275847.0292 0.0000
277057.4486 0.0000
276271.6276 0.0000
278007.1953 0.0000
278858.0692 0.0000
279610.4452 0.0000
279627.9609 0.0000
279829.2612 0.0000
280416.1483 0.0000
280803.1798 0.0000
280673.9592 0.0000
281066.6738 0.0000
279867.1770 0.0000
280453.2167 0.0000
281248.2429 0.0000
281164.8603 0.0000
281721.6442 0.0000
282169.4870 0.0000
282294.2898 0.0000
282366.3650 0.0000
282485.1414 0.0000
281785.8572 0.0000
283303.0044 0.0000
282749.0921 0.0000
282713.6207 0.0000
282591.0132 0.0000
282669.9134 0.0000
282961.4104 0.0000
283097.2617 0.0000
283224.8763 0.0000
283215.5835 0.0000
282902.8040 0.0000
283127.3504 0.0000
284383.7146 0.0000
284671.8427 0.0000
285502.3545 0.0000
286027.2007 0.0000
286298.5115 0.0000
286197.4939 0.0000
285286.4604 0.0000
286376.3572 0.0000
286414.3196 0.0000
286369.8701 0.0000
286506.6094 0.0000
286050.0920 0.0000
286177.0672 0.0000
285874.2230 0.0000
287770.6889 0.0000
288543.1478 0.0000
288388.7979 0.0000
287968.6514 0.0000
289366.2205 0.0000
289340.4672 0.0000
289331.3167 0.0000
289634.0534 0.0000
289464.0412 0.0000
289774.9438 0.0000
291449.5066 0.0000
291255.4730 0.0000
291035.3466 0.0000
