-100.0000 -100.0000
3441.6242 0.0000
4593.1200 0.0000
3778.4706 0.0000
4959.2981 0.0000
5721.9773 0.0000
5786.9067 0.0000
5412.1084 0.0000
6636.4193 0.0000
6320.9439 0.0000
7760.2871 0.0000
6844.5863 0.0000
8115.3530 0.0000
7387.0002 0.0000
7332.2607 0.0000
8777.0431 0.0000
8245.9506 0.0000
9389.3175 0.0000
9199.4005 0.0000
9124.3878 0.0000
8582.0841 0.0000
10316.0367 0.0000
10210.7955 0.0000
10689.9301 0.0000
10531.3089 0.0000
11400.5917 0.0000
10999.4773 0.0000
11600.4766 0.0000
11639.1298 0.0000
12333.0647 0.0000
11989.1591 0.0000
11782.9388 0.0000
12622.5395 0.0000
12846.7434 0.0000
12776.0333 0.0000
13314.5776 0.0000
13431.0140 0.0000
14394.6902 0.0000
14583.6139 0.0000
15055.1650 0.0000
15463.9852 0.0000
15422.2537 0.0000
15870.1921 0.0000
15795.0285 0.0000
16358.6435 0.0000
16694.4133 0.0000
17478.9661 0.0000
18000.7929 0.0000
17868.4379 0.0000
18034.5782 0.0000
18530.7116 0.0000
18307.1053 0.0000
19415.4412 0.0000
18986.7012 0.0000
19024.3947 0.0000
19425.8657 0.0000
19180.7469 0.0000
18982.2212 0.0000
20319.7038 0.0000
20673.3134 0.0000
20670.0729 0.0000
21207.3163 0.0000
20335.5906 0.0000
20561.7276 0.0000
21143.4259 0.0000
20377.8375 0.0000
22105.5875 0.0000
22404.8950 0.0000
21285.5047 0.0000
22540.0862 0.0000
21733.0480 0.0000
22193.2891 0.0000
22711.8032 0.0000
23482.8014 0.0000
22699.4011 0.0000
23438.5321 0.0000
23408.1868 0.0000
24625.9168 0.0000
25018.2296 0.0000
24680.0824 0.0000
25341.8335 0.0000
24675.7166 0.0000
25961.2007 0.0000
26485.3509 0.0000
27245.0359 0.0000
27054.3462 0.0000
28290.9016 0.0000
28021.4622 0.0000
28241.6451 0.0000
28153.2790 0.0000
29034.0573 0.0000
29516.4520 0.0000
29339.5397 0.0000
29503.1462 0.0000
29421.2955 0.0000
29940.7836 0.0000
29127.6412 0.0000
30188.6071 0.0000
29897.0534 0.0000
29931.5207 0.0000
31166.0526 0.0000
31609.8474 0.0000
30854.3479 0.0000
31690.8965 0.0000
31860.0574 0.0000
32071.1601 0.0000
31305.3645 0.0000
32122.9935 0.0000
31685.6755 0.0000
31954.5798 0.0000
32441.1051 0.0000
32935.7710 0.0000
33373.4110 0.0000
33451.6694 0.0000
33482.9713 0.0000
32648.5595 0.0000
33181.1188 0.0000
33516.3276 0.0000
33499.3012 0.0000
34417.7363 0.0000
34042.3115 0.0000
34972.3160 0.0000
34915.9699 0.0000
34981.8488 0.0000
34982.9243 0.0000
34907.6123 0.0000
34999.4336 0.0000
34913.3256 0.0000
34899.9636 0.0000
35542.7671 0.0000
35433.4640 0.0000
35956.1888 0.0000
34868.8271 0.0000
35570.1437 0.0000
35217.5937 0.0000
36095.9431 0.0000
34924.1455 0.0000
36122.2828 0.0000
35663.9674 0.0000
35566.4569 0.0000
35422.6321 0.0000
36164.5727 0.0000
35774.4415 0.0000
36376.7923 0.0000
36068.6700 0.0000
36257.9153 0.0000
35389.1959 0.0000
35591.4027 0.0000
37429.9753 0.0000
37391.3443 0.0000
37122.4254 0.0000
37247.8754 0.0000
38411.7758 0.0000
37956.9772 0.0000
38697.5164 0.0000
39025.3999 0.0000
38248.7397 0.0000
38039.6972 0.0000
39075.7670 0.0000
40731.8221 0.0000
40739.4631 0.0000
40243.3203 0.0000
40682.0582 0.0000
40575.9569 0.0000
40159.4349 0.0000
41153.2346 0.0000
41297.4640 0.0000
40560.7346 0.0000
40640.2924 0.0000
40516.9718 0.0000
39847.4610 0.0000
41181.4548 0.0000
41302.9890 0.0000
42178.0153 0.0000
42284.1299 0.0000
41715.4216 0.0000
42097.3657 0.0000
41773.3529 0.0000
42335.6644 0.0000
41076.1388 0.0000
42165.0213 0.0000
42079.7616 0.0000
43164.0735 0.0000
42773.3634 0.0000
42694.1847 0.0000
43241.6778 0.0000
43463.9140 0.0000
43827.0543 0.0000
44680.0934 0.0000
45276.9239 0.0000
45411.8327 0.0000
44723.9268 0.0000
45598.5831 0.0000
46169.1533 0.0000
46581.1266 0.0000
46882.4001 0.0000
47351.9493 0.0000
47468.2814 0.0000
48005.9591 0.0000
48833.2491 0.0000
48593.6183 0.0000
48851.0209 0.0000
49039.1969 0.0000
49122.3955 0.0000
48406.1437 0.0000
50030.1827 0.0000
49976.3172 0.0000
49449.8860 0.0000
49448.1598 0.0000
49836.4543 0.0000
50184.6678 0.0000
49981.2692 0.0000
50456.4387 0.0000
50344.0554 0.0000
50971.1916 0.0000
50882.5848 0.0000
50645.4741 0.0000
50752.9678 0.0000
51359.2029 0.0000
50753.0725 0.0000
51454.1029 0.0000
52083.6645 0.0000
52542.0572 0.0000
52494.1730 0.0000
52890.4425 0.0000
52927.9271 0.0000
52961.5689 0.0000
53534.5200 0.0000
53745.8708 0.0000
53670.0282 0.0000
53751.8669 0.0000
54027.3815 0.0000
53423.7321 0.0000
53789.8297 0.0000
54338.5930 0.0000
54332.4057 0.0000
54737.3054 0.0000
55058.1044 0.0000
54240.6182 0.0000
54194.3971 0.0000
55943.5798 0.0000
55657.3411 0.0000
54751.0081 0.0000
56274.4337 0.0000
56271.5758 0.0000
57464.0874 0.0000
57378.6779 0.0000
57525.5404 0.0000
57723.3734 0.0000
57949.8915 0.0000
57702.3089 0.0000
58951.3355 0.0000
59274.9396 0.0000
58922.7114 0.0000
59481.0998 0.0000
59596.5493 0.0000
60138.0682 0.0000
59821.0728 0.0000
60973.8246 0.0000
60818.4194 0.0000
61695.6786 0.0000
61346.7120 0.0000
63010.9968 0.0000
63051.8295 0.0000
63607.6277 0.0000
63762.5161 0.0000
63620.4637 0.0000
64458.1479 0.0000
63923.6487 0.0000
65074.8412 0.0000
64633.4946 0.0000
64438.3565 0.0000
64465.9966 0.0000
64890.5197 0.0000
64185.4031 0.0000
63522.3708 0.0000
65400.1592 0.0000
64663.2845 0.0000
65578.3192 0.0000
65772.1469 0.0000
65766.9282 0.0000
65941.5168 0.0000
66381.8710 0.0000
67352.9143 0.0000
66274.7681 0.0000
68210.6547 0.0000
68153.8070 0.0000
68081.2097 0.0000
66856.6230 0.0000
68500.8725 0.0000
67705.2811 0.0000
67888.4519 0.0000
68150.4247 0.0000
68126.9323 0.0000
67170.0370 0.0000
68197.4152 0.0000
68301.6395 0.0000
68183.2417 0.0000
68691.5687 0.0000
69046.0904 0.0000
69772.8835 0.0000
69314.4080 0.0000
69757.1422 0.0000
70352.1448 0.0000
69677.0664 0.0000
69671.0308 0.0000
70492.9932 0.0000
70844.9585 0.0000
71587.8963 0.0000
71688.4718 0.0000
71856.9457 0.0000
72355.5411 0.0000
72792.4427 0.0000
72456.7696 0.0000
72631.7517 0.0000
72179.5716 0.0000
72355.2359 0.0000
72927.6378 0.0000
73178.0219 0.0000
73665.4499 0.0000
73743.8685 0.0000
73371.7285 0.0000
72977.0591 0.0000
73869.3354 0.0000
74006.1192 0.0000
73259.6479 0.0000
73419.3188 0.0000
73516.0920 0.0000
73633.9187 0.0000
74121.8035 0.0000
74144.5402 0.0000
73608.6559 0.0000
74023.4972 0.0000
75418.4082 0.0000
76905.3448 0.0000
77900.2797 0.0000
77079.1147 0.0000
78397.1437 0.0000
78415.7709 0.0000
78685.0436 0.0000
80136.3875 0.0000
79312.0689 0.0000
80125.8771 0.0000
79924.0037 0.0000
80772.0563 0.0000
81615.3146 0.0000
80763.7865 0.0000
80573.1041 0.0000
82416.6748 0.0000
82498.6327 0.0000
82771.0128 0.0000
83190.9440 0.0000
83439.1973 0.0000
84899.8945 0.0000
84770.7574 0.0000
84328.8882 0.0000
83839.0859 0.0000
84132.9460 0.0000
84271.5421 0.0000
85010.7265 0.0000
84583.8936 0.0000
84642.1896 0.0000
84197.4708 0.0000
84677.5369 0.0000
85968.5027 0.0000
85960.3856 0.0000
86164.4818 0.0000
85097.1556 0.0000
86608.6390 0.0000
86117.6448 0.0000
86139.4607 0.0000
87134.4532 0.0000
86971.3971 0.0000
88020.2049 0.0000
87512.2787 0.0000
88024.3399 0.0000
87945.1827 0.0000
87734.0281 0.0000
89383.1833 0.0000
89427.3355 0.0000
88794.8915 0.0000
88575.5913 0.0000
89502.9627 0.0000
90292.3570 0.0000
90631.7086 0.0000
90993.8042 0.0000
90421.5172 0.0000
90839.3306 0.0000
91238.1345 0.0000
91805.0308 0.0000
91164.0814 0.0000
91706.3122 0.0000
91920.6306 0.0000
91557.9707 0.0000
91364.2375 0.0000
92610.2384 0.0000
92252.3365 0.0000
93388.1032 0.0000
93541.6423 0.0000
92702.0409 0.0000
93302.6369 0.0000
93710.7018 0.0000
94469.9792 0.0000
94447.2851 0.0000
94665.1640 0.0000
95832.6499 0.0000
96166.0254 0.0000
97033.0969 0.0000
96202.3156 0.0000
97752.8714 0.0000
98376.6172 0.0000
100249.4740 0.0000
101193.0137 0.0000
101432.3022 0.0000
102465.9603 0.0000
102640.2372 0.0000
103007.4010 0.0000
103196.0653 0.0000
103380.9352 0.0000
103274.1078 0.0000
103620.2027 0.0000
103837.6338 0.0000
103647.7726 0.0000
103289.7478 0.0000
104580.8924 0.0000
104615.0154 0.0000
104451.7295 0.0000
104358.6794 0.0000
105544.2664 0.0000
104643.3507 0.0000
105342.0401 0.0000
105283.6666 0.0000
105467.5329 0.0000
105969.5954 0.0000
105781.8217 0.0000
106181.2072 0.0000
106909.2282 0.0000
107181.4331 0.0000
107112.2162 0.0000
107624.9854 0.0000
107192.2868 0.0000
107752.9129 0.0000
107865.3471 0.0000
107995.5437 0.0000
108796.7934 0.0000
108793.9097 0.0000
108915.6376 0.0000
108400.9477 0.0000
108916.2584 0.0000
108556.0848 0.0000
108888.6108 0.0000
108845.0160 0.0000
108892.2915 0.0000
109911.0527 0.0000
110220.8310 0.0000
108992.1698 0.0000
110089.3650 0.0000
110381.1902 0.0000
109624.1634 0.0000
110617.6916 0.0000
110141.3645 0.0000
111032.1598 0.0000
111426.1432 0.0000
110930.7588 0.0000
112149.6422 0.0000
111971.2624 0.0000
113407.3503 0.0000
113498.1907 0.0000
113706.8435 0.0000
113184.3627 0.0000
113417.9204 0.0000
114123.3245 0.0000
113857.5129 0.0000
113675.5678 0.0000
114486.3837 0.0000
114749.7753 0.0000
114246.3263 0.0000
114941.5689 0.0000
114679.2210 0.0000
115231.6864 0.0000
115122.7593 0.0000
114488.9891 0.0000
114745.4061 0.0000
115241.4713 0.0000
115792.6868 0.0000
116131.8458 0.0000
116537.7547 0.0000
116204.3529 0.0000
117412.8792 0.0000
117258.3952 0.0000
116860.4046 0.0000
117227.3520 0.0000
118140.0833 0.0000
118386.5981 0.0000
118490.8190 0.0000
117978.7799 0.0000
117677.2121 0.0000
118556.2055 0.0000
118840.3841 0.0000
119024.3583 0.0000
119137.0266 0.0000
119257.8171 0.0000
118748.8699 0.0000
119612.9389 0.0000
118816.9512 0.0000
120159.5733 0.0000
119497.2598 0.0000
119717.8669 0.0000
120292.7797 0.0000
121028.8865 0.0000
120758.2448 0.0000
121421.3854 0.0000
121779.5345 0.0000
121328.5348 0.0000
120858.4756 0.0000
122368.4391 0.0000
121909.1886 0.0000
122366.1692 0.0000
122322.9426 0.0000
122491.0077 0.0000
121994.1651 0.0000
122640.3263 0.0000
122782.8303 0.0000
122694.9229 0.0000
122235.4687 0.0000
122898.3269 0.0000
123185.8106 0.0000
123860.8471 0.0000
123200.4211 0.0000
123581.0196 0.0000
123769.2355 0.0000
123095.1267 0.0000
124412.9380 0.0000
124101.9994 0.0000
124304.7782 0.0000
124641.9027 0.0000
125091.7505 0.0000
125257.9298 0.0000
124828.3943 0.0000
125815.0569 0.0000
126666.0981 0.0000
126314.8768 0.0000
127177.0116 0.0000
126962.4083 0.0000
126594.9524 0.0000
127898.6477 0.0000
128271.0146 0.0000
128643.3568 0.0000
129021.7782 0.0000
129303.6939 0.0000
129935.7318 0.0000
129696.4199 0.0000
130137.1169 0.0000
130304.4130 0.0000
130614.9584 0.0000
130794.9785 0.0000
130693.1114 0.0000
130211.9924 0.0000
130760.1724 0.0000
130549.4144 0.0000
130485.9607 0.0000
130442.9733 0.0000
131062.3738 0.0000
131320.3416 0.0000
131646.8658 0.0000
131735.0175 0.0000
132541.1052 0.0000
132755.0699 0.0000
132258.2129 0.0000
132457.4342 0.0000
132354.7763 0.0000
133618.7850 0.0000
135000.3704 0.0000
134517.5597 0.0000
134234.4373 0.0000
134375.1036 0.0000
134707.1527 0.0000
135490.4382 0.0000
136260.6386 0.0000
136934.7207 0.0000
137397.3844 0.0000
137531.3307 0.0000
138290.8010 0.0000
137858.7953 0.0000
138421.1542 0.0000
137430.3624 0.0000
138540.3264 0.0000
138746.8532 0.0000
138708.7179 0.0000
138345.4075 0.0000
138109.4210 0.0000
139108.1590 0.0000
140047.9205 0.0000
140498.5393 0.0000
140864.6890 0.0000
140917.2400 0.0000
140779.4851 0.0000
141496.3936 0.0000
141641.9463 0.0000
141524.2539 0.0000
141604.7721 0.0000
140494.2769 0.0000
141399.3835 0.0000
143057.8877 0.0000
143638.4774 0.0000
144029.5710 0.0000
145544.8697 0.0000
146124.4309 0.0000
146111.8984 0.0000
146052.3666 0.0000
146538.4354 0.0000
146539.6628 0.0000
145938.6882 0.0000
146848.1343 0.0000
146764.6924 0.0000
148240.5190 0.0000
147648.8119 0.0000
148498.3242 0.0000
148408.3953 0.0000
148316.2765 0.0000
148127.5470 0.0000
147917.4095 0.0000
149180.7458 0.0000
149674.5377 0.0000
149992.7553 0.0000
149378.1262 0.0000
150779.0326 0.0000
150453.1931 0.0000
150059.2041 0.0000
150582.1285 0.0000
150039.8729 0.0000
150446.2228 0.0000
150645.8221 0.0000
150386.9653 0.0000
151930.5717 0.0000
151508.0162 0.0000
151804.9481 0.0000
150870.2469 0.0000
152212.0723 0.0000
151143.0618 0.0000
151423.3077 0.0000
151737.0881 0.0000
151997.7964 0.0000
151753.4477 0.0000
152529.6369 0.0000
153662.7158 0.0000
154266.5158 0.0000
153637.9969 0.0000
154064.5691 0.0000
153729.6342 0.0000
154434.5303 0.0000
154496.9958 0.0000
154465.0510 0.0000
155727.9968 0.0000
156359.6965 0.0000
157580.1631 0.0000
157521.0520 0.0000
156949.7387 0.0000
157332.3372 0.0000
157925.7938 0.0000
158800.8135 0.0000
159444.4330 0.0000
159283.8116 0.0000
159167.8127 0.0000
159826.5077 0.0000
159816.2116 0.0000
160451.3673 0.0000
159926.6106 0.0000
159692.5876 0.0000
160688.3019 0.0000
160297.7208 0.0000
160506.0311 0.0000
161395.2840 0.0000
161461.5076 0.0000
162475.2504 0.0000
161887.1158 0.0000
162224.4742 0.0000
162708.1841 0.0000
161703.8989 0.0000
163025.9744 0.0000
162624.5868 0.0000
162587.2595 0.0000
163630.6707 0.0000
163604.6431 0.0000
162947.5599 0.0000
164979.4529 0.0000
165002.7276 0.0000
164835.2597 0.0000
164798.1795 0.0000
164866.2611 0.0000
164425.6350 0.0000
166388.5683 0.0000
166075.5644 0.0000
167187.5075 0.0000
167966.1261 0.0000
168573.8130 0.0000
169503.3864 0.0000
168855.9729 0.0000
169392.8244 0.0000
168587.4141 0.0000
168608.3392 0.0000
169859.1403 0.0000
169649.3574 0.0000
169791.6152 0.0000
169559.6825 0.0000
168699.7526 0.0000
169254.5559 0.0000
169592.4383 0.0000
168995.6514 0.0000
169761.2306 0.0000
169829.7076 0.0000
169967.6892 0.0000
170912.2034 0.0000
172025.3389 0.0000
171575.3701 0.0000
172553.3568 0.0000
173733.8688 0.0000
175061.3193 0.0000
174148.9095 0.0000
174783.0435 0.0000
174951.9644 0.0000
175770.1502 0.0000
176621.1332 0.0000
176737.9871 0.0000
176677.4499 0.0000
176713.1968 0.0000
177208.8774 0.0000
175742.3760 0.0000
177829.0803 0.0000
176861.6028 0.0000
178879.6413 0.0000
178779.9970 0.0000
178356.9682 0.0000
178566.7102 0.0000
178199.1157 0.0000
178670.8358 0.0000
179120.4371 0.0000
179885.0864 0.0000
180101.7534 0.0000
180885.4149 0.0000
180557.3057 0.0000
179762.2254 0.0000
180308.7193 0.0000
180416.1770 0.0000
181792.1157 0.0000
181169.5645 0.0000
182351.3831 0.0000
182649.3338 0.0000
182582.4869 0.0000
182178.1882 0.0000
182984.4026 0.0000
182912.5097 0.0000
183036.6348 0.0000
183406.6414 0.0000
183113.2196 0.0000
183517.9488 0.0000
182938.3584 0.0000
184490.5495 0.0000
183599.6813 0.0000
185250.9888 0.0000
185487.1106 0.0000
185160.4232 0.0000
185444.0464 0.0000
186177.1255 0.0000
186847.9500 0.0000
187484.8904 0.0000
188183.5244 0.0000
187555.6802 0.0000
188438.2456 0.0000
187707.4591 0.0000
187675.8647 0.0000
188643.0779 0.0000
188754.6478 0.0000
188244.7547 0.0000
188351.6757 0.0000
189536.6063 0.0000
190047.1757 0.0000
190491.1920 0.0000
190962.6074 0.0000
191056.7032 0.0000
190634.8199 0.0000
190491.0837 0.0000
191280.6017 0.0000
191460.3999 0.0000
191431.1611 0.0000
191812.8816 0.0000
192536.6536 0.0000
192024.8491 0.0000
192080.9212 0.0000
191965.5658 0.0000
192202.4755 0.0000
193100.7815 0.0000
192137.1221 0.0000
193692.0405 0.0000
193514.1847 0.0000
192956.6893 0.0000
193571.9267 0.0000
193906.1542 0.0000
194365.8137 0.0000
193996.9843 0.0000
193540.5510 0.0000
194452.0481 0.0000
194368.8836 0.0000
194421.8827 0.0000
195222.8624 0.0000
195096.6032 0.0000
196163.0273 0.0000
195640.5862 0.0000
194797.3023 0.0000
196883.8435 0.0000
197802.9730 0.0000
196871.9807 0.0000
197428.1003 0.0000
197185.0158 0.0000
199143.5990 0.0000
199680.8666 0.0000
200282.0255 0.0000
199935.2128 0.0000
200806.6101 0.0000
201563.4365 0.0000
201325.4134 0.0000
201707.6260 0.0000
201357.6185 0.0000
201296.3151 0.0000
200058.6073 0.0000
201863.1643 0.0000
202644.0583 0.0000
201902.1859 0.0000
202044.8996 0.0000
202957.3437 0.0000
202909.3026 0.0000
202536.9182 0.0000
203591.6224 0.0000
204509.8548 0.0000
205165.4046 0.0000
204985.2939 0.0000
205225.3756 0.0000
205332.6779 0.0000
205888.3728 0.0000
205014.6909 0.0000
205421.9905 0.0000
206084.6132 0.0000
205240.8180 0.0000
206172.7317 0.0000
205524.2155 0.0000
205232.3715 0.0000
206069.5371 0.0000
206735.6612 0.0000
206183.7665 0.0000
207027.9609 0.0000
207483.4631 0.0000
207393.4679 0.0000
207239.2090 0.0000
207437.2328 0.0000
206838.0013 0.0000
207270.4993 0.0000
207409.4824 0.0000
208097.9656 0.0000
207577.4855 0.0000
207450.5733 0.0000
207697.7020 0.0000
207467.8738 0.0000
207917.4080 0.0000
207173.8445 0.0000
207855.6572 0.0000
208089.1527 0.0000
208559.0406 0.0000
208912.8864 0.0000
209411.1266 0.0000
208785.9791 0.0000
209432.8642 0.0000
208675.2824 0.0000
209184.5688 0.0000
209959.1181 0.0000
209918.7920 0.0000
209626.2934 0.0000
210007.3991 0.0000
210411.3022 0.0000
211564.3266 0.0000
211746.6148 0.0000
210977.1682 0.0000
211647.2943 0.0000
211527.7371 0.0000
211983.2396 0.0000
210229.7118 0.0000
212113.7217 0.0000
212933.0008 0.0000
212181.5487 0.0000
212253.1711 0.0000
212963.7221 0.0000
213106.8436 0.0000
212991.2830 0.0000
212419.2387 0.0000
213473.5521 0.0000
213234.9733 0.0000
213757.5990 0.0000
214440.2896 0.0000
214850.1924 0.0000
214794.5751 0.0000
215351.3424 0.0000
214713.8608 0.0000
215060.0599 0.0000
215723.1281 0.0000
215734.2132 0.0000
215995.8338 0.0000
215356.5887 0.0000
216182.9139 0.0000
215870.6467 0.0000
215404.8143 0.0000
216695.7918 0.0000
215803.6629 0.0000
216752.3829 0.0000
216586.7753 0.0000
216469.8624 0.0000
217306.4050 0.0000
217975.4348 0.0000
217698.8019 0.0000
218437.7248 0.0000
218246.1910 0.0000
218770.2875 0.0000
219265.8643 0.0000
218747.5273 0.0000
219196.3978 0.0000
220130.8535 0.0000
219017.3167 0.0000
219026.3509 0.0000
219860.3571 0.0000
219079.0931 0.0000
219527.8487 0.0000
220788.3420 0.0000
220486.7988 0.0000
220893.7202 0.0000
221375.2228 0.0000
221782.0211 0.0000
222070.7197 0.0000
222412.2574 0.0000
223510.5266 0.0000
224414.1091 0.0000
222773.3876 0.0000
224042.7649 0.0000
223628.8826 0.0000
224156.3295 0.0000
225881.2140 0.0000
227085.5899 0.0000
226009.2431 0.0000
226691.5202 0.0000
227808.1076 0.0000
228163.2587 0.0000
228189.6158 0.0000
227657.5316 0.0000
228087.9628 0.0000
228890.2271 0.0000
228539.9054 0.0000
229217.3860 0.0000
228474.8037 0.0000
230660.6120 0.0000
229616.7139 0.0000
230631.6799 0.0000
230148.3373 0.0000
230409.4844 0.0000
229938.3416 0.0000
230236.5108 0.0000
230113.3619 0.0000
229939.8536 0.0000
231158.7092 0.0000
231417.3466 0.0000
231212.7210 0.0000
230983.1872 0.0000
230862.3475 0.0000
231863.1828 0.0000
231783.0861 0.0000
231673.8601 0.0000
232085.6141 0.0000
231953.8494 0.0000
231555.5705 0.0000
232176.2054 0.0000
232410.2112 0.0000
231640.9099 0.0000
231683.3889 0.0000
231769.1498 0.0000
232222.8119 0.0000
232173.5048 0.0000
231769.2530 0.0000
232578.4789 0.0000
231591.3446 0.0000
232405.7419 0.0000
232417.5290 0.0000
232045.8634 0.0000
231795.6562 0.0000
232811.0195 0.0000
233562.5400 0.0000
233925.8552 0.0000
234574.2983 0.0000
234860.0763 0.0000
235031.8351 0.0000
234612.2766 0.0000
234522.7749 0.0000
234846.3005 0.0000
234692.6124 0.0000
234711.9671 0.0000
235869.5733 0.0000
235500.6418 0.0000
236406.1260 0.0000
236494.4485 0.0000
236234.0653 0.0000
236963.3029 0.0000
237082.9108 0.0000
237133.5275 0.0000
237188.1401 0.0000
237876.4939 0.0000
237736.9708 0.0000
236716.4114 0.0000
238008.4369 0.0000
238451.4191 0.0000
237548.4523 0.0000
238955.1771 0.0000
239106.3748 0.0000
237672.5211 0.0000
238550.7458 0.0000
238697.2562 0.0000
238493.5945 0.0000
239192.7176 0.0000
238276.6248 0.0000
239381.1884 0.0000
239826.2043 0.0000
240238.0188 0.0000
239828.4655 0.0000
240078.7717 0.0000
241243.9965 0.0000
241935.9930 0.0000
241625.4886 0.0000
241543.5705 0.0000
241501.0585 0.0000
241374.6666 0.0000
242182.7542 0.0000
241793.8903 0.0000
241241.6094 0.0000
243393.7823 0.0000
242574.0776 0.0000
243478.6516 0.0000
244081.3231 0.0000
244927.8834 0.0000
244319.1873 0.0000
244396.6554 0.0000
244733.5550 0.0000
244185.1917 0.0000
243924.6181 0.0000
244418.6370 0.0000
245141.5563 0.0000
244974.6125 0.0000
245625.9758 0.0000
246097.3489 0.0000
246053.5525 0.0000
245699.2629 0.0000
246962.7671 0.0000
247922.2384 0.0000
248350.6478 0.0000
248379.9064 0.0000
248210.4011 0.0000
249059.3950 0.0000
248329.9246 0.0000
249942.3125 0.0000
249873.7460 0.0000
249952.3219 0.0000
250654.6406 0.0000
250582.0006 0.0000
250782.2718 0.0000
250787.2044 0.0000
250137.1797 0.0000
250346.0363 0.0000
250917.2783 0.0000
250810.0188 0.0000
250392.2581 0.0000
250547.2163 0.0000
251232.6753 0.0000
251582.6946 0.0000
251855.2551 0.0000
251213.5336 0.0000
251657.6534 0.0000
251835.6428 0.0000
252781.8878 0.0000
253246.1384 0.0000
252989.1064 0.0000
252386.0607 0.0000
254152.7444 0.0000
254240.2088 0.0000
254296.0545 0.0000
254595.4856 0.0000
254774.2383 0.0000
254487.7087 0.0000
254346.4961 0.0000
254906.7206 0.0000
254856.0172 0.0000
254643.8477 0.0000
253906.7835 0.0000
255256.2162 0.0000
255983.7763 0.0000
256273.7606 0.0000
256525.2531 0.0000
257393.5646 0.0000
256819.1178 0.0000
256692.0898 0.0000
258052.2546 0.0000
259324.2486 0.0000
259379.8335 0.0000
258545.1942 0.0000
259837.7077 0.0000
260066.9085 0.0000
260117.4415 0.0000
260176.5660 0.0000
259470.9470 0.0000
260339.2250 0.0000
260082.5850 0.0000
260465.8547 0.0000
260333.9019 0.0000
260700.1077 0.0000
260710.6515 0.0000
260141.6961 0.0000
261058.0697 0.0000
260946.4941 0.0000
259884.0904 0.0000
260511.4345 0.0000
259943.1351 0.0000
261260.7423 0.0000
260691.3215 0.0000
261063.9817 0.0000
261186.9939 0.0000
261450.9014 0.0000
261759.3466 0.0000
259946.9969 0.0000
261812.6228 0.0000
261233.9436 0.0000
262216.0326 0.0000
262126.6125 0.0000
262840.5945 0.0000
262694.5328 0.0000
262576.0656 0.0000
263111.6289 0.0000
263333.5922 0.0000
263710.0751 0.0000
263140.8645 0.0000
264059.7619 0.0000
264503.4768 0.0000
263914.9520 0.0000
263186.5489 0.0000
265415.1458 0.0000
266023.5077 0.0000
265440.2077 0.0000
265786.5854 0.0000
265098.7288 0.0000
265922.0344 0.0000
265491.0622 0.0000
265978.6096 0.0000
265886.2791 0.0000
267348.4716 0.0000
267601.5977 0.0000
268053.4403 0.0000
268140.9365 0.0000
268023.3695 0.0000
268833.0028 0.0000
268148.4225 0.0000
268640.6748 0.0000
268541.1145 0.0000
268930.3686 0.0000
268925.6161 0.0000
270446.2458 0.0000
270107.6732 0.0000
269591.9682 0.0000
270001.0449 0.0000
270133.9845 0.0000
270387.3161 0.0000
269816.5812 0.0000
270814.0925 0.0000
270238.7744 0.0000
270061.8341 0.0000
270089.8790 0.0000
270924.7997 0.0000
271881.6058 0.0000
271086.9980 0.0000
271212.9740 0.0000
270362.4182 0.0000
273275.2048 0.0000
271938.5962 0.0000
273136.3565 0.0000
271951.4007 0.0000
273832.9945 0.0000
274212.0563 0.0000
275857.1043 0.0000
276078.1854 0.0000
275825.6353 0.0000
275788.3463 0.0000
276998.7657 0.0000
276212.9447 0.0000
277948.5124 0.0000
278799.3863 0.0000
279551.7623 0.0000
279569.2780 0.0000
279770.5782 0.0000
280357.4653 0.0000
280744.4968 0.0000
280615.2763 0.0000
281007.9909 0.0000
279808.4940 0.0000
280394.5337 0.0000
281189.5600 0.0000
281106.1774 0.0000
281662.9612 0.0000
282110.8041 0.0000
282235.6069 0.0000
282307.6820 0.0000
282426.4585 0.0000
281727.1743 0.0000
283244.3215 0.0000
282690.4091 0.0000
282654.9377 0.0000
282532.3303 0.0000
282611.2305 0.0000
282902.7275 0.0000
283038.5788 0.0000
283166.1934 0.0000
283156.9005 0.0000
282844.1211 0.0000
283068.6675 0.0000
284325.0317 0.0000
284613.1598 0.0000
285443.6716 0.0000
285968.5178 0.0000
286239.8286 0.0000
286138.8110 0.0000
285227.7775 0.0000
286317.6743 0.0000
286355.6366 0.0000
286311.1872 0.0000
286447.9265 0.0000
285991.4091 0.0000
286118.3843 0.0000
285815.5401 0.0000
287712.0060 0.0000
288484.4649 0.0000
288330.1150 0.0000
287909.9685 0.0000
289307.5375 0.0000
289281.7843 0.0000
289272.6338 0.0000
289575.3705 0.0000
289405.3583 0.0000
289716.2609 0.0000
291390.8237 0.0000
291196.7900 0.0000
290976.6637 0.0000
