-100.0000 -100.0000
3653.0611 0.0000
4804.9479 0.0000
3989.8727 0.0000
5170.5344 0.0000
5933.1827 0.0000
5997.9448 0.0000
5623.0713 0.0000
6847.5701 0.0000
6532.1120 0.0000
7971.4135 0.0000
7055.7462 0.0000
8326.4612 0.0000
7598.0972 0.0000
7543.4076 0.0000
8988.1525 0.0000
8457.0714 0.0000
9600.4196 0.0000
9410.5017 0.0000
9335.4914 0.0000
8793.2033 0.0000
10527.1215 0.0000
10421.8834 0.0000
10901.0082 0.0000
10742.3914 0.0000
11611.6633 0.0000
11210.5519 0.0000
11811.5493 0.0000
11850.1959 0.0000
12544.1292 0.0000
12200.2227 0.0000
11994.0077 0.0000
12833.5981 0.0000
13057.7968 0.0000
12987.0970 0.0000
13525.6277 0.0000
13642.0538 0.0000
14605.7458 0.0000
14794.6662 0.0000
15266.2124 0.0000
15675.0344 0.0000
15633.3061 0.0000
16081.2424 0.0000
16006.0770 0.0000
16569.6919 0.0000
16905.4603 0.0000
17690.0113 0.0000
18211.8390 0.0000
18079.4843 0.0000
18245.6240 0.0000
18741.7567 0.0000
18518.1512 0.0000
19626.4862 0.0000
19197.7460 0.0000
19235.4391 0.0000
19636.9109 0.0000
19391.7922 0.0000
19193.2664 0.0000
20530.7484 0.0000
20884.3580 0.0000
20881.1175 0.0000
21418.3604 0.0000
20546.6349 0.0000
20772.7721 0.0000
21354.4702 0.0000
20588.8822 0.0000
22316.6318 0.0000
22615.9390 0.0000
21496.5490 0.0000
22751.1304 0.0000
21944.0923 0.0000
22404.3333 0.0000
22922.8474 0.0000
23693.8456 0.0000
22910.4453 0.0000
23649.5761 0.0000
23619.2308 0.0000
24836.9609 0.0000
25229.2736 0.0000
24891.1265 0.0000
25552.8774 0.0000
24886.7606 0.0000
26172.2447 0.0000
26696.3948 0.0000
27456.0798 0.0000
27265.3901 0.0000
28501.9454 0.0000
28232.5060 0.0000
28452.6890 0.0000
28364.3228 0.0000
29245.1012 0.0000
29727.4959 0.0000
29550.5835 0.0000
29714.1900 0.0000
29632.3394 0.0000
30151.8275 0.0000
29338.6851 0.0000
30399.6509 0.0000
30108.0973 0.0000
30142.5645 0.0000
31377.0964 0.0000
31820.8912 0.0000
31065.3917 0.0000
31901.9403 0.0000
32071.1012 0.0000
32282.2039 0.0000
31516.4084 0.0000
32334.0373 0.0000
31896.7193 0.0000
32165.6237 0.0000
32652.1489 0.0000
33146.8148 0.0000
33584.4549 0.0000
33662.7132 0.0000
33694.0151 0.0000
32859.6034 0.0000
33392.1626 0.0000
33727.3714 0.0000
33710.3450 0.0000
34628.7801 0.0000
34253.3553 0.0000
35183.3598 0.0000
35127.0137 0.0000
35192.8926 0.0000
35193.9681 0.0000
35118.6561 0.0000
35210.4774 0.0000
35124.3694 0.0000
35111.0074 0.0000
35753.8109 0.0000
35644.5078 0.0000
36167.2326 0.0000
35079.8709 0.0000
35781.1875 0.0000
35428.6375 0.0000
36306.9869 0.0000
35135.1893 0.0000
36333.3266 0.0000
35875.0112 0.0000
35777.5007 0.0000
35633.6759 0.0000
36375.6165 0.0000
35985.4853 0.0000
36587.8361 0.0000
36279.7138 0.0000
36468.9591 0.0000
35600.2397 0.0000
35802.4465 0.0000
37641.0191 0.0000
37602.3881 0.0000
37333.4692 0.0000
37458.9192 0.0000
38622.8196 0.0000
38168.0210 0.0000
38908.5602 0.0000
39236.4437 0.0000
38459.7835 0.0000
38250.7410 0.0000
39286.8108 0.0000
40942.8659 0.0000
40950.5069 0.0000
40454.3641 0.0000
40893.1020 0.0000
40787.0007 0.0000
40370.4787 0.0000
41364.2784 0.0000
41508.5078 0.0000
40771.7784 0.0000
40851.3362 0.0000
40728.0156 0.0000
40058.5048 0.0000
41392.4986 0.0000
41514.0328 0.0000
42389.0591 0.0000
42495.1737 0.0000
41926.4654 0.0000
42308.4095 0.0000
41984.3968 0.0000
42546.7083 0.0000
41287.1826 0.0000
42376.0651 0.0000
42290.8055 0.0000
43375.1173 0.0000
42984.4072 0.0000
42905.2285 0.0000
43452.7216 0.0000
43674.9578 0.0000
44038.0981 0.0000
44891.1372 0.0000
45487.9677 0.0000
45622.8765 0.0000
44934.9706 0.0000
45809.6270 0.0000
46380.1972 0.0000
46792.1704 0.0000
47093.4439 0.0000
47562.9931 0.0000
47679.3252 0.0000
48217.0029 0.0000
49044.2929 0.0000
48804.6621 0.0000
49062.0647 0.0000
49250.2407 0.0000
49333.4393 0.0000
48617.1875 0.0000
50241.2265 0.0000
50187.3610 0.0000
49660.9298 0.0000
49659.2036 0.0000
50047.4982 0.0000
50395.7116 0.0000
50192.3130 0.0000
50667.4825 0.0000
50555.0992 0.0000
51182.2354 0.0000
51093.6286 0.0000
50856.5179 0.0000
50964.0116 0.0000
51570.2467 0.0000
50964.1163 0.0000
51665.1467 0.0000
52294.7083 0.0000
52753.1010 0.0000
52705.2168 0.0000
53101.4863 0.0000
53138.9709 0.0000
53172.6127 0.0000
53745.5639 0.0000
53956.9146 0.0000
53881.0720 0.0000
53962.9107 0.0000
54238.4253 0.0000
53634.7759 0.0000
54000.8735 0.0000
54549.6368 0.0000
54543.4495 0.0000
54948.3492 0.0000
55269.1482 0.0000
54451.6620 0.0000
54405.4409 0.0000
56154.6236 0.0000
55868.3849 0.0000
54962.0519 0.0000
56485.4775 0.0000
56482.6196 0.0000
57675.1312 0.0000
57589.7217 0.0000
57736.5842 0.0000
57934.4172 0.0000
58160.9353 0.0000
57913.3527 0.0000
59162.3793 0.0000
59485.9834 0.0000
59133.7552 0.0000
59692.1436 0.0000
59807.5931 0.0000
60349.1120 0.0000
60032.1166 0.0000
61184.8684 0.0000
61029.4632 0.0000
61906.7224 0.0000
61557.7559 0.0000
63222.0406 0.0000
63262.8733 0.0000
63818.6715 0.0000
63973.5599 0.0000
63831.5075 0.0000
64669.1917 0.0000
64134.6925 0.0000
65285.8850 0.0000
64844.5384 0.0000
64649.4003 0.0000
64677.0404 0.0000
65101.5635 0.0000
64396.4469 0.0000
63733.4146 0.0000
65611.2030 0.0000
64874.3283 0.0000
65789.3630 0.0000
65983.1907 0.0000
65977.9720 0.0000
66152.5606 0.0000
66592.9148 0.0000
67563.9581 0.0000
66485.8119 0.0000
68421.6985 0.0000
68364.8508 0.0000
68292.2535 0.0000
67067.6668 0.0000
68711.9163 0.0000
67916.3249 0.0000
68099.4957 0.0000
68361.4685 0.0000
68337.9761 0.0000
67381.0808 0.0000
68408.4590 0.0000
68512.6833 0.0000
68394.2855 0.0000
68902.6125 0.0000
69257.1342 0.0000
69983.9273 0.0000
69525.4518 0.0000
69968.1860 0.0000
70563.1886 0.0000
69888.1102 0.0000
69882.0746 0.0000
70704.0370 0.0000
71056.0023 0.0000
71798.9401 0.0000
71899.5156 0.0000
72067.9895 0.0000
72566.5849 0.0000
73003.4865 0.0000
72667.8134 0.0000
72842.7955 0.0000
72390.6154 0.0000
72566.2797 0.0000
73138.6816 0.0000
73389.0657 0.0000
73876.4937 0.0000
73954.9123 0.0000
73582.7723 0.0000
73188.1029 0.0000
74080.3792 0.0000
74217.1630 0.0000
73470.6917 0.0000
73630.3626 0.0000
73727.1358 0.0000
73844.9625 0.0000
74332.8473 0.0000
74355.5840 0.0000
73819.6997 0.0000
74234.5410 0.0000
75629.4520 0.0000
77116.3886 0.0000
78111.3235 0.0000
77290.1586 0.0000
78608.1875 0.0000
78626.8147 0.0000
78896.0874 0.0000
80347.4313 0.0000
79523.1127 0.0000
80336.9209 0.0000
80135.0475 0.0000
80983.1002 0.0000
81826.3584 0.0000
80974.8303 0.0000
80784.1479 0.0000
82627.7186 0.0000
82709.6765 0.0000
82982.0566 0.0000
83401.9878 0.0000
83650.2411 0.0000
85110.9383 0.0000
84981.8012 0.0000
84539.9320 0.0000
84050.1297 0.0000
84343.9898 0.0000
84482.5859 0.0000
85221.7703 0.0000
84794.9374 0.0000
84853.2334 0.0000
84408.5146 0.0000
84888.5807 0.0000
86179.5465 0.0000
86171.4294 0.0000
86375.5256 0.0000
85308.1994 0.0000
86819.6828 0.0000
86328.6886 0.0000
86350.5045 0.0000
87345.4970 0.0000
87182.4409 0.0000
88231.2487 0.0000
87723.3225 0.0000
88235.3837 0.0000
88156.2265 0.0000
87945.0719 0.0000
89594.2271 0.0000
89638.3793 0.0000
89005.9353 0.0000
88786.6351 0.0000
89714.0065 0.0000
90503.4008 0.0000
90842.7524 0.0000
91204.8480 0.0000
90632.5610 0.0000
91050.3744 0.0000
91449.1783 0.0000
92016.0746 0.0000
91375.1252 0.0000
91917.3560 0.0000
92131.6744 0.0000
91769.0145 0.0000
91575.2813 0.0000
92821.2822 0.0000
92463.3803 0.0000
93599.1470 0.0000
93752.6861 0.0000
92913.0847 0.0000
93513.6807 0.0000
93921.7456 0.0000
94681.0230 0.0000
94658.3289 0.0000
94876.2078 0.0000
96043.6937 0.0000
96377.0692 0.0000
97244.1407 0.0000
96413.3594 0.0000
97963.9152 0.0000
98587.6610 0.0000
100460.5178 0.0000
101404.0575 0.0000
101643.3460 0.0000
102677.0041 0.0000
102851.2810 0.0000
103218.4448 0.0000
103407.1091 0.0000
103591.9790 0.0000
103485.1516 0.0000
103831.2465 0.0000
104048.6776 0.0000
103858.8164 0.0000
103500.7916 0.0000
104791.9362 0.0000
104826.0592 0.0000
104662.7733 0.0000
104569.7233 0.0000
105755.3102 0.0000
104854.3945 0.0000
105553.0839 0.0000
105494.7104 0.0000
105678.5767 0.0000
106180.6392 0.0000
105992.8655 0.0000
106392.2510 0.0000
107120.2720 0.0000
107392.4769 0.0000
107323.2600 0.0000
107836.0292 0.0000
107403.3306 0.0000
107963.9567 0.0000
108076.3909 0.0000
108206.5875 0.0000
109007.8372 0.0000
109004.9535 0.0000
109126.6814 0.0000
108611.9916 0.0000
109127.3022 0.0000
108767.1286 0.0000
109099.6546 0.0000
109056.0598 0.0000
109103.3353 0.0000
110122.0965 0.0000
110431.8748 0.0000
109203.2136 0.0000
110300.4088 0.0000
110592.2340 0.0000
109835.2072 0.0000
110828.7354 0.0000
110352.4083 0.0000
111243.2036 0.0000
111637.1871 0.0000
111141.8027 0.0000
112360.6860 0.0000
112182.3062 0.0000
113618.3941 0.0000
113709.2345 0.0000
113917.8873 0.0000
113395.4065 0.0000
113628.9642 0.0000
114334.3683 0.0000
114068.5567 0.0000
113886.6116 0.0000
114697.4275 0.0000
114960.8192 0.0000
114457.3701 0.0000
115152.6127 0.0000
114890.2648 0.0000
115442.7302 0.0000
115333.8031 0.0000
114700.0329 0.0000
114956.4499 0.0000
115452.5151 0.0000
116003.7306 0.0000
116342.8896 0.0000
116748.7985 0.0000
116415.3967 0.0000
117623.9231 0.0000
117469.4390 0.0000
117071.4484 0.0000
117438.3958 0.0000
118351.1271 0.0000
118597.6419 0.0000
118701.8628 0.0000
118189.8237 0.0000
117888.2559 0.0000
118767.2493 0.0000
119051.4279 0.0000
119235.4021 0.0000
119348.0704 0.0000
119468.8609 0.0000
118959.9137 0.0000
119823.9827 0.0000
119027.9950 0.0000
120370.6171 0.0000
119708.3036 0.0000
119928.9107 0.0000
120503.8235 0.0000
121239.9303 0.0000
120969.2886 0.0000
121632.4292 0.0000
121990.5783 0.0000
121539.5787 0.0000
121069.5194 0.0000
122579.4829 0.0000
122120.2324 0.0000
122577.2130 0.0000
122536.2563 0.0000
122704.3214 0.0000
122207.4788 0.0000
122853.6400 0.0000
122996.1440 0.0000
122908.2366 0.0000
122448.7824 0.0000
123111.6406 0.0000
123399.1243 0.0000
124074.1608 0.0000
123413.7348 0.0000
123794.3333 0.0000
123982.5492 0.0000
123308.4404 0.0000
124626.2517 0.0000
124315.3131 0.0000
124518.0919 0.0000
124855.2164 0.0000
125305.0642 0.0000
125471.2435 0.0000
125041.7080 0.0000
126028.3706 0.0000
126879.4118 0.0000
126528.1905 0.0000
127390.3253 0.0000
127175.7220 0.0000
126808.2661 0.0000
128111.9614 0.0000
128484.3283 0.0000
128856.6705 0.0000
129235.0919 0.0000
129517.0076 0.0000
130149.0455 0.0000
129909.7336 0.0000
130350.4306 0.0000
130517.7267 0.0000
130828.2721 0.0000
131008.2922 0.0000
130906.4251 0.0000
130425.3061 0.0000
130973.4861 0.0000
130762.7281 0.0000
130699.2744 0.0000
130656.2870 0.0000
131275.6875 0.0000
131533.6553 0.0000
131860.1795 0.0000
131948.3312 0.0000
132754.4189 0.0000
132968.3836 0.0000
132471.5266 0.0000
132670.7479 0.0000
132568.0900 0.0000
133832.0987 0.0000
135213.6841 0.0000
134730.8734 0.0000
134447.7510 0.0000
134588.4173 0.0000
134920.4664 0.0000
135703.7519 0.0000
136473.9523 0.0000
137148.0344 0.0000
137610.6981 0.0000
137744.6444 0.0000
138504.1147 0.0000
138072.1090 0.0000
138634.4679 0.0000
137643.6761 0.0000
138753.6401 0.0000
138960.1669 0.0000
138922.0316 0.0000
138558.7212 0.0000
138322.7347 0.0000
139321.4727 0.0000
140261.2342 0.0000
140711.8530 0.0000
141078.0027 0.0000
141130.5537 0.0000
140992.7988 0.0000
141709.7073 0.0000
141855.2600 0.0000
141737.5676 0.0000
141818.0858 0.0000
140707.5906 0.0000
141612.6972 0.0000
143271.2014 0.0000
143851.7911 0.0000
144242.8847 0.0000
145758.1834 0.0000
146337.7446 0.0000
146325.2121 0.0000
146265.6803 0.0000
146751.7491 0.0000
146752.9765 0.0000
146152.0019 0.0000
147061.4480 0.0000
146978.0061 0.0000
148453.8327 0.0000
147862.1256 0.0000
148711.6379 0.0000
148621.7090 0.0000
148529.5902 0.0000
148340.8607 0.0000
148130.7232 0.0000
149394.0594 0.0000
149887.8514 0.0000
150206.0690 0.0000
149591.4399 0.0000
150992.3463 0.0000
150666.5068 0.0000
150272.5178 0.0000
150795.4422 0.0000
150253.1866 0.0000
150659.5365 0.0000
150859.1358 0.0000
150600.2790 0.0000
152143.8854 0.0000
151721.3299 0.0000
152018.2618 0.0000
151083.5606 0.0000
152425.3860 0.0000
151356.3755 0.0000
151636.6214 0.0000
151950.4018 0.0000
152211.1101 0.0000
151966.7614 0.0000
152742.9506 0.0000
153876.0295 0.0000
154479.8295 0.0000
153851.3106 0.0000
154277.8828 0.0000
153942.9479 0.0000
154647.8440 0.0000
154710.3095 0.0000
154678.3647 0.0000
155941.3105 0.0000
156573.0102 0.0000
157793.4768 0.0000
157734.3657 0.0000
157163.0524 0.0000
157545.6509 0.0000
158139.1075 0.0000
159014.1272 0.0000
159657.7467 0.0000
159497.1253 0.0000
159381.1264 0.0000
160039.8214 0.0000
160029.5253 0.0000
160664.6810 0.0000
160139.9243 0.0000
159905.9013 0.0000
160901.6156 0.0000
160511.0345 0.0000
160719.3448 0.0000
161608.5977 0.0000
161674.8213 0.0000
162688.5641 0.0000
162100.4295 0.0000
162437.7879 0.0000
162921.4978 0.0000
161917.2126 0.0000
163239.2880 0.0000
162837.9005 0.0000
162800.5732 0.0000
163843.9844 0.0000
163817.9568 0.0000
163160.8736 0.0000
165192.7666 0.0000
165216.0413 0.0000
165048.5734 0.0000
165011.4932 0.0000
165079.5748 0.0000
164638.9487 0.0000
166601.8820 0.0000
166288.8781 0.0000
167400.8212 0.0000
168179.4398 0.0000
168787.1267 0.0000
169716.7001 0.0000
169069.2866 0.0000
169606.1381 0.0000
168800.7278 0.0000
168821.6529 0.0000
170072.4540 0.0000
169862.6710 0.0000
170004.9289 0.0000
169772.9962 0.0000
168913.0663 0.0000
169467.8696 0.0000
169805.7520 0.0000
169208.9651 0.0000
169974.5442 0.0000
170043.0213 0.0000
170181.0029 0.0000
171125.5171 0.0000
172238.6526 0.0000
171788.6838 0.0000
172766.6705 0.0000
173947.1825 0.0000
175274.6330 0.0000
174362.2232 0.0000
174996.3572 0.0000
175165.2781 0.0000
175983.4639 0.0000
176834.4469 0.0000
176951.3008 0.0000
176890.7636 0.0000
176926.5105 0.0000
177422.1911 0.0000
175955.6897 0.0000
178042.3940 0.0000
177074.9165 0.0000
179092.9550 0.0000
178993.3107 0.0000
178570.2819 0.0000
178780.0239 0.0000
178412.4294 0.0000
178884.1495 0.0000
179333.7508 0.0000
180098.4001 0.0000
180315.0671 0.0000
181098.7286 0.0000
180770.6194 0.0000
179975.5391 0.0000
180522.0330 0.0000
180629.4907 0.0000
182005.4294 0.0000
181382.8782 0.0000
182564.6968 0.0000
182862.6475 0.0000
182795.8006 0.0000
182391.5019 0.0000
183197.7163 0.0000
183125.8234 0.0000
183249.9485 0.0000
183619.9551 0.0000
183326.5333 0.0000
183731.2625 0.0000
183151.6721 0.0000
184703.8632 0.0000
183812.9950 0.0000
185464.3025 0.0000
185700.4243 0.0000
185373.7369 0.0000
185657.3601 0.0000
186390.4392 0.0000
187061.2637 0.0000
187698.2041 0.0000
188396.8381 0.0000
187768.9939 0.0000
188651.5593 0.0000
187920.7728 0.0000
187889.1784 0.0000
188856.3916 0.0000
188967.9615 0.0000
188458.0684 0.0000
188564.9894 0.0000
189749.9200 0.0000
190260.4894 0.0000
190704.5057 0.0000
191175.9211 0.0000
191270.0169 0.0000
190848.1336 0.0000
190704.3974 0.0000
191493.9154 0.0000
191673.7136 0.0000
191644.4748 0.0000
192026.1953 0.0000
192749.9673 0.0000
192238.1628 0.0000
192294.2349 0.0000
192178.8795 0.0000
192415.7892 0.0000
193314.0952 0.0000
192350.4358 0.0000
193905.3542 0.0000
193727.4984 0.0000
193170.0030 0.0000
193785.2404 0.0000
194119.4679 0.0000
194579.1274 0.0000
194210.2980 0.0000
193753.8647 0.0000
194665.3618 0.0000
194582.1973 0.0000
194635.1964 0.0000
195436.1761 0.0000
195309.9169 0.0000
196376.3410 0.0000
195853.8999 0.0000
195010.6160 0.0000
197097.1572 0.0000
198016.2867 0.0000
197085.2944 0.0000
197641.4140 0.0000
197398.3295 0.0000
199356.9127 0.0000
199894.1803 0.0000
200495.3392 0.0000
200148.5265 0.0000
201019.9238 0.0000
201776.7502 0.0000
201538.7271 0.0000
201920.9397 0.0000
201570.9322 0.0000
201509.6288 0.0000
200271.9210 0.0000
202076.4780 0.0000
202857.3720 0.0000
202115.4996 0.0000
202258.2133 0.0000
203170.6574 0.0000
203122.6163 0.0000
202750.2319 0.0000
203804.9361 0.0000
204723.1685 0.0000
205378.7183 0.0000
205198.6076 0.0000
205438.6893 0.0000
205545.9916 0.0000
206101.6865 0.0000
205228.0046 0.0000
205635.3042 0.0000
206297.9269 0.0000
205454.1317 0.0000
206386.0454 0.0000
205737.5292 0.0000
205445.6852 0.0000
206282.8508 0.0000
206948.9748 0.0000
206397.0802 0.0000
207241.2746 0.0000
207696.7768 0.0000
207606.7816 0.0000
207452.5227 0.0000
207650.5465 0.0000
207051.3150 0.0000
207483.8130 0.0000
207622.7961 0.0000
208311.2793 0.0000
207790.7992 0.0000
207663.8870 0.0000
207911.0157 0.0000
207681.1875 0.0000
208130.7217 0.0000
207387.1582 0.0000
208068.9709 0.0000
208302.4664 0.0000
208772.3543 0.0000
209126.2001 0.0000
209624.4403 0.0000
208999.2928 0.0000
209646.1779 0.0000
208888.5961 0.0000
209397.8825 0.0000
210172.4318 0.0000
210132.1057 0.0000
209839.6071 0.0000
210220.7128 0.0000
210624.6159 0.0000
211777.6403 0.0000
211959.9285 0.0000
211190.4819 0.0000
211860.6080 0.0000
211741.0508 0.0000
212196.5533 0.0000
210443.0255 0.0000
212327.0354 0.0000
213146.3145 0.0000
212394.8624 0.0000
212466.4848 0.0000
213177.0358 0.0000
213320.1573 0.0000
213204.5967 0.0000
212632.5524 0.0000
213686.8658 0.0000
213448.2870 0.0000
213970.9127 0.0000
214653.6033 0.0000
215063.5061 0.0000
215007.8888 0.0000
215564.6561 0.0000
214927.1745 0.0000
215273.3736 0.0000
215936.4418 0.0000
215947.5269 0.0000
216209.1475 0.0000
215569.9024 0.0000
216396.2276 0.0000
216083.9604 0.0000
215618.1280 0.0000
216909.1055 0.0000
216016.9766 0.0000
216965.6966 0.0000
216800.0890 0.0000
216683.1761 0.0000
217519.7187 0.0000
218188.7485 0.0000
217912.1156 0.0000
218651.0385 0.0000
218459.5047 0.0000
218983.6012 0.0000
219479.1780 0.0000
218960.8410 0.0000
219409.7115 0.0000
220344.1672 0.0000
219230.6304 0.0000
219239.6646 0.0000
220073.6708 0.0000
219292.4068 0.0000
219741.1624 0.0000
221001.6557 0.0000
220700.1125 0.0000
221107.0339 0.0000
221588.5365 0.0000
221995.3348 0.0000
222284.0334 0.0000
222625.5711 0.0000
223723.8403 0.0000
224627.4228 0.0000
222986.7013 0.0000
224256.0786 0.0000
223842.1963 0.0000
224369.6432 0.0000
226094.5277 0.0000
227298.9036 0.0000
226222.5568 0.0000
226904.8339 0.0000
228021.4213 0.0000
228376.5724 0.0000
228402.9295 0.0000
227870.8453 0.0000
228301.2765 0.0000
229103.5408 0.0000
228753.2191 0.0000
229430.6997 0.0000
228688.1174 0.0000
230873.9257 0.0000
229830.0276 0.0000
230844.9936 0.0000
230361.6510 0.0000
230622.7981 0.0000
230151.6553 0.0000
230449.8245 0.0000
230326.6756 0.0000
230153.1673 0.0000
231372.0229 0.0000
231630.6603 0.0000
231426.0347 0.0000
231196.5009 0.0000
231075.6612 0.0000
232076.4965 0.0000
231996.3998 0.0000
231887.1738 0.0000
232298.9278 0.0000
232167.1631 0.0000
231768.8842 0.0000
232389.5191 0.0000
232623.5249 0.0000
231854.2236 0.0000
231896.7026 0.0000
231982.4635 0.0000
232436.1256 0.0000
232386.8185 0.0000
231982.5667 0.0000
232791.7926 0.0000
231804.6583 0.0000
232619.0556 0.0000
232630.8427 0.0000
232259.1771 0.0000
232008.9699 0.0000
233024.3332 0.0000
233775.8537 0.0000
234139.1689 0.0000
234787.6120 0.0000
235073.3900 0.0000
235245.1488 0.0000
234825.5903 0.0000
234736.0886 0.0000
235059.6142 0.0000
234905.9261 0.0000
234925.2808 0.0000
236082.8870 0.0000
235713.9555 0.0000
236619.4397 0.0000
236707.7622 0.0000
236447.3790 0.0000
237176.6166 0.0000
237296.2245 0.0000
237346.8412 0.0000
237401.4538 0.0000
238089.8076 0.0000
237950.2845 0.0000
236929.7251 0.0000
238221.7506 0.0000
238664.7328 0.0000
237761.7660 0.0000
239168.4908 0.0000
239319.6885 0.0000
237885.8347 0.0000
238764.0595 0.0000
238910.5699 0.0000
238706.9082 0.0000
239406.0313 0.0000
238489.9385 0.0000
239594.5021 0.0000
240039.5180 0.0000
240451.3325 0.0000
240041.7792 0.0000
240292.0854 0.0000
241457.3102 0.0000
242149.3067 0.0000
241838.8023 0.0000
241756.8842 0.0000
241714.3722 0.0000
241587.9803 0.0000
242396.0679 0.0000
242007.2040 0.0000
241454.9231 0.0000
243607.0960 0.0000
242787.3913 0.0000
243691.9653 0.0000
244294.6368 0.0000
245141.1971 0.0000
244532.5010 0.0000
244609.9691 0.0000
244946.8687 0.0000
244398.5054 0.0000
244137.9318 0.0000
244631.9507 0.0000
245354.8700 0.0000
245187.9262 0.0000
245839.2895 0.0000
246310.6626 0.0000
246266.8662 0.0000
245912.5766 0.0000
247176.0808 0.0000
248135.5521 0.0000
248563.9615 0.0000
248593.2201 0.0000
248423.7148 0.0000
249272.7087 0.0000
248543.2383 0.0000
250155.6262 0.0000
250087.0597 0.0000
250165.6356 0.0000
250867.9543 0.0000
250795.3143 0.0000
250995.5855 0.0000
251000.5181 0.0000
250350.4934 0.0000
250559.3500 0.0000
251130.5920 0.0000
251023.3325 0.0000
250605.5718 0.0000
250760.5300 0.0000
251445.9890 0.0000
251796.0083 0.0000
252068.5688 0.0000
251426.8473 0.0000
251870.9671 0.0000
252048.9565 0.0000
252995.2015 0.0000
253459.4521 0.0000
253202.4201 0.0000
252599.3744 0.0000
254366.0581 0.0000
254453.5225 0.0000
254509.3682 0.0000
254808.7993 0.0000
254987.5520 0.0000
254701.0224 0.0000
254559.8098 0.0000
255120.0343 0.0000
255069.3309 0.0000
254857.1614 0.0000
254120.0972 0.0000
255469.5299 0.0000
256197.0900 0.0000
256487.0743 0.0000
256738.5668 0.0000
257606.8783 0.0000
257032.4315 0.0000
256905.4035 0.0000
258265.5683 0.0000
259537.5623 0.0000
259593.1472 0.0000
258758.5079 0.0000
260051.0214 0.0000
260280.2222 0.0000
260330.7552 0.0000
260389.8797 0.0000
259684.2607 0.0000
260552.5387 0.0000
260295.8987 0.0000
260679.1684 0.0000
260547.2156 0.0000
260913.4214 0.0000
260923.9652 0.0000
260355.0098 0.0000
261271.3834 0.0000
261159.8078 0.0000
260097.4041 0.0000
260724.7482 0.0000
260156.4488 0.0000
261474.0560 0.0000
260904.6352 0.0000
261277.2954 0.0000
261400.3076 0.0000
261664.2151 0.0000
261972.6603 0.0000
260160.3106 0.0000
262025.9365 0.0000
261447.2573 0.0000
262429.3463 0.0000
262339.9262 0.0000
263053.9082 0.0000
262907.8465 0.0000
262789.3793 0.0000
263324.9426 0.0000
263546.9059 0.0000
263923.3888 0.0000
263354.1782 0.0000
264273.0756 0.0000
264716.7905 0.0000
264128.2657 0.0000
263399.8626 0.0000
265628.4595 0.0000
266236.8214 0.0000
265653.5214 0.0000
265999.8991 0.0000
265312.0425 0.0000
266135.3481 0.0000
265704.3759 0.0000
266191.9233 0.0000
266099.5928 0.0000
267561.7853 0.0000
267814.9114 0.0000
268266.7540 0.0000
268354.2502 0.0000
268236.6832 0.0000
269046.3165 0.0000
268361.7362 0.0000
268853.9885 0.0000
268754.4282 0.0000
269143.6823 0.0000
269138.9298 0.0000
270659.5595 0.0000
270320.9869 0.0000
269805.2819 0.0000
270214.3586 0.0000
270347.2982 0.0000
270600.6298 0.0000
270029.8949 0.0000
271027.4062 0.0000
270452.0881 0.0000
270275.1478 0.0000
270303.1927 0.0000
271138.1134 0.0000
272094.9195 0.0000
271300.3117 0.0000
271426.2877 0.0000
270575.7319 0.0000
273488.5185 0.0000
272151.9099 0.0000
273349.6702 0.0000
272164.7144 0.0000
274046.3082 0.0000
274425.3700 0.0000
276070.4180 0.0000
276291.4991 0.0000
276038.9490 0.0000
276001.6600 0.0000
277212.0794 0.0000
276426.2584 0.0000
278161.8261 0.0000
279012.7000 0.0000
279765.0760 0.0000
279782.5917 0.0000
279983.8919 0.0000
280570.7790 0.0000
280957.8105 0.0000
280828.5900 0.0000
281221.3046 0.0000
280021.8077 0.0000
280607.8474 0.0000
281402.8737 0.0000
281319.4911 0.0000
281876.2749 0.0000
282324.1178 0.0000
282448.9206 0.0000
282520.9957 0.0000
282639.7722 0.0000
281940.4880 0.0000
283457.6352 0.0000
282903.7228 0.0000
282868.2514 0.0000
282745.6440 0.0000
282824.5442 0.0000
283116.0412 0.0000
283251.8925 0.0000
283379.5071 0.0000
283370.2142 0.0000
283057.4348 0.0000
283281.9812 0.0000
284538.3454 0.0000
284826.4735 0.0000
285656.9853 0.0000
286181.8315 0.0000
286453.1423 0.0000
286352.1247 0.0000
285441.0912 0.0000
286530.9880 0.0000
286568.9503 0.0000
286524.5009 0.0000
286661.2402 0.0000
286204.7228 0.0000
286331.6980 0.0000
286028.8538 0.0000
287925.3197 0.0000
288697.7786 0.0000
288543.4287 0.0000
288123.2822 0.0000
289520.8512 0.0000
289495.0980 0.0000
289485.9475 0.0000
289788.6842 0.0000
289618.6720 0.0000
289929.5746 0.0000
291604.1374 0.0000
291410.1037 0.0000
291189.9774 0.0000
