-100.0000 -100.0000
3416.8496 0.0000
4568.1634 0.0000
3753.6977 0.0000
4934.5133 0.0000
5697.2492 0.0000
5762.1746 0.0000
5387.3707 0.0000
6611.6909 0.0000
6296.2155 0.0000
7735.5602 0.0000
6819.8505 0.0000
8090.6275 0.0000
7362.2720 0.0000
7307.5229 0.0000
8752.3199 0.0000
8221.2237 0.0000
9364.5985 0.0000
9174.6858 0.0000
9099.6660 0.0000
8557.3667 0.0000
10291.3131 0.0000
10186.0727 0.0000
10665.2076 0.0000
10506.5873 0.0000
11375.8692 0.0000
10974.7542 0.0000
11575.7558 0.0000
11614.4050 0.0000
12308.3356 0.0000
11964.4398 0.0000
11758.2133 0.0000
12597.8009 0.0000
12822.0090 0.0000
12751.3016 0.0000
13289.8448 0.0000
13406.2858 0.0000
14369.9674 0.0000
14558.8911 0.0000
15030.4413 0.0000
15439.2593 0.0000
15397.5300 0.0000
15845.4662 0.0000
15770.3018 0.0000
16333.9179 0.0000
16669.6868 0.0000
17454.2401 0.0000
17976.0667 0.0000
17843.7112 0.0000
18009.8510 0.0000
18505.9850 0.0000
18282.3772 0.0000
19390.7142 0.0000
18961.9740 0.0000
18999.6677 0.0000
19401.1394 0.0000
19156.0210 0.0000
18957.4947 0.0000
20294.9773 0.0000
20648.5870 0.0000
20645.3466 0.0000
21182.5898 0.0000
20310.8637 0.0000
20537.0008 0.0000
21118.6994 0.0000
20353.1112 0.0000
22080.8611 0.0000
22380.1687 0.0000
21260.7783 0.0000
22515.3598 0.0000
21708.3216 0.0000
22168.5627 0.0000
22687.0767 0.0000
23458.0751 0.0000
22674.6747 0.0000
23413.8058 0.0000
23383.4603 0.0000
24601.1905 0.0000
24993.5032 0.0000
24655.3561 0.0000
25317.1070 0.0000
24650.9903 0.0000
25936.4743 0.0000
26460.6244 0.0000
27220.3094 0.0000
27029.6199 0.0000
28266.1753 0.0000
27996.7359 0.0000
28216.9188 0.0000
28128.5527 0.0000
29009.3310 0.0000
29491.7257 0.0000
29314.8133 0.0000
29478.4199 0.0000
29396.5692 0.0000
29916.0573 0.0000
29102.9149 0.0000
30163.8808 0.0000
29872.3271 0.0000
29906.7944 0.0000
31141.3262 0.0000
31585.1211 0.0000
30829.6216 0.0000
31666.1702 0.0000
31835.3311 0.0000
32046.4338 0.0000
31280.6382 0.0000
32098.2672 0.0000
31660.9492 0.0000
31929.8535 0.0000
32416.3788 0.0000
32911.0447 0.0000
33348.6848 0.0000
33426.9431 0.0000
33458.2450 0.0000
32623.8332 0.0000
33156.3925 0.0000
33491.6013 0.0000
33474.5749 0.0000
34393.0100 0.0000
34017.5852 0.0000
34947.5897 0.0000
34891.2436 0.0000
34957.1225 0.0000
34958.1980 0.0000
34882.8860 0.0000
34974.7073 0.0000
34888.5993 0.0000
34875.2373 0.0000
35518.0408 0.0000
35408.7377 0.0000
35931.4625 0.0000
34844.1008 0.0000
35545.4174 0.0000
35192.8674 0.0000
36071.2168 0.0000
34899.4192 0.0000
36097.5565 0.0000
35639.2411 0.0000
35541.7306 0.0000
35397.9058 0.0000
36139.8464 0.0000
35749.7152 0.0000
36352.0660 0.0000
36043.9437 0.0000
36233.1890 0.0000
35364.4696 0.0000
35566.6764 0.0000
37405.2490 0.0000
37366.6180 0.0000
37097.6991 0.0000
37223.1491 0.0000
38387.0495 0.0000
37932.2509 0.0000
38672.7901 0.0000
39000.6736 0.0000
38224.0134 0.0000
38014.9709 0.0000
39051.0407 0.0000
40707.0958 0.0000
40714.7368 0.0000
40218.5940 0.0000
40657.3319 0.0000
40551.2306 0.0000
40134.7086 0.0000
41128.5083 0.0000
41272.7377 0.0000
40536.0083 0.0000
40615.5661 0.0000
40492.2455 0.0000
39822.7347 0.0000
41156.7285 0.0000
41278.2627 0.0000
42153.2890 0.0000
42259.4036 0.0000
41690.6953 0.0000
42072.6394 0.0000
41748.6267 0.0000
42310.9382 0.0000
41051.4125 0.0000
42140.2950 0.0000
42055.0354 0.0000
43139.3472 0.0000
42748.6371 0.0000
42669.4584 0.0000
43216.9515 0.0000
43439.1877 0.0000
43802.3280 0.0000
44655.3671 0.0000
45252.1976 0.0000
45387.1064 0.0000
44699.2005 0.0000
45573.8569 0.0000
46144.4271 0.0000
46556.4003 0.0000
46857.6738 0.0000
47327.2230 0.0000
47443.5551 0.0000
47981.2328 0.0000
48808.5228 0.0000
48568.8920 0.0000
48826.2946 0.0000
49014.4706 0.0000
49097.6692 0.0000
48381.4174 0.0000
50005.4564 0.0000
49951.5909 0.0000
49425.1597 0.0000
49423.4335 0.0000
49811.7281 0.0000
50159.9415 0.0000
49956.5429 0.0000
50431.7124 0.0000
50319.3291 0.0000
50946.4653 0.0000
50857.8585 0.0000
50620.7479 0.0000
50728.2415 0.0000
51334.4766 0.0000
50728.3462 0.0000
51429.3766 0.0000
52058.9382 0.0000
52517.3309 0.0000
52469.4467 0.0000
52865.7162 0.0000
52903.2008 0.0000
52936.8426 0.0000
53509.7938 0.0000
53721.1445 0.0000
53645.3019 0.0000
53727.1407 0.0000
54002.6552 0.0000
53399.0058 0.0000
53765.1035 0.0000
54313.8667 0.0000
54307.6794 0.0000
54712.5791 0.0000
55033.3781 0.0000
54215.8919 0.0000
54169.6708 0.0000
55918.8535 0.0000
55632.6148 0.0000
54726.2818 0.0000
56249.7074 0.0000
56246.8495 0.0000
57439.3611 0.0000
57353.9516 0.0000
57500.8141 0.0000
57698.6471 0.0000
57925.1652 0.0000
57677.5826 0.0000
58926.6092 0.0000
59250.2133 0.0000
58897.9851 0.0000
59456.3735 0.0000
59571.8230 0.0000
60113.3419 0.0000
59796.3465 0.0000
60949.0983 0.0000
60793.6931 0.0000
61670.9523 0.0000
61321.9858 0.0000
62986.2705 0.0000
63027.1032 0.0000
63582.9014 0.0000
63737.7898 0.0000
63595.7374 0.0000
64433.4216 0.0000
63898.9224 0.0000
65050.1149 0.0000
64608.7683 0.0000
64413.6302 0.0000
64441.2703 0.0000
64865.7934 0.0000
64160.6768 0.0000
63497.6445 0.0000
65375.4329 0.0000
64638.5582 0.0000
65553.5929 0.0000
65747.4206 0.0000
65742.2019 0.0000
65916.7905 0.0000
66357.1447 0.0000
67328.1880 0.0000
66250.0418 0.0000
68185.9284 0.0000
68129.0807 0.0000
68056.4834 0.0000
66831.8967 0.0000
68476.1462 0.0000
67680.5548 0.0000
67863.7256 0.0000
68125.6984 0.0000
68102.2060 0.0000
67145.3107 0.0000
68172.6889 0.0000
68276.9132 0.0000
68158.5154 0.0000
68666.8424 0.0000
69021.3641 0.0000
69748.1572 0.0000
69289.6817 0.0000
69732.4159 0.0000
70327.4185 0.0000
69652.3401 0.0000
69646.3045 0.0000
70468.2669 0.0000
70820.2322 0.0000
71563.1700 0.0000
71663.7455 0.0000
71832.2194 0.0000
72330.8148 0.0000
72767.7164 0.0000
72432.0433 0.0000
72607.0254 0.0000
72154.8453 0.0000
72330.5096 0.0000
72902.9115 0.0000
73153.2956 0.0000
73640.7236 0.0000
73719.1422 0.0000
73347.0022 0.0000
72952.3328 0.0000
73844.6091 0.0000
73981.3929 0.0000
73234.9216 0.0000
73394.5925 0.0000
73491.3657 0.0000
73609.1924 0.0000
74097.0772 0.0000
74119.8139 0.0000
73583.9296 0.0000
73998.7709 0.0000
75393.6819 0.0000
76880.6185 0.0000
77875.5534 0.0000
77054.3885 0.0000
78372.4174 0.0000
78391.0446 0.0000
78660.3173 0.0000
80111.6612 0.0000
79287.3426 0.0000
80101.1508 0.0000
79899.2774 0.0000
80747.3301 0.0000
81590.5883 0.0000
80739.0602 0.0000
80548.3778 0.0000
82391.9485 0.0000
82473.9064 0.0000
82746.2865 0.0000
83166.2177 0.0000
83414.4710 0.0000
84875.1682 0.0000
84746.0311 0.0000
84304.1619 0.0000
83814.3596 0.0000
84108.2197 0.0000
84246.8158 0.0000
84986.0002 0.0000
84559.1673 0.0000
84617.4633 0.0000
84172.7445 0.0000
84652.8106 0.0000
85943.7764 0.0000
85935.6593 0.0000
86139.7555 0.0000
85072.4293 0.0000
86583.9127 0.0000
86092.9185 0.0000
86114.7344 0.0000
87109.7269 0.0000
86946.6708 0.0000
87995.4786 0.0000
87487.5524 0.0000
87999.6136 0.0000
87920.4564 0.0000
87709.3018 0.0000
89358.4570 0.0000
89402.6092 0.0000
88770.1652 0.0000
88550.8650 0.0000
89478.2364 0.0000
90267.6307 0.0000
90606.9824 0.0000
90969.0779 0.0000
90396.7909 0.0000
90814.6043 0.0000
91213.4082 0.0000
91780.3045 0.0000
91139.3551 0.0000
91681.5860 0.0000
91895.9043 0.0000
91533.2444 0.0000
91339.5112 0.0000
92585.5121 0.0000
92227.6102 0.0000
93363.3769 0.0000
93516.9160 0.0000
92677.3146 0.0000
93277.9106 0.0000
93685.9756 0.0000
94445.2529 0.0000
94422.5588 0.0000
94640.4377 0.0000
95807.9236 0.0000
96141.2991 0.0000
97008.3706 0.0000
96177.5893 0.0000
97728.1451 0.0000
98351.8909 0.0000
100224.7477 0.0000
101168.2874 0.0000
101407.5759 0.0000
102441.2340 0.0000
102615.5109 0.0000
102982.6747 0.0000
103171.3391 0.0000
103356.2089 0.0000
103249.3815 0.0000
103595.4764 0.0000
103812.9075 0.0000
103623.0463 0.0000
103265.0215 0.0000
104556.1661 0.0000
104590.2891 0.0000
104427.0032 0.0000
104333.9532 0.0000
105519.5401 0.0000
104618.6244 0.0000
105317.3138 0.0000
105258.9403 0.0000
105442.8066 0.0000
105944.8691 0.0000
105757.0954 0.0000
106156.4809 0.0000
106884.5019 0.0000
107156.7068 0.0000
107087.4899 0.0000
107600.2591 0.0000
107167.5605 0.0000
107728.1866 0.0000
107840.6208 0.0000
107970.8174 0.0000
108772.0671 0.0000
108769.1834 0.0000
108890.9114 0.0000
108376.2215 0.0000
108891.5321 0.0000
108531.3585 0.0000
108863.8845 0.0000
108820.2897 0.0000
108867.5652 0.0000
109886.3264 0.0000
110196.1047 0.0000
108967.4435 0.0000
110064.6387 0.0000
110356.4639 0.0000
109599.4371 0.0000
110592.9653 0.0000
110116.6382 0.0000
111007.4335 0.0000
111401.4170 0.0000
110906.0326 0.0000
112124.9159 0.0000
111946.5361 0.0000
113382.6240 0.0000
113473.4644 0.0000
113682.1172 0.0000
113159.6364 0.0000
113393.1941 0.0000
114098.5982 0.0000
113832.7866 0.0000
113650.8415 0.0000
114461.6574 0.0000
114725.0491 0.0000
114221.6000 0.0000
114916.8426 0.0000
114654.4947 0.0000
115206.9601 0.0000
115098.0330 0.0000
114464.2628 0.0000
114720.6798 0.0000
115216.7450 0.0000
115767.9605 0.0000
116107.1195 0.0000
116513.0284 0.0000
116179.6266 0.0000
117388.1530 0.0000
117233.6689 0.0000
116835.6783 0.0000
117202.6257 0.0000
118115.3570 0.0000
118361.8718 0.0000
118466.0927 0.0000
117954.0536 0.0000
117652.4858 0.0000
118531.4792 0.0000
118815.6578 0.0000
118999.6320 0.0000
119112.3003 0.0000
119233.0908 0.0000
118724.1436 0.0000
119588.2126 0.0000
118792.2249 0.0000
120134.8470 0.0000
119472.5335 0.0000
119693.1406 0.0000
120268.0534 0.0000
121004.1602 0.0000
120733.5185 0.0000
121396.6591 0.0000
121754.8082 0.0000
121303.8086 0.0000
120833.7493 0.0000
122343.7128 0.0000
121884.4623 0.0000
122341.4429 0.0000
122300.4862 0.0000
122468.5513 0.0000
121971.7087 0.0000
122617.8699 0.0000
122760.3739 0.0000
122672.4665 0.0000
122213.0123 0.0000
122875.8705 0.0000
123163.3542 0.0000
123838.3907 0.0000
123177.9647 0.0000
123558.5632 0.0000
123746.7791 0.0000
123072.6703 0.0000
124390.4816 0.0000
124079.5430 0.0000
124282.3218 0.0000
124619.4463 0.0000
125069.2941 0.0000
125235.4734 0.0000
124805.9379 0.0000
125792.6005 0.0000
126643.6417 0.0000
126292.4204 0.0000
127154.5552 0.0000
126939.9519 0.0000
126572.4960 0.0000
127876.1913 0.0000
128248.5582 0.0000
128620.9004 0.0000
128999.3218 0.0000
129281.2375 0.0000
129913.2754 0.0000
129673.9635 0.0000
130114.6605 0.0000
130281.9566 0.0000
130592.5020 0.0000
130772.5221 0.0000
130670.6550 0.0000
130189.5360 0.0000
130737.7160 0.0000
130526.9580 0.0000
130463.5043 0.0000
130420.5169 0.0000
131039.9174 0.0000
131297.8852 0.0000
131624.4094 0.0000
131712.5611 0.0000
132518.6488 0.0000
132732.6135 0.0000
132235.7565 0.0000
132434.9778 0.0000
132332.3199 0.0000
133596.3286 0.0000
134977.9140 0.0000
134495.1033 0.0000
134211.9809 0.0000
134352.6472 0.0000
134684.6963 0.0000
135467.9818 0.0000
136238.1822 0.0000
136912.2643 0.0000
137374.9280 0.0000
137508.8743 0.0000
138268.3446 0.0000
137836.3389 0.0000
138398.6978 0.0000
137407.9060 0.0000
138517.8700 0.0000
138724.3968 0.0000
138686.2615 0.0000
138322.9511 0.0000
138086.9646 0.0000
139085.7026 0.0000
140025.4641 0.0000
140476.0829 0.0000
140842.2326 0.0000
140894.7836 0.0000
140757.0287 0.0000
141473.9372 0.0000
141619.4899 0.0000
141501.7975 0.0000
141582.3157 0.0000
140471.8205 0.0000
141376.9271 0.0000
143035.4313 0.0000
143616.0210 0.0000
144007.1146 0.0000
145522.4133 0.0000
146101.9745 0.0000
146089.4420 0.0000
146029.9102 0.0000
146515.9790 0.0000
146517.2064 0.0000
145916.2318 0.0000
146825.6779 0.0000
146742.2360 0.0000
148218.0626 0.0000
147626.3555 0.0000
148475.8678 0.0000
148385.9389 0.0000
148293.8201 0.0000
148105.0906 0.0000
147894.9531 0.0000
149158.2894 0.0000
149652.0813 0.0000
149970.2989 0.0000
149355.6698 0.0000
150756.5762 0.0000
150430.7367 0.0000
150036.7477 0.0000
150559.6721 0.0000
150017.4165 0.0000
150423.7664 0.0000
150623.3657 0.0000
150364.5089 0.0000
151908.1153 0.0000
151485.5598 0.0000
151782.4917 0.0000
150847.7905 0.0000
152189.6159 0.0000
151120.6054 0.0000
151400.8513 0.0000
151714.6317 0.0000
151975.3400 0.0000
151730.9913 0.0000
152507.1805 0.0000
153640.2594 0.0000
154244.0594 0.0000
153615.5405 0.0000
154042.1127 0.0000
153707.1778 0.0000
154412.0739 0.0000
154474.5394 0.0000
154442.5946 0.0000
155705.5404 0.0000
156337.2401 0.0000
157557.7067 0.0000
157498.5956 0.0000
156927.2823 0.0000
157309.8808 0.0000
157903.3374 0.0000
158778.3571 0.0000
159421.9766 0.0000
159261.3552 0.0000
159145.3563 0.0000
159804.0513 0.0000
159793.7552 0.0000
160428.9109 0.0000
159904.1542 0.0000
159670.1312 0.0000
160665.8455 0.0000
160275.2644 0.0000
160483.5747 0.0000
161372.8276 0.0000
161439.0512 0.0000
162452.7940 0.0000
161864.6594 0.0000
162202.0178 0.0000
162685.7277 0.0000
161681.4425 0.0000
163003.5180 0.0000
162602.1304 0.0000
162564.8031 0.0000
163608.2143 0.0000
163582.1867 0.0000
162925.1035 0.0000
164956.9965 0.0000
164980.2712 0.0000
164812.8033 0.0000
164775.7231 0.0000
164843.8047 0.0000
164403.1786 0.0000
166366.1119 0.0000
166053.1080 0.0000
167165.0511 0.0000
167943.6697 0.0000
168551.3566 0.0000
169480.9300 0.0000
168833.5165 0.0000
169370.3680 0.0000
168564.9577 0.0000
168585.8828 0.0000
169836.6839 0.0000
169626.9010 0.0000
169769.1588 0.0000
169537.2261 0.0000
168677.2962 0.0000
169232.0995 0.0000
169569.9819 0.0000
168973.1950 0.0000
169738.7742 0.0000
169807.2512 0.0000
169945.2328 0.0000
170889.7470 0.0000
172002.8825 0.0000
171552.9137 0.0000
172530.9004 0.0000
173711.4124 0.0000
175038.8629 0.0000
174126.4531 0.0000
174760.5871 0.0000
174929.5080 0.0000
175747.6938 0.0000
176598.6768 0.0000
176715.5307 0.0000
176654.9935 0.0000
176690.7404 0.0000
177186.4210 0.0000
175719.9196 0.0000
177806.6239 0.0000
176839.1464 0.0000
178857.1849 0.0000
178757.5406 0.0000
178334.5118 0.0000
178544.2538 0.0000
178176.6593 0.0000
178648.3794 0.0000
179097.9807 0.0000
179862.6300 0.0000
180079.2970 0.0000
180862.9585 0.0000
180534.8493 0.0000
179739.7690 0.0000
180286.2629 0.0000
180393.7206 0.0000
181769.6593 0.0000
181147.1081 0.0000
182328.9267 0.0000
182626.8774 0.0000
182560.0305 0.0000
182155.7318 0.0000
182961.9462 0.0000
182890.0533 0.0000
183014.1784 0.0000
183384.1850 0.0000
183090.7632 0.0000
183495.4924 0.0000
182915.9020 0.0000
184468.0931 0.0000
183577.2249 0.0000
185228.5324 0.0000
185464.6542 0.0000
185137.9668 0.0000
185421.5900 0.0000
186154.6691 0.0000
186825.4936 0.0000
187462.4340 0.0000
188161.0680 0.0000
187533.2238 0.0000
188415.7892 0.0000
187685.0027 0.0000
187653.4083 0.0000
188620.6215 0.0000
188732.1914 0.0000
188222.2983 0.0000
188329.2194 0.0000
189514.1499 0.0000
190024.7193 0.0000
190468.7356 0.0000
190940.1510 0.0000
191034.2468 0.0000
190612.3635 0.0000
190468.6273 0.0000
191258.1453 0.0000
191437.9435 0.0000
191408.7047 0.0000
191790.4252 0.0000
192514.1972 0.0000
192002.3927 0.0000
192058.4648 0.0000
191943.1094 0.0000
192180.0191 0.0000
193078.3251 0.0000
192114.6657 0.0000
193669.5841 0.0000
193491.7283 0.0000
192934.2329 0.0000
193549.4703 0.0000
193883.6978 0.0000
194343.3573 0.0000
193974.5279 0.0000
193518.0946 0.0000
194429.5917 0.0000
194346.4272 0.0000
194399.4263 0.0000
195200.4060 0.0000
195074.1468 0.0000
196140.5709 0.0000
195618.1298 0.0000
194774.8459 0.0000
196861.3871 0.0000
197780.5166 0.0000
196849.5243 0.0000
197405.6439 0.0000
197162.5594 0.0000
199121.1426 0.0000
199658.4102 0.0000
200259.5691 0.0000
199912.7564 0.0000
200784.1537 0.0000
201540.9801 0.0000
201302.9570 0.0000
201685.1696 0.0000
201335.1621 0.0000
201273.8587 0.0000
200036.1509 0.0000
201840.7079 0.0000
202621.6019 0.0000
201879.7295 0.0000
202022.4432 0.0000
202934.8873 0.0000
202886.8462 0.0000
202514.4618 0.0000
203569.1660 0.0000
204487.3984 0.0000
205142.9482 0.0000
204962.8375 0.0000
205202.9192 0.0000
205310.2215 0.0000
205865.9164 0.0000
204992.2345 0.0000
205399.5341 0.0000
206062.1568 0.0000
205218.3616 0.0000
206150.2753 0.0000
205501.7591 0.0000
205209.9151 0.0000
206047.0807 0.0000
206713.2048 0.0000
206161.3101 0.0000
207005.5045 0.0000
207461.0067 0.0000
207371.0115 0.0000
207216.7526 0.0000
207414.7764 0.0000
206815.5449 0.0000
207248.0429 0.0000
207387.0260 0.0000
208075.5092 0.0000
207555.0291 0.0000
207428.1169 0.0000
207675.2456 0.0000
207445.4174 0.0000
207894.9516 0.0000
207151.3881 0.0000
207833.2008 0.0000
208066.6963 0.0000
208536.5842 0.0000
208890.4300 0.0000
209388.6702 0.0000
208763.5227 0.0000
209410.4078 0.0000
208652.8260 0.0000
209162.1124 0.0000
209936.6617 0.0000
209896.3356 0.0000
209603.8370 0.0000
209984.9427 0.0000
210388.8458 0.0000
211541.8702 0.0000
211724.1584 0.0000
210954.7118 0.0000
211624.8379 0.0000
211505.2807 0.0000
211960.7832 0.0000
210207.2554 0.0000
212091.2653 0.0000
212910.5444 0.0000
212159.0923 0.0000
212230.7147 0.0000
212941.2657 0.0000
213084.3872 0.0000
212968.8266 0.0000
212396.7823 0.0000
213451.0957 0.0000
213212.5169 0.0000
213735.1426 0.0000
214417.8332 0.0000
214827.7360 0.0000
214772.1187 0.0000
215328.8861 0.0000
214691.4044 0.0000
215037.6035 0.0000
215700.6717 0.0000
215711.7568 0.0000
215973.3774 0.0000
215334.1323 0.0000
216160.4575 0.0000
215848.1903 0.0000
215382.3579 0.0000
216673.3354 0.0000
215781.2065 0.0000
216729.9265 0.0000
216564.3189 0.0000
216447.4060 0.0000
217283.9486 0.0000
217952.9784 0.0000
217676.3455 0.0000
218415.2684 0.0000
218223.7346 0.0000
218747.8311 0.0000
219243.4079 0.0000
218725.0709 0.0000
219173.9414 0.0000
220108.3971 0.0000
218994.8603 0.0000
219003.8945 0.0000
219837.9007 0.0000
219056.6367 0.0000
219505.3923 0.0000
220765.8856 0.0000
220464.3424 0.0000
220871.2638 0.0000
221352.7664 0.0000
221759.5647 0.0000
222048.2633 0.0000
222389.8010 0.0000
223488.0702 0.0000
224391.6527 0.0000
222750.9312 0.0000
224020.3085 0.0000
223606.4262 0.0000
224133.8731 0.0000
225858.7576 0.0000
227063.1335 0.0000
225986.7867 0.0000
226669.0638 0.0000
227785.6512 0.0000
228140.8023 0.0000
228167.1594 0.0000
227635.0752 0.0000
228065.5064 0.0000
228867.7707 0.0000
228517.4490 0.0000
229194.9296 0.0000
228452.3473 0.0000
230638.1556 0.0000
229594.2575 0.0000
230609.2235 0.0000
230125.8809 0.0000
230387.0280 0.0000
229915.8852 0.0000
230214.0544 0.0000
230090.9055 0.0000
229917.3972 0.0000
231136.2528 0.0000
231394.8902 0.0000
231190.2646 0.0000
230960.7308 0.0000
230839.8911 0.0000
231840.7264 0.0000
231760.6297 0.0000
231651.4037 0.0000
232063.1577 0.0000
231931.3930 0.0000
231533.1141 0.0000
232153.7490 0.0000
232387.7548 0.0000
231618.4535 0.0000
231660.9325 0.0000
231746.6934 0.0000
232200.3555 0.0000
232151.0484 0.0000
231746.7966 0.0000
232556.0225 0.0000
231568.8882 0.0000
232383.2855 0.0000
232395.0726 0.0000
232023.4070 0.0000
231773.1998 0.0000
232788.5631 0.0000
233540.0836 0.0000
233903.3988 0.0000
234551.8419 0.0000
234837.6199 0.0000
235009.3787 0.0000
234589.8202 0.0000
234500.3185 0.0000
234823.8441 0.0000
234670.1560 0.0000
234689.5107 0.0000
235847.1169 0.0000
235478.1854 0.0000
236383.6696 0.0000
236471.9921 0.0000
236211.6089 0.0000
236940.8465 0.0000
237060.4544 0.0000
237111.0711 0.0000
237165.6837 0.0000
237854.0375 0.0000
237714.5144 0.0000
236693.9550 0.0000
237985.9805 0.0000
238428.9627 0.0000
237525.9959 0.0000
238932.7207 0.0000
239083.9184 0.0000
237650.0647 0.0000
238528.2894 0.0000
238674.7998 0.0000
238471.1381 0.0000
239170.2612 0.0000
238254.1684 0.0000
239358.7320 0.0000
239803.7479 0.0000
240215.5624 0.0000
239806.0091 0.0000
240056.3153 0.0000
241221.5401 0.0000
241913.5366 0.0000
241603.0322 0.0000
241521.1141 0.0000
241478.6021 0.0000
241352.2102 0.0000
242160.2978 0.0000
241771.4339 0.0000
241219.1530 0.0000
243371.3259 0.0000
242551.6212 0.0000
243456.1952 0.0000
244058.8667 0.0000
244905.4270 0.0000
244296.7309 0.0000
244374.1990 0.0000
244711.0986 0.0000
244162.7353 0.0000
243902.1617 0.0000
244396.1806 0.0000
245119.0999 0.0000
244952.1561 0.0000
245603.5194 0.0000
246074.8925 0.0000
246031.0961 0.0000
245676.8065 0.0000
246940.3107 0.0000
247899.7820 0.0000
248328.1914 0.0000
248357.4500 0.0000
248187.9447 0.0000
249036.9386 0.0000
248307.4682 0.0000
249919.8561 0.0000
249851.2896 0.0000
249929.8655 0.0000
250632.1842 0.0000
250559.5442 0.0000
250759.8154 0.0000
250764.7480 0.0000
250114.7233 0.0000
250323.5799 0.0000
250894.8219 0.0000
250787.5624 0.0000
250369.8017 0.0000
250524.7599 0.0000
251210.2189 0.0000
251560.2382 0.0000
251832.7987 0.0000
251191.0772 0.0000
251635.1970 0.0000
251813.1864 0.0000
252759.4314 0.0000
253223.6820 0.0000
252966.6500 0.0000
252363.6043 0.0000
254130.2880 0.0000
254217.7524 0.0000
254273.5981 0.0000
254573.0292 0.0000
254751.7819 0.0000
254465.2523 0.0000
254324.0397 0.0000
254884.2642 0.0000
254833.5608 0.0000
254621.3913 0.0000
253884.3271 0.0000
255233.7598 0.0000
255961.3199 0.0000
256251.3042 0.0000
256502.7967 0.0000
257371.1082 0.0000
256796.6614 0.0000
256669.6334 0.0000
258029.7982 0.0000
259301.7922 0.0000
259357.3771 0.0000
258522.7378 0.0000
259815.2513 0.0000
260044.4521 0.0000
260094.9851 0.0000
260154.1096 0.0000
259448.4906 0.0000
260316.7686 0.0000
260060.1286 0.0000
260443.3983 0.0000
260311.4455 0.0000
260677.6513 0.0000
260688.1951 0.0000
260119.2397 0.0000
261035.6133 0.0000
260924.0377 0.0000
259861.6340 0.0000
260488.9781 0.0000
259920.6787 0.0000
261238.2859 0.0000
260668.8651 0.0000
261041.5253 0.0000
261164.5375 0.0000
261428.4450 0.0000
261736.8902 0.0000
259924.5405 0.0000
261790.1664 0.0000
261211.4872 0.0000
262193.5762 0.0000
262104.1561 0.0000
262818.1381 0.0000
262672.0764 0.0000
262553.6092 0.0000
263089.1725 0.0000
263311.1358 0.0000
263687.6187 0.0000
263118.4081 0.0000
264037.3055 0.0000
264481.0204 0.0000
263892.4956 0.0000
263164.0925 0.0000
265392.6894 0.0000
266001.0513 0.0000
265417.7513 0.0000
265764.1290 0.0000
265076.2724 0.0000
265899.5780 0.0000
265468.6058 0.0000
265956.1532 0.0000
265863.8227 0.0000
267326.0152 0.0000
267579.1413 0.0000
268030.9839 0.0000
268118.4801 0.0000
268000.9131 0.0000
268810.5464 0.0000
268125.9661 0.0000
268618.2184 0.0000
268518.6581 0.0000
268907.9122 0.0000
268903.1597 0.0000
270423.7894 0.0000
270085.2168 0.0000
269569.5118 0.0000
269978.5885 0.0000
270111.5281 0.0000
270364.8597 0.0000
269794.1248 0.0000
270791.6361 0.0000
270216.3180 0.0000
270039.3777 0.0000
270067.4226 0.0000
270902.3433 0.0000
271859.1494 0.0000
271064.5416 0.0000
271190.5176 0.0000
270339.9618 0.0000
273252.7484 0.0000
271916.1398 0.0000
273113.9001 0.0000
271928.9443 0.0000
273810.5381 0.0000
274189.5999 0.0000
275834.6479 0.0000
276055.7290 0.0000
275803.1789 0.0000
275765.8899 0.0000
276976.3093 0.0000
276190.4883 0.0000
277926.0560 0.0000
278776.9299 0.0000
279529.3059 0.0000
279546.8216 0.0000
279748.1218 0.0000
280335.0089 0.0000
280722.0404 0.0000
280592.8199 0.0000
280985.5345 0.0000
279786.0376 0.0000
280372.0773 0.0000
281167.1036 0.0000
281083.7210 0.0000
281640.5048 0.0000
282088.3477 0.0000
282213.1505 0.0000
282285.2256 0.0000
282404.0021 0.0000
281704.7179 0.0000
283221.8651 0.0000
282667.9527 0.0000
282632.4813 0.0000
282509.8739 0.0000
282588.7741 0.0000
282880.2711 0.0000
283016.1224 0.0000
283143.7370 0.0000
283134.4441 0.0000
282821.6647 0.0000
283046.2111 0.0000
284302.5753 0.0000
284590.7034 0.0000
285421.2152 0.0000
285946.0614 0.0000
286217.3722 0.0000
286116.3546 0.0000
285205.3211 0.0000
286295.2179 0.0000
286333.1802 0.0000
286288.7308 0.0000
286425.4701 0.0000
285968.9527 0.0000
286095.9279 0.0000
285793.0837 0.0000
287689.5496 0.0000
288462.0085 0.0000
288307.6586 0.0000
287887.5121 0.0000
289285.0811 0.0000
289259.3279 0.0000
289250.1774 0.0000
289552.9141 0.0000
289382.9019 0.0000
289693.8045 0.0000
291368.3673 0.0000
291174.3337 0.0000
290954.2073 0.0000
