-100.0000 -100.0000
3552.1853 0.0000
4703.8726 0.0000
3889.0376 0.0000
5069.7588 0.0000
5832.4090 0.0000
5897.3323 0.0000
5522.5484 0.0000
6746.8118 0.0000
6431.3724 0.0000
7870.6595 0.0000
6954.9693 0.0000
8225.7114 0.0000
7497.3801 0.0000
7442.6528 0.0000
8887.4052 0.0000
8356.3237 0.0000
9499.6675 0.0000
9309.7651 0.0000
9234.7370 0.0000
8692.4586 0.0000
10426.3787 0.0000
10321.1432 0.0000
10800.2767 0.0000
10641.6388 0.0000
11510.9270 0.0000
11109.8100 0.0000
11710.8162 0.0000
11749.4688 0.0000
12443.3962 0.0000
12099.4934 0.0000
11893.2752 0.0000
12732.8706 0.0000
12957.0618 0.0000
12886.3518 0.0000
13424.8978 0.0000
13541.3389 0.0000
14505.0117 0.0000
14693.9362 0.0000
15165.4853 0.0000
15574.3049 0.0000
15532.5703 0.0000
15980.5077 0.0000
15905.3421 0.0000
16468.9578 0.0000
16804.7260 0.0000
17589.2786 0.0000
18111.1040 0.0000
17978.7481 0.0000
18144.8904 0.0000
18641.0218 0.0000
18417.4142 0.0000
19525.7529 0.0000
19097.0130 0.0000
19134.7065 0.0000
19536.1776 0.0000
19291.0584 0.0000
19092.5334 0.0000
20430.0155 0.0000
20783.6251 0.0000
20780.3846 0.0000
21317.6277 0.0000
20445.9018 0.0000
20672.0389 0.0000
21253.7373 0.0000
20488.1492 0.0000
22215.8988 0.0000
22515.2061 0.0000
21395.8161 0.0000
22650.3975 0.0000
21843.3594 0.0000
22303.6005 0.0000
22822.1145 0.0000
23593.1127 0.0000
22809.7124 0.0000
23548.8434 0.0000
23518.4980 0.0000
24736.2281 0.0000
25128.5408 0.0000
24790.3937 0.0000
25452.1446 0.0000
24786.0279 0.0000
26071.5117 0.0000
26595.6619 0.0000
27355.3469 0.0000
27164.6573 0.0000
28401.2127 0.0000
28131.7733 0.0000
28351.9563 0.0000
28263.5901 0.0000
29144.3684 0.0000
29626.7631 0.0000
29449.8507 0.0000
29613.4573 0.0000
29531.6066 0.0000
30051.0947 0.0000
29237.9523 0.0000
30298.9182 0.0000
30007.3645 0.0000
30041.8318 0.0000
31276.3636 0.0000
31720.1585 0.0000
30964.6590 0.0000
31801.2076 0.0000
31970.3685 0.0000
32181.4712 0.0000
31415.6756 0.0000
32233.3045 0.0000
31795.9865 0.0000
32064.8909 0.0000
32551.4162 0.0000
33046.0821 0.0000
33483.7221 0.0000
33561.9805 0.0000
33593.2824 0.0000
32758.8706 0.0000
33291.4299 0.0000
33626.6386 0.0000
33609.6123 0.0000
34528.0474 0.0000
34152.6225 0.0000
35082.6270 0.0000
35026.2810 0.0000
35092.1598 0.0000
35093.2354 0.0000
35017.9234 0.0000
35109.7447 0.0000
35023.6367 0.0000
35010.2746 0.0000
35653.0782 0.0000
35543.7750 0.0000
36066.4998 0.0000
34979.1381 0.0000
35680.4548 0.0000
35327.9047 0.0000
36206.2542 0.0000
35034.4566 0.0000
36232.5939 0.0000
35774.2785 0.0000
35676.7679 0.0000
35532.9431 0.0000
36274.8838 0.0000
35884.7526 0.0000
36487.1033 0.0000
36178.9811 0.0000
36368.2263 0.0000
35499.5069 0.0000
35701.7137 0.0000
37540.2863 0.0000
37501.6554 0.0000
37232.7365 0.0000
37358.1865 0.0000
38522.0869 0.0000
38067.2882 0.0000
38807.8275 0.0000
39135.7110 0.0000
38359.0508 0.0000
38150.0083 0.0000
39186.0780 0.0000
40842.1331 0.0000
40849.7741 0.0000
40353.6313 0.0000
40792.3693 0.0000
40686.2680 0.0000
40269.7459 0.0000
41263.5456 0.0000
41407.7751 0.0000
40671.0457 0.0000
40750.6034 0.0000
40627.2829 0.0000
39957.7721 0.0000
41291.7659 0.0000
41413.3001 0.0000
42288.3263 0.0000
42394.4410 0.0000
41825.7327 0.0000
42207.6768 0.0000
41883.6640 0.0000
42445.9755 0.0000
41186.4498 0.0000
42275.3324 0.0000
42190.0727 0.0000
43274.3846 0.0000
42883.6745 0.0000
42804.4958 0.0000
43351.9889 0.0000
43574.2251 0.0000
43937.3653 0.0000
44790.4045 0.0000
45387.2350 0.0000
45522.1438 0.0000
44834.2379 0.0000
45708.8942 0.0000
46279.4644 0.0000
46691.4377 0.0000
46992.7112 0.0000
47462.2604 0.0000
47578.5924 0.0000
48116.2702 0.0000
48943.5601 0.0000
48703.9294 0.0000
48961.3320 0.0000
49149.5080 0.0000
49232.7065 0.0000
48516.4548 0.0000
50140.4938 0.0000
50086.6283 0.0000
49560.1971 0.0000
49558.4709 0.0000
49946.7654 0.0000
50294.9789 0.0000
50091.5802 0.0000
50566.7497 0.0000
50454.3665 0.0000
51081.5026 0.0000
50992.8958 0.0000
50755.7852 0.0000
50863.2789 0.0000
51469.5139 0.0000
50863.3836 0.0000
51564.4139 0.0000
52193.9756 0.0000
52652.3683 0.0000
52604.4841 0.0000
53000.7536 0.0000
53038.2382 0.0000
53071.8800 0.0000
53644.8311 0.0000
53856.1818 0.0000
53780.3393 0.0000
53862.1780 0.0000
54137.6926 0.0000
53534.0432 0.0000
53900.1408 0.0000
54448.9040 0.0000
54442.7167 0.0000
54847.6164 0.0000
55168.4155 0.0000
54350.9293 0.0000
54304.7082 0.0000
56053.8909 0.0000
55767.6521 0.0000
54861.3192 0.0000
56384.7448 0.0000
56381.8869 0.0000
57574.3985 0.0000
57488.9890 0.0000
57635.8515 0.0000
57833.6845 0.0000
58060.2026 0.0000
57812.6199 0.0000
59061.6465 0.0000
59385.2507 0.0000
59033.0225 0.0000
59591.4109 0.0000
59706.8603 0.0000
60248.3793 0.0000
59931.3839 0.0000
61084.1357 0.0000
60928.7305 0.0000
61805.9896 0.0000
61457.0231 0.0000
63121.3078 0.0000
63162.1406 0.0000
63717.9388 0.0000
63872.8272 0.0000
63730.7748 0.0000
64568.4590 0.0000
64033.9597 0.0000
65185.1522 0.0000
64743.8056 0.0000
64548.6676 0.0000
64576.3077 0.0000
65000.8308 0.0000
64295.7142 0.0000
63632.6819 0.0000
65510.4702 0.0000
64773.5955 0.0000
65688.6303 0.0000
65882.4580 0.0000
65877.2393 0.0000
66051.8279 0.0000
66492.1820 0.0000
67463.2254 0.0000
66385.0791 0.0000
68320.9657 0.0000
68264.1181 0.0000
68191.5207 0.0000
66966.9341 0.0000
68611.1835 0.0000
67815.5921 0.0000
67998.7629 0.0000
68260.7358 0.0000
68237.2434 0.0000
67280.3480 0.0000
68307.7262 0.0000
68411.9506 0.0000
68293.5528 0.0000
68801.8798 0.0000
69156.4014 0.0000
69883.1946 0.0000
69424.7191 0.0000
69867.4532 0.0000
70462.4559 0.0000
69787.3775 0.0000
69781.3418 0.0000
70603.3042 0.0000
70955.2696 0.0000
71698.2074 0.0000
71798.7829 0.0000
71967.2568 0.0000
72465.8522 0.0000
72902.7538 0.0000
72567.0806 0.0000
72742.0628 0.0000
72289.8826 0.0000
72465.5470 0.0000
73037.9488 0.0000
73288.3330 0.0000
73775.7609 0.0000
73854.1795 0.0000
73482.0396 0.0000
73087.3702 0.0000
73979.6464 0.0000
74116.4303 0.0000
73369.9590 0.0000
73529.6299 0.0000
73626.4030 0.0000
73744.2298 0.0000
74232.1145 0.0000
74254.8513 0.0000
73718.9670 0.0000
74133.8083 0.0000
75528.7193 0.0000
77015.6559 0.0000
78010.5907 0.0000
77189.4258 0.0000
78507.4548 0.0000
78526.0819 0.0000
78795.3547 0.0000
80246.6986 0.0000
79422.3799 0.0000
80236.1882 0.0000
80034.3148 0.0000
80882.3674 0.0000
81725.6256 0.0000
80874.0976 0.0000
80683.4152 0.0000
82526.9859 0.0000
82608.9437 0.0000
82881.3238 0.0000
83301.2551 0.0000
83549.5084 0.0000
85010.2056 0.0000
84881.0685 0.0000
84439.1993 0.0000
83949.3970 0.0000
84243.2571 0.0000
84381.8531 0.0000
85121.0375 0.0000
84694.2047 0.0000
84752.5007 0.0000
84307.7819 0.0000
84787.8480 0.0000
86078.8138 0.0000
86070.6967 0.0000
86274.7928 0.0000
85207.4667 0.0000
86718.9500 0.0000
86227.9558 0.0000
86249.7717 0.0000
87244.7642 0.0000
87081.7082 0.0000
88130.5160 0.0000
87622.5898 0.0000
88134.6509 0.0000
88055.4937 0.0000
87844.3392 0.0000
89493.4944 0.0000
89537.6465 0.0000
88905.2026 0.0000
88685.9023 0.0000
89613.2738 0.0000
90402.6681 0.0000
90742.0197 0.0000
91104.1153 0.0000
90531.8283 0.0000
90949.6416 0.0000
91348.4456 0.0000
91915.3419 0.0000
91274.3925 0.0000
91816.6233 0.0000
92030.9417 0.0000
91668.2818 0.0000
91474.5485 0.0000
92720.5495 0.0000
92362.6476 0.0000
93498.4143 0.0000
93651.9534 0.0000
92812.3520 0.0000
93412.9479 0.0000
93821.0129 0.0000
94580.2903 0.0000
94557.5962 0.0000
94775.4751 0.0000
95942.9610 0.0000
96276.3364 0.0000
97143.4080 0.0000
96312.6266 0.0000
97863.1825 0.0000
98486.9282 0.0000
100359.7851 0.0000
101303.3248 0.0000
101542.6133 0.0000
102576.2714 0.0000
102750.5482 0.0000
103117.7121 0.0000
103306.3764 0.0000
103491.2463 0.0000
103384.4189 0.0000
103730.5138 0.0000
103947.9449 0.0000
103758.0837 0.0000
103400.0589 0.0000
104691.2034 0.0000
104725.3265 0.0000
104562.0405 0.0000
104468.9905 0.0000
105654.5775 0.0000
104753.6617 0.0000
105452.3512 0.0000
105393.9777 0.0000
105577.8440 0.0000
106079.9064 0.0000
105892.1328 0.0000
106291.5183 0.0000
107019.5393 0.0000
107291.7441 0.0000
107222.5272 0.0000
107735.2965 0.0000
107302.5979 0.0000
107863.2240 0.0000
107975.6582 0.0000
108105.8548 0.0000
108907.1044 0.0000
108904.2208 0.0000
109025.9487 0.0000
108511.2588 0.0000
109026.5695 0.0000
108666.3959 0.0000
108998.9218 0.0000
108955.3271 0.0000
109002.6026 0.0000
110021.3638 0.0000
110331.1420 0.0000
109102.4808 0.0000
110199.6761 0.0000
110491.5013 0.0000
109734.4745 0.0000
110728.0027 0.0000
110251.6756 0.0000
111142.4709 0.0000
111536.4543 0.0000
111041.0699 0.0000
112259.9533 0.0000
112081.5735 0.0000
113517.6613 0.0000
113608.5018 0.0000
113817.1546 0.0000
113294.6738 0.0000
113528.2315 0.0000
114233.6356 0.0000
113967.8239 0.0000
113785.8789 0.0000
114596.6948 0.0000
114860.0864 0.0000
114356.6373 0.0000
115051.8800 0.0000
114789.5320 0.0000
115341.9974 0.0000
115233.0704 0.0000
114599.3002 0.0000
114855.7172 0.0000
115351.7824 0.0000
115902.9979 0.0000
116242.1568 0.0000
116648.0657 0.0000
116314.6640 0.0000
117523.1903 0.0000
117368.7063 0.0000
116970.7157 0.0000
117337.6631 0.0000
118250.3944 0.0000
118496.9092 0.0000
118601.1301 0.0000
118089.0910 0.0000
117787.5232 0.0000
118666.5166 0.0000
118950.6951 0.0000
119134.6694 0.0000
119247.3376 0.0000
119368.1282 0.0000
118859.1810 0.0000
119723.2499 0.0000
118927.2622 0.0000
120269.8843 0.0000
119607.5709 0.0000
119828.1779 0.0000
120403.0908 0.0000
121139.1975 0.0000
120868.5558 0.0000
121531.6965 0.0000
121889.8456 0.0000
121438.8459 0.0000
120968.7867 0.0000
122478.7501 0.0000
122019.4996 0.0000
122476.4802 0.0000
122435.5236 0.0000
122603.5886 0.0000
122106.7461 0.0000
122752.9073 0.0000
122895.4113 0.0000
122807.5039 0.0000
122348.0496 0.0000
123010.9079 0.0000
123298.3916 0.0000
123973.4281 0.0000
123313.0021 0.0000
123693.6005 0.0000
123881.8165 0.0000
123207.7076 0.0000
124525.5190 0.0000
124214.5803 0.0000
124417.3592 0.0000
124754.4836 0.0000
125204.3315 0.0000
125370.5108 0.0000
124940.9752 0.0000
125927.6379 0.0000
126778.6791 0.0000
126427.4578 0.0000
127289.5926 0.0000
127074.9893 0.0000
126707.5334 0.0000
128011.2287 0.0000
128383.5955 0.0000
128755.9377 0.0000
129134.3591 0.0000
129416.2749 0.0000
130048.3128 0.0000
129809.0009 0.0000
130249.6979 0.0000
130416.9940 0.0000
130727.5393 0.0000
130907.5594 0.0000
130805.6924 0.0000
130324.5734 0.0000
130872.7534 0.0000
130661.9953 0.0000
130598.5416 0.0000
130555.5543 0.0000
131174.9548 0.0000
131432.9226 0.0000
131759.4467 0.0000
131847.5985 0.0000
132653.6862 0.0000
132867.6508 0.0000
132370.7939 0.0000
132570.0151 0.0000
132467.3572 0.0000
133731.3660 0.0000
135112.9514 0.0000
134630.1407 0.0000
134347.0183 0.0000
134487.6845 0.0000
134819.7337 0.0000
135603.0192 0.0000
136373.2196 0.0000
137047.3017 0.0000
137509.9653 0.0000
137643.9117 0.0000
138403.3820 0.0000
137971.3763 0.0000
138533.7351 0.0000
137542.9434 0.0000
138652.9073 0.0000
138859.4342 0.0000
138821.2989 0.0000
138457.9884 0.0000
138222.0019 0.0000
139220.7399 0.0000
140160.5015 0.0000
140611.1202 0.0000
140977.2699 0.0000
141029.8210 0.0000
140892.0661 0.0000
141608.9745 0.0000
141754.5273 0.0000
141636.8348 0.0000
141717.3530 0.0000
140606.8578 0.0000
141511.9645 0.0000
143170.4687 0.0000
143751.0584 0.0000
144142.1520 0.0000
145657.4507 0.0000
146237.0119 0.0000
146224.4794 0.0000
146164.9475 0.0000
146651.0163 0.0000
146652.2438 0.0000
146051.2692 0.0000
146960.7153 0.0000
146877.2734 0.0000
148353.0999 0.0000
147761.3928 0.0000
148610.9052 0.0000
148520.9763 0.0000
148428.8575 0.0000
148240.1279 0.0000
148029.9905 0.0000
149293.3267 0.0000
149787.1186 0.0000
150105.3363 0.0000
149490.7071 0.0000
150891.6136 0.0000
150565.7740 0.0000
150171.7851 0.0000
150694.7094 0.0000
150152.4539 0.0000
150558.8037 0.0000
150758.4031 0.0000
150499.5463 0.0000
152043.1527 0.0000
151620.5971 0.0000
151917.5290 0.0000
150982.8279 0.0000
152324.6533 0.0000
151255.6428 0.0000
151535.8886 0.0000
151849.6691 0.0000
152110.3773 0.0000
151866.0286 0.0000
152642.2178 0.0000
153775.2967 0.0000
154379.0968 0.0000
153750.5778 0.0000
154177.1500 0.0000
153842.2151 0.0000
154547.1112 0.0000
154609.5767 0.0000
154577.6319 0.0000
155840.5777 0.0000
156472.2775 0.0000
157692.7441 0.0000
157633.6330 0.0000
157062.3197 0.0000
157444.9182 0.0000
158038.3748 0.0000
158913.3945 0.0000
159557.0140 0.0000
159396.3926 0.0000
159280.3937 0.0000
159939.0887 0.0000
159928.7926 0.0000
160563.9483 0.0000
160039.1916 0.0000
159805.1685 0.0000
160800.8828 0.0000
160410.3017 0.0000
160618.6120 0.0000
161507.8649 0.0000
161574.0886 0.0000
162587.8313 0.0000
161999.6968 0.0000
162337.0552 0.0000
162820.7651 0.0000
161816.4798 0.0000
163138.5553 0.0000
162737.1677 0.0000
162699.8405 0.0000
163743.2516 0.0000
163717.2240 0.0000
163060.1408 0.0000
165092.0338 0.0000
165115.3086 0.0000
164947.8407 0.0000
164910.7605 0.0000
164978.8421 0.0000
164538.2160 0.0000
166501.1493 0.0000
166188.1454 0.0000
167300.0884 0.0000
168078.7071 0.0000
168686.3940 0.0000
169615.9674 0.0000
168968.5539 0.0000
169505.4053 0.0000
168699.9950 0.0000
168720.9202 0.0000
169971.7213 0.0000
169761.9383 0.0000
169904.1962 0.0000
169672.2634 0.0000
168812.3336 0.0000
169367.1368 0.0000
169705.0192 0.0000
169108.2324 0.0000
169873.8115 0.0000
169942.2886 0.0000
170080.2702 0.0000
171024.7844 0.0000
172137.9199 0.0000
171687.9511 0.0000
172665.9378 0.0000
173846.4498 0.0000
175173.9003 0.0000
174261.4905 0.0000
174895.6244 0.0000
175064.5453 0.0000
175882.7312 0.0000
176733.7141 0.0000
176850.5680 0.0000
176790.0309 0.0000
176825.7778 0.0000
177321.4584 0.0000
175854.9570 0.0000
177941.6613 0.0000
176974.1837 0.0000
178992.2222 0.0000
178892.5780 0.0000
178469.5492 0.0000
178679.2911 0.0000
178311.6967 0.0000
178783.4168 0.0000
179233.0181 0.0000
179997.6674 0.0000
180214.3344 0.0000
180997.9959 0.0000
180669.8867 0.0000
179874.8064 0.0000
180421.3002 0.0000
180528.7580 0.0000
181904.6967 0.0000
181282.1455 0.0000
182463.9640 0.0000
182761.9147 0.0000
182695.0679 0.0000
182290.7692 0.0000
183096.9836 0.0000
183025.0907 0.0000
183149.2158 0.0000
183519.2224 0.0000
183225.8006 0.0000
183630.5298 0.0000
183050.9393 0.0000
184603.1305 0.0000
183712.2622 0.0000
185363.5698 0.0000
185599.6915 0.0000
185273.0042 0.0000
185556.6274 0.0000
186289.7065 0.0000
186960.5310 0.0000
187597.4714 0.0000
188296.1053 0.0000
187668.2612 0.0000
188550.8266 0.0000
187820.0401 0.0000
187788.4457 0.0000
188755.6589 0.0000
188867.2288 0.0000
188357.3356 0.0000
188464.2567 0.0000
189649.1872 0.0000
190159.7567 0.0000
190603.7730 0.0000
191075.1884 0.0000
191169.2842 0.0000
190747.4009 0.0000
190603.6647 0.0000
191393.1826 0.0000
191572.9809 0.0000
191543.7421 0.0000
191925.4626 0.0000
192649.2346 0.0000
192137.4300 0.0000
192193.5021 0.0000
192078.1468 0.0000
192315.0565 0.0000
193213.3625 0.0000
192249.7031 0.0000
193804.6214 0.0000
193626.7657 0.0000
193069.2702 0.0000
193684.5077 0.0000
194018.7352 0.0000
194478.3947 0.0000
194109.5653 0.0000
193653.1320 0.0000
194564.6291 0.0000
194481.4645 0.0000
194534.4637 0.0000
195335.4433 0.0000
195209.1842 0.0000
196275.6083 0.0000
195753.1671 0.0000
194909.8832 0.0000
196996.4245 0.0000
197915.5540 0.0000
196984.5616 0.0000
197540.6812 0.0000
197297.5968 0.0000
199256.1799 0.0000
199793.4476 0.0000
200394.6065 0.0000
200047.7938 0.0000
200919.1911 0.0000
201676.0175 0.0000
201437.9944 0.0000
201820.2069 0.0000
201470.1995 0.0000
201408.8960 0.0000
200171.1883 0.0000
201975.7453 0.0000
202756.6392 0.0000
202014.7669 0.0000
202157.4805 0.0000
203069.9246 0.0000
203021.8836 0.0000
202649.4992 0.0000
203704.2034 0.0000
204622.4358 0.0000
205277.9856 0.0000
205097.8749 0.0000
205337.9566 0.0000
205445.2589 0.0000
206000.9538 0.0000
205127.2718 0.0000
205534.5714 0.0000
206197.1942 0.0000
205353.3990 0.0000
206285.3127 0.0000
205636.7965 0.0000
205344.9525 0.0000
206182.1180 0.0000
206848.2421 0.0000
206296.3475 0.0000
207140.5419 0.0000
207596.0440 0.0000
207506.0489 0.0000
207351.7899 0.0000
207549.8138 0.0000
206950.5823 0.0000
207383.0802 0.0000
207522.0633 0.0000
208210.5466 0.0000
207690.0665 0.0000
207563.1543 0.0000
207810.2829 0.0000
207580.4547 0.0000
208029.9889 0.0000
207286.4255 0.0000
207968.2382 0.0000
208201.7336 0.0000
208671.6216 0.0000
209025.4674 0.0000
209523.7076 0.0000
208898.5600 0.0000
209545.4451 0.0000
208787.8634 0.0000
209297.1498 0.0000
210071.6991 0.0000
210031.3729 0.0000
209738.8744 0.0000
210119.9801 0.0000
210523.8832 0.0000
211676.9076 0.0000
211859.1957 0.0000
211089.7492 0.0000
211759.8752 0.0000
211640.3180 0.0000
212095.8206 0.0000
210342.2928 0.0000
212226.3027 0.0000
213045.5818 0.0000
212294.1297 0.0000
212365.7520 0.0000
213076.3030 0.0000
213219.4246 0.0000
213103.8639 0.0000
212531.8197 0.0000
213586.1331 0.0000
213347.5543 0.0000
213870.1800 0.0000
214552.8706 0.0000
214962.7734 0.0000
214907.1560 0.0000
215463.9234 0.0000
214826.4417 0.0000
215172.6408 0.0000
215835.7091 0.0000
215846.7942 0.0000
216108.4148 0.0000
215469.1697 0.0000
216295.4949 0.0000
215983.2277 0.0000
215517.3952 0.0000
216808.3728 0.0000
215916.2438 0.0000
216864.9639 0.0000
216699.3563 0.0000
216582.4434 0.0000
217418.9860 0.0000
218088.0157 0.0000
217811.3829 0.0000
218550.3058 0.0000
218358.7719 0.0000
218882.8685 0.0000
219378.4452 0.0000
218860.1082 0.0000
219308.9787 0.0000
220243.4344 0.0000
219129.8976 0.0000
219138.9318 0.0000
219972.9381 0.0000
219191.6741 0.0000
219640.4297 0.0000
220900.9230 0.0000
220599.3798 0.0000
221006.3012 0.0000
221487.8037 0.0000
221894.6021 0.0000
222183.3007 0.0000
222524.8384 0.0000
223623.1076 0.0000
224526.6900 0.0000
222885.9686 0.0000
224155.3459 0.0000
223741.4635 0.0000
224268.9104 0.0000
225993.7950 0.0000
227198.1708 0.0000
226121.8240 0.0000
226804.1011 0.0000
227920.6886 0.0000
228275.8397 0.0000
228302.1968 0.0000
227770.1126 0.0000
228200.5437 0.0000
229002.8081 0.0000
228652.4863 0.0000
229329.9670 0.0000
228587.3847 0.0000
230773.1930 0.0000
229729.2948 0.0000
230744.2609 0.0000
230260.9183 0.0000
230522.0654 0.0000
230050.9226 0.0000
230349.0917 0.0000
230225.9429 0.0000
230052.4346 0.0000
231271.2901 0.0000
231529.9275 0.0000
231325.3019 0.0000
231095.7682 0.0000
230974.9284 0.0000
231975.7638 0.0000
231895.6671 0.0000
231786.4410 0.0000
232198.1950 0.0000
232066.4304 0.0000
231668.1515 0.0000
232288.7863 0.0000
232522.7922 0.0000
231753.4908 0.0000
231795.9699 0.0000
231881.7307 0.0000
232335.3929 0.0000
232286.0857 0.0000
231881.8339 0.0000
232691.0598 0.0000
231703.9255 0.0000
232518.3229 0.0000
232530.1100 0.0000
232158.4444 0.0000
231908.2372 0.0000
232923.6005 0.0000
233675.1209 0.0000
234038.4362 0.0000
234686.8792 0.0000
234972.6572 0.0000
235144.4161 0.0000
234724.8575 0.0000
234635.3559 0.0000
234958.8815 0.0000
234805.1933 0.0000
234824.5481 0.0000
235982.1542 0.0000
235613.2227 0.0000
236518.7070 0.0000
236607.0294 0.0000
236346.6463 0.0000
237075.8839 0.0000
237195.4918 0.0000
237246.1084 0.0000
237300.7211 0.0000
237989.0749 0.0000
237849.5517 0.0000
236828.9924 0.0000
238121.0179 0.0000
238564.0001 0.0000
237661.0332 0.0000
239067.7580 0.0000
239218.9557 0.0000
237785.1020 0.0000
238663.3267 0.0000
238809.8371 0.0000
238606.1754 0.0000
239305.2986 0.0000
238389.2058 0.0000
239493.7694 0.0000
239938.7852 0.0000
240350.5998 0.0000
239941.0464 0.0000
240191.3527 0.0000
241356.5774 0.0000
242048.5740 0.0000
241738.0695 0.0000
241656.1515 0.0000
241613.6394 0.0000
241487.2476 0.0000
242295.3352 0.0000
241906.4713 0.0000
241354.1904 0.0000
243506.3632 0.0000
242686.6586 0.0000
243591.2326 0.0000
244193.9041 0.0000
245040.4644 0.0000
244431.7683 0.0000
244509.2364 0.0000
244846.1360 0.0000
244297.7727 0.0000
244037.1991 0.0000
244531.2179 0.0000
245254.1372 0.0000
245087.1934 0.0000
245738.5568 0.0000
246209.9299 0.0000
246166.1335 0.0000
245811.8438 0.0000
247075.3480 0.0000
248034.8194 0.0000
248463.2288 0.0000
248492.4874 0.0000
248322.9821 0.0000
249171.9759 0.0000
248442.5056 0.0000
250054.8935 0.0000
249986.3270 0.0000
250064.9029 0.0000
250767.2216 0.0000
250694.5815 0.0000
250894.8528 0.0000
250899.7853 0.0000
250249.7607 0.0000
250458.6172 0.0000
251029.8593 0.0000
250922.5998 0.0000
250504.8391 0.0000
250659.7972 0.0000
251345.2562 0.0000
251695.2755 0.0000
251967.8360 0.0000
251326.1146 0.0000
251770.2344 0.0000
251948.2237 0.0000
252894.4688 0.0000
253358.7194 0.0000
253101.6874 0.0000
252498.6417 0.0000
254265.3254 0.0000
254352.7898 0.0000
254408.6355 0.0000
254708.0666 0.0000
254886.8192 0.0000
254600.2897 0.0000
254459.0771 0.0000
255019.3016 0.0000
254968.5982 0.0000
254756.4287 0.0000
254019.3645 0.0000
255368.7971 0.0000
256096.3573 0.0000
256386.3416 0.0000
256637.8341 0.0000
257506.1456 0.0000
256931.6988 0.0000
256804.6707 0.0000
258164.8355 0.0000
259436.8295 0.0000
259492.4145 0.0000
258657.7752 0.0000
259950.2887 0.0000
260179.4894 0.0000
260230.0225 0.0000
260289.1470 0.0000
259583.5279 0.0000
260451.8060 0.0000
260195.1659 0.0000
260578.4357 0.0000
260446.4828 0.0000
260812.6887 0.0000
260823.2325 0.0000
260254.2770 0.0000
261170.6507 0.0000
261059.0750 0.0000
259996.6714 0.0000
260624.0154 0.0000
260055.7161 0.0000
261373.3232 0.0000
260803.9025 0.0000
261176.5626 0.0000
261299.5749 0.0000
261563.4824 0.0000
261871.9276 0.0000
260059.5778 0.0000
261925.2038 0.0000
261346.5246 0.0000
262328.6135 0.0000
262239.1935 0.0000
262953.1755 0.0000
262807.1137 0.0000
262688.6465 0.0000
263224.2098 0.0000
263446.1732 0.0000
263822.6561 0.0000
263253.4455 0.0000
264172.3428 0.0000
264616.0578 0.0000
264027.5329 0.0000
263299.1298 0.0000
265527.7268 0.0000
266136.0887 0.0000
265552.7887 0.0000
265899.1664 0.0000
265211.3098 0.0000
266034.6154 0.0000
265603.6431 0.0000
266091.1906 0.0000
265998.8601 0.0000
267461.0526 0.0000
267714.1786 0.0000
268166.0213 0.0000
268253.5175 0.0000
268135.9505 0.0000
268945.5838 0.0000
268261.0035 0.0000
268753.2558 0.0000
268653.6955 0.0000
269042.9496 0.0000
269038.1971 0.0000
270558.8267 0.0000
270220.2542 0.0000
269704.5492 0.0000
270113.6259 0.0000
270246.5655 0.0000
270499.8971 0.0000
269929.1622 0.0000
270926.6735 0.0000
270351.3553 0.0000
270174.4151 0.0000
270202.4600 0.0000
271037.3806 0.0000
271994.1868 0.0000
271199.5790 0.0000
271325.5550 0.0000
270474.9992 0.0000
273387.7858 0.0000
272051.1771 0.0000
273248.9375 0.0000
272063.9817 0.0000
273945.5755 0.0000
274324.6373 0.0000
275969.6853 0.0000
276190.7664 0.0000
275938.2163 0.0000
275900.9273 0.0000
277111.3467 0.0000
276325.5257 0.0000
278061.0934 0.0000
278911.9673 0.0000
279664.3432 0.0000
279681.8589 0.0000
279883.1592 0.0000
280470.0463 0.0000
280857.0778 0.0000
280727.8573 0.0000
281120.5718 0.0000
279921.0750 0.0000
280507.1147 0.0000
281302.1410 0.0000
281218.7583 0.0000
281775.5422 0.0000
282223.3850 0.0000
282348.1878 0.0000
282420.2630 0.0000
282539.0394 0.0000
281839.7552 0.0000
283356.9025 0.0000
282802.9901 0.0000
282767.5187 0.0000
282644.9112 0.0000
282723.8115 0.0000
283015.3085 0.0000
283151.1598 0.0000
283278.7744 0.0000
283269.4815 0.0000
282956.7021 0.0000
283181.2484 0.0000
284437.6127 0.0000
284725.7407 0.0000
285556.2526 0.0000
286081.0988 0.0000
286352.4096 0.0000
286251.3920 0.0000
285340.3585 0.0000
286430.2553 0.0000
286468.2176 0.0000
286423.7681 0.0000
286560.5075 0.0000
286103.9900 0.0000
286230.9652 0.0000
285928.1210 0.0000
287824.5870 0.0000
288597.0459 0.0000
288442.6959 0.0000
288022.5495 0.0000
289420.1185 0.0000
289394.3652 0.0000
289385.2147 0.0000
289687.9514 0.0000
289517.9392 0.0000
289828.8419 0.0000
291503.4046 0.0000
291309.3710 0.0000
291089.2447 0.0000
