-100.0000 -100.0000
3632.4758 0.0000
4784.3229 0.0000
3969.3001 0.0000
5150.0404 0.0000
5912.5465 0.0000
5977.4848 0.0000
5602.7497 0.0000
6827.0407 0.0000
6511.5882 0.0000
7950.8729 0.0000
7035.2055 0.0000
8305.9272 0.0000
7577.5907 0.0000
7522.8623 0.0000
8967.6077 0.0000
8436.5235 0.0000
9579.8740 0.0000
9389.9649 0.0000
9314.9525 0.0000
8772.6489 0.0000
10506.5726 0.0000
10401.3414 0.0000
10880.4697 0.0000
10721.8479 0.0000
11591.1251 0.0000
11190.0114 0.0000
11791.0098 0.0000
11829.6605 0.0000
12523.5836 0.0000
12179.6788 0.0000
11973.4692 0.0000
12813.0512 0.0000
13037.2502 0.0000
12966.5483 0.0000
13505.0823 0.0000
13621.5158 0.0000
14585.1943 0.0000
14774.1207 0.0000
15245.6740 0.0000
15654.4939 0.0000
15612.7656 0.0000
16060.7022 0.0000
15985.5366 0.0000
16549.1526 0.0000
16884.9208 0.0000
17669.4727 0.0000
18191.2962 0.0000
18058.9427 0.0000
18225.0839 0.0000
18721.2162 0.0000
18497.6070 0.0000
19605.9468 0.0000
19177.2066 0.0000
19214.8991 0.0000
19616.3712 0.0000
19371.2522 0.0000
19172.7265 0.0000
20510.2091 0.0000
20863.8187 0.0000
20860.5782 0.0000
21397.8213 0.0000
20526.0956 0.0000
20752.2327 0.0000
21333.9309 0.0000
20568.3427 0.0000
22296.0923 0.0000
22595.3998 0.0000
21476.0096 0.0000
22730.5910 0.0000
21923.5530 0.0000
22383.7940 0.0000
22902.3081 0.0000
23673.3062 0.0000
22889.9059 0.0000
23629.0367 0.0000
23598.6913 0.0000
24816.4215 0.0000
25208.7342 0.0000
24870.5871 0.0000
25532.3381 0.0000
24866.2213 0.0000
26151.7053 0.0000
26675.8554 0.0000
27435.5404 0.0000
27244.8508 0.0000
28481.4061 0.0000
28211.9668 0.0000
28432.1497 0.0000
28343.7836 0.0000
29224.5619 0.0000
29706.9566 0.0000
29530.0442 0.0000
29693.6507 0.0000
29611.8001 0.0000
30131.2882 0.0000
29318.1458 0.0000
30379.1116 0.0000
30087.5580 0.0000
30122.0252 0.0000
31356.5571 0.0000
31800.3519 0.0000
31044.8524 0.0000
31881.4010 0.0000
32050.5619 0.0000
32261.6646 0.0000
31495.8691 0.0000
32313.4980 0.0000
31876.1800 0.0000
32145.0844 0.0000
32631.6097 0.0000
33126.2756 0.0000
33563.9156 0.0000
33642.1739 0.0000
33673.4759 0.0000
32839.0641 0.0000
33371.6234 0.0000
33706.8321 0.0000
33689.8057 0.0000
34608.2408 0.0000
34232.8160 0.0000
35162.8205 0.0000
35106.4744 0.0000
35172.3533 0.0000
35173.4289 0.0000
35098.1168 0.0000
35189.9382 0.0000
35103.8302 0.0000
35090.4681 0.0000
35733.2716 0.0000
35623.9685 0.0000
36146.6933 0.0000
35059.3316 0.0000
35760.6482 0.0000
35408.0982 0.0000
36286.4476 0.0000
35114.6500 0.0000
36312.7873 0.0000
35854.4720 0.0000
35756.9614 0.0000
35613.1366 0.0000
36355.0773 0.0000
35964.9461 0.0000
36567.2968 0.0000
36259.1745 0.0000
36448.4198 0.0000
35579.7004 0.0000
35781.9072 0.0000
37620.4798 0.0000
37581.8488 0.0000
37312.9299 0.0000
37438.3800 0.0000
38602.2803 0.0000
38147.4817 0.0000
38888.0209 0.0000
39215.9044 0.0000
38439.2443 0.0000
38230.2017 0.0000
39266.2715 0.0000
40922.3266 0.0000
40929.9676 0.0000
40433.8248 0.0000
40872.5627 0.0000
40766.4615 0.0000
40349.9394 0.0000
41343.7391 0.0000
41487.9686 0.0000
40751.2392 0.0000
40830.7969 0.0000
40707.4764 0.0000
40037.9656 0.0000
41371.9593 0.0000
41493.4935 0.0000
42368.5198 0.0000
42474.6344 0.0000
41905.9261 0.0000
42287.8703 0.0000
41963.8575 0.0000
42526.1690 0.0000
41266.6433 0.0000
42355.5259 0.0000
42270.2662 0.0000
43354.5780 0.0000
42963.8679 0.0000
42884.6893 0.0000
43432.1824 0.0000
43654.4185 0.0000
44017.5588 0.0000
44870.5980 0.0000
45467.4284 0.0000
45602.3372 0.0000
44914.4313 0.0000
45789.0877 0.0000
46359.6579 0.0000
46771.6312 0.0000
47072.9046 0.0000
47542.4538 0.0000
47658.7859 0.0000
48196.4636 0.0000
49023.7536 0.0000
48784.1229 0.0000
49041.5255 0.0000
49229.7015 0.0000
49312.9000 0.0000
48596.6482 0.0000
50220.6872 0.0000
50166.8217 0.0000
49640.3906 0.0000
49638.6643 0.0000
50026.9589 0.0000
50375.1723 0.0000
50171.7737 0.0000
50646.9432 0.0000
50534.5599 0.0000
51161.6961 0.0000
51073.0893 0.0000
50835.9787 0.0000
50943.4724 0.0000
51549.7074 0.0000
50943.5770 0.0000
51644.6074 0.0000
52274.1690 0.0000
52732.5617 0.0000
52684.6776 0.0000
53080.9470 0.0000
53118.4317 0.0000
53152.0734 0.0000
53725.0246 0.0000
53936.3753 0.0000
53860.5327 0.0000
53942.3715 0.0000
54217.8861 0.0000
53614.2366 0.0000
53980.3343 0.0000
54529.0975 0.0000
54522.9102 0.0000
54927.8099 0.0000
55248.6090 0.0000
54431.1228 0.0000
54384.9016 0.0000
56134.0844 0.0000
55847.8456 0.0000
54941.5126 0.0000
56464.9383 0.0000
56462.0803 0.0000
57654.5920 0.0000
57569.1824 0.0000
57716.0449 0.0000
57913.8780 0.0000
58140.3961 0.0000
57892.8134 0.0000
59141.8400 0.0000
59465.4441 0.0000
59113.2160 0.0000
59671.6043 0.0000
59787.0538 0.0000
60328.5728 0.0000
60011.5774 0.0000
61164.3291 0.0000
61008.9240 0.0000
61886.1831 0.0000
61537.2166 0.0000
63201.5013 0.0000
63242.3341 0.0000
63798.1322 0.0000
63953.0206 0.0000
63810.9682 0.0000
64648.6525 0.0000
64114.1532 0.0000
65265.3457 0.0000
64823.9991 0.0000
64628.8611 0.0000
64656.5011 0.0000
65081.0242 0.0000
64375.9077 0.0000
63712.8754 0.0000
65590.6637 0.0000
64853.7890 0.0000
65768.8237 0.0000
65962.6515 0.0000
65957.4327 0.0000
66132.0213 0.0000
66572.3755 0.0000
67543.4188 0.0000
66465.2726 0.0000
68401.1592 0.0000
68344.3115 0.0000
68271.7142 0.0000
67047.1275 0.0000
68691.3770 0.0000
67895.7856 0.0000
68078.9564 0.0000
68340.9292 0.0000
68317.4368 0.0000
67360.5415 0.0000
68387.9197 0.0000
68492.1441 0.0000
68373.7463 0.0000
68882.0732 0.0000
69236.5949 0.0000
69963.3880 0.0000
69504.9125 0.0000
69947.6467 0.0000
70542.6494 0.0000
69867.5710 0.0000
69861.5353 0.0000
70683.4977 0.0000
71035.4630 0.0000
71778.4008 0.0000
71878.9764 0.0000
72047.4503 0.0000
72546.0456 0.0000
72982.9473 0.0000
72647.2741 0.0000
72822.2563 0.0000
72370.0761 0.0000
72545.7405 0.0000
73118.1423 0.0000
73368.5264 0.0000
73855.9544 0.0000
73934.3730 0.0000
73562.2330 0.0000
73167.5637 0.0000
74059.8399 0.0000
74196.6237 0.0000
73450.1524 0.0000
73609.8233 0.0000
73706.5965 0.0000
73824.4233 0.0000
74312.3080 0.0000
74335.0447 0.0000
73799.1604 0.0000
74214.0017 0.0000
75608.9128 0.0000
77095.8493 0.0000
78090.7842 0.0000
77269.6193 0.0000
78587.6483 0.0000
78606.2754 0.0000
78875.5481 0.0000
80326.8921 0.0000
79502.5734 0.0000
80316.3816 0.0000
80114.5082 0.0000
80962.5609 0.0000
81805.8191 0.0000
80954.2910 0.0000
80763.6087 0.0000
82607.1794 0.0000
82689.1372 0.0000
82961.5173 0.0000
83381.4485 0.0000
83629.7018 0.0000
85090.3991 0.0000
84961.2619 0.0000
84519.3928 0.0000
84029.5904 0.0000
84323.4505 0.0000
84462.0466 0.0000
85201.2310 0.0000
84774.3981 0.0000
84832.6941 0.0000
84387.9754 0.0000
84868.0415 0.0000
86159.0072 0.0000
86150.8902 0.0000
86354.9863 0.0000
85287.6602 0.0000
86799.1435 0.0000
86308.1493 0.0000
86329.9652 0.0000
87324.9577 0.0000
87161.9017 0.0000
88210.7094 0.0000
87702.7832 0.0000
88214.8444 0.0000
88135.6872 0.0000
87924.5326 0.0000
89573.6878 0.0000
89617.8400 0.0000
88985.3961 0.0000
88766.0958 0.0000
89693.4673 0.0000
90482.8615 0.0000
90822.2132 0.0000
91184.3088 0.0000
90612.0217 0.0000
91029.8351 0.0000
91428.6390 0.0000
91995.5354 0.0000
91354.5860 0.0000
91896.8168 0.0000
92111.1351 0.0000
91748.4752 0.0000
91554.7420 0.0000
92800.7430 0.0000
92442.8410 0.0000
93578.6078 0.0000
93732.1469 0.0000
92892.5455 0.0000
93493.1414 0.0000
93901.2064 0.0000
94660.4837 0.0000
94637.7896 0.0000
94855.6685 0.0000
96023.1545 0.0000
96356.5299 0.0000
97223.6014 0.0000
96392.8201 0.0000
97943.3760 0.0000
98567.1217 0.0000
100439.9785 0.0000
101383.5182 0.0000
101622.8068 0.0000
102656.4649 0.0000
102830.7417 0.0000
103197.9055 0.0000
103386.5699 0.0000
103571.4398 0.0000
103464.6123 0.0000
103810.7073 0.0000
104028.1384 0.0000
103838.2771 0.0000
103480.2523 0.0000
104771.3969 0.0000
104805.5199 0.0000
104642.2340 0.0000
104549.1840 0.0000
105734.7710 0.0000
104833.8552 0.0000
105532.5446 0.0000
105474.1711 0.0000
105658.0374 0.0000
106160.0999 0.0000
105972.3262 0.0000
106371.7117 0.0000
107099.7328 0.0000
107371.9376 0.0000
107302.7207 0.0000
107815.4900 0.0000
107382.7913 0.0000
107943.4174 0.0000
108055.8516 0.0000
108186.0483 0.0000
108987.2979 0.0000
108984.4143 0.0000
109103.2586 0.0000
108588.5687 0.0000
109103.8793 0.0000
108743.7057 0.0000
109076.2317 0.0000
109032.6369 0.0000
109079.9124 0.0000
110098.6736 0.0000
110408.4519 0.0000
109179.7907 0.0000
110276.9859 0.0000
110568.8111 0.0000
109811.7843 0.0000
110805.3125 0.0000
110328.9854 0.0000
111219.7807 0.0000
111613.7642 0.0000
111118.3798 0.0000
112337.2631 0.0000
112158.8833 0.0000
113594.9712 0.0000
113685.8116 0.0000
113894.4644 0.0000
113371.9836 0.0000
113605.5413 0.0000
114310.9454 0.0000
114045.1338 0.0000
113863.1887 0.0000
114674.0046 0.0000
114937.3963 0.0000
114433.9472 0.0000
115129.1898 0.0000
114866.8419 0.0000
115419.3073 0.0000
115310.3802 0.0000
114676.6100 0.0000
114933.0270 0.0000
115429.0922 0.0000
115980.3077 0.0000
116319.4667 0.0000
116725.3756 0.0000
116391.9738 0.0000
117600.5002 0.0000
117446.0161 0.0000
117048.0255 0.0000
117414.9729 0.0000
118327.7042 0.0000
118574.2190 0.0000
118678.4399 0.0000
118166.4008 0.0000
117864.8330 0.0000
118743.8264 0.0000
119028.0050 0.0000
119211.9792 0.0000
119324.6475 0.0000
119445.4380 0.0000
118936.4908 0.0000
119800.5598 0.0000
119004.5721 0.0000
120347.1942 0.0000
119684.8807 0.0000
119905.4878 0.0000
120480.4006 0.0000
121216.5074 0.0000
120945.8657 0.0000
121609.0063 0.0000
121967.1554 0.0000
121516.1558 0.0000
121046.0965 0.0000
122556.0600 0.0000
122096.8095 0.0000
122553.7901 0.0000
122512.8334 0.0000
122680.8985 0.0000
122184.0559 0.0000
122830.2171 0.0000
122972.7211 0.0000
122884.8137 0.0000
122425.3595 0.0000
123088.2177 0.0000
123375.7014 0.0000
124050.7379 0.0000
123390.3119 0.0000
123770.9104 0.0000
123959.1263 0.0000
123285.0175 0.0000
124602.8288 0.0000
124291.8902 0.0000
124494.6690 0.0000
124831.7935 0.0000
125281.6413 0.0000
125447.8206 0.0000
125018.2851 0.0000
126004.9477 0.0000
126855.9889 0.0000
126504.7676 0.0000
127366.9024 0.0000
127152.2991 0.0000
126784.8432 0.0000
128088.5385 0.0000
128460.9054 0.0000
128833.2476 0.0000
129211.6690 0.0000
129493.5847 0.0000
130125.6226 0.0000
129886.3107 0.0000
130327.0077 0.0000
130494.3038 0.0000
130804.8492 0.0000
130984.8693 0.0000
130883.0022 0.0000
130401.8832 0.0000
130950.0632 0.0000
130739.3052 0.0000
130675.8515 0.0000
130632.8641 0.0000
131252.2646 0.0000
131510.2324 0.0000
131836.7566 0.0000
131924.9083 0.0000
132730.9960 0.0000
132944.9607 0.0000
132448.1037 0.0000
132647.3250 0.0000
132544.6671 0.0000
133808.6758 0.0000
135190.2612 0.0000
134707.4505 0.0000
134424.3281 0.0000
134564.9944 0.0000
134897.0435 0.0000
135680.3290 0.0000
136450.5294 0.0000
137124.6115 0.0000
137587.2752 0.0000
137721.2215 0.0000
138480.6918 0.0000
138048.6861 0.0000
138611.0450 0.0000
137620.2532 0.0000
138730.2172 0.0000
138936.7440 0.0000
138898.6087 0.0000
138535.2983 0.0000
138299.3118 0.0000
139298.0498 0.0000
140237.8113 0.0000
140688.4301 0.0000
141054.5798 0.0000
141107.1308 0.0000
140969.3759 0.0000
141686.2844 0.0000
141831.8371 0.0000
141714.1447 0.0000
141794.6629 0.0000
140684.1677 0.0000
141589.2743 0.0000
143247.7785 0.0000
143828.3682 0.0000
144219.4618 0.0000
145734.7605 0.0000
146314.3217 0.0000
146301.7892 0.0000
146242.2574 0.0000
146728.3262 0.0000
146729.5536 0.0000
146128.5790 0.0000
147038.0251 0.0000
146954.5832 0.0000
148430.4098 0.0000
147838.7027 0.0000
148688.2150 0.0000
148598.2861 0.0000
148506.1673 0.0000
148317.4378 0.0000
148107.3003 0.0000
149370.6366 0.0000
149864.4285 0.0000
150182.6461 0.0000
149568.0170 0.0000
150968.9234 0.0000
150643.0839 0.0000
150249.0949 0.0000
150772.0193 0.0000
150229.7637 0.0000
150636.1136 0.0000
150835.7129 0.0000
150576.8561 0.0000
152120.4625 0.0000
151697.9070 0.0000
151994.8389 0.0000
151060.1377 0.0000
152401.9631 0.0000
151332.9526 0.0000
151613.1985 0.0000
151926.9789 0.0000
152187.6872 0.0000
151943.3385 0.0000
152719.5277 0.0000
153852.6066 0.0000
154456.4066 0.0000
153827.8877 0.0000
154254.4599 0.0000
153919.5250 0.0000
154624.4211 0.0000
154686.8866 0.0000
154654.9418 0.0000
155917.8876 0.0000
156549.5873 0.0000
157770.0539 0.0000
157710.9428 0.0000
157139.6295 0.0000
157522.2280 0.0000
158115.6846 0.0000
158990.7043 0.0000
159634.3238 0.0000
159473.7024 0.0000
159357.7035 0.0000
160016.3985 0.0000
160006.1024 0.0000
160641.2581 0.0000
160116.5014 0.0000
159882.4784 0.0000
160878.1927 0.0000
160487.6116 0.0000
160695.9219 0.0000
161585.1748 0.0000
161651.3984 0.0000
162665.1412 0.0000
162077.0066 0.0000
162414.3650 0.0000
162898.0749 0.0000
161893.7897 0.0000
163215.8652 0.0000
162814.4776 0.0000
162777.1503 0.0000
163820.5615 0.0000
163794.5339 0.0000
163137.4507 0.0000
165169.3437 0.0000
165192.6184 0.0000
165025.1505 0.0000
164988.0703 0.0000
165056.1519 0.0000
164615.5258 0.0000
166578.4591 0.0000
166265.4552 0.0000
167377.3983 0.0000
168156.0169 0.0000
168763.7038 0.0000
169693.2772 0.0000
169045.8637 0.0000
169582.7152 0.0000
168777.3049 0.0000
168798.2300 0.0000
170049.0311 0.0000
169839.2482 0.0000
169981.5060 0.0000
169749.5733 0.0000
168889.6434 0.0000
169444.4467 0.0000
169782.3291 0.0000
169185.5422 0.0000
169951.1214 0.0000
170019.5984 0.0000
170157.5800 0.0000
171102.0942 0.0000
172215.2297 0.0000
171765.2609 0.0000
172743.2476 0.0000
173923.7596 0.0000
175251.2101 0.0000
174338.8003 0.0000
174972.9343 0.0000
175141.8552 0.0000
175960.0410 0.0000
176811.0240 0.0000
176927.8779 0.0000
176867.3407 0.0000
176903.0876 0.0000
177398.7682 0.0000
175932.2668 0.0000
178018.9711 0.0000
177051.4936 0.0000
179069.5321 0.0000
178969.8878 0.0000
178546.8590 0.0000
178756.6010 0.0000
178389.0065 0.0000
178860.7266 0.0000
179310.3279 0.0000
180074.9772 0.0000
180291.6442 0.0000
181075.3057 0.0000
180747.1965 0.0000
179952.1162 0.0000
180498.6101 0.0000
180606.0678 0.0000
181982.0065 0.0000
181359.4553 0.0000
182541.2739 0.0000
182839.2246 0.0000
182772.3777 0.0000
182368.0790 0.0000
183174.2934 0.0000
183102.4005 0.0000
183226.5256 0.0000
183596.5322 0.0000
183303.1104 0.0000
183707.8396 0.0000
183128.2492 0.0000
184680.4403 0.0000
183789.5721 0.0000
185440.8796 0.0000
185677.0014 0.0000
185350.3140 0.0000
185633.9372 0.0000
186367.0163 0.0000
187037.8408 0.0000
187674.7812 0.0000
188373.4152 0.0000
187745.5710 0.0000
188628.1364 0.0000
187897.3499 0.0000
187865.7555 0.0000
188832.9687 0.0000
188944.5386 0.0000
188434.6455 0.0000
188541.5665 0.0000
189726.4971 0.0000
190237.0665 0.0000
190681.0828 0.0000
191152.4982 0.0000
191246.5940 0.0000
190824.7107 0.0000
190680.9745 0.0000
191470.4925 0.0000
191650.2907 0.0000
191621.0519 0.0000
192002.7724 0.0000
192726.5444 0.0000
192214.7399 0.0000
192270.8120 0.0000
192155.4566 0.0000
192392.3663 0.0000
193290.6723 0.0000
192327.0129 0.0000
193881.9313 0.0000
193704.0755 0.0000
193146.5801 0.0000
193761.8175 0.0000
194096.0450 0.0000
194555.7045 0.0000
194186.8751 0.0000
193730.4418 0.0000
194641.9389 0.0000
194558.7744 0.0000
194611.7735 0.0000
195412.7532 0.0000
195286.4940 0.0000
196352.9181 0.0000
195830.4770 0.0000
194987.1931 0.0000
197073.7343 0.0000
197992.8638 0.0000
197061.8715 0.0000
197617.9911 0.0000
197374.9066 0.0000
199333.4898 0.0000
199870.7574 0.0000
200471.9163 0.0000
200125.1036 0.0000
200996.5009 0.0000
201753.3273 0.0000
201515.3042 0.0000
201897.5168 0.0000
201547.5093 0.0000
201486.2059 0.0000
200248.4981 0.0000
202053.0551 0.0000
202833.9491 0.0000
202092.0767 0.0000
202234.7904 0.0000
203147.2345 0.0000
203099.1934 0.0000
202726.8090 0.0000
203781.5132 0.0000
204699.7456 0.0000
205355.2954 0.0000
205175.1847 0.0000
205415.2664 0.0000
205522.5687 0.0000
206078.2636 0.0000
205204.5817 0.0000
205611.8813 0.0000
206274.5040 0.0000
205430.7088 0.0000
206362.6225 0.0000
205714.1063 0.0000
205422.2623 0.0000
206259.4279 0.0000
206925.5520 0.0000
206373.6573 0.0000
207217.8517 0.0000
207673.3539 0.0000
207583.3587 0.0000
207429.0998 0.0000
207627.1236 0.0000
207027.8921 0.0000
207460.3901 0.0000
207599.3732 0.0000
208287.8564 0.0000
207767.3763 0.0000
207640.4641 0.0000
207887.5928 0.0000
207657.7646 0.0000
208107.2988 0.0000
207363.7353 0.0000
208045.5480 0.0000
208279.0435 0.0000
208748.9314 0.0000
209102.7772 0.0000
209601.0174 0.0000
208975.8699 0.0000
209622.7550 0.0000
208865.1732 0.0000
209374.4596 0.0000
210149.0089 0.0000
210108.6828 0.0000
209816.1842 0.0000
210197.2899 0.0000
210601.1930 0.0000
211754.2174 0.0000
211936.5056 0.0000
211167.0590 0.0000
211837.1851 0.0000
211717.6279 0.0000
212173.1304 0.0000
210419.6026 0.0000
212303.6125 0.0000
213122.8916 0.0000
212371.4395 0.0000
212443.0619 0.0000
213153.6129 0.0000
213296.7344 0.0000
213181.1738 0.0000
212609.1295 0.0000
213663.4429 0.0000
213424.8641 0.0000
213947.4898 0.0000
214630.1804 0.0000
215040.0832 0.0000
214984.4659 0.0000
215541.2332 0.0000
214903.7516 0.0000
215249.9507 0.0000
215913.0189 0.0000
215924.1040 0.0000
216185.7246 0.0000
215546.4795 0.0000
216372.8047 0.0000
216060.5375 0.0000
215594.7051 0.0000
216885.6826 0.0000
215993.5537 0.0000
216942.2737 0.0000
216776.6661 0.0000
216659.7532 0.0000
217496.2958 0.0000
218165.3256 0.0000
217888.6927 0.0000
218627.6156 0.0000
218436.0818 0.0000
218960.1783 0.0000
219455.7551 0.0000
218937.4181 0.0000
219386.2886 0.0000
220320.7443 0.0000
219207.2075 0.0000
219216.2417 0.0000
220050.2479 0.0000
219268.9839 0.0000
219717.7395 0.0000
220978.2328 0.0000
220676.6896 0.0000
221083.6110 0.0000
221565.1136 0.0000
221971.9119 0.0000
222260.6105 0.0000
222602.1482 0.0000
223700.4174 0.0000
224603.9999 0.0000
222963.2784 0.0000
224232.6557 0.0000
223818.7734 0.0000
224346.2203 0.0000
226071.1048 0.0000
227275.4807 0.0000
226199.1339 0.0000
226881.4110 0.0000
227997.9984 0.0000
228353.1495 0.0000
228379.5066 0.0000
227847.4224 0.0000
228277.8536 0.0000
229080.1179 0.0000
228729.7962 0.0000
229407.2768 0.0000
228664.6945 0.0000
230850.5028 0.0000
229806.6047 0.0000
230821.5707 0.0000
230338.2281 0.0000
230599.3752 0.0000
230128.2324 0.0000
230426.4016 0.0000
230303.2527 0.0000
230129.7444 0.0000
231348.6000 0.0000
231607.2374 0.0000
231402.6118 0.0000
231173.0780 0.0000
231052.2383 0.0000
232053.0736 0.0000
231972.9769 0.0000
231863.7509 0.0000
232275.5049 0.0000
232143.7402 0.0000
231745.4613 0.0000
232366.0962 0.0000
232600.1020 0.0000
231830.8007 0.0000
231873.2797 0.0000
231959.0406 0.0000
232412.7027 0.0000
232363.3956 0.0000
231959.1438 0.0000
232768.3697 0.0000
231781.2354 0.0000
232595.6327 0.0000
232607.4198 0.0000
232235.7542 0.0000
231985.5470 0.0000
233000.9103 0.0000
233752.4308 0.0000
234115.7460 0.0000
234764.1891 0.0000
235049.9671 0.0000
235221.7259 0.0000
234802.1674 0.0000
234712.6657 0.0000
235036.1913 0.0000
234882.5032 0.0000
234901.8579 0.0000
236059.4641 0.0000
235690.5326 0.0000
236596.0168 0.0000
236684.3393 0.0000
236423.9561 0.0000
237153.1937 0.0000
237272.8016 0.0000
237323.4183 0.0000
237378.0309 0.0000
238066.3847 0.0000
237926.8616 0.0000
236906.3022 0.0000
238198.3277 0.0000
238641.3099 0.0000
237738.3431 0.0000
239145.0679 0.0000
239296.2656 0.0000
237862.4119 0.0000
238740.6366 0.0000
238887.1470 0.0000
238683.4853 0.0000
239382.6084 0.0000
238466.5156 0.0000
239571.0792 0.0000
240016.0951 0.0000
240427.9096 0.0000
240018.3563 0.0000
240268.6625 0.0000
241433.8873 0.0000
242125.8838 0.0000
241815.3794 0.0000
241733.4613 0.0000
241690.9493 0.0000
241564.5574 0.0000
242372.6450 0.0000
241983.7811 0.0000
241431.5002 0.0000
243583.6731 0.0000
242763.9684 0.0000
243668.5424 0.0000
244271.2139 0.0000
245117.7742 0.0000
244509.0781 0.0000
244586.5462 0.0000
244923.4458 0.0000
244375.0825 0.0000
244114.5089 0.0000
244608.5278 0.0000
245331.4471 0.0000
245164.5033 0.0000
245815.8666 0.0000
246287.2397 0.0000
246243.4433 0.0000
245889.1537 0.0000
247152.6579 0.0000
248112.1292 0.0000
248540.5386 0.0000
248569.7972 0.0000
248400.2919 0.0000
249249.2858 0.0000
248519.8154 0.0000
250132.2033 0.0000
250063.6368 0.0000
250142.2127 0.0000
250844.5314 0.0000
250771.8914 0.0000
250972.1626 0.0000
250977.0952 0.0000
250327.0705 0.0000
250535.9271 0.0000
251107.1691 0.0000
250999.9096 0.0000
250582.1489 0.0000
250737.1071 0.0000
251422.5661 0.0000
251772.5854 0.0000
252045.1459 0.0000
251403.4244 0.0000
251847.5442 0.0000
252025.5336 0.0000
252971.7786 0.0000
253436.0292 0.0000
253178.9972 0.0000
252575.9515 0.0000
254342.6352 0.0000
254430.0996 0.0000
254485.9453 0.0000
254785.3764 0.0000
254964.1291 0.0000
254677.5995 0.0000
254536.3869 0.0000
255096.6114 0.0000
255045.9080 0.0000
254833.7385 0.0000
254096.6743 0.0000
255446.1070 0.0000
256173.6671 0.0000
256463.6514 0.0000
256715.1439 0.0000
257583.4554 0.0000
257009.0086 0.0000
256881.9806 0.0000
258242.1454 0.0000
259514.1394 0.0000
259569.7243 0.0000
258735.0850 0.0000
260027.5985 0.0000
260256.7993 0.0000
260307.3323 0.0000
260366.4568 0.0000
259660.8378 0.0000
260529.1158 0.0000
260272.4758 0.0000
260655.7455 0.0000
260523.7927 0.0000
260889.9985 0.0000
260900.5423 0.0000
260331.5869 0.0000
261247.9605 0.0000
261136.3849 0.0000
260073.9812 0.0000
260701.3253 0.0000
260133.0259 0.0000
261450.6331 0.0000
260881.2123 0.0000
261253.8725 0.0000
261376.8847 0.0000
261640.7922 0.0000
261949.2374 0.0000
260136.8877 0.0000
262002.5136 0.0000
261423.8344 0.0000
262405.9234 0.0000
262316.5033 0.0000
263030.4853 0.0000
262884.4236 0.0000
262765.9564 0.0000
263301.5197 0.0000
263523.4830 0.0000
263899.9659 0.0000
263330.7553 0.0000
264249.6527 0.0000
264693.3676 0.0000
264104.8428 0.0000
263376.4397 0.0000
265605.0366 0.0000
266213.3985 0.0000
265630.0985 0.0000
265976.4762 0.0000
265288.6196 0.0000
266111.9252 0.0000
265680.9530 0.0000
266168.5004 0.0000
266076.1699 0.0000
267538.3624 0.0000
267791.4885 0.0000
268243.3311 0.0000
268330.8273 0.0000
268213.2603 0.0000
269022.8936 0.0000
268338.3133 0.0000
268830.5656 0.0000
268731.0053 0.0000
269120.2594 0.0000
269115.5069 0.0000
270636.1366 0.0000
270297.5640 0.0000
269781.8590 0.0000
270190.9357 0.0000
270323.8753 0.0000
270577.2069 0.0000
270006.4720 0.0000
271003.9833 0.0000
270428.6652 0.0000
270251.7249 0.0000
270279.7698 0.0000
271114.6905 0.0000
272071.4966 0.0000
271276.8888 0.0000
271402.8648 0.0000
270552.3090 0.0000
273465.0956 0.0000
272128.4870 0.0000
273326.2473 0.0000
272141.2915 0.0000
274022.8853 0.0000
274401.9471 0.0000
276046.9951 0.0000
276268.0762 0.0000
276015.5261 0.0000
275978.2371 0.0000
277188.6565 0.0000
276402.8355 0.0000
278138.4032 0.0000
278989.2771 0.0000
279741.6531 0.0000
279759.1688 0.0000
279960.4690 0.0000
280547.3561 0.0000
280934.3876 0.0000
280805.1671 0.0000
281197.8817 0.0000
279998.3848 0.0000
280584.4245 0.0000
281379.4508 0.0000
281296.0682 0.0000
281852.8520 0.0000
282300.6949 0.0000
282425.4977 0.0000
282497.5728 0.0000
282616.3493 0.0000
281917.0651 0.0000
283434.2123 0.0000
282880.2999 0.0000
282844.8285 0.0000
282722.2211 0.0000
282801.1213 0.0000
283092.6183 0.0000
283228.4696 0.0000
283356.0842 0.0000
283346.7913 0.0000
283034.0119 0.0000
283258.5583 0.0000
284514.9225 0.0000
284803.0506 0.0000
285633.5624 0.0000
286158.4086 0.0000
286429.7194 0.0000
286328.7018 0.0000
285417.6683 0.0000
286507.5651 0.0000
286545.5274 0.0000
286501.0780 0.0000
286637.8173 0.0000
286181.2999 0.0000
286308.2751 0.0000
286005.4309 0.0000
287901.8968 0.0000
288674.3557 0.0000
288520.0058 0.0000
288099.8593 0.0000
289497.4283 0.0000
289471.6751 0.0000
289462.5246 0.0000
289765.2613 0.0000
289595.2491 0.0000
289906.1517 0.0000
291580.7145 0.0000
291386.6808 0.0000
291166.5545 0.0000
