0.3511 0.4000 0.2560 0.2979 0.2776 0.2378 0.2112 0.2174 0.2332 0.2286
0.3461 0.3949 0.2518 0.2930 0.2734 0.2339 0.2077 0.2144 0.2301 0.2258
0.3404 0.3891 0.2474 0.2879 0.2691 0.2299 0.2044 0.2118 0.2275 0.2234
0.3327 0.3813 0.2421 0.2816 0.2642 0.2255 0.2011 0.2097 0.2252 0.2216
0.3217 0.3703 0.2351 0.2732 0.2579 0.2199 0.1974 0.2078 0.2230 0.2202
0.3068 0.3555 0.2261 0.2622 0.2501 0.2129 0.1930 0.2061 0.2209 0.2191
0.2892 0.3378 0.2156 0.2494 0.2411 0.2050 0.1882 0.2047 0.2191 0.2184
0.2714 0.3200 0.2054 0.2368 0.2324 0.1975 0.1839 0.2039 0.2179 0.2186
0.2562 0.3047 0.1970 0.2265 0.2256 0.1918 0.1811 0.2044 0.2181 0.2200
0.2450 0.2936 0.1914 0.2195 0.2216 0.1886 0.1802 0.2064 0.2201 0.2231
0.2379 0.2869 0.1888 0.2162 0.2207 0.1882 0.1817 0.2104 0.2242 0.2280
0.2343 0.2842 0.1889 0.2161 0.2227 0.1905 0.1856 0.2164 0.2305 0.2351
0.2337 0.2847 0.1915 0.2189 0.2274 0.1955 0.1918 0.2247 0.2394 0.2445
0.2355 0.2881 0.1963 0.2245 0.2348 0.2031 0.2007 0.2356 0.2511 0.2568
0.2394 0.2941 0.2035 0.2327 0.2451 0.2136 0.2124 0.2495 0.2661 0.2723
0.2454 0.3027 0.2130 0.2437 0.2584 0.2271 0.2274 0.2667 0.2846 0.2914
0.2535 0.3138 0.2252 0.2578 0.2751 0.2441 0.2459 0.2877 0.3072 0.3145
0.2640 0.3278 0.2402 0.2751 0.2952 0.2649 0.2685 0.3127 0.3341 0.3418
0.2770 0.3448 0.2584 0.2960 0.3192 0.2897 0.2952 0.3417 0.3651 0.3731
0.2931 0.3653 0.2800 0.3208 0.3470 0.3188 0.3261 0.3741 0.3997 0.4079
0.3130 0.3898 0.3054 0.3499 0.3786 0.3521 0.3609 0.4094 0.4371 0.4452
0.3377 0.4189 0.3351 0.3835 0.4139 0.3894 0.3989 0.4462 0.4761 0.4834
0.3677 0.4529 0.3690 0.4218 0.4524 0.4302 0.4392 0.4834 0.5151 0.5212
0.4023 0.4903 0.4059 0.4631 0.4924 0.4727 0.4801 0.5192 0.5525 0.5569
0.4378 0.5276 0.4430 0.5038 0.5308 0.5137 0.5188 0.5521 0.5865 0.5892
0.4695 0.5600 0.4760 0.5394 0.5642 0.5495 0.5526 0.5806 0.6157 0.6169
0.4940 0.5848 0.5023 0.5674 0.5907 0.5780 0.5800 0.6042 0.6395 0.6397
0.5113 0.6024 0.5220 0.5879 0.6107 0.5996 0.6013 0.6231 0.6584 0.6580
0.5236 0.6149 0.5369 0.6031 0.6258 0.6161 0.6180 0.6384 0.6733 0.6726
0.5336 0.6249 0.5493 0.6154 0.6382 0.6294 0.6318 0.6512 0.6853 0.6844
0.5444 0.6352 0.5621 0.6277 0.6502 0.6419 0.6448 0.6632 0.6958 0.6946
0.5601 0.6492 0.5793 0.6436 0.6648 0.6565 0.6598 0.6765 0.7061 0.7044
0.5869 0.6720 0.6067 0.6680 0.6865 0.6773 0.6809 0.6944 0.7185 0.7156
0.6296 0.7071 0.6487 0.7048 0.7183 0.7074 0.7112 0.7195 0.7346 0.7298
0.6825 0.7492 0.6999 0.7485 0.7560 0.7430 0.7468 0.7489 0.7531 0.7459
0.7285 0.7851 0.7438 0.7855 0.7879 0.7734 0.7771 0.7741 0.7690 0.7598
0.7583 0.8079 0.7719 0.8088 0.8082 0.7928 0.7963 0.7902 0.7791 0.7685
0.7744 0.8201 0.7867 0.8210 0.8187 0.8029 0.8061 0.7984 0.7839 0.7724
0.7821 0.8258 0.7935 0.8264 0.8232 0.8069 0.8100 0.8012 0.7848 0.7729
0.7853 0.8279 0.7956 0.8280 0.8240 0.8072 0.8101 0.8007 0.7831 0.7708
0.7859 0.8278 0.7949 0.8271 0.8225 0.8051 0.8076 0.7977 0.7792 0.7665
0.7848 0.8263 0.7922 0.8245 0.8191 0.8008 0.8029 0.7926 0.7732 0.7601
0.7824 0.8236 0.7877 0.8203 0.8140 0.7945 0.7960 0.7851 0.7647 0.7512
0.7787 0.8196 0.7813 0.8143 0.8068 0.7859 0.7865 0.7749 0.7534 0.7393
0.7738 0.8144 0.7727 0.8063 0.7973 0.7744 0.7739 0.7615 0.7386 0.7237
0.7674 0.8076 0.7617 0.7960 0.7850 0.7596 0.7575 0.7440 0.7194 0.7036
0.7594 0.7990 0.7478 0.7829 0.7693 0.7407 0.7367 0.7218 0.6951 0.6782
0.7498 0.7885 0.7308 0.7667 0.7499 0.7173 0.7107 0.6943 0.6651 0.6471
0.7384 0.7761 0.7105 0.7473 0.7264 0.6891 0.6793 0.6611 0.6293 0.6101
0.7256 0.7619 0.6873 0.7248 0.6992 0.6566 0.6431 0.6230 0.5885 0.5682
0.7116 0.7463 0.6619 0.6998 0.6691 0.6209 0.6033 0.5814 0.5445 0.5233
0.6969 0.7298 0.6352 0.6735 0.6374 0.5838 0.5619 0.5385 0.4998 0.4780
0.6820 0.7131 0.6084 0.6468 0.6056 0.5470 0.5212 0.4967 0.4570 0.4350
0.6670 0.6963 0.5822 0.6205 0.5747 0.5121 0.4830 0.4580 0.4181 0.3964
0.6510 0.6790 0.5562 0.5944 0.5451 0.4794 0.4477 0.4228 0.3839 0.3628
0.6318 0.6592 0.5282 0.5667 0.5150 0.4477 0.4141 0.3903 0.3539 0.3338
0.6041 0.6324 0.4932 0.5324 0.4805 0.4133 0.3786 0.3575 0.3260 0.3076
0.5595 0.5909 0.4433 0.4839 0.4350 0.3707 0.3360 0.3200 0.2974 0.2816
0.4934 0.5301 0.3766 0.4185 0.3766 0.3188 0.2857 0.2770 0.2669 0.2548
0.4231 0.4648 0.3111 0.3529 0.3198 0.2700 0.2393 0.2375 0.2393 0.2308
0.3750 0.4190 0.2686 0.3092 0.2822 0.2381 0.2094 0.2116 0.2206 0.2144
0.3505 0.3951 0.2475 0.2870 0.2628 0.2216 0.1940 0.1980 0.2101 0.2049
0.3389 0.3835 0.2374 0.2761 0.2532 0.2132 0.1863 0.1911 0.2042 0.1996
0.3315 0.3759 0.2313 0.2694 0.2473 0.2080 0.1817 0.1871 0.2004 0.1962
0.3224 0.3667 0.2249 0.2618 0.2413 0.2026 0.1776 0.1841 0.1973 0.1935
0.3053 0.3494 0.2141 0.2487 0.2316 0.1940 0.1716 0.1808 0.1935 0.1907
0.2761 0.3199 0.1964 0.2271 0.2158 0.1801 0.1625 0.1762 0.1881 0.1871
0.2422 0.2850 0.1761 0.2022 0.1975 0.1642 0.1520 0.1711 0.1821 0.1832
0.2170 0.2587 0.1612 0.1839 0.1839 0.1524 0.1442 0.1675 0.1777 0.1806
0.2037 0.2446 0.1533 0.1744 0.1769 0.1465 0.1404 0.1661 0.1759 0.1797
0.1976 0.2384 0.1500 0.1705 0.1743 0.1444 0.1394 0.1664 0.1760 0.1804
0.1946 0.2356 0.1488 0.1693 0.1741 0.1445 0.1403 0.1681 0.1777 0.1826
0.1924 0.2340 0.1483 0.1694 0.1754 0.1460 0.1427 0.1714 0.1810 0.1866
0.1894 0.2321 0.1477 0.1700 0.1778 0.1488 0.1468 0.1768 0.1864 0.1930
0.1853 0.2296 0.1468 0.1710 0.1814 0.1530 0.1529 0.1847 0.1942 0.2024
0.1811 0.2273 0.1464 0.1729 0.1867 0.1589 0.1614 0.1955 0.2049 0.2153
0.1783 0.2267 0.1476 0.1767 0.1940 0.1670 0.1723 0.2091 0.2187 0.2313
0.1785 0.2296 0.1516 0.1833 0.2044 0.1778 0.1860 0.2259 0.2360 0.2508
0.1826 0.2369 0.1597 0.1939 0.2186 0.1924 0.2033 0.2466 0.2578 0.2743
0.1916 0.2497 0.1727 0.2096 0.2378 0.2119 0.2252 0.2722 0.2852 0.3029
0.2058 0.2685 0.1918 0.2311 0.2630 0.2373 0.2530 0.3039 0.3194 0.3374
0.2254 0.2935 0.2176 0.2591 0.2946 0.2693 0.2872 0.3419 0.3608 0.3783
0.2494 0.3232 0.2494 0.2928 0.3319 0.3077 0.3276 0.3859 0.4086 0.4249
0.2750 0.3548 0.2846 0.3298 0.3730 0.3505 0.3727 0.4340 0.4604 0.4753
0.2992 0.3850 0.3198 0.3670 0.4145 0.3946 0.4197 0.4830 0.5123 0.5262
0.3210 0.4123 0.3526 0.4021 0.4538 0.4371 0.4651 0.5292 0.5603 0.5734
0.3422 0.4383 0.3832 0.4352 0.4899 0.4765 0.5065 0.5694 0.6016 0.6139
0.3680 0.4679 0.4150 0.4701 0.5252 0.5146 0.5443 0.6035 0.6362 0.6471
0.4073 0.5095 0.4549 0.5138 0.5647 0.5565 0.5822 0.6329 0.6661 0.6746
0.4623 0.5637 0.5041 0.5671 0.6090 0.6026 0.6206 0.6589 0.6926 0.6975
0.5118 0.6101 0.5466 0.6120 0.6454 0.6404 0.6514 0.6790 0.7129 0.7149
0.5395 0.6355 0.5712 0.6372 0.6663 0.6623 0.6700 0.6921 0.7258 0.7263
0.5531 0.6480 0.5845 0.6504 0.6779 0.6744 0.6812 0.7010 0.7341 0.7339
0.5656 0.6591 0.5974 0.6625 0.6887 0.6851 0.6918 0.7099 0.7411 0.7405
0.5930 0.6820 0.6245 0.6863 0.7092 0.7045 0.7111 0.7259 0.7516 0.7499
0.6562 0.7327 0.6849 0.7382 0.7531 0.7454 0.7518 0.7590 0.7718 0.7673
0.7358 0.7942 0.7594 0.8004 0.8060 0.7953 0.8010 0.7996 0.7970 0.7892
0.7808 0.8283 0.8010 0.8345 0.8356 0.8236 0.8289 0.8231 0.8122 0.8025
0.7971 0.8405 0.8159 0.8467 0.8463 0.8340 0.8391 0.8319 0.8180 0.8076
0.8022 0.8444 0.8206 0.8505 0.8496 0.8372 0.8422 0.8345 0.8197 0.8091
0.8037 0.8454 0.8218 0.8515 0.8504 0.8379 0.8428 0.8350 0.8198 0.8091
0.8039 0.8455 0.8218 0.8514 0.8501 0.8375 0.8424 0.8345 0.8191 0.8084
0.8035 0.8450 0.8210 0.8507 0.8493 0.8365 0.8413 0.8332 0.8177 0.8069
0.8026 0.8441 0.8196 0.8494 0.8478 0.8348 0.8394 0.8313 0.8154 0.8045
0.8013 0.8428 0.8175 0.8475 0.8456 0.8321 0.8366 0.8283 0.8121 0.8010
0.7994 0.8408 0.8144 0.8447 0.8423 0.8282 0.8324 0.8238 0.8071 0.7957
0.7965 0.8378 0.8098 0.8405 0.8374 0.8223 0.8260 0.8170 0.7996 0.7878
0.7921 0.8333 0.8027 0.8340 0.8298 0.8133 0.8162 0.8065 0.7880 0.7756
0.7855 0.8264 0.7918 0.8240 0.8181 0.7992 0.8010 0.7902 0.7700 0.7566
0.7756 0.8160 0.7752 0.8086 0.7998 0.7773 0.7770 0.7646 0.7418 0.7270
0.7611 0.8006 0.7503 0.7851 0.7718 0.7436 0.7398 0.7251 0.6984 0.6817
0.7412 0.7790 0.7150 0.7515 0.7313 0.6949 0.6857 0.6677 0.6361 0.6171
0.7169 0.7519 0.6706 0.7083 0.6790 0.6324 0.6159 0.5944 0.5578 0.5366
0.6912 0.7227 0.6230 0.6611 0.6219 0.5652 0.5412 0.5167 0.4766 0.4545
0.6685 0.6963 0.5805 0.6182 0.5704 0.5061 0.4761 0.4500 0.4084 0.3864
0.6510 0.6758 0.5482 0.5851 0.5312 0.4621 0.4282 0.4015 0.3599 0.3385
0.6388 0.6614 0.5258 0.5620 0.5042 0.4324 0.3963 0.3695 0.3285 0.3077
0.6302 0.6513 0.5106 0.5463 0.4861 0.4128 0.3754 0.3488 0.3084 0.2882
0.6229 0.6432 0.4989 0.5343 0.4727 0.3988 0.3607 0.3345 0.2950 0.2752
0.6128 0.6331 0.4855 0.5210 0.4591 0.3853 0.3470 0.3218 0.2841 0.2650
0.5889 0.6110 0.4590 0.4953 0.4355 0.3638 0.3258 0.3036 0.2711 0.2535
0.5263 0.5545 0.3963 0.4349 0.3830 0.3185 0.2826 0.2682 0.2486 0.2346
0.4243 0.4615 0.3039 0.3434 0.3063 0.2546 0.2231 0.2195 0.2180 0.2092
0.3573 0.3988 0.2480 0.2863 0.2588 0.2158 0.1876 0.1898 0.1985 0.1928
0.3341 0.3764 0.2293 0.2666 0.2424 0.2023 0.1754 0.1794 0.1911 0.1865
0.3244 0.3668 0.2221 0.2586 0.2358 0.1968 0.1707 0.1756 0.1880 0.1838
0.3093 0.3518 0.2126 0.2472 0.2273 0.1893 0.1656 0.1726 0.1847 0.1814
0.2720 0.3141 0.1903 0.2200 0.2076 0.1721 0.1543 0.1671 0.1783 0.1771
0.2242 0.2647 0.1620 0.1853 0.1821 0.1502 0.1398 0.1600 0.1698 0.1716
0.1986 0.2377 0.1468 0.1668 0.1682 0.1383 0.1318 0.1560 0.1650 0.1685
0.1898 0.2285 0.1416 0.1608 0.1638 0.1346 0.1295 0.1551 0.1638 0.1681
0.1836 0.2227 0.1380 0.1579 0.1626 0.1340 0.1303 0.1569 0.1652 0.1705
0.1688 0.2096 0.1295 0.1526 0.1622 0.1352 0.1353 0.1642 0.1714 0.1801
0.1455 0.1886 0.1159 0.1443 0.1620 0.1379 0.1450 0.1785 0.1837 0.1990
0.1299 0.1746 0.1073 0.1398 0.1633 0.1418 0.1545 0.1922 0.1969 0.2183
0.1220 0.1689 0.1048 0.1409 0.1675 0.1485 0.1645 0.2065 0.2142 0.2406
0.1153 0.1659 0.1050 0.1465 0.1758 0.1608 0.1798 0.2280 0.2438 0.2770
0.1090 0.1640 0.1066 0.1548 0.1872 0.1777 0.2002 0.2565 0.2839 0.3256
0.1048 0.1637 0.1092 0.1640 0.1998 0.1956 0.2217 0.2858 0.3243 0.3734
0.1033 0.1656 0.1133 0.1738 0.2133 0.2135 0.2431 0.3139 0.3605 0.4148
0.1044 0.1703 0.1194 0.1856 0.2296 0.2334 0.2669 0.3435 0.3957 0.4532
0.1083 0.1785 0.1288 0.2009 0.2507 0.2580 0.2962 0.3783 0.4340 0.4934
0.1157 0.1917 0.1429 0.2216 0.2787 0.2892 0.3333 0.4203 0.4777 0.5373
0.1281 0.2113 0.1632 0.2486 0.3145 0.3277 0.3787 0.4690 0.5251 0.5829
0.1469 0.2382 0.1908 0.2811 0.3568 0.3707 0.4288 0.5193 0.5699 0.6235
0.1731 0.2717 0.2246 0.3161 0.4010 0.4125 0.4763 0.5635 0.6041 0.6518
0.2043 0.3084 0.2620 0.3510 0.4429 0.4502 0.5177 0.5996 0.6296 0.6707
0.2382 0.3466 0.3022 0.3872 0.4818 0.4859 0.5531 0.6298 0.6540 0.6886
0.2830 0.3938 0.3517 0.4282 0.5160 0.5167 0.5757 0.6472 0.6722 0.6986
0.3355 0.4445 0.4048 0.4685 0.5428 0.5397 0.5859 0.6525 0.6817 0.6991
0.3657 0.4738 0.4364 0.4942 0.5621 0.5580 0.5982 0.6618 0.6931 0.7062
0.3860 0.4948 0.4576 0.5153 0.5803 0.5769 0.6142 0.6740 0.7057 0.7170
0.4305 0.5387 0.4956 0.5564 0.6125 0.6098 0.6395 0.6885 0.7206 0.7289
0.5067 0.6093 0.5554 0.6201 0.6600 0.6579 0.6743 0.7056 0.7383 0.7417
0.5505 0.6480 0.5895 0.6553 0.6862 0.6844 0.6940 0.7157 0.7485 0.7492
0.5661 0.6616 0.6030 0.6683 0.6966 0.6947 0.7028 0.7217 0.7534 0.7533
0.5948 0.6851 0.6303 0.6923 0.7167 0.7134 0.7211 0.7363 0.7624 0.7610
0.6877 0.7585 0.7177 0.7664 0.7787 0.7710 0.7778 0.7821 0.7896 0.7843
0.7770 0.8263 0.7997 0.8339 0.8363 0.8254 0.8312 0.8264 0.8173 0.8083
0.8019 0.8449 0.8223 0.8524 0.8524 0.8409 0.8464 0.8394 0.8258 0.8158
0.8067 0.8485 0.8267 0.8559 0.8555 0.8440 0.8493 0.8420 0.8275 0.8174
0.8076 0.8491 0.8274 0.8565 0.8560 0.8445 0.8499 0.8424 0.8278 0.8176
0.8076 0.8492 0.8274 0.8565 0.8560 0.8445 0.8498 0.8424 0.8278 0.8175
0.8075 0.8491 0.8273 0.8564 0.8559 0.8443 0.8496 0.8422 0.8275 0.8173
0.8074 0.8489 0.8270 0.8562 0.8556 0.8440 0.8493 0.8418 0.8271 0.8169
0.8071 0.8486 0.8266 0.8557 0.8551 0.8434 0.8487 0.8411 0.8264 0.8161
0.8065 0.8480 0.8257 0.8550 0.8542 0.8423 0.8475 0.8399 0.8251 0.8147
0.8053 0.8468 0.8238 0.8532 0.8522 0.8400 0.8450 0.8372 0.8220 0.8115
0.8018 0.8432 0.8182 0.8482 0.8463 0.8330 0.8375 0.8292 0.8132 0.8022
0.7868 0.8278 0.7940 0.8260 0.8205 0.8021 0.8041 0.7936 0.7737 0.7605
0.7123 0.7467 0.6622 0.7000 0.6690 0.6205 0.6026 0.5805 0.5431 0.5218
0.6209 0.6400 0.4932 0.5280 0.4648 0.3899 0.3511 0.3246 0.2849 0.2653
0.6097 0.6265 0.4733 0.5071 0.4409 0.3647 0.3248 0.2987 0.2601 0.2414
0.6091 0.6258 0.4722 0.5059 0.4396 0.3633 0.3234 0.2974 0.2589 0.2402
0.6085 0.6252 0.4715 0.5053 0.4390 0.3628 0.3229 0.2970 0.2586 0.2400
0.5982 0.6162 0.4612 0.4956 0.4309 0.3559 0.3165 0.2920 0.2560 0.2380
0.5208 0.5480 0.3877 0.4256 0.3729 0.3082 0.2721 0.2578 0.2384 0.2247
0.4122 0.4528 0.2982 0.3389 0.3057 0.2565 0.2259 0.2244 0.2267 0.2186
0.3825 0.4305 0.2831 0.3263 0.3023 0.2590 0.2308 0.2345 0.2462 0.2400
0.3783 0.4304 0.2865 0.3317 0.3118 0.2707 0.2436 0.2496 0.2654 0.2600
0.3759 0.4296 0.2873 0.3332 0.3151 0.2751 0.2485 0.2556 0.2733 0.2682
0.3727 0.4268 0.2852 0.3311 0.3137 0.2742 0.2479 0.2554 0.2739 0.2691
0.3692 0.4233 0.2820 0.3277 0.3107 0.2714 0.2453 0.2532 0.2719 0.2672
0.3658 0.4198 0.2789 0.3242 0.3075 0.2684 0.2425 0.2507 0.2695 0.2650
0.3625 0.4164 0.2762 0.3211 0.3048 0.2658 0.2403 0.2488 0.2676 0.2633
0.3592 0.4131 0.2737 0.3182 0.3024 0.2637 0.2386 0.2477 0.2665 0.2624
0.3554 0.4095 0.2713 0.3154 0.3005 0.2620 0.2376 0.2474 0.2662 0.2623
0.3512 0.4055 0.2690 0.3127 0.2989 0.2606 0.2371 0.2479 0.2667 0.2632
0.3464 0.4011 0.2668 0.3099 0.2975 0.2596 0.2371 0.2492 0.2680 0.2650
0.3411 0.3963 0.2646 0.3071 0.2965 0.2590 0.2378 0.2514 0.2704 0.2678
0.3358 0.3916 0.2628 0.3048 0.2961 0.2590 0.2394 0.2547 0.2738 0.2718
0.3308 0.3875 0.2616 0.3032 0.2966 0.2600 0.2419 0.2591 0.2784 0.2770
0.3269 0.3845 0.2616 0.3029 0.2985 0.2624 0.2458 0.2650 0.2846 0.2838
0.3244 0.3832 0.2631 0.3043 0.3021 0.2665 0.2514 0.2724 0.2926 0.2923
0.3239 0.3841 0.2663 0.3079 0.3077 0.2726 0.2589 0.2817 0.3025 0.3027
0.3256 0.3873 0.2717 0.3139 0.3156 0.2810 0.2686 0.2930 0.3146 0.3152
0.3298 0.3933 0.2793 0.3225 0.3261 0.2920 0.2807 0.3064 0.3290 0.3300
0.3364 0.4020 0.2893 0.3340 0.3392 0.3058 0.2954 0.3221 0.3458 0.3470
0.3457 0.4134 0.3018 0.3482 0.3549 0.3223 0.3126 0.3401 0.3651 0.3663
0.3574 0.4275 0.3168 0.3652 0.3733 0.3415 0.3324 0.3601 0.3865 0.3877
0.3714 0.4439 0.3339 0.3847 0.3939 0.3632 0.3545 0.3820 0.4099 0.4108
0.3873 0.4621 0.3530 0.4063 0.4163 0.3869 0.3785 0.4054 0.4347 0.4353
0.4044 0.4813 0.3733 0.4290 0.4398 0.4119 0.4037 0.4295 0.4603 0.4604
0.4218 0.5007 0.3941 0.4521 0.4635 0.4373 0.4292 0.4538 0.4858 0.4855
0.4386 0.5192 0.4145 0.4745 0.4865 0.4621 0.4543 0.4775 0.5106 0.5098
0.4541 0.5362 0.4336 0.4953 0.5080 0.4854 0.4780 0.5001 0.5340 0.5329
0.4678 0.5512 0.4511 0.5140 0.5275 0.5067 0.4999 0.5210 0.5555 0.5541
0.4797 0.5641 0.4666 0.5306 0.5449 0.5257 0.5197 0.5399 0.5748 0.5733
0.4898 0.5752 0.4803 0.5449 0.5601 0.5424 0.5372 0.5569 0.5919 0.5903
0.4987 0.5848 0.4925 0.5576 0.5735 0.5571 0.5528 0.5720 0.6069 0.6051
0.5070 0.5936 0.5038 0.5690 0.5856 0.5702 0.5667 0.5855 0.6199 0.6181
0.5155 0.6023 0.5148 0.5800 0.5969 0.5822 0.5795 0.5977 0.6313 0.6294
0.5254 0.6118 0.5267 0.5916 0.6084 0.5942 0.5921 0.6095 0.6416 0.6394
0.5382 0.6236 0.5410 0.6051 0.6212 0.6070 0.6055 0.6216 0.6514 0.6487
0.5555 0.6389 0.5594 0.6220 0.6366 0.6221 0.6210 0.6351 0.6613 0.6579
0.5791 0.6590 0.5834 0.6437 0.6558 0.6404 0.6396 0.6508 0.6720 0.6674
0.6088 0.6838 0.6129 0.6699 0.6787 0.6620 0.6614 0.6689 0.6834 0.6774
0.6419 0.7107 0.6452 0.6982 0.7031 0.6849 0.6845 0.6878 0.6949 0.6872
0.6735 0.7359 0.6758 0.7245 0.7257 0.7060 0.7056 0.7050 0.7049 0.6956
0.6996 0.7564 0.7006 0.7455 0.7436 0.7227 0.7222 0.7182 0.7120 0.7012
0.7187 0.7711 0.7182 0.7603 0.7559 0.7339 0.7331 0.7266 0.7156 0.7035
0.7314 0.7805 0.7292 0.7692 0.7629 0.7398 0.7386 0.7302 0.7155 0.7025
0.7390 0.7857 0.7347 0.7735 0.7655 0.7412 0.7394 0.7295 0.7121 0.6982
0.7426 0.7876 0.7360 0.7740 0.7644 0.7388 0.7362 0.7251 0.7054 0.6908
0.7433 0.7870 0.7337 0.7714 0.7602 0.7330 0.7295 0.7173 0.6957 0.6803
0.7416 0.7843 0.7285 0.7662 0.7533 0.7242 0.7195 0.7063 0.6829 0.6668
0.7380 0.7798 0.7207 0.7585 0.7437 0.7124 0.7063 0.6920 0.6670 0.6501
0.7326 0.7737 0.7104 0.7485 0.7315 0.6976 0.6898 0.6745 0.6479 0.6303
0.7255 0.7659 0.6977 0.7363 0.7167 0.6800 0.6701 0.6538 0.6256 0.6073
0.7169 0.7565 0.6826 0.7217 0.6993 0.6594 0.6473 0.6299 0.6003 0.5814
0.7066 0.7454 0.6651 0.7048 0.6794 0.6361 0.6214 0.6031 0.5724 0.5529
0.6945 0.7327 0.6452 0.6855 0.6570 0.6102 0.5928 0.5738 0.5423 0.5225
0.6802 0.7179 0.6227 0.6637 0.6321 0.5820 0.5618 0.5424 0.5109 0.4910
0.6631 0.7005 0.5972 0.6389 0.6045 0.5514 0.5285 0.5093 0.4787 0.4590
0.6421 0.6797 0.5678 0.6103 0.5738 0.5182 0.4928 0.4746 0.4462 0.4272
0.6155 0.6540 0.5331 0.5767 0.5390 0.4820 0.4545 0.4382 0.4137 0.3959
0.5815 0.6218 0.4920 0.5368 0.4992 0.4423 0.4132 0.3999 0.3812 0.3651
0.5395 0.5824 0.4445 0.4904 0.4548 0.3995 0.3696 0.3605 0.3493 0.3354
0.4925 0.5382 0.3946 0.4410 0.4088 0.3566 0.3267 0.3221 0.3191 0.3077
0.4473 0.4953 0.3489 0.3951 0.3668 0.3183 0.2889 0.2885 0.2927 0.2837
0.4108 0.4601 0.3132 0.3585 0.3335 0.2883 0.2597 0.2622 0.2718 0.2645
0.3852 0.4348 0.2886 0.3328 0.3100 0.2672 0.2393 0.2435 0.2563 0.2503
0.3687 0.4182 0.2727 0.3159 0.2944 0.2531 0.2256 0.2308 0.2453 0.2400
0.3583 0.4074 0.2625 0.3049 0.2840 0.2436 0.2165 0.2223 0.2375 0.2326
0.3513 0.4000 0.2557 0.2974 0.2770 0.2371 0.2103 0.2164 0.2319 0.2273
0.3457 0.3941 0.2506 0.2917 0.2717 0.2321 0.2058 0.2123 0.2278 0.2234
0.3399 0.3881 0.2459 0.2863 0.2670 0.2278 0.2021 0.2092 0.2247 0.2206
0.3321 0.3802 0.2405 0.2798 0.2619 0.2231 0.1986 0.2069 0.2221 0.2184
0.3209 0.3690 0.2333 0.2711 0.2554 0.2173 0.1946 0.2047 0.2197 0.2167
0.3052 0.3533 0.2237 0.2594 0.2470 0.2098 0.1898 0.2027 0.2172 0.2153
0.2863 0.3343 0.2124 0.2456 0.2372 0.2012 0.1845 0.2008 0.2149 0.2142
0.2671 0.3149 0.2012 0.2319 0.2276 0.1928 0.1795 0.1995 0.2131 0.2139
0.2509 0.2985 0.1921 0.2207 0.2200 0.1864 0.1760 0.1995 0.2127 0.2148
0.2391 0.2868 0.1861 0.2132 0.2154 0.1827 0.1747 0.2010 0.2141 0.2173
0.2319 0.2798 0.1832 0.2095 0.2141 0.1819 0.1757 0.2044 0.2176 0.2216
0.2283 0.2769 0.1831 0.2092 0.2156 0.1838 0.1791 0.2098 0.2233 0.2280
0.2275 0.2773 0.1853 0.2117 0.2199 0.1883 0.1848 0.2174 0.2315 0.2367
0.2291 0.2804 0.1898 0.2168 0.2268 0.1953 0.1930 0.2275 0.2424 0.2481
0.2328 0.2860 0.1964 0.2244 0.2364 0.2050 0.2039 0.2406 0.2564 0.2627
0.2383 0.2940 0.2054 0.2348 0.2490 0.2178 0.2180 0.2570 0.2740 0.2809
0.2459 0.3045 0.2168 0.2480 0.2648 0.2339 0.2356 0.2772 0.2958 0.3032
0.2555 0.3177 0.2311 0.2644 0.2842 0.2537 0.2573 0.3015 0.3219 0.3299
0.2675 0.3336 0.2483 0.2843 0.3072 0.2776 0.2833 0.3301 0.3526 0.3610
0.2822 0.3527 0.2689 0.3078 0.3342 0.3057 0.3136 0.3626 0.3873 0.3960
0.3001 0.3754 0.2929 0.3354 0.3649 0.3381 0.3479 0.3983 0.4252 0.4340
0.3224 0.4023 0.3210 0.3673 0.3993 0.3745 0.3857 0.4359 0.4650 0.4734
0.3500 0.4344 0.3535 0.4041 0.4372 0.4148 0.4263 0.4743 0.5053 0.5127
0.3835 0.4715 0.3903 0.4454 0.4779 0.4579 0.4682 0.5118 0.5445 0.5504
0.4209 0.5113 0.4294 0.4886 0.5188 0.5015 0.5094 0.5468 0.5808 0.5848
0.4571 0.5485 0.4664 0.5289 0.5562 0.5413 0.5466 0.5777 0.6125 0.6147
0.4867 0.5783 0.4970 0.5617 0.5866 0.5740 0.5773 0.6034 0.6386 0.6394
0.5078 0.5995 0.5200 0.5857 0.6095 0.5986 0.6011 0.6239 0.6591 0.6591
0.5222 0.6139 0.5366 0.6028 0.6262 0.6168 0.6191 0.6401 0.6751 0.6746
0.5328 0.6246 0.5497 0.6158 0.6392 0.6308 0.6335 0.6533 0.6876 0.6869
0.5431 0.6345 0.5620 0.6278 0.6509 0.6431 0.6463 0.6651 0.6981 0.6972
0.5573 0.6473 0.5777 0.6423 0.6645 0.6568 0.6604 0.6777 0.7082 0.7067
0.5815 0.6681 0.6026 0.6648 0.6845 0.6760 0.6800 0.6943 0.7199 0.7175
0.6224 0.7018 0.6431 0.7002 0.7152 0.7051 0.7092 0.7186 0.7356 0.7313
0.6769 0.7454 0.6958 0.7453 0.7539 0.7417 0.7458 0.7488 0.7546 0.7479
0.7267 0.7842 0.7432 0.7853 0.7884 0.7745 0.7784 0.7760 0.7717 0.7628
0.7592 0.8090 0.7738 0.8106 0.8105 0.7957 0.7994 0.7936 0.7829 0.7725
0.7764 0.8221 0.7897 0.8237 0.8219 0.8065 0.8101 0.8025 0.7883 0.7771
0.7845 0.8281 0.7969 0.8295 0.8267 0.8110 0.8144 0.8059 0.7898 0.7780
0.7879 0.8303 0.7993 0.8313 0.8279 0.8117 0.8149 0.8058 0.7886 0.7765
0.7886 0.8304 0.7989 0.8308 0.8267 0.8100 0.8129 0.8033 0.7853 0.7729
0.7876 0.8291 0.7966 0.8285 0.8238 0.8063 0.8088 0.7988 0.7800 0.7673
0.7854 0.8267 0.7925 0.8247 0.8192 0.8007 0.8027 0.7922 0.7725 0.7593
0.7821 0.8231 0.7867 0.8194 0.8128 0.7930 0.7942 0.7831 0.7624 0.7487
0.7775 0.8183 0.7789 0.8121 0.8041 0.7826 0.7828 0.7709 0.7489 0.7345
0.7716 0.8119 0.7687 0.8025 0.7927 0.7689 0.7678 0.7549 0.7312 0.7159
0.7640 0.8038 0.7556 0.7902 0.7781 0.7512 0.7482 0.7341 0.7084 0.6921
0.7547 0.7938 0.7393 0.7748 0.7595 0.7288 0.7235 0.7078 0.6797 0.6622
0.7435 0.7816 0.7195 0.7559 0.7367 0.7014 0.6930 0.6755 0.6447 0.6260
0.7307 0.7675 0.6964 0.7335 0.7097 0.6691 0.6570 0.6375 0.6039 0.5839
0.7165 0.7517 0.6705 0.7083 0.6793 0.6329 0.6165 0.5952 0.5589 0.5379
0.7015 0.7349 0.6431 0.6813 0.6467 0.5945 0.5738 0.5507 0.5122 0.4905
0.6864 0.7177 0.6155 0.6538 0.6137 0.5561 0.5313 0.5068 0.4670 0.4450
0.6714 0.7008 0.5887 0.6269 0.5818 0.5198 0.4913 0.4661 0.4257 0.4038
0.6563 0.6840 0.5630 0.6011 0.5519 0.4864 0.4550 0.4296 0.3897 0.3683
0.6397 0.6664 0.5372 0.5752 0.5231 0.4554 0.4219 0.3971 0.3588 0.3382
0.6176 0.6444 0.5074 0.5458 0.4924 0.4240 0.3892 0.3662 0.3315 0.3122
0.5823 0.6111 0.4660 0.5055 0.4536 0.3868 0.3515 0.3325 0.3048 0.2876
0.5242 0.5576 0.4051 0.4461 0.3999 0.3384 0.3041 0.2918 0.2755 0.2617
0.4491 0.4884 0.3335 0.3751 0.3381 0.2849 0.2531 0.2486 0.2458 0.2359
0.3881 0.4311 0.2791 0.3199 0.2907 0.2448 0.2155 0.2165 0.2232 0.2163
0.3553 0.3994 0.2509 0.2904 0.2654 0.2234 0.1956 0.1991 0.2102 0.2048
0.3404 0.3846 0.2380 0.2767 0.2534 0.2132 0.1861 0.1906 0.2033 0.1986
0.3323 0.3764 0.2313 0.2693 0.2469 0.2074 0.1810 0.1861 0.1993 0.1949
0.3238 0.3678 0.2252 0.2622 0.2411 0.2023 0.1770 0.1831 0.1962 0.1923
0.3081 0.3519 0.2152 0.2501 0.2321 0.1942 0.1714 0.1798 0.1925 0.1895
0.2793 0.3228 0.1977 0.2287 0.2165 0.1805 0.1623 0.1753 0.1872 0.1859
0.2436 0.2861 0.1764 0.2026 0.1972 0.1638 0.1513 0.1699 0.1808 0.1818
0.2165 0.2579 0.1602 0.1829 0.1826 0.1512 0.1429 0.1659 0.1760 0.1788
0.2024 0.2430 0.1519 0.1727 0.1751 0.1448 0.1387 0.1642 0.1738 0.1776
0.1961 0.2365 0.1484 0.1686 0.1723 0.1426 0.1376 0.1643 0.1737 0.1781
0.1929 0.2335 0.1470 0.1673 0.1720 0.1425 0.1383 0.1658 0.1752 0.1801
0.1899 0.2312 0.1459 0.1669 0.1729 0.1438 0.1406 0.1690 0.1784 0.1840
0.1854 0.2278 0.1442 0.1667 0.1749 0.1463 0.1447 0.1746 0.1837 0.1908
0.1789 0.2229 0.1416 0.1664 0.1780 0.1502 0.1511 0.1830 0.1918 0.2011
0.1720 0.2180 0.1392 0.1669 0.1824 0.1556 0.1598 0.1944 0.2028 0.2148
0.1670 0.2152 0.1386 0.1692 0.1888 0.1630 0.1706 0.2082 0.2165 0.2314
0.1654 0.2161 0.1411 0.1744 0.1980 0.1729 0.1838 0.2246 0.2332 0.2508
0.1679 0.2215 0.1473 0.1834 0.2108 0.1863 0.2002 0.2445 0.2540 0.2737
0.1749 0.2323 0.1583 0.1972 0.2284 0.2043 0.2211 0.2691 0.2801 0.3014
0.1872 0.2491 0.1752 0.2169 0.2521 0.2283 0.2478 0.2998 0.3131 0.3351
0.2056 0.2729 0.1992 0.2434 0.2825 0.2591 0.2810 0.3369 0.3533 0.3751
0.2303 0.3035 0.2308 0.2771 0.3196 0.2968 0.3205 0.3799 0.4002 0.4204
0.2592 0.3386 0.2685 0.3159 0.3615 0.3398 0.3649 0.4269 0.4514 0.4692
0.2882 0.3734 0.3077 0.3561 0.4048 0.3852 0.4117 0.4756 0.5037 0.5192
0.3134 0.4041 0.3440 0.3938 0.4460 0.4291 0.4579 0.5226 0.5532 0.5671
0.3350 0.4306 0.3758 0.4275 0.4829 0.4692 0.5001 0.5644 0.5963 0.6091
0.3569 0.4565 0.4054 0.4594 0.5166 0.5058 0.5375 0.5994 0.6318 0.6437
0.3876 0.4902 0.4393 0.4965 0.5517 0.5433 0.5728 0.6287 0.6616 0.6715
0.4371 0.5401 0.4850 0.5463 0.5939 0.5875 0.6102 0.6549 0.6882 0.6949
0.4946 0.5948 0.5341 0.5987 0.6361 0.6311 0.6453 0.6770 0.7107 0.7139
0.5328 0.6299 0.5667 0.6326 0.6633 0.6594 0.6684 0.6921 0.7258 0.7268
0.5506 0.6461 0.5830 0.6491 0.6773 0.6739 0.6811 0.7015 0.7348 0.7349
0.5623 0.6566 0.5948 0.6603 0.6872 0.6840 0.6909 0.7096 0.7415 0.7411
0.5839 0.6748 0.6164 0.6794 0.7038 0.6997 0.7066 0.7226 0.7503 0.7490
0.6392 0.7195 0.6695 0.7252 0.7425 0.7358 0.7424 0.7517 0.7680 0.7644
0.7236 0.7851 0.7486 0.7915 0.7987 0.7886 0.7945 0.7945 0.7943 0.7871
0.7774 0.8258 0.7982 0.8324 0.8339 0.8222 0.8276 0.8223 0.8121 0.8027
0.7968 0.8404 0.8160 0.8469 0.8466 0.8346 0.8397 0.8326 0.8190 0.8088
0.8027 0.8449 0.8214 0.8513 0.8505 0.8383 0.8433 0.8358 0.8211 0.8106
0.8044 0.8461 0.8229 0.8524 0.8515 0.8392 0.8442 0.8364 0.8214 0.8108
0.8047 0.8462 0.8229 0.8525 0.8514 0.8390 0.8440 0.8361 0.8209 0.8103
0.8044 0.8459 0.8223 0.8519 0.8507 0.8382 0.8431 0.8352 0.8198 0.8091
0.8037 0.8452 0.8212 0.8509 0.8495 0.8368 0.8416 0.8336 0.8180 0.8072
0.8026 0.8441 0.8195 0.8494 0.8477 0.8347 0.8393 0.8311 0.8153 0.8044
0.8010 0.8424 0.8170 0.8470 0.8450 0.8314 0.8358 0.8274 0.8112 0.8000
0.7985 0.8399 0.8130 0.8434 0.8409 0.8265 0.8305 0.8217 0.8049 0.7934
0.7947 0.8360 0.8069 0.8378 0.8343 0.8187 0.8221 0.8128 0.7950 0.7829
0.7887 0.8298 0.7972 0.8289 0.8239 0.8061 0.8085 0.7983 0.7789 0.7660
0.7793 0.8200 0.7815 0.8144 0.8067 0.7856 0.7861 0.7743 0.7525 0.7382
0.7646 0.8044 0.7564 0.7909 0.7787 0.7519 0.7491 0.7349 0.7092 0.6929
0.7431 0.7811 0.7184 0.7547 0.7352 0.6996 0.6909 0.6732 0.6421 0.6232
0.7153 0.7502 0.6678 0.7055 0.6756 0.6284 0.6114 0.5897 0.5528 0.5316
0.6859 0.7165 0.6130 0.6510 0.6098 0.5512 0.5257 0.5007 0.4601 0.4380
0.6609 0.6875 0.5665 0.6039 0.5535 0.4870 0.4551 0.4287 0.3870 0.3652
0.6436 0.6670 0.5345 0.5709 0.5146 0.4437 0.4084 0.3816 0.3402 0.3192
0.6328 0.6542 0.5148 0.5506 0.4908 0.4179 0.3807 0.3540 0.3133 0.2929
0.6259 0.6462 0.5029 0.5382 0.4767 0.4027 0.3647 0.3381 0.2980 0.2781
0.6203 0.6400 0.4940 0.5292 0.4668 0.3924 0.3540 0.3278 0.2885 0.2690
0.6112 0.6311 0.4826 0.5179 0.4557 0.3817 0.3432 0.3180 0.2805 0.2616
0.5866 0.6088 0.4562 0.4925 0.4327 0.3611 0.3231 0.3011 0.2690 0.2516
0.5208 0.5495 0.3910 0.4296 0.3785 0.3146 0.2789 0.2652 0.2466 0.2329
0.4185 0.4562 0.2990 0.3385 0.3022 0.2513 0.2200 0.2170 0.2165 0.2080
0.3553 0.3969 0.2465 0.2847 0.2576 0.2148 0.1867 0.1891 0.1982 0.1926
0.3337 0.3761 0.2291 0.2664 0.2423 0.2023 0.1754 0.1794 0.1912 0.1866
0.3242 0.3667 0.2220 0.2585 0.2359 0.1968 0.1708 0.1758 0.1881 0.1840
0.3089 0.3514 0.2124 0.2470 0.2272 0.1893 0.1656 0.1727 0.1849 0.1816
0.2717 0.3138 0.1902 0.2198 0.2076 0.1721 0.1544 0.1672 0.1784 0.1773
0.2244 0.2650 0.1623 0.1856 0.1824 0.1504 0.1400 0.1602 0.1700 0.1719
0.1990 0.2381 0.1471 0.1672 0.1685 0.1386 0.1321 0.1563 0.1653 0.1688
0.1901 0.2288 0.1419 0.1610 0.1640 0.1348 0.1298 0.1553 0.1640 0.1683
0.1842 0.2233 0.1385 0.1582 0.1629 0.1342 0.1304 0.1569 0.1653 0.1705
0.1705 0.2112 0.1306 0.1534 0.1624 0.1353 0.1350 0.1637 0.1710 0.1794
0.1478 0.1908 0.1173 0.1453 0.1623 0.1379 0.1443 0.1774 0.1828 0.1975
0.1315 0.1761 0.1082 0.1404 0.1634 0.1416 0.1539 0.1912 0.1958 0.2166
0.1233 0.1699 0.1053 0.1409 0.1672 0.1477 0.1634 0.2047 0.2117 0.2373
0.1171 0.1670 0.1054 0.1457 0.1747 0.1588 0.1772 0.2242 0.2380 0.2697
0.1112 0.1653 0.1069 0.1536 0.1855 0.1745 0.1963 0.2508 0.2750 0.3145
0.1070 0.1651 0.1096 0.1627 0.1979 0.1921 0.2174 0.2796 0.3145 0.3614
0.1054 0.1671 0.1137 0.1726 0.2116 0.2101 0.2390 0.3078 0.3511 0.4035
0.1066 0.1720 0.1200 0.1845 0.2279 0.2299 0.2628 0.3375 0.3865 0.4424
0.1108 0.1806 0.1296 0.1998 0.2488 0.2541 0.2916 0.3718 0.4244 0.4822
0.1187 0.1942 0.1439 0.2203 0.2764 0.2845 0.3279 0.4128 0.4668 0.5249
0.1318 0.2142 0.1645 0.2468 0.3117 0.3219 0.3720 0.4600 0.5122 0.5685
0.1515 0.2416 0.1922 0.2788 0.3533 0.3635 0.4206 0.5087 0.5549 0.6071
0.1781 0.2751 0.2261 0.3137 0.3973 0.4052 0.4679 0.5531 0.5897 0.6361
0.2089 0.3117 0.2638 0.3498 0.4405 0.4451 0.5115 0.5921 0.6197 0.6598
0.2436 0.3512 0.3058 0.3883 0.4809 0.4833 0.5486 0.6245 0.6482 0.6817
0.2911 0.4007 0.3580 0.4314 0.5158 0.5151 0.5710 0.6418 0.6676 0.6923
0.3406 0.4487 0.4086 0.4705 0.5427 0.5387 0.5831 0.6492 0.6790 0.6955
0.3674 0.4752 0.4375 0.4949 0.5622 0.5579 0.5975 0.6608 0.6922 0.7050
0.3886 0.4973 0.4594 0.5173 0.5815 0.5780 0.6148 0.6739 0.7056 0.7167
0.4371 0.5449 0.5005 0.5617 0.6162 0.6135 0.6419 0.6892 0.7214 0.7292
0.5121 0.6141 0.5593 0.6243 0.6628 0.6607 0.6761 0.7061 0.7389 0.7419
0.5518 0.6492 0.5904 0.6562 0.6868 0.6850 0.6943 0.7157 0.7485 0.7491
0.5669 0.6621 0.6035 0.6688 0.6969 0.6950 0.7030 0.7218 0.7534 0.7532
0.5971 0.6870 0.6324 0.6941 0.7181 0.7147 0.7223 0.7372 0.7629 0.7614
0.6913 0.7613 0.7209 0.7691 0.7810 0.7730 0.7798 0.7837 0.7905 0.7850
0.7778 0.8268 0.8003 0.8344 0.8367 0.8258 0.8315 0.8267 0.8174 0.8084
0.8019 0.8449 0.8222 0.8523 0.8523 0.8409 0.8463 0.8393 0.8257 0.8157
0.8067 0.8484 0.8266 0.8558 0.8554 0.8439 0.8492 0.8418 0.8274 0.8172
0.8075 0.8491 0.8273 0.8564 0.8559 0.8444 0.8497 0.8423 0.8277 0.8175
0.8076 0.8491 0.8273 0.8564 0.8559 0.8444 0.8497 0.8422 0.8276 0.8174
0.8075 0.8490 0.8272 0.8563 0.8558 0.8442 0.8495 0.8420 0.8274 0.8171
0.8073 0.8488 0.8269 0.8560 0.8555 0.8438 0.8491 0.8416 0.8269 0.8167
0.8070 0.8485 0.8264 0.8556 0.8549 0.8432 0.8485 0.8409 0.8262 0.8158
0.8064 0.8479 0.8255 0.8548 0.8540 0.8421 0.8473 0.8396 0.8247 0.8143
0.8051 0.8466 0.8235 0.8530 0.8519 0.8396 0.8446 0.8368 0.8216 0.8111
0.8017 0.8432 0.8181 0.8481 0.8463 0.8329 0.8374 0.8291 0.8131 0.8020
0.7885 0.8296 0.7969 0.8286 0.8235 0.8057 0.8081 0.7978 0.7784 0.7654
0.7260 0.7621 0.6873 0.7247 0.6989 0.6560 0.6423 0.6220 0.5871 0.5667
0.6279 0.6483 0.5058 0.5412 0.4799 0.4060 0.3682 0.3415 0.3011 0.2811
0.6103 0.6272 0.4743 0.5081 0.4421 0.3659 0.3261 0.3000 0.2614 0.2426
0.6092 0.6259 0.4723 0.5061 0.4398 0.3635 0.3236 0.2975 0.2590 0.2403
0.6088 0.6255 0.4718 0.5056 0.4393 0.3630 0.3232 0.2972 0.2587 0.2401
0.6028 0.6202 0.4658 0.5000 0.4346 0.3591 0.3195 0.2944 0.2573 0.2391
0.5496 0.5735 0.4145 0.4513 0.3942 0.3257 0.2883 0.2705 0.2453 0.2300
0.4355 0.4733 0.3163 0.3565 0.3190 0.2664 0.2346 0.2304 0.2280 0.2187
0.3868 0.4329 0.2836 0.3260 0.2998 0.2553 0.2265 0.2290 0.2385 0.2319
0.3763 0.4267 0.2814 0.3256 0.3042 0.2625 0.2350 0.2402 0.2546 0.2491
0.3720 0.4241 0.2806 0.3255 0.3061 0.2657 0.2388 0.2452 0.2619 0.2567
0.3679 0.4205 0.2778 0.3226 0.3042 0.2643 0.2377 0.2448 0.2623 0.2574
0.3639 0.4164 0.2742 0.3188 0.3007 0.2612 0.2349 0.2422 0.2600 0.2554
0.3600 0.4125 0.2708 0.3149 0.2972 0.2579 0.2318 0.2395 0.2574 0.2529
0.3562 0.4085 0.2675 0.3112 0.2940 0.2549 0.2292 0.2373 0.2552 0.2509
0.3520 0.4043 0.2644 0.3076 0.2911 0.2522 0.2271 0.2359 0.2537 0.2497
0.3469 0.3993 0.2612 0.3037 0.2882 0.2496 0.2254 0.2351 0.2529 0.2492
0.3407 0.3933 0.2576 0.2993 0.2853 0.2471 0.2241 0.2351 0.2528 0.2495
0.3332 0.3862 0.2535 0.2944 0.2823 0.2445 0.2230 0.2358 0.2534 0.2507
0.3249 0.3783 0.2493 0.2891 0.2794 0.2422 0.2225 0.2372 0.2548 0.2529
0.3163 0.3702 0.2453 0.2841 0.2769 0.2403 0.2226 0.2396 0.2572 0.2561
0.3083 0.3629 0.2421 0.2801 0.2755 0.2395 0.2238 0.2433 0.2610 0.2607
0.3017 0.3572 0.2402 0.2776 0.2756 0.2402 0.2264 0.2484 0.2663 0.2668
0.2973 0.3538 0.2402 0.2773 0.2778 0.2429 0.2310 0.2552 0.2736 0.2748
0.2953 0.3531 0.2424 0.2796 0.2824 0.2480 0.2377 0.2641 0.2831 0.2849
0.2960 0.3554 0.2470 0.2847 0.2897 0.2558 0.2469 0.2753 0.2950 0.2974
0.2995 0.3608 0.2541 0.2928 0.2998 0.2664 0.2588 0.2889 0.3097 0.3125
0.3057 0.3693 0.2639 0.3040 0.3130 0.2801 0.2736 0.3052 0.3272 0.3303
0.3150 0.3810 0.2766 0.3186 0.3293 0.2970 0.2915 0.3242 0.3476 0.3508
0.3272 0.3960 0.2922 0.3365 0.3488 0.3173 0.3125 0.3459 0.3708 0.3741
0.3424 0.4141 0.3108 0.3577 0.3714 0.3409 0.3366 0.3701 0.3967 0.3997
0.3606 0.4352 0.3322 0.3821 0.3967 0.3675 0.3635 0.3962 0.4246 0.4272
0.3812 0.4585 0.3559 0.4089 0.4242 0.3965 0.3924 0.4238 0.4538 0.4558
0.4032 0.4830 0.3810 0.4371 0.4526 0.4267 0.4224 0.4518 0.4834 0.4847
0.4254 0.5072 0.4063 0.4651 0.4807 0.4568 0.4522 0.4794 0.5123 0.5128
0.4462 0.5296 0.4304 0.4914 0.5072 0.4853 0.4806 0.5056 0.5395 0.5393
0.4644 0.5492 0.4521 0.5149 0.5310 0.5111 0.5065 0.5296 0.5642 0.5635
0.4798 0.5656 0.4710 0.5351 0.5516 0.5336 0.5294 0.5510 0.5861 0.5851
0.4923 0.5790 0.4872 0.5521 0.5692 0.5528 0.5493 0.5699 0.6051 0.6039
0.5026 0.5901 0.5009 0.5663 0.5841 0.5692 0.5664 0.5863 0.6214 0.6200
0.5117 0.5997 0.5131 0.5787 0.5970 0.5833 0.5813 0.6006 0.6353 0.6338
0.5206 0.6087 0.5247 0.5902 0.6089 0.5960 0.5947 0.6134 0.6473 0.6457
0.5308 0.6186 0.5371 0.6022 0.6208 0.6084 0.6078 0.6256 0.6581 0.6562
0.5445 0.6311 0.5523 0.6165 0.6343 0.6220 0.6220 0.6384 0.6683 0.6660
0.5641 0.6482 0.5729 0.6354 0.6514 0.6386 0.6391 0.6532 0.6791 0.6759
0.5919 0.6718 0.6011 0.6607 0.6737 0.6599 0.6606 0.6713 0.6912 0.6867
0.6277 0.7013 0.6365 0.6918 0.7007 0.6854 0.6863 0.6926 0.7048 0.6986
0.6663 0.7323 0.6741 0.7242 0.7288 0.7119 0.7129 0.7145 0.7183 0.7102
0.7005 0.7593 0.7070 0.7523 0.7530 0.7347 0.7357 0.7332 0.7294 0.7196
0.7260 0.7791 0.7312 0.7726 0.7704 0.7511 0.7519 0.7464 0.7368 0.7255
0.7429 0.7919 0.7466 0.7853 0.7810 0.7608 0.7614 0.7537 0.7400 0.7277
0.7529 0.7991 0.7550 0.7921 0.7862 0.7651 0.7654 0.7561 0.7395 0.7264
0.7580 0.8025 0.7583 0.7944 0.7873 0.7652 0.7649 0.7545 0.7357 0.7219
0.7598 0.8030 0.7578 0.7936 0.7851 0.7618 0.7609 0.7495 0.7290 0.7145
0.7591 0.8014 0.7544 0.7901 0.7802 0.7554 0.7537 0.7414 0.7193 0.7042
0.7565 0.7980 0.7484 0.7842 0.7728 0.7462 0.7434 0.7302 0.7065 0.6907
0.7522 0.7931 0.7401 0.7762 0.7629 0.7341 0.7299 0.7157 0.6904 0.6739
0.7464 0.7866 0.7293 0.7659 0.7505 0.7191 0.7131 0.6979 0.6708 0.6535
0.7391 0.7786 0.7162 0.7534 0.7353 0.7009 0.6929 0.6764 0.6476 0.6294
0.7303 0.7690 0.7008 0.7385 0.7174 0.6795 0.6691 0.6514 0.6208 0.6018
0.7202 0.7580 0.6830 0.7213 0.6969 0.6551 0.6420 0.6231 0.5907 0.5710
0.7087 0.7456 0.6630 0.7019 0.6739 0.6281 0.6119 0.5919 0.5581 0.5377
0.6957 0.7316 0.6411 0.6805 0.6487 0.5989 0.5795 0.5586 0.5238 0.5031
0.6810 0.7160 0.6170 0.6569 0.6215 0.5679 0.5455 0.5240 0.4890 0.4682
0.6638 0.6982 0.5905 0.6309 0.5923 0.5354 0.5101 0.4887 0.4546 0.4341
0.6426 0.6769 0.5603 0.6015 0.5604 0.5011 0.4732 0.4528 0.4209 0.4012
0.6151 0.6503 0.5244 0.5666 0.5243 0.4639 0.4340 0.4157 0.3881 0.3697
0.5782 0.6154 0.4804 0.5238 0.4822 0.4224 0.3912 0.3765 0.3556 0.3393
0.5304 0.5708 0.4278 0.4723 0.4338 0.3767 0.3453 0.3355 0.3234 0.3098
0.4762 0.5202 0.3723 0.4173 0.3836 0.3310 0.3002 0.2959 0.2933 0.2825
0.4269 0.4734 0.3244 0.3689 0.3401 0.2923 0.2626 0.2628 0.2681 0.2598
0.3909 0.4386 0.2905 0.3340 0.3089 0.2647 0.2361 0.2391 0.2495 0.2429
0.3685 0.4164 0.2696 0.3120 0.2890 0.2470 0.2193 0.2237 0.2368 0.2313
0.3553 0.4030 0.2572 0.2987 0.2768 0.2361 0.2089 0.2141 0.2283 0.2233
0.3472 0.3946 0.2496 0.2903 0.2690 0.2290 0.2022 0.2078 0.2225 0.2179
0.3411 0.3882 0.2441 0.2842 0.2635 0.2239 0.1975 0.2036 0.2184 0.2140
0.3345 0.3814 0.2390 0.2783 0.2584 0.2193 0.1937 0.2005 0.2152 0.2111
0.3250 0.3717 0.2326 0.2705 0.2524 0.2138 0.1897 0.1979 0.2123 0.2088
0.3101 0.3568 0.2232 0.2591 0.2439 0.2063 0.1845 0.1951 0.2092 0.2066
0.2893 0.3358 0.2104 0.2436 0.2326 0.1963 0.1780 0.1922 0.2056 0.2044
0.2655 0.3116 0.1962 0.2262 0.2200 0.1853 0.1710 0.1893 0.2021 0.2024
0.2444 0.2899 0.1837 0.2109 0.2091 0.1758 0.1651 0.1873 0.1995 0.2014
0.2291 0.2742 0.1751 0.2003 0.2018 0.1695 0.1616 0.1869 0.1987 0.2018
0.2198 0.2649 0.1704 0.1945 0.1982 0.1667 0.1606 0.1882 0.1999 0.2039
0.2150 0.2604 0.1688 0.1924 0.1979 0.1667 0.1620 0.1913 0.2032 0.2078
0.2133 0.2594 0.1696 0.1933 0.2001 0.1692 0.1654 0.1962 0.2084 0.2136
0.2137 0.2609 0.1723 0.1964 0.2046 0.1737 0.1709 0.2033 0.2160 0.2215
0.2159 0.2646 0.1768 0.2016 0.2114 0.1805 0.1786 0.2127 0.2261 0.2321
0.2197 0.2703 0.1831 0.2091 0.2207 0.1898 0.1889 0.2250 0.2393 0.2459
0.2251 0.2782 0.1917 0.2191 0.2328 0.2020 0.2024 0.2409 0.2564 0.2636
0.2324 0.2885 0.2028 0.2320 0.2483 0.2176 0.2197 0.2609 0.2779 0.2858
0.2417 0.3013 0.2168 0.2481 0.2676 0.2373 0.2413 0.2856 0.3046 0.3131
0.2530 0.3169 0.2339 0.2677 0.2909 0.2613 0.2678 0.3154 0.3365 0.3457
0.2665 0.3351 0.2542 0.2909 0.3183 0.2899 0.2991 0.3501 0.3736 0.3834
0.2823 0.3561 0.2777 0.3176 0.3493 0.3226 0.3349 0.3887 0.4147 0.4249
0.3009 0.3799 0.3042 0.3478 0.3836 0.3591 0.3742 0.4298 0.4580 0.4684
0.3234 0.4077 0.3342 0.3816 0.4206 0.3987 0.4158 0.4713 0.5016 0.5116
0.3519 0.4408 0.3686 0.4203 0.4606 0.4414 0.4590 0.5118 0.5437 0.5527
0.3884 0.4809 0.4082 0.4644 0.5034 0.4870 0.5028 0.5499 0.5831 0.5902
0.4311 0.5254 0.4512 0.5117 0.5468 0.5331 0.5452 0.5842 0.6185 0.6232
0.4722 0.5666 0.4913 0.5550 0.5855 0.5741 0.5822 0.6133 0.6481 0.6505
0.5035 0.5972 0.5221 0.5876 0.6148 0.6053 0.6107 0.6360 0.6711 0.6719
0.5235 0.6167 0.5431 0.6092 0.6348 0.6268 0.6311 0.6531 0.6879 0.6879
0.5362 0.6292 0.5575 0.6237 0.6487 0.6418 0.6459 0.6662 0.7005 0.7001
0.5465 0.6391 0.5696 0.6355 0.6601 0.6538 0.6581 0.6773 0.7105 0.7098
0.5601 0.6513 0.5844 0.6493 0.6729 0.6667 0.6714 0.6890 0.7199 0.7187
0.5849 0.6725 0.6098 0.6720 0.6929 0.6859 0.6909 0.7055 0.7313 0.7291
0.6308 0.7100 0.6547 0.7111 0.7265 0.7175 0.7226 0.7317 0.7480 0.7438
0.6928 0.7591 0.7141 0.7615 0.7698 0.7583 0.7631 0.7651 0.7689 0.7620
0.7446 0.7991 0.7630 0.8023 0.8050 0.7919 0.7964 0.7929 0.7865 0.7774
0.7738 0.8213 0.7903 0.8248 0.8246 0.8108 0.8151 0.8087 0.7967 0.7863
0.7873 0.8314 0.8027 0.8350 0.8334 0.8193 0.8234 0.8157 0.8010 0.7900
0.7929 0.8355 0.8075 0.8389 0.8367 0.8222 0.8263 0.8179 0.8020 0.7906
0.7948 0.8367 0.8088 0.8398 0.8371 0.8224 0.8263 0.8175 0.8009 0.7893
0.7948 0.8365 0.8080 0.8389 0.8359 0.8207 0.8244 0.8154 0.7982 0.7864
0.7937 0.8352 0.8058 0.8369 0.8334 0.8176 0.8210 0.8117 0.7939 0.7818
0.7917 0.8330 0.8023 0.8336 0.8295 0.8130 0.8159 0.8062 0.7878 0.7754
0.7887 0.8298 0.7973 0.8290 0.8240 0.8064 0.8088 0.7986 0.7793 0.7664
0.7845 0.8255 0.7904 0.8226 0.8165 0.7973 0.7990 0.7881 0.7677 0.7542
0.7790 0.8197 0.7810 0.8140 0.8063 0.7851 0.7855 0.7738 0.7519 0.7376
0.7717 0.8120 0.7687 0.8025 0.7926 0.7686 0.7674 0.7545 0.7307 0.7153
0.7624 0.8020 0.7526 0.7874 0.7745 0.7469 0.7435 0.7290 0.7027 0.6861
0.7509 0.7896 0.7324 0.7681 0.7514 0.7190 0.7126 0.6962 0.6670 0.6490
0.7372 0.7746 0.7078 0.7445 0.7229 0.6848 0.6745 0.6559 0.6235 0.6040
0.7216 0.7573 0.6795 0.7171 0.6897 0.6451 0.6302 0.6093 0.5737 0.5529
0.7051 0.7387 0.6491 0.6871 0.6534 0.6022 0.5823 0.5594 0.5210 0.4994
0.6885 0.7197 0.6184 0.6565 0.6166 0.5592 0.5345 0.5100 0.4698 0.4477
0.6727 0.7016 0.5894 0.6273 0.5817 0.5191 0.4904 0.4648 0.4237 0.4017
0.6582 0.6850 0.5632 0.6008 0.5504 0.4839 0.4520 0.4259 0.3849 0.3632
0.6443 0.6694 0.5397 0.5769 0.5229 0.4538 0.4196 0.3936 0.3534 0.3324
0.6290 0.6532 0.5165 0.5536 0.4974 0.4269 0.3912 0.3660 0.3277 0.3076
0.6066 0.6312 0.4878 0.5253 0.4688 0.3986 0.3621 0.3392 0.3050 0.2864
0.5649 0.5927 0.4418 0.4807 0.4275 0.3605 0.3244 0.3065 0.2808 0.2646
0.4922 0.5263 0.3697 0.4103 0.3658 0.3067 0.2728 0.2632 0.2516 0.2395
0.4107 0.4510 0.2960 0.3365 0.3030 0.2538 0.2232 0.2217 0.2238 0.2158
0.3610 0.4038 0.2537 0.2928 0.2661 0.2231 0.1948 0.1974 0.2068 0.2011
0.3400 0.3833 0.2361 0.2743 0.2503 0.2098 0.1827 0.1867 0.1988 0.1940
0.3305 0.3739 0.2284 0.2659 0.2430 0.2036 0.1771 0.1819 0.1947 0.1903
0.3215 0.3647 0.2220 0.2585 0.2371 0.1984 0.1731 0.1789 0.1917 0.1878
0.3029 0.3461 0.2105 0.2445 0.2267 0.1892 0.1668 0.1755 0.1878 0.1850
0.2677 0.3104 0.1893 0.2186 0.2079 0.1727 0.1560 0.1701 0.1815 0.1808
0.2287 0.2700 0.1661 0.1902 0.1869 0.1546 0.1440 0.1642 0.1744 0.1762
0.2050 0.2451 0.1520 0.1730 0.1740 0.1436 0.1366 0.1606 0.1701 0.1735
0.1950 0.2346 0.1461 0.1659 0.1688 0.1392 0.1338 0.1595 0.1687 0.1728
0.1904 0.2300 0.1436 0.1633 0.1673 0.1380 0.1335 0.1601 0.1691 0.1738
0.1857 0.2259 0.1412 0.1617 0.1673 0.1385 0.1352 0.1627 0.1714 0.1771
0.1768 0.2183 0.1364 0.1591 0.1679 0.1401 0.1393 0.1686 0.1767 0.1846
0.1632 0.2065 0.1289 0.1552 0.1692 0.1430 0.1465 0.1787 0.1857 0.1974
0.1499 0.1951 0.1219 0.1519 0.1714 0.1471 0.1555 0.1912 0.1972 0.2135
0.1413 0.1882 0.1182 0.1512 0.1752 0.1525 0.1650 0.2040 0.2097 0.2301
0.1373 0.1861 0.1180 0.1537 0.1812 0.1596 0.1754 0.2176 0.2239 0.2475
0.1367 0.1878 0.1207 0.1592 0.1898 0.1694 0.1879 0.2335 0.2412 0.2677
0.1388 0.1928 0.1264 0.1679 0.2019 0.1824 0.2040 0.2533 0.2627 0.2918
0.1441 0.2017 0.1354 0.1803 0.2186 0.1999 0.2250 0.2784 0.2897 0.3210
0.1530 0.2153 0.1490 0.1976 0.2411 0.2233 0.2526 0.3105 0.3235 0.3566
0.1666 0.2346 0.1684 0.2212 0.2711 0.2541 0.2884 0.3510 0.3656 0.3997
0.1861 0.2610 0.1954 0.2524 0.3092 0.2933 0.3324 0.3993 0.4159 0.4496
0.2134 0.2959 0.2318 0.2919 0.3540 0.3394 0.3816 0.4510 0.4706 0.5017
0.2502 0.3396 0.2781 0.3383 0.4020 0.3882 0.4296 0.4992 0.5230 0.5487
0.2914 0.3857 0.3285 0.3857 0.4477 0.4346 0.4725 0.5407 0.5687 0.5882
0.3254 0.4233 0.3714 0.4261 0.4869 0.4753 0.5110 0.5775 0.6083 0.6235
0.3487 0.4500 0.4029 0.4574 0.5188 0.5094 0.5448 0.6095 0.6415 0.6546
0.3694 0.4735 0.4292 0.4850 0.5464 0.5392 0.5741 0.6357 0.6680 0.6797
0.4022 0.5080 0.4621 0.5208 0.5781 0.5726 0.6037 0.6580 0.6905 0.7001
0.4605 0.5648 0.5120 0.5748 0.6212 0.6170 0.6388 0.6794 0.7124 0.7181
0.5193 0.6190 0.5598 0.6252 0.6601 0.6569 0.6694 0.6968 0.7302 0.7323
0.5486 0.6452 0.5841 0.6501 0.6798 0.6771 0.6856 0.7070 0.7402 0.7407
0.5617 0.6569 0.5963 0.6620 0.6898 0.6873 0.6948 0.7140 0.7462 0.7460
0.5809 0.6730 0.6151 0.6787 0.7042 0.7010 0.7082 0.7249 0.7536 0.7526
0.6370 0.7183 0.6688 0.7249 0.7431 0.7371 0.7440 0.7538 0.7710 0.7676
0.7306 0.7909 0.7562 0.7981 0.8049 0.7950 0.8011 0.8006 0.7996 0.7923
