0.00000000
0.00000000
0.19792468
0.20181812
0.20181812
0.19978143
0.19978143
0.19978143
0.19978143
0.20134988
0.20093315
0.20093315
0.20206985
0.20206985
0.20206985
0.23166937
0.20021255
0.20038113
0.14172620
0.10301606
0.10547682
0.11539540
0.09807488
0.09807488
0.10075886
0.10075886
0.10075886
0.10075886
0.09402489
0.09402489
0.10668416
0.10668416
0.10668416
0.10551889
0.09919146
0.09919146
0.09513187
0.09513187
0.09513187
0.09513187
0.09513187
0.10043446
0.10043446
0.10086962
0.09898949
0.09516536
0.09516536
0.09055997
0.09407115
0.09407115
0.09689470
0.09929507
0.09929507
0.09929507
0.09929507
0.09929507
0.09513815
0.09681872
0.09681872
0.09236206
0.09236206
0.08659796
0.10215328
0.10215328
0.09926726
0.09699001
0.10422959
0.10422959
0.10422959
0.10422959
0.10422959
0.10730818
0.10123970
0.10123970
0.10123970
0.10123970
0.10123970
0.09985501
0.09703682
0.10534146
0.10976354
0.10976354
0.09710875
0.09710875
0.09710875
0.09335439
0.09335439
0.09335439
0.09875852
0.09875852
0.09875852
0.09875852
0.08975030
0.08975030
0.10222365
0.10222365
0.08746547
0.08746547
0.08746547
0.09176715
0.08671336
0.08544538
0.08544538
0.08544538
0.08975956
0.08092211
0.08026038
0.08026038
0.08026038
0.08026038
0.07594277
0.07594277
0.07336971
0.06270926
0.05983010
0.05677976
0.05677976
0.05677976
0.05956073
0.06107048
0.06107048
0.06244492
0.06475103
0.05469627
0.05469627
0.05343163
0.05343163
0.05343163
0.05343163
0.05694226
0.05819714
0.05819714
0.05738184
0.05738184
0.05892405
0.06612841
0.06612841
0.06612841
0.06705180
0.07449443
0.07449443
0.07738117
0.07660256
0.07660256
0.07660256
0.08150010
0.08150010
0.08754495
0.08754495
0.08754495
0.08754495
0.08754495
0.08136622
0.07968827
0.13622643
0.13731434
0.12815822
0.17688345
0.08406791
0.08406791
0.08406791
0.08406791
0.08073479
0.08073479
0.11947388
0.11947388
0.11088519
0.11398528
0.11398528
0.11398528
0.11398528
0.11398528
0.11398528
0.11316296
0.11411547
0.13393564
0.13393564
0.09730200
0.09314701
0.09314701
0.06718010
0.08992581
0.08992581
0.08202445
0.08202445
0.08202445
0.08634255
0.11738225
0.11738225
0.15822083
0.21070107
0.21070107
0.09842528
0.09842528
0.13097247
0.13097247
0.13097247
0.08079500
0.08079500
0.06738443
0.06697681
0.06142169
0.06142169
0.05023208
0.10396123
0.10574848
0.10574848
0.10392372
0.10392372
0.10324926
0.10324926
0.09717438
0.09466308
0.09466308
0.09324598
0.06317018
0.06317018
0.05267335
0.09741200
0.09741200
0.09741200
0.09351675
0.07416891
0.06133872
0.08511921
0.08760540
0.07983980
0.07983980
0.07983980
0.07983980
0.07983980
0.07983980
0.07983980
0.07900983
0.07190757
0.06940325
0.06521941
0.07849888
0.06509089
0.06509089
0.05447161
0.05447161
0.05447161
0.05178605
0.05178605
0.06729381
0.06729381
0.06729381
0.06729381
0.06729381
0.06801576
0.09376084
0.09376084
0.09376084
0.09929097
0.07050030
0.07050030
0.07050030
0.07050030
0.07050030
0.07419048
0.07419048
0.07228348
0.07228348
0.07351168
0.07351168
0.07351168
0.07500065
0.07500065
0.07140830
0.07140830
0.07140830
0.07140830
0.07140830
0.07140830
0.07140830
0.06869915
0.07151259
0.07151259
0.06490515
0.06982212
0.06985928
0.06590764
0.06590764
0.06590764
0.07109554
0.07358593
0.07358593
0.07358593
0.07358593
0.07358593
0.07622487
0.07430283
0.07430283
0.07430283
0.07954607
0.07954607
0.06996632
0.05709252
0.06361045
0.06361045
0.06361045
0.06364529
0.06364529
0.06724572
0.06724572
0.06724572
0.07304559
0.05346075
0.06351509
0.06351509
0.06351509
0.06351509
0.05978236
0.06538773
0.06021670
0.06021670
0.06021670
0.06021670
0.06021670
0.06317100
0.06317100
0.06674264
0.06674264
0.06674264
0.05674858
0.06603429
0.06521815
0.05506578
0.05506578
0.05506578
0.05506578
0.06890273
0.06469622
0.06469622
0.05775222
0.05642577
0.09609153
0.09609153
0.09609153
0.09874109
0.09874109
0.09874109
0.09707383
0.09707383
0.09707383
0.09707383
0.09617802
0.09845159
0.05192364
0.05192364
0.05192364
0.06557429
0.06651560
0.06547950
0.04716532
0.04716532
0.04823996
0.15205106
0.15205106
0.14944723
0.15025926
0.05551085
0.05625652
0.05625652
0.05834388
0.05834388
0.06074260
0.05824863
0.05513687
0.06622520
0.05127194
0.05094875
0.05094875
0.05232855
0.05232855
0.05223394
0.05223394
0.05223394
0.05223394
0.05193400
0.05193400
0.05269875
0.05269960
0.04527988
0.04527988
0.04527988
0.04527988
0.04527988
0.04527988
0.04527988
0.04527988
0.04311850
0.05561400
0.05561400
0.05561400
0.05561400
0.05561400
0.05561400
0.07673720
0.07810768
0.07805495
0.07805495
0.07805495
0.07805495
0.07805495
0.07805495
0.07568896
0.07568896
0.08517991
0.08517991
0.04652636
0.04652636
0.04649662
0.08009315
0.07645873
0.08237489
0.05475194
0.05475194
0.07084862
0.07084862
0.07358077
0.07358077
0.07358077
0.07095158
0.07095158
0.05675411
0.05675411
0.05675411
0.05675411
0.05596183
0.05687713
0.05100250
0.05100250
0.05100250
0.05100250
0.05100250
0.05129984
0.05097283
0.05963151
0.05902043
0.05085961
0.05649598
0.05649598
0.05649598
0.05283382
0.05283382
0.05476012
0.05671799
0.05468326
0.05340986
0.05332144
0.05332144
0.05332144
0.05327153
0.05390960
0.05390960
0.05394868
0.05394868
0.06624035
0.05435306
0.05407669
0.05407669
0.05407669
0.05407669
0.05407669
0.05407669
0.05407669
0.07012662
0.07012662
0.07012662
0.07501685
0.07583596
0.07583596
0.07322071
0.07022862
0.07022862
0.07022862
0.05942253
0.06025170
0.06025170
0.06025170
0.06331041
0.06331041
0.05954680
0.05954680
0.05866890
0.05866890
0.05866890
0.05866890
0.05866890
0.05866890
0.05866890
0.05879192
0.05879192
0.05804301
0.05748876
0.05748876
0.05840028
0.05636875
0.05474815
0.05474815
0.05474815
0.06499152
0.06499152
0.05935270
0.05935270
0.05935270
0.05935270
0.06072293
0.06072293
0.06072293
0.06072293
0.05729588
0.05944462
0.05245087
0.05245087
0.05196965
0.05196965
0.05641189
0.06520043
0.06520043
0.05031413
0.05031413
0.05031413
0.04936376
0.05008848
0.04736926
0.06418536
0.06418536
0.06728587
0.06728587
0.06728587
0.06728587
0.06728587
0.06154504
0.06052320
0.06167942
0.06138460
0.06138460
0.06392057
0.06392057
0.05794169
0.05794169
0.05103025
0.05103025
0.05103025
0.05103025
0.05103025
0.04870844
0.04870844
0.04920987
0.04920987
0.04920987
0.05028366
0.05104258
0.06157060
0.06157060
0.06157060
0.06157060
0.06157060
0.06157060
0.06115901
0.05635338
0.05939992
0.06258671
0.06258671
0.05766636
0.05766636
0.05766636
0.05766636
0.05766636
0.05766636
0.05766636
0.05882466
0.06374411
0.06663059
0.06663059
0.06587604
0.06587604
0.05251301
0.05251301
0.05251301
0.06456630
0.06456630
0.05728980
0.05728980
0.05728980
0.05687168
0.05491705
0.05575440
0.05575440
0.05592889
0.06789887
0.06789887
0.06789887
0.05811149
0.06276004
0.06276004
0.06276004
0.06276004
0.05116400
0.05116400
0.05028310
0.05128267
0.05128267
0.05128267
0.05467303
0.05467303
0.05908058
0.05666289
0.05639975
0.05591757
0.05591757
0.07481027
0.07481027
0.07481027
0.05644244
0.05644244
0.06236713
0.05693641
0.06135282
0.06135282
0.05254735
0.05804411
0.05290980
0.05290980
0.05165727
0.05676405
0.05818709
0.05818709
0.05824995
0.05906439
0.06571954
0.06571954
0.07244716
0.05278667
0.05351873
0.05351873
0.05351873
0.05351873
0.05907434
0.06299548
0.05289273
0.05289273
0.06203975
0.06203975
0.06203975
0.06203975
0.06203975
0.06203975
0.05798795
0.05737948
0.05737948
0.05972671
0.05972671
0.05861450
0.05489173
0.05456804
0.05523175
0.06020670
0.06020670
0.05991677
0.05735221
0.05781241
0.05781241
0.05781241
0.05781241
0.05781241
0.05781241
0.05990684
0.06248240
0.06248240
0.06248240
0.06554206
0.06137213
0.05178425
0.05178425
0.05628047
0.05695889
0.05892688
0.05892688
0.07172468
0.05468116
0.05468116
0.05468116
0.05468116
0.05616033
0.05616033
0.05616033
0.05682576
0.05682576
0.05802691
0.05802691
0.06791836
0.06791836
0.06791836
0.06791836
0.06495047
0.05583586
0.06050892
0.05945264
0.05607540
0.05810477
0.05457589
0.05457589
0.05457589
0.05457589
0.05603401
0.05603401
0.05603401
0.04878377
0.04878377
0.05798398
0.05798398
0.05798398
0.05798398
0.05798398
0.05798398
0.05798398
0.05798398
0.04921734
0.04921734
0.04921734
0.04921734
0.04921734
0.04921734
0.04921734
0.04921734
0.04921734
0.04921734
0.04902285
0.05086825
0.05660049
0.05970308
0.06120587
0.05961649
0.05484399
0.05484399
0.05484399
0.05888668
0.05888668
0.05888668
0.06288967
0.06288967
0.05697361
0.05471858
0.05471858
0.05471858
0.05471858
0.06081196
0.06081196
0.06266878
0.06266878
0.06266878
0.06266878
0.06266878
0.06266878
0.06419967
0.05786283
0.06010298
0.06010298
0.06010298
0.06010298
0.05521219
0.05542442
0.05443444
0.05443444
0.05443444
0.05443444
0.05443444
0.05380917
0.06028846
0.06235917
0.05261087
0.05261087
0.05261087
0.05261087
0.05261087
0.05261087
0.05089285
0.05089285
0.05089285
0.05089285
0.05089285
0.05081209
0.05081209
0.05452893
0.05452893
0.05452893
0.05552117
0.05552117
0.05552117
0.05552117
0.05495248
0.05756983
0.05786281
0.05786281
0.05786281
0.05203344
0.05203344
0.05203344
0.05203344
0.05211804
0.05766609
0.06151988
0.06425615
0.06425615
0.06425615
0.06097238
0.06260134
0.06260134
0.06260134
0.06192431
0.06233837
0.06351079
0.06351079
0.06351079
0.06351079
0.05630639
0.05900084
0.06371749
0.06306198
0.06088613
0.05304872
0.05304872
0.05304872
0.05304872
0.05304872
0.05304872
0.05304872
0.05304872
0.05139633
0.05139633
0.05311256
0.05311256
0.05311256
0.05311256
0.05331089
0.05331089
0.05331089
0.05263464
0.05263464
0.05263464
0.05683234
0.05642331
0.05821810
0.07197238
0.07197238
0.05457961
0.05396164
0.05396164
0.05478687
0.06119157
0.06119157
0.06119157
0.05140704
0.05140704
0.05140704
0.05140704
0.05909342
0.05909342
0.05909342
0.05909342
0.05909342
0.05849534
0.05849534
0.05849534
0.05849534
0.05498769
0.08674330
0.09256716
0.09248103
0.09424653
0.09592940
0.09368960
0.09368960
0.09522257
0.05993516
0.05993516
0.05444466
0.05444466
0.05444466
0.05632333
0.05632333
0.05632333
0.05619573
0.06249415
0.06249415
0.06249415
0.06249415
0.06249415
0.05564402
0.05564402
0.05564402
0.05415555
0.05415555
0.05415555
0.05415555
0.05415555
0.05415555
0.05415555
0.05415555
0.05710523
0.06579979
0.06579979
0.06638883
0.05376970
0.05376970
0.05497509
0.05337790
0.05337790
0.06199812
0.05237136
0.05237136
0.05370359
0.05217356
0.05077186
0.05027948
0.05027948
0.05027948
0.06073556
0.05949400
0.06065990
0.06207404
0.06039395
0.05901529
0.06226206
0.06075940
0.06075940
0.06075940
0.06075940
0.06075940
0.05822628
0.05822628
0.05822628
0.05327562
0.05327562
0.05327562
0.05648336
0.05690302
0.05690302
0.05690302
0.05690302
0.05227067
0.05176241
0.05246163
0.05871893
0.05462776
0.05438641
0.05438641
0.05438641
0.05312124
0.05312124
0.05312124
0.05313508
0.05577278
0.05884366
0.05884366
0.05349462
0.05349462
0.05426823
0.05500365
0.05500365
0.05500365
0.05555224
0.05764659
0.05764659
0.05764659
0.05764659
0.05764659
0.05692588
0.05692588
0.05692588
0.05692588
0.05512730
0.05426667
0.05426667
0.05320518
0.05320518
0.05401137
0.05098198
0.05120656
0.05572444
0.05572444
0.05572444
0.05493719
0.05509041
0.05509041
0.05509041
0.05509041
0.05509041
0.05509041
0.05509041
0.05509041
0.05404065
0.05404065
0.05404065
0.05281484
0.05797605
0.05797605
0.05767579
0.05767579
0.05234434
0.05234434
0.05234434
0.06165911
0.06165911
0.06165911
0.05473613
0.05473613
0.05624790
0.05645041
0.05645041
0.05676089
0.05676089
0.05745799
0.05745799
0.05745799
0.05745799
0.05745799
0.05745799
0.05495249
0.05619128
0.05865807
0.05865807
0.05393364
0.05393364
0.05393364
0.05393364
0.05393364
0.05393364
0.05393364
0.05393364
0.05377721
0.05318520
0.05374882
0.05374882
0.05496833
0.05496833
0.05464927
0.05473148
0.05473148
0.05473148
0.05473148
0.05473148
0.05450734
0.05450734
0.05450734
0.05450734
0.05450734
0.05542185
0.05410665
0.05410665
0.05410665
0.05410665
0.05410665
0.05410665
0.05588294
0.05612336
0.05612336
0.05612336
0.05713839
0.05855603
0.05855603
0.05855603
0.05855603
0.05669069
0.05669069
0.05714142
0.05839351
0.06217992
0.05953648
0.05953648
0.05953648
0.05666239
0.05857036
0.05755163
0.05699003
0.05699003
0.05699003
0.05699003
0.05699003
0.05699003
0.05699003
0.05826735
0.05826735
0.05608949
0.05608949
0.05470130
0.05470130
0.05500705
0.05983730
0.05983730
0.06403813
0.06403813
0.06441948
0.06441948
0.06716188
0.06716188
0.06716188
0.06307540
0.06307540
0.07793294
0.07625453
0.09548543
0.09548543
0.09503778
0.09199066
0.09199066
0.09199066
0.07268232
0.07251216
0.10053955
0.06554610
0.06554610
0.06844504
0.06844504
0.08753084
0.08753084
0.08753084
0.06610178
0.06610178
0.06610178
0.06610178
0.06545535
0.06545535
0.06545535
0.06580931
0.06580931
0.06580931
0.06580931
0.06580931
0.06580931
0.06123806
0.07190139
0.07190139
0.05898579
0.05898579
0.05908599
0.05908599
0.05908599
0.05908599
0.05908599
0.05693169
0.05693169
0.05693169
0.05698370
0.06582316
0.06582316
0.06772708
0.07318119
0.07318119
0.07318119
0.07318119
0.07318119
0.07698911
0.07871882
0.07871882
0.07977802
0.07939617
0.07939617
0.05290322
0.06221596
0.06170212
0.06516382
0.05115499
0.05115499
0.05115499
0.05505915
0.06321378
0.06247937
0.06093584
0.06093584
0.05748721
0.06113869
0.06113869
0.05404762
0.05404762
0.05787547
0.05245535
0.04762852
0.04762852
0.04762852
0.04762852
0.04911903
0.04911903
0.04911903
0.04911903
0.04911903
0.05139557
0.05139557
0.05301799
0.05899122
0.05899122
0.05899122
0.05899122
0.04984357
0.04984357
0.04681480
0.06504930
0.06504930
0.06327354
0.06327354
0.06327354
0.06327354
0.06199777
0.06197940
0.06197940
0.06074615
0.06030642
0.05388354
0.05422036
0.05422036
0.05513967
0.05604621
0.05604621
0.05518295
0.05518295
0.05518295
0.05427773
0.05427773
0.05945167
0.05553397
0.05553397
0.05553397
0.05553397
0.06138331
0.06498075
0.06498075
0.06498075
0.06498075
0.06349880
0.05536530
0.05536530
0.05693294
0.05693294
0.05597727
0.05832849
0.05832849
0.05832849
0.06120870
0.06120870
0.06120870
0.06060465
0.06060465
0.05787897
0.05991087
0.05991087
0.05765977
