0.00000000
0.00000000
0.19728013
0.19449264
0.19449264
0.19334029
0.19334029
0.19334029
0.19334029
0.19433727
0.19399765
0.19399765
0.19479322
0.19479322
0.19479322
0.21443385
0.20093813
0.20112409
0.14060183
0.09447008
0.09976842
0.10436374
0.09668340
0.09668340
0.10303829
0.10303829
0.10303829
0.10303829
0.09038800
0.09038800
0.10576214
0.10576214
0.10576214
0.10704216
0.10565359
0.10565359
0.09029670
0.09029670
0.09029670
0.09029670
0.09029670
0.09795652
0.09795652
0.09684314
0.09742893
0.09602673
0.09602673
0.09516085
0.09818207
0.09818207
0.09870447
0.09433935
0.09433935
0.09433935
0.09433935
0.09433935
0.09129912
0.09349128
0.09349128
0.09290592
0.09290592
0.08904074
0.09736083
0.09736083
0.10019466
0.09487555
0.09558273
0.09558273
0.09558273
0.09558273
0.09558273
0.09995403
0.09924753
0.09924753
0.09924753
0.09924753
0.09924753
0.09216678
0.09005202
0.10021031
0.10524132
0.10524132
0.09603011
0.09603011
0.09603011
0.09759094
0.09759094
0.09759094
0.09810738
0.09810738
0.09810738
0.09810738
0.09194031
0.09194031
0.09738216
0.09738216
0.08392019
0.08392019
0.08392019
0.08311850
0.07913901
0.07623569
0.07623569
0.07623569
0.08998850
0.08859415
0.08845877
0.08845877
0.08845877
0.08845877
0.08213450
0.08213450
0.07571410
0.08380555
0.08004796
0.08432821
0.08432821
0.08432821
0.07365683
0.09633354
0.09633354
0.07545477
0.07916830
0.07830066
0.07830066
0.08256978
0.08256978
0.08256978
0.08256978
0.07596439
0.09420335
0.09420335
0.09187171
0.09187171
0.08415999
0.10504832
0.10195666
0.10195666
0.10375371
0.11553617
0.11553617
0.11153359
0.10979935
0.10979935
0.10979935
0.10915451
0.10915451
0.10970853
0.10970853
0.10970853
0.10970853
0.10970853
0.12631237
0.12733107
0.17028108
0.16937909
0.22904452
0.17365596
0.14339756
0.14339756
0.14339756
0.14339756
0.14992033
0.14992033
0.10972675
0.10972675
0.09143971
0.09120542
0.09120542
0.09120542
0.09120542
0.09120542
0.09120542
0.09299256
0.09296710
0.05883288
0.05883288
0.12480143
0.13005059
0.13005059
0.18800600
0.09232424
0.09232424
0.09299635
0.09299635
0.09299635
0.09059433
0.05161770
0.05161770
0.10014341
0.09576597
0.09576597
0.12284944
0.12284944
0.09018667
0.09018667
0.09018667
0.07130591
0.07130591
0.08013499
0.08252698
0.07629927
0.07629927
0.06416291
0.05057311
0.05372939
0.05372939
0.05244714
0.05244714
0.05571570
0.05571570
0.06929423
0.06640463
0.06640463
0.06215589
0.21734107
0.21734107
0.05809063
0.06754213
0.06754213
0.06754213
0.06714914
0.06161386
0.06333775
0.06007005
0.05771884
0.05761855
0.05761855
0.05761855
0.05761855
0.05761855
0.05761855
0.05761855
0.05712258
0.07066596
0.07284328
0.07417854
0.06161123
0.05848080
0.05848080
0.06053640
0.06053640
0.06053640
0.06317685
0.06317685
0.06019143
0.06019143
0.06019143
0.06019143
0.06019143
0.06084330
0.06415231
0.06415231
0.06415231
0.06752965
0.06510293
0.06510293
0.06510293
0.06510293
0.06510293
0.06902544
0.06902544
0.06558725
0.06558725
0.05996633
0.05996633
0.05996633
0.05946203
0.05946203
0.05762075
0.05762075
0.05762075
0.05762075
0.05762075
0.05762075
0.05762075
0.06460767
0.06412040
0.06412040
0.06211719
0.06764699
0.07023584
0.05986067
0.05986067
0.05986067
0.05924066
0.05992938
0.05992938
0.05992938
0.05992938
0.05992938
0.06219515
0.05960795
0.05960795
0.05960795
0.06263589
0.06263589
0.05854964
0.05902547
0.06749251
0.06749251
0.06749251
0.06403288
0.06403288
0.06864794
0.06864794
0.06864794
0.06338811
0.06138020
0.06517156
0.06517156
0.06517156
0.06517156
0.06738061
0.05953727
0.07546171
0.07546171
0.07546171
0.07546171
0.07546171
0.07990557
0.07990557
0.07218285
0.07218285
0.07218285
0.06588488
0.06374903
0.06551610
0.06232987
0.06232987
0.06232987
0.06232987
0.07484592
0.06900089
0.06900089
0.06838634
0.06697567
0.06223525
0.06223525
0.06223525
0.06488012
0.06488012
0.06488012
0.06181662
0.06181662
0.06181662
0.06181662
0.05732096
0.06059959
0.06856287
0.06856287
0.06856287
0.06269263
0.06505871
0.06125744
0.06083730
0.06083730
0.06156286
0.05725635
0.05725635
0.05624118
0.05640559
0.06243569
0.05432110
0.05432110
0.05523051
0.05523051
0.05467616
0.05844239
0.05766502
0.05757791
0.05698643
0.05711077
0.05711077
0.05855106
0.05855106
0.05821578
0.05821578
0.05821578
0.05821578
0.05747075
0.05747075
0.05643937
0.05720003
0.05488900
0.05488900
0.05488900
0.05488900
0.05488900
0.05488900
0.05488900
0.05488900
0.05507188
0.05237972
0.05237972
0.05237972
0.05237972
0.05237972
0.05237972
0.05558925
0.05253526
0.05282381
0.05282381
0.05282381
0.05282381
0.05282381
0.05282381
0.05372482
0.05372482
0.05717825
0.05717825
0.06462379
0.06462379
0.06113496
0.05374829
0.06126239
0.06186192
0.05341640
0.05341640
0.06980894
0.06980894
0.07004212
0.07004212
0.07004212
0.07012601
0.07012601
0.04628283
0.04628283
0.04628283
0.04628283
0.04587885
0.06355732
0.05855104
0.05855104
0.05855104
0.05855104
0.05855104
0.06119761
0.06021867
0.06214694
0.05497390
0.06548622
0.06342874
0.06342874
0.06342874
0.06259252
0.06259252
0.06116495
0.05857809
0.06562266
0.06390141
0.06563208
0.06563208
0.06563208
0.06670595
0.06663549
0.06663549
0.06623393
0.06623393
0.05423448
0.07586209
0.08067513
0.08067513
0.08067513
0.08067513
0.08067513
0.08067513
0.08067513
0.05716604
0.05716604
0.05716604
0.06091727
0.06260166
0.06260166
0.06164291
0.06103550
0.06103550
0.06103550
0.04741962
0.04795007
0.04795007
0.04795007
0.04884433
0.04884433
0.05071053
0.05071053
0.05246962
0.05246962
0.05246962
0.05246962
0.05246962
0.05246962
0.05246962
0.05334593
0.05334593
0.05610893
0.06246780
0.06246780
0.06197638
0.06206917
0.06280373
0.06280373
0.06280373
0.05663162
0.05663162
0.05688031
0.05688031
0.05688031
0.05688031
0.05985099
0.05985099
0.05985099
0.05985099
0.05354917
0.07248886
0.05350480
0.05350480
0.05232654
0.05232654
0.06242117
0.06437418
0.06437418
0.05254101
0.05254101
0.05254101
0.05264091
0.05367634
0.05270948
0.04924597
0.04924597
0.05757010
0.05757010
0.05757010
0.05757010
0.05757010
0.05032668
0.04927621
0.04875796
0.04928109
0.04928109
0.04880481
0.04880481
0.04916195
0.04916195
0.05033301
0.05033301
0.05033301
0.05033301
0.05033301
0.05042440
0.05042440
0.05061064
0.05061064
0.05061064
0.04952787
0.04920169
0.06117018
0.06117018
0.06117018
0.06117018
0.06117018
0.06117018
0.06281965
0.06872533
0.07158310
0.05900786
0.05900786
0.06261104
0.06261104
0.06261104
0.06261104
0.06261104
0.06261104
0.06261104
0.06202800
0.06450735
0.06524698
0.06524698
0.06613640
0.06613640
0.05593913
0.05593913
0.05593913
0.05515697
0.05515697
0.05837170
0.05837170
0.05837170
0.05907672
0.05985500
0.06195694
0.06195694
0.05963805
0.05449814
0.05449814
0.05449814
0.05961672
0.05741903
0.05741903
0.05741903
0.05741903
0.05827316
0.06485040
0.06061960
0.06070869
0.06070869
0.06070869
0.06790014
0.06790014
0.05317282
0.05158789
0.05110101
0.04911335
0.04911335
0.05393981
0.05393981
0.05393981
0.06192499
0.06192499
0.06473472
0.05033377
0.05650259
0.05650259
0.05362406
0.05898393
0.05663797
0.05663797
0.05426496
0.05988724
0.05649966
0.05649966
0.05708757
0.05832785
0.06054816
0.06054816
0.06499665
0.05410171
0.05556472
0.05556472
0.05556472
0.05556472
0.05094387
0.05474791
0.05198367
0.05198367
0.05694654
0.05694654
0.05694654
0.05694654
0.05694654
0.05694654
0.05610835
0.05291784
0.05291784
0.05851249
0.05851249
0.05622333
0.05859465
0.05630489
0.05588562
0.06246611
0.06246611
0.06134558
0.06118196
0.06172637
0.06172637
0.06172637
0.06172637
0.06172637
0.06172637
0.06480695
0.06774298
0.06774298
0.06774298
0.06977027
0.05318179
0.05328966
0.05328966
0.05772008
0.05267631
0.05889618
0.05889618
0.05285470
0.05235105
0.05235105
0.05235105
0.05235105
0.05162656
0.05162656
0.05162656
0.05071301
0.05071301
0.05174325
0.05174325
0.05654915
0.05654915
0.05654915
0.05654915
0.05441178
0.05758177
0.05940535
0.05627377
0.05826546
0.05820701
0.05314120
0.05314120
0.05314120
0.05314120
0.05360836
0.05360836
0.05360836
0.05118343
0.05118343
0.05475999
0.05475999
0.05475999
0.05475999
0.05475999
0.05475999
0.05475999
0.05475999
0.05144115
0.05144115
0.05144115
0.05144115
0.05144115
0.05144115
0.05144115
0.05144115
0.05144115
0.05144115
0.04989135
0.05085459
0.05247806
0.05274467
0.05416587
0.05411510
0.05390885
0.05390885
0.05390885
0.05964159
0.05964159
0.05964159
0.06346005
0.06346005
0.05387215
0.05279569
0.05279569
0.05279569
0.05279569
0.05675082
0.05675082
0.05605747
0.05605747
0.05605747
0.05605747
0.05605747
0.05605747
0.06019723
0.05240809
0.05463277
0.05463277
0.05463277
0.05463277
0.05247367
0.05329853
0.05255035
0.05255035
0.05255035
0.05255035
0.05255035
0.05419965
0.05971357
0.06325483
0.05147603
0.05147603
0.05147603
0.05147603
0.05147603
0.05147603
0.05094073
0.05094073
0.05094073
0.05094073
0.05094073
0.05204354
0.05204354
0.05512384
0.05512384
0.05512384
0.05664887
0.05664887
0.05664887
0.05664887
0.05658102
0.05959372
0.05741204
0.05741204
0.05741204
0.05358593
0.05358593
0.05358593
0.05358593
0.05396004
0.06726433
0.05817418
0.05828013
0.05828013
0.05828013
0.05963041
0.06620796
0.06620796
0.06620796
0.05037892
0.05022811
0.05101973
0.05101973
0.05101973
0.05101973
0.05425906
0.05016720
0.05173072
0.05900087
0.05494462
0.05559846
0.05559846
0.05559846
0.05559846
0.05559846
0.05559846
0.05559846
0.05559846
0.05844029
0.05844029
0.05947533
0.05947533
0.05947533
0.05947533
0.05986433
0.05986433
0.05986433
0.06155643
0.06155643
0.06155643
0.06147096
0.06108666
0.04907666
0.05248067
0.05248067
0.05394217
0.05409164
0.05409164
0.05495349
0.05453756
0.05453756
0.05453756
0.05084067
0.05084067
0.05084067
0.05084067
0.05018569
0.05018569
0.05018569
0.05018569
0.05018569
0.04963537
0.04963537
0.04963537
0.04963537
0.06246446
0.05856308
0.05758982
0.05840781
0.05821249
0.05648440
0.05531661
0.05531661
0.05795289
0.05977551
0.05977551
0.04954118
0.04954118
0.04954118
0.04991520
0.04991520
0.04991520
0.05991479
0.05587817
0.05587817
0.05587817
0.05587817
0.05587817
0.05411980
0.05411980
0.05411980
0.05140101
0.05140101
0.05140101
0.05140101
0.05140101
0.05140101
0.05140101
0.05140101
0.05241983
0.06037067
0.06037067
0.06075867
0.05316172
0.05316172
0.06859229
0.06145188
0.06145188
0.05935188
0.05537421
0.05537421
0.05315917
0.05182478
0.05246971
0.05342839
0.05342839
0.05342839
0.05459483
0.05271527
0.05310961
0.05636136
0.05304047
0.05263703
0.05637614
0.05287209
0.05287209
0.05287209
0.05287209
0.05287209
0.05764494
0.05764494
0.05764494
0.05899334
0.05899334
0.05899334
0.05647838
0.05568962
0.05568962
0.05568962
0.05568962
0.05503246
0.05638477
0.05491918
0.05719323
0.05145171
0.05063517
0.05063517
0.05063517
0.05465897
0.05465897
0.05465897
0.05328910
0.05220614
0.06406890
0.06406890
0.05466050
0.05466050
0.04962738
0.05215809
0.05215809
0.05215809
0.05239904
0.05449955
0.05449955
0.05449955
0.05449955
0.05449955
0.05244864
0.05244864
0.05244864
0.05244864
0.04948464
0.05017394
0.05017394
0.04987345
0.04987345
0.05164609
0.05705629
0.05799028
0.05333612
0.05333612
0.05333612
0.05161171
0.05229574
0.05229574
0.05229574
0.05229574
0.05229574
0.05229574
0.05398837
0.05398837
0.05326098
0.05326098
0.05326098
0.05692365
0.05768897
0.05768897
0.05828726
0.05828726
0.05842260
0.05842260
0.05842260
0.05689516
0.05689516
0.05689516
0.05273696
0.05273696
0.05127907
0.05188055
0.05188055
0.05162922
0.05162922
0.05734781
0.05734781
0.05734781
0.05734781
0.05734781
0.05734781
0.05210273
0.05386093
0.05756510
0.05756510
0.05252068
0.05252068
0.05252068
0.05252068
0.05252068
0.05252068
0.05252068
0.05252068
0.05298638
0.05159814
0.04841977
0.04841977
0.05430841
0.05430841
0.05191894
0.05105805
0.05105805
0.05105805
0.05105805
0.05105805
0.05749121
0.05749121
0.05749121
0.05749121
0.05749121
0.05801405
0.05837285
0.05837285
0.05837285
0.05837285
0.05837285
0.05837285
0.05815941
0.05845845
0.05845845
0.05845845
0.05994945
0.05987679
0.05987679
0.05987679
0.05987679
0.05968360
0.05968360
0.06038898
0.05755166
0.05586180
0.05535327
0.05535327
0.05535327
0.05139762
0.05333634
0.05232985
0.05358553
0.05358553
0.05358553
0.05358553
0.05358553
0.05358553
0.05358553
0.05217479
0.05217479
0.06166541
0.06166541
0.05732714
0.05732714
0.05651260
0.05490825
0.05490825
0.05406684
0.05406684
0.05608682
0.05608682
0.05342555
0.05342555
0.05342555
0.05438688
0.05438688
0.05156010
0.05593190
0.05958009
0.05958009
0.06086131
0.05990279
0.05990279
0.05990279
0.05582037
0.05460175
0.05712328
0.05688450
0.05688450
0.05651029
0.05651029
0.05333600
0.05333600
0.05333600
0.05140368
0.05140368
0.05140368
0.05140368
0.05084907
0.05084907
0.05084907
0.05291710
0.05291710
0.05291710
0.05291710
0.05291710
0.05291710
0.05926755
0.05309819
0.05309819
0.05242743
0.05242743
0.05307046
0.05307046
0.05307046
0.05307046
0.05307046
0.05703002
0.05703002
0.05703002
0.05694105
0.05389157
0.05389157
0.05556380
0.05550218
0.05550218
0.05550218
0.05550218
0.05550218
0.05238278
0.05281528
0.05281528
0.05343479
0.05383801
0.05383801
0.05418690
0.05352865
0.05453770
0.05489010
0.05611471
0.05611471
0.05611471
0.05729454
0.05862832
0.05365307
0.06015766
0.06015766
0.05791800
0.05565448
0.05565448
0.05632363
0.05632363
0.05590427
0.06018528
0.06003354
0.06003354
0.06003354
0.06003354
0.05887882
0.05887882
0.05887882
0.05887882
0.05887882
0.05816059
0.05816059
0.05773392
0.05580553
0.05580553
0.05580553
0.05580553
0.05728403
0.05728403
0.05692423
0.05606669
0.05606669
0.05451303
0.05451303
0.05451303
0.05451303
0.05399453
0.05403446
0.05403446
0.05461350
0.05542740
0.05743687
0.05765370
0.05765370
0.05504766
0.05437797
0.05437797
0.05466149
0.05466149
0.05466149
0.05428125
0.05428125
0.05903899
0.05889903
0.05889903
0.05889903
0.05889903
0.06005363
0.06102748
0.06102748
0.06102748
0.06102748
0.06150279
0.05643955
0.05643955
0.05782864
0.05782864
0.05524246
0.05293504
0.05293504
0.05293504
0.05434564
0.05434564
0.05434564
0.05429817
0.05429817
0.05467594
0.05918045
0.05918045
0.06016813
