0.00000000
0.00000000
0.20535525
0.19965409
0.19965409
0.19859923
0.19859923
0.19859923
0.19859923
0.19955626
0.19930260
0.19930260
0.19981640
0.19981640
0.19981640
0.18462697
0.23031745
0.23278134
0.10840375
0.09822202
0.10485391
0.10715857
0.10373304
0.10373304
0.11110578
0.11110578
0.11110578
0.11110578
0.09128588
0.09128588
0.10374328
0.10374328
0.10374328
0.10009279
0.09700690
0.09700690
0.08468843
0.08468843
0.08468843
0.08468843
0.08468843
0.09424825
0.09424825
0.09245444
0.08572771
0.08038715
0.08038715
0.07970501
0.08438207
0.08438207
0.08656660
0.07313643
0.07313643
0.07313643
0.07313643
0.07313643
0.07192322
0.07227326
0.07227326
0.07163261
0.07163261
0.07178879
0.07557714
0.07557714
0.07687133
0.07374512
0.07455195
0.07455195
0.07455195
0.07455195
0.07455195
0.07468859
0.07422354
0.07422354
0.07422354
0.07422354
0.07422354
0.07119130
0.06973295
0.07192747
0.07433643
0.07433643
0.06945431
0.06945431
0.06945431
0.06913677
0.06913677
0.06913677
0.06911148
0.06911148
0.06911148
0.06911148
0.06432974
0.06432974
0.06600943
0.06600943
0.05961836
0.05961836
0.05961836
0.06043910
0.06017698
0.05965161
0.05965161
0.05965161
0.06223614
0.06063219
0.06012175
0.06012175
0.06012175
0.06012175
0.05656044
0.05656044
0.05551778
0.05888483
0.05492696
0.05833701
0.05833701
0.05833701
0.05351302
0.06371489
0.06371489
0.05450514
0.05533955
0.04845722
0.04845722
0.05082220
0.05082220
0.05082220
0.05082220
0.04720061
0.06419779
0.06419779
0.06334934
0.06334934
0.05843892
0.08685976
0.08685976
0.08685976
0.08777243
0.07151623
0.07151623
0.06658688
0.06227764
0.06227764
0.06227764
0.06400887
0.06400887
0.06328519
0.06328519
0.06328519
0.06328519
0.06328519
0.08569477
0.08634948
0.09880590
0.09533662
0.09458642
0.11445208
0.10154605
0.10154605
0.10154605
0.10154605
0.10717475
0.10717475
0.07814048
0.07814048
0.06445571
0.06758183
0.06758183
0.06758183
0.06758183
0.06758183
0.06758183
0.07254139
0.07781590
0.07430719
0.07430719
0.06833276
0.06790917
0.06790917
0.06796144
0.06020818
0.06020818
0.06443451
0.06443451
0.06443451
0.06010076
0.05332201
0.05332201
0.05171719
0.05136207
0.05136207
0.04808117
0.04808117
0.04945400
0.04945400
0.04945400
0.04418913
0.04418913
0.04309364
0.04116891
0.03913493
0.03913493
0.04537113
0.06436541
0.06706547
0.06706547
0.06315741
0.06315741
0.06037552
0.06037552
0.06914831
0.06626493
0.06626493
0.06087540
0.06111366
0.06111366
0.07611148
0.09857515
0.09857515
0.09857515
0.08367127
0.11239777
0.07282423
0.05435061
0.05365494
0.05028557
0.05028557
0.05028557
0.05028557
0.05028557
0.05028557
0.05028557
0.04646614
0.05439156
0.05296499
0.05242421
0.05665559
0.09011815
0.09011815
0.05337526
0.05337526
0.05337526
0.05156552
0.05156552
0.06726159
0.06726159
0.06726159
0.06726159
0.06726159
0.06559007
0.04880032
0.04880032
0.04880032
0.05459070
0.06477926
0.06477926
0.06477926
0.06477926
0.06477926
0.10824875
0.10824875
0.10514428
0.10514428
0.10282010
0.10282010
0.10282010
0.10271464
0.10271464
0.09772220
0.09772220
0.09772220
0.09772220
0.09772220
0.09772220
0.09772220
0.05564768
0.05917440
0.05917440
0.08793647
0.09484187
0.09047122
0.06437283
0.06437283
0.06437283
0.06687414
0.07088501
0.07088501
0.07088501
0.07088501
0.07088501
0.07406609
0.06816026
0.06816026
0.06816026
0.07105434
0.07105434
0.06723998
0.05075915
0.07281731
0.07281731
0.07281731
0.06963224
0.06963224
0.07053101
0.07053101
0.07053101
0.07398221
0.08114535
0.08145584
0.08145584
0.08145584
0.08145584
0.07290652
0.07734638
0.06763949
0.06763949
0.06763949
0.06763949
0.06763949
0.06760103
0.06760103
0.07003567
0.07003567
0.07003567
0.07157439
0.06853026
0.07325282
0.06779834
0.06779834
0.06779834
0.06779834
0.07077195
0.06986760
0.06986760
0.06337408
0.05885737
0.06458231
0.06458231
0.06458231
0.07022811
0.07022811
0.07022811
0.06996640
0.06996640
0.06996640
0.06996640
0.06285345
0.06693919
0.05807103
0.05807103
0.05807103
0.05815295
0.05225049
0.05341975
0.05952002
0.05952002
0.05542973
0.06175998
0.06175998
0.06317539
0.05863893
0.06753381
0.05102906
0.05102906
0.05168298
0.05168298
0.04852504
0.05602985
0.05870279
0.05660159
0.06096813
0.06058572
0.06058572
0.05954471
0.05954471
0.05837262
0.05837262
0.05837262
0.05837262
0.05754251
0.05754251
0.05751166
0.05869035
0.07691381
0.07691381
0.07691381
0.07691381
0.07691381
0.07691381
0.07691381
0.07691381
0.06903989
0.06239927
0.06239927
0.06239927
0.06239927
0.06239927
0.06239927
0.06946582
0.06738517
0.06647704
0.06647704
0.06647704
0.06647704
0.06647704
0.06647704
0.07046378
0.07046378
0.06230146
0.06230146
0.06692276
0.06692276
0.06016902
0.07324030
0.06190815
0.06259266
0.06066375
0.06066375
0.06472880
0.06472880
0.06265508
0.06265508
0.06265508
0.06125108
0.06125108
0.06470822
0.06470822
0.06470822
0.06470822
0.07096021
0.05744672
0.06532646
0.06532646
0.06532646
0.06532646
0.06532646
0.06708400
0.06875406
0.04664578
0.05319049
0.05747571
0.06115655
0.06115655
0.06115655
0.06689281
0.06689281
0.06921071
0.03765322
0.06757742
0.06723451
0.06555662
0.06555662
0.06555662
0.06542102
0.06589197
0.06589197
0.06355899
0.06355899
0.03515226
0.08623803
0.08591696
0.08591696
0.08591696
0.08591696
0.08591696
0.08591696
0.08591696
0.05411649
0.05411649
0.05411649
0.05646035
0.05605151
0.05605151
0.05256830
0.05234599
0.05234599
0.05234599
0.06976312
0.07100881
0.07100881
0.07100881
0.07416401
0.07416401
0.06953722
0.06953722
0.06945793
0.06945793
0.06945793
0.06945793
0.06945793
0.06945793
0.06945793
0.06909702
0.06909702
0.06926957
0.05419592
0.05419592
0.05563356
0.05349652
0.06019788
0.06019788
0.06019788
0.06020400
0.06020400
0.06043249
0.06043249
0.06043249
0.06043249
0.06092245
0.06092245
0.06092245
0.06092245
0.05499491
0.06581038
0.05168251
0.05168251
0.04895258
0.04895258
0.07361829
0.06446454
0.06446454
0.06005797
0.06005797
0.06005797
0.06013437
0.05923291
0.06066925
0.04536303
0.04536303
0.04952716
0.04952716
0.04952716
0.04952716
0.04952716
0.06100814
0.05791818
0.05830742
0.05771667
0.05771667
0.05906037
0.05906037
0.06355685
0.06355685
0.05243666
0.05243666
0.05243666
0.05243666
0.05243666
0.05368742
0.05368742
0.05272409
0.05272409
0.05272409
0.05673327
0.05555444
0.05369821
0.05369821
0.05369821
0.05369821
0.05369821
0.05369821
0.05388429
0.05490622
0.05770253
0.05319408
0.05319408
0.05006201
0.05006201
0.05006201
0.05006201
0.05006201
0.05006201
0.05006201
0.05038578
0.05560466
0.05691177
0.05691177
0.05789826
0.05789826
0.05404816
0.05404816
0.05404816
0.06140009
0.06140009
0.06189357
0.06189357
0.06189357
0.05825372
0.04980690
0.04906018
0.04906018
0.06585832
0.05317569
0.05317569
0.05317569
0.05596369
0.05923656
0.05923656
0.05923656
0.05923656
0.05447937
0.05447937
0.05125066
0.05569774
0.05569774
0.05569774
0.06038600
0.06038600
0.05518448
0.05320564
0.05343378
0.05329326
0.05329326
0.05902036
0.05902036
0.05902036
0.06088915
0.06088915
0.06445328
0.05829559
0.05735540
0.05735540
0.05449747
0.05324897
0.05126005
0.05126005
0.05190590
0.05446819
0.05573331
0.05573331
0.05380826
0.05504020
0.05837048
0.05837048
0.06136930
0.05739807
0.05822401
0.05822401
0.05822401
0.05822401
0.05346182
0.05765187
0.05529556
0.05529556
0.06393562
0.06393562
0.06393562
0.06393562
0.06393562
0.06393562
0.05806316
0.05370337
0.05370337
0.05543566
0.05543566
0.05627757
0.05533559
0.05526373
0.05690041
0.06327345
0.06327345
0.06406940
0.06386974
0.06611240
0.06611240
0.06611240
0.06611240
0.06611240
0.06611240
0.06659422
0.06813741
0.06813741
0.06813741
0.06780786
0.05146432
0.05276949
0.05276949
0.06316207
0.06053225
0.05614868
0.05614868
0.05702212
0.05322049
0.05322049
0.05322049
0.05322049
0.06393015
0.06393015
0.06393015
0.06313156
0.06313156
0.06398478
0.06398478
0.05383716
0.05383716
0.05383716
0.05383716
0.05515839
0.06274412
0.05851685
0.05642724
0.05649318
0.05727980
0.05452923
0.05452923
0.05452923
0.05452923
0.05426320
0.05426320
0.05426320
0.05922915
0.05922915
0.05641328
0.05641328
0.05641328
0.05641328
0.05641328
0.05641328
0.05641328
0.05641328
0.05491370
0.05491370
0.05491370
0.05491370
0.05491370
0.05491370
0.05491370
0.05491370
0.05491370
0.05491370
0.05421391
0.05204377
0.06383822
0.06833480
0.06802653
0.06700531
0.05396500
0.05396500
0.05396500
0.05566684
0.05566684
0.05566684
0.05710827
0.05710827
0.05685958
0.05191608
0.05191608
0.05191608
0.05191608
0.05533488
0.05533488
0.05581551
0.05581551
0.05581551
0.05581551
0.05581551
0.05581551
0.05567100
0.05326536
0.06101338
0.06101338
0.06101338
0.06101338
0.05143685
0.05170699
0.05718609
0.05718609
0.05718609
0.05718609
0.05718609
0.06136260
0.06681686
0.06628579
0.05577095
0.05577095
0.05577095
0.05577095
0.05577095
0.05577095
0.05631353
0.05631353
0.05631353
0.05631353
0.05631353
0.05397033
0.05397033
0.05616824
0.05616824
0.05616824
0.06372912
0.06372912
0.06372912
0.06372912
0.06343865
0.06740795
0.05956349
0.05956349
0.05956349
0.05931199
0.05931199
0.05931199
0.05931199
0.06037340
0.05648175
0.05019890
0.05409968
0.05409968
0.05409968
0.06324221
0.05411556
0.05411556
0.05411556
0.05873103
0.05642838
0.05788269
0.05788269
0.05788269
0.05788269
0.05565169
0.04985541
0.05201576
0.05714337
0.05316316
0.05493893
0.05493893
0.05493893
0.05493893
0.05493893
0.05493893
0.05493893
0.05493893
0.05348279
0.05348279
0.05463779
0.05463779
0.05463779
0.05463779
0.05569159
0.05569159
0.05569159
0.05545454
0.05545454
0.05545454
0.06059834
0.05992097
0.05269967
0.05609745
0.05609745
0.05379813
0.05266691
0.05266691
0.05341223
0.05383101
0.05383101
0.05383101
0.05270705
0.05270705
0.05270705
0.05270705
0.05630280
0.05630280
0.05630280
0.05630280
0.05630280
0.05551941
0.05551941
0.05551941
0.05551941
0.05184413
0.05507696
0.05662417
0.05986079
0.05706397
0.05634005
0.05491518
0.05491518
0.05736201
0.05663462
0.05663462
0.05656741
0.05656741
0.05656741
0.06078982
0.06078982
0.06078982
0.05703210
0.06773252
0.06773252
0.06773252
0.06773252
0.06773252
0.05516260
0.05516260
0.05516260
0.05412351
0.05412351
0.05412351
0.05412351
0.05412351
0.05412351
0.05412351
0.05412351
0.05428094
0.05486046
0.05486046
0.05270613
0.05445707
0.05445707
0.05574527
0.05443116
0.05443116
0.05811267
0.05600416
0.05600416
0.05438567
0.05464102
0.05288529
0.05154544
0.05154544
0.05154544
0.05276014
0.05270459
0.05302132
0.05703116
0.05599493
0.05578086
0.05891507
0.05852389
0.05852389
0.05852389
0.05852389
0.05852389
0.06417118
0.06417118
0.06417118
0.05876180
0.05876180
0.05876180
0.05272231
0.05324979
0.05324979
0.05324979
0.05324979
0.05397310
0.05382215
0.05522262
0.06973727
0.05242445
0.05338822
0.05338822
0.05338822
0.05252057
0.05252057
0.05252057
0.05243092
0.05731732
0.05223505
0.05223505
0.05701207
0.05701207
0.05778823
0.05309115
0.05309115
0.05309115
0.05125937
0.05194465
0.05194465
0.05194465
0.05194465
0.05194465
0.06026443
0.06026443
0.06026443
0.06026443
0.05709119
0.06484813
0.06484813
0.06122387
0.06122387
0.06354250
0.05689956
0.05742920
0.05770128
0.05770128
0.05770128
0.05674443
0.05705099
0.05705099
0.05705099
0.05705099
0.05705099
0.05705099
0.05705099
0.05705099
0.05588443
0.05588443
0.05588443
0.05504995
0.05519042
0.05519042
0.05414457
0.05414457
0.06219233
0.06219233
0.06219233
0.06099733
0.06099733
0.06099733
0.05372489
0.05372489
0.05177235
0.05329138
0.05329138
0.05105429
0.05105429
0.05393894
0.05393894
0.05393894
0.05393894
0.05393894
0.05393894
0.05510419
0.05500953
0.05696423
0.05696423
0.05173857
0.05173857
0.05173857
0.05173857
0.05173857
0.05173857
0.05173857
0.05173857
0.05218282
0.05374574
0.05476414
0.05476414
0.05372170
0.05372170
0.05266517
0.05114059
0.05114059
0.05114059
0.05114059
0.05114059
0.05043711
0.05043711
0.05043711
0.05043711
0.05043711
0.05043713
0.05064870
0.05064870
0.05064870
0.05064870
0.05064870
0.05064870
0.04885172
0.04918073
0.04918073
0.04918073
0.04871285
0.04871622
0.04871622
0.04871622
0.04871622
0.05396742
0.05396742
0.05613291
0.05122679
0.05307497
0.05115956
0.05115956
0.05115956
0.06032748
0.06023200
0.05646710
0.05618263
0.05618263
0.05618263
0.05618263
0.05618263
0.05618263
0.05618263
0.05865146
0.05865146
0.05587391
0.05587391
0.05557706
0.05557706
0.05479417
0.06008879
0.06008879
0.05505188
0.05505188
0.05902640
0.05902640
0.05386927
0.05386927
0.05386927
0.05776613
0.05776613
0.05268597
0.05501087
0.05237409
0.05237409
0.05589405
0.05638598
0.05638598
0.05638598
0.05709922
0.05739208
0.05328625
0.05368724
0.05368724
0.05427886
0.05427886
0.05203952
0.05203952
0.05203952
0.05312872
0.05312872
0.05312872
0.05312872
0.05239196
0.05239196
0.05239196
0.05348511
0.05348511
0.05348511
0.05348511
0.05348511
0.05348511
0.05279268
0.05217001
0.05217001
0.05483744
0.05483744
0.05443798
0.05443798
0.05443798
0.05443798
0.05443798
0.05491082
0.05491082
0.05491082
0.05791348
0.05125188
0.05125188
0.05187990
0.05364512
0.05364512
0.05364512
0.05364512
0.05364512
0.05441912
0.05439587
0.05439587
0.05450010
0.05273883
0.05273883
0.05630081
0.05369346
0.05344821
0.05268087
0.05389440
0.05389440
0.05389440
0.05502737
0.05205376
0.05092278
0.05298099
0.05298099
0.05362050
0.06034781
0.06034781
0.05303341
0.05303341
0.05326225
0.05591782
0.05954767
0.05954767
0.05954767
0.05954767
0.06022505
0.06022505
0.06022505
0.06022505
0.06022505
0.06047873
0.06047873
0.06234918
0.05527971
0.05527971
0.05527971
0.05527971
0.05461687
0.05461687
0.05552426
0.06831692
0.06831692
0.05371696
0.05371696
0.05371696
0.05371696
0.05306414
0.05462456
0.05462456
0.05445665
0.05485890
0.05269835
0.05423492
0.05423492
0.05342172
0.05335529
0.05335529
0.05297139
0.05297139
0.05297139
0.05136547
0.05136547
0.05701604
0.05464529
0.05464529
0.05464529
0.05464529
0.06468424
0.05776414
0.05776414
0.05776414
0.05776414
0.05235276
0.05305181
0.05305181
0.05153950
0.05153950
0.05096186
0.05050630
0.05050630
0.05050630
0.05038606
0.05038606
0.05038606
0.05012759
0.05012759
0.05024758
0.05055094
0.05055094
0.05216221
