-100.0000 -100.0000
1256.4899 0.0000
1809.4727 0.0000
2044.8721 0.0000
1753.9504 0.0000
2387.9099 0.0000
2622.3899 0.0000
2872.9188 0.0000
3132.3882 0.0000
3149.2414 0.0000
2976.8287 0.0000
3682.1669 0.0000
4093.8054 0.0000
4211.2682 0.0000
4408.1666 0.0000
4214.3544 0.0000
4111.4449 0.0000
4368.5354 0.0000
4378.3854 0.0000
4372.0067 0.0000
4400.0131 0.0000
4271.2867 0.0000
5064.9827 0.0000
4771.9515 0.0000
5335.2022 0.0000
5447.0441 0.0000
5535.5911 0.0000
5127.2735 0.0000
4884.8185 0.0000
5171.4449 0.0000
5512.2188 0.0000
5704.7812 0.0000
5572.3411 0.0000
5455.6476 0.0000
5685.0672 0.0000
6014.6526 0.0000
5739.9018 0.0000
6242.3465 0.0000
5775.3116 0.0000
5767.5932 0.0000
6155.0429 0.0000
6628.7028 0.0000
6950.3148 0.0000
6680.7854 0.0000
6504.8417 0.0000
7228.3611 0.0000
7150.1310 0.0000
7119.5968 0.0000
7301.7804 0.0000
7007.8062 0.0000
7432.9548 0.0000
6740.5785 0.0000
7764.4260 0.0000
8093.3579 0.0000
7838.3612 0.0000
8154.5924 0.0000
8571.7636 0.0000
8598.0097 0.0000
8612.0648 0.0000
8868.3320 0.0000
9125.8461 0.0000
9572.2057 0.0000
9776.8629 0.0000
10159.6591 0.0000
10163.3863 0.0000
10335.7529 0.0000
10399.7838 0.0000
10407.1315 0.0000
10561.4094 0.0000
10489.1205 0.0000
10623.0013 0.0000
10862.4657 0.0000
10920.2526 0.0000
10553.8795 0.0000
10799.0226 0.0000
10785.7827 0.0000
10677.0999 0.0000
9943.3526 0.0000
10727.2529 0.0000
10959.2195 0.0000
11542.9941 0.0000
11077.0985 0.0000
11396.3882 0.0000
11751.5075 0.0000
11451.6286 0.0000
11689.1169 0.0000
11615.0890 0.0000
11706.6002 0.0000
11721.1001 0.0000
11121.5711 0.0000
11409.3696 0.0000
11556.3152 0.0000
11580.8582 0.0000
11610.7386 0.0000
12087.9732 0.0000
12199.7166 0.0000
12209.5445 0.0000
11750.8039 0.0000
12373.4465 0.0000
12144.6564 0.0000
12561.1652 0.0000
13009.8944 0.0000
12536.5873 0.0000
13468.7973 0.0000
13165.0261 0.0000
13286.8952 0.0000
13406.8003 0.0000
13290.7643 0.0000
13778.7163 0.0000
13510.7785 0.0000
13726.1930 0.0000
13965.8337 0.0000
13277.5797 0.0000
14043.6113 0.0000
13976.4027 0.0000
13863.6403 0.0000
13942.8911 0.0000
14000.8449 0.0000
13625.3001 0.0000
13755.4390 0.0000
13941.2654 0.0000
13767.1549 0.0000
14228.0360 0.0000
14131.9280 0.0000
14203.7131 0.0000
14667.5116 0.0000
14752.0058 0.0000
15063.4327 0.0000
14991.8166 0.0000
14815.7614 0.0000
15017.0517 0.0000
14975.1837 0.0000
15172.3580 0.0000
14798.8116 0.0000
14811.9169 0.0000
15730.8246 0.0000
15770.1757 0.0000
16369.2447 0.0000
15714.7532 0.0000
16087.0532 0.0000
16367.1705 0.0000
16193.2180 0.0000
16032.1500 0.0000
16503.0365 0.0000
16902.0598 0.0000
17937.1804 0.0000
18111.6746 0.0000
18420.1543 0.0000
18033.5880 0.0000
18341.7548 0.0000
18215.7557 0.0000
17668.4620 0.0000
18319.2675 0.0000
18569.3409 0.0000
19057.2669 0.0000
18528.1531 0.0000
18964.1755 0.0000
19175.6206 0.0000
19085.0867 0.0000
19376.5145 0.0000
19380.9835 0.0000
19105.4020 0.0000
19616.5630 0.0000
19930.9036 0.0000
19749.0297 0.0000
20194.6862 0.0000
19847.5758 0.0000
20056.6682 0.0000
20452.4997 0.0000
20544.7691 0.0000
20687.7504 0.0000
20652.2659 0.0000
20594.1484 0.0000
21036.0637 0.0000
21354.1356 0.0000
21024.8034 0.0000
21787.1353 0.0000
21131.2621 0.0000
21855.8170 0.0000
21641.4981 0.0000
21923.7483 0.0000
22034.1668 0.0000
22084.5743 0.0000
21876.1103 0.0000
21857.9546 0.0000
21896.3534 0.0000
22426.7508 0.0000
22902.3186 0.0000
22657.6141 0.0000
22930.6542 0.0000
23057.0856 0.0000
23001.5205 0.0000
23592.5651 0.0000
23934.5822 0.0000
23709.4602 0.0000
23910.6714 0.0000
24401.0179 0.0000
24069.6816 0.0000
24491.1509 0.0000
24468.3620 0.0000
24460.7973 0.0000
24703.8740 0.0000
24811.6342 0.0000
24386.6999 0.0000
24510.6380 0.0000
25004.6998 0.0000
25396.4977 0.0000
25682.5235 0.0000
25926.2018 0.0000
25951.4076 0.0000
25972.5348 0.0000
25711.2996 0.0000
25712.6746 0.0000
26085.9227 0.0000
26434.7905 0.0000
26692.7434 0.0000
25986.1189 0.0000
26286.8343 0.0000
26555.1526 0.0000
26291.7834 0.0000
26808.5500 0.0000
27286.7522 0.0000
27099.4231 0.0000
27413.2197 0.0000
26820.3653 0.0000
27338.0518 0.0000
27928.4165 0.0000
27848.6891 0.0000
28442.6160 0.0000
28748.3416 0.0000
28719.0959 0.0000
28876.2058 0.0000
29141.0924 0.0000
28811.6425 0.0000
29562.0756 0.0000
29014.5936 0.0000
30092.8330 0.0000
30170.1966 0.0000
30363.5246 0.0000
30359.2095 0.0000
30572.6363 0.0000
30748.2308 0.0000
31700.1045 0.0000
31842.4393 0.0000
32155.7070 0.0000
31802.1935 0.0000
32172.7277 0.0000
32622.1141 0.0000
32672.0075 0.0000
32256.8745 0.0000
32938.9513 0.0000
32943.6160 0.0000
32956.3574 0.0000
32972.1509 0.0000
33421.8856 0.0000
33521.4039 0.0000
33521.0932 0.0000
33933.6130 0.0000
34924.5143 0.0000
34738.0162 0.0000
35003.0445 0.0000
34840.6534 0.0000
34711.7113 0.0000
35611.1098 0.0000
35093.0028 0.0000
35818.0116 0.0000
35938.1987 0.0000
35965.8919 0.0000
36206.7988 0.0000
36147.3688 0.0000
36403.4258 0.0000
35944.6661 0.0000
35997.7020 0.0000
36037.7589 0.0000
37083.2819 0.0000
37225.0239 0.0000
37304.6375 0.0000
37662.8369 0.0000
37717.4575 0.0000
37742.9262 0.0000
37775.2440 0.0000
37796.2819 0.0000
37656.0107 0.0000
37823.0109 0.0000
38151.9491 0.0000
38538.0703 0.0000
38659.3857 0.0000
38319.6024 0.0000
39033.3061 0.0000
39060.1667 0.0000
39099.5768 0.0000
38925.3168 0.0000
39215.9548 0.0000
39780.9771 0.0000
39760.5657 0.0000
39747.2115 0.0000
39538.2642 0.0000
40162.2360 0.0000
40192.6952 0.0000
40091.2981 0.0000
40269.1625 0.0000
80611.4115 0.0000
79776.6456 0.0000
80800.2070 0.0000
80224.3802 0.0000
80444.9588 0.0000
80924.1727 0.0000
80130.1738 0.0000
80212.1545 0.0000
80831.0627 0.0000
81782.6758 0.0000
81237.7292 0.0000
82659.4327 0.0000
82584.4024 0.0000
82990.5454 0.0000
82749.8246 0.0000
82844.6567 0.0000
82640.3697 0.0000
82324.0671 0.0000
83371.9494 0.0000
83011.5554 0.0000
84273.6352 0.0000
84678.3842 0.0000
84602.0345 0.0000
85487.3452 0.0000
86396.6275 0.0000
85701.4358 0.0000
86477.2324 0.0000
86303.7612 0.0000
87038.0241 0.0000
88447.8226 0.0000
88403.5093 0.0000
88670.2761 0.0000
89204.3317 0.0000
88845.6615 0.0000
89381.6685 0.0000
89935.3472 0.0000
90931.4682 0.0000
91594.4038 0.0000
91417.5152 0.0000
92329.6286 0.0000
91468.0161 0.0000
91391.7153 0.0000
92721.5810 0.0000
92760.7926 0.0000
92653.0849 0.0000
92306.8378 0.0000
93066.2368 0.0000
92810.9407 0.0000
92911.2646 0.0000
91849.9506 0.0000
93642.9412 0.0000
93532.8259 0.0000
93952.8178 0.0000
93350.1232 0.0000
94211.6379 0.0000
93905.4356 0.0000
93927.6580 0.0000
94032.2204 0.0000
93061.2388 0.0000
93691.1613 0.0000
93909.1695 0.0000
93892.3540 0.0000
94519.4368 0.0000
94164.5254 0.0000
93882.8229 0.0000
94673.0041 0.0000
95633.5538 0.0000
95726.8948 0.0000
95753.7707 0.0000
95624.3342 0.0000
95600.8498 0.0000
95276.5119 0.0000
95928.9915 0.0000
96040.2435 0.0000
95839.7069 0.0000
95505.9046 0.0000
95664.9086 0.0000
96213.6162 0.0000
96087.6949 0.0000
95665.2100 0.0000
97213.7886 0.0000
97550.7964 0.0000
97019.4252 0.0000
98354.2164 0.0000
98565.0936 0.0000
98449.1135 0.0000
98158.2957 0.0000
98259.5673 0.0000
99277.3211 0.0000
97780.7119 0.0000
99088.8894 0.0000
98680.3661 0.0000
98251.9401 0.0000
98997.6863 0.0000
99018.1676 0.0000
99380.2653 0.0000
99283.6067 0.0000
98290.9202 0.0000
99560.7636 0.0000
100133.3994 0.0000
97654.4841 0.0000
99919.6775 0.0000
100304.4126 0.0000
100198.3936 0.0000
100776.9362 0.0000
101059.6108 0.0000
101622.4459 0.0000
101711.4397 0.0000
101455.8424 0.0000
100534.2141 0.0000
101697.5182 0.0000
101426.0513 0.0000
101652.0721 0.0000
101577.1706 0.0000
101781.2917 0.0000
103025.3757 0.0000
102888.5505 0.0000
102656.4808 0.0000
102462.1035 0.0000
103745.1840 0.0000
104479.5735 0.0000
102709.4684 0.0000
103990.7276 0.0000
103505.1111 0.0000
104000.4936 0.0000
103879.7871 0.0000
103669.7390 0.0000
104538.5768 0.0000
104625.5719 0.0000
105522.1997 0.0000
105805.9967 0.0000
106028.5374 0.0000
106143.7422 0.0000
105952.2926 0.0000
106206.4163 0.0000
106731.8651 0.0000
107388.7363 0.0000
106808.5454 0.0000
107080.3661 0.0000
106678.2873 0.0000
107855.0536 0.0000
106906.1480 0.0000
108145.4997 0.0000
108334.2532 0.0000
108583.6082 0.0000
108968.7729 0.0000
108741.4464 0.0000
108663.7519 0.0000
108600.6196 0.0000
108689.8330 0.0000
108317.0682 0.0000
109250.6388 0.0000
108888.9732 0.0000
109370.4036 0.0000
110570.9752 0.0000
109673.9465 0.0000
112049.7749 0.0000
111588.3047 0.0000
112408.4119 0.0000
113668.3563 0.0000
114026.7833 0.0000
113457.0834 0.0000
114042.7953 0.0000
112926.1101 0.0000
113823.3615 0.0000
114031.7548 0.0000
114299.5851 0.0000
114569.0428 0.0000
114730.5377 0.0000
115064.4166 0.0000
114699.5190 0.0000
115202.5333 0.0000
114775.9244 0.0000
115651.4024 0.0000
114331.5276 0.0000
116551.9735 0.0000
116668.4689 0.0000
116435.3686 0.0000
116759.9933 0.0000
116780.6403 0.0000
117179.4205 0.0000
117927.9402 0.0000
118087.5708 0.0000
117617.0773 0.0000
117131.4913 0.0000
118689.6348 0.0000
118841.2488 0.0000
118366.9740 0.0000
118356.8529 0.0000
119507.3920 0.0000
120181.5385 0.0000
119325.6216 0.0000
119543.4414 0.0000
120371.5629 0.0000
120444.6477 0.0000
119345.6920 0.0000
121308.4685 0.0000
121571.5636 0.0000
120673.5492 0.0000
