-100.0000 -100.0000
2249.4665 0.0000
3252.1977 0.0000
3677.6638 0.0000
3150.6531 0.0000
4299.0320 0.0000
4723.7942 0.0000
5177.6101 0.0000
5647.5936 0.0000
5678.2984 0.0000
5365.9139 0.0000
6643.4753 0.0000
7389.1002 0.0000
7601.8544 0.0000
7958.5786 0.0000
7607.4834 0.0000
7421.0276 0.0000
7886.7492 0.0000
7904.6038 0.0000
7893.0820 0.0000
7943.7758 0.0000
7710.6183 0.0000
9148.3704 0.0000
8617.4931 0.0000
9637.8596 0.0000
9840.4623 0.0000
10000.8133 0.0000
9261.1551 0.0000
8821.9563 0.0000
9341.1788 0.0000
9958.4804 0.0000
10307.2988 0.0000
10067.3863 0.0000
9855.9924 0.0000
10271.5871 0.0000
10868.6325 0.0000
10370.9467 0.0000
11281.0887 0.0000
10435.0823 0.0000
10421.1005 0.0000
11122.9376 0.0000
11980.9532 0.0000
12563.5438 0.0000
12075.3062 0.0000
11756.5928 0.0000
13067.2125 0.0000
12925.5045 0.0000
12870.1927 0.0000
13200.2083 0.0000
12667.6900 0.0000
13437.8232 0.0000
12183.6222 0.0000
14038.2658 0.0000
14634.1079 0.0000
14172.1943 0.0000
14745.0304 0.0000
15500.7137 0.0000
15548.2580 0.0000
15573.7168 0.0000
16037.9333 0.0000
16504.4040 0.0000
17312.9610 0.0000
17683.6867 0.0000
18377.1023 0.0000
18383.8535 0.0000
18696.0862 0.0000
18812.0750 0.0000
18825.3854 0.0000
19104.8519 0.0000
18973.9039 0.0000
19216.4228 0.0000
19650.2002 0.0000
19754.8783 0.0000
19091.2119 0.0000
19535.2754 0.0000
19511.2919 0.0000
19314.4201 0.0000
17985.2743 0.0000
19405.2683 0.0000
19825.4646 0.0000
20882.9406 0.0000
20038.9951 0.0000
20617.3718 0.0000
21260.6519 0.0000
20717.4371 0.0000
21147.6345 0.0000
21013.5367 0.0000
21179.3044 0.0000
21205.5703 0.0000
20119.5552 0.0000
20640.8870 0.0000
20907.0712 0.0000
20951.5296 0.0000
21005.6563 0.0000
21870.1416 0.0000
22072.5590 0.0000
22090.3617 0.0000
21259.3773 0.0000
22387.2616 0.0000
21972.8203 0.0000
22727.3042 0.0000
23540.1534 0.0000
22682.7827 0.0000
24371.4320 0.0000
23821.1664 0.0000
24041.9258 0.0000
24259.1276 0.0000
24048.9346 0.0000
24932.8340 0.0000
24447.4788 0.0000
24837.6908 0.0000
25271.7873 0.0000
24025.0515 0.0000
25412.6774 0.0000
25290.9325 0.0000
25086.6693 0.0000
25230.2280 0.0000
25335.2083 0.0000
24654.9287 0.0000
24890.6683 0.0000
25227.2831 0.0000
24911.8911 0.0000
25746.7529 0.0000
25572.6583 0.0000
25702.6933 0.0000
26542.8399 0.0000
26695.8967 0.0000
27260.0301 0.0000
27130.3012 0.0000
26811.3866 0.0000
27176.0134 0.0000
27100.1717 0.0000
27457.3425 0.0000
26780.6830 0.0000
26804.4224 0.0000
28468.9753 0.0000
28540.2579 0.0000
29625.4398 0.0000
28439.8629 0.0000
29114.2648 0.0000
29621.6825 0.0000
29306.5767 0.0000
29014.8104 0.0000
29867.7966 0.0000
30590.6063 0.0000
32465.6726 0.0000
32781.7596 0.0000
33340.5545 0.0000
32640.3099 0.0000
33198.5378 0.0000
32970.2972 0.0000
31978.9035 0.0000
33157.8034 0.0000
33610.7981 0.0000
34494.6504 0.0000
33536.1887 0.0000
34326.0203 0.0000
34709.0419 0.0000
34545.0444 0.0000
35072.9505 0.0000
35081.0459 0.0000
34581.8446 0.0000
35507.7859 0.0000
36077.1972 0.0000
35747.7423 0.0000
36555.0256 0.0000
35926.2534 0.0000
36305.0133 0.0000
37022.0412 0.0000
37189.1822 0.0000
37448.1854 0.0000
37383.9071 0.0000
37278.6302 0.0000
38079.1365 0.0000
38655.3071 0.0000
38058.7392 0.0000
39439.6632 0.0000
38251.5834 0.0000
39564.0764 0.0000
39175.8492 0.0000
39687.1305 0.0000
39887.1478 0.0000
39978.4583 0.0000
39600.8367 0.0000
39567.9486 0.0000
39637.5060 0.0000
40598.2929 0.0000
41459.7589 0.0000
41016.4896 0.0000
41511.0875 0.0000
41740.1112 0.0000
41639.4580 0.0000
42710.1042 0.0000
43329.6501 0.0000
42921.8534 0.0000
43286.3369 0.0000
44174.5739 0.0000
43574.3756 0.0000
44337.8451 0.0000
44296.5641 0.0000
44282.8612 0.0000
44723.1817 0.0000
44918.3836 0.0000
44148.6375 0.0000
44373.1449 0.0000
45268.1119 0.0000
45977.8331 0.0000
46495.9537 0.0000
46937.3642 0.0000
46983.0231 0.0000
47021.2939 0.0000
46548.0801 0.0000
46550.5709 0.0000
47226.6901 0.0000
47858.6458 0.0000
48325.9138 0.0000
47045.9009 0.0000
47590.6309 0.0000
48076.6753 0.0000
47599.5960 0.0000
48535.6914 0.0000
49401.9295 0.0000
49062.5928 0.0000
49631.0187 0.0000
48557.0943 0.0000
49494.8560 0.0000
50564.2706 0.0000
50419.8487 0.0000
51495.7160 0.0000
52049.5217 0.0000
51996.5447 0.0000
52281.1410 0.0000
52760.9691 0.0000
52164.1880 0.0000
53523.5579 0.0000
52531.8233 0.0000
54484.9971 0.0000
54625.1372 0.0000
54975.3408 0.0000
54967.5240 0.0000
55354.1355 0.0000
55672.2157 0.0000
57396.4848 0.0000
57654.3167 0.0000
58221.7848 0.0000
57581.4136 0.0000
58252.6168 0.0000
59066.6567 0.0000
59157.0359 0.0000
58405.0443 0.0000
59640.5905 0.0000
59649.0403 0.0000
59672.1207 0.0000
59700.7298 0.0000
60515.4006 0.0000
60695.6727 0.0000
60695.1099 0.0000
61442.9305 0.0000
63237.8960 0.0000
62900.0645 0.0000
63380.1493 0.0000
63085.9864 0.0000
62852.4146 0.0000
64481.6277 0.0000
63543.1041 0.0000
64856.4194 0.0000
65074.1320 0.0000
65124.2968 0.0000
65560.6869 0.0000
65453.0325 0.0000
65916.8663 0.0000
65085.8473 0.0000
65181.9191 0.0000
65254.4800 0.0000
67148.3899 0.0000
67405.1480 0.0000
67549.3639 0.0000
68198.2232 0.0000
68297.1655 0.0000
68343.3007 0.0000
68401.8427 0.0000
68439.9519 0.0000
68185.8580 0.0000
68488.3700 0.0000
69084.2241 0.0000
69783.6625 0.0000
70003.4189 0.0000
69387.9193 0.0000
70680.7560 0.0000
70729.4125 0.0000
70800.8019 0.0000
70485.1390 0.0000
71011.6144 0.0000
72035.1226 0.0000
71998.1485 0.0000
71973.9580 0.0000
71595.4610 0.0000
72725.7530 0.0000
72780.9282 0.0000
72597.2528 0.0000
72919.4448 0.0000
80582.6809 0.0000
79747.9149 0.0000
80771.4763 0.0000
80195.6495 0.0000
80416.2281 0.0000
80895.4420 0.0000
80101.4431 0.0000
80183.4238 0.0000
80802.3320 0.0000
81753.9451 0.0000
81208.9985 0.0000
82630.7020 0.0000
82555.6717 0.0000
82961.8147 0.0000
82721.0939 0.0000
82815.9260 0.0000
82611.6390 0.0000
82295.3364 0.0000
83343.2187 0.0000
82982.8247 0.0000
84244.9045 0.0000
84649.6535 0.0000
84573.3038 0.0000
85458.6146 0.0000
86367.8968 0.0000
85672.7051 0.0000
86448.5017 0.0000
86275.0306 0.0000
87009.2934 0.0000
88419.0919 0.0000
88374.7786 0.0000
88641.5454 0.0000
89175.6010 0.0000
88816.9308 0.0000
89352.9378 0.0000
89906.6165 0.0000
90902.7375 0.0000
91565.6731 0.0000
91388.7845 0.0000
92300.8979 0.0000
91439.2854 0.0000
91362.9846 0.0000
92692.8503 0.0000
92732.0619 0.0000
92624.3542 0.0000
92278.1071 0.0000
93037.5061 0.0000
92782.2100 0.0000
92882.5339 0.0000
91821.2200 0.0000
93614.2105 0.0000
93504.0952 0.0000
93924.0871 0.0000
93321.3925 0.0000
94182.9072 0.0000
93876.7050 0.0000
93898.9273 0.0000
94003.4897 0.0000
93032.5081 0.0000
93662.4306 0.0000
93880.4388 0.0000
93863.6233 0.0000
94490.7061 0.0000
94135.7947 0.0000
93854.0922 0.0000
94644.2734 0.0000
95604.8231 0.0000
95698.1641 0.0000
95725.0400 0.0000
95595.6035 0.0000
95572.1191 0.0000
95247.7812 0.0000
95900.2608 0.0000
96011.5128 0.0000
95810.9762 0.0000
95477.1739 0.0000
95636.1780 0.0000
96184.8855 0.0000
96058.9642 0.0000
95636.4793 0.0000
97185.0579 0.0000
97522.0657 0.0000
96990.6945 0.0000
98325.4857 0.0000
98536.3629 0.0000
98420.3828 0.0000
98129.5650 0.0000
98230.8366 0.0000
99248.5904 0.0000
97751.9813 0.0000
99060.1587 0.0000
98651.6354 0.0000
98223.2094 0.0000
98968.9556 0.0000
98989.4369 0.0000
99351.5346 0.0000
99254.8760 0.0000
98262.1896 0.0000
99532.0329 0.0000
100104.6687 0.0000
97625.7534 0.0000
99890.9468 0.0000
100275.6819 0.0000
100169.6630 0.0000
100748.2055 0.0000
101030.8802 0.0000
101593.7152 0.0000
101682.7090 0.0000
101427.1117 0.0000
100505.4834 0.0000
101668.7875 0.0000
101397.3206 0.0000
101623.3414 0.0000
101548.4399 0.0000
101752.5610 0.0000
102996.6450 0.0000
102859.8198 0.0000
102627.7501 0.0000
102433.3728 0.0000
103716.4533 0.0000
104450.8428 0.0000
102680.7377 0.0000
103961.9969 0.0000
103476.3805 0.0000
103971.7630 0.0000
103851.0564 0.0000
103641.0083 0.0000
104509.8461 0.0000
104596.8412 0.0000
105493.4690 0.0000
105777.2660 0.0000
105999.8067 0.0000
106115.0116 0.0000
105923.5619 0.0000
106177.6856 0.0000
106703.1344 0.0000
107360.0056 0.0000
106779.8147 0.0000
107051.6354 0.0000
106649.5566 0.0000
107826.3230 0.0000
106877.4173 0.0000
108116.7690 0.0000
108305.5225 0.0000
108554.8775 0.0000
108940.0422 0.0000
108712.7157 0.0000
108635.0212 0.0000
108571.8889 0.0000
108661.1023 0.0000
108288.3375 0.0000
109221.9081 0.0000
108860.2425 0.0000
109341.6730 0.0000
110542.2445 0.0000
109645.2158 0.0000
112021.0442 0.0000
111559.5740 0.0000
112379.6813 0.0000
113639.6256 0.0000
113998.0526 0.0000
113428.3527 0.0000
114014.0646 0.0000
112897.3794 0.0000
113794.6309 0.0000
114003.0241 0.0000
114270.8544 0.0000
114540.3121 0.0000
114701.8070 0.0000
115035.6859 0.0000
114670.7883 0.0000
115173.8026 0.0000
114747.1937 0.0000
115622.6717 0.0000
114302.7969 0.0000
116523.2428 0.0000
116639.7383 0.0000
116406.6379 0.0000
116731.2626 0.0000
116751.9096 0.0000
117150.6898 0.0000
117899.2095 0.0000
118058.8401 0.0000
117588.3466 0.0000
117102.7607 0.0000
118660.9042 0.0000
118812.5181 0.0000
118338.2433 0.0000
118328.1222 0.0000
119478.6613 0.0000
120152.8078 0.0000
119296.8909 0.0000
119514.7107 0.0000
120342.8322 0.0000
120415.9170 0.0000
119316.9613 0.0000
121279.7378 0.0000
121542.8329 0.0000
120644.8185 0.0000
