-100.0000 -100.0000
1786.3750 0.0000
2609.3001 0.0000
2958.0344 0.0000
2525.5876 0.0000
3467.7586 0.0000
3816.1594 0.0000
4188.4547 0.0000
4573.9118 0.0000
4599.1335 0.0000
4342.9189 0.0000
5390.9135 0.0000
6002.6289 0.0000
6177.1794 0.0000
6469.8053 0.0000
6181.8066 0.0000
6028.8646 0.0000
6410.8996 0.0000
6425.5522 0.0000
6416.0656 0.0000
6457.6653 0.0000
6266.3895 0.0000
7445.8313 0.0000
7010.3529 0.0000
7847.3788 0.0000
8013.5716 0.0000
8145.1525 0.0000
7538.3975 0.0000
7178.1028 0.0000
7604.0212 0.0000
8110.4170 0.0000
8396.5641 0.0000
8199.7536 0.0000
8026.3478 0.0000
8367.2736 0.0000
8857.0255 0.0000
8448.7613 0.0000
9195.3697 0.0000
8501.3721 0.0000
8489.8898 0.0000
9065.6361 0.0000
9769.4956 0.0000
10247.4286 0.0000
9846.9096 0.0000
9585.4556 0.0000
10660.6043 0.0000
10544.3577 0.0000
10498.9820 0.0000
10769.7056 0.0000
10332.8606 0.0000
10964.6297 0.0000
9935.7639 0.0000
11457.1957 0.0000
11945.9875 0.0000
11567.0628 0.0000
12036.9813 0.0000
12656.8973 0.0000
12695.8996 0.0000
12716.7846 0.0000
13097.5973 0.0000
13480.2602 0.0000
14143.5480 0.0000
14447.6671 0.0000
15016.5001 0.0000
15022.0390 0.0000
15278.1744 0.0000
15373.3237 0.0000
15384.2431 0.0000
15613.4991 0.0000
15506.0780 0.0000
15705.0243 0.0000
16060.8671 0.0000
16146.7382 0.0000
15602.3097 0.0000
15966.5907 0.0000
15946.9161 0.0000
15785.4149 0.0000
14695.0703 0.0000
15859.9411 0.0000
16204.6427 0.0000
17072.1279 0.0000
16379.8098 0.0000
16854.2724 0.0000
17381.9777 0.0000
16936.3594 0.0000
17289.2655 0.0000
17179.2605 0.0000
17315.2455 0.0000
17336.7923 0.0000
16445.8959 0.0000
16873.5627 0.0000
17091.9231 0.0000
17128.3937 0.0000
17172.7959 0.0000
17881.9637 0.0000
18048.0138 0.0000
18062.6180 0.0000
17380.9321 0.0000
18306.1754 0.0000
17966.1946 0.0000
18585.1244 0.0000
19251.9333 0.0000
18548.6017 0.0000
19933.8604 0.0000
19482.4581 0.0000
19663.5549 0.0000
19841.7331 0.0000
19669.3044 0.0000
20394.3983 0.0000
19996.2443 0.0000
20316.3490 0.0000
20672.4537 0.0000
19649.7122 0.0000
20788.0308 0.0000
20688.1591 0.0000
20520.5948 0.0000
20638.3611 0.0000
20724.4801 0.0000
20166.4227 0.0000
20359.8083 0.0000
20635.9453 0.0000
20377.2181 0.0000
21062.0847 0.0000
20919.2688 0.0000
21025.9411 0.0000
21715.1430 0.0000
21840.7009 0.0000
22303.4796 0.0000
22197.0584 0.0000
21935.4414 0.0000
22234.5577 0.0000
22172.3420 0.0000
22465.3418 0.0000
21910.2541 0.0000
21929.7284 0.0000
23295.2200 0.0000
23353.6956 0.0000
24243.9087 0.0000
23271.3381 0.0000
23824.5738 0.0000
24240.8265 0.0000
23979.2518 0.0000
23739.9056 0.0000
24439.6403 0.0000
25032.5867 0.0000
26570.7699 0.0000
26830.0673 0.0000
27288.4664 0.0000
26714.0310 0.0000
27171.9651 0.0000
26984.7313 0.0000
26171.4560 0.0000
27138.5493 0.0000
27510.1568 0.0000
28235.2121 0.0000
27448.9521 0.0000
28096.8788 0.0000
28411.0850 0.0000
28276.5521 0.0000
28709.6122 0.0000
28716.2530 0.0000
28306.7406 0.0000
29066.3229 0.0000
29533.4312 0.0000
29263.1677 0.0000
29925.4107 0.0000
29409.6066 0.0000
29720.3168 0.0000
30308.5201 0.0000
30445.6318 0.0000
30658.1013 0.0000
30605.3715 0.0000
30519.0092 0.0000
31175.6928 0.0000
31648.3459 0.0000
31158.9601 0.0000
32291.7810 0.0000
31317.1571 0.0000
32393.8415 0.0000
32075.3650 0.0000
32494.7871 0.0000
32658.8684 0.0000
32733.7736 0.0000
32423.9972 0.0000
32397.0180 0.0000
32454.0784 0.0000
33242.2459 0.0000
33948.9369 0.0000
33585.3074 0.0000
33991.0435 0.0000
34178.9198 0.0000
34096.3504 0.0000
34974.6393 0.0000
35482.8748 0.0000
35148.3447 0.0000
35447.3434 0.0000
36175.9956 0.0000
35683.6317 0.0000
36309.9327 0.0000
36276.0684 0.0000
36264.8275 0.0000
36626.0380 0.0000
36786.1690 0.0000
36154.7190 0.0000
36338.8904 0.0000
37073.0635 0.0000
37655.2729 0.0000
38080.3055 0.0000
38442.4101 0.0000
38479.8658 0.0000
38511.2607 0.0000
38123.0667 0.0000
38125.1100 0.0000
38679.7544 0.0000
39198.1700 0.0000
39581.4865 0.0000
38531.4466 0.0000
38978.3079 0.0000
39377.0274 0.0000
38985.6623 0.0000
39753.5745 0.0000
40464.1802 0.0000
40185.8103 0.0000
40652.1102 0.0000
39771.1320 0.0000
40540.4112 0.0000
41417.6897 0.0000
41299.2153 0.0000
42181.7873 0.0000
42636.0937 0.0000
42592.6348 0.0000
42826.0992 0.0000
43219.7192 0.0000
42730.1585 0.0000
43845.2978 0.0000
43031.7428 0.0000
44634.0003 0.0000
44748.9621 0.0000
45036.2465 0.0000
45029.8342 0.0000
45346.9853 0.0000
45607.9177 0.0000
47022.3966 0.0000
47233.9052 0.0000
47699.4193 0.0000
47174.1002 0.0000
47724.7120 0.0000
48392.4976 0.0000
48466.6389 0.0000
47849.7536 0.0000
48863.3158 0.0000
48870.2475 0.0000
48889.1812 0.0000
48912.6502 0.0000
49580.9535 0.0000
49728.8371 0.0000
49728.3754 0.0000
50341.3774 0.0000
51813.8511 0.0000
51536.7159 0.0000
51930.5465 0.0000
51689.2343 0.0000
51497.6270 0.0000
52834.1282 0.0000
52064.2240 0.0000
53141.5831 0.0000
53320.1804 0.0000
53361.3323 0.0000
53719.3185 0.0000
53631.0058 0.0000
54011.5051 0.0000
53329.7909 0.0000
53408.6019 0.0000
53468.1262 0.0000
55021.7674 0.0000
55232.3952 0.0000
55350.7006 0.0000
55882.9829 0.0000
55964.1487 0.0000
56001.9950 0.0000
56050.0191 0.0000
56081.2814 0.0000
55872.8392 0.0000
56121.0006 0.0000
56609.8007 0.0000
57183.5747 0.0000
57363.8487 0.0000
56858.9326 0.0000
57919.4922 0.0000
57959.4069 0.0000
58017.9701 0.0000
57759.0208 0.0000
58190.9071 0.0000
59030.5271 0.0000
59000.1959 0.0000
58980.3516 0.0000
58669.8571 0.0000
59597.0756 0.0000
59642.3378 0.0000
59491.6624 0.0000
59755.9678 0.0000
80498.6551 0.0000
79663.8892 0.0000
80687.4506 0.0000
80111.6238 0.0000
80332.2024 0.0000
80811.4163 0.0000
80017.4174 0.0000
80099.3981 0.0000
80718.3063 0.0000
81669.9193 0.0000
81124.9728 0.0000
82546.6763 0.0000
82471.6460 0.0000
82877.7890 0.0000
82637.0681 0.0000
82731.9003 0.0000
82527.6133 0.0000
82211.3107 0.0000
83259.1930 0.0000
82898.7990 0.0000
84160.8788 0.0000
84565.6278 0.0000
84489.2780 0.0000
85374.5888 0.0000
86283.8711 0.0000
85588.6793 0.0000
86364.4759 0.0000
86191.0048 0.0000
86925.2677 0.0000
88335.0662 0.0000
88290.7528 0.0000
88557.5197 0.0000
89091.5752 0.0000
88732.9051 0.0000
89268.9121 0.0000
89822.5908 0.0000
90818.7118 0.0000
91481.6474 0.0000
91304.7588 0.0000
92216.8722 0.0000
91355.2597 0.0000
91278.9589 0.0000
92608.8246 0.0000
92648.0362 0.0000
92540.3285 0.0000
92194.0814 0.0000
92953.4804 0.0000
92698.1842 0.0000
92798.5082 0.0000
91737.1942 0.0000
93530.1848 0.0000
93420.0695 0.0000
93840.0614 0.0000
93237.3668 0.0000
94098.8815 0.0000
93792.6792 0.0000
93814.9015 0.0000
93919.4639 0.0000
92948.4824 0.0000
93578.4049 0.0000
93796.4131 0.0000
93779.5976 0.0000
94406.6804 0.0000
94051.7690 0.0000
93770.0665 0.0000
94560.2476 0.0000
95520.7974 0.0000
95614.1384 0.0000
95641.0143 0.0000
95511.5777 0.0000
95488.0934 0.0000
95163.7555 0.0000
95816.2350 0.0000
95927.4871 0.0000
95726.9505 0.0000
95393.1482 0.0000
95552.1522 0.0000
96100.8598 0.0000
95974.9385 0.0000
95552.4536 0.0000
97101.0322 0.0000
97438.0400 0.0000
96906.6688 0.0000
98241.4600 0.0000
98452.3372 0.0000
98336.3571 0.0000
98045.5393 0.0000
98146.8109 0.0000
99164.5646 0.0000
97667.9555 0.0000
98976.1330 0.0000
98567.6097 0.0000
98139.1837 0.0000
98884.9299 0.0000
98905.4112 0.0000
99267.5089 0.0000
99170.8503 0.0000
98178.1638 0.0000
99448.0072 0.0000
100020.6430 0.0000
97541.7276 0.0000
99806.9210 0.0000
100191.6561 0.0000
100085.6372 0.0000
100664.1798 0.0000
100946.8544 0.0000
101509.6895 0.0000
101598.6833 0.0000
101343.0859 0.0000
100421.4577 0.0000
101584.7618 0.0000
101313.2949 0.0000
101539.3157 0.0000
101464.4141 0.0000
101668.5353 0.0000
102912.6193 0.0000
102775.7941 0.0000
102543.7244 0.0000
102349.3470 0.0000
103632.4276 0.0000
104366.8171 0.0000
102596.7120 0.0000
103877.9712 0.0000
103392.3547 0.0000
103887.7372 0.0000
103767.0306 0.0000
103556.9826 0.0000
104425.8204 0.0000
104512.8155 0.0000
105409.4433 0.0000
105693.2403 0.0000
105915.7810 0.0000
106030.9858 0.0000
105839.5362 0.0000
106093.6599 0.0000
106619.1087 0.0000
107275.9799 0.0000
106695.7890 0.0000
106967.6097 0.0000
106565.5309 0.0000
107742.2972 0.0000
106793.3916 0.0000
108032.7433 0.0000
108221.4968 0.0000
108470.8518 0.0000
108856.0165 0.0000
108628.6900 0.0000
108550.9955 0.0000
108487.8632 0.0000
108577.0766 0.0000
108204.3118 0.0000
109137.8824 0.0000
108776.2168 0.0000
109257.6472 0.0000
110458.2187 0.0000
109561.1901 0.0000
111937.0185 0.0000
111475.5483 0.0000
112295.6555 0.0000
113555.5999 0.0000
113914.0269 0.0000
113344.3270 0.0000
113930.0389 0.0000
112813.3537 0.0000
113710.6051 0.0000
113918.9984 0.0000
114186.8287 0.0000
114456.2864 0.0000
114617.7813 0.0000
114951.6602 0.0000
114586.7626 0.0000
115089.7769 0.0000
114663.1679 0.0000
115538.6460 0.0000
114218.7711 0.0000
116439.2171 0.0000
116555.7125 0.0000
116322.6122 0.0000
116647.2369 0.0000
116667.8839 0.0000
117066.6641 0.0000
117815.1838 0.0000
117974.8143 0.0000
117504.3209 0.0000
117018.7349 0.0000
118576.8784 0.0000
118728.4924 0.0000
118254.2176 0.0000
118244.0965 0.0000
119394.6356 0.0000
120068.7821 0.0000
119212.8651 0.0000
119430.6849 0.0000
120258.8065 0.0000
120331.8912 0.0000
119232.9356 0.0000
121195.7121 0.0000
121458.8072 0.0000
120560.7928 0.0000
