-100.0000 -100.0000
2414.5498 0.0000
3519.3130 0.0000
3991.4613 0.0000
3409.5443 0.0000
4677.4605 0.0000
5146.4681 0.0000
5647.5358 0.0000
6166.4779 0.0000
6200.3104 0.0000
5855.4284 0.0000
7266.0191 0.0000
8089.2828 0.0000
8324.2182 0.0000
8718.0572 0.0000
8330.4092 0.0000
8124.6029 0.0000
8638.7821 0.0000
8658.4806 0.0000
8645.7313 0.0000
8701.7194 0.0000
8444.2625 0.0000
10031.6878 0.0000
9445.6127 0.0000
10572.1293 0.0000
10795.8111 0.0000
10972.8905 0.0000
10156.2483 0.0000
9671.3338 0.0000
10244.5987 0.0000
10926.1406 0.0000
11311.2714 0.0000
11046.3860 0.0000
10813.0046 0.0000
11271.8444 0.0000
11931.0168 0.0000
11381.5271 0.0000
12386.4059 0.0000
11452.3379 0.0000
11436.9007 0.0000
12211.7972 0.0000
13159.1187 0.0000
13802.3442 0.0000
13263.2862 0.0000
12911.4006 0.0000
14358.4371 0.0000
14201.9759 0.0000
14140.9088 0.0000
14505.2755 0.0000
13917.3252 0.0000
14767.6249 0.0000
13382.8711 0.0000
15430.5665 0.0000
16088.4288 0.0000
15578.4320 0.0000
16210.8989 0.0000
17045.2417 0.0000
17097.7348 0.0000
17125.8451 0.0000
17638.3796 0.0000
18153.4064 0.0000
19046.1259 0.0000
19455.4402 0.0000
20221.0327 0.0000
20228.4865 0.0000
20573.2200 0.0000
20701.2821 0.0000
20715.9778 0.0000
21024.5337 0.0000
20879.9556 0.0000
21147.7175 0.0000
21626.6463 0.0000
21742.2201 0.0000
21009.4739 0.0000
21499.7596 0.0000
21473.2798 0.0000
21255.9147 0.0000
19788.4202 0.0000
21356.2202 0.0000
21820.1537 0.0000
22987.7024 0.0000
22055.9113 0.0000
22694.4907 0.0000
23404.7292 0.0000
22804.9717 0.0000
23279.9480 0.0000
23131.8922 0.0000
23314.9146 0.0000
23343.9144 0.0000
22144.8568 0.0000
22720.4535 0.0000
23014.3446 0.0000
23063.4308 0.0000
23123.1915 0.0000
24077.6605 0.0000
24301.1473 0.0000
24320.8031 0.0000
23403.3221 0.0000
24648.6071 0.0000
24191.0269 0.0000
25024.0446 0.0000
25921.5028 0.0000
24974.8887 0.0000
26839.3087 0.0000
26231.7661 0.0000
26475.5043 0.0000
26715.3146 0.0000
26483.2425 0.0000
27459.1466 0.0000
26923.2711 0.0000
27354.1000 0.0000
27833.3815 0.0000
26456.8735 0.0000
27988.9366 0.0000
27854.5194 0.0000
27628.9946 0.0000
27787.4962 0.0000
27903.4038 0.0000
27152.3143 0.0000
27412.5920 0.0000
27784.2448 0.0000
27436.0238 0.0000
28357.7859 0.0000
28165.5700 0.0000
28309.1402 0.0000
29236.7373 0.0000
29405.7256 0.0000
30028.5795 0.0000
29885.3472 0.0000
29533.2369 0.0000
29935.8175 0.0000
29852.0814 0.0000
30246.4300 0.0000
29499.3373 0.0000
29525.5478 0.0000
31363.3631 0.0000
31442.0655 0.0000
32640.2035 0.0000
31331.2205 0.0000
32075.8205 0.0000
32636.0551 0.0000
32288.1501 0.0000
31966.0140 0.0000
32907.7871 0.0000
33705.8337 0.0000
35776.0747 0.0000
36125.0631 0.0000
36742.0227 0.0000
35968.8899 0.0000
36585.2235 0.0000
36333.2254 0.0000
35238.6381 0.0000
36540.2491 0.0000
37040.3958 0.0000
38016.2479 0.0000
36958.0203 0.0000
37830.0651 0.0000
38252.9553 0.0000
38071.8874 0.0000
38654.7430 0.0000
38663.6809 0.0000
38112.5180 0.0000
39134.8401 0.0000
39763.5212 0.0000
39399.7734 0.0000
40291.0865 0.0000
39596.8657 0.0000
40015.0505 0.0000
40806.7135 0.0000
40991.2522 0.0000
41277.2149 0.0000
41206.2459 0.0000
41090.0108 0.0000
41973.8414 0.0000
42609.9853 0.0000
41951.3209 0.0000
43475.9847 0.0000
42164.2382 0.0000
43613.3479 0.0000
43184.7103 0.0000
43749.2107 0.0000
43970.0477 0.0000
44070.8626 0.0000
43653.9346 0.0000
43617.6231 0.0000
43694.4208 0.0000
44755.2155 0.0000
45706.3512 0.0000
45216.9422 0.0000
45763.0225 0.0000
46015.8852 0.0000
45904.7551 0.0000
47086.8442 0.0000
47770.8784 0.0000
47320.6344 0.0000
47723.0568 0.0000
48703.7498 0.0000
48041.0773 0.0000
48884.0159 0.0000
48838.4379 0.0000
48823.3087 0.0000
49309.4620 0.0000
49524.9823 0.0000
48675.1138 0.0000
48922.9901 0.0000
49911.1137 0.0000
50694.7095 0.0000
51266.7610 0.0000
51754.1176 0.0000
51804.5292 0.0000
51846.7836 0.0000
51324.3132 0.0000
51327.0633 0.0000
52073.5594 0.0000
52771.2951 0.0000
53287.2007 0.0000
51873.9519 0.0000
52475.3826 0.0000
53012.0191 0.0000
52485.2808 0.0000
53518.8140 0.0000
54475.2184 0.0000
54100.5602 0.0000
54728.1534 0.0000
53542.4447 0.0000
54577.8176 0.0000
55758.5470 0.0000
55599.0923 0.0000
56786.9461 0.0000
57398.3971 0.0000
57339.9058 0.0000
57654.1256 0.0000
58183.8988 0.0000
57524.9990 0.0000
59025.8651 0.0000
57930.9013 0.0000
60087.3800 0.0000
60242.1072 0.0000
60628.7633 0.0000
60620.1330 0.0000
61046.9867 0.0000
61398.1756 0.0000
63301.9231 0.0000
63586.5926 0.0000
64213.1281 0.0000
63506.1010 0.0000
64247.1695 0.0000
65145.9423 0.0000
65245.7291 0.0000
64415.4631 0.0000
65779.6166 0.0000
65788.9460 0.0000
65814.4288 0.0000
65846.0158 0.0000
66745.4853 0.0000
66944.5219 0.0000
66943.9005 0.0000
67768.9400 0.0000
69750.7426 0.0000
69377.7464 0.0000
69907.8029 0.0000
69583.0208 0.0000
69325.1366 0.0000
71123.9337 0.0000
70087.7196 0.0000
71537.7373 0.0000
71778.1115 0.0000
71833.4979 0.0000
72315.3116 0.0000
72196.4515 0.0000
72708.5655 0.0000
71791.0463 0.0000
71897.1181 0.0000
71977.2318 0.0000
74068.2778 0.0000
74351.7618 0.0000
74510.9890 0.0000
75227.3878 0.0000
75336.6290 0.0000
75387.5664 0.0000
75452.2020 0.0000
75494.2779 0.0000
75213.7355 0.0000
75547.7359 0.0000
76205.6121 0.0000
76977.8547 0.0000
77220.4854 0.0000
76540.9188 0.0000
77968.3262 0.0000
78022.0474 0.0000
78100.8676 0.0000
77752.3476 0.0000
78333.6236 0.0000
79463.6682 0.0000
79422.8455 0.0000
79396.1370 0.0000
78978.2425 0.0000
80226.1860 0.0000
80287.1044 0.0000
80084.3103 0.0000
80440.0391 0.0000
80513.1256 0.0000
79678.3596 0.0000
80701.9210 0.0000
80126.0943 0.0000
80346.6728 0.0000
80825.8867 0.0000
80031.8879 0.0000
80113.8685 0.0000
80732.7767 0.0000
81684.3898 0.0000
81139.4432 0.0000
82561.1468 0.0000
82486.1165 0.0000
82892.2594 0.0000
82651.5386 0.0000
82746.3707 0.0000
82542.0837 0.0000
82225.7811 0.0000
83273.6634 0.0000
82913.2694 0.0000
84175.3492 0.0000
84580.0982 0.0000
84503.7485 0.0000
85389.0593 0.0000
86298.3415 0.0000
85603.1498 0.0000
86378.9464 0.0000
86205.4753 0.0000
86939.7381 0.0000
88349.5366 0.0000
88305.2233 0.0000
88571.9901 0.0000
89106.0457 0.0000
88747.3756 0.0000
89283.3825 0.0000
89837.0612 0.0000
90833.1822 0.0000
91496.1178 0.0000
91319.2292 0.0000
92231.3426 0.0000
91369.7301 0.0000
91293.4293 0.0000
92623.2951 0.0000
92662.5066 0.0000
92554.7989 0.0000
92208.5518 0.0000
92967.9508 0.0000
92712.6547 0.0000
92812.9786 0.0000
91751.6647 0.0000
93544.6552 0.0000
93434.5400 0.0000
93854.5318 0.0000
93251.8373 0.0000
94113.3519 0.0000
93807.1497 0.0000
93829.3720 0.0000
93933.9344 0.0000
92962.9528 0.0000
93592.8754 0.0000
93810.8835 0.0000
93794.0681 0.0000
94421.1508 0.0000
94066.2395 0.0000
93784.5370 0.0000
94574.7181 0.0000
95535.2678 0.0000
95628.6088 0.0000
95655.4847 0.0000
95526.0482 0.0000
95502.5638 0.0000
95178.2259 0.0000
95830.7055 0.0000
95941.9575 0.0000
95741.4209 0.0000
95407.6186 0.0000
95566.6227 0.0000
96115.3302 0.0000
95989.4089 0.0000
95566.9241 0.0000
97115.5026 0.0000
97452.5104 0.0000
96921.1392 0.0000
98255.9304 0.0000
98466.8076 0.0000
98350.8276 0.0000
98060.0097 0.0000
98161.2814 0.0000
99179.0351 0.0000
97682.4260 0.0000
98990.6035 0.0000
98582.0801 0.0000
98153.6542 0.0000
98899.4003 0.0000
98919.8817 0.0000
99281.9793 0.0000
99185.3207 0.0000
98192.6343 0.0000
99462.4777 0.0000
100035.1134 0.0000
97556.1981 0.0000
99821.3915 0.0000
100206.1266 0.0000
100100.1077 0.0000
100678.6502 0.0000
100961.3249 0.0000
101524.1600 0.0000
101613.1537 0.0000
101357.5564 0.0000
100435.9281 0.0000
101599.2322 0.0000
101327.7653 0.0000
101553.7862 0.0000
101478.8846 0.0000
101683.0057 0.0000
102927.0898 0.0000
102790.2645 0.0000
102558.1949 0.0000
102363.8175 0.0000
103646.8980 0.0000
104381.2875 0.0000
102611.1824 0.0000
103892.4417 0.0000
103406.8252 0.0000
103902.2077 0.0000
103781.5011 0.0000
103571.4530 0.0000
104440.2908 0.0000
104527.2860 0.0000
105423.9137 0.0000
105707.7108 0.0000
105930.2515 0.0000
106045.4563 0.0000
105854.0066 0.0000
106108.1303 0.0000
106633.5791 0.0000
107290.4503 0.0000
106710.2595 0.0000
106982.0801 0.0000
106580.0013 0.0000
107756.7677 0.0000
106807.8620 0.0000
108047.2138 0.0000
108235.9672 0.0000
108485.3222 0.0000
108870.4869 0.0000
108643.1604 0.0000
108565.4659 0.0000
108502.3336 0.0000
108591.5470 0.0000
108218.7822 0.0000
109152.3528 0.0000
108790.6873 0.0000
109272.1177 0.0000
110472.6892 0.0000
109575.6606 0.0000
111951.4889 0.0000
111490.0187 0.0000
112310.1260 0.0000
113570.0703 0.0000
113928.4973 0.0000
113358.7974 0.0000
113944.5093 0.0000
112827.8242 0.0000
113725.0756 0.0000
113933.4688 0.0000
114201.2991 0.0000
114470.7568 0.0000
114632.2517 0.0000
114966.1307 0.0000
114601.2330 0.0000
115104.2473 0.0000
114677.6384 0.0000
115553.1165 0.0000
114233.2416 0.0000
116453.6875 0.0000
116570.1830 0.0000
116337.0827 0.0000
116661.7073 0.0000
116682.3543 0.0000
117081.1345 0.0000
117829.6542 0.0000
117989.2848 0.0000
117518.7913 0.0000
117033.2054 0.0000
118591.3489 0.0000
118742.9628 0.0000
118268.6880 0.0000
118258.5670 0.0000
119409.1060 0.0000
120083.2526 0.0000
119227.3356 0.0000
119445.1554 0.0000
120273.2769 0.0000
120346.3617 0.0000
119247.4061 0.0000
121210.1826 0.0000
121473.2776 0.0000
120575.2633 0.0000
