-100.0000 -100.0000
2138.4426 0.0000
3047.9827 0.0000
3431.9545 0.0000
2954.6074 0.0000
3994.6358 0.0000
4379.3586 0.0000
4790.4260 0.0000
5216.0938 0.0000
5243.9193 0.0000
4961.0159 0.0000
6118.1843 0.0000
6793.5119 0.0000
6986.2221 0.0000
7309.3244 0.0000
6991.3405 0.0000
6822.4696 0.0000
7244.2817 0.0000
7260.4442 0.0000
7249.9858 0.0000
7295.9295 0.0000
7084.7466 0.0000
8386.9191 0.0000
7906.1270 0.0000
8830.2540 0.0000
9013.7516 0.0000
9159.0100 0.0000
8489.0946 0.0000
8091.3010 0.0000
8561.5731 0.0000
9120.6717 0.0000
9436.5984 0.0000
9219.3038 0.0000
9027.8487 0.0000
9404.2547 0.0000
9945.0031 0.0000
9494.2408 0.0000
10318.5725 0.0000
9552.3258 0.0000
9539.6651 0.0000
10175.3333 0.0000
10952.4547 0.0000
11480.1149 0.0000
11037.9069 0.0000
10749.2425 0.0000
11936.2975 0.0000
11807.9502 0.0000
11757.8519 0.0000
12056.7541 0.0000
11574.4399 0.0000
12271.9677 0.0000
11136.0089 0.0000
12815.8020 0.0000
13355.4696 0.0000
12937.1040 0.0000
13455.9350 0.0000
14140.3753 0.0000
14183.4374 0.0000
14206.4966 0.0000
14626.9467 0.0000
15049.4398 0.0000
15781.7693 0.0000
16117.5448 0.0000
16745.5871 0.0000
16751.7030 0.0000
17034.4997 0.0000
17139.5533 0.0000
17151.6087 0.0000
17404.7278 0.0000
17286.1253 0.0000
17505.7799 0.0000
17898.6620 0.0000
17993.4714 0.0000
17392.3737 0.0000
17794.5726 0.0000
17772.8502 0.0000
17594.5380 0.0000
16390.7001 0.0000
17676.8221 0.0000
18057.4032 0.0000
19015.1845 0.0000
18250.8033 0.0000
18774.6527 0.0000
19357.2864 0.0000
18865.2840 0.0000
19254.9239 0.0000
19133.4686 0.0000
19283.6082 0.0000
19307.3978 0.0000
18323.7685 0.0000
18795.9509 0.0000
19037.0402 0.0000
19077.3071 0.0000
19126.3311 0.0000
19909.3157 0.0000
20092.6499 0.0000
20108.7743 0.0000
19356.1318 0.0000
20377.6834 0.0000
20002.3141 0.0000
20685.6680 0.0000
21421.8847 0.0000
20645.3437 0.0000
22174.7933 0.0000
21676.4047 0.0000
21876.3517 0.0000
22073.0766 0.0000
21882.6997 0.0000
22683.2684 0.0000
22243.6707 0.0000
22597.0949 0.0000
22990.2664 0.0000
21861.0682 0.0000
23117.8738 0.0000
23007.6066 0.0000
22822.6006 0.0000
22952.6251 0.0000
23047.7083 0.0000
22431.5629 0.0000
22645.0779 0.0000
22949.9578 0.0000
22664.2998 0.0000
23420.4539 0.0000
23262.7724 0.0000
23380.5481 0.0000
24141.4888 0.0000
24280.1159 0.0000
24791.0650 0.0000
24673.5664 0.0000
24384.7179 0.0000
24714.9690 0.0000
24646.2774 0.0000
24969.7754 0.0000
24356.9089 0.0000
24378.4103 0.0000
25886.0352 0.0000
25950.5975 0.0000
26933.4725 0.0000
25859.6675 0.0000
26470.4892 0.0000
26930.0694 0.0000
26644.6707 0.0000
26380.4110 0.0000
27152.9808 0.0000
27807.6466 0.0000
29505.9385 0.0000
29792.2261 0.0000
30298.3398 0.0000
29664.1117 0.0000
30169.7119 0.0000
29962.9890 0.0000
29065.0603 0.0000
30132.8178 0.0000
30543.1058 0.0000
31343.6318 0.0000
30475.5303 0.0000
31190.8995 0.0000
31537.8112 0.0000
31389.2748 0.0000
31867.4119 0.0000
31874.7440 0.0000
31422.6056 0.0000
32261.2525 0.0000
32776.9819 0.0000
32478.5867 0.0000
33209.7623 0.0000
32640.2684 0.0000
32983.3202 0.0000
33632.7494 0.0000
33784.1330 0.0000
34018.7183 0.0000
33960.4999 0.0000
33865.1482 0.0000
34590.1857 0.0000
35112.0370 0.0000
34571.7113 0.0000
35822.4469 0.0000
34746.3749 0.0000
35935.1309 0.0000
35583.5042 0.0000
36046.5839 0.0000
36227.7443 0.0000
36310.4463 0.0000
35968.4255 0.0000
35938.6380 0.0000
36001.6378 0.0000
36871.8452 0.0000
37652.0954 0.0000
37250.6159 0.0000
37698.5849 0.0000
37906.0171 0.0000
37814.8531 0.0000
38784.5626 0.0000
39345.7001 0.0000
38976.3490 0.0000
39306.4703 0.0000
40110.9675 0.0000
39567.3538 0.0000
40258.8461 0.0000
40221.4569 0.0000
40209.0459 0.0000
40607.8546 0.0000
40784.6536 0.0000
40087.4763 0.0000
40290.8180 0.0000
41101.4108 0.0000
41744.2221 0.0000
42213.4961 0.0000
42613.2921 0.0000
42654.6464 0.0000
42689.3092 0.0000
42260.7083 0.0000
42262.9643 0.0000
42875.3414 0.0000
43447.7187 0.0000
43870.9343 0.0000
42711.5963 0.0000
43204.9712 0.0000
43645.1931 0.0000
43213.0911 0.0000
44060.9349 0.0000
44845.5072 0.0000
44538.1619 0.0000
45052.9987 0.0000
44080.3200 0.0000
44929.6730 0.0000
45898.2671 0.0000
45767.4607 0.0000
46741.8992 0.0000
47243.4941 0.0000
47195.5116 0.0000
47453.2772 0.0000
47887.8689 0.0000
47347.3501 0.0000
48578.5636 0.0000
47680.3261 0.0000
49449.3618 0.0000
49576.2900 0.0000
49893.4777 0.0000
49886.3979 0.0000
50236.5611 0.0000
50524.6538 0.0000
52086.3652 0.0000
52319.8896 0.0000
52833.8588 0.0000
52253.8595 0.0000
52861.7842 0.0000
53599.0793 0.0000
53680.9379 0.0000
52999.8414 0.0000
54118.9047 0.0000
54126.5580 0.0000
54147.4624 0.0000
54173.3743 0.0000
54911.2409 0.0000
55074.5177 0.0000
55074.0080 0.0000
55750.8171 0.0000
57376.5598 0.0000
57070.5778 0.0000
57505.4019 0.0000
57238.9717 0.0000
57027.4201 0.0000
58503.0370 0.0000
57652.9939 0.0000
58842.4947 0.0000
59039.6822 0.0000
59085.1176 0.0000
59480.3664 0.0000
59382.8613 0.0000
59802.9665 0.0000
59050.2930 0.0000
59137.3075 0.0000
59203.0276 0.0000
60918.3866 0.0000
61150.9385 0.0000
61281.5583 0.0000
61869.2455 0.0000
61958.8599 0.0000
62000.6456 0.0000
62053.6685 0.0000
62088.1849 0.0000
61858.0460 0.0000
62132.0384 0.0000
62671.7175 0.0000
63305.2154 0.0000
63504.2540 0.0000
62946.7814 0.0000
64117.7342 0.0000
64161.8035 0.0000
64226.4626 0.0000
63940.5593 0.0000
64417.4005 0.0000
65344.4161 0.0000
65310.9277 0.0000
65289.0179 0.0000
64946.2042 0.0000
65969.9364 0.0000
66019.9099 0.0000
65853.5507 0.0000
66145.3676 0.0000
80705.1928 0.0000
79870.4269 0.0000
80893.9882 0.0000
80318.1615 0.0000
80538.7401 0.0000
81017.9539 0.0000
80223.9551 0.0000
80305.9358 0.0000
80924.8440 0.0000
81876.4570 0.0000
81331.5104 0.0000
82753.2140 0.0000
82678.1837 0.0000
83084.3266 0.0000
82843.6058 0.0000
82938.4380 0.0000
82734.1510 0.0000
82417.8484 0.0000
83465.7307 0.0000
83105.3366 0.0000
84367.4164 0.0000
84772.1655 0.0000
84695.8157 0.0000
85581.1265 0.0000
86490.4088 0.0000
85795.2170 0.0000
86571.0136 0.0000
86397.5425 0.0000
87131.8054 0.0000
88541.6039 0.0000
88497.2905 0.0000
88764.0573 0.0000
89298.1129 0.0000
88939.4428 0.0000
89475.4498 0.0000
90029.1285 0.0000
91025.2494 0.0000
91688.1851 0.0000
91511.2964 0.0000
92423.4099 0.0000
91561.7974 0.0000
91485.4966 0.0000
92815.3623 0.0000
92854.5738 0.0000
92746.8662 0.0000
92400.6190 0.0000
93160.0181 0.0000
92904.7219 0.0000
93005.0459 0.0000
91943.7319 0.0000
93736.7225 0.0000
93626.6072 0.0000
94046.5991 0.0000
93443.9045 0.0000
94305.4192 0.0000
93999.2169 0.0000
94021.4392 0.0000
94126.0016 0.0000
93155.0201 0.0000
93784.9426 0.0000
94002.9507 0.0000
93986.1353 0.0000
94613.2180 0.0000
94258.3067 0.0000
93976.6042 0.0000
94766.7853 0.0000
95727.3350 0.0000
95820.6761 0.0000
95847.5519 0.0000
95718.1154 0.0000
95694.6311 0.0000
95370.2932 0.0000
96022.7727 0.0000
96134.0248 0.0000
95933.4881 0.0000
95599.6859 0.0000
95758.6899 0.0000
96307.3974 0.0000
96181.4761 0.0000
95758.9913 0.0000
97307.5699 0.0000
97644.5776 0.0000
97113.2065 0.0000
98447.9977 0.0000
98658.8749 0.0000
98542.8948 0.0000
98252.0769 0.0000
98353.3486 0.0000
99371.1023 0.0000
97874.4932 0.0000
99182.6707 0.0000
98774.1474 0.0000
98345.7214 0.0000
99091.4675 0.0000
99111.9489 0.0000
99474.0466 0.0000
99377.3880 0.0000
98384.7015 0.0000
99654.5449 0.0000
100227.1806 0.0000
97748.2653 0.0000
100013.4587 0.0000
100398.1938 0.0000
100292.1749 0.0000
100870.7174 0.0000
101153.3921 0.0000
101716.2272 0.0000
101805.2209 0.0000
101549.6236 0.0000
100627.9953 0.0000
101791.2995 0.0000
101519.8325 0.0000
101745.8534 0.0000
101670.9518 0.0000
101875.0730 0.0000
103119.1570 0.0000
102982.3318 0.0000
102750.2621 0.0000
102555.8847 0.0000
103838.9653 0.0000
104573.3547 0.0000
102803.2496 0.0000
104084.5089 0.0000
103598.8924 0.0000
104094.2749 0.0000
103973.5683 0.0000
103763.5202 0.0000
104632.3581 0.0000
104719.3532 0.0000
105615.9809 0.0000
105899.7780 0.0000
106122.3187 0.0000
106237.5235 0.0000
106046.0738 0.0000
106300.1976 0.0000
106825.6464 0.0000
107482.5176 0.0000
106902.3267 0.0000
107174.1473 0.0000
106772.0685 0.0000
107948.8349 0.0000
106999.9293 0.0000
108239.2810 0.0000
108428.0345 0.0000
108677.3895 0.0000
109062.5542 0.0000
108835.2276 0.0000
108757.5331 0.0000
108694.4009 0.0000
108783.6142 0.0000
108410.8494 0.0000
109344.4200 0.0000
108982.7545 0.0000
109464.1849 0.0000
110664.7564 0.0000
109767.7278 0.0000
112143.5562 0.0000
111682.0859 0.0000
112502.1932 0.0000
113762.1376 0.0000
114120.5645 0.0000
113550.8646 0.0000
114136.5765 0.0000
113019.8914 0.0000
113917.1428 0.0000
114125.5361 0.0000
114393.3663 0.0000
114662.8241 0.0000
114824.3190 0.0000
115158.1979 0.0000
114793.3003 0.0000
115296.3145 0.0000
114869.7056 0.0000
115745.1837 0.0000
114425.3088 0.0000
116645.7547 0.0000
116762.2502 0.0000
116529.1499 0.0000
116853.7746 0.0000
116874.4215 0.0000
117273.2017 0.0000
118021.7215 0.0000
118181.3520 0.0000
117710.8586 0.0000
117225.2726 0.0000
118783.4161 0.0000
118935.0300 0.0000
118460.7552 0.0000
118450.6342 0.0000
119601.1733 0.0000
120275.3198 0.0000
119419.4028 0.0000
119637.2226 0.0000
120465.3442 0.0000
120538.4289 0.0000
119439.4733 0.0000
121402.2498 0.0000
121665.3448 0.0000
120767.3305 0.0000
