-100.0000 -100.0000
1555.4082 0.0000
2231.0149 0.0000
2516.5855 0.0000
2161.9152 0.0000
2934.7102 0.0000
3220.5793 0.0000
3525.9697 0.0000
3842.2200 0.0000
3862.8656 0.0000
3652.6631 0.0000
4512.3893 0.0000
5014.1665 0.0000
5157.3485 0.0000
5397.4066 0.0000
5161.1246 0.0000
5035.7122 0.0000
5349.1069 0.0000
5361.1185 0.0000
5353.3200 0.0000
5387.4436 0.0000
5230.5434 0.0000
6198.0762 0.0000
5840.8656 0.0000
6527.4767 0.0000
6663.8151 0.0000
6771.7563 0.0000
6274.0162 0.0000
5978.4529 0.0000
6327.8634 0.0000
6743.2708 0.0000
6978.0059 0.0000
6816.5606 0.0000
6674.3084 0.0000
6953.9748 0.0000
7355.7430 0.0000
7020.8267 0.0000
7633.3033 0.0000
7063.9860 0.0000
7054.5741 0.0000
7526.8816 0.0000
8104.2764 0.0000
8496.3294 0.0000
8167.7687 0.0000
7953.2938 0.0000
8835.2707 0.0000
8739.9061 0.0000
8702.6837 0.0000
8924.7685 0.0000
8566.4107 0.0000
9084.6721 0.0000
8240.6580 0.0000
9488.7397 0.0000
9889.7112 0.0000
9578.8659 0.0000
9964.3582 0.0000
10472.8954 0.0000
10504.8901 0.0000
10522.0233 0.0000
10834.4176 0.0000
11148.3297 0.0000
11692.4478 0.0000
11941.9272 0.0000
12408.5607 0.0000
12413.1045 0.0000
12623.2215 0.0000
12701.2762 0.0000
12710.2333 0.0000
12898.3001 0.0000
12810.1789 0.0000
12973.3815 0.0000
13265.2917 0.0000
13335.7347 0.0000
12889.1210 0.0000
13187.9535 0.0000
13171.8139 0.0000
13039.3284 0.0000
12144.8807 0.0000
13100.4654 0.0000
13383.2359 0.0000
14094.8647 0.0000
13526.9318 0.0000
13916.1502 0.0000
14349.0454 0.0000
13983.4890 0.0000
14272.9903 0.0000
14182.7494 0.0000
14294.3027 0.0000
14311.9783 0.0000
13581.1445 0.0000
13931.9747 0.0000
14111.1033 0.0000
14141.0216 0.0000
14177.4462 0.0000
14759.2015 0.0000
14895.4183 0.0000
14907.3986 0.0000
14348.1876 0.0000
15107.1973 0.0000
14828.2991 0.0000
15336.0290 0.0000
15883.0359 0.0000
15306.0681 0.0000
16442.4448 0.0000
16072.1435 0.0000
16220.7036 0.0000
16366.8695 0.0000
16225.4201 0.0000
16820.2403 0.0000
16493.6205 0.0000
16756.2136 0.0000
17048.3389 0.0000
16209.3479 0.0000
17143.1509 0.0000
17061.2226 0.0000
16923.7637 0.0000
17020.3716 0.0000
17091.0181 0.0000
16633.2238 0.0000
16791.8649 0.0000
17018.3898 0.0000
16806.1467 0.0000
17367.9670 0.0000
17250.8101 0.0000
17338.3172 0.0000
17903.6939 0.0000
18006.6934 0.0000
18386.3271 0.0000
18299.0260 0.0000
18084.4124 0.0000
18329.7880 0.0000
18278.7503 0.0000
18519.1085 0.0000
18063.7504 0.0000
18079.7258 0.0000
19199.8868 0.0000
19247.8565 0.0000
19978.1297 0.0000
19180.2957 0.0000
19634.1345 0.0000
19975.6013 0.0000
19763.5508 0.0000
19567.2066 0.0000
20141.2238 0.0000
20627.6386 0.0000
21889.4647 0.0000
22102.1755 0.0000
22478.2165 0.0000
22006.9869 0.0000
22382.6464 0.0000
22229.0518 0.0000
21561.8934 0.0000
22355.2342 0.0000
22660.0770 0.0000
23254.8655 0.0000
22609.8686 0.0000
23141.3858 0.0000
23399.1403 0.0000
23288.7782 0.0000
23644.0326 0.0000
23649.4804 0.0000
23313.5428 0.0000
23936.6551 0.0000
24319.8405 0.0000
24098.1338 0.0000
24641.3952 0.0000
24218.2628 0.0000
24473.1494 0.0000
24955.6734 0.0000
25068.1510 0.0000
25242.4472 0.0000
25199.1911 0.0000
25128.3450 0.0000
25667.0458 0.0000
26054.7798 0.0000
25653.3194 0.0000
26582.6124 0.0000
25783.0939 0.0000
26666.3362 0.0000
26405.0787 0.0000
26749.1455 0.0000
26883.7472 0.0000
26945.1945 0.0000
26691.0740 0.0000
26668.9420 0.0000
26715.7507 0.0000
27362.3123 0.0000
27942.0360 0.0000
27643.7378 0.0000
27976.5775 0.0000
28130.6991 0.0000
28062.9645 0.0000
28783.4559 0.0000
29200.3794 0.0000
28925.9526 0.0000
29171.2318 0.0000
29768.9709 0.0000
29365.0675 0.0000
29878.8443 0.0000
29851.0642 0.0000
29841.8429 0.0000
30138.1566 0.0000
30269.5177 0.0000
29751.5170 0.0000
29902.5993 0.0000
30504.8674 0.0000
30982.4744 0.0000
31331.1437 0.0000
31628.1909 0.0000
31658.9171 0.0000
31684.6715 0.0000
31366.2222 0.0000
31367.8984 0.0000
31822.8928 0.0000
32248.1675 0.0000
32562.6155 0.0000
31701.2307 0.0000
32067.8068 0.0000
32394.8905 0.0000
32073.8399 0.0000
32703.7854 0.0000
33286.7204 0.0000
33058.3637 0.0000
33440.8860 0.0000
32718.1885 0.0000
33349.2553 0.0000
34068.9180 0.0000
33971.7292 0.0000
34695.7342 0.0000
35068.4178 0.0000
35032.7669 0.0000
35224.2861 0.0000
35547.1864 0.0000
35145.5825 0.0000
36060.3707 0.0000
35392.9827 0.0000
36707.3712 0.0000
36801.6785 0.0000
37037.3480 0.0000
37032.0878 0.0000
37292.2580 0.0000
37506.3101 0.0000
38666.6572 0.0000
38840.1652 0.0000
39222.0428 0.0000
38791.1050 0.0000
39242.7913 0.0000
39790.5995 0.0000
39851.4202 0.0000
39345.3674 0.0000
40176.8283 0.0000
40182.5146 0.0000
40198.0466 0.0000
40217.2990 0.0000
40765.5318 0.0000
40886.8460 0.0000
40886.4673 0.0000
41389.7132 0.0000
42597.6354 0.0000
42370.2917 0.0000
42693.3648 0.0000
42495.4078 0.0000
42338.2257 0.0000
43434.6048 0.0000
42803.0252 0.0000
43686.8209 0.0000
43833.3306 0.0000
43867.0890 0.0000
44160.7577 0.0000
44088.3117 0.0000
44400.4487 0.0000
43841.2144 0.0000
43905.8659 0.0000
43954.6958 0.0000
45229.2026 0.0000
45401.9880 0.0000
45499.0381 0.0000
45935.6881 0.0000
46002.2713 0.0000
46033.3180 0.0000
46072.7138 0.0000
46098.3594 0.0000
45927.3669 0.0000
46130.9424 0.0000
46531.9225 0.0000
47002.6096 0.0000
47150.4947 0.0000
46736.2942 0.0000
47606.3087 0.0000
47639.0521 0.0000
47687.0936 0.0000
47474.6683 0.0000
47828.9600 0.0000
48517.7299 0.0000
48492.8481 0.0000
48476.5692 0.0000
48221.8596 0.0000
48982.4897 0.0000
49019.6199 0.0000
48896.0155 0.0000
49112.8346 0.0000
80651.0758 0.0000
79816.3099 0.0000
80839.8713 0.0000
80264.0445 0.0000
80484.6231 0.0000
80963.8369 0.0000
80169.8381 0.0000
80251.8188 0.0000
80870.7270 0.0000
81822.3400 0.0000
81277.3935 0.0000
82699.0970 0.0000
82624.0667 0.0000
83030.2096 0.0000
82789.4888 0.0000
82884.3210 0.0000
82680.0340 0.0000
82363.7314 0.0000
83411.6137 0.0000
83051.2196 0.0000
84313.2995 0.0000
84718.0485 0.0000
84641.6987 0.0000
85527.0095 0.0000
86436.2918 0.0000
85741.1000 0.0000
86516.8966 0.0000
86343.4255 0.0000
87077.6884 0.0000
88487.4869 0.0000
88443.1735 0.0000
88709.9403 0.0000
89243.9959 0.0000
88885.3258 0.0000
89421.3328 0.0000
89975.0115 0.0000
90971.1324 0.0000
91634.0681 0.0000
91457.1795 0.0000
92369.2929 0.0000
91507.6804 0.0000
91431.3796 0.0000
92761.2453 0.0000
92800.4568 0.0000
92692.7492 0.0000
92346.5020 0.0000
93105.9011 0.0000
92850.6049 0.0000
92950.9289 0.0000
91889.6149 0.0000
93682.6055 0.0000
93572.4902 0.0000
93992.4821 0.0000
93389.7875 0.0000
94251.3022 0.0000
93945.0999 0.0000
93967.3222 0.0000
94071.8846 0.0000
93100.9031 0.0000
93730.8256 0.0000
93948.8337 0.0000
93932.0183 0.0000
94559.1010 0.0000
94204.1897 0.0000
93922.4872 0.0000
94712.6683 0.0000
95673.2181 0.0000
95766.5591 0.0000
95793.4349 0.0000
95663.9984 0.0000
95640.5141 0.0000
95316.1762 0.0000
95968.6557 0.0000
96079.9078 0.0000
95879.3711 0.0000
95545.5689 0.0000
95704.5729 0.0000
96253.2804 0.0000
96127.3591 0.0000
95704.8743 0.0000
97253.4529 0.0000
97590.4606 0.0000
97059.0895 0.0000
98393.8807 0.0000
98604.7579 0.0000
98488.7778 0.0000
98197.9599 0.0000
98299.2316 0.0000
99316.9853 0.0000
97820.3762 0.0000
99128.5537 0.0000
98720.0304 0.0000
98291.6044 0.0000
99037.3505 0.0000
99057.8319 0.0000
99419.9296 0.0000
99323.2710 0.0000
98330.5845 0.0000
99600.4279 0.0000
100173.0636 0.0000
97694.1483 0.0000
99959.3417 0.0000
100344.0768 0.0000
100238.0579 0.0000
100816.6004 0.0000
101099.2751 0.0000
101662.1102 0.0000
101751.1039 0.0000
101495.5066 0.0000
100573.8783 0.0000
101737.1825 0.0000
101465.7156 0.0000
101691.7364 0.0000
101616.8348 0.0000
101820.9560 0.0000
103065.0400 0.0000
102928.2148 0.0000
102696.1451 0.0000
102501.7677 0.0000
103784.8483 0.0000
104519.2377 0.0000
102749.1326 0.0000
104030.3919 0.0000
103544.7754 0.0000
104040.1579 0.0000
103919.4513 0.0000
103709.4032 0.0000
104578.2411 0.0000
104665.2362 0.0000
105561.8639 0.0000
105845.6610 0.0000
106068.2017 0.0000
106183.4065 0.0000
105991.9569 0.0000
106246.0806 0.0000
106771.5294 0.0000
107428.4006 0.0000
106848.2097 0.0000
107120.0303 0.0000
106717.9515 0.0000
107894.7179 0.0000
106945.8123 0.0000
108185.1640 0.0000
108373.9175 0.0000
108623.2725 0.0000
109008.4372 0.0000
108781.1106 0.0000
108703.4161 0.0000
108640.2839 0.0000
108729.4973 0.0000
108356.7324 0.0000
109290.3030 0.0000
108928.6375 0.0000
109410.0679 0.0000
110610.6394 0.0000
109713.6108 0.0000
112089.4392 0.0000
111627.9689 0.0000
112448.0762 0.0000
113708.0206 0.0000
114066.4475 0.0000
113496.7477 0.0000
114082.4596 0.0000
112965.7744 0.0000
113863.0258 0.0000
114071.4191 0.0000
114339.2493 0.0000
114608.7071 0.0000
114770.2020 0.0000
115104.0809 0.0000
114739.1833 0.0000
115242.1975 0.0000
114815.5886 0.0000
115691.0667 0.0000
114371.1918 0.0000
116591.6377 0.0000
116708.1332 0.0000
116475.0329 0.0000
116799.6576 0.0000
116820.3046 0.0000
117219.0847 0.0000
117967.6045 0.0000
118127.2350 0.0000
117656.7416 0.0000
117171.1556 0.0000
118729.2991 0.0000
118880.9130 0.0000
118406.6382 0.0000
118396.5172 0.0000
119547.0563 0.0000
120221.2028 0.0000
119365.2858 0.0000
119583.1056 0.0000
120411.2272 0.0000
120484.3119 0.0000
119385.3563 0.0000
121348.1328 0.0000
121611.2278 0.0000
120713.2135 0.0000
