1.0000 500.0000 2.0000 10.0000 0.9000 0.1000 0.2249 0.1683 0.0000 0.2028 0.1518 0.0000 0.0000 1.8145 6.6605 Lazer_9 
1.0000 500.0000 2.0000 10.0000 0.9000 0.1000 0.2249 0.1683 0.0000 0.2028 0.1518 0.0000 0.0000 1.8145 6.6605 Lazer_9 
2.0000 500.0000 2.0000 10.0000 0.9000 0.1000 0.3018 0.0127 0.2773 0.3365 0.0223 0.2940 0.0000 7.0565 6.2412 Sunspot_1 
2.0000 500.0000 2.0000 10.0000 0.9000 0.1000 0.3018 0.0127 0.2773 0.3365 0.0223 0.2940 0.0000 7.0565 6.2412 Sunspot_1 
3.0000 500.0000 2.0000 10.0000 0.9000 0.1000 0.1541 0.0143 0.1353 0.1553 0.0142 0.1367 100.0000 8.8710 6.1602 Mackey_1 
3.0000 500.0000 2.0000 10.0000 0.9000 0.1000 0.1541 0.0143 0.1353 0.1553 0.0142 0.1367 100.0000 8.8710 6.1602 Mackey_1 
1.0000 2000.0000 2.0000 10.0000 0.9000 0.1000 0.3440 0.0210 0.3047 0.3082 0.0234 0.2639 0.0000 8.5500 28.0058 Lazer_11 
1.0000 2000.0000 2.0000 10.0000 0.9000 0.1000 0.3440 0.0210 0.3047 0.3082 0.0234 0.2639 0.0000 8.5500 28.0058 Lazer_11 
2.0000 2000.0000 2.0000 10.0000 0.9000 0.1000 0.3021 0.0084 0.2886 0.3397 0.0149 0.3163 0.0000 8.8500 32.1412 Sunspot_3 
2.0000 2000.0000 2.0000 10.0000 0.9000 0.1000 0.3021 0.0084 0.2886 0.3397 0.0149 0.3163 0.0000 8.8500 32.1412 Sunspot_3 
2.0000 5000.0000 2.0000 5.0000 0.9000 0.1000 0.2711 0.0100 0.2547 0.2709 0.0274 0.2266 0.0000 4.4800 73.7859 Sunspot_35 
2.0000 5000.0000 2.0000 5.0000 0.9000 0.1000 0.2711 0.0100 0.2547 0.2709 0.0274 0.2266 0.0000 4.4800 73.7859 Sunspot_35 
1.0000 10000.0000 2.0000 5.0000 0.5000 0.0100 0.0685 0.0192 0.0391 0.1016 0.0333 0.0510 0.0000 51.4900 87.9062 Lazer_23 
1.0000 10000.0000 2.0000 5.0000 0.5000 0.0100 0.0685 0.0192 0.0391 0.1016 0.0333 0.0510 0.0000 51.4900 87.9062 Lazer_23 
2.0000 10000.0000 2.0000 5.0000 0.5000 0.0100 0.0910 0.0192 0.0506 0.0496 0.0164 0.0229 0.0000 48.5500 85.3564 Sunspot_37 
2.0000 10000.0000 2.0000 5.0000 0.5000 0.0100 0.0910 0.0192 0.0506 0.0496 0.0164 0.0229 0.0000 48.5500 85.3564 Sunspot_37 
3.0000 10000.0000 2.0000 5.0000 0.5000 0.0100 0.0451 0.0109 0.0240 0.0462 0.0108 0.0254 0.0000 48.9800 82.3687 Mackey_5 
3.0000 10000.0000 2.0000 5.0000 0.5000 0.0100 0.0451 0.0109 0.0240 0.0462 0.0108 0.0254 0.0000 48.9800 82.3687 Mackey_5 
5.0000 10000.0000 2.0000 5.0000 0.5000 0.0100 0.0564 0.0077 0.0451 0.0509 0.0077 0.0391 0.0000 48.9500 85.4045 Rossler_1 
5.0000 10000.0000 2.0000 5.0000 0.5000 0.0100 0.0564 0.0077 0.0451 0.0509 0.0077 0.0391 0.0000 48.9500 85.4045 Rossler_1 
6.0000 10000.0000 2.0000 5.0000 0.5000 0.0100 0.0458 0.0096 0.0282 0.0442 0.0098 0.0248 0.0000 49.3100 82.3067 Henon_3 
6.0000 10000.0000 2.0000 5.0000 0.5000 0.0100 0.0458 0.0096 0.0282 0.0442 0.0098 0.0248 0.0000 49.3100 82.3067 Henon_3 
1.0000 4000.0000 2.0000 5.0000 0.5000 0.0100 0.0614 0.0135 0.0374 0.0900 0.0193 0.0580 0.0000 50.9250 39.4173 Lazer_27 
1.0000 4000.0000 2.0000 5.0000 0.5000 0.0100 0.0614 0.0135 0.0374 0.0900 0.0193 0.0580 0.0000 50.9250 39.4173 Lazer_27 
1.0000 2000.0000 2.0000 500.0000 0.5000 0.0100 0.3346 0.0158 0.2972 0.2978 0.0177 0.2554 0.0000 25.9500 15.6209 Lazer_49 
1.0000 2000.0000 2.0000 500.0000 0.5000 0.0100 0.3346 0.0158 0.2972 0.2978 0.0177 0.2554 0.0000 25.9500 15.6209 Lazer_49 
