0.4134 0.5398 0.4639 0.4783 0.5319 0.5578 0.4209 0.4279 0.5240 0.4353
0.4134 0.5398 0.4640 0.4783 0.5319 0.5577 0.4208 0.4281 0.5240 0.4355
0.4134 0.5397 0.4640 0.4783 0.5320 0.5577 0.4208 0.4281 0.5240 0.4355
0.4135 0.5398 0.4640 0.4783 0.5320 0.5577 0.4208 0.4281 0.5240 0.4355
0.4135 0.5398 0.4640 0.4782 0.5320 0.5576 0.4208 0.4280 0.5241 0.4355
0.4135 0.5398 0.4640 0.4783 0.5320 0.5577 0.4208 0.4281 0.5240 0.4355
0.4135 0.5398 0.4639 0.4783 0.5319 0.5577 0.4208 0.4280 0.5240 0.4354
0.4135 0.5398 0.4638 0.4783 0.5319 0.5578 0.4208 0.4278 0.5241 0.4353
0.4135 0.5400 0.4635 0.4783 0.5318 0.5579 0.4208 0.4275 0.5241 0.4350
0.4134 0.5401 0.4631 0.4783 0.5315 0.5581 0.4209 0.4271 0.5241 0.4346
0.4134 0.5402 0.4628 0.4784 0.5312 0.5583 0.4210 0.4268 0.5240 0.4343
0.4134 0.5403 0.4625 0.4785 0.5309 0.5585 0.4211 0.4266 0.5240 0.4340
0.4133 0.5404 0.4622 0.4786 0.5307 0.5588 0.4212 0.4262 0.5240 0.4336
0.4133 0.5407 0.4616 0.4787 0.5305 0.5590 0.4212 0.4255 0.5240 0.4330
0.4133 0.5410 0.4609 0.4788 0.5300 0.5594 0.4214 0.4247 0.5239 0.4323
0.4132 0.5412 0.4601 0.4789 0.5293 0.5598 0.4216 0.4240 0.5238 0.4316
0.4131 0.5416 0.4593 0.4792 0.5287 0.5604 0.4218 0.4232 0.5238 0.4306
0.4130 0.5421 0.4582 0.4794 0.5280 0.5610 0.4221 0.4220 0.5237 0.4294
0.4129 0.5426 0.4569 0.4796 0.5272 0.5617 0.4223 0.4206 0.5237 0.4280
0.4128 0.5432 0.4554 0.4799 0.5261 0.5625 0.4227 0.4191 0.5235 0.4265
0.4127 0.5437 0.4539 0.4802 0.5249 0.5633 0.4232 0.4177 0.5234 0.4250
0.4125 0.5443 0.4525 0.4806 0.5238 0.5642 0.4237 0.4164 0.5231 0.4234
0.4123 0.5449 0.4511 0.4811 0.5228 0.5650 0.4241 0.4149 0.5230 0.4217
0.4121 0.5456 0.4495 0.4814 0.5218 0.5658 0.4244 0.4133 0.5228 0.4199
0.4120 0.5462 0.4479 0.4818 0.5206 0.5666 0.4248 0.4117 0.5225 0.4182
0.4118 0.5469 0.4462 0.4823 0.5194 0.5674 0.4253 0.4101 0.5223 0.4164
0.4116 0.5476 0.4445 0.4828 0.5182 0.5682 0.4257 0.4086 0.5220 0.4145
0.4114 0.5483 0.4429 0.4832 0.5171 0.5689 0.4261 0.4070 0.5217 0.4126
0.4113 0.5489 0.4414 0.4837 0.5160 0.5696 0.4265 0.4057 0.5214 0.4109
0.4111 0.5494 0.4403 0.4842 0.5151 0.5700 0.4270 0.4047 0.5211 0.4095
0.4109 0.5498 0.4394 0.4847 0.5143 0.5704 0.4273 0.4041 0.5208 0.4085
0.4108 0.5501 0.4388 0.4850 0.5138 0.5708 0.4275 0.4036 0.5207 0.4076
0.4106 0.5505 0.4380 0.4853 0.5134 0.5712 0.4276 0.4027 0.5205 0.4066
0.4105 0.5510 0.4367 0.4855 0.5129 0.5716 0.4276 0.4014 0.5203 0.4052
0.4105 0.5518 0.4351 0.4857 0.5121 0.5720 0.4278 0.3998 0.5201 0.4035
0.4104 0.5523 0.4335 0.4862 0.5110 0.5725 0.4282 0.3985 0.5198 0.4019
0.4103 0.5528 0.4323 0.4868 0.5099 0.5728 0.4286 0.3978 0.5195 0.4006
0.4101 0.5531 0.4316 0.4874 0.5092 0.5730 0.4289 0.3973 0.5191 0.3995
0.4099 0.5533 0.4312 0.4878 0.5089 0.5733 0.4291 0.3971 0.5189 0.3988
0.4097 0.5536 0.4308 0.4880 0.5087 0.5734 0.4291 0.3967 0.5188 0.3981
0.4097 0.5539 0.4303 0.4881 0.5086 0.5735 0.4291 0.3961 0.5186 0.3975
0.4097 0.5541 0.4298 0.4882 0.5082 0.5736 0.4292 0.3957 0.5185 0.3970
0.4097 0.5542 0.4295 0.4884 0.5079 0.5736 0.4294 0.3955 0.5184 0.3967
0.4096 0.5542 0.4293 0.4886 0.5077 0.5737 0.4295 0.3956 0.5183 0.3965
0.4096 0.5542 0.4296 0.4887 0.5077 0.5736 0.4296 0.3959 0.5183 0.3965
0.4096 0.5539 0.4302 0.4887 0.5079 0.5734 0.4296 0.3965 0.5183 0.3971
0.4096 0.5535 0.4312 0.4885 0.5083 0.5732 0.4296 0.3974 0.5185 0.3981
0.4096 0.5531 0.4322 0.4883 0.5090 0.5730 0.4294 0.3983 0.5186 0.3991
0.4097 0.5528 0.4330 0.4879 0.5096 0.5729 0.4291 0.3988 0.5189 0.4000
0.4098 0.5527 0.4335 0.4875 0.5102 0.5727 0.4289 0.3989 0.5191 0.4006
0.4099 0.5525 0.4338 0.4872 0.5104 0.5725 0.4288 0.3991 0.5192 0.4011
0.4101 0.5523 0.4342 0.4870 0.5105 0.5723 0.4288 0.3996 0.5193 0.4018
0.4101 0.5519 0.4349 0.4870 0.5107 0.5722 0.4289 0.4005 0.5194 0.4026
0.4101 0.5515 0.4358 0.4869 0.5112 0.5720 0.4287 0.4013 0.5196 0.4034
0.4101 0.5513 0.4366 0.4866 0.5119 0.5717 0.4285 0.4018 0.5197 0.4042
0.4102 0.5510 0.4374 0.4862 0.5125 0.5714 0.4283 0.4024 0.5199 0.4051
0.4103 0.5506 0.4381 0.4859 0.5129 0.5712 0.4282 0.4030 0.5201 0.4060
0.4104 0.5503 0.4389 0.4857 0.5133 0.5709 0.4280 0.4038 0.5202 0.4070
0.4105 0.5500 0.4395 0.4855 0.5138 0.5707 0.4279 0.4044 0.5204 0.4077
0.4106 0.5498 0.4401 0.4852 0.5143 0.5704 0.4276 0.4048 0.5206 0.4083
0.4107 0.5495 0.4408 0.4849 0.5147 0.5701 0.4276 0.4053 0.5206 0.4091
0.4108 0.5490 0.4418 0.4847 0.5151 0.5697 0.4275 0.4065 0.5208 0.4104
0.4108 0.5485 0.4430 0.4846 0.5158 0.5694 0.4273 0.4077 0.5210 0.4116
0.4109 0.5481 0.4442 0.4843 0.5167 0.5690 0.4270 0.4087 0.5211 0.4128
0.4110 0.5478 0.4449 0.4839 0.5175 0.5687 0.4266 0.4092 0.5213 0.4136
0.4111 0.5477 0.4450 0.4836 0.5179 0.5685 0.4263 0.4090 0.5215 0.4139
0.4112 0.5479 0.4446 0.4833 0.5179 0.5685 0.4261 0.4085 0.5217 0.4137
0.4113 0.5480 0.4441 0.4833 0.5175 0.5686 0.4263 0.4082 0.5216 0.4135
0.4113 0.5480 0.4438 0.4835 0.5170 0.5687 0.4265 0.4082 0.5215 0.4133
0.4112 0.5480 0.4439 0.4837 0.5169 0.5688 0.4266 0.4083 0.5215 0.4131
0.4111 0.5480 0.4442 0.4837 0.5170 0.5687 0.4267 0.4085 0.5214 0.4132
0.4111 0.5478 0.4445 0.4837 0.5173 0.5686 0.4266 0.4088 0.5214 0.4136
0.4112 0.5477 0.4448 0.4836 0.5175 0.5685 0.4265 0.4090 0.5215 0.4139
0.4112 0.5477 0.4449 0.4835 0.5177 0.5685 0.4264 0.4091 0.5215 0.4140
0.4112 0.5477 0.4449 0.4834 0.5178 0.5684 0.4263 0.4090 0.5216 0.4141
0.4113 0.5477 0.4449 0.4834 0.5177 0.5683 0.4263 0.4090 0.5216 0.4142
0.4113 0.5475 0.4452 0.4833 0.5178 0.5682 0.4264 0.4095 0.5216 0.4145
0.4113 0.5472 0.4459 0.4833 0.5180 0.5680 0.4264 0.4103 0.5216 0.4152
0.4113 0.5468 0.4469 0.4832 0.5185 0.5677 0.4263 0.4113 0.5217 0.4161
0.4113 0.5465 0.4478 0.4830 0.5193 0.5673 0.4260 0.4120 0.5218 0.4170
0.4114 0.5463 0.4486 0.4827 0.5200 0.5669 0.4257 0.4126 0.5220 0.4179
0.4116 0.5460 0.4492 0.4824 0.5205 0.5665 0.4255 0.4131 0.5221 0.4187
0.4117 0.5456 0.4499 0.4821 0.5209 0.5661 0.4254 0.4139 0.5222 0.4196
0.4118 0.5452 0.4508 0.4820 0.5213 0.5658 0.4252 0.4149 0.5223 0.4206
0.4118 0.5449 0.4517 0.4818 0.5220 0.5654 0.4250 0.4158 0.5224 0.4215
0.4119 0.5446 0.4524 0.4816 0.5227 0.5650 0.4247 0.4163 0.5225 0.4222
0.4120 0.5444 0.4529 0.4813 0.5233 0.5646 0.4244 0.4167 0.5227 0.4229
0.4121 0.5443 0.4532 0.4811 0.5236 0.5644 0.4242 0.4170 0.5228 0.4233
0.4122 0.5441 0.4534 0.4810 0.5237 0.5642 0.4242 0.4173 0.5228 0.4237
0.4122 0.5439 0.4538 0.4809 0.5238 0.5640 0.4241 0.4178 0.5229 0.4242
0.4122 0.5438 0.4543 0.4809 0.5242 0.5638 0.4241 0.4183 0.5229 0.4246
0.4123 0.5435 0.4549 0.4808 0.5246 0.5635 0.4239 0.4189 0.5229 0.4252
0.4123 0.5433 0.4555 0.4806 0.5251 0.5632 0.4238 0.4195 0.5230 0.4259
0.4124 0.5431 0.4560 0.4805 0.5255 0.5629 0.4235 0.4199 0.5231 0.4265
0.4124 0.5430 0.4564 0.4803 0.5259 0.5626 0.4233 0.4202 0.5232 0.4269
0.4125 0.5428 0.4567 0.4802 0.5262 0.5624 0.4232 0.4205 0.5232 0.4272
0.4126 0.5427 0.4569 0.4801 0.5263 0.5623 0.4231 0.4207 0.5233 0.4275
0.4126 0.5426 0.4571 0.4800 0.5264 0.5621 0.4231 0.4210 0.5233 0.4279
0.4126 0.5424 0.4576 0.4800 0.5267 0.5619 0.4231 0.4216 0.5233 0.4283
0.4127 0.5421 0.4582 0.4799 0.5270 0.5616 0.4230 0.4222 0.5233 0.4289
0.4127 0.5420 0.4587 0.4798 0.5275 0.5613 0.4228 0.4227 0.5234 0.4295
0.4127 0.5418 0.4592 0.4796 0.5280 0.5610 0.4226 0.4231 0.5234 0.4300
0.4128 0.5416 0.4596 0.4795 0.5283 0.5607 0.4224 0.4235 0.5235 0.4304
0.4129 0.5415 0.4597 0.4794 0.5285 0.5606 0.4222 0.4236 0.5236 0.4306
0.4129 0.5416 0.4597 0.4793 0.5286 0.5605 0.4221 0.4235 0.5237 0.4307
0.4130 0.5415 0.4597 0.4793 0.5286 0.5604 0.4222 0.4236 0.5236 0.4308
0.4130 0.5414 0.4598 0.4793 0.5285 0.5604 0.4222 0.4238 0.5236 0.4310
0.4129 0.5414 0.4600 0.4793 0.5287 0.5603 0.4222 0.4240 0.5236 0.4311
0.4129 0.5413 0.4603 0.4793 0.5289 0.5602 0.4221 0.4243 0.5236 0.4313
0.4130 0.5412 0.4606 0.4792 0.5291 0.5600 0.4220 0.4246 0.5237 0.4317
0.4130 0.5411 0.4609 0.4791 0.5294 0.5598 0.4219 0.4248 0.5237 0.4319
0.4131 0.5410 0.4611 0.4790 0.5296 0.5597 0.4218 0.4250 0.5237 0.4322
0.4131 0.5409 0.4613 0.4790 0.5297 0.5595 0.4218 0.4252 0.5237 0.4324
0.4131 0.5408 0.4615 0.4789 0.5298 0.5594 0.4217 0.4254 0.5238 0.4326
0.4131 0.5407 0.4617 0.4789 0.5300 0.5593 0.4217 0.4257 0.5238 0.4329
0.4132 0.5405 0.4621 0.4788 0.5302 0.5591 0.4216 0.4262 0.5238 0.4334
0.4132 0.5403 0.4626 0.4788 0.5306 0.5588 0.4215 0.4266 0.5238 0.4338
0.4132 0.5403 0.4629 0.4787 0.5309 0.5586 0.4213 0.4269 0.5239 0.4341
0.4133 0.5402 0.4631 0.4786 0.5312 0.5584 0.4212 0.4271 0.5239 0.4343
0.4133 0.5401 0.4631 0.4785 0.5313 0.5583 0.4211 0.4271 0.5239 0.4345
0.4134 0.5402 0.4630 0.4785 0.5313 0.5583 0.4210 0.4270 0.5240 0.4344
0.4134 0.5402 0.4629 0.4785 0.5312 0.5583 0.4211 0.4269 0.5240 0.4344
0.4134 0.5402 0.4629 0.4785 0.5311 0.5584 0.4211 0.4269 0.5240 0.4343
0.4133 0.5402 0.4629 0.4785 0.5311 0.5584 0.4212 0.4270 0.5239 0.4343
0.4133 0.5402 0.4629 0.4786 0.5311 0.5584 0.4211 0.4269 0.5240 0.4342
0.4133 0.5403 0.4628 0.4785 0.5311 0.5585 0.4211 0.4267 0.5240 0.4341
0.4133 0.5403 0.4626 0.4786 0.5310 0.5585 0.4212 0.4266 0.5239 0.4340
0.4133 0.5404 0.4624 0.4786 0.5308 0.5586 0.4212 0.4264 0.5240 0.4339
0.4133 0.5404 0.4623 0.4786 0.5307 0.5587 0.4213 0.4263 0.5239 0.4337
0.4133 0.5404 0.4622 0.4787 0.5306 0.5588 0.4213 0.4262 0.5239 0.4336
0.4133 0.5406 0.4620 0.4787 0.5305 0.5589 0.4213 0.4260 0.5239 0.4333
0.4132 0.5407 0.4616 0.4788 0.5303 0.5591 0.4214 0.4255 0.5239 0.4329
0.4132 0.5409 0.4611 0.4788 0.5300 0.5593 0.4214 0.4250 0.5239 0.4325
0.4132 0.5411 0.4605 0.4789 0.5296 0.5597 0.4216 0.4244 0.5239 0.4318
0.4131 0.5414 0.4598 0.4791 0.5290 0.5601 0.4218 0.4237 0.5238 0.4311
0.4131 0.5417 0.4591 0.4792 0.5285 0.5605 0.4220 0.4230 0.5238 0.4304
0.4130 0.5419 0.4586 0.4794 0.5280 0.5609 0.4223 0.4226 0.5237 0.4299
0.4129 0.5420 0.4583 0.4795 0.5276 0.5612 0.4224 0.4222 0.5236 0.4294
0.4128 0.5422 0.4579 0.4797 0.5274 0.5614 0.4226 0.4218 0.5235 0.4289
0.4128 0.5424 0.4575 0.4797 0.5271 0.5617 0.4226 0.4213 0.5235 0.4285
0.4128 0.5426 0.4570 0.4798 0.5268 0.5619 0.4227 0.4208 0.5235 0.4280
0.4127 0.5428 0.4565 0.4799 0.5264 0.5622 0.4229 0.4203 0.5234 0.4274
0.4127 0.5430 0.4560 0.4800 0.5260 0.5625 0.4231 0.4198 0.5233 0.4268
0.4126 0.5431 0.4555 0.4802 0.5256 0.5628 0.4233 0.4195 0.5233 0.4264
0.4125 0.5433 0.4552 0.4803 0.5253 0.5630 0.4234 0.4191 0.5232 0.4259
0.4125 0.5435 0.4549 0.4804 0.5251 0.5632 0.4235 0.4187 0.5232 0.4255
0.4124 0.5436 0.4545 0.4805 0.5248 0.5634 0.4236 0.4184 0.5231 0.4252
0.4124 0.5438 0.4541 0.4806 0.5246 0.5636 0.4236 0.4180 0.5231 0.4247
0.4124 0.5440 0.4537 0.4807 0.5243 0.5639 0.4238 0.4175 0.5230 0.4242
0.4123 0.5441 0.4531 0.4809 0.5239 0.5642 0.4239 0.4169 0.5230 0.4236
0.4123 0.5445 0.4523 0.4810 0.5234 0.5645 0.4240 0.4161 0.5230 0.4228
0.4122 0.5449 0.4516 0.4811 0.5229 0.5649 0.4242 0.4153 0.5228 0.4219
0.4122 0.5450 0.4509 0.4813 0.5222 0.5652 0.4245 0.4149 0.5227 0.4214
0.4120 0.5452 0.4505 0.4815 0.5218 0.5656 0.4247 0.4145 0.5227 0.4208
0.4119 0.5454 0.4502 0.4817 0.5215 0.5658 0.4248 0.4141 0.5225 0.4202
0.4119 0.5455 0.4499 0.4818 0.5213 0.5659 0.4249 0.4138 0.5225 0.4199
0.4119 0.5456 0.4498 0.4819 0.5212 0.5660 0.4250 0.4137 0.5224 0.4198
0.4118 0.5456 0.4497 0.4819 0.5211 0.5661 0.4251 0.4137 0.5224 0.4196
0.4118 0.5456 0.4496 0.4820 0.5210 0.5662 0.4251 0.4136 0.5224 0.4195
0.4118 0.5458 0.4494 0.4820 0.5210 0.5662 0.4251 0.4133 0.5224 0.4193
0.4118 0.5459 0.4490 0.4821 0.5208 0.5664 0.4251 0.4129 0.5223 0.4189
0.4118 0.5462 0.4483 0.4821 0.5205 0.5667 0.4251 0.4121 0.5224 0.4182
0.4117 0.5467 0.4470 0.4823 0.5199 0.5672 0.4252 0.4108 0.5222 0.4169
0.4116 0.5473 0.4454 0.4826 0.5189 0.5679 0.4254 0.4093 0.5221 0.4153
0.4115 0.5480 0.4437 0.4829 0.5178 0.5685 0.4258 0.4076 0.5219 0.4135
0.4114 0.5486 0.4420 0.4835 0.5165 0.5693 0.4264 0.4063 0.5215 0.4117
0.4112 0.5492 0.4405 0.4840 0.5153 0.5700 0.4267 0.4049 0.5213 0.4099
0.4109 0.5500 0.4391 0.4845 0.5144 0.5705 0.4271 0.4034 0.5209 0.4081
0.4108 0.5504 0.4378 0.4850 0.5135 0.5710 0.4275 0.4025 0.5206 0.4067
0.4107 0.5509 0.4368 0.4854 0.5127 0.5714 0.4277 0.4017 0.5204 0.4055
0.4105 0.5514 0.4359 0.4859 0.5121 0.5718 0.4280 0.4008 0.5201 0.4043
0.4104 0.5517 0.4349 0.4862 0.5115 0.5722 0.4282 0.4000 0.5199 0.4032
0.4103 0.5522 0.4340 0.4864 0.5110 0.5724 0.4283 0.3991 0.5198 0.4021
0.4102 0.5525 0.4335 0.4867 0.5105 0.5724 0.4286 0.3987 0.5195 0.4014
0.4102 0.5523 0.4335 0.4870 0.5101 0.5725 0.4289 0.3992 0.5193 0.4015
0.4101 0.5522 0.4340 0.4873 0.5101 0.5724 0.4289 0.3998 0.5193 0.4017
0.4099 0.5521 0.4345 0.4872 0.5106 0.5725 0.4288 0.4000 0.5193 0.4019
0.4100 0.5521 0.4347 0.4870 0.5110 0.5724 0.4286 0.3999 0.5195 0.4021
0.4101 0.5521 0.4346 0.4867 0.5111 0.5723 0.4285 0.3997 0.5195 0.4022
0.4102 0.5521 0.4344 0.4867 0.5109 0.5723 0.4285 0.3996 0.5195 0.4022
0.4102 0.5521 0.4343 0.4868 0.5108 0.5723 0.4286 0.3996 0.5195 0.4021
0.4101 0.5521 0.4343 0.4869 0.5107 0.5723 0.4287 0.3997 0.5195 0.4021
0.4101 0.5520 0.4346 0.4869 0.5108 0.5722 0.4287 0.4000 0.5195 0.4023
0.4101 0.5518 0.4352 0.4868 0.5110 0.5720 0.4287 0.4006 0.5195 0.4029
0.4102 0.5514 0.4361 0.4867 0.5114 0.5718 0.4287 0.4015 0.5196 0.4038
0.4102 0.5510 0.4370 0.4865 0.5120 0.5716 0.4285 0.4023 0.5198 0.4048
0.4102 0.5507 0.4379 0.4861 0.5127 0.5713 0.4282 0.4030 0.5200 0.4057
0.4103 0.5504 0.4388 0.4858 0.5133 0.5710 0.4281 0.4036 0.5201 0.4067
0.4105 0.5500 0.4396 0.4855 0.5138 0.5706 0.4279 0.4044 0.5204 0.4077
0.4106 0.5496 0.4405 0.4852 0.5144 0.5702 0.4277 0.4053 0.5206 0.4088
0.4107 0.5491 0.4416 0.4849 0.5149 0.5699 0.4276 0.4064 0.5206 0.4101
0.4108 0.5486 0.4427 0.4846 0.5157 0.5696 0.4273 0.4074 0.5209 0.4112
0.4108 0.5484 0.4437 0.4843 0.5165 0.5691 0.4270 0.4080 0.5211 0.4122
0.4110 0.5480 0.4445 0.4839 0.5171 0.5687 0.4268 0.4087 0.5212 0.4133
0.4111 0.5476 0.4451 0.4836 0.5176 0.5684 0.4266 0.4095 0.5214 0.4142
0.4112 0.5474 0.4458 0.4834 0.5181 0.5681 0.4263 0.4099 0.5216 0.4148
0.4113 0.5472 0.4463 0.4832 0.5184 0.5679 0.4262 0.4104 0.5216 0.4154
0.4114 0.5469 0.4467 0.4831 0.5187 0.5677 0.4261 0.4108 0.5218 0.4160
0.4114 0.5469 0.4469 0.4829 0.5190 0.5675 0.4259 0.4110 0.5219 0.4163
0.4114 0.5468 0.4472 0.4828 0.5192 0.5674 0.4259 0.4112 0.5219 0.4166
0.4115 0.5465 0.4476 0.4827 0.5194 0.5672 0.4258 0.4117 0.5220 0.4172
0.4115 0.5463 0.4481 0.4827 0.5196 0.5670 0.4258 0.4123 0.5220 0.4177
0.4115 0.5462 0.4485 0.4826 0.5200 0.5669 0.4256 0.4126 0.5221 0.4181
0.4116 0.5462 0.4487 0.4824 0.5204 0.5667 0.4254 0.4126 0.5222 0.4182
0.4117 0.5461 0.4488 0.4823 0.5205 0.5666 0.4254 0.4127 0.5222 0.4185
0.4117 0.5460 0.4488 0.4822 0.5204 0.5666 0.4253 0.4128 0.5223 0.4186
0.4117 0.5460 0.4488 0.4822 0.5205 0.5666 0.4253 0.4128 0.5223 0.4186
0.4117 0.5460 0.4488 0.4822 0.5204 0.5666 0.4254 0.4128 0.5222 0.4186
0.4117 0.5460 0.4489 0.4822 0.5204 0.5665 0.4253 0.4129 0.5222 0.4187
0.4117 0.5460 0.4490 0.4822 0.5205 0.5665 0.4253 0.4130 0.5222 0.4187
0.4117 0.5459 0.4492 0.4822 0.5206 0.5664 0.4253 0.4132 0.5222 0.4189
0.4117 0.5458 0.4493 0.4822 0.5207 0.5663 0.4253 0.4134 0.5223 0.4191
0.4117 0.5458 0.4495 0.4821 0.5209 0.5663 0.4252 0.4135 0.5223 0.4193
0.4117 0.5458 0.4495 0.4821 0.5210 0.5662 0.4251 0.4135 0.5223 0.4193
0.4118 0.5457 0.4497 0.4820 0.5210 0.5661 0.4252 0.4136 0.5223 0.4195
0.4118 0.5455 0.4499 0.4820 0.5211 0.5660 0.4252 0.4140 0.5223 0.4198
0.4118 0.5454 0.4501 0.4820 0.5212 0.5660 0.4251 0.4142 0.5224 0.4201
0.4118 0.5455 0.4503 0.4819 0.5215 0.5659 0.4250 0.4142 0.5224 0.4201
0.4118 0.5454 0.4505 0.4818 0.5216 0.5658 0.4250 0.4143 0.5224 0.4203
0.4119 0.5453 0.4506 0.4818 0.5216 0.5657 0.4249 0.4146 0.5225 0.4206
0.4119 0.5452 0.4507 0.4817 0.5217 0.5656 0.4249 0.4147 0.5225 0.4207
0.4119 0.5452 0.4509 0.4817 0.5219 0.5655 0.4249 0.4148 0.5225 0.4209
0.4119 0.5450 0.4512 0.4817 0.5220 0.5654 0.4248 0.4152 0.5225 0.4212
0.4119 0.5449 0.4514 0.4816 0.5222 0.5653 0.4247 0.4154 0.5226 0.4214
0.4119 0.5450 0.4516 0.4815 0.5224 0.5652 0.4246 0.4154 0.5226 0.4216
0.4120 0.5448 0.4519 0.4814 0.5225 0.5650 0.4246 0.4157 0.5226 0.4219
0.4120 0.5446 0.4522 0.4814 0.5227 0.5649 0.4246 0.4162 0.5227 0.4224
0.4120 0.5444 0.4527 0.4813 0.5230 0.5647 0.4245 0.4167 0.5227 0.4228
0.4121 0.5443 0.4532 0.4812 0.5234 0.5645 0.4244 0.4171 0.5227 0.4233
0.4121 0.5441 0.4537 0.4811 0.5237 0.5642 0.4242 0.4176 0.5228 0.4238
0.4122 0.5439 0.4541 0.4809 0.5241 0.5639 0.4241 0.4180 0.5229 0.4243
0.4122 0.5438 0.4544 0.4808 0.5244 0.5638 0.4239 0.4182 0.5229 0.4247
0.4123 0.5437 0.4545 0.4807 0.5246 0.5636 0.4238 0.4183 0.5230 0.4248
0.4123 0.5437 0.4545 0.4807 0.5246 0.5636 0.4237 0.4183 0.5230 0.4249
0.4124 0.5437 0.4545 0.4806 0.5246 0.5635 0.4238 0.4184 0.5230 0.4250
0.4124 0.5436 0.4547 0.4806 0.5246 0.5634 0.4238 0.4187 0.5230 0.4253
0.4124 0.5434 0.4551 0.4806 0.5248 0.5633 0.4238 0.4191 0.5230 0.4256
0.4124 0.5433 0.4555 0.4806 0.5251 0.5631 0.4237 0.4195 0.5231 0.4260
0.4124 0.5431 0.4560 0.4804 0.5255 0.5629 0.4236 0.4199 0.5231 0.4265
0.4125 0.5429 0.4565 0.4803 0.5259 0.5626 0.4234 0.4204 0.5231 0.4270
0.4125 0.5427 0.4570 0.4802 0.5262 0.5623 0.4232 0.4209 0.5232 0.4276
0.4126 0.5425 0.4574 0.4801 0.5266 0.5620 0.4231 0.4213 0.5233 0.4280
0.4126 0.5424 0.4578 0.4799 0.5269 0.5618 0.4230 0.4217 0.5233 0.4285
0.4127 0.5422 0.4582 0.4798 0.5272 0.5615 0.4229 0.4220 0.5234 0.4289
0.4127 0.5420 0.4586 0.4797 0.5275 0.5613 0.4228 0.4225 0.5234 0.4294
0.4128 0.5418 0.4591 0.4796 0.5278 0.5610 0.4226 0.4231 0.5234 0.4300
0.4128 0.5416 0.4596 0.4795 0.5282 0.5607 0.4225 0.4236 0.5235 0.4305
0.4129 0.5414 0.4601 0.4794 0.5287 0.5604 0.4223 0.4240 0.5235 0.4310
0.4129 0.5413 0.4604 0.4793 0.5290 0.5602 0.4221 0.4243 0.5236 0.4314
0.4130 0.5412 0.4606 0.4792 0.5292 0.5600 0.4220 0.4245 0.5237 0.4316
0.4130 0.5411 0.4607 0.4791 0.5293 0.5599 0.4219 0.4246 0.5237 0.4318
0.4131 0.5411 0.4608 0.4791 0.5294 0.5598 0.4219 0.4248 0.5237 0.4320
0.4131 0.5410 0.4610 0.4790 0.5295 0.5597 0.4219 0.4249 0.5237 0.4321
0.4131 0.5409 0.4612 0.4790 0.5296 0.5596 0.4218 0.4252 0.5237 0.4324
0.4131 0.5408 0.4615 0.4790 0.5298 0.5594 0.4218 0.4255 0.5237 0.4327
0.4131 0.5407 0.4618 0.4789 0.5300 0.5593 0.4217 0.4258 0.5238 0.4330
0.4131 0.5406 0.4622 0.4788 0.5303 0.5590 0.4216 0.4262 0.5238 0.4333
0.4132 0.5404 0.4625 0.4787 0.5306 0.5588 0.4215 0.4265 0.5238 0.4337
0.4132 0.5403 0.4628 0.4787 0.5309 0.5586 0.4214 0.4269 0.5238 0.4341
0.4133 0.5401 0.4632 0.4786 0.5311 0.5584 0.4212 0.4272 0.5239 0.4344
0.4133 0.5400 0.4635 0.4785 0.5314 0.5582 0.4211 0.4275 0.5239 0.4348
0.4134 0.5398 0.4638 0.4784 0.5316 0.5579 0.4210 0.4279 0.5239 0.4352
0.4134 0.5397 0.4641 0.4783 0.5319 0.5577 0.4209 0.4282 0.5240 0.4355
0.4134 0.5396 0.4644 0.4783 0.5322 0.5575 0.4208 0.4285 0.5240 0.4358
0.4135 0.5395 0.4647 0.4782 0.5324 0.5573 0.4207 0.4288 0.5240 0.4361
0.4135 0.5394 0.4648 0.4781 0.5326 0.5572 0.4206 0.4290 0.5241 0.4363
0.4135 0.5394 0.4650 0.4781 0.5327 0.5571 0.4205 0.4291 0.5241 0.4365
0.4136 0.5393 0.4650 0.4781 0.5328 0.5570 0.4205 0.4292 0.5241 0.4366
0.4136 0.5393 0.4651 0.4780 0.5328 0.5570 0.4204 0.4292 0.5241 0.4366
0.4136 0.5394 0.4650 0.4780 0.5328 0.5570 0.4204 0.4291 0.5241 0.4366
0.4136 0.5394 0.4650 0.4780 0.5328 0.5570 0.4204 0.4291 0.5241 0.4366
0.4136 0.5394 0.4650 0.4780 0.5328 0.5570 0.4205 0.4291 0.5241 0.4366
0.4136 0.5394 0.4649 0.4780 0.5327 0.5570 0.4205 0.4291 0.5241 0.4365
0.4136 0.5394 0.4649 0.4781 0.5327 0.5571 0.4205 0.4290 0.5241 0.4364
0.4136 0.5395 0.4648 0.4781 0.5327 0.5571 0.4205 0.4288 0.5241 0.4363
0.4136 0.5395 0.4646 0.4781 0.5326 0.5572 0.4205 0.4287 0.5241 0.4362
0.4136 0.5395 0.4645 0.4781 0.5324 0.5573 0.4206 0.4286 0.5241 0.4361
0.4135 0.5396 0.4643 0.4782 0.5323 0.5574 0.4206 0.4285 0.5241 0.4359
0.4135 0.5397 0.4641 0.4782 0.5322 0.5575 0.4206 0.4281 0.5241 0.4356
0.4135 0.5398 0.4638 0.4782 0.5320 0.5577 0.4207 0.4278 0.5241 0.4353
0.4135 0.5399 0.4635 0.4783 0.5317 0.5579 0.4208 0.4275 0.5241 0.4351
0.4135 0.5401 0.4631 0.4784 0.5315 0.5581 0.4209 0.4272 0.5241 0.4347
0.4134 0.5403 0.4626 0.4785 0.5312 0.5584 0.4210 0.4266 0.5240 0.4341
0.4134 0.5405 0.4620 0.4786 0.5308 0.5587 0.4211 0.4259 0.5240 0.4335
0.4133 0.5408 0.4614 0.4787 0.5303 0.5591 0.4213 0.4253 0.5240 0.4329
0.4133 0.5410 0.4608 0.4788 0.5298 0.5595 0.4215 0.4248 0.5239 0.4322
0.4132 0.5412 0.4602 0.4790 0.5293 0.5599 0.4217 0.4241 0.5238 0.4315
0.4131 0.5415 0.4595 0.4792 0.5288 0.5603 0.4219 0.4235 0.5238 0.4308
0.4130 0.5418 0.4588 0.4793 0.5283 0.5607 0.4221 0.4227 0.5237 0.4300
0.4130 0.5421 0.4581 0.4794 0.5278 0.5611 0.4223 0.4219 0.5237 0.4293
0.4129 0.5423 0.4575 0.4796 0.5272 0.5615 0.4226 0.4214 0.5236 0.4287
0.4128 0.5425 0.4570 0.4798 0.5267 0.5619 0.4227 0.4209 0.5235 0.4280
0.4127 0.5428 0.4563 0.4800 0.5263 0.5623 0.4229 0.4202 0.5234 0.4272
0.4126 0.5431 0.4556 0.4801 0.5259 0.5627 0.4231 0.4194 0.5233 0.4265
0.4126 0.5434 0.4548 0.4803 0.5253 0.5631 0.4233 0.4186 0.5233 0.4257
0.4125 0.5438 0.4540 0.4805 0.5247 0.5635 0.4235 0.4178 0.5232 0.4248
0.4124 0.5441 0.4533 0.4807 0.5241 0.5640 0.4237 0.4171 0.5231 0.4239
0.4123 0.5443 0.4525 0.4809 0.5235 0.5644 0.4240 0.4164 0.5230 0.4231
0.4122 0.5447 0.4517 0.4811 0.5229 0.5649 0.4242 0.4156 0.5229 0.4222
0.4121 0.5451 0.4509 0.4813 0.5224 0.5653 0.4244 0.4146 0.5228 0.4212
0.4121 0.5454 0.4500 0.4815 0.5217 0.5657 0.4246 0.4138 0.5226 0.4203
0.4120 0.5458 0.4490 0.4818 0.5210 0.5662 0.4248 0.4130 0.5225 0.4193
0.4118 0.5462 0.4481 0.4820 0.5204 0.5667 0.4251 0.4120 0.5224 0.4181
0.4117 0.5466 0.4471 0.4823 0.5197 0.5671 0.4254 0.4111 0.5222 0.4171
0.4116 0.5470 0.4462 0.4826 0.5190 0.5676 0.4256 0.4102 0.5221 0.4161
0.4115 0.5474 0.4453 0.4829 0.5184 0.5680 0.4258 0.4093 0.5219 0.4150
0.4114 0.5477 0.4445 0.4831 0.5178 0.5684 0.4261 0.4086 0.5218 0.4141
0.4113 0.5480 0.4438 0.4834 0.5172 0.5687 0.4263 0.4080 0.5216 0.4132
0.4112 0.5483 0.4431 0.4836 0.5168 0.5690 0.4265 0.4073 0.5215 0.4124
0.4111 0.5486 0.4426 0.4838 0.5164 0.5693 0.4267 0.4068 0.5213 0.4117
0.4111 0.5487 0.4422 0.4840 0.5160 0.5694 0.4269 0.4066 0.5212 0.4114
0.4110 0.5488 0.4421 0.4842 0.5158 0.5695 0.4270 0.4065 0.5212 0.4111
0.4110 0.5489 0.4420 0.4843 0.5157 0.5696 0.4270 0.4064 0.5211 0.4109
0.4109 0.5489 0.4420 0.4843 0.5157 0.5696 0.4270 0.4064 0.5211 0.4108
0.4109 0.5489 0.4419 0.4843 0.5157 0.5697 0.4270 0.4063 0.5211 0.4107
0.4109 0.5490 0.4417 0.4843 0.5156 0.5698 0.4270 0.4060 0.5211 0.4105
0.4109 0.5492 0.4414 0.4843 0.5155 0.5698 0.4270 0.4057 0.5210 0.4102
0.4109 0.5492 0.4412 0.4844 0.5153 0.5699 0.4271 0.4057 0.5210 0.4101
0.4109 0.5491 0.4412 0.4845 0.5152 0.5699 0.4272 0.4058 0.5209 0.4101
0.4109 0.5491 0.4414 0.4846 0.5152 0.5699 0.4273 0.4060 0.5209 0.4102
0.4108 0.5491 0.4416 0.4846 0.5154 0.5699 0.4272 0.4061 0.5209 0.4103
0.4108 0.5491 0.4417 0.4844 0.5156 0.5698 0.4271 0.4061 0.5210 0.4104
0.4109 0.5490 0.4418 0.4844 0.5156 0.5697 0.4271 0.4062 0.5210 0.4105
0.4109 0.5489 0.4419 0.4844 0.5156 0.5697 0.4271 0.4064 0.5210 0.4108
0.4109 0.5489 0.4419 0.4844 0.5157 0.5697 0.4270 0.4064 0.5211 0.4108
0.4109 0.5490 0.4420 0.4843 0.5158 0.5696 0.4270 0.4063 0.5211 0.4107
0.4110 0.5488 0.4422 0.4843 0.5158 0.5695 0.4271 0.4066 0.5210 0.4110
0.4110 0.5486 0.4426 0.4843 0.5159 0.5694 0.4271 0.4072 0.5211 0.4115
0.4110 0.5484 0.4431 0.4842 0.5162 0.5692 0.4270 0.4076 0.5212 0.4120
0.4110 0.5482 0.4437 0.4841 0.5166 0.5691 0.4269 0.4080 0.5212 0.4125
0.4110 0.5481 0.4441 0.4838 0.5170 0.5688 0.4267 0.4084 0.5213 0.4130
0.4111 0.5479 0.4446 0.4837 0.5173 0.5686 0.4266 0.4089 0.5214 0.4136
0.4112 0.5476 0.4452 0.4835 0.5176 0.5684 0.4265 0.4095 0.5215 0.4143
0.4112 0.5474 0.4456 0.4834 0.5180 0.5682 0.4264 0.4099 0.5216 0.4148
0.4113 0.5473 0.4460 0.4833 0.5184 0.5680 0.4262 0.4101 0.5217 0.4152
0.4113 0.5471 0.4464 0.4831 0.5186 0.5677 0.4261 0.4104 0.5217 0.4156
0.4114 0.5468 0.4470 0.4829 0.5188 0.5675 0.4261 0.4112 0.5218 0.4164
0.4114 0.5465 0.4476 0.4829 0.5192 0.5673 0.4260 0.4119 0.5219 0.4171
0.4114 0.5464 0.4481 0.4827 0.5197 0.5671 0.4257 0.4122 0.5220 0.4175
0.4115 0.5463 0.4484 0.4825 0.5202 0.5669 0.4255 0.4123 0.5221 0.4178
0.4116 0.5462 0.4486 0.4823 0.5203 0.5667 0.4255 0.4126 0.5221 0.4183
0.4117 0.5460 0.4488 0.4823 0.5204 0.5666 0.4254 0.4129 0.5222 0.4186
0.4117 0.5459 0.4491 0.4822 0.5205 0.5665 0.4254 0.4132 0.5222 0.4189
0.4117 0.5458 0.4495 0.4822 0.5207 0.5663 0.4253 0.4135 0.5222 0.4192
0.4117 0.5456 0.4498 0.4821 0.5210 0.5661 0.4252 0.4138 0.5223 0.4196
0.4118 0.5455 0.4503 0.4820 0.5213 0.5659 0.4252 0.4142 0.5223 0.4201
0.4118 0.5453 0.4507 0.4819 0.5216 0.5658 0.4250 0.4147 0.5224 0.4206
0.4118 0.5452 0.4509 0.4818 0.5219 0.5656 0.4249 0.4149 0.5225 0.4208
0.4119 0.5452 0.4510 0.4817 0.5221 0.5655 0.4247 0.4149 0.5225 0.4209
0.4119 0.5451 0.4511 0.4816 0.5221 0.5654 0.4247 0.4149 0.5226 0.4211
0.4120 0.5450 0.4513 0.4815 0.5221 0.5653 0.4248 0.4152 0.5226 0.4214
0.4120 0.5448 0.4517 0.4815 0.5223 0.5651 0.4248 0.4157 0.5226 0.4218
0.4120 0.5446 0.4523 0.4815 0.5226 0.5649 0.4247 0.4164 0.5226 0.4224
0.4120 0.5444 0.4530 0.4813 0.5231 0.5646 0.4245 0.4169 0.5227 0.4230
0.4121 0.5441 0.4536 0.4812 0.5236 0.5643 0.4243 0.4175 0.5227 0.4237
0.4122 0.5439 0.4541 0.4810 0.5241 0.5640 0.4241 0.4180 0.5228 0.4243
0.4122 0.5438 0.4544 0.4808 0.5244 0.5637 0.4239 0.4182 0.5229 0.4247
0.4123 0.5437 0.4546 0.4807 0.5246 0.5636 0.4238 0.4184 0.5230 0.4249
0.4123 0.5436 0.4546 0.4806 0.5247 0.5635 0.4237 0.4185 0.5231 0.4251
0.4124 0.5436 0.4547 0.4806 0.5247 0.5635 0.4237 0.4185 0.5230 0.4251
0.4124 0.5436 0.4547 0.4806 0.5247 0.5634 0.4237 0.4186 0.5231 0.4252
0.4124 0.5436 0.4548 0.4806 0.5248 0.5634 0.4237 0.4187 0.5231 0.4253
0.4124 0.5435 0.4548 0.4806 0.5248 0.5634 0.4237 0.4187 0.5230 0.4253
0.4124 0.5435 0.4548 0.4806 0.5249 0.5634 0.4236 0.4187 0.5231 0.4253
0.4124 0.5437 0.4546 0.4806 0.5249 0.5634 0.4236 0.4184 0.5231 0.4251
0.4124 0.5437 0.4544 0.4806 0.5247 0.5635 0.4237 0.4182 0.5231 0.4249
0.4124 0.5437 0.4542 0.4806 0.5245 0.5636 0.4237 0.4181 0.5231 0.4248
0.4123 0.5438 0.4541 0.4807 0.5243 0.5637 0.4238 0.4180 0.5230 0.4246
0.4123 0.5439 0.4540 0.4808 0.5242 0.5638 0.4239 0.4178 0.5230 0.4244
0.4123 0.5439 0.4539 0.4808 0.5242 0.5638 0.4239 0.4178 0.5230 0.4244
0.4123 0.5438 0.4540 0.4808 0.5242 0.5638 0.4239 0.4179 0.5230 0.4245
0.4123 0.5438 0.4542 0.4808 0.5242 0.5638 0.4239 0.4181 0.5230 0.4246
0.4123 0.5437 0.4545 0.4808 0.5244 0.5637 0.4239 0.4184 0.5229 0.4249
0.4123 0.5436 0.4547 0.4807 0.5246 0.5635 0.4238 0.4187 0.5230 0.4252
0.4123 0.5435 0.4550 0.4806 0.5249 0.5633 0.4237 0.4189 0.5230 0.4254
0.4124 0.5434 0.4554 0.4805 0.5251 0.5632 0.4237 0.4192 0.5230 0.4258
0.4124 0.5431 0.4558 0.4805 0.5253 0.5630 0.4236 0.4197 0.5231 0.4263
0.4124 0.5430 0.4562 0.4804 0.5256 0.5628 0.4235 0.4201 0.5231 0.4267
0.4125 0.5429 0.4565 0.4803 0.5260 0.5625 0.4233 0.4204 0.5232 0.4270
0.4125 0.5427 0.4569 0.4801 0.5263 0.5623 0.4232 0.4207 0.5232 0.4275
0.4126 0.5425 0.4573 0.4800 0.5265 0.5621 0.4231 0.4212 0.5233 0.4280
0.4126 0.5423 0.4577 0.4800 0.5268 0.5618 0.4230 0.4217 0.5233 0.4285
0.4127 0.5422 0.4581 0.4799 0.5272 0.5616 0.4229 0.4220 0.5234 0.4288
0.4127 0.5421 0.4584 0.4798 0.5275 0.5614 0.4227 0.4223 0.5234 0.4292
0.4128 0.5420 0.4587 0.4797 0.5277 0.5612 0.4226 0.4225 0.5235 0.4295
0.4128 0.5419 0.4589 0.4796 0.5278 0.5610 0.4226 0.4228 0.5235 0.4298
0.4128 0.5417 0.4592 0.4795 0.5280 0.5609 0.4225 0.4232 0.5235 0.4302
0.4128 0.5416 0.4596 0.4795 0.5283 0.5607 0.4224 0.4235 0.5235 0.4305
0.4129 0.5414 0.4600 0.4794 0.5286 0.5604 0.4223 0.4239 0.5236 0.4309
0.4129 0.5413 0.4604 0.4793 0.5289 0.5602 0.4222 0.4243 0.5236 0.4314
0.4130 0.5411 0.4608 0.4792 0.5292 0.5600 0.4220 0.4247 0.5237 0.4318
0.4130 0.5410 0.4611 0.4791 0.5295 0.5597 0.4219 0.4250 0.5237 0.4321
0.4131 0.5409 0.4613 0.4790 0.5297 0.5596 0.4218 0.4252 0.5237 0.4324
0.4131 0.5408 0.4616 0.4789 0.5299 0.5594 0.4217 0.4256 0.5238 0.4328
0.4131 0.5406 0.4620 0.4788 0.5301 0.5591 0.4217 0.4261 0.5238 0.4332
0.4132 0.5404 0.4625 0.4788 0.5305 0.5589 0.4216 0.4266 0.5238 0.4338
0.4132 0.5402 0.4631 0.4787 0.5309 0.5586 0.4214 0.4271 0.5238 0.4343
0.4133 0.5401 0.4635 0.4786 0.5314 0.5582 0.4212 0.4275 0.5239 0.4347
0.4133 0.5399 0.4638 0.4784 0.5317 0.5580 0.4210 0.4278 0.5239 0.4351
0.4134 0.5398 0.4641 0.4783 0.5319 0.5577 0.4209 0.4282 0.5240 0.4355
0.4134 0.5397 0.4643 0.4783 0.5321 0.5576 0.4208 0.4284 0.5240 0.4357
0.4135 0.5396 0.4645 0.4782 0.5323 0.5574 0.4207 0.4285 0.5240 0.4359
0.4135 0.5396 0.4645 0.4782 0.5324 0.5574 0.4207 0.4286 0.5241 0.4360
0.4135 0.5395 0.4646 0.4781 0.5324 0.5573 0.4206 0.4287 0.5241 0.4361
0.4135 0.5395 0.4645 0.4781 0.5324 0.5573 0.4206 0.4286 0.5241 0.4361
0.4135 0.5396 0.4644 0.4782 0.5324 0.5574 0.4206 0.4284 0.5241 0.4359
0.4135 0.5397 0.4641 0.4782 0.5322 0.5575 0.4206 0.4281 0.5241 0.4356
0.4135 0.5398 0.4638 0.4782 0.5320 0.5577 0.4207 0.4278 0.5241 0.4354
0.4135 0.5399 0.4634 0.4783 0.5317 0.5579 0.4208 0.4275 0.5241 0.4350
0.4134 0.5402 0.4629 0.4784 0.5314 0.5582 0.4209 0.4269 0.5241 0.4345
0.4134 0.5404 0.4624 0.4785 0.5310 0.5585 0.4210 0.4264 0.5240 0.4339
0.4134 0.5406 0.4619 0.4786 0.5306 0.5588 0.4212 0.4258 0.5240 0.4334
0.4133 0.5408 0.4613 0.4787 0.5302 0.5592 0.4214 0.4253 0.5240 0.4328
0.4132 0.5410 0.4607 0.4789 0.5297 0.5596 0.4215 0.4246 0.5239 0.4321
0.4132 0.5413 0.4600 0.4790 0.5292 0.5600 0.4217 0.4239 0.5238 0.4313
0.4131 0.5417 0.4592 0.4792 0.5287 0.5605 0.4219 0.4230 0.5238 0.4305
0.4130 0.5420 0.4583 0.4794 0.5280 0.5610 0.4221 0.4221 0.5237 0.4295
0.4129 0.5424 0.4573 0.4796 0.5273 0.5615 0.4224 0.4211 0.5236 0.4285
0.4128 0.5428 0.4563 0.4798 0.5265 0.5621 0.4227 0.4202 0.5235 0.4275
0.4127 0.5432 0.4554 0.4801 0.5258 0.5627 0.4230 0.4192 0.5234 0.4264
0.4126 0.5435 0.4547 0.4803 0.5251 0.5631 0.4233 0.4185 0.5233 0.4256
0.4125 0.5437 0.4540 0.4806 0.5245 0.5636 0.4236 0.4179 0.5231 0.4248
0.4124 0.5441 0.4531 0.4808 0.5240 0.5641 0.4237 0.4169 0.5231 0.4237
0.4123 0.5447 0.4520 0.4809 0.5234 0.5646 0.4239 0.4156 0.5230 0.4224
0.4122 0.5451 0.4509 0.4812 0.5225 0.5651 0.4243 0.4146 0.5228 0.4214
0.4121 0.5454 0.4498 0.4815 0.5216 0.5657 0.4246 0.4138 0.5227 0.4203
0.4120 0.5458 0.4491 0.4818 0.5210 0.5662 0.4249 0.4130 0.5225 0.4193
0.4118 0.5460 0.4485 0.4821 0.5204 0.5665 0.4252 0.4125 0.5223 0.4186
0.4118 0.5462 0.4481 0.4823 0.5200 0.5668 0.4253 0.4122 0.5223 0.4180
0.4117 0.5465 0.4476 0.4824 0.5198 0.5670 0.4254 0.4116 0.5222 0.4174
0.4116 0.5467 0.4471 0.4825 0.5195 0.5673 0.4256 0.4110 0.5221 0.4168
0.4116 0.5470 0.4462 0.4827 0.5190 0.5677 0.4256 0.4102 0.5220 0.4159
0.4115 0.5476 0.4448 0.4829 0.5184 0.5683 0.4257 0.4087 0.5219 0.4144
0.4114 0.5484 0.4430 0.4832 0.5174 0.5689 0.4260 0.4069 0.5217 0.4125
0.4113 0.5490 0.4413 0.4836 0.5161 0.5695 0.4265 0.4054 0.5214 0.4108
0.4112 0.5495 0.4398 0.4842 0.5148 0.5702 0.4270 0.4043 0.5211 0.4092
0.4109 0.5501 0.4384 0.4848 0.5138 0.5709 0.4273 0.4031 0.5208 0.4075
0.4107 0.5509 0.4371 0.4853 0.5131 0.5713 0.4275 0.4017 0.5205 0.4057
0.4105 0.5514 0.4357 0.4857 0.5123 0.5718 0.4278 0.4005 0.5202 0.4043
0.4104 0.5519 0.4343 0.4861 0.5114 0.5723 0.4281 0.3994 0.5199 0.4027
0.4103 0.5526 0.4330 0.4866 0.5105 0.5727 0.4283 0.3982 0.5196 0.4011
0.4101 0.5530 0.4320 0.4871 0.5097 0.5729 0.4287 0.3974 0.5193 0.3999
0.4100 0.5533 0.4312 0.4875 0.5090 0.5732 0.4290 0.3970 0.5190 0.3990
0.4099 0.5535 0.4309 0.4879 0.5087 0.5733 0.4291 0.3968 0.5188 0.3984
0.4097 0.5536 0.4308 0.4881 0.5086 0.5733 0.4292 0.3967 0.5187 0.3981
0.4097 0.5536 0.4308 0.4882 0.5086 0.5733 0.4293 0.3968 0.5186 0.3980
0.4097 0.5536 0.4311 0.4882 0.5087 0.5732 0.4293 0.3971 0.5186 0.3983
0.4097 0.5533 0.4316 0.4881 0.5088 0.5731 0.4293 0.3976 0.5187 0.3988
0.4098 0.5531 0.4322 0.4880 0.5092 0.5730 0.4292 0.3982 0.5188 0.3994
0.4098 0.5528 0.4330 0.4878 0.5097 0.5727 0.4292 0.3988 0.5189 0.4002
0.4099 0.5524 0.4339 0.4875 0.5101 0.5725 0.4291 0.3996 0.5191 0.4012
0.4100 0.5520 0.4349 0.4872 0.5107 0.5722 0.4289 0.4005 0.5193 0.4023
0.4100 0.5516 0.4359 0.4869 0.5114 0.5719 0.4287 0.4013 0.5195 0.4034
0.4101 0.5512 0.4367 0.4865 0.5120 0.5717 0.4285 0.4019 0.5197 0.4044
0.4102 0.5510 0.4373 0.4862 0.5125 0.5715 0.4282 0.4024 0.5199 0.4051
0.4103 0.5508 0.4379 0.4859 0.5129 0.5712 0.4281 0.4027 0.5201 0.4058
0.4104 0.5505 0.4385 0.4857 0.5132 0.5709 0.4281 0.4034 0.5202 0.4066
0.4105 0.5500 0.4393 0.4856 0.5135 0.5707 0.4280 0.4043 0.5203 0.4076
0.4105 0.5497 0.4400 0.4854 0.5140 0.5706 0.4278 0.4049 0.5205 0.4083
0.4106 0.5496 0.4405 0.4851 0.5146 0.5704 0.4275 0.4051 0.5206 0.4087
0.4107 0.5496 0.4408 0.4848 0.5150 0.5702 0.4274 0.4052 0.5207 0.4092
0.4108 0.5494 0.4408 0.4847 0.5149 0.5701 0.4273 0.4053 0.5208 0.4095
0.4108 0.5494 0.4406 0.4847 0.5149 0.5702 0.4272 0.4052 0.5209 0.4094
0.4108 0.5496 0.4404 0.4847 0.5149 0.5702 0.4273 0.4048 0.5208 0.4090
0.4108 0.5496 0.4402 0.4847 0.5147 0.5703 0.4274 0.4047 0.5208 0.4089
0.4108 0.5496 0.4401 0.4848 0.5145 0.5703 0.4274 0.4047 0.5208 0.4088
0.4107 0.5497 0.4400 0.4849 0.5144 0.5704 0.4275 0.4047 0.5207 0.4086
0.4107 0.5497 0.4400 0.4849 0.5144 0.5704 0.4275 0.4047 0.5207 0.4086
0.4107 0.5497 0.4401 0.4849 0.5145 0.5704 0.4275 0.4047 0.5207 0.4087
0.4107 0.5496 0.4404 0.4849 0.5146 0.5702 0.4275 0.4050 0.5207 0.4089
0.4108 0.5493 0.4410 0.4848 0.5147 0.5700 0.4276 0.4057 0.5207 0.4096
0.4108 0.5489 0.4419 0.4847 0.5152 0.5697 0.4275 0.4067 0.5208 0.4105
0.4108 0.5486 0.4429 0.4845 0.5159 0.5694 0.4272 0.4075 0.5210 0.4114
0.4109 0.5483 0.4439 0.4842 0.5166 0.5690 0.4270 0.4082 0.5211 0.4124
0.4110 0.5478 0.4448 0.4838 0.5173 0.5686 0.4268 0.4092 0.5213 0.4137
0.4112 0.5473 0.4459 0.4835 0.5179 0.5681 0.4266 0.4103 0.5215 0.4150
0.4112 0.5469 0.4470 0.4833 0.5187 0.5677 0.4263 0.4113 0.5217 0.4161
0.4113 0.5465 0.4480 0.4830 0.5195 0.5672 0.4260 0.4122 0.5218 0.4172
0.4115 0.5461 0.4489 0.4826 0.5202 0.5667 0.4257 0.4129 0.5220 0.4182
0.4116 0.5458 0.4497 0.4823 0.5208 0.5663 0.4255 0.4137 0.5221 0.4193
0.4117 0.5453 0.4506 0.4821 0.5213 0.5659 0.4253 0.4147 0.5223 0.4204
0.4118 0.5450 0.4515 0.4819 0.5219 0.5655 0.4250 0.4155 0.5224 0.4213
0.4119 0.5448 0.4521 0.4816 0.5226 0.5651 0.4247 0.4160 0.5225 0.4219
0.4120 0.5446 0.4525 0.4814 0.5230 0.5648 0.4245 0.4163 0.5226 0.4224
0.4121 0.5445 0.4527 0.4812 0.5232 0.5646 0.4243 0.4165 0.5227 0.4228
0.4121 0.5444 0.4528 0.4811 0.5233 0.5645 0.4243 0.4167 0.5228 0.4231
0.4121 0.5443 0.4530 0.4811 0.5234 0.5644 0.4243 0.4169 0.5228 0.4233
0.4122 0.5442 0.4533 0.4811 0.5235 0.5643 0.4242 0.4173 0.5228 0.4236
0.4122 0.5440 0.4537 0.4810 0.5238 0.5641 0.4242 0.4176 0.5228 0.4239
0.4122 0.5438 0.4542 0.4809 0.5241 0.5639 0.4241 0.4181 0.5229 0.4245
0.4123 0.5436 0.4548 0.4808 0.5245 0.5635 0.4240 0.4188 0.5229 0.4252
0.4123 0.5433 0.4555 0.4807 0.5250 0.5632 0.4238 0.4195 0.5230 0.4259
0.4124 0.5430 0.4561 0.4805 0.5255 0.5629 0.4236 0.4200 0.5231 0.4265
0.4124 0.5429 0.4566 0.4803 0.5260 0.5625 0.4233 0.4204 0.5232 0.4270
0.4125 0.5427 0.4570 0.4801 0.5263 0.5622 0.4232 0.4208 0.5232 0.4276
0.4126 0.5424 0.4575 0.4800 0.5266 0.5619 0.4231 0.4214 0.5233 0.4282
0.4126 0.5422 0.4582 0.4799 0.5270 0.5616 0.4230 0.4221 0.5233 0.4289
0.4127 0.5418 0.4590 0.4798 0.5275 0.5612 0.4228 0.4230 0.5233 0.4297
0.4127 0.5416 0.4597 0.4796 0.5282 0.5608 0.4226 0.4237 0.5235 0.4305
0.4128 0.5414 0.4604 0.4794 0.5288 0.5603 0.4223 0.4243 0.5235 0.4311
0.4129 0.5411 0.4609 0.4792 0.5293 0.5599 0.4220 0.4248 0.5236 0.4318
0.4130 0.5409 0.4612 0.4791 0.5296 0.5597 0.4219 0.4252 0.5237 0.4323
0.4131 0.5408 0.4615 0.4790 0.5298 0.5595 0.4217 0.4254 0.5237 0.4326
0.4131 0.5408 0.4616 0.4789 0.5300 0.5593 0.4216 0.4256 0.5238 0.4328
0.4132 0.5407 0.4618 0.4788 0.5301 0.5592 0.4216 0.4258 0.5238 0.4330
0.4132 0.5406 0.4620 0.4788 0.5303 0.5591 0.4216 0.4260 0.5238 0.4333
0.4132 0.5405 0.4623 0.4788 0.5304 0.5589 0.4215 0.4264 0.5238 0.4336
0.4132 0.5404 0.4626 0.4787 0.5307 0.5588 0.4214 0.4266 0.5238 0.4338
0.4132 0.5403 0.4628 0.4786 0.5309 0.5586 0.4213 0.4268 0.5239 0.4341
0.4133 0.5402 0.4629 0.4786 0.5311 0.5585 0.4212 0.4269 0.5239 0.4342
0.4133 0.5402 0.4630 0.4785 0.5312 0.5584 0.4211 0.4270 0.5239 0.4343
0.4133 0.5402 0.4630 0.4785 0.5312 0.5583 0.4211 0.4270 0.5240 0.4343
0.4133 0.5402 0.4630 0.4785 0.5311 0.5583 0.4211 0.4270 0.5239 0.4344
0.4133 0.5401 0.4630 0.4785 0.5311 0.5584 0.4211 0.4271 0.5240 0.4344
0.4133 0.5402 0.4630 0.4785 0.5312 0.5583 0.4211 0.4270 0.5240 0.4344
0.4133 0.5402 0.4630 0.4785 0.5312 0.5583 0.4211 0.4270 0.5239 0.4344
0.4133 0.5401 0.4631 0.4785 0.5312 0.5583 0.4211 0.4272 0.5239 0.4345
0.4133 0.5401 0.4631 0.4785 0.5312 0.5583 0.4211 0.4272 0.5240 0.4345
0.4133 0.5402 0.4630 0.4785 0.5313 0.5583 0.4210 0.4269 0.5240 0.4343
0.4134 0.5403 0.4628 0.4785 0.5312 0.5584 0.4211 0.4268 0.5240 0.4342
0.4134 0.5402 0.4627 0.4785 0.5310 0.5584 0.4212 0.4268 0.5240 0.4342
0.4133 0.5402 0.4627 0.4786 0.5309 0.5585 0.4212 0.4268 0.5240 0.4341
0.4133 0.5403 0.4627 0.4786 0.5309 0.5586 0.4212 0.4267 0.5239 0.4340
0.4133 0.5403 0.4627 0.4786 0.5309 0.5586 0.4212 0.4267 0.5239 0.4340
0.4133 0.5403 0.4627 0.4786 0.5309 0.5585 0.4212 0.4267 0.5239 0.4341
0.4133 0.5403 0.4628 0.4786 0.5309 0.5585 0.4212 0.4268 0.5239 0.4341
0.4133 0.5402 0.4629 0.4786 0.5310 0.5584 0.4212 0.4270 0.5239 0.4343
0.4133 0.5401 0.4631 0.4785 0.5311 0.5584 0.4212 0.4272 0.5239 0.4345
0.4133 0.5401 0.4633 0.4785 0.5313 0.5582 0.4211 0.4273 0.5239 0.4346
0.4133 0.5400 0.4635 0.4784 0.5314 0.5581 0.4211 0.4275 0.5239 0.4348
0.4134 0.5399 0.4637 0.4784 0.5316 0.5580 0.4210 0.4278 0.5240 0.4351
0.4134 0.5398 0.4639 0.4784 0.5318 0.5578 0.4209 0.4280 0.5240 0.4353
0.4134 0.5397 0.4641 0.4783 0.5320 0.5577 0.4208 0.4282 0.5240 0.4355
0.4134 0.5397 0.4643 0.4782 0.5321 0.5575 0.4208 0.4284 0.5240 0.4358
0.4135 0.5396 0.4645 0.4782 0.5323 0.5574 0.4207 0.4286 0.5240 0.4360
0.4135 0.5395 0.4647 0.4782 0.5324 0.5573 0.4207 0.4288 0.5241 0.4361
0.4135 0.5394 0.4648 0.4781 0.5325 0.5572 0.4206 0.4289 0.5241 0.4363
0.4135 0.5394 0.4649 0.4781 0.5327 0.5571 0.4205 0.4291 0.5241 0.4365
0.4135 0.5394 0.4650 0.4780 0.5328 0.5570 0.4205 0.4291 0.5241 0.4366
0.4136 0.5393 0.4651 0.4780 0.5328 0.5569 0.4205 0.4293 0.5241 0.4367
0.4136 0.5393 0.4652 0.4780 0.5329 0.5569 0.4204 0.4294 0.5241 0.4368
0.4136 0.5392 0.4653 0.4780 0.5330 0.5568 0.4204 0.4294 0.5241 0.4369
0.4136 0.5393 0.4653 0.4780 0.5330 0.5568 0.4204 0.4294 0.5241 0.4369
0.4136 0.5392 0.4653 0.4780 0.5330 0.5568 0.4204 0.4295 0.5241 0.4369
0.4136 0.5392 0.4653 0.4780 0.5330 0.5568 0.4203 0.4294 0.5242 0.4369
0.4136 0.5393 0.4652 0.4780 0.5330 0.5568 0.4203 0.4293 0.5242 0.4368
0.4136 0.5393 0.4651 0.4780 0.5329 0.5569 0.4204 0.4292 0.5242 0.4367
0.4136 0.5394 0.4649 0.4780 0.5328 0.5570 0.4204 0.4290 0.5242 0.4365
0.4136 0.5395 0.4647 0.4780 0.5327 0.5571 0.4204 0.4288 0.5242 0.4364
0.4136 0.5395 0.4645 0.4781 0.5325 0.5572 0.4205 0.4286 0.5241 0.4361
0.4136 0.5396 0.4642 0.4781 0.5323 0.5574 0.4205 0.4283 0.5241 0.4358
0.4135 0.5398 0.4639 0.4782 0.5321 0.5576 0.4206 0.4279 0.5241 0.4354
0.4135 0.5400 0.4634 0.4783 0.5318 0.5578 0.4207 0.4274 0.5241 0.4350
0.4135 0.5401 0.4630 0.4784 0.5314 0.5581 0.4209 0.4271 0.5241 0.4346
0.4134 0.5403 0.4626 0.4785 0.5311 0.5584 0.4210 0.4266 0.5240 0.4341
0.4134 0.5405 0.4622 0.4786 0.5308 0.5587 0.4211 0.4261 0.5240 0.4336
0.4133 0.5407 0.4617 0.4787 0.5304 0.5590 0.4213 0.4256 0.5239 0.4331
0.4133 0.5409 0.4610 0.4788 0.5300 0.5594 0.4214 0.4250 0.5239 0.4325
0.4132 0.5413 0.4603 0.4789 0.5295 0.5598 0.4216 0.4241 0.5239 0.4316
0.4131 0.5416 0.4595 0.4791 0.5289 0.5602 0.4218 0.4233 0.5238 0.4308
0.4131 0.5418 0.4588 0.4793 0.5282 0.5607 0.4221 0.4227 0.5237 0.4301
0.4130 0.5420 0.4582 0.4795 0.5277 0.5611 0.4224 0.4222 0.5237 0.4295
0.4129 0.5422 0.4578 0.4796 0.5273 0.5615 0.4226 0.4217 0.5235 0.4288
0.4128 0.5424 0.4573 0.4798 0.5270 0.5617 0.4227 0.4212 0.5235 0.4283
0.4127 0.5427 0.4568 0.4799 0.5266 0.5620 0.4228 0.4206 0.5235 0.4277
0.4127 0.5429 0.4562 0.4800 0.5262 0.5623 0.4229 0.4200 0.5234 0.4271
0.4126 0.5431 0.4556 0.4801 0.5258 0.5627 0.4231 0.4195 0.5233 0.4265
0.4126 0.5433 0.4550 0.4803 0.5253 0.5631 0.4233 0.4189 0.5233 0.4258
0.4125 0.5437 0.4543 0.4804 0.5249 0.5634 0.4234 0.4181 0.5232 0.4250
0.4124 0.5439 0.4538 0.4806 0.5244 0.5637 0.4237 0.4175 0.5231 0.4244
0.4124 0.5440 0.4534 0.4808 0.5239 0.5640 0.4239 0.4174 0.5230 0.4241
0.4123 0.5441 0.4532 0.4809 0.5237 0.5642 0.4240 0.4171 0.5230 0.4237
0.4122 0.5444 0.4528 0.4810 0.5236 0.5644 0.4241 0.4166 0.5229 0.4232
0.4122 0.5445 0.4525 0.4811 0.5233 0.5645 0.4242 0.4163 0.5228 0.4228
0.4122 0.5446 0.4522 0.4811 0.5230 0.5647 0.4243 0.4160 0.5228 0.4225
0.4121 0.5447 0.4518 0.4812 0.5228 0.5649 0.4244 0.4157 0.5228 0.4222
0.4121 0.5449 0.4514 0.4814 0.5225 0.5651 0.4244 0.4153 0.5227 0.4217
0.4120 0.5451 0.4510 0.4814 0.5223 0.5654 0.4245 0.4148 0.5227 0.4211
0.4120 0.5453 0.4505 0.4815 0.5219 0.5655 0.4247 0.4143 0.5226 0.4207
0.4120 0.5453 0.4503 0.4816 0.5216 0.5657 0.4249 0.4143 0.5225 0.4205
0.4119 0.5452 0.4504 0.4818 0.5214 0.5657 0.4250 0.4146 0.5225 0.4206
0.4119 0.5452 0.4507 0.4818 0.5216 0.5657 0.4250 0.4148 0.5225 0.4207
0.4118 0.5452 0.4510 0.4818 0.5219 0.5656 0.4249 0.4149 0.5225 0.4208
0.4119 0.5451 0.4510 0.4817 0.5221 0.5655 0.4248 0.4149 0.5225 0.4210
0.4119 0.5452 0.4510 0.4816 0.5221 0.5655 0.4247 0.4148 0.5226 0.4210
