0.3856 0.4250 0.4738 0.4925 0.4571 0.5805 0.4851 0.4343 0.4815 0.5389
0.3856 0.4250 0.4738 0.4925 0.4571 0.5805 0.4851 0.4342 0.4815 0.5390
0.3856 0.4250 0.4738 0.4925 0.4572 0.5805 0.4851 0.4342 0.4815 0.5390
0.3857 0.4250 0.4738 0.4925 0.4572 0.5805 0.4850 0.4341 0.4815 0.5390
0.3857 0.4251 0.4738 0.4925 0.4572 0.5805 0.4850 0.4341 0.4815 0.5390
0.3857 0.4250 0.4738 0.4925 0.4572 0.5805 0.4850 0.4341 0.4815 0.5390
0.3856 0.4250 0.4738 0.4925 0.4572 0.5805 0.4851 0.4341 0.4815 0.5389
0.3856 0.4252 0.4737 0.4925 0.4573 0.5805 0.4850 0.4342 0.4815 0.5386
0.3856 0.4254 0.4737 0.4925 0.4573 0.5806 0.4850 0.4342 0.4816 0.5383
0.3855 0.4254 0.4737 0.4925 0.4573 0.5807 0.4850 0.4343 0.4817 0.5381
0.3853 0.4254 0.4736 0.4926 0.4573 0.5809 0.4851 0.4344 0.4818 0.5380
0.3852 0.4254 0.4736 0.4927 0.4573 0.5810 0.4851 0.4347 0.4818 0.5377
0.3851 0.4255 0.4736 0.4928 0.4573 0.5811 0.4851 0.4350 0.4819 0.5372
0.3849 0.4259 0.4735 0.4928 0.4574 0.5813 0.4850 0.4352 0.4819 0.5365
0.3848 0.4261 0.4734 0.4928 0.4575 0.5815 0.4850 0.4353 0.4821 0.5360
0.3845 0.4262 0.4733 0.4930 0.4575 0.5818 0.4851 0.4356 0.4823 0.5354
0.3841 0.4264 0.4731 0.4931 0.4575 0.5821 0.4851 0.4363 0.4825 0.5345
0.3838 0.4267 0.4730 0.4932 0.4576 0.5825 0.4851 0.4368 0.4827 0.5333
0.3834 0.4272 0.4728 0.4934 0.4577 0.5830 0.4851 0.4373 0.4830 0.5320
0.3830 0.4276 0.4726 0.4936 0.4577 0.5836 0.4851 0.4380 0.4833 0.5307
0.3824 0.4278 0.4724 0.4938 0.4576 0.5842 0.4852 0.4389 0.4837 0.5296
0.3819 0.4279 0.4723 0.4941 0.4576 0.5848 0.4853 0.4400 0.4841 0.5283
0.3813 0.4283 0.4720 0.4943 0.4575 0.5854 0.4854 0.4411 0.4844 0.5267
0.3808 0.4287 0.4718 0.4945 0.4575 0.5860 0.4854 0.4420 0.4847 0.5252
0.3803 0.4291 0.4716 0.4947 0.4575 0.5867 0.4855 0.4429 0.4851 0.5237
0.3798 0.4294 0.4713 0.4950 0.4574 0.5875 0.4856 0.4440 0.4856 0.5222
0.3792 0.4298 0.4710 0.4953 0.4573 0.5882 0.4857 0.4452 0.4860 0.5206
0.3786 0.4301 0.4707 0.4956 0.4572 0.5890 0.4858 0.4465 0.4864 0.5190
0.3781 0.4304 0.4705 0.4958 0.4570 0.5898 0.4859 0.4476 0.4868 0.5177
0.3777 0.4304 0.4703 0.4961 0.4567 0.5904 0.4861 0.4486 0.4872 0.5169
0.3773 0.4303 0.4703 0.4963 0.4565 0.5909 0.4863 0.4496 0.4874 0.5163
0.3770 0.4303 0.4702 0.4965 0.4564 0.5912 0.4864 0.4504 0.4874 0.5155
0.3768 0.4307 0.4700 0.4966 0.4565 0.5915 0.4863 0.4510 0.4875 0.5143
0.3766 0.4315 0.4696 0.4967 0.4567 0.5920 0.4863 0.4516 0.4878 0.5126
0.3763 0.4322 0.4692 0.4969 0.4567 0.5928 0.4864 0.4522 0.4884 0.5110
0.3759 0.4325 0.4689 0.4972 0.4566 0.5938 0.4866 0.4532 0.4890 0.5098
0.3754 0.4324 0.4686 0.4976 0.4561 0.5946 0.4869 0.4545 0.4895 0.5091
0.3750 0.4321 0.4686 0.4978 0.4558 0.5950 0.4871 0.4557 0.4896 0.5086
0.3748 0.4320 0.4686 0.4979 0.4556 0.5952 0.4872 0.4565 0.4896 0.5082
0.3747 0.4322 0.4685 0.4980 0.4556 0.5954 0.4872 0.4569 0.4895 0.5075
0.3746 0.4326 0.4684 0.4980 0.4556 0.5956 0.4871 0.4571 0.4897 0.5068
0.3745 0.4327 0.4682 0.4981 0.4556 0.5959 0.4872 0.4573 0.4899 0.5065
0.3743 0.4326 0.4681 0.4982 0.4554 0.5962 0.4873 0.4577 0.4901 0.5064
0.3742 0.4324 0.4682 0.4983 0.4552 0.5963 0.4874 0.4581 0.4901 0.5065
0.3742 0.4320 0.4683 0.4982 0.4550 0.5962 0.4875 0.4583 0.4900 0.5070
0.3742 0.4315 0.4686 0.4981 0.4549 0.5959 0.4875 0.4580 0.4898 0.5079
0.3744 0.4310 0.4689 0.4980 0.4548 0.5954 0.4875 0.4577 0.4894 0.5090
0.3746 0.4307 0.4692 0.4978 0.4548 0.5947 0.4873 0.4571 0.4890 0.5099
0.3749 0.4308 0.4693 0.4976 0.4551 0.5942 0.4871 0.4564 0.4887 0.5103
0.3751 0.4311 0.4694 0.4975 0.4554 0.5939 0.4869 0.4556 0.4886 0.5104
0.3753 0.4311 0.4694 0.4974 0.4555 0.5938 0.4869 0.4549 0.4886 0.5108
0.3754 0.4308 0.4695 0.4973 0.4554 0.5937 0.4869 0.4546 0.4887 0.5117
0.3754 0.4302 0.4697 0.4973 0.4553 0.5934 0.4870 0.4545 0.4885 0.5127
0.3756 0.4300 0.4699 0.4972 0.4552 0.5929 0.4869 0.4542 0.4881 0.5133
0.3759 0.4299 0.4701 0.4970 0.4554 0.5924 0.4868 0.4535 0.4878 0.5139
0.3761 0.4298 0.4703 0.4968 0.4555 0.5920 0.4866 0.4527 0.4876 0.5146
0.3764 0.4297 0.4704 0.4967 0.4556 0.5916 0.4866 0.4521 0.4875 0.5154
0.3766 0.4294 0.4705 0.4966 0.4556 0.5913 0.4866 0.4516 0.4873 0.5163
0.3768 0.4293 0.4706 0.4965 0.4557 0.5909 0.4865 0.4511 0.4871 0.5167
0.3770 0.4294 0.4707 0.4963 0.4558 0.5907 0.4864 0.4506 0.4870 0.5171
0.3772 0.4291 0.4709 0.4961 0.4558 0.5903 0.4863 0.4499 0.4869 0.5182
0.3774 0.4285 0.4711 0.4961 0.4557 0.5900 0.4864 0.4495 0.4867 0.5195
0.3777 0.4281 0.4714 0.4959 0.4556 0.5894 0.4864 0.4491 0.4863 0.5205
0.3780 0.4280 0.4716 0.4957 0.4557 0.5888 0.4862 0.4484 0.4859 0.5213
0.3784 0.4282 0.4716 0.4955 0.4561 0.5883 0.4860 0.4475 0.4857 0.5215
0.3787 0.4288 0.4715 0.4954 0.4565 0.5882 0.4859 0.4468 0.4856 0.5211
0.3788 0.4292 0.4713 0.4954 0.4567 0.5884 0.4858 0.4464 0.4858 0.5207
0.3787 0.4292 0.4712 0.4955 0.4567 0.5886 0.4859 0.4464 0.4861 0.5208
0.3785 0.4289 0.4712 0.4956 0.4565 0.5889 0.4860 0.4469 0.4863 0.5208
0.3784 0.4287 0.4713 0.4957 0.4563 0.5889 0.4861 0.4473 0.4862 0.5209
0.3784 0.4285 0.4714 0.4956 0.4562 0.5887 0.4861 0.4473 0.4861 0.5211
0.3785 0.4284 0.4714 0.4956 0.4562 0.5886 0.4860 0.4472 0.4859 0.5214
0.3786 0.4285 0.4715 0.4955 0.4563 0.5884 0.4860 0.4469 0.4858 0.5215
0.3787 0.4286 0.4715 0.4955 0.4564 0.5883 0.4859 0.4467 0.4858 0.5215
0.3787 0.4287 0.4714 0.4954 0.4564 0.5883 0.4859 0.4466 0.4858 0.5215
0.3787 0.4286 0.4714 0.4954 0.4564 0.5883 0.4859 0.4465 0.4859 0.5217
0.3787 0.4283 0.4715 0.4954 0.4562 0.5883 0.4860 0.4464 0.4859 0.5223
0.3788 0.4278 0.4717 0.4954 0.4560 0.5881 0.4861 0.4463 0.4857 0.5232
0.3790 0.4274 0.4719 0.4953 0.4560 0.5876 0.4861 0.4461 0.4854 0.5240
0.3793 0.4274 0.4721 0.4951 0.4560 0.5872 0.4859 0.4456 0.4851 0.5246
0.3796 0.4275 0.4722 0.4949 0.4562 0.5868 0.4858 0.4448 0.4849 0.5251
0.3800 0.4274 0.4722 0.4948 0.4563 0.5865 0.4857 0.4441 0.4848 0.5258
0.3802 0.4271 0.4724 0.4947 0.4563 0.5863 0.4858 0.4436 0.4847 0.5267
0.3804 0.4267 0.4725 0.4946 0.4562 0.5859 0.4858 0.4433 0.4846 0.5276
0.3806 0.4266 0.4726 0.4945 0.4563 0.5856 0.4857 0.4429 0.4843 0.5282
0.3810 0.4267 0.4727 0.4943 0.4564 0.5852 0.4856 0.4422 0.4840 0.5287
0.3813 0.4268 0.4727 0.4942 0.4566 0.5849 0.4855 0.4416 0.4839 0.5289
0.3815 0.4269 0.4727 0.4941 0.4567 0.5848 0.4855 0.4411 0.4839 0.5293
0.3816 0.4268 0.4727 0.4941 0.4567 0.5847 0.4855 0.4408 0.4839 0.5297
0.3816 0.4265 0.4728 0.4941 0.4566 0.5846 0.4855 0.4408 0.4839 0.5301
0.3817 0.4264 0.4729 0.4940 0.4566 0.5844 0.4855 0.4406 0.4837 0.5306
0.3819 0.4262 0.4730 0.4939 0.4566 0.5842 0.4855 0.4403 0.4836 0.5311
0.3821 0.4261 0.4731 0.4938 0.4566 0.5839 0.4855 0.4400 0.4834 0.5316
0.3824 0.4261 0.4731 0.4937 0.4567 0.5837 0.4854 0.4396 0.4833 0.5319
0.3826 0.4262 0.4731 0.4937 0.4568 0.5835 0.4854 0.4392 0.4832 0.5322
0.3827 0.4262 0.4731 0.4936 0.4568 0.5834 0.4853 0.4389 0.4831 0.5325
0.3828 0.4262 0.4731 0.4936 0.4569 0.5833 0.4853 0.4387 0.4831 0.5327
0.3829 0.4260 0.4732 0.4935 0.4568 0.5832 0.4854 0.4386 0.4831 0.5331
0.3830 0.4258 0.4733 0.4935 0.4567 0.5831 0.4854 0.4384 0.4830 0.5336
0.3831 0.4256 0.4733 0.4935 0.4567 0.5829 0.4854 0.4383 0.4829 0.5341
0.3833 0.4256 0.4734 0.4934 0.4567 0.5826 0.4853 0.4380 0.4827 0.5344
0.3836 0.4256 0.4734 0.4932 0.4568 0.5824 0.4853 0.4375 0.4826 0.5348
0.3838 0.4256 0.4735 0.4932 0.4569 0.5822 0.4852 0.4372 0.4825 0.5351
0.3839 0.4257 0.4734 0.4932 0.4570 0.5821 0.4852 0.4370 0.4824 0.5350
0.3840 0.4259 0.4734 0.4931 0.4570 0.5822 0.4852 0.4368 0.4824 0.5350
0.3840 0.4258 0.4734 0.4931 0.4570 0.5821 0.4852 0.4366 0.4825 0.5353
0.3840 0.4256 0.4734 0.4932 0.4570 0.5821 0.4852 0.4367 0.4825 0.5355
0.3840 0.4255 0.4735 0.4931 0.4569 0.5821 0.4853 0.4368 0.4824 0.5356
0.3841 0.4255 0.4735 0.4931 0.4569 0.5820 0.4852 0.4366 0.4823 0.5358
0.3842 0.4254 0.4735 0.4930 0.4569 0.5818 0.4852 0.4365 0.4823 0.5361
0.3843 0.4254 0.4736 0.4930 0.4570 0.5817 0.4852 0.4363 0.4822 0.5362
0.3844 0.4254 0.4736 0.4929 0.4570 0.5816 0.4852 0.4361 0.4822 0.5364
0.3845 0.4254 0.4736 0.4929 0.4570 0.5816 0.4852 0.4359 0.4821 0.5366
0.3846 0.4253 0.4736 0.4929 0.4570 0.5815 0.4852 0.4358 0.4821 0.5368
0.3846 0.4252 0.4737 0.4929 0.4569 0.5814 0.4852 0.4357 0.4821 0.5372
0.3847 0.4250 0.4737 0.4928 0.4569 0.5813 0.4852 0.4356 0.4820 0.5376
0.3849 0.4250 0.4738 0.4928 0.4569 0.5811 0.4852 0.4355 0.4819 0.5378
0.3850 0.4250 0.4738 0.4927 0.4570 0.5810 0.4851 0.4352 0.4817 0.5380
0.3852 0.4251 0.4738 0.4926 0.4571 0.5809 0.4851 0.4349 0.4817 0.5381
0.3853 0.4252 0.4737 0.4926 0.4572 0.5808 0.4851 0.4347 0.4817 0.5381
0.3853 0.4253 0.4737 0.4926 0.4572 0.5808 0.4851 0.4346 0.4817 0.5381
0.3853 0.4253 0.4737 0.4926 0.4572 0.5809 0.4851 0.4346 0.4817 0.5381
0.3853 0.4252 0.4737 0.4926 0.4572 0.5809 0.4851 0.4347 0.4818 0.5381
0.3852 0.4252 0.4737 0.4927 0.4572 0.5809 0.4851 0.4348 0.4818 0.5381
0.3852 0.4252 0.4737 0.4927 0.4572 0.5809 0.4851 0.4349 0.4817 0.5379
0.3852 0.4253 0.4737 0.4926 0.4572 0.5809 0.4851 0.4348 0.4817 0.5378
0.3852 0.4254 0.4736 0.4927 0.4572 0.5810 0.4851 0.4348 0.4818 0.5377
0.3851 0.4254 0.4736 0.4927 0.4572 0.5811 0.4851 0.4349 0.4818 0.5376
0.3850 0.4254 0.4736 0.4927 0.4572 0.5811 0.4851 0.4350 0.4819 0.5375
0.3850 0.4254 0.4736 0.4928 0.4572 0.5811 0.4851 0.4351 0.4819 0.5374
0.3849 0.4255 0.4736 0.4928 0.4572 0.5812 0.4851 0.4352 0.4819 0.5370
0.3849 0.4257 0.4735 0.4928 0.4573 0.5813 0.4851 0.4353 0.4820 0.5367
0.3847 0.4259 0.4734 0.4928 0.4574 0.5815 0.4851 0.4354 0.4821 0.5362
0.3845 0.4261 0.4733 0.4929 0.4574 0.5817 0.4851 0.4357 0.4822 0.5356
0.3843 0.4262 0.4733 0.4930 0.4574 0.5820 0.4851 0.4360 0.4824 0.5350
0.3840 0.4263 0.4732 0.4931 0.4574 0.5822 0.4851 0.4364 0.4826 0.5346
0.3838 0.4262 0.4732 0.4932 0.4573 0.5825 0.4852 0.4368 0.4827 0.5342
0.3836 0.4262 0.4731 0.4933 0.4572 0.5826 0.4852 0.4373 0.4828 0.5339
0.3834 0.4263 0.4731 0.4934 0.4572 0.5828 0.4852 0.4376 0.4828 0.5334
0.3833 0.4264 0.4731 0.4934 0.4572 0.5829 0.4852 0.4378 0.4829 0.5330
0.3832 0.4266 0.4730 0.4935 0.4573 0.5831 0.4852 0.4380 0.4830 0.5325
0.3830 0.4267 0.4729 0.4935 0.4573 0.5833 0.4852 0.4382 0.4832 0.5320
0.3828 0.4268 0.4729 0.4936 0.4572 0.5835 0.4853 0.4385 0.4833 0.5317
0.3826 0.4267 0.4728 0.4937 0.4571 0.5837 0.4853 0.4389 0.4834 0.5314
0.3824 0.4268 0.4728 0.4938 0.4571 0.5839 0.4854 0.4393 0.4835 0.5310
0.3823 0.4268 0.4728 0.4938 0.4571 0.5840 0.4854 0.4395 0.4835 0.5307
0.3822 0.4269 0.4727 0.4939 0.4571 0.5841 0.4854 0.4397 0.4836 0.5304
0.3821 0.4271 0.4727 0.4939 0.4571 0.5843 0.4854 0.4399 0.4837 0.5299
0.3819 0.4272 0.4726 0.4940 0.4571 0.5845 0.4854 0.4401 0.4838 0.5296
0.3817 0.4274 0.4725 0.4941 0.4572 0.5846 0.4854 0.4404 0.4839 0.5289
0.3815 0.4277 0.4723 0.4942 0.4572 0.5850 0.4854 0.4409 0.4841 0.5280
0.3813 0.4278 0.4723 0.4942 0.4572 0.5853 0.4854 0.4411 0.4843 0.5276
0.3810 0.4277 0.4722 0.4944 0.4571 0.5856 0.4855 0.4416 0.4845 0.5272
0.3808 0.4277 0.4722 0.4945 0.4569 0.5859 0.4856 0.4423 0.4846 0.5267
0.3806 0.4277 0.4722 0.4946 0.4569 0.5860 0.4856 0.4426 0.4846 0.5264
0.3805 0.4277 0.4721 0.4946 0.4568 0.5861 0.4856 0.4428 0.4847 0.5262
0.3804 0.4277 0.4721 0.4946 0.4568 0.5862 0.4856 0.4430 0.4847 0.5261
0.3803 0.4276 0.4722 0.4947 0.4567 0.5862 0.4857 0.4431 0.4848 0.5261
0.3803 0.4277 0.4721 0.4947 0.4568 0.5862 0.4857 0.4433 0.4847 0.5259
0.3803 0.4278 0.4721 0.4947 0.4567 0.5863 0.4856 0.4433 0.4848 0.5256
0.3802 0.4281 0.4720 0.4947 0.4569 0.5864 0.4856 0.4434 0.4848 0.5251
0.3801 0.4285 0.4718 0.4948 0.4571 0.5867 0.4856 0.4437 0.4850 0.5241
0.3798 0.4291 0.4715 0.4949 0.4573 0.5871 0.4855 0.4440 0.4852 0.5228
0.3795 0.4297 0.4712 0.4951 0.4574 0.5878 0.4856 0.4447 0.4856 0.5211
0.3790 0.4301 0.4709 0.4954 0.4573 0.5886 0.4857 0.4457 0.4862 0.5197
0.3784 0.4303 0.4706 0.4957 0.4572 0.5894 0.4859 0.4469 0.4867 0.5183
0.3778 0.4306 0.4702 0.4961 0.4570 0.5903 0.4861 0.4483 0.4871 0.5166
0.3774 0.4309 0.4701 0.4963 0.4568 0.5910 0.4861 0.4494 0.4874 0.5154
0.3769 0.4310 0.4699 0.4965 0.4567 0.5916 0.4863 0.4504 0.4878 0.5144
0.3766 0.4311 0.4696 0.4968 0.4564 0.5922 0.4865 0.4515 0.4880 0.5134
0.3763 0.4313 0.4695 0.4969 0.4563 0.5926 0.4865 0.4523 0.4882 0.5125
0.3760 0.4316 0.4693 0.4971 0.4563 0.5930 0.4866 0.4530 0.4884 0.5114
0.3757 0.4319 0.4691 0.4972 0.4562 0.5936 0.4867 0.4537 0.4887 0.5104
0.3755 0.4317 0.4691 0.4973 0.4559 0.5940 0.4868 0.4542 0.4890 0.5106
0.3753 0.4310 0.4692 0.4975 0.4555 0.5941 0.4870 0.4547 0.4891 0.5112
0.3752 0.4305 0.4694 0.4975 0.4553 0.5939 0.4871 0.4551 0.4888 0.5117
0.3753 0.4306 0.4696 0.4974 0.4554 0.5934 0.4870 0.4550 0.4884 0.5116
0.3755 0.4310 0.4696 0.4972 0.4556 0.5932 0.4868 0.4545 0.4883 0.5114
0.3756 0.4312 0.4695 0.4972 0.4558 0.5933 0.4867 0.4540 0.4884 0.5114
0.3756 0.4312 0.4694 0.4972 0.4558 0.5934 0.4868 0.4540 0.4886 0.5114
0.3756 0.4311 0.4694 0.4973 0.4557 0.5936 0.4869 0.4542 0.4887 0.5114
0.3755 0.4310 0.4694 0.4973 0.4556 0.5935 0.4869 0.4543 0.4886 0.5115
0.3755 0.4307 0.4695 0.4973 0.4555 0.5934 0.4869 0.4543 0.4885 0.5119
0.3756 0.4303 0.4697 0.4972 0.4554 0.5932 0.4869 0.4541 0.4884 0.5128
0.3757 0.4299 0.4700 0.4971 0.4553 0.5928 0.4869 0.4538 0.4881 0.5138
0.3759 0.4296 0.4702 0.4969 0.4553 0.5922 0.4868 0.4533 0.4878 0.5146
0.3762 0.4296 0.4704 0.4967 0.4554 0.5918 0.4867 0.4526 0.4875 0.5152
0.3765 0.4294 0.4706 0.4965 0.4556 0.5913 0.4865 0.4517 0.4873 0.5161
0.3768 0.4292 0.4707 0.4964 0.4556 0.5909 0.4865 0.4511 0.4871 0.5169
0.3770 0.4289 0.4709 0.4963 0.4556 0.5906 0.4865 0.4505 0.4870 0.5180
0.3773 0.4285 0.4711 0.4961 0.4556 0.5900 0.4864 0.4498 0.4866 0.5192
0.3776 0.4283 0.4713 0.4960 0.4557 0.5895 0.4863 0.4493 0.4863 0.5199
0.3780 0.4283 0.4714 0.4957 0.4558 0.5890 0.4862 0.4484 0.4861 0.5206
0.3783 0.4282 0.4716 0.4956 0.4560 0.5886 0.4861 0.4475 0.4859 0.5215
0.3785 0.4281 0.4716 0.4955 0.4561 0.5883 0.4861 0.4470 0.4858 0.5221
0.3788 0.4281 0.4717 0.4954 0.4561 0.5881 0.4860 0.4466 0.4856 0.5225
0.3790 0.4280 0.4718 0.4952 0.4562 0.5878 0.4859 0.4460 0.4855 0.5231
0.3791 0.4280 0.4718 0.4952 0.4563 0.5876 0.4859 0.4457 0.4854 0.5233
0.3793 0.4281 0.4718 0.4951 0.4564 0.5875 0.4859 0.4455 0.4853 0.5235
0.3794 0.4280 0.4719 0.4951 0.4564 0.5873 0.4858 0.4451 0.4853 0.5239
0.3795 0.4277 0.4720 0.4950 0.4563 0.5872 0.4859 0.4449 0.4853 0.5245
0.3796 0.4275 0.4720 0.4950 0.4563 0.5870 0.4859 0.4448 0.4851 0.5249
0.3797 0.4276 0.4721 0.4949 0.4564 0.5868 0.4858 0.4446 0.4849 0.5249
0.3799 0.4278 0.4721 0.4948 0.4565 0.5866 0.4857 0.4442 0.4849 0.5250
0.3800 0.4278 0.4721 0.4948 0.4566 0.5866 0.4857 0.4438 0.4849 0.5253
0.3800 0.4278 0.4720 0.4948 0.4567 0.5866 0.4857 0.4438 0.4849 0.5252
0.3800 0.4278 0.4720 0.4948 0.4566 0.5866 0.4857 0.4438 0.4849 0.5252
0.3800 0.4278 0.4721 0.4948 0.4566 0.5866 0.4857 0.4438 0.4849 0.5253
0.3800 0.4278 0.4720 0.4948 0.4566 0.5866 0.4857 0.4438 0.4849 0.5253
0.3800 0.4277 0.4721 0.4948 0.4566 0.5866 0.4857 0.4438 0.4849 0.5255
0.3801 0.4276 0.4721 0.4948 0.4566 0.5865 0.4857 0.4437 0.4849 0.5257
0.3801 0.4276 0.4722 0.4948 0.4566 0.5864 0.4857 0.4437 0.4848 0.5258
0.3802 0.4276 0.4722 0.4947 0.4566 0.5863 0.4857 0.4436 0.4847 0.5258
0.3802 0.4277 0.4722 0.4947 0.4566 0.5863 0.4857 0.4434 0.4847 0.5259
0.3803 0.4276 0.4722 0.4947 0.4566 0.5863 0.4857 0.4433 0.4848 0.5262
0.3803 0.4274 0.4723 0.4947 0.4566 0.5862 0.4857 0.4432 0.4847 0.5265
0.3804 0.4273 0.4723 0.4947 0.4566 0.5861 0.4857 0.4432 0.4846 0.5265
0.3805 0.4275 0.4723 0.4946 0.4566 0.5860 0.4856 0.4431 0.4845 0.5265
0.3806 0.4275 0.4723 0.4945 0.4566 0.5859 0.4856 0.4428 0.4845 0.5268
0.3806 0.4274 0.4723 0.4946 0.4567 0.5859 0.4856 0.4427 0.4845 0.5270
0.3806 0.4273 0.4723 0.4945 0.4566 0.5858 0.4856 0.4427 0.4845 0.5270
0.3807 0.4273 0.4724 0.4945 0.4566 0.5858 0.4856 0.4426 0.4845 0.5274
0.3807 0.4271 0.4724 0.4945 0.4566 0.5856 0.4856 0.4424 0.4844 0.5277
0.3808 0.4271 0.4724 0.4945 0.4567 0.5855 0.4856 0.4424 0.4843 0.5276
0.3809 0.4272 0.4725 0.4944 0.4566 0.5854 0.4856 0.4421 0.4843 0.5278
0.3810 0.4271 0.4725 0.4943 0.4566 0.5853 0.4856 0.4419 0.4843 0.5283
0.3811 0.4268 0.4726 0.4943 0.4566 0.5852 0.4856 0.4418 0.4842 0.5287
0.3812 0.4267 0.4727 0.4943 0.4565 0.5851 0.4856 0.4417 0.4841 0.5290
0.3813 0.4266 0.4727 0.4942 0.4566 0.5848 0.4856 0.4414 0.4839 0.5294
0.3815 0.4266 0.4728 0.4941 0.4566 0.5846 0.4855 0.4411 0.4838 0.5298
0.3817 0.4265 0.4728 0.4940 0.4567 0.5845 0.4855 0.4407 0.4837 0.5302
0.3818 0.4266 0.4728 0.4940 0.4567 0.5843 0.4855 0.4405 0.4836 0.5304
0.3820 0.4267 0.4728 0.4939 0.4568 0.5842 0.4854 0.4402 0.4836 0.5304
0.3820 0.4268 0.4728 0.4939 0.4569 0.5842 0.4854 0.4401 0.4836 0.5304
0.3821 0.4267 0.4728 0.4939 0.4569 0.5842 0.4854 0.4400 0.4836 0.5306
0.3820 0.4265 0.4729 0.4939 0.4568 0.5842 0.4855 0.4400 0.4836 0.5309
0.3821 0.4263 0.4729 0.4939 0.4567 0.5841 0.4855 0.4400 0.4836 0.5312
0.3822 0.4262 0.4730 0.4938 0.4567 0.5839 0.4855 0.4398 0.4834 0.5316
0.3824 0.4261 0.4731 0.4937 0.4567 0.5837 0.4854 0.4395 0.4833 0.5320
0.3826 0.4260 0.4731 0.4937 0.4567 0.5835 0.4854 0.4392 0.4832 0.5325
0.3827 0.4260 0.4732 0.4936 0.4567 0.5833 0.4854 0.4389 0.4831 0.5328
0.3829 0.4259 0.4732 0.4935 0.4568 0.5831 0.4853 0.4386 0.4830 0.5332
0.3831 0.4259 0.4733 0.4935 0.4568 0.5830 0.4853 0.4383 0.4829 0.5335
0.3832 0.4258 0.4733 0.4934 0.4568 0.5828 0.4853 0.4381 0.4828 0.5339
0.3834 0.4257 0.4734 0.4933 0.4568 0.5827 0.4853 0.4378 0.4828 0.5344
0.3835 0.4255 0.4734 0.4933 0.4568 0.5825 0.4853 0.4376 0.4826 0.5349
0.3837 0.4255 0.4735 0.4932 0.4568 0.5823 0.4853 0.4373 0.4825 0.5352
0.3839 0.4254 0.4735 0.4931 0.4568 0.5821 0.4852 0.4370 0.4824 0.5356
0.3841 0.4255 0.4735 0.4931 0.4569 0.5819 0.4852 0.4367 0.4823 0.5358
0.3842 0.4255 0.4735 0.4930 0.4570 0.5818 0.4852 0.4364 0.4822 0.5359
0.3843 0.4256 0.4735 0.4930 0.4570 0.5818 0.4852 0.4362 0.4822 0.5361
0.3844 0.4255 0.4735 0.4930 0.4570 0.5817 0.4852 0.4361 0.4822 0.5362
0.3844 0.4254 0.4735 0.4930 0.4570 0.5817 0.4852 0.4361 0.4822 0.5364
0.3845 0.4253 0.4736 0.4929 0.4570 0.5816 0.4852 0.4360 0.4822 0.5367
0.3845 0.4252 0.4736 0.4929 0.4570 0.5815 0.4852 0.4359 0.4821 0.5369
0.3846 0.4252 0.4737 0.4929 0.4569 0.5814 0.4852 0.4358 0.4820 0.5372
0.3848 0.4251 0.4737 0.4928 0.4569 0.5813 0.4852 0.4356 0.4819 0.5375
0.3849 0.4251 0.4737 0.4928 0.4569 0.5811 0.4852 0.4354 0.4819 0.5378
0.3850 0.4250 0.4738 0.4927 0.4570 0.5810 0.4851 0.4352 0.4818 0.5381
0.3852 0.4250 0.4738 0.4927 0.4570 0.5809 0.4851 0.4350 0.4817 0.5383
0.3853 0.4249 0.4738 0.4926 0.4570 0.5808 0.4851 0.4347 0.4816 0.5387
0.3854 0.4248 0.4739 0.4926 0.4570 0.5806 0.4851 0.4346 0.4816 0.5390
0.3856 0.4248 0.4739 0.4925 0.4570 0.5805 0.4851 0.4344 0.4815 0.5392
0.3857 0.4248 0.4739 0.4925 0.4570 0.5804 0.4851 0.4342 0.4814 0.5394
0.3858 0.4248 0.4739 0.4924 0.4571 0.5803 0.4850 0.4340 0.4814 0.5396
0.3859 0.4248 0.4739 0.4924 0.4571 0.5802 0.4850 0.4338 0.4813 0.5397
0.3860 0.4248 0.4739 0.4924 0.4571 0.5802 0.4850 0.4337 0.4813 0.5398
0.3860 0.4248 0.4739 0.4923 0.4572 0.5801 0.4850 0.4336 0.4813 0.5399
0.3861 0.4248 0.4739 0.4923 0.4572 0.5801 0.4850 0.4335 0.4812 0.5399
0.3861 0.4249 0.4739 0.4923 0.4572 0.5801 0.4850 0.4335 0.4813 0.5399
0.3861 0.4249 0.4739 0.4923 0.4572 0.5801 0.4850 0.4335 0.4813 0.5399
0.3861 0.4249 0.4739 0.4923 0.4572 0.5801 0.4850 0.4335 0.4813 0.5399
0.3860 0.4249 0.4739 0.4924 0.4572 0.5801 0.4850 0.4336 0.4813 0.5398
0.3860 0.4249 0.4739 0.4924 0.4572 0.5802 0.4850 0.4336 0.4813 0.5397
0.3860 0.4250 0.4738 0.4924 0.4572 0.5802 0.4850 0.4336 0.4813 0.5396
0.3860 0.4250 0.4738 0.4924 0.4573 0.5802 0.4850 0.4336 0.4813 0.5395
0.3859 0.4250 0.4738 0.4924 0.4573 0.5803 0.4850 0.4337 0.4814 0.5395
0.3859 0.4251 0.4738 0.4924 0.4573 0.5803 0.4850 0.4338 0.4814 0.5392
0.3858 0.4252 0.4738 0.4924 0.4573 0.5804 0.4850 0.4339 0.4814 0.5389
0.3857 0.4253 0.4737 0.4925 0.4573 0.5805 0.4850 0.4339 0.4815 0.5387
0.3856 0.4253 0.4737 0.4925 0.4573 0.5806 0.4850 0.4341 0.4816 0.5385
0.3855 0.4254 0.4736 0.4926 0.4574 0.5808 0.4850 0.4343 0.4817 0.5381
0.3853 0.4256 0.4736 0.4926 0.4574 0.5809 0.4850 0.4346 0.4817 0.5375
0.3851 0.4258 0.4735 0.4927 0.4574 0.5811 0.4850 0.4348 0.4819 0.5370
0.3849 0.4259 0.4734 0.4928 0.4574 0.5813 0.4850 0.4350 0.4820 0.5366
0.3847 0.4259 0.4734 0.4929 0.4574 0.5816 0.4851 0.4354 0.4822 0.5360
0.3844 0.4260 0.4733 0.4930 0.4574 0.5818 0.4851 0.4359 0.4823 0.5355
0.3842 0.4262 0.4732 0.4931 0.4574 0.5821 0.4851 0.4363 0.4824 0.5348
0.3839 0.4264 0.4731 0.4932 0.4574 0.5823 0.4851 0.4366 0.4826 0.5341
0.3837 0.4265 0.4731 0.4932 0.4574 0.5826 0.4852 0.4370 0.4828 0.5336
0.3834 0.4265 0.4730 0.4934 0.4573 0.5829 0.4852 0.4374 0.4830 0.5332
0.3831 0.4266 0.4730 0.4935 0.4573 0.5831 0.4853 0.4380 0.4831 0.5325
0.3829 0.4268 0.4729 0.4936 0.4573 0.5833 0.4852 0.4384 0.4832 0.5319
0.3827 0.4270 0.4728 0.4936 0.4573 0.5836 0.4853 0.4387 0.4833 0.5312
0.3825 0.4272 0.4727 0.4938 0.4573 0.5839 0.4853 0.4391 0.4835 0.5305
0.3822 0.4274 0.4726 0.4939 0.4573 0.5843 0.4853 0.4396 0.4837 0.5298
0.3819 0.4274 0.4725 0.4940 0.4572 0.5846 0.4854 0.4401 0.4839 0.5292
0.3816 0.4275 0.4724 0.4942 0.4572 0.5849 0.4854 0.4406 0.4841 0.5285
0.3813 0.4277 0.4723 0.4943 0.4572 0.5852 0.4854 0.4412 0.4842 0.5276
0.3811 0.4280 0.4722 0.4944 0.4572 0.5856 0.4854 0.4417 0.4844 0.5268
0.3808 0.4282 0.4720 0.4945 0.4572 0.5859 0.4855 0.4421 0.4846 0.5260
0.3804 0.4284 0.4719 0.4947 0.4572 0.5863 0.4856 0.4428 0.4849 0.5251
0.3801 0.4286 0.4717 0.4948 0.4571 0.5868 0.4856 0.4435 0.4851 0.5241
0.3798 0.4288 0.4716 0.4950 0.4571 0.5872 0.4856 0.4441 0.4853 0.5233
0.3795 0.4289 0.4714 0.4951 0.4570 0.5876 0.4857 0.4447 0.4856 0.5224
0.3792 0.4291 0.4713 0.4953 0.4569 0.5880 0.4858 0.4454 0.4858 0.5216
0.3789 0.4292 0.4712 0.4954 0.4568 0.5884 0.4859 0.4460 0.4860 0.5210
0.3786 0.4293 0.4711 0.4956 0.4568 0.5887 0.4859 0.4466 0.4862 0.5203
0.3784 0.4294 0.4710 0.4957 0.4567 0.5891 0.4860 0.4472 0.4863 0.5196
0.3782 0.4295 0.4709 0.4958 0.4566 0.5894 0.4860 0.4476 0.4865 0.5192
0.3780 0.4294 0.4709 0.4959 0.4564 0.5895 0.4861 0.4480 0.4866 0.5191
0.3779 0.4293 0.4709 0.4959 0.4563 0.5897 0.4862 0.4484 0.4866 0.5189
0.3778 0.4293 0.4709 0.4959 0.4563 0.5897 0.4862 0.4486 0.4866 0.5188
0.3778 0.4293 0.4709 0.4959 0.4563 0.5897 0.4862 0.4486 0.4866 0.5188
0.3778 0.4293 0.4709 0.4960 0.4563 0.5897 0.4862 0.4487 0.4866 0.5186
0.3777 0.4295 0.4708 0.4960 0.4564 0.5898 0.4861 0.4487 0.4866 0.5182
0.3777 0.4296 0.4708 0.4960 0.4564 0.5899 0.4861 0.4488 0.4867 0.5181
0.3776 0.4295 0.4708 0.4960 0.4563 0.5901 0.4862 0.4489 0.4868 0.5181
0.3776 0.4293 0.4708 0.4961 0.4562 0.5901 0.4863 0.4491 0.4868 0.5183
0.3775 0.4292 0.4709 0.4961 0.4561 0.5900 0.4863 0.4492 0.4867 0.5185
0.3776 0.4292 0.4709 0.4960 0.4561 0.5899 0.4862 0.4492 0.4866 0.5184
0.3777 0.4293 0.4709 0.4960 0.4562 0.5898 0.4862 0.4490 0.4866 0.5184
0.3777 0.4292 0.4709 0.4959 0.4562 0.5898 0.4862 0.4488 0.4866 0.5187
0.3777 0.4291 0.4709 0.4960 0.4562 0.5897 0.4862 0.4487 0.4866 0.5189
0.3777 0.4292 0.4709 0.4960 0.4562 0.5897 0.4862 0.4488 0.4865 0.5187
0.3778 0.4293 0.4710 0.4959 0.4562 0.5897 0.4861 0.4487 0.4865 0.5188
0.3778 0.4290 0.4710 0.4959 0.4561 0.5896 0.4862 0.4485 0.4866 0.5193
0.3778 0.4287 0.4711 0.4959 0.4561 0.5895 0.4862 0.4485 0.4865 0.5198
0.3779 0.4286 0.4712 0.4958 0.4560 0.5893 0.4862 0.4484 0.4863 0.5202
0.3781 0.4285 0.4714 0.4957 0.4561 0.5890 0.4861 0.4480 0.4861 0.5206
0.3783 0.4285 0.4714 0.4956 0.4561 0.5887 0.4861 0.4476 0.4860 0.5210
0.3785 0.4284 0.4715 0.4955 0.4561 0.5885 0.4860 0.4471 0.4859 0.5216
0.3786 0.4282 0.4716 0.4955 0.4562 0.5883 0.4860 0.4468 0.4858 0.5222
0.3788 0.4281 0.4716 0.4954 0.4562 0.5881 0.4860 0.4466 0.4856 0.5224
0.3789 0.4282 0.4717 0.4953 0.4563 0.5879 0.4859 0.4462 0.4855 0.5226
0.3791 0.4281 0.4718 0.4952 0.4563 0.5877 0.4859 0.4457 0.4855 0.5232
0.3792 0.4277 0.4719 0.4952 0.4562 0.5875 0.4859 0.4454 0.4854 0.5240
0.3793 0.4275 0.4720 0.4951 0.4562 0.5872 0.4859 0.4453 0.4852 0.5245
0.3795 0.4276 0.4720 0.4950 0.4563 0.5870 0.4858 0.4450 0.4850 0.5246
0.3798 0.4278 0.4721 0.4949 0.4565 0.5868 0.4857 0.4444 0.4849 0.5248
0.3799 0.4278 0.4721 0.4948 0.4565 0.5867 0.4857 0.4440 0.4850 0.5252
0.3800 0.4277 0.4721 0.4948 0.4565 0.5866 0.4858 0.4439 0.4850 0.5254
0.3800 0.4275 0.4721 0.4948 0.4565 0.5865 0.4858 0.4439 0.4849 0.5257
0.3801 0.4274 0.4722 0.4948 0.4565 0.5864 0.4857 0.4437 0.4848 0.5260
0.3802 0.4274 0.4723 0.4947 0.4565 0.5862 0.4857 0.4435 0.4847 0.5263
0.3804 0.4272 0.4723 0.4946 0.4565 0.5861 0.4857 0.4432 0.4846 0.5268
0.3805 0.4271 0.4724 0.4946 0.4565 0.5859 0.4857 0.4430 0.4845 0.5271
0.3806 0.4272 0.4724 0.4945 0.4566 0.5857 0.4856 0.4428 0.4844 0.5272
0.3808 0.4274 0.4724 0.4944 0.4567 0.5856 0.4856 0.4425 0.4844 0.5272
0.3808 0.4274 0.4724 0.4944 0.4567 0.5856 0.4856 0.4422 0.4844 0.5274
0.3808 0.4272 0.4724 0.4944 0.4566 0.5856 0.4856 0.4422 0.4844 0.5278
0.3809 0.4269 0.4725 0.4944 0.4565 0.5855 0.4857 0.4422 0.4844 0.5283
0.3810 0.4267 0.4726 0.4944 0.4565 0.5852 0.4856 0.4421 0.4842 0.5288
0.3812 0.4266 0.4727 0.4942 0.4564 0.5850 0.4856 0.4418 0.4840 0.5293
0.3814 0.4265 0.4728 0.4941 0.4565 0.5847 0.4855 0.4412 0.4838 0.5298
0.3817 0.4265 0.4728 0.4940 0.4566 0.5845 0.4855 0.4408 0.4837 0.5302
0.3819 0.4266 0.4729 0.4940 0.4567 0.5843 0.4855 0.4405 0.4836 0.5304
0.3820 0.4266 0.4729 0.4939 0.4568 0.5842 0.4854 0.4402 0.4836 0.5305
0.3821 0.4267 0.4728 0.4939 0.4569 0.5842 0.4854 0.4400 0.4836 0.5306
0.3821 0.4267 0.4728 0.4939 0.4569 0.5841 0.4854 0.4399 0.4836 0.5307
0.3821 0.4266 0.4728 0.4939 0.4569 0.5841 0.4854 0.4399 0.4836 0.5307
0.3821 0.4266 0.4728 0.4939 0.4568 0.5841 0.4854 0.4399 0.4836 0.5308
0.3821 0.4266 0.4729 0.4939 0.4569 0.5841 0.4854 0.4399 0.4835 0.5308
0.3821 0.4267 0.4728 0.4939 0.4569 0.5841 0.4854 0.4399 0.4835 0.5306
0.3821 0.4269 0.4728 0.4939 0.4570 0.5841 0.4854 0.4398 0.4835 0.5304
0.3821 0.4269 0.4728 0.4939 0.4570 0.5842 0.4854 0.4398 0.4836 0.5303
0.3820 0.4269 0.4727 0.4939 0.4570 0.5843 0.4854 0.4400 0.4837 0.5302
0.3819 0.4268 0.4727 0.4940 0.4569 0.5844 0.4854 0.4402 0.4837 0.5301
0.3819 0.4269 0.4727 0.4940 0.4569 0.5844 0.4854 0.4403 0.4838 0.5299
0.3818 0.4268 0.4727 0.4940 0.4569 0.5845 0.4854 0.4403 0.4838 0.5300
0.3818 0.4267 0.4728 0.4940 0.4568 0.5844 0.4855 0.4404 0.4838 0.5302
0.3818 0.4266 0.4728 0.4940 0.4567 0.5844 0.4855 0.4404 0.4837 0.5303
0.3819 0.4265 0.4729 0.4940 0.4567 0.5843 0.4855 0.4403 0.4837 0.5306
0.3820 0.4265 0.4729 0.4939 0.4568 0.5842 0.4855 0.4402 0.4836 0.5308
0.3821 0.4265 0.4729 0.4939 0.4567 0.5841 0.4854 0.4400 0.4835 0.5310
0.3822 0.4263 0.4730 0.4938 0.4567 0.5839 0.4854 0.4397 0.4835 0.5315
0.3823 0.4262 0.4730 0.4938 0.4567 0.5838 0.4854 0.4396 0.4834 0.5319
0.3824 0.4261 0.4731 0.4937 0.4567 0.5836 0.4854 0.4394 0.4833 0.5321
0.3826 0.4261 0.4731 0.4936 0.4568 0.5835 0.4854 0.4391 0.4832 0.5324
0.3828 0.4261 0.4732 0.4936 0.4568 0.5833 0.4854 0.4388 0.4831 0.5328
0.3829 0.4259 0.4732 0.4935 0.4568 0.5832 0.4854 0.4386 0.4830 0.5333
0.3830 0.4258 0.4733 0.4935 0.4568 0.5830 0.4854 0.4384 0.4829 0.5336
0.3832 0.4258 0.4733 0.4934 0.4568 0.5828 0.4853 0.4382 0.4828 0.5338
0.3834 0.4259 0.4733 0.4933 0.4569 0.5827 0.4853 0.4379 0.4827 0.5340
0.3835 0.4258 0.4733 0.4933 0.4569 0.5826 0.4853 0.4376 0.4827 0.5343
0.3836 0.4257 0.4734 0.4933 0.4569 0.5825 0.4853 0.4374 0.4827 0.5346
0.3837 0.4256 0.4734 0.4932 0.4569 0.5824 0.4853 0.4373 0.4826 0.5349
0.3838 0.4255 0.4735 0.4932 0.4569 0.5823 0.4853 0.4372 0.4825 0.5352
0.3839 0.4255 0.4735 0.4931 0.4568 0.5821 0.4853 0.4370 0.4824 0.5356
0.3841 0.4254 0.4735 0.4931 0.4569 0.5820 0.4852 0.4367 0.4823 0.5359
0.3842 0.4254 0.4736 0.4930 0.4569 0.5818 0.4852 0.4365 0.4822 0.5362
0.3844 0.4254 0.4736 0.4930 0.4569 0.5817 0.4852 0.4362 0.4822 0.5364
0.3845 0.4254 0.4736 0.4929 0.4570 0.5816 0.4852 0.4360 0.4821 0.5367
0.3846 0.4252 0.4736 0.4929 0.4569 0.5815 0.4852 0.4358 0.4821 0.5370
0.3847 0.4251 0.4737 0.4928 0.4569 0.5814 0.4852 0.4357 0.4820 0.5375
0.3848 0.4249 0.4738 0.4928 0.4569 0.5812 0.4852 0.4355 0.4819 0.5379
0.3850 0.4248 0.4738 0.4927 0.4569 0.5810 0.4852 0.4353 0.4817 0.5382
0.3852 0.4249 0.4738 0.4926 0.4569 0.5808 0.4851 0.4349 0.4816 0.5385
0.3854 0.4249 0.4739 0.4925 0.4570 0.5806 0.4851 0.4346 0.4815 0.5389
0.3856 0.4249 0.4739 0.4925 0.4570 0.5805 0.4851 0.4343 0.4815 0.5391
0.3857 0.4248 0.4739 0.4925 0.4571 0.5804 0.4851 0.4342 0.4814 0.5393
0.3858 0.4249 0.4739 0.4924 0.4571 0.5804 0.4850 0.4340 0.4814 0.5394
0.3858 0.4249 0.4739 0.4924 0.4571 0.5803 0.4850 0.4339 0.4814 0.5394
0.3859 0.4249 0.4739 0.4924 0.4572 0.5803 0.4850 0.4338 0.4814 0.5395
0.3859 0.4250 0.4738 0.4924 0.4572 0.5803 0.4850 0.4338 0.4814 0.5394
0.3859 0.4251 0.4738 0.4924 0.4573 0.5803 0.4850 0.4338 0.4814 0.5392
0.3858 0.4252 0.4738 0.4924 0.4573 0.5804 0.4850 0.4338 0.4814 0.5389
0.3857 0.4253 0.4737 0.4925 0.4573 0.5805 0.4850 0.4339 0.4815 0.5387
0.3856 0.4254 0.4737 0.4925 0.4574 0.5806 0.4850 0.4341 0.4816 0.5383
0.3854 0.4255 0.4736 0.4926 0.4574 0.5808 0.4850 0.4344 0.4817 0.5379
0.3853 0.4256 0.4736 0.4926 0.4574 0.5810 0.4850 0.4346 0.4818 0.5374
0.3851 0.4257 0.4735 0.4927 0.4574 0.5812 0.4851 0.4349 0.4819 0.5370
0.3848 0.4258 0.4734 0.4928 0.4574 0.5814 0.4851 0.4352 0.4821 0.5365
0.3846 0.4260 0.4734 0.4929 0.4574 0.5816 0.4851 0.4356 0.4822 0.5359
0.3844 0.4262 0.4733 0.4930 0.4575 0.5819 0.4851 0.4359 0.4823 0.5352
0.3841 0.4264 0.4732 0.4931 0.4575 0.5822 0.4851 0.4363 0.4825 0.5344
0.3838 0.4266 0.4731 0.4932 0.4575 0.5825 0.4851 0.4368 0.4827 0.5336
0.3835 0.4268 0.4729 0.4934 0.4575 0.5829 0.4852 0.4373 0.4829 0.5327
0.3831 0.4270 0.4728 0.4935 0.4575 0.5833 0.4852 0.4379 0.4832 0.5319
0.3827 0.4271 0.4727 0.4937 0.4574 0.5837 0.4853 0.4385 0.4834 0.5311
0.3824 0.4271 0.4727 0.4938 0.4573 0.5840 0.4853 0.4391 0.4836 0.5306
0.3821 0.4272 0.4726 0.4940 0.4573 0.5843 0.4854 0.4397 0.4837 0.5298
0.3818 0.4276 0.4724 0.4941 0.4574 0.5846 0.4854 0.4403 0.4839 0.5286
0.3816 0.4280 0.4723 0.4941 0.4573 0.5850 0.4853 0.4407 0.4841 0.5276
0.3812 0.4282 0.4721 0.4943 0.4574 0.5855 0.4854 0.4412 0.4844 0.5269
0.3808 0.4282 0.4719 0.4946 0.4573 0.5860 0.4855 0.4421 0.4848 0.5260
0.3804 0.4282 0.4719 0.4947 0.4570 0.5864 0.4856 0.4429 0.4849 0.5253
0.3801 0.4281 0.4719 0.4948 0.4569 0.5867 0.4857 0.4434 0.4851 0.5250
0.3799 0.4282 0.4718 0.4949 0.4569 0.5869 0.4857 0.4440 0.4851 0.5244
0.3798 0.4284 0.4718 0.4950 0.4568 0.5871 0.4857 0.4443 0.4852 0.5238
0.3796 0.4286 0.4717 0.4950 0.4569 0.5872 0.4857 0.4445 0.4853 0.5233
0.3794 0.4290 0.4714 0.4952 0.4571 0.5876 0.4857 0.4450 0.4855 0.5222
0.3791 0.4297 0.4711 0.4953 0.4573 0.5881 0.4857 0.4456 0.4857 0.5204
0.3787 0.4304 0.4708 0.4955 0.4573 0.5889 0.4857 0.4463 0.4862 0.5187
0.3782 0.4307 0.4704 0.4958 0.4572 0.5898 0.4859 0.4473 0.4869 0.5175
0.3776 0.4306 0.4702 0.4962 0.4569 0.5906 0.4861 0.4486 0.4873 0.5163
0.3771 0.4309 0.4699 0.4965 0.4567 0.5913 0.4863 0.4501 0.4876 0.5147
0.3767 0.4313 0.4697 0.4966 0.4566 0.5919 0.4863 0.4511 0.4879 0.5133
0.3764 0.4317 0.4694 0.4969 0.4566 0.5926 0.4864 0.4519 0.4882 0.5120
0.3760 0.4321 0.4690 0.4972 0.4565 0.5934 0.4866 0.4530 0.4887 0.5105
0.3756 0.4324 0.4688 0.4974 0.4563 0.5941 0.4867 0.4541 0.4891 0.5093
0.3752 0.4324 0.4686 0.4976 0.4561 0.5947 0.4869 0.4550 0.4895 0.5087
0.3749 0.4322 0.4685 0.4978 0.4558 0.5952 0.4871 0.4560 0.4897 0.5082
0.3747 0.4321 0.4685 0.4979 0.4555 0.5954 0.4872 0.4567 0.4897 0.5079
0.3746 0.4320 0.4686 0.4980 0.4554 0.5954 0.4872 0.4570 0.4896 0.5079
0.3746 0.4319 0.4686 0.4980 0.4553 0.5954 0.4873 0.4571 0.4896 0.5080
0.3746 0.4316 0.4687 0.4979 0.4552 0.5953 0.4873 0.4570 0.4895 0.5085
0.3746 0.4313 0.4689 0.4979 0.4551 0.5950 0.4873 0.4568 0.4893 0.5091
0.3747 0.4311 0.4691 0.4978 0.4551 0.5947 0.4872 0.4566 0.4891 0.5097
0.3749 0.4308 0.4693 0.4976 0.4551 0.5943 0.4871 0.4561 0.4889 0.5106
0.3751 0.4304 0.4696 0.4975 0.4551 0.5938 0.4871 0.4554 0.4886 0.5116
0.3754 0.4301 0.4698 0.4973 0.4551 0.5933 0.4870 0.4548 0.4883 0.5126
0.3756 0.4299 0.4700 0.4971 0.4552 0.5928 0.4869 0.4541 0.4880 0.5134
0.3759 0.4299 0.4702 0.4969 0.4554 0.5923 0.4867 0.4534 0.4878 0.5140
0.3762 0.4300 0.4702 0.4968 0.4556 0.5920 0.4866 0.4527 0.4876 0.5144
0.3764 0.4299 0.4703 0.4967 0.4557 0.5917 0.4866 0.4521 0.4876 0.5150
0.3765 0.4296 0.4704 0.4966 0.4556 0.5915 0.4865 0.4516 0.4875 0.5160
0.3767 0.4292 0.4706 0.4965 0.4556 0.5911 0.4866 0.4513 0.4873 0.5169
0.3769 0.4291 0.4707 0.4964 0.4557 0.5907 0.4865 0.4509 0.4870 0.5172
0.3771 0.4294 0.4708 0.4962 0.4559 0.5904 0.4863 0.4504 0.4868 0.5173
0.3773 0.4295 0.4708 0.4961 0.4561 0.5902 0.4862 0.4497 0.4868 0.5176
0.3774 0.4295 0.4707 0.4961 0.4562 0.5902 0.4862 0.4494 0.4868 0.5177
0.3774 0.4297 0.4706 0.4962 0.4563 0.5903 0.4862 0.4495 0.4869 0.5173
0.3774 0.4298 0.4706 0.4962 0.4563 0.5904 0.4862 0.4496 0.4869 0.5171
0.3773 0.4298 0.4706 0.4962 0.4563 0.5905 0.4862 0.4496 0.4870 0.5171
0.3772 0.4297 0.4705 0.4963 0.4562 0.5906 0.4863 0.4498 0.4871 0.5170
0.3772 0.4297 0.4706 0.4963 0.4561 0.5906 0.4863 0.4500 0.4871 0.5170
0.3772 0.4297 0.4706 0.4963 0.4561 0.5906 0.4863 0.4501 0.4871 0.5170
0.3772 0.4296 0.4706 0.4963 0.4561 0.5906 0.4863 0.4500 0.4871 0.5171
0.3772 0.4294 0.4707 0.4962 0.4559 0.5905 0.4863 0.4499 0.4870 0.5176
0.3773 0.4289 0.4709 0.4962 0.4558 0.5903 0.4864 0.4497 0.4869 0.5185
0.3774 0.4285 0.4711 0.4961 0.4557 0.5899 0.4864 0.4495 0.4866 0.5194
0.3777 0.4283 0.4713 0.4959 0.4557 0.5894 0.4863 0.4490 0.4863 0.5201
0.3780 0.4283 0.4715 0.4957 0.4558 0.5890 0.4862 0.4482 0.4860 0.5209
0.3784 0.4280 0.4717 0.4955 0.4559 0.5885 0.4861 0.4474 0.4859 0.5221
0.3787 0.4276 0.4718 0.4954 0.4559 0.5881 0.4861 0.4468 0.4856 0.5232
0.3790 0.4274 0.4720 0.4952 0.4559 0.5876 0.4860 0.4462 0.4853 0.5240
0.3794 0.4273 0.4722 0.4950 0.4561 0.5871 0.4859 0.4454 0.4850 0.5248
0.3797 0.4273 0.4722 0.4949 0.4562 0.5867 0.4858 0.4446 0.4849 0.5255
0.3800 0.4271 0.4724 0.4947 0.4562 0.5863 0.4858 0.4439 0.4847 0.5265
0.3803 0.4268 0.4725 0.4946 0.4562 0.5860 0.4858 0.4434 0.4845 0.5274
0.3806 0.4267 0.4726 0.4945 0.4563 0.5856 0.4857 0.4429 0.4843 0.5280
0.3809 0.4268 0.4726 0.4944 0.4565 0.5853 0.4856 0.4424 0.4841 0.5283
0.3811 0.4270 0.4726 0.4942 0.4566 0.5851 0.4855 0.4418 0.4840 0.5286
0.3813 0.4270 0.4726 0.4942 0.4567 0.5850 0.4855 0.4414 0.4840 0.5288
0.3814 0.4270 0.4726 0.4942 0.4567 0.5849 0.4855 0.4412 0.4840 0.5290
0.3814 0.4268 0.4727 0.4942 0.4567 0.5849 0.4855 0.4411 0.4840 0.5293
0.3815 0.4267 0.4727 0.4941 0.4567 0.5848 0.4855 0.4411 0.4839 0.5296
0.3816 0.4266 0.4728 0.4941 0.4566 0.5846 0.4855 0.4409 0.4838 0.5299
0.3817 0.4264 0.4729 0.4940 0.4566 0.5845 0.4855 0.4407 0.4837 0.5304
0.3819 0.4262 0.4730 0.4939 0.4565 0.5842 0.4855 0.4404 0.4836 0.5311
0.3821 0.4260 0.4731 0.4939 0.4565 0.5839 0.4855 0.4401 0.4834 0.5317
0.3823 0.4261 0.4731 0.4938 0.4566 0.5837 0.4854 0.4397 0.4832 0.5320
0.3826 0.4261 0.4732 0.4936 0.4567 0.5835 0.4854 0.4392 0.4831 0.5324
0.3828 0.4260 0.4732 0.4936 0.4568 0.5833 0.4853 0.4387 0.4831 0.5329
0.3829 0.4258 0.4732 0.4935 0.4567 0.5831 0.4854 0.4385 0.4830 0.5335
0.3831 0.4256 0.4734 0.4934 0.4566 0.5829 0.4854 0.4383 0.4829 0.5342
0.3833 0.4253 0.4735 0.4934 0.4566 0.5826 0.4854 0.4380 0.4827 0.5349
0.3836 0.4253 0.4735 0.4932 0.4566 0.5823 0.4853 0.4376 0.4825 0.5353
0.3839 0.4253 0.4736 0.4931 0.4567 0.5820 0.4852 0.4370 0.4823 0.5358
0.3842 0.4253 0.4736 0.4930 0.4568 0.5818 0.4852 0.4365 0.4822 0.5363
0.3844 0.4253 0.4736 0.4929 0.4569 0.5816 0.4852 0.4362 0.4821 0.5366
0.3845 0.4253 0.4736 0.4929 0.4570 0.5815 0.4852 0.4359 0.4821 0.5367
0.3846 0.4254 0.4736 0.4929 0.4570 0.5814 0.4851 0.4357 0.4820 0.5369
0.3847 0.4253 0.4736 0.4928 0.4570 0.5814 0.4851 0.4356 0.4820 0.5371
0.3848 0.4252 0.4737 0.4928 0.4570 0.5813 0.4852 0.4355 0.4820 0.5374
0.3848 0.4251 0.4737 0.4928 0.4570 0.5812 0.4852 0.4354 0.4819 0.5376
0.3850 0.4251 0.4737 0.4927 0.4570 0.5811 0.4851 0.4353 0.4818 0.5378
0.3851 0.4251 0.4737 0.4927 0.4570 0.5810 0.4851 0.4351 0.4818 0.5379
0.3852 0.4252 0.4737 0.4927 0.4571 0.5809 0.4851 0.4349 0.4817 0.5380
0.3852 0.4252 0.4737 0.4926 0.4571 0.5809 0.4851 0.4348 0.4817 0.5380
0.3853 0.4252 0.4737 0.4926 0.4571 0.5809 0.4851 0.4347 0.4817 0.5381
0.3853 0.4252 0.4737 0.4926 0.4571 0.5809 0.4851 0.4347 0.4817 0.5382
0.3852 0.4252 0.4737 0.4927 0.4572 0.5809 0.4851 0.4348 0.4817 0.5381
0.3852 0.4252 0.4737 0.4926 0.4571 0.5809 0.4851 0.4348 0.4817 0.5381
0.3853 0.4252 0.4737 0.4926 0.4571 0.5809 0.4851 0.4347 0.4817 0.5382
0.3853 0.4251 0.4737 0.4927 0.4571 0.5808 0.4851 0.4347 0.4817 0.5383
0.3853 0.4252 0.4737 0.4927 0.4572 0.5808 0.4851 0.4348 0.4817 0.5381
0.3853 0.4253 0.4737 0.4926 0.4572 0.5808 0.4851 0.4347 0.4817 0.5379
0.3853 0.4254 0.4737 0.4926 0.4572 0.5809 0.4850 0.4346 0.4817 0.5379
0.3852 0.4253 0.4737 0.4927 0.4572 0.5810 0.4851 0.4347 0.4818 0.5380
0.3851 0.4252 0.4737 0.4927 0.4572 0.5810 0.4851 0.4349 0.4818 0.5379
0.3851 0.4252 0.4737 0.4927 0.4571 0.5810 0.4851 0.4350 0.4818 0.5378
0.3851 0.4252 0.4737 0.4927 0.4571 0.5810 0.4851 0.4349 0.4818 0.5378
0.3851 0.4252 0.4737 0.4927 0.4571 0.5810 0.4851 0.4349 0.4818 0.5379
0.3851 0.4252 0.4737 0.4927 0.4571 0.5810 0.4851 0.4349 0.4818 0.5380
0.3852 0.4251 0.4737 0.4927 0.4571 0.5809 0.4851 0.4349 0.4818 0.5382
0.3852 0.4250 0.4737 0.4927 0.4571 0.5809 0.4851 0.4349 0.4817 0.5382
0.3853 0.4251 0.4738 0.4926 0.4570 0.5808 0.4851 0.4348 0.4817 0.5384
0.3854 0.4250 0.4738 0.4926 0.4570 0.5807 0.4851 0.4346 0.4816 0.5386
0.3854 0.4249 0.4738 0.4926 0.4570 0.5807 0.4851 0.4345 0.4816 0.5389
0.3855 0.4249 0.4738 0.4925 0.4570 0.5806 0.4851 0.4344 0.4815 0.5390
0.3856 0.4249 0.4739 0.4925 0.4571 0.5805 0.4851 0.4343 0.4815 0.5391
0.3857 0.4249 0.4739 0.4925 0.4571 0.5804 0.4851 0.4341 0.4814 0.5393
0.3858 0.4248 0.4739 0.4924 0.4571 0.5804 0.4851 0.4340 0.4814 0.5395
0.3858 0.4248 0.4739 0.4924 0.4571 0.5803 0.4851 0.4339 0.4814 0.5396
0.3859 0.4248 0.4739 0.4924 0.4571 0.5802 0.4850 0.4338 0.4813 0.5397
0.3860 0.4248 0.4739 0.4924 0.4571 0.5802 0.4850 0.4337 0.4813 0.5398
0.3860 0.4248 0.4739 0.4923 0.4571 0.5801 0.4850 0.4336 0.4813 0.5399
0.3861 0.4248 0.4739 0.4923 0.4571 0.5801 0.4850 0.4335 0.4812 0.5400
0.3861 0.4247 0.4739 0.4923 0.4572 0.5801 0.4850 0.4335 0.4812 0.5401
0.3861 0.4248 0.4739 0.4923 0.4572 0.5800 0.4850 0.4335 0.4812 0.5401
0.3862 0.4248 0.4739 0.4923 0.4572 0.5800 0.4850 0.4334 0.4812 0.5402
0.3862 0.4248 0.4739 0.4923 0.4572 0.5800 0.4850 0.4333 0.4812 0.5402
0.3862 0.4248 0.4739 0.4923 0.4572 0.5800 0.4850 0.4334 0.4812 0.5401
0.3862 0.4249 0.4739 0.4923 0.4572 0.5800 0.4850 0.4334 0.4812 0.5400
0.3861 0.4249 0.4739 0.4923 0.4573 0.5801 0.4850 0.4334 0.4812 0.5399
0.3861 0.4250 0.4738 0.4923 0.4573 0.5801 0.4850 0.4335 0.4813 0.5397
0.3860 0.4250 0.4738 0.4924 0.4573 0.5802 0.4850 0.4335 0.4813 0.5396
0.3860 0.4251 0.4738 0.4924 0.4573 0.5802 0.4850 0.4336 0.4813 0.5394
0.3859 0.4252 0.4738 0.4924 0.4573 0.5803 0.4850 0.4338 0.4814 0.5390
0.3858 0.4253 0.4737 0.4924 0.4574 0.5805 0.4850 0.4339 0.4815 0.5387
0.3856 0.4254 0.4737 0.4925 0.4574 0.5806 0.4850 0.4340 0.4816 0.5384
0.3855 0.4254 0.4736 0.4926 0.4574 0.5808 0.4850 0.4343 0.4817 0.5381
0.3853 0.4255 0.4736 0.4927 0.4574 0.5809 0.4851 0.4346 0.4818 0.5376
0.3851 0.4256 0.4735 0.4927 0.4574 0.5811 0.4851 0.4348 0.4819 0.5372
0.3850 0.4257 0.4735 0.4928 0.4574 0.5813 0.4851 0.4350 0.4820 0.5368
0.3847 0.4259 0.4734 0.4929 0.4575 0.5815 0.4851 0.4354 0.4821 0.5361
0.3845 0.4262 0.4733 0.4929 0.4575 0.5818 0.4851 0.4357 0.4822 0.5353
0.3843 0.4263 0.4732 0.4930 0.4575 0.5821 0.4851 0.4360 0.4825 0.5348
0.3839 0.4263 0.4731 0.4932 0.4574 0.5824 0.4852 0.4365 0.4827 0.5343
0.3836 0.4263 0.4731 0.4933 0.4573 0.5826 0.4852 0.4371 0.4828 0.5338
0.3834 0.4264 0.4731 0.4934 0.4572 0.5828 0.4852 0.4375 0.4829 0.5334
0.3832 0.4265 0.4730 0.4934 0.4572 0.5830 0.4852 0.4378 0.4830 0.5329
0.3831 0.4267 0.4730 0.4935 0.4573 0.5832 0.4852 0.4381 0.4831 0.5323
0.3829 0.4268 0.4729 0.4936 0.4573 0.5834 0.4852 0.4384 0.4832 0.5318
0.3827 0.4269 0.4728 0.4937 0.4572 0.5836 0.4853 0.4387 0.4834 0.5314
0.3824 0.4270 0.4727 0.4938 0.4573 0.5839 0.4853 0.4392 0.4835 0.5307
0.3822 0.4272 0.4726 0.4939 0.4572 0.5842 0.4853 0.4396 0.4836 0.5300
0.3820 0.4272 0.4726 0.4939 0.4571 0.5844 0.4854 0.4399 0.4838 0.5298
0.3818 0.4270 0.4726 0.4941 0.4570 0.5846 0.4854 0.4403 0.4839 0.5296
0.3816 0.4271 0.4725 0.4942 0.4570 0.5847 0.4855 0.4408 0.4839 0.5291
0.3815 0.4273 0.4725 0.4941 0.4570 0.5848 0.4854 0.4409 0.4840 0.5287
0.3815 0.4274 0.4725 0.4942 0.4570 0.5850 0.4854 0.4410 0.4841 0.5285
0.3813 0.4274 0.4724 0.4942 0.4570 0.5851 0.4855 0.4412 0.4842 0.5283
0.3812 0.4274 0.4724 0.4943 0.4570 0.5853 0.4855 0.4415 0.4842 0.5279
0.3811 0.4275 0.4723 0.4944 0.4570 0.5854 0.4855 0.4417 0.4843 0.5275
0.3809 0.4278 0.4722 0.4944 0.4570 0.5856 0.4855 0.4420 0.4844 0.5269
0.3808 0.4278 0.4722 0.4944 0.4569 0.5858 0.4855 0.4422 0.4846 0.5267
0.3807 0.4276 0.4722 0.4945 0.4568 0.5860 0.4856 0.4424 0.4847 0.5269
0.3805 0.4273 0.4723 0.4946 0.4566 0.5860 0.4857 0.4428 0.4847 0.5271
0.3805 0.4272 0.4724 0.4946 0.4566 0.5859 0.4857 0.4429 0.4845 0.5272
0.3806 0.4273 0.4724 0.4945 0.4566 0.5857 0.4856 0.4427 0.4844 0.5272
0.3808 0.4274 0.4724 0.4944 0.4567 0.5856 0.4856 0.4424 0.4843 0.5272
0.3808 0.4275 0.4723 0.4944 0.4568 0.5857 0.4856 0.4423 0.4844 0.5271
