0.00000000
0.00000000
0.30022756
0.30022756
0.30022756
0.30022756
0.30022756
0.30022756
0.30022756
0.30022756
0.30022756
0.30022756
0.30022756
0.30022756
0.30022756
0.30022756
0.30022756
0.30022756
0.30022756
0.30022756
0.30022756
0.30022756
0.30022756
0.30022756
0.30022756
0.30022756
0.30022756
0.30022756
0.30022756
0.30022756
0.30022756
0.30022756
0.30022756
0.30022756
0.30022756
0.30022756
0.30022756
0.30022756
0.30022756
0.30022756
0.30022756
0.30022756
0.30022756
0.30022756
0.30022756
0.30022756
0.29192580
0.29192580
0.29192580
0.29192580
0.29192580
0.29192580
0.29192580
0.29192580
0.29192580
0.29192580
0.29192580
0.29192580
0.29192580
0.29192580
0.29192580
0.29192580
0.29192580
0.29192580
0.29192580
0.29192580
0.29192580
0.29192580
0.29192580
0.29192580
0.29192580
0.29192580
0.29192580
0.29192580
0.29192580
0.29192580
0.29192580
0.29192580
0.29192580
0.29192580
0.29192580
0.29192580
0.29265746
0.29265746
0.29265746
0.29265746
0.29265746
0.29265746
0.29265746
0.29265746
0.29265746
0.29265746
0.29265746
0.29265746
0.29265746
0.29265746
0.29265746
0.29265746
0.29265746
0.29265746
0.29265746
0.29387079
0.29387079
0.29387079
0.29387079
0.29387079
0.29387079
0.29387079
0.29387079
0.29387079
0.29387079
0.29387079
0.29387079
0.29387079
0.29387079
0.29387079
0.29387079
0.29387079
0.29387079
0.29387079
0.29387079
0.29387079
0.29387079
0.29387079
0.29387079
0.29387079
0.29387079
0.29387079
0.29387079
0.29387079
0.29387079
0.29387079
0.29387079
0.29387079
0.29387079
0.29387079
0.29387079
0.29387079
0.29387079
0.29387079
0.28704951
0.28704951
0.28704951
0.28704951
0.28704951
0.28704951
0.28704951
0.28704951
0.28704951
0.28704951
0.28704951
0.28704951
0.28704951
0.28704951
0.28704951
0.28704951
0.28704951
0.28704951
0.28704951
0.28704951
0.28704951
0.28704951
0.28704951
0.28704951
0.28704951
0.28704951
0.28704951
0.28615354
0.28615354
0.28615354
0.28615354
0.28615354
0.28615354
0.28615354
0.28615354
0.28615354
0.28615354
0.28615354
0.28615354
0.28615354
0.28615354
0.28615354
0.28615354
0.28473817
0.28473817
0.28473817
0.28473817
0.28473817
0.28473817
0.28473817
0.28473817
0.27820755
0.27820755
0.27820755
0.27820755
0.27820755
0.27820755
0.27820755
0.27820755
0.27820755
0.27820755
0.27820755
0.27820755
0.27820755
0.27820755
0.27820755
0.27820755
0.27820755
0.27820755
0.27820755
0.27820755
0.27820755
0.27820755
0.27820755
0.27820755
0.27820755
0.27791084
0.27791084
0.27791084
0.27791084
0.27791084
0.27791084
0.27791084
0.27791084
0.27791084
0.27791084
0.27791084
0.27791084
0.27791084
0.27791084
0.27791084
0.27791084
0.27791084
0.27791084
0.27363488
0.27363488
0.27363488
0.27363488
0.27363488
0.27363488
0.27363488
0.27363488
0.27363488
0.27363488
0.27363488
0.27363488
0.27363488
0.27363488
0.27363488
0.27363488
0.27363488
0.27363488
0.27363488
0.26791450
0.26791450
0.26791450
0.26791450
0.26791450
0.26791450
0.26791450
0.26791450
0.26791450
0.26791450
0.26791450
0.26791450
0.26791450
0.26791450
0.26791450
0.26791450
0.26791450
0.26791450
0.26791450
0.26791450
0.26856351
0.26856351
0.26856351
0.26856351
0.26856351
0.26856351
0.26856351
0.26856351
0.26856351
0.26856351
0.26856351
0.26856351
0.26856351
0.26856351
0.26856351
0.26856351
0.26856351
0.26856351
0.26856351
0.26856351
0.26856351
0.26856351
0.26856351
0.26856351
0.26856351
0.26856351
0.26856351
0.26856351
0.26856351
0.26856351
0.26856351
0.26856351
0.26856351
0.26856351
0.26856351
0.26856351
0.26856351
0.26856351
0.26856351
0.26856351
0.26856351
0.26856351
0.26856351
0.26856351
0.26856351
0.26456405
0.26872561
0.26872561
0.26872561
0.26872561
0.26872561
0.26872561
0.26872561
0.26872561
0.26872561
0.26872561
0.26872561
0.26872561
0.26872561
0.26872561
0.26872561
0.26872561
0.26872561
0.26872561
0.26872561
0.26872561
0.26872561
0.26872561
0.26872561
0.26872561
0.26872561
0.26872561
0.26872561
0.26872561
0.26872561
0.26872561
0.26872561
0.26872561
0.26872561
0.26872561
0.26872561
0.26872561
0.26872561
0.26872561
0.26872561
0.26872561
0.26597773
0.26597773
0.26597773
0.26597773
0.26597773
0.26597773
0.26597773
0.26597773
0.26597773
0.26597773
0.26597773
0.26597773
0.26597773
0.26597773
0.26597773
0.26709753
0.26709753
0.26709753
0.26709753
0.26709753
0.26709753
0.26709753
0.26709753
0.26709753
0.26709753
0.26976225
0.26976225
0.26976225
0.26976225
0.26976225
0.26976225
0.26976225
0.26976225
0.26976225
0.26976225
0.26976225
0.26976225
0.26976225
0.26976225
0.26976225
0.26976225
0.26976225
0.26976225
0.26976225
0.26976225
0.26976225
0.26976225
0.26976225
0.26976225
0.27139138
0.27139138
0.27139138
0.27139138
0.27139138
0.27139138
0.27139138
0.27139138
0.27139138
0.27139138
0.27139138
0.27139138
0.27139138
0.27139138
0.27139138
0.27139138
0.27139138
0.27139138
0.27139138
0.27139138
0.27139138
0.27139138
0.27139138
0.27139138
0.27139138
0.27139138
0.27139138
0.27139138
0.27139138
0.27139138
0.27139138
0.27139138
0.27139138
0.27139138
0.27139138
0.27444086
0.27444086
0.27444086
0.27444086
0.27562872
0.27562872
0.27562872
0.27562872
0.27562872
0.27562872
0.27562872
0.27562872
0.27562872
0.27562872
0.27562872
0.27562872
0.27562872
0.27562872
0.27562872
0.27562872
0.27562872
0.27562872
0.27562872
0.27562872
0.27562872
0.27562872
0.27562872
0.27562872
0.27562872
0.27562872
0.27562872
0.27562872
0.27562872
0.27562872
0.27562872
0.27562872
0.27562872
0.27562872
0.27562872
0.27562872
0.27562872
0.27562872
0.27562872
0.27562872
0.27562872
0.27562872
0.27562872
0.27562872
0.27562872
0.27562872
0.27562872
0.27562872
0.27562872
0.27562872
0.27562872
0.27562872
0.27562872
0.27562872
0.27562872
0.27562872
0.27436655
0.27436655
0.27436655
0.27436655
0.27436655
0.27436655
0.27436655
0.27181325
0.27181325
0.27181325
0.26698888
0.26698888
0.26698888
0.26698888
0.26698888
0.26698888
0.26571649
0.26571649
0.26571649
0.26571649
0.26571649
0.26571649
0.26571649
0.26571649
0.26571649
0.26571649
0.26571649
0.26571649
0.26571649
0.26571649
0.26571649
0.26571649
0.26601870
0.26601870
0.26601870
0.26601870
0.26601870
0.26601870
0.26601870
0.26601870
0.26601870
0.26601870
0.26601870
0.26601870
0.26601870
0.26601870
0.26601870
0.26601870
0.26601870
0.26479781
0.26479781
0.26479781
0.26479781
0.26479781
0.26479781
0.26479781
0.26553993
0.26553993
0.26553993
0.26553993
0.26553993
0.26553993
0.26553993
0.26553993
0.26553993
0.26553993
0.26553993
0.26553993
0.26553993
0.26553993
0.26553993
0.26553993
0.26553993
0.26553993
0.26553993
0.26553993
0.26553993
0.26553993
0.26553993
0.26553993
0.26553993
0.26553993
0.26553993
0.26592290
0.26592290
0.26592290
0.26592290
0.26592290
0.26592290
0.26592290
0.26592290
0.26592290
0.26592290
0.26592290
0.26592290
0.26592290
0.26592290
0.26592290
0.26592290
0.26592290
0.26592290
0.26592290
0.26592290
0.26592290
0.26592290
0.26592290
0.26592290
0.26592290
0.26592290
0.26592290
0.26592290
0.26592290
0.26592290
0.26592290
0.26592290
0.26592290
0.26592290
0.26592290
0.26592290
0.26592290
0.26592290
0.26592290
