0.00000000
0.00000000
0.28524608
0.28524608
0.28524608
0.28524608
0.28524608
0.28524608
0.28524608
0.28524608
0.28524608
0.28524608
0.28524608
0.28524608
0.28524608
0.28524608
0.28524608
0.28524608
0.28524608
0.28524608
0.28524608
0.28524608
0.28524608
0.28524608
0.28524608
0.28524608
0.28524608
0.28524608
0.28524608
0.28524608
0.28524608
0.28524608
0.28524608
0.28524608
0.28524608
0.28524608
0.28524608
0.28524608
0.28524608
0.28524608
0.28524608
0.28524608
0.28524608
0.28524608
0.28524608
0.28524608
0.27866276
0.27866276
0.27866276
0.27866276
0.27866276
0.27866276
0.27866276
0.27866276
0.27866276
0.27866276
0.27866276
0.27866276
0.27866276
0.27866276
0.27866276
0.27866276
0.27866276
0.27866276
0.27866276
0.27866276
0.27866276
0.27866276
0.27866276
0.27866276
0.27866276
0.27866276
0.27866276
0.27866276
0.27866276
0.27866276
0.27866276
0.27866276
0.27866276
0.27866276
0.27866276
0.27866276
0.27756566
0.27756566
0.27756566
0.27756566
0.27756566
0.27756566
0.27756566
0.27756566
0.27756566
0.27756566
0.27756566
0.27756566
0.27756566
0.27756566
0.27756566
0.27756566
0.27756566
0.27756566
0.27756566
0.28240047
0.28240047
0.28240047
0.28240047
0.28240047
0.28240047
0.28240047
0.28240047
0.28240047
0.28240047
0.28240047
0.28240047
0.28240047
0.28240047
0.28240047
0.28240047
0.28240047
0.28240047
0.28240047
0.28240047
0.28240047
0.28240047
0.28240047
0.28240047
0.28240047
0.28240047
0.28240047
0.28240047
0.28240047
0.28240047
0.28240047
0.28240047
0.28240047
0.28240047
0.28240047
0.28240047
0.28240047
0.28240047
0.28240047
0.27875057
0.27875057
0.27875057
0.27875057
0.27875057
0.27875057
0.27875057
0.27875057
0.27875057
0.27875057
0.27875057
0.27875057
0.27875057
0.27875057
0.27875057
0.27875057
0.27875057
0.27875057
0.27875057
0.27875057
0.27875057
0.27875057
0.27875057
0.27875057
0.27875057
0.27875057
0.27875057
0.28061105
0.28061105
0.28061105
0.28061105
0.28061105
0.28061105
0.28061105
0.28061105
0.28061105
0.28061105
0.28061105
0.28061105
0.28061105
0.28061105
0.28061105
0.28061105
0.27854508
0.27854508
0.27854508
0.27854508
0.27854508
0.27854508
0.27854508
0.27854508
0.27220036
0.27220036
0.27220036
0.27220036
0.27220036
0.27220036
0.27220036
0.27220036
0.27220036
0.27220036
0.27220036
0.27220036
0.27220036
0.27220036
0.27220036
0.27220036
0.27220036
0.27220036
0.27220036
0.27220036
0.27220036
0.27220036
0.27220036
0.27220036
0.27220036
0.27348739
0.27348739
0.27348739
0.27348739
0.27348739
0.27348739
0.27348739
0.27348739
0.27348739
0.27348739
0.27348739
0.27348739
0.27348739
0.27348739
0.27348739
0.27348739
0.27348739
0.27348739
0.27042112
0.27042112
0.27042112
0.27042112
0.27042112
0.27042112
0.27042112
0.27042112
0.27042112
0.27042112
0.27042112
0.27042112
0.27042112
0.27042112
0.27042112
0.27042112
0.27042112
0.27042112
0.27042112
0.26886670
0.26886670
0.26886670
0.26886670
0.26886670
0.26886670
0.26886670
0.26886670
0.26886670
0.26886670
0.26886670
0.26886670
0.26886670
0.26886670
0.26886670
0.26886670
0.26886670
0.26886670
0.26886670
0.26886670
0.26939608
0.26939608
0.26939608
0.26939608
0.26939608
0.26939608
0.26939608
0.26939608
0.26939608
0.26939608
0.26939608
0.26939608
0.26939608
0.26939608
0.26939608
0.26939608
0.26939608
0.26939608
0.26939608
0.26939608
0.26939608
0.26939608
0.26939608
0.26939608
0.26939608
0.26939608
0.26939608
0.26939608
0.26939608
0.26939608
0.26939608
0.26939608
0.26939608
0.26939608
0.26939608
0.26939608
0.26939608
0.26939608
0.26939608
0.26939608
0.26939608
0.26939608
0.26939608
0.26939608
0.26939608
0.26653252
0.26813842
0.26813842
0.26813842
0.26813842
0.26813842
0.26813842
0.26813842
0.26813842
0.26813842
0.26813842
0.26813842
0.26813842
0.26813842
0.26813842
0.26813842
0.26813842
0.26813842
0.26813842
0.26813842
0.26813842
0.26813842
0.26813842
0.26813842
0.26813842
0.26813842
0.26813842
0.26813842
0.26813842
0.26813842
0.26813842
0.26813842
0.26813842
0.26813842
0.26813842
0.26813842
0.26813842
0.26813842
0.26813842
0.26813842
0.26813842
0.26608502
0.26608502
0.26608502
0.26608502
0.26608502
0.26608502
0.26608502
0.26608502
0.26608502
0.26608502
0.26608502
0.26608502
0.26608502
0.26608502
0.26608502
0.26586322
0.26586322
0.26586322
0.26586322
0.26586322
0.26586322
0.26586322
0.26586322
0.26586322
0.26586322
0.26540228
0.26540228
0.26540228
0.26540228
0.26540228
0.26540228
0.26540228
0.26540228
0.26540228
0.26540228
0.26540228
0.26540228
0.26540228
0.26540228
0.26540228
0.26540228
0.26540228
0.26540228
0.26540228
0.26540228
0.26540228
0.26540228
0.26540228
0.26540228
0.26658864
0.26658864
0.26658864
0.26658864
0.26658864
0.26658864
0.26658864
0.26658864
0.26658864
0.26658864
0.26658864
0.26658864
0.26658864
0.26658864
0.26658864
0.26658864
0.26658864
0.26658864
0.26658864
0.26658864
0.26658864
0.26658864
0.26658864
0.26658864
0.26658864
0.26658864
0.26658864
0.26658864
0.26658864
0.26658864
0.26658864
0.26658864
0.26658864
0.26658864
0.26658864
0.26936815
0.26936815
0.26936815
0.26936815
0.26924972
0.26924972
0.26924972
0.26924972
0.26924972
0.26924972
0.26924972
0.26924972
0.26924972
0.26924972
0.26924972
0.26924972
0.26924972
0.26924972
0.26924972
0.26924972
0.26924972
0.26924972
0.26924972
0.26924972
0.26924972
0.26924972
0.26924972
0.26924972
0.26924972
0.26924972
0.26924972
0.26924972
0.26924972
0.26924972
0.26924972
0.26924972
0.26924972
0.26924972
0.26924972
0.26924972
0.26924972
0.26924972
0.26924972
0.26924972
0.26924972
0.26924972
0.26924972
0.26924972
0.26924972
0.26924972
0.26924972
0.26924972
0.26924972
0.26924972
0.26924972
0.26924972
0.26924972
0.26924972
0.26924972
0.26924972
0.26652595
0.26652595
0.26652595
0.26652595
0.26652595
0.26652595
0.26652595
0.26566445
0.26566445
0.26566445
0.26277978
0.26277978
0.26277978
0.26277978
0.26277978
0.26277978
0.26202188
0.26202188
0.26202188
0.26202188
0.26202188
0.26202188
0.26202188
0.26202188
0.26202188
0.26202188
0.26202188
0.26202188
0.26202188
0.26202188
0.26202188
0.26202188
0.26107320
0.26107320
0.26107320
0.26107320
0.26107320
0.26107320
0.26107320
0.26107320
0.26107320
0.26107320
0.26107320
0.26107320
0.26107320
0.26107320
0.26107320
0.26107320
0.26107320
0.26102328
0.26102328
0.26102328
0.26102328
0.26102328
0.26102328
0.26102328
0.26176045
0.26176045
0.26176045
0.26176045
0.26176045
0.26176045
0.26176045
0.26176045
0.26176045
0.26176045
0.26176045
0.26176045
0.26176045
0.26176045
0.26176045
0.26176045
0.26176045
0.26176045
0.26176045
0.26176045
0.26176045
0.26176045
0.26176045
0.26176045
0.26176045
0.26176045
0.26176045
0.26248172
0.26248172
0.26248172
0.26248172
0.26248172
0.26248172
0.26248172
0.26248172
0.26248172
0.26248172
0.26248172
0.26248172
0.26248172
0.26248172
0.26248172
0.26248172
0.26248172
0.26248172
0.26248172
0.26248172
0.26248172
0.26248172
0.26248172
0.26248172
0.26248172
0.26248172
0.26248172
0.26248172
0.26248172
0.26248172
0.26248172
0.26248172
0.26248172
0.26248172
0.26248172
0.26248172
0.26248172
0.26248172
0.26248172
