0.00000000
0.00000000
0.28299717
0.28299717
0.28299717
0.28299717
0.28299717
0.28299717
0.28299717
0.28299717
0.28299717
0.28299717
0.28299717
0.28299717
0.28299717
0.28299717
0.28299717
0.28299717
0.28299717
0.28299717
0.28299717
0.28299717
0.28299717
0.28299717
0.28299717
0.28299717
0.28299717
0.28299717
0.28299717
0.28299717
0.28299717
0.28299717
0.28299717
0.28299717
0.28299717
0.28299717
0.28299717
0.28299717
0.28299717
0.28299717
0.28299717
0.28299717
0.28299717
0.28299717
0.28299717
0.28299717
0.27604703
0.27604703
0.27604703
0.27604703
0.27604703
0.27604703
0.27604703
0.27604703
0.27604703
0.27604703
0.27604703
0.27604703
0.27604703
0.27604703
0.27604703
0.27604703
0.27604703
0.27604703
0.27604703
0.27604703
0.27604703
0.27604703
0.27604703
0.27604703
0.27604703
0.27604703
0.27604703
0.27604703
0.27604703
0.27604703
0.27604703
0.27604703
0.27604703
0.27604703
0.27604703
0.27604703
0.28056568
0.28056568
0.28056568
0.28056568
0.28056568
0.28056568
0.28056568
0.28056568
0.28056568
0.28056568
0.28056568
0.28056568
0.28056568
0.28056568
0.28056568
0.28056568
0.28056568
0.28056568
0.28056568
0.28047132
0.28047132
0.28047132
0.28047132
0.28047132
0.28047132
0.28047132
0.28047132
0.28047132
0.28047132
0.28047132
0.28047132
0.28047132
0.28047132
0.28047132
0.28047132
0.28047132
0.28047132
0.28047132
0.28047132
0.28047132
0.28047132
0.28047132
0.28047132
0.28047132
0.28047132
0.28047132
0.28047132
0.28047132
0.28047132
0.28047132
0.28047132
0.28047132
0.28047132
0.28047132
0.28047132
0.28047132
0.28047132
0.28047132
0.27778001
0.27778001
0.27778001
0.27778001
0.27778001
0.27778001
0.27778001
0.27778001
0.27778001
0.27778001
0.27778001
0.27778001
0.27778001
0.27778001
0.27778001
0.27778001
0.27778001
0.27778001
0.27778001
0.27778001
0.27778001
0.27778001
0.27778001
0.27778001
0.27778001
0.27778001
0.27778001
0.27684376
0.27684376
0.27684376
0.27684376
0.27684376
0.27684376
0.27684376
0.27684376
0.27684376
0.27684376
0.27684376
0.27684376
0.27684376
0.27684376
0.27684376
0.27684376
0.27488685
0.27488685
0.27488685
0.27488685
0.27488685
0.27488685
0.27488685
0.27488685
0.27098097
0.27098097
0.27098097
0.27098097
0.27098097
0.27098097
0.27098097
0.27098097
0.27098097
0.27098097
0.27098097
0.27098097
0.27098097
0.27098097
0.27098097
0.27098097
0.27098097
0.27098097
0.27098097
0.27098097
0.27098097
0.27098097
0.27098097
0.27098097
0.27098097
0.27014848
0.27014848
0.27014848
0.27014848
0.27014848
0.27014848
0.27014848
0.27014848
0.27014848
0.27014848
0.27014848
0.27014848
0.27014848
0.27014848
0.27014848
0.27014848
0.27014848
0.27014848
0.26907895
0.26907895
0.26907895
0.26907895
0.26907895
0.26907895
0.26907895
0.26907895
0.26907895
0.26907895
0.26907895
0.26907895
0.26907895
0.26907895
0.26907895
0.26907895
0.26907895
0.26907895
0.26907895
0.26730276
0.26730276
0.26730276
0.26730276
0.26730276
0.26730276
0.26730276
0.26730276
0.26730276
0.26730276
0.26730276
0.26730276
0.26730276
0.26730276
0.26730276
0.26730276
0.26730276
0.26730276
0.26730276
0.26730276
0.26736678
0.26736678
0.26736678
0.26736678
0.26736678
0.26736678
0.26736678
0.26736678
0.26736678
0.26736678
0.26736678
0.26736678
0.26736678
0.26736678
0.26736678
0.26736678
0.26736678
0.26736678
0.26736678
0.26736678
0.26736678
0.26736678
0.26736678
0.26736678
0.26736678
0.26736678
0.26736678
0.26736678
0.26736678
0.26736678
0.26736678
0.26736678
0.26736678
0.26736678
0.26736678
0.26736678
0.26736678
0.26736678
0.26736678
0.26736678
0.26736678
0.26736678
0.26736678
0.26736678
0.26736678
0.26662603
0.26673197
0.26673197
0.26673197
0.26673197
0.26673197
0.26673197
0.26673197
0.26673197
0.26673197
0.26673197
0.26673197
0.26673197
0.26673197
0.26673197
0.26673197
0.26673197
0.26673197
0.26673197
0.26673197
0.26673197
0.26673197
0.26673197
0.26673197
0.26673197
0.26673197
0.26673197
0.26673197
0.26673197
0.26673197
0.26673197
0.26673197
0.26673197
0.26673197
0.26673197
0.26673197
0.26673197
0.26673197
0.26673197
0.26673197
0.26673197
0.26523424
0.26523424
0.26523424
0.26523424
0.26523424
0.26523424
0.26523424
0.26523424
0.26523424
0.26523424
0.26523424
0.26523424
0.26523424
0.26523424
0.26523424
0.26457450
0.26457450
0.26457450
0.26457450
0.26457450
0.26457450
0.26457450
0.26457450
0.26457450
0.26457450
0.26464843
0.26464843
0.26464843
0.26464843
0.26464843
0.26464843
0.26464843
0.26464843
0.26464843
0.26464843
0.26464843
0.26464843
0.26464843
0.26464843
0.26464843
0.26464843
0.26464843
0.26464843
0.26464843
0.26464843
0.26464843
0.26464843
0.26464843
0.26464843
0.26455922
0.26455922
0.26455922
0.26455922
0.26455922
0.26455922
0.26455922
0.26455922
0.26455922
0.26455922
0.26455922
0.26455922
0.26455922
0.26455922
0.26455922
0.26455922
0.26455922
0.26455922
0.26455922
0.26455922
0.26455922
0.26455922
0.26455922
0.26455922
0.26455922
0.26455922
0.26455922
0.26455922
0.26455922
0.26455922
0.26455922
0.26455922
0.26455922
0.26455922
0.26455922
0.26649773
0.26649773
0.26649773
0.26649773
0.26709560
0.26709560
0.26709560
0.26709560
0.26709560
0.26709560
0.26709560
0.26709560
0.26709560
0.26709560
0.26709560
0.26709560
0.26709560
0.26709560
0.26709560
0.26709560
0.26709560
0.26709560
0.26709560
0.26709560
0.26709560
0.26709560
0.26709560
0.26709560
0.26709560
0.26709560
0.26709560
0.26709560
0.26709560
0.26709560
0.26709560
0.26709560
0.26709560
0.26709560
0.26709560
0.26709560
0.26709560
0.26709560
0.26709560
0.26709560
0.26709560
0.26709560
0.26709560
0.26709560
0.26709560
0.26709560
0.26709560
0.26709560
0.26709560
0.26709560
0.26709560
0.26709560
0.26709560
0.26709560
0.26709560
0.26709560
0.26523074
0.26523074
0.26523074
0.26523074
0.26523074
0.26523074
0.26523074
0.26408583
0.26408583
0.26408583
0.26327774
0.26327774
0.26327774
0.26327774
0.26327774
0.26327774
0.26300147
0.26300147
0.26300147
0.26300147
0.26300147
0.26300147
0.26300147
0.26300147
0.26300147
0.26300147
0.26300147
0.26300147
0.26300147
0.26300147
0.26300147
0.26300147
0.26330604
0.26330604
0.26330604
0.26330604
0.26330604
0.26330604
0.26330604
0.26330604
0.26330604
0.26330604
0.26330604
0.26330604
0.26330604
0.26330604
0.26330604
0.26330604
0.26330604
0.26269805
0.26269805
0.26269805
0.26269805
0.26269805
0.26269805
0.26269805
0.26342923
0.26342923
0.26342923
0.26342923
0.26342923
0.26342923
0.26342923
0.26342923
0.26342923
0.26342923
0.26342923
0.26342923
0.26342923
0.26342923
0.26342923
0.26342923
0.26342923
0.26342923
0.26342923
0.26342923
0.26342923
0.26342923
0.26342923
0.26342923
0.26342923
0.26342923
0.26342923
0.26414255
0.26414255
0.26414255
0.26414255
0.26414255
0.26414255
0.26414255
0.26414255
0.26414255
0.26414255
0.26414255
0.26414255
0.26414255
0.26414255
0.26414255
0.26414255
0.26414255
0.26414255
0.26414255
0.26414255
0.26414255
0.26414255
0.26414255
0.26414255
0.26414255
0.26414255
0.26414255
0.26414255
0.26414255
0.26414255
0.26414255
0.26414255
0.26414255
0.26414255
0.26414255
0.26414255
0.26414255
0.26414255
0.26414255
