0.00000000
0.00000000
0.30894447
0.30894447
0.30894447
0.30894447
0.30894447
0.30894447
0.30894447
0.30894447
0.30894447
0.30894447
0.30894447
0.30894447
0.30894447
0.30894447
0.30894447
0.30894447
0.30894447
0.30894447
0.30894447
0.30894447
0.30894447
0.30894447
0.30894447
0.30894447
0.30894447
0.30894447
0.30894447
0.30894447
0.30894447
0.30894447
0.30894447
0.30894447
0.30894447
0.30894447
0.30894447
0.30894447
0.30894447
0.30894447
0.30894447
0.30894447
0.30894447
0.30894447
0.30894447
0.30894447
0.29540692
0.29540692
0.29540692
0.29540692
0.29540692
0.29540692
0.29540692
0.29540692
0.29540692
0.29540692
0.29540692
0.29540692
0.29540692
0.29540692
0.29540692
0.29540692
0.29540692
0.29540692
0.29540692
0.29540692
0.29540692
0.29540692
0.29540692
0.29540692
0.29540692
0.29540692
0.29540692
0.29540692
0.29540692
0.29540692
0.29540692
0.29540692
0.29540692
0.29540692
0.29540692
0.29540692
0.29700703
0.29700703
0.29700703
0.29700703
0.29700703
0.29700703
0.29700703
0.29700703
0.29700703
0.29700703
0.29700703
0.29700703
0.29700703
0.29700703
0.29700703
0.29700703
0.29700703
0.29700703
0.29700703
0.30652719
0.30652719
0.30652719
0.30652719
0.30652719
0.30652719
0.30652719
0.30652719
0.30652719
0.30652719
0.30652719
0.30652719
0.30652719
0.30652719
0.30652719
0.30652719
0.30652719
0.30652719
0.30652719
0.30652719
0.30652719
0.30652719
0.30652719
0.30652719
0.30652719
0.30652719
0.30652719
0.30652719
0.30652719
0.30652719
0.30652719
0.30652719
0.30652719
0.30652719
0.30652719
0.30652719
0.30652719
0.30652719
0.30652719
0.30060138
0.30060138
0.30060138
0.30060138
0.30060138
0.30060138
0.30060138
0.30060138
0.30060138
0.30060138
0.30060138
0.30060138
0.30060138
0.30060138
0.30060138
0.30060138
0.30060138
0.30060138
0.30060138
0.30060138
0.30060138
0.30060138
0.30060138
0.30060138
0.30060138
0.30060138
0.30060138
0.29857859
0.29857859
0.29857859
0.29857859
0.29857859
0.29857859
0.29857859
0.29857859
0.29857859
0.29857859
0.29857859
0.29857859
0.29857859
0.29857859
0.29857859
0.29857859
0.29494108
0.29494108
0.29494108
0.29494108
0.29494108
0.29494108
0.29494108
0.29494108
0.28928439
0.28928439
0.28928439
0.28928439
0.28928439
0.28928439
0.28928439
0.28928439
0.28928439
0.28928439
0.28928439
0.28928439
0.28928439
0.28928439
0.28928439
0.28928439
0.28928439
0.28928439
0.28928439
0.28928439
0.28928439
0.28928439
0.28928439
0.28928439
0.28928439
0.28935180
0.28935180
0.28935180
0.28935180
0.28935180
0.28935180
0.28935180
0.28935180
0.28935180
0.28935180
0.28935180
0.28935180
0.28935180
0.28935180
0.28935180
0.28935180
0.28935180
0.28935180
0.28603899
0.28603899
0.28603899
0.28603899
0.28603899
0.28603899
0.28603899
0.28603899
0.28603899
0.28603899
0.28603899
0.28603899
0.28603899
0.28603899
0.28603899
0.28603899
0.28603899
0.28603899
0.28603899
0.28171348
0.28171348
0.28171348
0.28171348
0.28171348
0.28171348
0.28171348
0.28171348
0.28171348
0.28171348
0.28171348
0.28171348
0.28171348
0.28171348
0.28171348
0.28171348
0.28171348
0.28171348
0.28171348
0.28171348
0.28122669
0.28122669
0.28122669
0.28122669
0.28122669
0.28122669
0.28122669
0.28122669
0.28122669
0.28122669
0.28122669
0.28122669
0.28122669
0.28122669
0.28122669
0.28122669
0.28122669
0.28122669
0.28122669
0.28122669
0.28122669
0.28122669
0.28122669
0.28122669
0.28122669
0.28122669
0.28122669
0.28122669
0.28122669
0.28122669
0.28122669
0.28122669
0.28122669
0.28122669
0.28122669
0.28122669
0.28122669
0.28122669
0.28122669
0.28122669
0.28122669
0.28122669
0.28122669
0.28122669
0.28122669
0.27771161
0.27630720
0.27630720
0.27630720
0.27630720
0.27630720
0.27630720
0.27630720
0.27630720
0.27630720
0.27630720
0.27630720
0.27630720
0.27630720
0.27630720
0.27630720
0.27630720
0.27630720
0.27630720
0.27630720
0.27630720
0.27630720
0.27630720
0.27630720
0.27630720
0.27630720
0.27630720
0.27630720
0.27630720
0.27630720
0.27630720
0.27630720
0.27630720
0.27630720
0.27630720
0.27630720
0.27630720
0.27630720
0.27630720
0.27630720
0.27630720
0.27476707
0.27476707
0.27476707
0.27476707
0.27476707
0.27476707
0.27476707
0.27476707
0.27476707
0.27476707
0.27476707
0.27476707
0.27476707
0.27476707
0.27476707
0.27830018
0.27830018
0.27830018
0.27830018
0.27830018
0.27830018
0.27830018
0.27830018
0.27830018
0.27830018
0.28067271
0.28067271
0.28067271
0.28067271
0.28067271
0.28067271
0.28067271
0.28067271
0.28067271
0.28067271
0.28067271
0.28067271
0.28067271
0.28067271
0.28067271
0.28067271
0.28067271
0.28067271
0.28067271
0.28067271
0.28067271
0.28067271
0.28067271
0.28067271
0.28675042
0.28675042
0.28675042
0.28675042
0.28675042
0.28675042
0.28675042
0.28675042
0.28675042
0.28675042
0.28675042
0.28675042
0.28675042
0.28675042
0.28675042
0.28675042
0.28675042
0.28675042
0.28675042
0.28675042
0.28675042
0.28675042
0.28675042
0.28675042
0.28675042
0.28675042
0.28675042
0.28675042
0.28675042
0.28675042
0.28675042
0.28675042
0.28675042
0.28675042
0.28675042
0.29073182
0.29073182
0.29073182
0.29073182
0.29210381
0.29210381
0.29210381
0.29210381
0.29210381
0.29210381
0.29210381
0.29210381
0.29210381
0.29210381
0.29210381
0.29210381
0.29210381
0.29210381
0.29210381
0.29210381
0.29210381
0.29210381
0.29210381
0.29210381
0.29210381
0.29210381
0.29210381
0.29210381
0.29210381
0.29210381
0.29210381
0.29210381
0.29210381
0.29210381
0.29210381
0.29210381
0.29210381
0.29210381
0.29210381
0.29210381
0.29210381
0.29210381
0.29210381
0.29210381
0.29210381
0.29210381
0.29210381
0.29210381
0.29210381
0.29210381
0.29210381
0.29210381
0.29210381
0.29210381
0.29210381
0.29210381
0.29210381
0.29210381
0.29210381
0.29210381
0.28485200
0.28485200
0.28485200
0.28485200
0.28485200
0.28485200
0.28485200
0.28014687
0.28014687
0.28014687
0.27717521
0.27717521
0.27717521
0.27717521
0.27717521
0.27717521
0.27587885
0.27587885
0.27587885
0.27587885
0.27587885
0.27587885
0.27587885
0.27587885
0.27587885
0.27587885
0.27587885
0.27587885
0.27587885
0.27587885
0.27587885
0.27587885
0.27281116
0.27281116
0.27281116
0.27281116
0.27281116
0.27281116
0.27281116
0.27281116
0.27281116
0.27281116
0.27281116
0.27281116
0.27281116
0.27281116
0.27281116
0.27281116
0.27281116
0.27152345
0.27152345
0.27152345
0.27152345
0.27152345
0.27152345
0.27152345
0.27228948
0.27228948
0.27228948
0.27228948
0.27228948
0.27228948
0.27228948
0.27228948
0.27228948
0.27228948
0.27228948
0.27228948
0.27228948
0.27228948
0.27228948
0.27228948
0.27228948
0.27228948
0.27228948
0.27228948
0.27228948
0.27228948
0.27228948
0.27228948
0.27228948
0.27228948
0.27228948
0.27307381
0.27307381
0.27307381
0.27307381
0.27307381
0.27307381
0.27307381
0.27307381
0.27307381
0.27307381
0.27307381
0.27307381
0.27307381
0.27307381
0.27307381
0.27307381
0.27307381
0.27307381
0.27307381
0.27307381
0.27307381
0.27307381
0.27307381
0.27307381
0.27307381
0.27307381
0.27307381
0.27307381
0.27307381
0.27307381
0.27307381
0.27307381
0.27307381
0.27307381
0.27307381
0.27307381
0.27307381
0.27307381
0.27307381
