0.00000000 0.00000000 0.00000000 0.00000000 0.00000000 0.00000000 0.00000000 0.00000000 0.00000000 0.00000000
0.00000000 0.00000000 0.00000000 0.00000000 0.00000000 0.00000000 0.00000000 0.00000000 0.00000000 0.00000000
0.28299717 0.29494722 0.27230335 0.27770946 0.28363077 0.28754536 0.26265793 0.27844046 0.26222724 0.30438532
0.28299717 0.29494722 0.27230335 0.27770946 0.28363077 0.28754536 0.26265793 0.27844046 0.26222724 0.30438532
0.28299717 0.29494722 0.27230335 0.27770946 0.28363077 0.28754536 0.26265793 0.27844046 0.26222724 0.30438532
0.28299717 0.29494722 0.27230335 0.27770946 0.28363077 0.28754536 0.26265793 0.27844046 0.26222724 0.30438532
0.28299717 0.29494722 0.27230335 0.27770946 0.28363077 0.28754536 0.26265793 0.27844046 0.26222724 0.30438532
0.28299717 0.29494722 0.27230335 0.27770946 0.28363077 0.28754536 0.26265793 0.27844046 0.26222724 0.30438532
0.28299717 0.29494722 0.27230335 0.27770946 0.28363077 0.28754536 0.26265793 0.27844046 0.26222724 0.30438532
0.28299717 0.29494722 0.27230335 0.27770946 0.28363077 0.28754536 0.26265793 0.27844046 0.26222724 0.30438532
0.28299717 0.29494722 0.27230335 0.27770946 0.28363077 0.28754536 0.26265793 0.27844046 0.26222724 0.30438532
0.28299717 0.29494722 0.27230335 0.27770946 0.28363077 0.28754536 0.26265793 0.27844046 0.26222724 0.30438532
0.28299717 0.29494722 0.27230335 0.27770946 0.28363077 0.28754536 0.26265793 0.27844046 0.26222724 0.30438532
0.28299717 0.29494722 0.27230335 0.27770946 0.28363077 0.28754536 0.26265793 0.27844046 0.26222724 0.30438532
0.28299717 0.29494722 0.27230335 0.27770946 0.28363077 0.28754536 0.26265793 0.27844046 0.26222724 0.30438532
0.28299717 0.29494722 0.27230335 0.27770946 0.28363077 0.28754536 0.26265793 0.27844046 0.26222724 0.30438532
0.28299717 0.29494722 0.27230335 0.27770946 0.28363077 0.28754536 0.26265793 0.27844046 0.26222724 0.30438532
0.28299717 0.29494722 0.27230335 0.27770946 0.28363077 0.28754536 0.26265793 0.27844046 0.26222724 0.30438532
0.28299717 0.29494722 0.27230335 0.27770946 0.28363077 0.28754536 0.26265793 0.27844046 0.26222724 0.30438532
0.28299717 0.29494722 0.27230335 0.27770946 0.28363077 0.28754536 0.26265793 0.27844046 0.26222724 0.30438532
0.28299717 0.29494722 0.27230335 0.27770946 0.28363077 0.28754536 0.26265793 0.27844046 0.26222724 0.30438532
0.28299717 0.29494722 0.27230335 0.27770946 0.28363077 0.28754536 0.26265793 0.27844046 0.26222724 0.30438532
0.28299717 0.29494722 0.27230335 0.27770946 0.28363077 0.28754536 0.26265793 0.27844046 0.26222724 0.30438532
0.28299717 0.29494722 0.27230335 0.27770946 0.28363077 0.28754536 0.26265793 0.27844046 0.26222724 0.30438532
0.28299717 0.29494722 0.27230335 0.27770946 0.28363077 0.28754536 0.26265793 0.27844046 0.26222724 0.30438532
0.28299717 0.29494722 0.27230335 0.27770946 0.28363077 0.28754536 0.26265793 0.27844046 0.26222724 0.30438532
0.28299717 0.29494722 0.27230335 0.27770946 0.28363077 0.28754536 0.26265793 0.27844046 0.26222724 0.30438532
0.28299717 0.29494722 0.27230335 0.27770946 0.28363077 0.28754536 0.26265793 0.27844046 0.26222724 0.30438532
0.28299717 0.29494722 0.27230335 0.27770946 0.28363077 0.28754536 0.26265793 0.27844046 0.26222724 0.30438532
0.28299717 0.29494722 0.27230335 0.27770946 0.28363077 0.28754536 0.26265793 0.27844046 0.26222724 0.30438532
0.28299717 0.29494722 0.27230335 0.27770946 0.28363077 0.28754536 0.26265793 0.27844046 0.26222724 0.30438532
0.28299717 0.29494722 0.27230335 0.27770946 0.28363077 0.28754536 0.26265793 0.27844046 0.26222724 0.30438532
0.28299717 0.29494722 0.27230335 0.27770946 0.28363077 0.28754536 0.26265793 0.27844046 0.26222724 0.30438532
0.28299717 0.29494722 0.27230335 0.27770946 0.28363077 0.28754536 0.26265793 0.27844046 0.26222724 0.30438532
0.28299717 0.29494722 0.27230335 0.27770946 0.28363077 0.28754536 0.26265793 0.27844046 0.26222724 0.30438532
0.28299717 0.29494722 0.27230335 0.27770946 0.28363077 0.28754536 0.26265793 0.27844046 0.26222724 0.30438532
0.28299717 0.29494722 0.27230335 0.27770946 0.28363077 0.28754536 0.26265793 0.27844046 0.26222724 0.30438532
0.28299717 0.29494722 0.27230335 0.27770946 0.28363077 0.28754536 0.26265793 0.27844046 0.26222724 0.30438532
0.28299717 0.29494722 0.27230335 0.27770946 0.28363077 0.28754536 0.26265793 0.27844046 0.26222724 0.30438532
0.28299717 0.29494722 0.27230335 0.27770946 0.28363077 0.28754536 0.26265793 0.27844046 0.26222724 0.30438532
0.28299717 0.29494722 0.27230335 0.27770946 0.28363077 0.28754536 0.26265793 0.27844046 0.26222724 0.30438532
0.28299717 0.29494722 0.27230335 0.27770946 0.28363077 0.28754536 0.26265793 0.27844046 0.26222724 0.30438532
0.28299717 0.29494722 0.27230335 0.27770946 0.28363077 0.28754536 0.26265793 0.27844046 0.26222724 0.30438532
0.28299717 0.29494722 0.27230335 0.27770946 0.28363077 0.28754536 0.26265793 0.27844046 0.26222724 0.30438532
0.28299717 0.29494722 0.27230335 0.27770946 0.28363077 0.28754536 0.26265793 0.27844046 0.26222724 0.30438532
0.28299717 0.29494722 0.27230335 0.27770946 0.28363077 0.28754536 0.26265793 0.27844046 0.26222724 0.30438532
0.27604703 0.28750931 0.27314061 0.27780695 0.28785402 0.28950844 0.26208147 0.27719394 0.26254746 0.30652574
0.27604703 0.28750931 0.27314061 0.27780695 0.28785402 0.28950844 0.26208147 0.27719394 0.26254746 0.30652574
0.27604703 0.28750931 0.27314061 0.27780695 0.28785402 0.28950844 0.26208147 0.27719394 0.26254746 0.30652574
0.27604703 0.28750931 0.27314061 0.27780695 0.28785402 0.28950844 0.26208147 0.27719394 0.26254746 0.30652574
0.27604703 0.28750931 0.27314061 0.27780695 0.28785402 0.28950844 0.26208147 0.27719394 0.26254746 0.30652574
0.27604703 0.28750931 0.27314061 0.27780695 0.28785402 0.28950844 0.26208147 0.27719394 0.26254746 0.30652574
0.27604703 0.28750931 0.27314061 0.27780695 0.28785402 0.28950844 0.26208147 0.27719394 0.26254746 0.30652574
0.27604703 0.28750931 0.27314061 0.27780695 0.28785402 0.28950844 0.26208147 0.27719394 0.26254746 0.30652574
0.27604703 0.28750931 0.27314061 0.27780695 0.28785402 0.28950844 0.26208147 0.27719394 0.26254746 0.30652574
0.27604703 0.28750931 0.27314061 0.27780695 0.28785402 0.28950844 0.26208147 0.27719394 0.26254746 0.30652574
0.27604703 0.28750931 0.27314061 0.27780695 0.28785402 0.28950844 0.26208147 0.27719394 0.26254746 0.30652574
0.27604703 0.28750931 0.27314061 0.27780695 0.28785402 0.28950844 0.26208147 0.27719394 0.26254746 0.30652574
0.27604703 0.28750931 0.27314061 0.27780695 0.28785402 0.28950844 0.26208147 0.27719394 0.26254746 0.30652574
0.27604703 0.28750931 0.27314061 0.27780695 0.28785402 0.28950844 0.26208147 0.27719394 0.26254746 0.30652574
0.27604703 0.28750931 0.27314061 0.27780695 0.28785402 0.28950844 0.26208147 0.27719394 0.26254746 0.30652574
0.27604703 0.28750931 0.27314061 0.27780695 0.28785402 0.28950844 0.26208147 0.27719394 0.26254746 0.30652574
0.27604703 0.28750931 0.27314061 0.27780695 0.28785402 0.28950844 0.26208147 0.27719394 0.26254746 0.30652574
0.27604703 0.28750931 0.27314061 0.27780695 0.28785402 0.28950844 0.26208147 0.27719394 0.26254746 0.30652574
0.27604703 0.28750931 0.27314061 0.27780695 0.28785402 0.28950844 0.26208147 0.27719394 0.26254746 0.30652574
0.27604703 0.28750931 0.27314061 0.27780695 0.28785402 0.28950844 0.26208147 0.27719394 0.26254746 0.30652574
0.27604703 0.28750931 0.27314061 0.27780695 0.28785402 0.28950844 0.26208147 0.27719394 0.26254746 0.30652574
0.27604703 0.28750931 0.27314061 0.27780695 0.28785402 0.28950844 0.26208147 0.27719394 0.26254746 0.30652574
0.27604703 0.28750931 0.27314061 0.27780695 0.28785402 0.28950844 0.26208147 0.27719394 0.26254746 0.30652574
0.27604703 0.28750931 0.27314061 0.27780695 0.28785402 0.28950844 0.26208147 0.27719394 0.26254746 0.30652574
0.27604703 0.28750931 0.27314061 0.27780695 0.28785402 0.28950844 0.26208147 0.27719394 0.26254746 0.30652574
0.27604703 0.28750931 0.27314061 0.27780695 0.28785402 0.28950844 0.26208147 0.27719394 0.26254746 0.30652574
0.27604703 0.28750931 0.27314061 0.27780695 0.28785402 0.28950844 0.26208147 0.27719394 0.26254746 0.30652574
0.27604703 0.28750931 0.27314061 0.27780695 0.28785402 0.28950844 0.26208147 0.27719394 0.26254746 0.30652574
0.27604703 0.28750931 0.27314061 0.27780695 0.28785402 0.28950844 0.26208147 0.27719394 0.26254746 0.30652574
0.27604703 0.28750931 0.27314061 0.27780695 0.28785402 0.28950844 0.26208147 0.27719394 0.26254746 0.30652574
0.27604703 0.28750931 0.27314061 0.27780695 0.28785402 0.28950844 0.26208147 0.27719394 0.26254746 0.30652574
0.27604703 0.28750931 0.27314061 0.27780695 0.28785402 0.28950844 0.26208147 0.27719394 0.26254746 0.30652574
0.27604703 0.28750931 0.27314061 0.27780695 0.28785402 0.28950844 0.26208147 0.27719394 0.26254746 0.30652574
0.27604703 0.28750931 0.27314061 0.27780695 0.28785402 0.28950844 0.26208147 0.27719394 0.26254746 0.30652574
0.27604703 0.28750931 0.27314061 0.27780695 0.28785402 0.28950844 0.26208147 0.27719394 0.26254746 0.30652574
0.27604703 0.28750931 0.27314061 0.27780695 0.28785402 0.28950844 0.26208147 0.27719394 0.26254746 0.30652574
0.28056568 0.28997724 0.27624312 0.27465372 0.29120098 0.29510481 0.26161294 0.27866867 0.26239366 0.30898265
0.28056568 0.28997724 0.27624312 0.27465372 0.29120098 0.29510481 0.26161294 0.27866867 0.26239366 0.30898265
0.28056568 0.28997724 0.27624312 0.27465372 0.29120098 0.29510481 0.26161294 0.27866867 0.26239366 0.30898265
0.28056568 0.28997724 0.27624312 0.27465372 0.29120098 0.29510481 0.26161294 0.27866867 0.26239366 0.30898265
0.28056568 0.28997724 0.27624312 0.27465372 0.29120098 0.29510481 0.26161294 0.27866867 0.26239366 0.30898265
0.28056568 0.28997724 0.27624312 0.27465372 0.29120098 0.29510481 0.26161294 0.27866867 0.26239366 0.30898265
0.28056568 0.28997724 0.27624312 0.27465372 0.29120098 0.29510481 0.26161294 0.27866867 0.26239366 0.30898265
0.28056568 0.28997724 0.27624312 0.27465372 0.29120098 0.29510481 0.26161294 0.27866867 0.26239366 0.30898265
0.28056568 0.28997724 0.27624312 0.27465372 0.29120098 0.29510481 0.26161294 0.27866867 0.26239366 0.30898265
0.28056568 0.28997724 0.27624312 0.27465372 0.29120098 0.29510481 0.26161294 0.27866867 0.26239366 0.30898265
0.28056568 0.28997724 0.27624312 0.27465372 0.29120098 0.29510481 0.26161294 0.27866867 0.26239366 0.30898265
0.28056568 0.28997724 0.27624312 0.27465372 0.29120098 0.29510481 0.26161294 0.27866867 0.26239366 0.30898265
0.28056568 0.28997724 0.27624312 0.27465372 0.29120098 0.29510481 0.26161294 0.27866867 0.26239366 0.30898265
0.28056568 0.28997724 0.27624312 0.27465372 0.29120098 0.29510481 0.26161294 0.27866867 0.26239366 0.30898265
0.28056568 0.28997724 0.27624312 0.27465372 0.29120098 0.29510481 0.26161294 0.27866867 0.26239366 0.30898265
0.28056568 0.28997724 0.27624312 0.27465372 0.29120098 0.29510481 0.26161294 0.27866867 0.26239366 0.30898265
0.28056568 0.28997724 0.27624312 0.27465372 0.29120098 0.29510481 0.26161294 0.27866867 0.26239366 0.30898265
0.28056568 0.28997724 0.27624312 0.27465372 0.29120098 0.29510481 0.26161294 0.27866867 0.26239366 0.30898265
0.28056568 0.28997724 0.27624312 0.27465372 0.29120098 0.29510481 0.26161294 0.27866867 0.26239366 0.30898265
0.28047132 0.29379190 0.27573548 0.27280350 0.28819725 0.29978736 0.26300125 0.27369077 0.26176334 0.30352064
0.28047132 0.29379190 0.27573548 0.27280350 0.28819725 0.29978736 0.26300125 0.27369077 0.26176334 0.30352064
0.28047132 0.29379190 0.27573548 0.27280350 0.28819725 0.29978736 0.26300125 0.27369077 0.26176334 0.30352064
0.28047132 0.29379190 0.27573548 0.27280350 0.28819725 0.29978736 0.26300125 0.27369077 0.26176334 0.30352064
0.28047132 0.29379190 0.27573548 0.27280350 0.28819725 0.29978736 0.26300125 0.27369077 0.26176334 0.30352064
0.28047132 0.29379190 0.27573548 0.27280350 0.28819725 0.29978736 0.26300125 0.27369077 0.26176334 0.30352064
0.28047132 0.29379190 0.27573548 0.27280350 0.28819725 0.29978736 0.26300125 0.27369077 0.26176334 0.30352064
0.28047132 0.29379190 0.27573548 0.27280350 0.28819725 0.29978736 0.26300125 0.27369077 0.26176334 0.30352064
0.28047132 0.29379190 0.27573548 0.27280350 0.28819725 0.29978736 0.26300125 0.27369077 0.26176334 0.30352064
0.28047132 0.29379190 0.27573548 0.27280350 0.28819725 0.29978736 0.26300125 0.27369077 0.26176334 0.30352064
0.28047132 0.29379190 0.27573548 0.27280350 0.28819725 0.29978736 0.26300125 0.27369077 0.26176334 0.30352064
0.28047132 0.29379190 0.27573548 0.27280350 0.28819725 0.29978736 0.26300125 0.27369077 0.26176334 0.30352064
0.28047132 0.29379190 0.27573548 0.27280350 0.28819725 0.29978736 0.26300125 0.27369077 0.26176334 0.30352064
0.28047132 0.29379190 0.27573548 0.27280350 0.28819725 0.29978736 0.26300125 0.27369077 0.26176334 0.30352064
0.28047132 0.29379190 0.27573548 0.27280350 0.28819725 0.29978736 0.26300125 0.27369077 0.26176334 0.30352064
0.28047132 0.29379190 0.27573548 0.27280350 0.28819725 0.29978736 0.26300125 0.27369077 0.26176334 0.30352064
0.28047132 0.29379190 0.27573548 0.27280350 0.28819725 0.29978736 0.26300125 0.27369077 0.26176334 0.30352064
0.28047132 0.29379190 0.27573548 0.27280350 0.28819725 0.29978736 0.26300125 0.27369077 0.26176334 0.30352064
0.28047132 0.29379190 0.27573548 0.27280350 0.28819725 0.29978736 0.26300125 0.27369077 0.26176334 0.30352064
0.28047132 0.29379190 0.27573548 0.27280350 0.28819725 0.29978736 0.26300125 0.27369077 0.26176334 0.30352064
0.28047132 0.29379190 0.27573548 0.27280350 0.28819725 0.29978736 0.26300125 0.27369077 0.26176334 0.30352064
0.28047132 0.29379190 0.27573548 0.27280350 0.28819725 0.29978736 0.26300125 0.27369077 0.26176334 0.30352064
0.28047132 0.29379190 0.27573548 0.27280350 0.28819725 0.29978736 0.26300125 0.27369077 0.26176334 0.30352064
0.28047132 0.29379190 0.27573548 0.27280350 0.28819725 0.29978736 0.26300125 0.27369077 0.26176334 0.30352064
0.28047132 0.29379190 0.27573548 0.27280350 0.28819725 0.29978736 0.26300125 0.27369077 0.26176334 0.30352064
0.28047132 0.29379190 0.27573548 0.27280350 0.28819725 0.29978736 0.26300125 0.27369077 0.26176334 0.30352064
0.28047132 0.29379190 0.27573548 0.27280350 0.28819725 0.29978736 0.26300125 0.27369077 0.26176334 0.30352064
0.28047132 0.29379190 0.27573548 0.27280350 0.28819725 0.29978736 0.26300125 0.27369077 0.26176334 0.30352064
0.28047132 0.29379190 0.27573548 0.27280350 0.28819725 0.29978736 0.26300125 0.27369077 0.26176334 0.30352064
0.28047132 0.29379190 0.27573548 0.27280350 0.28819725 0.29978736 0.26300125 0.27369077 0.26176334 0.30352064
0.28047132 0.29379190 0.27573548 0.27280350 0.28819725 0.29978736 0.26300125 0.27369077 0.26176334 0.30352064
0.28047132 0.29379190 0.27573548 0.27280350 0.28819725 0.29978736 0.26300125 0.27369077 0.26176334 0.30352064
0.28047132 0.29379190 0.27573548 0.27280350 0.28819725 0.29978736 0.26300125 0.27369077 0.26176334 0.30352064
0.28047132 0.29379190 0.27573548 0.27280350 0.28819725 0.29978736 0.26300125 0.27369077 0.26176334 0.30352064
0.28047132 0.29379190 0.27573548 0.27280350 0.28819725 0.29978736 0.26300125 0.27369077 0.26176334 0.30352064
0.28047132 0.29379190 0.27573548 0.27280350 0.28819725 0.29978736 0.26300125 0.27369077 0.26176334 0.30352064
0.28047132 0.29379190 0.27573548 0.27280350 0.28819725 0.29978736 0.26300125 0.27369077 0.26176334 0.30352064
0.28047132 0.29379190 0.27573548 0.27280350 0.28819725 0.29978736 0.26300125 0.27369077 0.26176334 0.30352064
0.28047132 0.29379190 0.27573548 0.27280350 0.28819725 0.29978736 0.26300125 0.27369077 0.26176334 0.30352064
0.27778001 0.29709180 0.27861975 0.27117147 0.29157133 0.29849806 0.26298772 0.27535202 0.26175014 0.30802699
0.27778001 0.29709180 0.27861975 0.27117147 0.29157133 0.29849806 0.26298772 0.27535202 0.26175014 0.30802699
0.27778001 0.29709180 0.27861975 0.27117147 0.29157133 0.29849806 0.26298772 0.27535202 0.26175014 0.30802699
0.27778001 0.29709180 0.27861975 0.27117147 0.29157133 0.29849806 0.26298772 0.27535202 0.26175014 0.30802699
0.27778001 0.29709180 0.27861975 0.27117147 0.29157133 0.29849806 0.26298772 0.27535202 0.26175014 0.30802699
0.27778001 0.29709180 0.27861975 0.27117147 0.29157133 0.29849806 0.26298772 0.27535202 0.26175014 0.30802699
0.27778001 0.29709180 0.27861975 0.27117147 0.29157133 0.29849806 0.26298772 0.27535202 0.26175014 0.30802699
0.27778001 0.29709180 0.27861975 0.27117147 0.29157133 0.29849806 0.26298772 0.27535202 0.26175014 0.30802699
0.27778001 0.29709180 0.27861975 0.27117147 0.29157133 0.29849806 0.26298772 0.27535202 0.26175014 0.30802699
0.27778001 0.29709180 0.27861975 0.27117147 0.29157133 0.29849806 0.26298772 0.27535202 0.26175014 0.30802699
0.27778001 0.29709180 0.27861975 0.27117147 0.29157133 0.29849806 0.26298772 0.27535202 0.26175014 0.30802699
0.27778001 0.29709180 0.27861975 0.27117147 0.29157133 0.29849806 0.26298772 0.27535202 0.26175014 0.30802699
0.27778001 0.29709180 0.27861975 0.27117147 0.29157133 0.29849806 0.26298772 0.27535202 0.26175014 0.30802699
0.27778001 0.29709180 0.27861975 0.27117147 0.29157133 0.29849806 0.26298772 0.27535202 0.26175014 0.30802699
0.27778001 0.29709180 0.27861975 0.27117147 0.29157133 0.29849806 0.26298772 0.27535202 0.26175014 0.30802699
0.27778001 0.29709180 0.27861975 0.27117147 0.29157133 0.29849806 0.26298772 0.27535202 0.26175014 0.30802699
0.27778001 0.29709180 0.27861975 0.27117147 0.29157133 0.29849806 0.26298772 0.27535202 0.26175014 0.30802699
0.27778001 0.29709180 0.27861975 0.27117147 0.29157133 0.29849806 0.26298772 0.27535202 0.26175014 0.30802699
0.27778001 0.29709180 0.27861975 0.27117147 0.29157133 0.29849806 0.26298772 0.27535202 0.26175014 0.30802699
0.27778001 0.29709180 0.27861975 0.27117147 0.29157133 0.29849806 0.26298772 0.27535202 0.26175014 0.30802699
0.27778001 0.29709180 0.27861975 0.27117147 0.29157133 0.29849806 0.26298772 0.27535202 0.26175014 0.30802699
0.27778001 0.29709180 0.27861975 0.27117147 0.29157133 0.29849806 0.26298772 0.27535202 0.26175014 0.30802699
0.27778001 0.29709180 0.27861975 0.27117147 0.29157133 0.29849806 0.26298772 0.27535202 0.26175014 0.30802699
0.27778001 0.29709180 0.27861975 0.27117147 0.29157133 0.29849806 0.26298772 0.27535202 0.26175014 0.30802699
0.27778001 0.29709180 0.27861975 0.27117147 0.29157133 0.29849806 0.26298772 0.27535202 0.26175014 0.30802699
0.27778001 0.29709180 0.27861975 0.27117147 0.29157133 0.29849806 0.26298772 0.27535202 0.26175014 0.30802699
0.27778001 0.29709180 0.27861975 0.27117147 0.29157133 0.29849806 0.26298772 0.27535202 0.26175014 0.30802699
0.27684376 0.30058989 0.28084088 0.27219745 0.29544713 0.29747352 0.26317821 0.27593152 0.26107453 0.30696061
0.27684376 0.30058989 0.28084088 0.27219745 0.29544713 0.29747352 0.26317821 0.27593152 0.26107453 0.30696061
0.27684376 0.30058989 0.28084088 0.27219745 0.29544713 0.29747352 0.26317821 0.27593152 0.26107453 0.30696061
0.27684376 0.30058989 0.28084088 0.27219745 0.29544713 0.29747352 0.26317821 0.27593152 0.26107453 0.30696061
0.27684376 0.30058989 0.28084088 0.27219745 0.29544713 0.29747352 0.26317821 0.27593152 0.26107453 0.30696061
0.27684376 0.30058989 0.28084088 0.27219745 0.29544713 0.29747352 0.26317821 0.27593152 0.26107453 0.30696061
0.27684376 0.30058989 0.28084088 0.27219745 0.29544713 0.29747352 0.26317821 0.27593152 0.26107453 0.30696061
0.27684376 0.30058989 0.28084088 0.27219745 0.29544713 0.29747352 0.26317821 0.27593152 0.26107453 0.30696061
0.27684376 0.30058989 0.28084088 0.27219745 0.29544713 0.29747352 0.26317821 0.27593152 0.26107453 0.30696061
0.27684376 0.30058989 0.28084088 0.27219745 0.29544713 0.29747352 0.26317821 0.27593152 0.26107453 0.30696061
0.27684376 0.30058989 0.28084088 0.27219745 0.29544713 0.29747352 0.26317821 0.27593152 0.26107453 0.30696061
0.27684376 0.30058989 0.28084088 0.27219745 0.29544713 0.29747352 0.26317821 0.27593152 0.26107453 0.30696061
0.27684376 0.30058989 0.28084088 0.27219745 0.29544713 0.29747352 0.26317821 0.27593152 0.26107453 0.30696061
0.27684376 0.30058989 0.28084088 0.27219745 0.29544713 0.29747352 0.26317821 0.27593152 0.26107453 0.30696061
0.27684376 0.30058989 0.28084088 0.27219745 0.29544713 0.29747352 0.26317821 0.27593152 0.26107453 0.30696061
0.27684376 0.30058989 0.28084088 0.27219745 0.29544713 0.29747352 0.26317821 0.27593152 0.26107453 0.30696061
0.27488685 0.30287712 0.27983743 0.26985571 0.28621194 0.29754158 0.26450676 0.27914371 0.25994768 0.30301985
0.27488685 0.30287712 0.27983743 0.26985571 0.28621194 0.29754158 0.26450676 0.27914371 0.25994768 0.30301985
0.27488685 0.30287712 0.27983743 0.26985571 0.28621194 0.29754158 0.26450676 0.27914371 0.25994768 0.30301985
0.27488685 0.30287712 0.27983743 0.26985571 0.28621194 0.29754158 0.26450676 0.27914371 0.25994768 0.30301985
0.27488685 0.30287712 0.27983743 0.26985571 0.28621194 0.29754158 0.26450676 0.27914371 0.25994768 0.30301985
0.27488685 0.30287712 0.27983743 0.26985571 0.28621194 0.29754158 0.26450676 0.27914371 0.25994768 0.30301985
0.27488685 0.30287712 0.27983743 0.26985571 0.28621194 0.29754158 0.26450676 0.27914371 0.25994768 0.30301985
0.27488685 0.30287712 0.27983743 0.26985571 0.28621194 0.29754158 0.26450676 0.27914371 0.25994768 0.30301985
0.27098097 0.30195975 0.28139127 0.26690712 0.28873329 0.29750152 0.25931596 0.27664482 0.26027206 0.30383047
0.27098097 0.30195975 0.28139127 0.26690712 0.28873329 0.29750152 0.25931596 0.27664482 0.26027206 0.30383047
0.27098097 0.30195975 0.28139127 0.26690712 0.28873329 0.29750152 0.25931596 0.27664482 0.26027206 0.30383047
0.27098097 0.30195975 0.28139127 0.26690712 0.28873329 0.29750152 0.25931596 0.27664482 0.26027206 0.30383047
0.27098097 0.30195975 0.28139127 0.26690712 0.28873329 0.29750152 0.25931596 0.27664482 0.26027206 0.30383047
0.27098097 0.30195975 0.28139127 0.26690712 0.28873329 0.29750152 0.25931596 0.27664482 0.26027206 0.30383047
0.27098097 0.30195975 0.28139127 0.26690712 0.28873329 0.29750152 0.25931596 0.27664482 0.26027206 0.30383047
0.27098097 0.30195975 0.28139127 0.26690712 0.28873329 0.29750152 0.25931596 0.27664482 0.26027206 0.30383047
0.27098097 0.30195975 0.28139127 0.26690712 0.28873329 0.29750152 0.25931596 0.27664482 0.26027206 0.30383047
0.27098097 0.30195975 0.28139127 0.26690712 0.28873329 0.29750152 0.25931596 0.27664482 0.26027206 0.30383047
0.27098097 0.30195975 0.28139127 0.26690712 0.28873329 0.29750152 0.25931596 0.27664482 0.26027206 0.30383047
0.27098097 0.30195975 0.28139127 0.26690712 0.28873329 0.29750152 0.25931596 0.27664482 0.26027206 0.30383047
0.27098097 0.30195975 0.28139127 0.26690712 0.28873329 0.29750152 0.25931596 0.27664482 0.26027206 0.30383047
0.27098097 0.30195975 0.28139127 0.26690712 0.28873329 0.29750152 0.25931596 0.27664482 0.26027206 0.30383047
0.27098097 0.30195975 0.28139127 0.26690712 0.28873329 0.29750152 0.25931596 0.27664482 0.26027206 0.30383047
0.27098097 0.30195975 0.28139127 0.26690712 0.28873329 0.29750152 0.25931596 0.27664482 0.26027206 0.30383047
0.27098097 0.30195975 0.28139127 0.26690712 0.28873329 0.29750152 0.25931596 0.27664482 0.26027206 0.30383047
0.27098097 0.30195975 0.28139127 0.26690712 0.28873329 0.29750152 0.25931596 0.27664482 0.26027206 0.30383047
0.27098097 0.30195975 0.28139127 0.26690712 0.28873329 0.29750152 0.25931596 0.27664482 0.26027206 0.30383047
0.27098097 0.30195975 0.28139127 0.26690712 0.28873329 0.29750152 0.25931596 0.27664482 0.26027206 0.30383047
0.27098097 0.30195975 0.28139127 0.26690712 0.28873329 0.29750152 0.25931596 0.27664482 0.26027206 0.30383047
0.27098097 0.30195975 0.28139127 0.26690712 0.28873329 0.29750152 0.25931596 0.27664482 0.26027206 0.30383047
0.27098097 0.30195975 0.28139127 0.26690712 0.28873329 0.29750152 0.25931596 0.27664482 0.26027206 0.30383047
0.27098097 0.30195975 0.28139127 0.26690712 0.28873329 0.29750152 0.25931596 0.27664482 0.26027206 0.30383047
0.27098097 0.30195975 0.28139127 0.26690712 0.28873329 0.29750152 0.25931596 0.27664482 0.26027206 0.30383047
0.27014848 0.30719297 0.28435244 0.26717233 0.28888738 0.30228960 0.26145426 0.27657398 0.26072757 0.30100676
0.27014848 0.30719297 0.28435244 0.26717233 0.28888738 0.30228960 0.26145426 0.27657398 0.26072757 0.30100676
0.27014848 0.30719297 0.28435244 0.26717233 0.28888738 0.30228960 0.26145426 0.27657398 0.26072757 0.30100676
0.27014848 0.30719297 0.28435244 0.26717233 0.28888738 0.30228960 0.26145426 0.27657398 0.26072757 0.30100676
0.27014848 0.30719297 0.28435244 0.26717233 0.28888738 0.30228960 0.26145426 0.27657398 0.26072757 0.30100676
0.27014848 0.30719297 0.28435244 0.26717233 0.28888738 0.30228960 0.26145426 0.27657398 0.26072757 0.30100676
0.27014848 0.30719297 0.28435244 0.26717233 0.28888738 0.30228960 0.26145426 0.27657398 0.26072757 0.30100676
0.27014848 0.30719297 0.28435244 0.26717233 0.28888738 0.30228960 0.26145426 0.27657398 0.26072757 0.30100676
0.27014848 0.30719297 0.28435244 0.26717233 0.28888738 0.30228960 0.26145426 0.27657398 0.26072757 0.30100676
0.27014848 0.30719297 0.28435244 0.26717233 0.28888738 0.30228960 0.26145426 0.27657398 0.26072757 0.30100676
0.27014848 0.30719297 0.28435244 0.26717233 0.28888738 0.30228960 0.26145426 0.27657398 0.26072757 0.30100676
0.27014848 0.30719297 0.28435244 0.26717233 0.28888738 0.30228960 0.26145426 0.27657398 0.26072757 0.30100676
0.27014848 0.30719297 0.28435244 0.26717233 0.28888738 0.30228960 0.26145426 0.27657398 0.26072757 0.30100676
0.27014848 0.30719297 0.28435244 0.26717233 0.28888738 0.30228960 0.26145426 0.27657398 0.26072757 0.30100676
0.27014848 0.30719297 0.28435244 0.26717233 0.28888738 0.30228960 0.26145426 0.27657398 0.26072757 0.30100676
0.27014848 0.30719297 0.28435244 0.26717233 0.28888738 0.30228960 0.26145426 0.27657398 0.26072757 0.30100676
0.27014848 0.30719297 0.28435244 0.26717233 0.28888738 0.30228960 0.26145426 0.27657398 0.26072757 0.30100676
0.27014848 0.30719297 0.28435244 0.26717233 0.28888738 0.30228960 0.26145426 0.27657398 0.26072757 0.30100676
0.26907895 0.30353283 0.28893577 0.26464797 0.28321917 0.29652994 0.26642719 0.27941270 0.26168666 0.30308129
0.26907895 0.30353283 0.28893577 0.26464797 0.28321917 0.29652994 0.26642719 0.27941270 0.26168666 0.30308129
0.26907895 0.30353283 0.28893577 0.26464797 0.28321917 0.29652994 0.26642719 0.27941270 0.26168666 0.30308129
0.26907895 0.30353283 0.28893577 0.26464797 0.28321917 0.29652994 0.26642719 0.27941270 0.26168666 0.30308129
0.26907895 0.30353283 0.28893577 0.26464797 0.28321917 0.29652994 0.26642719 0.27941270 0.26168666 0.30308129
0.26907895 0.30353283 0.28893577 0.26464797 0.28321917 0.29652994 0.26642719 0.27941270 0.26168666 0.30308129
0.26907895 0.30353283 0.28893577 0.26464797 0.28321917 0.29652994 0.26642719 0.27941270 0.26168666 0.30308129
0.26907895 0.30353283 0.28893577 0.26464797 0.28321917 0.29652994 0.26642719 0.27941270 0.26168666 0.30308129
0.26907895 0.30353283 0.28893577 0.26464797 0.28321917 0.29652994 0.26642719 0.27941270 0.26168666 0.30308129
0.26907895 0.30353283 0.28893577 0.26464797 0.28321917 0.29652994 0.26642719 0.27941270 0.26168666 0.30308129
0.26907895 0.30353283 0.28893577 0.26464797 0.28321917 0.29652994 0.26642719 0.27941270 0.26168666 0.30308129
0.26907895 0.30353283 0.28893577 0.26464797 0.28321917 0.29652994 0.26642719 0.27941270 0.26168666 0.30308129
0.26907895 0.30353283 0.28893577 0.26464797 0.28321917 0.29652994 0.26642719 0.27941270 0.26168666 0.30308129
0.26907895 0.30353283 0.28893577 0.26464797 0.28321917 0.29652994 0.26642719 0.27941270 0.26168666 0.30308129
0.26907895 0.30353283 0.28893577 0.26464797 0.28321917 0.29652994 0.26642719 0.27941270 0.26168666 0.30308129
0.26907895 0.30353283 0.28893577 0.26464797 0.28321917 0.29652994 0.26642719 0.27941270 0.26168666 0.30308129
0.26907895 0.30353283 0.28893577 0.26464797 0.28321917 0.29652994 0.26642719 0.27941270 0.26168666 0.30308129
0.26907895 0.30353283 0.28893577 0.26464797 0.28321917 0.29652994 0.26642719 0.27941270 0.26168666 0.30308129
0.26907895 0.30353283 0.28893577 0.26464797 0.28321917 0.29652994 0.26642719 0.27941270 0.26168666 0.30308129
0.26730276 0.31010537 0.29359691 0.26634044 0.28545859 0.29282472 0.26537095 0.27916550 0.26136544 0.30548950
0.26730276 0.31010537 0.29359691 0.26634044 0.28545859 0.29282472 0.26537095 0.27916550 0.26136544 0.30548950
0.26730276 0.31010537 0.29359691 0.26634044 0.28545859 0.29282472 0.26537095 0.27916550 0.26136544 0.30548950
0.26730276 0.31010537 0.29359691 0.26634044 0.28545859 0.29282472 0.26537095 0.27916550 0.26136544 0.30548950
0.26730276 0.31010537 0.29359691 0.26634044 0.28545859 0.29282472 0.26537095 0.27916550 0.26136544 0.30548950
0.26730276 0.31010537 0.29359691 0.26634044 0.28545859 0.29282472 0.26537095 0.27916550 0.26136544 0.30548950
0.26730276 0.31010537 0.29359691 0.26634044 0.28545859 0.29282472 0.26537095 0.27916550 0.26136544 0.30548950
0.26730276 0.31010537 0.29359691 0.26634044 0.28545859 0.29282472 0.26537095 0.27916550 0.26136544 0.30548950
0.26730276 0.31010537 0.29359691 0.26634044 0.28545859 0.29282472 0.26537095 0.27916550 0.26136544 0.30548950
0.26730276 0.31010537 0.29359691 0.26634044 0.28545859 0.29282472 0.26537095 0.27916550 0.26136544 0.30548950
0.26730276 0.31010537 0.29359691 0.26634044 0.28545859 0.29282472 0.26537095 0.27916550 0.26136544 0.30548950
0.26730276 0.31010537 0.29359691 0.26634044 0.28545859 0.29282472 0.26537095 0.27916550 0.26136544 0.30548950
0.26730276 0.31010537 0.29359691 0.26634044 0.28545859 0.29282472 0.26537095 0.27916550 0.26136544 0.30548950
0.26730276 0.31010537 0.29359691 0.26634044 0.28545859 0.29282472 0.26537095 0.27916550 0.26136544 0.30548950
0.26730276 0.31010537 0.29359691 0.26634044 0.28545859 0.29282472 0.26537095 0.27916550 0.26136544 0.30548950
0.26730276 0.31010537 0.29359691 0.26634044 0.28545859 0.29282472 0.26537095 0.27916550 0.26136544 0.30548950
0.26730276 0.31010537 0.29359691 0.26634044 0.28545859 0.29282472 0.26537095 0.27916550 0.26136544 0.30548950
0.26730276 0.31010537 0.29359691 0.26634044 0.28545859 0.29282472 0.26537095 0.27916550 0.26136544 0.30548950
0.26730276 0.31010537 0.29359691 0.26634044 0.28545859 0.29282472 0.26537095 0.27916550 0.26136544 0.30548950
0.26730276 0.31010537 0.29359691 0.26634044 0.28545859 0.29282472 0.26537095 0.27916550 0.26136544 0.30548950
0.26736678 0.31306196 0.29875227 0.26877511 0.28596722 0.29294423 0.26464368 0.27788966 0.26184849 0.30489503
0.26736678 0.31306196 0.29875227 0.26877511 0.28596722 0.29294423 0.26464368 0.27788966 0.26184849 0.30489503
0.26736678 0.31306196 0.29875227 0.26877511 0.28596722 0.29294423 0.26464368 0.27788966 0.26184849 0.30489503
0.26736678 0.31306196 0.29875227 0.26877511 0.28596722 0.29294423 0.26464368 0.27788966 0.26184849 0.30489503
0.26736678 0.31306196 0.29875227 0.26877511 0.28596722 0.29294423 0.26464368 0.27788966 0.26184849 0.30489503
0.26736678 0.31306196 0.29875227 0.26877511 0.28596722 0.29294423 0.26464368 0.27788966 0.26184849 0.30489503
0.26736678 0.31306196 0.29875227 0.26877511 0.28596722 0.29294423 0.26464368 0.27788966 0.26184849 0.30489503
0.26736678 0.31306196 0.29875227 0.26877511 0.28596722 0.29294423 0.26464368 0.27788966 0.26184849 0.30489503
0.26736678 0.31306196 0.29875227 0.26877511 0.28596722 0.29294423 0.26464368 0.27788966 0.26184849 0.30489503
0.26736678 0.31306196 0.29875227 0.26877511 0.28596722 0.29294423 0.26464368 0.27788966 0.26184849 0.30489503
0.26736678 0.31306196 0.29875227 0.26877511 0.28596722 0.29294423 0.26464368 0.27788966 0.26184849 0.30489503
0.26736678 0.31306196 0.29875227 0.26877511 0.28596722 0.29294423 0.26464368 0.27788966 0.26184849 0.30489503
0.26736678 0.31306196 0.29875227 0.26877511 0.28596722 0.29294423 0.26464368 0.27788966 0.26184849 0.30489503
0.26736678 0.31306196 0.29875227 0.26877511 0.28596722 0.29294423 0.26464368 0.27788966 0.26184849 0.30489503
0.26736678 0.31306196 0.29875227 0.26877511 0.28596722 0.29294423 0.26464368 0.27788966 0.26184849 0.30489503
0.26736678 0.31306196 0.29875227 0.26877511 0.28596722 0.29294423 0.26464368 0.27788966 0.26184849 0.30489503
0.26736678 0.31306196 0.29875227 0.26877511 0.28596722 0.29294423 0.26464368 0.27788966 0.26184849 0.30489503
0.26736678 0.31306196 0.29875227 0.26877511 0.28596722 0.29294423 0.26464368 0.27788966 0.26184849 0.30489503
0.26736678 0.31306196 0.29875227 0.26877511 0.28596722 0.29294423 0.26464368 0.27788966 0.26184849 0.30489503
0.26736678 0.31306196 0.29875227 0.26877511 0.28596722 0.29294423 0.26464368 0.27788966 0.26184849 0.30489503
0.26736678 0.31306196 0.29875227 0.26877511 0.28596722 0.29294423 0.26464368 0.27788966 0.26184849 0.30489503
0.26736678 0.31306196 0.29875227 0.26877511 0.28596722 0.29294423 0.26464368 0.27788966 0.26184849 0.30489503
0.26736678 0.31306196 0.29875227 0.26877511 0.28596722 0.29294423 0.26464368 0.27788966 0.26184849 0.30489503
0.26736678 0.31306196 0.29875227 0.26877511 0.28596722 0.29294423 0.26464368 0.27788966 0.26184849 0.30489503
0.26736678 0.31306196 0.29875227 0.26877511 0.28596722 0.29294423 0.26464368 0.27788966 0.26184849 0.30489503
0.26736678 0.31306196 0.29875227 0.26877511 0.28596722 0.29294423 0.26464368 0.27788966 0.26184849 0.30489503
0.26736678 0.31306196 0.29875227 0.26877511 0.28596722 0.29294423 0.26464368 0.27788966 0.26184849 0.30489503
0.26736678 0.31306196 0.29875227 0.26877511 0.28596722 0.29294423 0.26464368 0.27788966 0.26184849 0.30489503
0.26736678 0.31306196 0.29875227 0.26877511 0.28596722 0.29294423 0.26464368 0.27788966 0.26184849 0.30489503
0.26736678 0.31306196 0.29875227 0.26877511 0.28596722 0.29294423 0.26464368 0.27788966 0.26184849 0.30489503
0.26736678 0.31306196 0.29875227 0.26877511 0.28596722 0.29294423 0.26464368 0.27788966 0.26184849 0.30489503
0.26736678 0.31306196 0.29875227 0.26877511 0.28596722 0.29294423 0.26464368 0.27788966 0.26184849 0.30489503
0.26736678 0.31306196 0.29875227 0.26877511 0.28596722 0.29294423 0.26464368 0.27788966 0.26184849 0.30489503
0.26736678 0.31306196 0.29875227 0.26877511 0.28596722 0.29294423 0.26464368 0.27788966 0.26184849 0.30489503
0.26736678 0.31306196 0.29875227 0.26877511 0.28596722 0.29294423 0.26464368 0.27788966 0.26184849 0.30489503
0.26736678 0.31306196 0.29875227 0.26877511 0.28596722 0.29294423 0.26464368 0.27788966 0.26184849 0.30489503
0.26736678 0.31306196 0.29875227 0.26877511 0.28596722 0.29294423 0.26464368 0.27788966 0.26184849 0.30489503
0.26736678 0.31306196 0.29875227 0.26877511 0.28596722 0.29294423 0.26464368 0.27788966 0.26184849 0.30489503
0.26736678 0.31306196 0.29875227 0.26877511 0.28596722 0.29294423 0.26464368 0.27788966 0.26184849 0.30489503
0.26736678 0.31306196 0.29875227 0.26877511 0.28596722 0.29294423 0.26464368 0.27788966 0.26184849 0.30489503
0.26736678 0.31306196 0.29875227 0.26877511 0.28596722 0.29294423 0.26464368 0.27788966 0.26184849 0.30489503
0.26736678 0.31306196 0.29875227 0.26877511 0.28596722 0.29294423 0.26464368 0.27788966 0.26184849 0.30489503
0.26736678 0.31306196 0.29875227 0.26877511 0.28596722 0.29294423 0.26464368 0.27788966 0.26184849 0.30489503
0.26736678 0.31306196 0.29875227 0.26877511 0.28596722 0.29294423 0.26464368 0.27788966 0.26184849 0.30489503
0.26736678 0.31306196 0.29875227 0.26877511 0.28596722 0.29294423 0.26464368 0.27788966 0.26184849 0.30489503
0.26662603 0.31752185 0.29168421 0.26608003 0.29234912 0.29267067 0.26514713 0.27858972 0.26091623 0.30996570
0.26673197 0.31276927 0.28846337 0.26817857 0.29000813 0.29367572 0.26721843 0.27569391 0.26142631 0.30396953
0.26673197 0.31276927 0.28846337 0.26817857 0.29000813 0.29367572 0.26721843 0.27569391 0.26142631 0.30396953
0.26673197 0.31276927 0.28846337 0.26817857 0.29000813 0.29367572 0.26721843 0.27569391 0.26142631 0.30396953
0.26673197 0.31276927 0.28846337 0.26817857 0.29000813 0.29367572 0.26721843 0.27569391 0.26142631 0.30396953
0.26673197 0.31276927 0.28846337 0.26817857 0.29000813 0.29367572 0.26721843 0.27569391 0.26142631 0.30396953
0.26673197 0.31276927 0.28846337 0.26817857 0.29000813 0.29367572 0.26721843 0.27569391 0.26142631 0.30396953
0.26673197 0.31276927 0.28846337 0.26817857 0.29000813 0.29367572 0.26721843 0.27569391 0.26142631 0.30396953
0.26673197 0.31276927 0.28846337 0.26817857 0.29000813 0.29367572 0.26721843 0.27569391 0.26142631 0.30396953
0.26673197 0.31276927 0.28846337 0.26817857 0.29000813 0.29367572 0.26721843 0.27569391 0.26142631 0.30396953
0.26673197 0.31276927 0.28846337 0.26817857 0.29000813 0.29367572 0.26721843 0.27569391 0.26142631 0.30396953
0.26673197 0.31276927 0.28846337 0.26817857 0.29000813 0.29367572 0.26721843 0.27569391 0.26142631 0.30396953
0.26673197 0.31276927 0.28846337 0.26817857 0.29000813 0.29367572 0.26721843 0.27569391 0.26142631 0.30396953
0.26673197 0.31276927 0.28846337 0.26817857 0.29000813 0.29367572 0.26721843 0.27569391 0.26142631 0.30396953
0.26673197 0.31276927 0.28846337 0.26817857 0.29000813 0.29367572 0.26721843 0.27569391 0.26142631 0.30396953
0.26673197 0.31276927 0.28846337 0.26817857 0.29000813 0.29367572 0.26721843 0.27569391 0.26142631 0.30396953
0.26673197 0.31276927 0.28846337 0.26817857 0.29000813 0.29367572 0.26721843 0.27569391 0.26142631 0.30396953
0.26673197 0.31276927 0.28846337 0.26817857 0.29000813 0.29367572 0.26721843 0.27569391 0.26142631 0.30396953
0.26673197 0.31276927 0.28846337 0.26817857 0.29000813 0.29367572 0.26721843 0.27569391 0.26142631 0.30396953
0.26673197 0.31276927 0.28846337 0.26817857 0.29000813 0.29367572 0.26721843 0.27569391 0.26142631 0.30396953
0.26673197 0.31276927 0.28846337 0.26817857 0.29000813 0.29367572 0.26721843 0.27569391 0.26142631 0.30396953
0.26673197 0.31276927 0.28846337 0.26817857 0.29000813 0.29367572 0.26721843 0.27569391 0.26142631 0.30396953
0.26673197 0.31276927 0.28846337 0.26817857 0.29000813 0.29367572 0.26721843 0.27569391 0.26142631 0.30396953
0.26673197 0.31276927 0.28846337 0.26817857 0.29000813 0.29367572 0.26721843 0.27569391 0.26142631 0.30396953
0.26673197 0.31276927 0.28846337 0.26817857 0.29000813 0.29367572 0.26721843 0.27569391 0.26142631 0.30396953
0.26673197 0.31276927 0.28846337 0.26817857 0.29000813 0.29367572 0.26721843 0.27569391 0.26142631 0.30396953
0.26673197 0.31276927 0.28846337 0.26817857 0.29000813 0.29367572 0.26721843 0.27569391 0.26142631 0.30396953
0.26673197 0.31276927 0.28846337 0.26817857 0.29000813 0.29367572 0.26721843 0.27569391 0.26142631 0.30396953
0.26673197 0.31276927 0.28846337 0.26817857 0.29000813 0.29367572 0.26721843 0.27569391 0.26142631 0.30396953
0.26673197 0.31276927 0.28846337 0.26817857 0.29000813 0.29367572 0.26721843 0.27569391 0.26142631 0.30396953
0.26673197 0.31276927 0.28846337 0.26817857 0.29000813 0.29367572 0.26721843 0.27569391 0.26142631 0.30396953
0.26673197 0.31276927 0.28846337 0.26817857 0.29000813 0.29367572 0.26721843 0.27569391 0.26142631 0.30396953
0.26673197 0.31276927 0.28846337 0.26817857 0.29000813 0.29367572 0.26721843 0.27569391 0.26142631 0.30396953
0.26673197 0.31276927 0.28846337 0.26817857 0.29000813 0.29367572 0.26721843 0.27569391 0.26142631 0.30396953
0.26673197 0.31276927 0.28846337 0.26817857 0.29000813 0.29367572 0.26721843 0.27569391 0.26142631 0.30396953
0.26673197 0.31276927 0.28846337 0.26817857 0.29000813 0.29367572 0.26721843 0.27569391 0.26142631 0.30396953
0.26673197 0.31276927 0.28846337 0.26817857 0.29000813 0.29367572 0.26721843 0.27569391 0.26142631 0.30396953
0.26673197 0.31276927 0.28846337 0.26817857 0.29000813 0.29367572 0.26721843 0.27569391 0.26142631 0.30396953
0.26673197 0.31276927 0.28846337 0.26817857 0.29000813 0.29367572 0.26721843 0.27569391 0.26142631 0.30396953
0.26673197 0.31276927 0.28846337 0.26817857 0.29000813 0.29367572 0.26721843 0.27569391 0.26142631 0.30396953
0.26673197 0.31276927 0.28846337 0.26817857 0.29000813 0.29367572 0.26721843 0.27569391 0.26142631 0.30396953
0.26523424 0.32021168 0.29707348 0.27281990 0.29278796 0.29344995 0.26575506 0.28037945 0.26185109 0.30042141
0.26523424 0.32021168 0.29707348 0.27281990 0.29278796 0.29344995 0.26575506 0.28037945 0.26185109 0.30042141
0.26523424 0.32021168 0.29707348 0.27281990 0.29278796 0.29344995 0.26575506 0.28037945 0.26185109 0.30042141
0.26523424 0.32021168 0.29707348 0.27281990 0.29278796 0.29344995 0.26575506 0.28037945 0.26185109 0.30042141
0.26523424 0.32021168 0.29707348 0.27281990 0.29278796 0.29344995 0.26575506 0.28037945 0.26185109 0.30042141
0.26523424 0.32021168 0.29707348 0.27281990 0.29278796 0.29344995 0.26575506 0.28037945 0.26185109 0.30042141
0.26523424 0.32021168 0.29707348 0.27281990 0.29278796 0.29344995 0.26575506 0.28037945 0.26185109 0.30042141
0.26523424 0.32021168 0.29707348 0.27281990 0.29278796 0.29344995 0.26575506 0.28037945 0.26185109 0.30042141
0.26523424 0.32021168 0.29707348 0.27281990 0.29278796 0.29344995 0.26575506 0.28037945 0.26185109 0.30042141
0.26523424 0.32021168 0.29707348 0.27281990 0.29278796 0.29344995 0.26575506 0.28037945 0.26185109 0.30042141
0.26523424 0.32021168 0.29707348 0.27281990 0.29278796 0.29344995 0.26575506 0.28037945 0.26185109 0.30042141
0.26523424 0.32021168 0.29707348 0.27281990 0.29278796 0.29344995 0.26575506 0.28037945 0.26185109 0.30042141
0.26523424 0.32021168 0.29707348 0.27281990 0.29278796 0.29344995 0.26575506 0.28037945 0.26185109 0.30042141
0.26523424 0.32021168 0.29707348 0.27281990 0.29278796 0.29344995 0.26575506 0.28037945 0.26185109 0.30042141
0.26523424 0.32021168 0.29707348 0.27281990 0.29278796 0.29344995 0.26575506 0.28037945 0.26185109 0.30042141
0.26457450 0.31185652 0.29654336 0.27444386 0.28538439 0.29709011 0.26115786 0.27760748 0.26051725 0.29833804
0.26457450 0.31185652 0.29654336 0.27444386 0.28538439 0.29709011 0.26115786 0.27760748 0.26051725 0.29833804
0.26457450 0.31185652 0.29654336 0.27444386 0.28538439 0.29709011 0.26115786 0.27760748 0.26051725 0.29833804
0.26457450 0.31185652 0.29654336 0.27444386 0.28538439 0.29709011 0.26115786 0.27760748 0.26051725 0.29833804
0.26457450 0.31185652 0.29654336 0.27444386 0.28538439 0.29709011 0.26115786 0.27760748 0.26051725 0.29833804
0.26457450 0.31185652 0.29654336 0.27444386 0.28538439 0.29709011 0.26115786 0.27760748 0.26051725 0.29833804
0.26457450 0.31185652 0.29654336 0.27444386 0.28538439 0.29709011 0.26115786 0.27760748 0.26051725 0.29833804
0.26457450 0.31185652 0.29654336 0.27444386 0.28538439 0.29709011 0.26115786 0.27760748 0.26051725 0.29833804
0.26457450 0.31185652 0.29654336 0.27444386 0.28538439 0.29709011 0.26115786 0.27760748 0.26051725 0.29833804
0.26457450 0.31185652 0.29654336 0.27444386 0.28538439 0.29709011 0.26115786 0.27760748 0.26051725 0.29833804
0.26464843 0.31242760 0.30460808 0.27298593 0.28230886 0.29502549 0.26561568 0.27765964 0.26107543 0.29797432
0.26464843 0.31242760 0.30460808 0.27298593 0.28230886 0.29502549 0.26561568 0.27765964 0.26107543 0.29797432
0.26464843 0.31242760 0.30460808 0.27298593 0.28230886 0.29502549 0.26561568 0.27765964 0.26107543 0.29797432
0.26464843 0.31242760 0.30460808 0.27298593 0.28230886 0.29502549 0.26561568 0.27765964 0.26107543 0.29797432
0.26464843 0.31242760 0.30460808 0.27298593 0.28230886 0.29502549 0.26561568 0.27765964 0.26107543 0.29797432
0.26464843 0.31242760 0.30460808 0.27298593 0.28230886 0.29502549 0.26561568 0.27765964 0.26107543 0.29797432
0.26464843 0.31242760 0.30460808 0.27298593 0.28230886 0.29502549 0.26561568 0.27765964 0.26107543 0.29797432
0.26464843 0.31242760 0.30460808 0.27298593 0.28230886 0.29502549 0.26561568 0.27765964 0.26107543 0.29797432
0.26464843 0.31242760 0.30460808 0.27298593 0.28230886 0.29502549 0.26561568 0.27765964 0.26107543 0.29797432
0.26464843 0.31242760 0.30460808 0.27298593 0.28230886 0.29502549 0.26561568 0.27765964 0.26107543 0.29797432
0.26464843 0.31242760 0.30460808 0.27298593 0.28230886 0.29502549 0.26561568 0.27765964 0.26107543 0.29797432
0.26464843 0.31242760 0.30460808 0.27298593 0.28230886 0.29502549 0.26561568 0.27765964 0.26107543 0.29797432
0.26464843 0.31242760 0.30460808 0.27298593 0.28230886 0.29502549 0.26561568 0.27765964 0.26107543 0.29797432
0.26464843 0.31242760 0.30460808 0.27298593 0.28230886 0.29502549 0.26561568 0.27765964 0.26107543 0.29797432
0.26464843 0.31242760 0.30460808 0.27298593 0.28230886 0.29502549 0.26561568 0.27765964 0.26107543 0.29797432
0.26464843 0.31242760 0.30460808 0.27298593 0.28230886 0.29502549 0.26561568 0.27765964 0.26107543 0.29797432
0.26464843 0.31242760 0.30460808 0.27298593 0.28230886 0.29502549 0.26561568 0.27765964 0.26107543 0.29797432
0.26464843 0.31242760 0.30460808 0.27298593 0.28230886 0.29502549 0.26561568 0.27765964 0.26107543 0.29797432
0.26464843 0.31242760 0.30460808 0.27298593 0.28230886 0.29502549 0.26561568 0.27765964 0.26107543 0.29797432
0.26464843 0.31242760 0.30460808 0.27298593 0.28230886 0.29502549 0.26561568 0.27765964 0.26107543 0.29797432
0.26464843 0.31242760 0.30460808 0.27298593 0.28230886 0.29502549 0.26561568 0.27765964 0.26107543 0.29797432
0.26464843 0.31242760 0.30460808 0.27298593 0.28230886 0.29502549 0.26561568 0.27765964 0.26107543 0.29797432
0.26464843 0.31242760 0.30460808 0.27298593 0.28230886 0.29502549 0.26561568 0.27765964 0.26107543 0.29797432
0.26464843 0.31242760 0.30460808 0.27298593 0.28230886 0.29502549 0.26561568 0.27765964 0.26107543 0.29797432
0.26455922 0.31451462 0.30647435 0.27008272 0.27883806 0.29349628 0.26455335 0.28122629 0.26092601 0.29483643
0.26455922 0.31451462 0.30647435 0.27008272 0.27883806 0.29349628 0.26455335 0.28122629 0.26092601 0.29483643
0.26455922 0.31451462 0.30647435 0.27008272 0.27883806 0.29349628 0.26455335 0.28122629 0.26092601 0.29483643
0.26455922 0.31451462 0.30647435 0.27008272 0.27883806 0.29349628 0.26455335 0.28122629 0.26092601 0.29483643
0.26455922 0.31451462 0.30647435 0.27008272 0.27883806 0.29349628 0.26455335 0.28122629 0.26092601 0.29483643
0.26455922 0.31451462 0.30647435 0.27008272 0.27883806 0.29349628 0.26455335 0.28122629 0.26092601 0.29483643
0.26455922 0.31451462 0.30647435 0.27008272 0.27883806 0.29349628 0.26455335 0.28122629 0.26092601 0.29483643
0.26455922 0.31451462 0.30647435 0.27008272 0.27883806 0.29349628 0.26455335 0.28122629 0.26092601 0.29483643
0.26455922 0.31451462 0.30647435 0.27008272 0.27883806 0.29349628 0.26455335 0.28122629 0.26092601 0.29483643
0.26455922 0.31451462 0.30647435 0.27008272 0.27883806 0.29349628 0.26455335 0.28122629 0.26092601 0.29483643
0.26455922 0.31451462 0.30647435 0.27008272 0.27883806 0.29349628 0.26455335 0.28122629 0.26092601 0.29483643
0.26455922 0.31451462 0.30647435 0.27008272 0.27883806 0.29349628 0.26455335 0.28122629 0.26092601 0.29483643
0.26455922 0.31451462 0.30647435 0.27008272 0.27883806 0.29349628 0.26455335 0.28122629 0.26092601 0.29483643
0.26455922 0.31451462 0.30647435 0.27008272 0.27883806 0.29349628 0.26455335 0.28122629 0.26092601 0.29483643
0.26455922 0.31451462 0.30647435 0.27008272 0.27883806 0.29349628 0.26455335 0.28122629 0.26092601 0.29483643
0.26455922 0.31451462 0.30647435 0.27008272 0.27883806 0.29349628 0.26455335 0.28122629 0.26092601 0.29483643
0.26455922 0.31451462 0.30647435 0.27008272 0.27883806 0.29349628 0.26455335 0.28122629 0.26092601 0.29483643
0.26455922 0.31451462 0.30647435 0.27008272 0.27883806 0.29349628 0.26455335 0.28122629 0.26092601 0.29483643
0.26455922 0.31451462 0.30647435 0.27008272 0.27883806 0.29349628 0.26455335 0.28122629 0.26092601 0.29483643
0.26455922 0.31451462 0.30647435 0.27008272 0.27883806 0.29349628 0.26455335 0.28122629 0.26092601 0.29483643
0.26455922 0.31451462 0.30647435 0.27008272 0.27883806 0.29349628 0.26455335 0.28122629 0.26092601 0.29483643
0.26455922 0.31451462 0.30647435 0.27008272 0.27883806 0.29349628 0.26455335 0.28122629 0.26092601 0.29483643
0.26455922 0.31451462 0.30647435 0.27008272 0.27883806 0.29349628 0.26455335 0.28122629 0.26092601 0.29483643
0.26455922 0.31451462 0.30647435 0.27008272 0.27883806 0.29349628 0.26455335 0.28122629 0.26092601 0.29483643
0.26455922 0.31451462 0.30647435 0.27008272 0.27883806 0.29349628 0.26455335 0.28122629 0.26092601 0.29483643
0.26455922 0.31451462 0.30647435 0.27008272 0.27883806 0.29349628 0.26455335 0.28122629 0.26092601 0.29483643
0.26455922 0.31451462 0.30647435 0.27008272 0.27883806 0.29349628 0.26455335 0.28122629 0.26092601 0.29483643
0.26455922 0.31451462 0.30647435 0.27008272 0.27883806 0.29349628 0.26455335 0.28122629 0.26092601 0.29483643
0.26455922 0.31451462 0.30647435 0.27008272 0.27883806 0.29349628 0.26455335 0.28122629 0.26092601 0.29483643
0.26455922 0.31451462 0.30647435 0.27008272 0.27883806 0.29349628 0.26455335 0.28122629 0.26092601 0.29483643
0.26455922 0.31451462 0.30647435 0.27008272 0.27883806 0.29349628 0.26455335 0.28122629 0.26092601 0.29483643
0.26455922 0.31451462 0.30647435 0.27008272 0.27883806 0.29349628 0.26455335 0.28122629 0.26092601 0.29483643
0.26455922 0.31451462 0.30647435 0.27008272 0.27883806 0.29349628 0.26455335 0.28122629 0.26092601 0.29483643
0.26455922 0.31451462 0.30647435 0.27008272 0.27883806 0.29349628 0.26455335 0.28122629 0.26092601 0.29483643
0.26455922 0.31451462 0.30647435 0.27008272 0.27883806 0.29349628 0.26455335 0.28122629 0.26092601 0.29483643
0.26649773 0.32316170 0.30871375 0.27015140 0.27336542 0.29447407 0.26387261 0.28611657 0.25982564 0.29595204
0.26649773 0.32316170 0.30871375 0.27015140 0.27336542 0.29447407 0.26387261 0.28611657 0.25982564 0.29595204
0.26649773 0.32316170 0.30871375 0.27015140 0.27336542 0.29447407 0.26387261 0.28611657 0.25982564 0.29595204
0.26649773 0.32316170 0.30871375 0.27015140 0.27336542 0.29447407 0.26387261 0.28611657 0.25982564 0.29595204
0.26709560 0.32057677 0.30089246 0.26913595 0.27005412 0.29500592 0.26629548 0.28582484 0.25949340 0.30168515
0.26709560 0.32057677 0.30089246 0.26913595 0.27005412 0.29500592 0.26629548 0.28582484 0.25949340 0.30168515
0.26709560 0.32057677 0.30089246 0.26913595 0.27005412 0.29500592 0.26629548 0.28582484 0.25949340 0.30168515
0.26709560 0.32057677 0.30089246 0.26913595 0.27005412 0.29500592 0.26629548 0.28582484 0.25949340 0.30168515
0.26709560 0.32057677 0.30089246 0.26913595 0.27005412 0.29500592 0.26629548 0.28582484 0.25949340 0.30168515
0.26709560 0.32057677 0.30089246 0.26913595 0.27005412 0.29500592 0.26629548 0.28582484 0.25949340 0.30168515
0.26709560 0.32057677 0.30089246 0.26913595 0.27005412 0.29500592 0.26629548 0.28582484 0.25949340 0.30168515
0.26709560 0.32057677 0.30089246 0.26913595 0.27005412 0.29500592 0.26629548 0.28582484 0.25949340 0.30168515
0.26709560 0.32057677 0.30089246 0.26913595 0.27005412 0.29500592 0.26629548 0.28582484 0.25949340 0.30168515
0.26709560 0.32057677 0.30089246 0.26913595 0.27005412 0.29500592 0.26629548 0.28582484 0.25949340 0.30168515
0.26709560 0.32057677 0.30089246 0.26913595 0.27005412 0.29500592 0.26629548 0.28582484 0.25949340 0.30168515
0.26709560 0.32057677 0.30089246 0.26913595 0.27005412 0.29500592 0.26629548 0.28582484 0.25949340 0.30168515
0.26709560 0.32057677 0.30089246 0.26913595 0.27005412 0.29500592 0.26629548 0.28582484 0.25949340 0.30168515
0.26709560 0.32057677 0.30089246 0.26913595 0.27005412 0.29500592 0.26629548 0.28582484 0.25949340 0.30168515
0.26709560 0.32057677 0.30089246 0.26913595 0.27005412 0.29500592 0.26629548 0.28582484 0.25949340 0.30168515
0.26709560 0.32057677 0.30089246 0.26913595 0.27005412 0.29500592 0.26629548 0.28582484 0.25949340 0.30168515
0.26709560 0.32057677 0.30089246 0.26913595 0.27005412 0.29500592 0.26629548 0.28582484 0.25949340 0.30168515
0.26709560 0.32057677 0.30089246 0.26913595 0.27005412 0.29500592 0.26629548 0.28582484 0.25949340 0.30168515
0.26709560 0.32057677 0.30089246 0.26913595 0.27005412 0.29500592 0.26629548 0.28582484 0.25949340 0.30168515
0.26709560 0.32057677 0.30089246 0.26913595 0.27005412 0.29500592 0.26629548 0.28582484 0.25949340 0.30168515
0.26709560 0.32057677 0.30089246 0.26913595 0.27005412 0.29500592 0.26629548 0.28582484 0.25949340 0.30168515
0.26709560 0.32057677 0.30089246 0.26913595 0.27005412 0.29500592 0.26629548 0.28582484 0.25949340 0.30168515
0.26709560 0.32057677 0.30089246 0.26913595 0.27005412 0.29500592 0.26629548 0.28582484 0.25949340 0.30168515
0.26709560 0.32057677 0.30089246 0.26913595 0.27005412 0.29500592 0.26629548 0.28582484 0.25949340 0.30168515
0.26709560 0.32057677 0.30089246 0.26913595 0.27005412 0.29500592 0.26629548 0.28582484 0.25949340 0.30168515
0.26709560 0.32057677 0.30089246 0.26913595 0.27005412 0.29500592 0.26629548 0.28582484 0.25949340 0.30168515
0.26709560 0.32057677 0.30089246 0.26913595 0.27005412 0.29500592 0.26629548 0.28582484 0.25949340 0.30168515
0.26709560 0.32057677 0.30089246 0.26913595 0.27005412 0.29500592 0.26629548 0.28582484 0.25949340 0.30168515
0.26709560 0.32057677 0.30089246 0.26913595 0.27005412 0.29500592 0.26629548 0.28582484 0.25949340 0.30168515
0.26709560 0.32057677 0.30089246 0.26913595 0.27005412 0.29500592 0.26629548 0.28582484 0.25949340 0.30168515
0.26709560 0.32057677 0.30089246 0.26913595 0.27005412 0.29500592 0.26629548 0.28582484 0.25949340 0.30168515
0.26709560 0.32057677 0.30089246 0.26913595 0.27005412 0.29500592 0.26629548 0.28582484 0.25949340 0.30168515
0.26709560 0.32057677 0.30089246 0.26913595 0.27005412 0.29500592 0.26629548 0.28582484 0.25949340 0.30168515
0.26709560 0.32057677 0.30089246 0.26913595 0.27005412 0.29500592 0.26629548 0.28582484 0.25949340 0.30168515
0.26709560 0.32057677 0.30089246 0.26913595 0.27005412 0.29500592 0.26629548 0.28582484 0.25949340 0.30168515
0.26709560 0.32057677 0.30089246 0.26913595 0.27005412 0.29500592 0.26629548 0.28582484 0.25949340 0.30168515
0.26709560 0.32057677 0.30089246 0.26913595 0.27005412 0.29500592 0.26629548 0.28582484 0.25949340 0.30168515
0.26709560 0.32057677 0.30089246 0.26913595 0.27005412 0.29500592 0.26629548 0.28582484 0.25949340 0.30168515
0.26709560 0.32057677 0.30089246 0.26913595 0.27005412 0.29500592 0.26629548 0.28582484 0.25949340 0.30168515
0.26709560 0.32057677 0.30089246 0.26913595 0.27005412 0.29500592 0.26629548 0.28582484 0.25949340 0.30168515
0.26709560 0.32057677 0.30089246 0.26913595 0.27005412 0.29500592 0.26629548 0.28582484 0.25949340 0.30168515
0.26709560 0.32057677 0.30089246 0.26913595 0.27005412 0.29500592 0.26629548 0.28582484 0.25949340 0.30168515
0.26709560 0.32057677 0.30089246 0.26913595 0.27005412 0.29500592 0.26629548 0.28582484 0.25949340 0.30168515
0.26709560 0.32057677 0.30089246 0.26913595 0.27005412 0.29500592 0.26629548 0.28582484 0.25949340 0.30168515
0.26709560 0.32057677 0.30089246 0.26913595 0.27005412 0.29500592 0.26629548 0.28582484 0.25949340 0.30168515
0.26709560 0.32057677 0.30089246 0.26913595 0.27005412 0.29500592 0.26629548 0.28582484 0.25949340 0.30168515
0.26709560 0.32057677 0.30089246 0.26913595 0.27005412 0.29500592 0.26629548 0.28582484 0.25949340 0.30168515
0.26709560 0.32057677 0.30089246 0.26913595 0.27005412 0.29500592 0.26629548 0.28582484 0.25949340 0.30168515
0.26709560 0.32057677 0.30089246 0.26913595 0.27005412 0.29500592 0.26629548 0.28582484 0.25949340 0.30168515
0.26709560 0.32057677 0.30089246 0.26913595 0.27005412 0.29500592 0.26629548 0.28582484 0.25949340 0.30168515
0.26709560 0.32057677 0.30089246 0.26913595 0.27005412 0.29500592 0.26629548 0.28582484 0.25949340 0.30168515
0.26709560 0.32057677 0.30089246 0.26913595 0.27005412 0.29500592 0.26629548 0.28582484 0.25949340 0.30168515
0.26709560 0.32057677 0.30089246 0.26913595 0.27005412 0.29500592 0.26629548 0.28582484 0.25949340 0.30168515
0.26709560 0.32057677 0.30089246 0.26913595 0.27005412 0.29500592 0.26629548 0.28582484 0.25949340 0.30168515
0.26709560 0.32057677 0.30089246 0.26913595 0.27005412 0.29500592 0.26629548 0.28582484 0.25949340 0.30168515
0.26709560 0.32057677 0.30089246 0.26913595 0.27005412 0.29500592 0.26629548 0.28582484 0.25949340 0.30168515
0.26523074 0.32170838 0.30439210 0.26827699 0.27069972 0.29477226 0.26704353 0.28534373 0.25923032 0.29830671
0.26523074 0.32170838 0.30439210 0.26827699 0.27069972 0.29477226 0.26704353 0.28534373 0.25923032 0.29830671
0.26523074 0.32170838 0.30439210 0.26827699 0.27069972 0.29477226 0.26704353 0.28534373 0.25923032 0.29830671
0.26523074 0.32170838 0.30439210 0.26827699 0.27069972 0.29477226 0.26704353 0.28534373 0.25923032 0.29830671
0.26523074 0.32170838 0.30439210 0.26827699 0.27069972 0.29477226 0.26704353 0.28534373 0.25923032 0.29830671
0.26523074 0.32170838 0.30439210 0.26827699 0.27069972 0.29477226 0.26704353 0.28534373 0.25923032 0.29830671
0.26523074 0.32170838 0.30439210 0.26827699 0.27069972 0.29477226 0.26704353 0.28534373 0.25923032 0.29830671
0.26408583 0.31843046 0.30410543 0.26740544 0.27288603 0.29733565 0.26612561 0.28371992 0.25896753 0.28987697
0.26408583 0.31843046 0.30410543 0.26740544 0.27288603 0.29733565 0.26612561 0.28371992 0.25896753 0.28987697
0.26408583 0.31843046 0.30410543 0.26740544 0.27288603 0.29733565 0.26612561 0.28371992 0.25896753 0.28987697
0.26327774 0.31930536 0.29369623 0.26629478 0.26951141 0.30201831 0.26761597 0.28526508 0.25939450 0.28773894
0.26327774 0.31930536 0.29369623 0.26629478 0.26951141 0.30201831 0.26761597 0.28526508 0.25939450 0.28773894
0.26327774 0.31930536 0.29369623 0.26629478 0.26951141 0.30201831 0.26761597 0.28526508 0.25939450 0.28773894
0.26327774 0.31930536 0.29369623 0.26629478 0.26951141 0.30201831 0.26761597 0.28526508 0.25939450 0.28773894
0.26327774 0.31930536 0.29369623 0.26629478 0.26951141 0.30201831 0.26761597 0.28526508 0.25939450 0.28773894
0.26327774 0.31930536 0.29369623 0.26629478 0.26951141 0.30201831 0.26761597 0.28526508 0.25939450 0.28773894
0.26300147 0.33433078 0.29695991 0.26553283 0.26718053 0.30469544 0.26586927 0.28030435 0.25984808 0.29393006
0.26300147 0.33433078 0.29695991 0.26553283 0.26718053 0.30469544 0.26586927 0.28030435 0.25984808 0.29393006
0.26300147 0.33433078 0.29695991 0.26553283 0.26718053 0.30469544 0.26586927 0.28030435 0.25984808 0.29393006
0.26300147 0.33433078 0.29695991 0.26553283 0.26718053 0.30469544 0.26586927 0.28030435 0.25984808 0.29393006
0.26300147 0.33433078 0.29695991 0.26553283 0.26718053 0.30469544 0.26586927 0.28030435 0.25984808 0.29393006
0.26300147 0.33433078 0.29695991 0.26553283 0.26718053 0.30469544 0.26586927 0.28030435 0.25984808 0.29393006
0.26300147 0.33433078 0.29695991 0.26553283 0.26718053 0.30469544 0.26586927 0.28030435 0.25984808 0.29393006
0.26300147 0.33433078 0.29695991 0.26553283 0.26718053 0.30469544 0.26586927 0.28030435 0.25984808 0.29393006
0.26300147 0.33433078 0.29695991 0.26553283 0.26718053 0.30469544 0.26586927 0.28030435 0.25984808 0.29393006
0.26300147 0.33433078 0.29695991 0.26553283 0.26718053 0.30469544 0.26586927 0.28030435 0.25984808 0.29393006
0.26300147 0.33433078 0.29695991 0.26553283 0.26718053 0.30469544 0.26586927 0.28030435 0.25984808 0.29393006
0.26300147 0.33433078 0.29695991 0.26553283 0.26718053 0.30469544 0.26586927 0.28030435 0.25984808 0.29393006
0.26300147 0.33433078 0.29695991 0.26553283 0.26718053 0.30469544 0.26586927 0.28030435 0.25984808 0.29393006
0.26300147 0.33433078 0.29695991 0.26553283 0.26718053 0.30469544 0.26586927 0.28030435 0.25984808 0.29393006
0.26300147 0.33433078 0.29695991 0.26553283 0.26718053 0.30469544 0.26586927 0.28030435 0.25984808 0.29393006
0.26300147 0.33433078 0.29695991 0.26553283 0.26718053 0.30469544 0.26586927 0.28030435 0.25984808 0.29393006
0.26330604 0.33196184 0.29292483 0.26428428 0.26581740 0.30750829 0.26605591 0.28420848 0.25944051 0.29822838
0.26330604 0.33196184 0.29292483 0.26428428 0.26581740 0.30750829 0.26605591 0.28420848 0.25944051 0.29822838
0.26330604 0.33196184 0.29292483 0.26428428 0.26581740 0.30750829 0.26605591 0.28420848 0.25944051 0.29822838
0.26330604 0.33196184 0.29292483 0.26428428 0.26581740 0.30750829 0.26605591 0.28420848 0.25944051 0.29822838
0.26330604 0.33196184 0.29292483 0.26428428 0.26581740 0.30750829 0.26605591 0.28420848 0.25944051 0.29822838
0.26330604 0.33196184 0.29292483 0.26428428 0.26581740 0.30750829 0.26605591 0.28420848 0.25944051 0.29822838
0.26330604 0.33196184 0.29292483 0.26428428 0.26581740 0.30750829 0.26605591 0.28420848 0.25944051 0.29822838
0.26330604 0.33196184 0.29292483 0.26428428 0.26581740 0.30750829 0.26605591 0.28420848 0.25944051 0.29822838
0.26330604 0.33196184 0.29292483 0.26428428 0.26581740 0.30750829 0.26605591 0.28420848 0.25944051 0.29822838
0.26330604 0.33196184 0.29292483 0.26428428 0.26581740 0.30750829 0.26605591 0.28420848 0.25944051 0.29822838
0.26330604 0.33196184 0.29292483 0.26428428 0.26581740 0.30750829 0.26605591 0.28420848 0.25944051 0.29822838
0.26330604 0.33196184 0.29292483 0.26428428 0.26581740 0.30750829 0.26605591 0.28420848 0.25944051 0.29822838
0.26330604 0.33196184 0.29292483 0.26428428 0.26581740 0.30750829 0.26605591 0.28420848 0.25944051 0.29822838
0.26330604 0.33196184 0.29292483 0.26428428 0.26581740 0.30750829 0.26605591 0.28420848 0.25944051 0.29822838
0.26330604 0.33196184 0.29292483 0.26428428 0.26581740 0.30750829 0.26605591 0.28420848 0.25944051 0.29822838
0.26330604 0.33196184 0.29292483 0.26428428 0.26581740 0.30750829 0.26605591 0.28420848 0.25944051 0.29822838
0.26330604 0.33196184 0.29292483 0.26428428 0.26581740 0.30750829 0.26605591 0.28420848 0.25944051 0.29822838
0.26269805 0.33011868 0.28699951 0.26409431 0.26767329 0.30941509 0.26213191 0.28823150 0.25873830 0.29580951
0.26269805 0.33011868 0.28699951 0.26409431 0.26767329 0.30941509 0.26213191 0.28823150 0.25873830 0.29580951
0.26269805 0.33011868 0.28699951 0.26409431 0.26767329 0.30941509 0.26213191 0.28823150 0.25873830 0.29580951
0.26269805 0.33011868 0.28699951 0.26409431 0.26767329 0.30941509 0.26213191 0.28823150 0.25873830 0.29580951
0.26269805 0.33011868 0.28699951 0.26409431 0.26767329 0.30941509 0.26213191 0.28823150 0.25873830 0.29580951
0.26269805 0.33011868 0.28699951 0.26409431 0.26767329 0.30941509 0.26213191 0.28823150 0.25873830 0.29580951
0.26269805 0.33011868 0.28699951 0.26409431 0.26767329 0.30941509 0.26213191 0.28823150 0.25873830 0.29580951
0.26342923 0.32588141 0.28255181 0.26349422 0.26799424 0.30681380 0.26365455 0.28384733 0.25895642 0.29963582
0.26342923 0.32588141 0.28255181 0.26349422 0.26799424 0.30681380 0.26365455 0.28384733 0.25895642 0.29963582
0.26342923 0.32588141 0.28255181 0.26349422 0.26799424 0.30681380 0.26365455 0.28384733 0.25895642 0.29963582
0.26342923 0.32588141 0.28255181 0.26349422 0.26799424 0.30681380 0.26365455 0.28384733 0.25895642 0.29963582
0.26342923 0.32588141 0.28255181 0.26349422 0.26799424 0.30681380 0.26365455 0.28384733 0.25895642 0.29963582
0.26342923 0.32588141 0.28255181 0.26349422 0.26799424 0.30681380 0.26365455 0.28384733 0.25895642 0.29963582
0.26342923 0.32588141 0.28255181 0.26349422 0.26799424 0.30681380 0.26365455 0.28384733 0.25895642 0.29963582
0.26342923 0.32588141 0.28255181 0.26349422 0.26799424 0.30681380 0.26365455 0.28384733 0.25895642 0.29963582
0.26342923 0.32588141 0.28255181 0.26349422 0.26799424 0.30681380 0.26365455 0.28384733 0.25895642 0.29963582
0.26342923 0.32588141 0.28255181 0.26349422 0.26799424 0.30681380 0.26365455 0.28384733 0.25895642 0.29963582
0.26342923 0.32588141 0.28255181 0.26349422 0.26799424 0.30681380 0.26365455 0.28384733 0.25895642 0.29963582
0.26342923 0.32588141 0.28255181 0.26349422 0.26799424 0.30681380 0.26365455 0.28384733 0.25895642 0.29963582
0.26342923 0.32588141 0.28255181 0.26349422 0.26799424 0.30681380 0.26365455 0.28384733 0.25895642 0.29963582
0.26342923 0.32588141 0.28255181 0.26349422 0.26799424 0.30681380 0.26365455 0.28384733 0.25895642 0.29963582
0.26342923 0.32588141 0.28255181 0.26349422 0.26799424 0.30681380 0.26365455 0.28384733 0.25895642 0.29963582
0.26342923 0.32588141 0.28255181 0.26349422 0.26799424 0.30681380 0.26365455 0.28384733 0.25895642 0.29963582
0.26342923 0.32588141 0.28255181 0.26349422 0.26799424 0.30681380 0.26365455 0.28384733 0.25895642 0.29963582
0.26342923 0.32588141 0.28255181 0.26349422 0.26799424 0.30681380 0.26365455 0.28384733 0.25895642 0.29963582
0.26342923 0.32588141 0.28255181 0.26349422 0.26799424 0.30681380 0.26365455 0.28384733 0.25895642 0.29963582
0.26342923 0.32588141 0.28255181 0.26349422 0.26799424 0.30681380 0.26365455 0.28384733 0.25895642 0.29963582
0.26342923 0.32588141 0.28255181 0.26349422 0.26799424 0.30681380 0.26365455 0.28384733 0.25895642 0.29963582
0.26342923 0.32588141 0.28255181 0.26349422 0.26799424 0.30681380 0.26365455 0.28384733 0.25895642 0.29963582
0.26342923 0.32588141 0.28255181 0.26349422 0.26799424 0.30681380 0.26365455 0.28384733 0.25895642 0.29963582
0.26342923 0.32588141 0.28255181 0.26349422 0.26799424 0.30681380 0.26365455 0.28384733 0.25895642 0.29963582
0.26342923 0.32588141 0.28255181 0.26349422 0.26799424 0.30681380 0.26365455 0.28384733 0.25895642 0.29963582
0.26342923 0.32588141 0.28255181 0.26349422 0.26799424 0.30681380 0.26365455 0.28384733 0.25895642 0.29963582
0.26342923 0.32588141 0.28255181 0.26349422 0.26799424 0.30681380 0.26365455 0.28384733 0.25895642 0.29963582
0.26414255 0.33408287 0.28675903 0.26238789 0.26797475 0.31344209 0.26271328 0.28217359 0.25997371 0.30724103
0.26414255 0.33408287 0.28675903 0.26238789 0.26797475 0.31344209 0.26271328 0.28217359 0.25997371 0.30724103
0.26414255 0.33408287 0.28675903 0.26238789 0.26797475 0.31344209 0.26271328 0.28217359 0.25997371 0.30724103
0.26414255 0.33408287 0.28675903 0.26238789 0.26797475 0.31344209 0.26271328 0.28217359 0.25997371 0.30724103
0.26414255 0.33408287 0.28675903 0.26238789 0.26797475 0.31344209 0.26271328 0.28217359 0.25997371 0.30724103
0.26414255 0.33408287 0.28675903 0.26238789 0.26797475 0.31344209 0.26271328 0.28217359 0.25997371 0.30724103
0.26414255 0.33408287 0.28675903 0.26238789 0.26797475 0.31344209 0.26271328 0.28217359 0.25997371 0.30724103
0.26414255 0.33408287 0.28675903 0.26238789 0.26797475 0.31344209 0.26271328 0.28217359 0.25997371 0.30724103
0.26414255 0.33408287 0.28675903 0.26238789 0.26797475 0.31344209 0.26271328 0.28217359 0.25997371 0.30724103
0.26414255 0.33408287 0.28675903 0.26238789 0.26797475 0.31344209 0.26271328 0.28217359 0.25997371 0.30724103
0.26414255 0.33408287 0.28675903 0.26238789 0.26797475 0.31344209 0.26271328 0.28217359 0.25997371 0.30724103
0.26414255 0.33408287 0.28675903 0.26238789 0.26797475 0.31344209 0.26271328 0.28217359 0.25997371 0.30724103
0.26414255 0.33408287 0.28675903 0.26238789 0.26797475 0.31344209 0.26271328 0.28217359 0.25997371 0.30724103
0.26414255 0.33408287 0.28675903 0.26238789 0.26797475 0.31344209 0.26271328 0.28217359 0.25997371 0.30724103
0.26414255 0.33408287 0.28675903 0.26238789 0.26797475 0.31344209 0.26271328 0.28217359 0.25997371 0.30724103
0.26414255 0.33408287 0.28675903 0.26238789 0.26797475 0.31344209 0.26271328 0.28217359 0.25997371 0.30724103
0.26414255 0.33408287 0.28675903 0.26238789 0.26797475 0.31344209 0.26271328 0.28217359 0.25997371 0.30724103
0.26414255 0.33408287 0.28675903 0.26238789 0.26797475 0.31344209 0.26271328 0.28217359 0.25997371 0.30724103
0.26414255 0.33408287 0.28675903 0.26238789 0.26797475 0.31344209 0.26271328 0.28217359 0.25997371 0.30724103
0.26414255 0.33408287 0.28675903 0.26238789 0.26797475 0.31344209 0.26271328 0.28217359 0.25997371 0.30724103
0.26414255 0.33408287 0.28675903 0.26238789 0.26797475 0.31344209 0.26271328 0.28217359 0.25997371 0.30724103
0.26414255 0.33408287 0.28675903 0.26238789 0.26797475 0.31344209 0.26271328 0.28217359 0.25997371 0.30724103
0.26414255 0.33408287 0.28675903 0.26238789 0.26797475 0.31344209 0.26271328 0.28217359 0.25997371 0.30724103
0.26414255 0.33408287 0.28675903 0.26238789 0.26797475 0.31344209 0.26271328 0.28217359 0.25997371 0.30724103
0.26414255 0.33408287 0.28675903 0.26238789 0.26797475 0.31344209 0.26271328 0.28217359 0.25997371 0.30724103
0.26414255 0.33408287 0.28675903 0.26238789 0.26797475 0.31344209 0.26271328 0.28217359 0.25997371 0.30724103
0.26414255 0.33408287 0.28675903 0.26238789 0.26797475 0.31344209 0.26271328 0.28217359 0.25997371 0.30724103
0.26414255 0.33408287 0.28675903 0.26238789 0.26797475 0.31344209 0.26271328 0.28217359 0.25997371 0.30724103
0.26414255 0.33408287 0.28675903 0.26238789 0.26797475 0.31344209 0.26271328 0.28217359 0.25997371 0.30724103
0.26414255 0.33408287 0.28675903 0.26238789 0.26797475 0.31344209 0.26271328 0.28217359 0.25997371 0.30724103
0.26414255 0.33408287 0.28675903 0.26238789 0.26797475 0.31344209 0.26271328 0.28217359 0.25997371 0.30724103
0.26414255 0.33408287 0.28675903 0.26238789 0.26797475 0.31344209 0.26271328 0.28217359 0.25997371 0.30724103
0.26414255 0.33408287 0.28675903 0.26238789 0.26797475 0.31344209 0.26271328 0.28217359 0.25997371 0.30724103
0.26414255 0.33408287 0.28675903 0.26238789 0.26797475 0.31344209 0.26271328 0.28217359 0.25997371 0.30724103
0.26414255 0.33408287 0.28675903 0.26238789 0.26797475 0.31344209 0.26271328 0.28217359 0.25997371 0.30724103
0.26414255 0.33408287 0.28675903 0.26238789 0.26797475 0.31344209 0.26271328 0.28217359 0.25997371 0.30724103
0.26414255 0.33408287 0.28675903 0.26238789 0.26797475 0.31344209 0.26271328 0.28217359 0.25997371 0.30724103
0.26414255 0.33408287 0.28675903 0.26238789 0.26797475 0.31344209 0.26271328 0.28217359 0.25997371 0.30724103
0.26414255 0.33408287 0.28675903 0.26238789 0.26797475 0.31344209 0.26271328 0.28217359 0.25997371 0.30724103
