0.00000000 0.00000000 0.00000000 0.00000000 0.00000000 0.00000000 0.00000000 0.00000000 0.00000000 0.00000000
0.00000000 0.00000000 0.00000000 0.00000000 0.00000000 0.00000000 0.00000000 0.00000000 0.00000000 0.00000000
0.30894447 0.32617133 0.27027807 0.35162305 0.26857218 0.29163950 0.30293390 0.26491676 0.25849259 0.27440788
0.30894447 0.32617133 0.27027807 0.35162305 0.26857218 0.29163950 0.30293390 0.26491676 0.25849259 0.27440788
0.30894447 0.32617133 0.27027807 0.35162305 0.26857218 0.29163950 0.30293390 0.26491676 0.25849259 0.27440788
0.30894447 0.32617133 0.27027807 0.35162305 0.26857218 0.29163950 0.30293390 0.26491676 0.25849259 0.27440788
0.30894447 0.32617133 0.27027807 0.35162305 0.26857218 0.29163950 0.30293390 0.26491676 0.25849259 0.27440788
0.30894447 0.32617133 0.27027807 0.35162305 0.26857218 0.29163950 0.30293390 0.26491676 0.25849259 0.27440788
0.30894447 0.32617133 0.27027807 0.35162305 0.26857218 0.29163950 0.30293390 0.26491676 0.25849259 0.27440788
0.30894447 0.32617133 0.27027807 0.35162305 0.26857218 0.29163950 0.30293390 0.26491676 0.25849259 0.27440788
0.30894447 0.32617133 0.27027807 0.35162305 0.26857218 0.29163950 0.30293390 0.26491676 0.25849259 0.27440788
0.30894447 0.32617133 0.27027807 0.35162305 0.26857218 0.29163950 0.30293390 0.26491676 0.25849259 0.27440788
0.30894447 0.32617133 0.27027807 0.35162305 0.26857218 0.29163950 0.30293390 0.26491676 0.25849259 0.27440788
0.30894447 0.32617133 0.27027807 0.35162305 0.26857218 0.29163950 0.30293390 0.26491676 0.25849259 0.27440788
0.30894447 0.32617133 0.27027807 0.35162305 0.26857218 0.29163950 0.30293390 0.26491676 0.25849259 0.27440788
0.30894447 0.32617133 0.27027807 0.35162305 0.26857218 0.29163950 0.30293390 0.26491676 0.25849259 0.27440788
0.30894447 0.32617133 0.27027807 0.35162305 0.26857218 0.29163950 0.30293390 0.26491676 0.25849259 0.27440788
0.30894447 0.32617133 0.27027807 0.35162305 0.26857218 0.29163950 0.30293390 0.26491676 0.25849259 0.27440788
0.30894447 0.32617133 0.27027807 0.35162305 0.26857218 0.29163950 0.30293390 0.26491676 0.25849259 0.27440788
0.30894447 0.32617133 0.27027807 0.35162305 0.26857218 0.29163950 0.30293390 0.26491676 0.25849259 0.27440788
0.30894447 0.32617133 0.27027807 0.35162305 0.26857218 0.29163950 0.30293390 0.26491676 0.25849259 0.27440788
0.30894447 0.32617133 0.27027807 0.35162305 0.26857218 0.29163950 0.30293390 0.26491676 0.25849259 0.27440788
0.30894447 0.32617133 0.27027807 0.35162305 0.26857218 0.29163950 0.30293390 0.26491676 0.25849259 0.27440788
0.30894447 0.32617133 0.27027807 0.35162305 0.26857218 0.29163950 0.30293390 0.26491676 0.25849259 0.27440788
0.30894447 0.32617133 0.27027807 0.35162305 0.26857218 0.29163950 0.30293390 0.26491676 0.25849259 0.27440788
0.30894447 0.32617133 0.27027807 0.35162305 0.26857218 0.29163950 0.30293390 0.26491676 0.25849259 0.27440788
0.30894447 0.32617133 0.27027807 0.35162305 0.26857218 0.29163950 0.30293390 0.26491676 0.25849259 0.27440788
0.30894447 0.32617133 0.27027807 0.35162305 0.26857218 0.29163950 0.30293390 0.26491676 0.25849259 0.27440788
0.30894447 0.32617133 0.27027807 0.35162305 0.26857218 0.29163950 0.30293390 0.26491676 0.25849259 0.27440788
0.30894447 0.32617133 0.27027807 0.35162305 0.26857218 0.29163950 0.30293390 0.26491676 0.25849259 0.27440788
0.30894447 0.32617133 0.27027807 0.35162305 0.26857218 0.29163950 0.30293390 0.26491676 0.25849259 0.27440788
0.30894447 0.32617133 0.27027807 0.35162305 0.26857218 0.29163950 0.30293390 0.26491676 0.25849259 0.27440788
0.30894447 0.32617133 0.27027807 0.35162305 0.26857218 0.29163950 0.30293390 0.26491676 0.25849259 0.27440788
0.30894447 0.32617133 0.27027807 0.35162305 0.26857218 0.29163950 0.30293390 0.26491676 0.25849259 0.27440788
0.30894447 0.32617133 0.27027807 0.35162305 0.26857218 0.29163950 0.30293390 0.26491676 0.25849259 0.27440788
0.30894447 0.32617133 0.27027807 0.35162305 0.26857218 0.29163950 0.30293390 0.26491676 0.25849259 0.27440788
0.30894447 0.32617133 0.27027807 0.35162305 0.26857218 0.29163950 0.30293390 0.26491676 0.25849259 0.27440788
0.30894447 0.32617133 0.27027807 0.35162305 0.26857218 0.29163950 0.30293390 0.26491676 0.25849259 0.27440788
0.30894447 0.32617133 0.27027807 0.35162305 0.26857218 0.29163950 0.30293390 0.26491676 0.25849259 0.27440788
0.30894447 0.32617133 0.27027807 0.35162305 0.26857218 0.29163950 0.30293390 0.26491676 0.25849259 0.27440788
0.30894447 0.32617133 0.27027807 0.35162305 0.26857218 0.29163950 0.30293390 0.26491676 0.25849259 0.27440788
0.30894447 0.32617133 0.27027807 0.35162305 0.26857218 0.29163950 0.30293390 0.26491676 0.25849259 0.27440788
0.30894447 0.32617133 0.27027807 0.35162305 0.26857218 0.29163950 0.30293390 0.26491676 0.25849259 0.27440788
0.30894447 0.32617133 0.27027807 0.35162305 0.26857218 0.29163950 0.30293390 0.26491676 0.25849259 0.27440788
0.30894447 0.32617133 0.27027807 0.35162305 0.26857218 0.29163950 0.30293390 0.26491676 0.25849259 0.27440788
0.30894447 0.32617133 0.27027807 0.35162305 0.26857218 0.29163950 0.30293390 0.26491676 0.25849259 0.27440788
0.29540692 0.32122301 0.27042498 0.35574223 0.27065446 0.29322449 0.29951145 0.26627170 0.25800083 0.27508976
0.29540692 0.32122301 0.27042498 0.35574223 0.27065446 0.29322449 0.29951145 0.26627170 0.25800083 0.27508976
0.29540692 0.32122301 0.27042498 0.35574223 0.27065446 0.29322449 0.29951145 0.26627170 0.25800083 0.27508976
0.29540692 0.32122301 0.27042498 0.35574223 0.27065446 0.29322449 0.29951145 0.26627170 0.25800083 0.27508976
0.29540692 0.32122301 0.27042498 0.35574223 0.27065446 0.29322449 0.29951145 0.26627170 0.25800083 0.27508976
0.29540692 0.32122301 0.27042498 0.35574223 0.27065446 0.29322449 0.29951145 0.26627170 0.25800083 0.27508976
0.29540692 0.32122301 0.27042498 0.35574223 0.27065446 0.29322449 0.29951145 0.26627170 0.25800083 0.27508976
0.29540692 0.32122301 0.27042498 0.35574223 0.27065446 0.29322449 0.29951145 0.26627170 0.25800083 0.27508976
0.29540692 0.32122301 0.27042498 0.35574223 0.27065446 0.29322449 0.29951145 0.26627170 0.25800083 0.27508976
0.29540692 0.32122301 0.27042498 0.35574223 0.27065446 0.29322449 0.29951145 0.26627170 0.25800083 0.27508976
0.29540692 0.32122301 0.27042498 0.35574223 0.27065446 0.29322449 0.29951145 0.26627170 0.25800083 0.27508976
0.29540692 0.32122301 0.27042498 0.35574223 0.27065446 0.29322449 0.29951145 0.26627170 0.25800083 0.27508976
0.29540692 0.32122301 0.27042498 0.35574223 0.27065446 0.29322449 0.29951145 0.26627170 0.25800083 0.27508976
0.29540692 0.32122301 0.27042498 0.35574223 0.27065446 0.29322449 0.29951145 0.26627170 0.25800083 0.27508976
0.29540692 0.32122301 0.27042498 0.35574223 0.27065446 0.29322449 0.29951145 0.26627170 0.25800083 0.27508976
0.29540692 0.32122301 0.27042498 0.35574223 0.27065446 0.29322449 0.29951145 0.26627170 0.25800083 0.27508976
0.29540692 0.32122301 0.27042498 0.35574223 0.27065446 0.29322449 0.29951145 0.26627170 0.25800083 0.27508976
0.29540692 0.32122301 0.27042498 0.35574223 0.27065446 0.29322449 0.29951145 0.26627170 0.25800083 0.27508976
0.29540692 0.32122301 0.27042498 0.35574223 0.27065446 0.29322449 0.29951145 0.26627170 0.25800083 0.27508976
0.29540692 0.32122301 0.27042498 0.35574223 0.27065446 0.29322449 0.29951145 0.26627170 0.25800083 0.27508976
0.29540692 0.32122301 0.27042498 0.35574223 0.27065446 0.29322449 0.29951145 0.26627170 0.25800083 0.27508976
0.29540692 0.32122301 0.27042498 0.35574223 0.27065446 0.29322449 0.29951145 0.26627170 0.25800083 0.27508976
0.29540692 0.32122301 0.27042498 0.35574223 0.27065446 0.29322449 0.29951145 0.26627170 0.25800083 0.27508976
0.29540692 0.32122301 0.27042498 0.35574223 0.27065446 0.29322449 0.29951145 0.26627170 0.25800083 0.27508976
0.29540692 0.32122301 0.27042498 0.35574223 0.27065446 0.29322449 0.29951145 0.26627170 0.25800083 0.27508976
0.29540692 0.32122301 0.27042498 0.35574223 0.27065446 0.29322449 0.29951145 0.26627170 0.25800083 0.27508976
0.29540692 0.32122301 0.27042498 0.35574223 0.27065446 0.29322449 0.29951145 0.26627170 0.25800083 0.27508976
0.29540692 0.32122301 0.27042498 0.35574223 0.27065446 0.29322449 0.29951145 0.26627170 0.25800083 0.27508976
0.29540692 0.32122301 0.27042498 0.35574223 0.27065446 0.29322449 0.29951145 0.26627170 0.25800083 0.27508976
0.29540692 0.32122301 0.27042498 0.35574223 0.27065446 0.29322449 0.29951145 0.26627170 0.25800083 0.27508976
0.29540692 0.32122301 0.27042498 0.35574223 0.27065446 0.29322449 0.29951145 0.26627170 0.25800083 0.27508976
0.29540692 0.32122301 0.27042498 0.35574223 0.27065446 0.29322449 0.29951145 0.26627170 0.25800083 0.27508976
0.29540692 0.32122301 0.27042498 0.35574223 0.27065446 0.29322449 0.29951145 0.26627170 0.25800083 0.27508976
0.29540692 0.32122301 0.27042498 0.35574223 0.27065446 0.29322449 0.29951145 0.26627170 0.25800083 0.27508976
0.29540692 0.32122301 0.27042498 0.35574223 0.27065446 0.29322449 0.29951145 0.26627170 0.25800083 0.27508976
0.29540692 0.32122301 0.27042498 0.35574223 0.27065446 0.29322449 0.29951145 0.26627170 0.25800083 0.27508976
0.29700703 0.32222788 0.27177968 0.34631558 0.27022112 0.29421427 0.29226789 0.26634974 0.25739790 0.27718337
0.29700703 0.32222788 0.27177968 0.34631558 0.27022112 0.29421427 0.29226789 0.26634974 0.25739790 0.27718337
0.29700703 0.32222788 0.27177968 0.34631558 0.27022112 0.29421427 0.29226789 0.26634974 0.25739790 0.27718337
0.29700703 0.32222788 0.27177968 0.34631558 0.27022112 0.29421427 0.29226789 0.26634974 0.25739790 0.27718337
0.29700703 0.32222788 0.27177968 0.34631558 0.27022112 0.29421427 0.29226789 0.26634974 0.25739790 0.27718337
0.29700703 0.32222788 0.27177968 0.34631558 0.27022112 0.29421427 0.29226789 0.26634974 0.25739790 0.27718337
0.29700703 0.32222788 0.27177968 0.34631558 0.27022112 0.29421427 0.29226789 0.26634974 0.25739790 0.27718337
0.29700703 0.32222788 0.27177968 0.34631558 0.27022112 0.29421427 0.29226789 0.26634974 0.25739790 0.27718337
0.29700703 0.32222788 0.27177968 0.34631558 0.27022112 0.29421427 0.29226789 0.26634974 0.25739790 0.27718337
0.29700703 0.32222788 0.27177968 0.34631558 0.27022112 0.29421427 0.29226789 0.26634974 0.25739790 0.27718337
0.29700703 0.32222788 0.27177968 0.34631558 0.27022112 0.29421427 0.29226789 0.26634974 0.25739790 0.27718337
0.29700703 0.32222788 0.27177968 0.34631558 0.27022112 0.29421427 0.29226789 0.26634974 0.25739790 0.27718337
0.29700703 0.32222788 0.27177968 0.34631558 0.27022112 0.29421427 0.29226789 0.26634974 0.25739790 0.27718337
0.29700703 0.32222788 0.27177968 0.34631558 0.27022112 0.29421427 0.29226789 0.26634974 0.25739790 0.27718337
0.29700703 0.32222788 0.27177968 0.34631558 0.27022112 0.29421427 0.29226789 0.26634974 0.25739790 0.27718337
0.29700703 0.32222788 0.27177968 0.34631558 0.27022112 0.29421427 0.29226789 0.26634974 0.25739790 0.27718337
0.29700703 0.32222788 0.27177968 0.34631558 0.27022112 0.29421427 0.29226789 0.26634974 0.25739790 0.27718337
0.29700703 0.32222788 0.27177968 0.34631558 0.27022112 0.29421427 0.29226789 0.26634974 0.25739790 0.27718337
0.29700703 0.32222788 0.27177968 0.34631558 0.27022112 0.29421427 0.29226789 0.26634974 0.25739790 0.27718337
0.30652719 0.31948996 0.27029386 0.34470412 0.26781946 0.29686075 0.29354521 0.26346480 0.25741016 0.27163685
0.30652719 0.31948996 0.27029386 0.34470412 0.26781946 0.29686075 0.29354521 0.26346480 0.25741016 0.27163685
0.30652719 0.31948996 0.27029386 0.34470412 0.26781946 0.29686075 0.29354521 0.26346480 0.25741016 0.27163685
0.30652719 0.31948996 0.27029386 0.34470412 0.26781946 0.29686075 0.29354521 0.26346480 0.25741016 0.27163685
0.30652719 0.31948996 0.27029386 0.34470412 0.26781946 0.29686075 0.29354521 0.26346480 0.25741016 0.27163685
0.30652719 0.31948996 0.27029386 0.34470412 0.26781946 0.29686075 0.29354521 0.26346480 0.25741016 0.27163685
0.30652719 0.31948996 0.27029386 0.34470412 0.26781946 0.29686075 0.29354521 0.26346480 0.25741016 0.27163685
0.30652719 0.31948996 0.27029386 0.34470412 0.26781946 0.29686075 0.29354521 0.26346480 0.25741016 0.27163685
0.30652719 0.31948996 0.27029386 0.34470412 0.26781946 0.29686075 0.29354521 0.26346480 0.25741016 0.27163685
0.30652719 0.31948996 0.27029386 0.34470412 0.26781946 0.29686075 0.29354521 0.26346480 0.25741016 0.27163685
0.30652719 0.31948996 0.27029386 0.34470412 0.26781946 0.29686075 0.29354521 0.26346480 0.25741016 0.27163685
0.30652719 0.31948996 0.27029386 0.34470412 0.26781946 0.29686075 0.29354521 0.26346480 0.25741016 0.27163685
0.30652719 0.31948996 0.27029386 0.34470412 0.26781946 0.29686075 0.29354521 0.26346480 0.25741016 0.27163685
0.30652719 0.31948996 0.27029386 0.34470412 0.26781946 0.29686075 0.29354521 0.26346480 0.25741016 0.27163685
0.30652719 0.31948996 0.27029386 0.34470412 0.26781946 0.29686075 0.29354521 0.26346480 0.25741016 0.27163685
0.30652719 0.31948996 0.27029386 0.34470412 0.26781946 0.29686075 0.29354521 0.26346480 0.25741016 0.27163685
0.30652719 0.31948996 0.27029386 0.34470412 0.26781946 0.29686075 0.29354521 0.26346480 0.25741016 0.27163685
0.30652719 0.31948996 0.27029386 0.34470412 0.26781946 0.29686075 0.29354521 0.26346480 0.25741016 0.27163685
0.30652719 0.31948996 0.27029386 0.34470412 0.26781946 0.29686075 0.29354521 0.26346480 0.25741016 0.27163685
0.30652719 0.31948996 0.27029386 0.34470412 0.26781946 0.29686075 0.29354521 0.26346480 0.25741016 0.27163685
0.30652719 0.31948996 0.27029386 0.34470412 0.26781946 0.29686075 0.29354521 0.26346480 0.25741016 0.27163685
0.30652719 0.31948996 0.27029386 0.34470412 0.26781946 0.29686075 0.29354521 0.26346480 0.25741016 0.27163685
0.30652719 0.31948996 0.27029386 0.34470412 0.26781946 0.29686075 0.29354521 0.26346480 0.25741016 0.27163685
0.30652719 0.31948996 0.27029386 0.34470412 0.26781946 0.29686075 0.29354521 0.26346480 0.25741016 0.27163685
0.30652719 0.31948996 0.27029386 0.34470412 0.26781946 0.29686075 0.29354521 0.26346480 0.25741016 0.27163685
0.30652719 0.31948996 0.27029386 0.34470412 0.26781946 0.29686075 0.29354521 0.26346480 0.25741016 0.27163685
0.30652719 0.31948996 0.27029386 0.34470412 0.26781946 0.29686075 0.29354521 0.26346480 0.25741016 0.27163685
0.30652719 0.31948996 0.27029386 0.34470412 0.26781946 0.29686075 0.29354521 0.26346480 0.25741016 0.27163685
0.30652719 0.31948996 0.27029386 0.34470412 0.26781946 0.29686075 0.29354521 0.26346480 0.25741016 0.27163685
0.30652719 0.31948996 0.27029386 0.34470412 0.26781946 0.29686075 0.29354521 0.26346480 0.25741016 0.27163685
0.30652719 0.31948996 0.27029386 0.34470412 0.26781946 0.29686075 0.29354521 0.26346480 0.25741016 0.27163685
0.30652719 0.31948996 0.27029386 0.34470412 0.26781946 0.29686075 0.29354521 0.26346480 0.25741016 0.27163685
0.30652719 0.31948996 0.27029386 0.34470412 0.26781946 0.29686075 0.29354521 0.26346480 0.25741016 0.27163685
0.30652719 0.31948996 0.27029386 0.34470412 0.26781946 0.29686075 0.29354521 0.26346480 0.25741016 0.27163685
0.30652719 0.31948996 0.27029386 0.34470412 0.26781946 0.29686075 0.29354521 0.26346480 0.25741016 0.27163685
0.30652719 0.31948996 0.27029386 0.34470412 0.26781946 0.29686075 0.29354521 0.26346480 0.25741016 0.27163685
0.30652719 0.31948996 0.27029386 0.34470412 0.26781946 0.29686075 0.29354521 0.26346480 0.25741016 0.27163685
0.30652719 0.31948996 0.27029386 0.34470412 0.26781946 0.29686075 0.29354521 0.26346480 0.25741016 0.27163685
0.30652719 0.31948996 0.27029386 0.34470412 0.26781946 0.29686075 0.29354521 0.26346480 0.25741016 0.27163685
0.30060138 0.31975394 0.27073004 0.33955887 0.27073268 0.29705518 0.29339354 0.26587319 0.25931939 0.27183020
0.30060138 0.31975394 0.27073004 0.33955887 0.27073268 0.29705518 0.29339354 0.26587319 0.25931939 0.27183020
0.30060138 0.31975394 0.27073004 0.33955887 0.27073268 0.29705518 0.29339354 0.26587319 0.25931939 0.27183020
0.30060138 0.31975394 0.27073004 0.33955887 0.27073268 0.29705518 0.29339354 0.26587319 0.25931939 0.27183020
0.30060138 0.31975394 0.27073004 0.33955887 0.27073268 0.29705518 0.29339354 0.26587319 0.25931939 0.27183020
0.30060138 0.31975394 0.27073004 0.33955887 0.27073268 0.29705518 0.29339354 0.26587319 0.25931939 0.27183020
0.30060138 0.31975394 0.27073004 0.33955887 0.27073268 0.29705518 0.29339354 0.26587319 0.25931939 0.27183020
0.30060138 0.31975394 0.27073004 0.33955887 0.27073268 0.29705518 0.29339354 0.26587319 0.25931939 0.27183020
0.30060138 0.31975394 0.27073004 0.33955887 0.27073268 0.29705518 0.29339354 0.26587319 0.25931939 0.27183020
0.30060138 0.31975394 0.27073004 0.33955887 0.27073268 0.29705518 0.29339354 0.26587319 0.25931939 0.27183020
0.30060138 0.31975394 0.27073004 0.33955887 0.27073268 0.29705518 0.29339354 0.26587319 0.25931939 0.27183020
0.30060138 0.31975394 0.27073004 0.33955887 0.27073268 0.29705518 0.29339354 0.26587319 0.25931939 0.27183020
0.30060138 0.31975394 0.27073004 0.33955887 0.27073268 0.29705518 0.29339354 0.26587319 0.25931939 0.27183020
0.30060138 0.31975394 0.27073004 0.33955887 0.27073268 0.29705518 0.29339354 0.26587319 0.25931939 0.27183020
0.30060138 0.31975394 0.27073004 0.33955887 0.27073268 0.29705518 0.29339354 0.26587319 0.25931939 0.27183020
0.30060138 0.31975394 0.27073004 0.33955887 0.27073268 0.29705518 0.29339354 0.26587319 0.25931939 0.27183020
0.30060138 0.31975394 0.27073004 0.33955887 0.27073268 0.29705518 0.29339354 0.26587319 0.25931939 0.27183020
0.30060138 0.31975394 0.27073004 0.33955887 0.27073268 0.29705518 0.29339354 0.26587319 0.25931939 0.27183020
0.30060138 0.31975394 0.27073004 0.33955887 0.27073268 0.29705518 0.29339354 0.26587319 0.25931939 0.27183020
0.30060138 0.31975394 0.27073004 0.33955887 0.27073268 0.29705518 0.29339354 0.26587319 0.25931939 0.27183020
0.30060138 0.31975394 0.27073004 0.33955887 0.27073268 0.29705518 0.29339354 0.26587319 0.25931939 0.27183020
0.30060138 0.31975394 0.27073004 0.33955887 0.27073268 0.29705518 0.29339354 0.26587319 0.25931939 0.27183020
0.30060138 0.31975394 0.27073004 0.33955887 0.27073268 0.29705518 0.29339354 0.26587319 0.25931939 0.27183020
0.30060138 0.31975394 0.27073004 0.33955887 0.27073268 0.29705518 0.29339354 0.26587319 0.25931939 0.27183020
0.30060138 0.31975394 0.27073004 0.33955887 0.27073268 0.29705518 0.29339354 0.26587319 0.25931939 0.27183020
0.30060138 0.31975394 0.27073004 0.33955887 0.27073268 0.29705518 0.29339354 0.26587319 0.25931939 0.27183020
0.30060138 0.31975394 0.27073004 0.33955887 0.27073268 0.29705518 0.29339354 0.26587319 0.25931939 0.27183020
0.29857859 0.31995845 0.27000480 0.34461529 0.27450040 0.29905984 0.29313480 0.26814398 0.25906664 0.27193191
0.29857859 0.31995845 0.27000480 0.34461529 0.27450040 0.29905984 0.29313480 0.26814398 0.25906664 0.27193191
0.29857859 0.31995845 0.27000480 0.34461529 0.27450040 0.29905984 0.29313480 0.26814398 0.25906664 0.27193191
0.29857859 0.31995845 0.27000480 0.34461529 0.27450040 0.29905984 0.29313480 0.26814398 0.25906664 0.27193191
0.29857859 0.31995845 0.27000480 0.34461529 0.27450040 0.29905984 0.29313480 0.26814398 0.25906664 0.27193191
0.29857859 0.31995845 0.27000480 0.34461529 0.27450040 0.29905984 0.29313480 0.26814398 0.25906664 0.27193191
0.29857859 0.31995845 0.27000480 0.34461529 0.27450040 0.29905984 0.29313480 0.26814398 0.25906664 0.27193191
0.29857859 0.31995845 0.27000480 0.34461529 0.27450040 0.29905984 0.29313480 0.26814398 0.25906664 0.27193191
0.29857859 0.31995845 0.27000480 0.34461529 0.27450040 0.29905984 0.29313480 0.26814398 0.25906664 0.27193191
0.29857859 0.31995845 0.27000480 0.34461529 0.27450040 0.29905984 0.29313480 0.26814398 0.25906664 0.27193191
0.29857859 0.31995845 0.27000480 0.34461529 0.27450040 0.29905984 0.29313480 0.26814398 0.25906664 0.27193191
0.29857859 0.31995845 0.27000480 0.34461529 0.27450040 0.29905984 0.29313480 0.26814398 0.25906664 0.27193191
0.29857859 0.31995845 0.27000480 0.34461529 0.27450040 0.29905984 0.29313480 0.26814398 0.25906664 0.27193191
0.29857859 0.31995845 0.27000480 0.34461529 0.27450040 0.29905984 0.29313480 0.26814398 0.25906664 0.27193191
0.29857859 0.31995845 0.27000480 0.34461529 0.27450040 0.29905984 0.29313480 0.26814398 0.25906664 0.27193191
0.29857859 0.31995845 0.27000480 0.34461529 0.27450040 0.29905984 0.29313480 0.26814398 0.25906664 0.27193191
0.29494108 0.32688201 0.27274115 0.34007384 0.26951866 0.29495082 0.29546363 0.26793164 0.25860752 0.26959101
0.29494108 0.32688201 0.27274115 0.34007384 0.26951866 0.29495082 0.29546363 0.26793164 0.25860752 0.26959101
0.29494108 0.32688201 0.27274115 0.34007384 0.26951866 0.29495082 0.29546363 0.26793164 0.25860752 0.26959101
0.29494108 0.32688201 0.27274115 0.34007384 0.26951866 0.29495082 0.29546363 0.26793164 0.25860752 0.26959101
0.29494108 0.32688201 0.27274115 0.34007384 0.26951866 0.29495082 0.29546363 0.26793164 0.25860752 0.26959101
0.29494108 0.32688201 0.27274115 0.34007384 0.26951866 0.29495082 0.29546363 0.26793164 0.25860752 0.26959101
0.29494108 0.32688201 0.27274115 0.34007384 0.26951866 0.29495082 0.29546363 0.26793164 0.25860752 0.26959101
0.29494108 0.32688201 0.27274115 0.34007384 0.26951866 0.29495082 0.29546363 0.26793164 0.25860752 0.26959101
0.28928439 0.32505756 0.27429367 0.33244761 0.27156036 0.29176825 0.28580359 0.26475404 0.25880143 0.26939414
0.28928439 0.32505756 0.27429367 0.33244761 0.27156036 0.29176825 0.28580359 0.26475404 0.25880143 0.26939414
0.28928439 0.32505756 0.27429367 0.33244761 0.27156036 0.29176825 0.28580359 0.26475404 0.25880143 0.26939414
0.28928439 0.32505756 0.27429367 0.33244761 0.27156036 0.29176825 0.28580359 0.26475404 0.25880143 0.26939414
0.28928439 0.32505756 0.27429367 0.33244761 0.27156036 0.29176825 0.28580359 0.26475404 0.25880143 0.26939414
0.28928439 0.32505756 0.27429367 0.33244761 0.27156036 0.29176825 0.28580359 0.26475404 0.25880143 0.26939414
0.28928439 0.32505756 0.27429367 0.33244761 0.27156036 0.29176825 0.28580359 0.26475404 0.25880143 0.26939414
0.28928439 0.32505756 0.27429367 0.33244761 0.27156036 0.29176825 0.28580359 0.26475404 0.25880143 0.26939414
0.28928439 0.32505756 0.27429367 0.33244761 0.27156036 0.29176825 0.28580359 0.26475404 0.25880143 0.26939414
0.28928439 0.32505756 0.27429367 0.33244761 0.27156036 0.29176825 0.28580359 0.26475404 0.25880143 0.26939414
0.28928439 0.32505756 0.27429367 0.33244761 0.27156036 0.29176825 0.28580359 0.26475404 0.25880143 0.26939414
0.28928439 0.32505756 0.27429367 0.33244761 0.27156036 0.29176825 0.28580359 0.26475404 0.25880143 0.26939414
0.28928439 0.32505756 0.27429367 0.33244761 0.27156036 0.29176825 0.28580359 0.26475404 0.25880143 0.26939414
0.28928439 0.32505756 0.27429367 0.33244761 0.27156036 0.29176825 0.28580359 0.26475404 0.25880143 0.26939414
0.28928439 0.32505756 0.27429367 0.33244761 0.27156036 0.29176825 0.28580359 0.26475404 0.25880143 0.26939414
0.28928439 0.32505756 0.27429367 0.33244761 0.27156036 0.29176825 0.28580359 0.26475404 0.25880143 0.26939414
0.28928439 0.32505756 0.27429367 0.33244761 0.27156036 0.29176825 0.28580359 0.26475404 0.25880143 0.26939414
0.28928439 0.32505756 0.27429367 0.33244761 0.27156036 0.29176825 0.28580359 0.26475404 0.25880143 0.26939414
0.28928439 0.32505756 0.27429367 0.33244761 0.27156036 0.29176825 0.28580359 0.26475404 0.25880143 0.26939414
0.28928439 0.32505756 0.27429367 0.33244761 0.27156036 0.29176825 0.28580359 0.26475404 0.25880143 0.26939414
0.28928439 0.32505756 0.27429367 0.33244761 0.27156036 0.29176825 0.28580359 0.26475404 0.25880143 0.26939414
0.28928439 0.32505756 0.27429367 0.33244761 0.27156036 0.29176825 0.28580359 0.26475404 0.25880143 0.26939414
0.28928439 0.32505756 0.27429367 0.33244761 0.27156036 0.29176825 0.28580359 0.26475404 0.25880143 0.26939414
0.28928439 0.32505756 0.27429367 0.33244761 0.27156036 0.29176825 0.28580359 0.26475404 0.25880143 0.26939414
0.28928439 0.32505756 0.27429367 0.33244761 0.27156036 0.29176825 0.28580359 0.26475404 0.25880143 0.26939414
0.28935180 0.32116074 0.27221444 0.33824468 0.27524292 0.29486850 0.29153349 0.26905146 0.25978408 0.26788979
0.28935180 0.32116074 0.27221444 0.33824468 0.27524292 0.29486850 0.29153349 0.26905146 0.25978408 0.26788979
0.28935180 0.32116074 0.27221444 0.33824468 0.27524292 0.29486850 0.29153349 0.26905146 0.25978408 0.26788979
0.28935180 0.32116074 0.27221444 0.33824468 0.27524292 0.29486850 0.29153349 0.26905146 0.25978408 0.26788979
0.28935180 0.32116074 0.27221444 0.33824468 0.27524292 0.29486850 0.29153349 0.26905146 0.25978408 0.26788979
0.28935180 0.32116074 0.27221444 0.33824468 0.27524292 0.29486850 0.29153349 0.26905146 0.25978408 0.26788979
0.28935180 0.32116074 0.27221444 0.33824468 0.27524292 0.29486850 0.29153349 0.26905146 0.25978408 0.26788979
0.28935180 0.32116074 0.27221444 0.33824468 0.27524292 0.29486850 0.29153349 0.26905146 0.25978408 0.26788979
0.28935180 0.32116074 0.27221444 0.33824468 0.27524292 0.29486850 0.29153349 0.26905146 0.25978408 0.26788979
0.28935180 0.32116074 0.27221444 0.33824468 0.27524292 0.29486850 0.29153349 0.26905146 0.25978408 0.26788979
0.28935180 0.32116074 0.27221444 0.33824468 0.27524292 0.29486850 0.29153349 0.26905146 0.25978408 0.26788979
0.28935180 0.32116074 0.27221444 0.33824468 0.27524292 0.29486850 0.29153349 0.26905146 0.25978408 0.26788979
0.28935180 0.32116074 0.27221444 0.33824468 0.27524292 0.29486850 0.29153349 0.26905146 0.25978408 0.26788979
0.28935180 0.32116074 0.27221444 0.33824468 0.27524292 0.29486850 0.29153349 0.26905146 0.25978408 0.26788979
0.28935180 0.32116074 0.27221444 0.33824468 0.27524292 0.29486850 0.29153349 0.26905146 0.25978408 0.26788979
0.28935180 0.32116074 0.27221444 0.33824468 0.27524292 0.29486850 0.29153349 0.26905146 0.25978408 0.26788979
0.28935180 0.32116074 0.27221444 0.33824468 0.27524292 0.29486850 0.29153349 0.26905146 0.25978408 0.26788979
0.28935180 0.32116074 0.27221444 0.33824468 0.27524292 0.29486850 0.29153349 0.26905146 0.25978408 0.26788979
0.28603899 0.32298304 0.27356295 0.33567936 0.26971403 0.29177394 0.29636623 0.26984895 0.25826276 0.27081421
0.28603899 0.32298304 0.27356295 0.33567936 0.26971403 0.29177394 0.29636623 0.26984895 0.25826276 0.27081421
0.28603899 0.32298304 0.27356295 0.33567936 0.26971403 0.29177394 0.29636623 0.26984895 0.25826276 0.27081421
0.28603899 0.32298304 0.27356295 0.33567936 0.26971403 0.29177394 0.29636623 0.26984895 0.25826276 0.27081421
0.28603899 0.32298304 0.27356295 0.33567936 0.26971403 0.29177394 0.29636623 0.26984895 0.25826276 0.27081421
0.28603899 0.32298304 0.27356295 0.33567936 0.26971403 0.29177394 0.29636623 0.26984895 0.25826276 0.27081421
0.28603899 0.32298304 0.27356295 0.33567936 0.26971403 0.29177394 0.29636623 0.26984895 0.25826276 0.27081421
0.28603899 0.32298304 0.27356295 0.33567936 0.26971403 0.29177394 0.29636623 0.26984895 0.25826276 0.27081421
0.28603899 0.32298304 0.27356295 0.33567936 0.26971403 0.29177394 0.29636623 0.26984895 0.25826276 0.27081421
0.28603899 0.32298304 0.27356295 0.33567936 0.26971403 0.29177394 0.29636623 0.26984895 0.25826276 0.27081421
0.28603899 0.32298304 0.27356295 0.33567936 0.26971403 0.29177394 0.29636623 0.26984895 0.25826276 0.27081421
0.28603899 0.32298304 0.27356295 0.33567936 0.26971403 0.29177394 0.29636623 0.26984895 0.25826276 0.27081421
0.28603899 0.32298304 0.27356295 0.33567936 0.26971403 0.29177394 0.29636623 0.26984895 0.25826276 0.27081421
0.28603899 0.32298304 0.27356295 0.33567936 0.26971403 0.29177394 0.29636623 0.26984895 0.25826276 0.27081421
0.28603899 0.32298304 0.27356295 0.33567936 0.26971403 0.29177394 0.29636623 0.26984895 0.25826276 0.27081421
0.28603899 0.32298304 0.27356295 0.33567936 0.26971403 0.29177394 0.29636623 0.26984895 0.25826276 0.27081421
0.28603899 0.32298304 0.27356295 0.33567936 0.26971403 0.29177394 0.29636623 0.26984895 0.25826276 0.27081421
0.28603899 0.32298304 0.27356295 0.33567936 0.26971403 0.29177394 0.29636623 0.26984895 0.25826276 0.27081421
0.28603899 0.32298304 0.27356295 0.33567936 0.26971403 0.29177394 0.29636623 0.26984895 0.25826276 0.27081421
0.28171348 0.32277605 0.27331297 0.33800016 0.26988798 0.28718287 0.29969860 0.26988445 0.25776089 0.27054146
0.28171348 0.32277605 0.27331297 0.33800016 0.26988798 0.28718287 0.29969860 0.26988445 0.25776089 0.27054146
0.28171348 0.32277605 0.27331297 0.33800016 0.26988798 0.28718287 0.29969860 0.26988445 0.25776089 0.27054146
0.28171348 0.32277605 0.27331297 0.33800016 0.26988798 0.28718287 0.29969860 0.26988445 0.25776089 0.27054146
0.28171348 0.32277605 0.27331297 0.33800016 0.26988798 0.28718287 0.29969860 0.26988445 0.25776089 0.27054146
0.28171348 0.32277605 0.27331297 0.33800016 0.26988798 0.28718287 0.29969860 0.26988445 0.25776089 0.27054146
0.28171348 0.32277605 0.27331297 0.33800016 0.26988798 0.28718287 0.29969860 0.26988445 0.25776089 0.27054146
0.28171348 0.32277605 0.27331297 0.33800016 0.26988798 0.28718287 0.29969860 0.26988445 0.25776089 0.27054146
0.28171348 0.32277605 0.27331297 0.33800016 0.26988798 0.28718287 0.29969860 0.26988445 0.25776089 0.27054146
0.28171348 0.32277605 0.27331297 0.33800016 0.26988798 0.28718287 0.29969860 0.26988445 0.25776089 0.27054146
0.28171348 0.32277605 0.27331297 0.33800016 0.26988798 0.28718287 0.29969860 0.26988445 0.25776089 0.27054146
0.28171348 0.32277605 0.27331297 0.33800016 0.26988798 0.28718287 0.29969860 0.26988445 0.25776089 0.27054146
0.28171348 0.32277605 0.27331297 0.33800016 0.26988798 0.28718287 0.29969860 0.26988445 0.25776089 0.27054146
0.28171348 0.32277605 0.27331297 0.33800016 0.26988798 0.28718287 0.29969860 0.26988445 0.25776089 0.27054146
0.28171348 0.32277605 0.27331297 0.33800016 0.26988798 0.28718287 0.29969860 0.26988445 0.25776089 0.27054146
0.28171348 0.32277605 0.27331297 0.33800016 0.26988798 0.28718287 0.29969860 0.26988445 0.25776089 0.27054146
0.28171348 0.32277605 0.27331297 0.33800016 0.26988798 0.28718287 0.29969860 0.26988445 0.25776089 0.27054146
0.28171348 0.32277605 0.27331297 0.33800016 0.26988798 0.28718287 0.29969860 0.26988445 0.25776089 0.27054146
0.28171348 0.32277605 0.27331297 0.33800016 0.26988798 0.28718287 0.29969860 0.26988445 0.25776089 0.27054146
0.28171348 0.32277605 0.27331297 0.33800016 0.26988798 0.28718287 0.29969860 0.26988445 0.25776089 0.27054146
0.28122669 0.32822842 0.27904332 0.34259676 0.26938520 0.28375230 0.29647411 0.26972778 0.25829601 0.27256674
0.28122669 0.32822842 0.27904332 0.34259676 0.26938520 0.28375230 0.29647411 0.26972778 0.25829601 0.27256674
0.28122669 0.32822842 0.27904332 0.34259676 0.26938520 0.28375230 0.29647411 0.26972778 0.25829601 0.27256674
0.28122669 0.32822842 0.27904332 0.34259676 0.26938520 0.28375230 0.29647411 0.26972778 0.25829601 0.27256674
0.28122669 0.32822842 0.27904332 0.34259676 0.26938520 0.28375230 0.29647411 0.26972778 0.25829601 0.27256674
0.28122669 0.32822842 0.27904332 0.34259676 0.26938520 0.28375230 0.29647411 0.26972778 0.25829601 0.27256674
0.28122669 0.32822842 0.27904332 0.34259676 0.26938520 0.28375230 0.29647411 0.26972778 0.25829601 0.27256674
0.28122669 0.32822842 0.27904332 0.34259676 0.26938520 0.28375230 0.29647411 0.26972778 0.25829601 0.27256674
0.28122669 0.32822842 0.27904332 0.34259676 0.26938520 0.28375230 0.29647411 0.26972778 0.25829601 0.27256674
0.28122669 0.32822842 0.27904332 0.34259676 0.26938520 0.28375230 0.29647411 0.26972778 0.25829601 0.27256674
0.28122669 0.32822842 0.27904332 0.34259676 0.26938520 0.28375230 0.29647411 0.26972778 0.25829601 0.27256674
0.28122669 0.32822842 0.27904332 0.34259676 0.26938520 0.28375230 0.29647411 0.26972778 0.25829601 0.27256674
0.28122669 0.32822842 0.27904332 0.34259676 0.26938520 0.28375230 0.29647411 0.26972778 0.25829601 0.27256674
0.28122669 0.32822842 0.27904332 0.34259676 0.26938520 0.28375230 0.29647411 0.26972778 0.25829601 0.27256674
0.28122669 0.32822842 0.27904332 0.34259676 0.26938520 0.28375230 0.29647411 0.26972778 0.25829601 0.27256674
0.28122669 0.32822842 0.27904332 0.34259676 0.26938520 0.28375230 0.29647411 0.26972778 0.25829601 0.27256674
0.28122669 0.32822842 0.27904332 0.34259676 0.26938520 0.28375230 0.29647411 0.26972778 0.25829601 0.27256674
0.28122669 0.32822842 0.27904332 0.34259676 0.26938520 0.28375230 0.29647411 0.26972778 0.25829601 0.27256674
0.28122669 0.32822842 0.27904332 0.34259676 0.26938520 0.28375230 0.29647411 0.26972778 0.25829601 0.27256674
0.28122669 0.32822842 0.27904332 0.34259676 0.26938520 0.28375230 0.29647411 0.26972778 0.25829601 0.27256674
0.28122669 0.32822842 0.27904332 0.34259676 0.26938520 0.28375230 0.29647411 0.26972778 0.25829601 0.27256674
0.28122669 0.32822842 0.27904332 0.34259676 0.26938520 0.28375230 0.29647411 0.26972778 0.25829601 0.27256674
0.28122669 0.32822842 0.27904332 0.34259676 0.26938520 0.28375230 0.29647411 0.26972778 0.25829601 0.27256674
0.28122669 0.32822842 0.27904332 0.34259676 0.26938520 0.28375230 0.29647411 0.26972778 0.25829601 0.27256674
0.28122669 0.32822842 0.27904332 0.34259676 0.26938520 0.28375230 0.29647411 0.26972778 0.25829601 0.27256674
0.28122669 0.32822842 0.27904332 0.34259676 0.26938520 0.28375230 0.29647411 0.26972778 0.25829601 0.27256674
0.28122669 0.32822842 0.27904332 0.34259676 0.26938520 0.28375230 0.29647411 0.26972778 0.25829601 0.27256674
0.28122669 0.32822842 0.27904332 0.34259676 0.26938520 0.28375230 0.29647411 0.26972778 0.25829601 0.27256674
0.28122669 0.32822842 0.27904332 0.34259676 0.26938520 0.28375230 0.29647411 0.26972778 0.25829601 0.27256674
0.28122669 0.32822842 0.27904332 0.34259676 0.26938520 0.28375230 0.29647411 0.26972778 0.25829601 0.27256674
0.28122669 0.32822842 0.27904332 0.34259676 0.26938520 0.28375230 0.29647411 0.26972778 0.25829601 0.27256674
0.28122669 0.32822842 0.27904332 0.34259676 0.26938520 0.28375230 0.29647411 0.26972778 0.25829601 0.27256674
0.28122669 0.32822842 0.27904332 0.34259676 0.26938520 0.28375230 0.29647411 0.26972778 0.25829601 0.27256674
0.28122669 0.32822842 0.27904332 0.34259676 0.26938520 0.28375230 0.29647411 0.26972778 0.25829601 0.27256674
0.28122669 0.32822842 0.27904332 0.34259676 0.26938520 0.28375230 0.29647411 0.26972778 0.25829601 0.27256674
0.28122669 0.32822842 0.27904332 0.34259676 0.26938520 0.28375230 0.29647411 0.26972778 0.25829601 0.27256674
0.28122669 0.32822842 0.27904332 0.34259676 0.26938520 0.28375230 0.29647411 0.26972778 0.25829601 0.27256674
0.28122669 0.32822842 0.27904332 0.34259676 0.26938520 0.28375230 0.29647411 0.26972778 0.25829601 0.27256674
0.28122669 0.32822842 0.27904332 0.34259676 0.26938520 0.28375230 0.29647411 0.26972778 0.25829601 0.27256674
0.28122669 0.32822842 0.27904332 0.34259676 0.26938520 0.28375230 0.29647411 0.26972778 0.25829601 0.27256674
0.28122669 0.32822842 0.27904332 0.34259676 0.26938520 0.28375230 0.29647411 0.26972778 0.25829601 0.27256674
0.28122669 0.32822842 0.27904332 0.34259676 0.26938520 0.28375230 0.29647411 0.26972778 0.25829601 0.27256674
0.28122669 0.32822842 0.27904332 0.34259676 0.26938520 0.28375230 0.29647411 0.26972778 0.25829601 0.27256674
0.28122669 0.32822842 0.27904332 0.34259676 0.26938520 0.28375230 0.29647411 0.26972778 0.25829601 0.27256674
0.28122669 0.32822842 0.27904332 0.34259676 0.26938520 0.28375230 0.29647411 0.26972778 0.25829601 0.27256674
0.27771161 0.33211467 0.27190878 0.33455976 0.27104906 0.28703635 0.29393840 0.26989099 0.26027040 0.27242824
0.27630720 0.32689294 0.27133337 0.34020366 0.26990266 0.28473888 0.29458714 0.26817863 0.26081514 0.27217706
0.27630720 0.32689294 0.27133337 0.34020366 0.26990266 0.28473888 0.29458714 0.26817863 0.26081514 0.27217706
0.27630720 0.32689294 0.27133337 0.34020366 0.26990266 0.28473888 0.29458714 0.26817863 0.26081514 0.27217706
0.27630720 0.32689294 0.27133337 0.34020366 0.26990266 0.28473888 0.29458714 0.26817863 0.26081514 0.27217706
0.27630720 0.32689294 0.27133337 0.34020366 0.26990266 0.28473888 0.29458714 0.26817863 0.26081514 0.27217706
0.27630720 0.32689294 0.27133337 0.34020366 0.26990266 0.28473888 0.29458714 0.26817863 0.26081514 0.27217706
0.27630720 0.32689294 0.27133337 0.34020366 0.26990266 0.28473888 0.29458714 0.26817863 0.26081514 0.27217706
0.27630720 0.32689294 0.27133337 0.34020366 0.26990266 0.28473888 0.29458714 0.26817863 0.26081514 0.27217706
0.27630720 0.32689294 0.27133337 0.34020366 0.26990266 0.28473888 0.29458714 0.26817863 0.26081514 0.27217706
0.27630720 0.32689294 0.27133337 0.34020366 0.26990266 0.28473888 0.29458714 0.26817863 0.26081514 0.27217706
0.27630720 0.32689294 0.27133337 0.34020366 0.26990266 0.28473888 0.29458714 0.26817863 0.26081514 0.27217706
0.27630720 0.32689294 0.27133337 0.34020366 0.26990266 0.28473888 0.29458714 0.26817863 0.26081514 0.27217706
0.27630720 0.32689294 0.27133337 0.34020366 0.26990266 0.28473888 0.29458714 0.26817863 0.26081514 0.27217706
0.27630720 0.32689294 0.27133337 0.34020366 0.26990266 0.28473888 0.29458714 0.26817863 0.26081514 0.27217706
0.27630720 0.32689294 0.27133337 0.34020366 0.26990266 0.28473888 0.29458714 0.26817863 0.26081514 0.27217706
0.27630720 0.32689294 0.27133337 0.34020366 0.26990266 0.28473888 0.29458714 0.26817863 0.26081514 0.27217706
0.27630720 0.32689294 0.27133337 0.34020366 0.26990266 0.28473888 0.29458714 0.26817863 0.26081514 0.27217706
0.27630720 0.32689294 0.27133337 0.34020366 0.26990266 0.28473888 0.29458714 0.26817863 0.26081514 0.27217706
0.27630720 0.32689294 0.27133337 0.34020366 0.26990266 0.28473888 0.29458714 0.26817863 0.26081514 0.27217706
0.27630720 0.32689294 0.27133337 0.34020366 0.26990266 0.28473888 0.29458714 0.26817863 0.26081514 0.27217706
0.27630720 0.32689294 0.27133337 0.34020366 0.26990266 0.28473888 0.29458714 0.26817863 0.26081514 0.27217706
0.27630720 0.32689294 0.27133337 0.34020366 0.26990266 0.28473888 0.29458714 0.26817863 0.26081514 0.27217706
0.27630720 0.32689294 0.27133337 0.34020366 0.26990266 0.28473888 0.29458714 0.26817863 0.26081514 0.27217706
0.27630720 0.32689294 0.27133337 0.34020366 0.26990266 0.28473888 0.29458714 0.26817863 0.26081514 0.27217706
0.27630720 0.32689294 0.27133337 0.34020366 0.26990266 0.28473888 0.29458714 0.26817863 0.26081514 0.27217706
0.27630720 0.32689294 0.27133337 0.34020366 0.26990266 0.28473888 0.29458714 0.26817863 0.26081514 0.27217706
0.27630720 0.32689294 0.27133337 0.34020366 0.26990266 0.28473888 0.29458714 0.26817863 0.26081514 0.27217706
0.27630720 0.32689294 0.27133337 0.34020366 0.26990266 0.28473888 0.29458714 0.26817863 0.26081514 0.27217706
0.27630720 0.32689294 0.27133337 0.34020366 0.26990266 0.28473888 0.29458714 0.26817863 0.26081514 0.27217706
0.27630720 0.32689294 0.27133337 0.34020366 0.26990266 0.28473888 0.29458714 0.26817863 0.26081514 0.27217706
0.27630720 0.32689294 0.27133337 0.34020366 0.26990266 0.28473888 0.29458714 0.26817863 0.26081514 0.27217706
0.27630720 0.32689294 0.27133337 0.34020366 0.26990266 0.28473888 0.29458714 0.26817863 0.26081514 0.27217706
0.27630720 0.32689294 0.27133337 0.34020366 0.26990266 0.28473888 0.29458714 0.26817863 0.26081514 0.27217706
0.27630720 0.32689294 0.27133337 0.34020366 0.26990266 0.28473888 0.29458714 0.26817863 0.26081514 0.27217706
0.27630720 0.32689294 0.27133337 0.34020366 0.26990266 0.28473888 0.29458714 0.26817863 0.26081514 0.27217706
0.27630720 0.32689294 0.27133337 0.34020366 0.26990266 0.28473888 0.29458714 0.26817863 0.26081514 0.27217706
0.27630720 0.32689294 0.27133337 0.34020366 0.26990266 0.28473888 0.29458714 0.26817863 0.26081514 0.27217706
0.27630720 0.32689294 0.27133337 0.34020366 0.26990266 0.28473888 0.29458714 0.26817863 0.26081514 0.27217706
0.27630720 0.32689294 0.27133337 0.34020366 0.26990266 0.28473888 0.29458714 0.26817863 0.26081514 0.27217706
0.27630720 0.32689294 0.27133337 0.34020366 0.26990266 0.28473888 0.29458714 0.26817863 0.26081514 0.27217706
0.27476707 0.33117491 0.27386137 0.34940592 0.27122401 0.28244155 0.29531367 0.27003021 0.25943430 0.26984294
0.27476707 0.33117491 0.27386137 0.34940592 0.27122401 0.28244155 0.29531367 0.27003021 0.25943430 0.26984294
0.27476707 0.33117491 0.27386137 0.34940592 0.27122401 0.28244155 0.29531367 0.27003021 0.25943430 0.26984294
0.27476707 0.33117491 0.27386137 0.34940592 0.27122401 0.28244155 0.29531367 0.27003021 0.25943430 0.26984294
0.27476707 0.33117491 0.27386137 0.34940592 0.27122401 0.28244155 0.29531367 0.27003021 0.25943430 0.26984294
0.27476707 0.33117491 0.27386137 0.34940592 0.27122401 0.28244155 0.29531367 0.27003021 0.25943430 0.26984294
0.27476707 0.33117491 0.27386137 0.34940592 0.27122401 0.28244155 0.29531367 0.27003021 0.25943430 0.26984294
0.27476707 0.33117491 0.27386137 0.34940592 0.27122401 0.28244155 0.29531367 0.27003021 0.25943430 0.26984294
0.27476707 0.33117491 0.27386137 0.34940592 0.27122401 0.28244155 0.29531367 0.27003021 0.25943430 0.26984294
0.27476707 0.33117491 0.27386137 0.34940592 0.27122401 0.28244155 0.29531367 0.27003021 0.25943430 0.26984294
0.27476707 0.33117491 0.27386137 0.34940592 0.27122401 0.28244155 0.29531367 0.27003021 0.25943430 0.26984294
0.27476707 0.33117491 0.27386137 0.34940592 0.27122401 0.28244155 0.29531367 0.27003021 0.25943430 0.26984294
0.27476707 0.33117491 0.27386137 0.34940592 0.27122401 0.28244155 0.29531367 0.27003021 0.25943430 0.26984294
0.27476707 0.33117491 0.27386137 0.34940592 0.27122401 0.28244155 0.29531367 0.27003021 0.25943430 0.26984294
0.27476707 0.33117491 0.27386137 0.34940592 0.27122401 0.28244155 0.29531367 0.27003021 0.25943430 0.26984294
0.27830018 0.31942352 0.27481418 0.35456560 0.26842615 0.28507343 0.28125827 0.26887751 0.25833494 0.26765710
0.27830018 0.31942352 0.27481418 0.35456560 0.26842615 0.28507343 0.28125827 0.26887751 0.25833494 0.26765710
0.27830018 0.31942352 0.27481418 0.35456560 0.26842615 0.28507343 0.28125827 0.26887751 0.25833494 0.26765710
0.27830018 0.31942352 0.27481418 0.35456560 0.26842615 0.28507343 0.28125827 0.26887751 0.25833494 0.26765710
0.27830018 0.31942352 0.27481418 0.35456560 0.26842615 0.28507343 0.28125827 0.26887751 0.25833494 0.26765710
0.27830018 0.31942352 0.27481418 0.35456560 0.26842615 0.28507343 0.28125827 0.26887751 0.25833494 0.26765710
0.27830018 0.31942352 0.27481418 0.35456560 0.26842615 0.28507343 0.28125827 0.26887751 0.25833494 0.26765710
0.27830018 0.31942352 0.27481418 0.35456560 0.26842615 0.28507343 0.28125827 0.26887751 0.25833494 0.26765710
0.27830018 0.31942352 0.27481418 0.35456560 0.26842615 0.28507343 0.28125827 0.26887751 0.25833494 0.26765710
0.27830018 0.31942352 0.27481418 0.35456560 0.26842615 0.28507343 0.28125827 0.26887751 0.25833494 0.26765710
0.28067271 0.31646329 0.27793875 0.35247456 0.26817565 0.28635030 0.29553158 0.26834988 0.25601462 0.26626078
0.28067271 0.31646329 0.27793875 0.35247456 0.26817565 0.28635030 0.29553158 0.26834988 0.25601462 0.26626078
0.28067271 0.31646329 0.27793875 0.35247456 0.26817565 0.28635030 0.29553158 0.26834988 0.25601462 0.26626078
0.28067271 0.31646329 0.27793875 0.35247456 0.26817565 0.28635030 0.29553158 0.26834988 0.25601462 0.26626078
0.28067271 0.31646329 0.27793875 0.35247456 0.26817565 0.28635030 0.29553158 0.26834988 0.25601462 0.26626078
0.28067271 0.31646329 0.27793875 0.35247456 0.26817565 0.28635030 0.29553158 0.26834988 0.25601462 0.26626078
0.28067271 0.31646329 0.27793875 0.35247456 0.26817565 0.28635030 0.29553158 0.26834988 0.25601462 0.26626078
0.28067271 0.31646329 0.27793875 0.35247456 0.26817565 0.28635030 0.29553158 0.26834988 0.25601462 0.26626078
0.28067271 0.31646329 0.27793875 0.35247456 0.26817565 0.28635030 0.29553158 0.26834988 0.25601462 0.26626078
0.28067271 0.31646329 0.27793875 0.35247456 0.26817565 0.28635030 0.29553158 0.26834988 0.25601462 0.26626078
0.28067271 0.31646329 0.27793875 0.35247456 0.26817565 0.28635030 0.29553158 0.26834988 0.25601462 0.26626078
0.28067271 0.31646329 0.27793875 0.35247456 0.26817565 0.28635030 0.29553158 0.26834988 0.25601462 0.26626078
0.28067271 0.31646329 0.27793875 0.35247456 0.26817565 0.28635030 0.29553158 0.26834988 0.25601462 0.26626078
0.28067271 0.31646329 0.27793875 0.35247456 0.26817565 0.28635030 0.29553158 0.26834988 0.25601462 0.26626078
0.28067271 0.31646329 0.27793875 0.35247456 0.26817565 0.28635030 0.29553158 0.26834988 0.25601462 0.26626078
0.28067271 0.31646329 0.27793875 0.35247456 0.26817565 0.28635030 0.29553158 0.26834988 0.25601462 0.26626078
0.28067271 0.31646329 0.27793875 0.35247456 0.26817565 0.28635030 0.29553158 0.26834988 0.25601462 0.26626078
0.28067271 0.31646329 0.27793875 0.35247456 0.26817565 0.28635030 0.29553158 0.26834988 0.25601462 0.26626078
0.28067271 0.31646329 0.27793875 0.35247456 0.26817565 0.28635030 0.29553158 0.26834988 0.25601462 0.26626078
0.28067271 0.31646329 0.27793875 0.35247456 0.26817565 0.28635030 0.29553158 0.26834988 0.25601462 0.26626078
0.28067271 0.31646329 0.27793875 0.35247456 0.26817565 0.28635030 0.29553158 0.26834988 0.25601462 0.26626078
0.28067271 0.31646329 0.27793875 0.35247456 0.26817565 0.28635030 0.29553158 0.26834988 0.25601462 0.26626078
0.28067271 0.31646329 0.27793875 0.35247456 0.26817565 0.28635030 0.29553158 0.26834988 0.25601462 0.26626078
0.28067271 0.31646329 0.27793875 0.35247456 0.26817565 0.28635030 0.29553158 0.26834988 0.25601462 0.26626078
0.28675042 0.31851666 0.27798599 0.34719005 0.26700320 0.28367247 0.29193290 0.26974337 0.25573950 0.26367075
0.28675042 0.31851666 0.27798599 0.34719005 0.26700320 0.28367247 0.29193290 0.26974337 0.25573950 0.26367075
0.28675042 0.31851666 0.27798599 0.34719005 0.26700320 0.28367247 0.29193290 0.26974337 0.25573950 0.26367075
0.28675042 0.31851666 0.27798599 0.34719005 0.26700320 0.28367247 0.29193290 0.26974337 0.25573950 0.26367075
0.28675042 0.31851666 0.27798599 0.34719005 0.26700320 0.28367247 0.29193290 0.26974337 0.25573950 0.26367075
0.28675042 0.31851666 0.27798599 0.34719005 0.26700320 0.28367247 0.29193290 0.26974337 0.25573950 0.26367075
0.28675042 0.31851666 0.27798599 0.34719005 0.26700320 0.28367247 0.29193290 0.26974337 0.25573950 0.26367075
0.28675042 0.31851666 0.27798599 0.34719005 0.26700320 0.28367247 0.29193290 0.26974337 0.25573950 0.26367075
0.28675042 0.31851666 0.27798599 0.34719005 0.26700320 0.28367247 0.29193290 0.26974337 0.25573950 0.26367075
0.28675042 0.31851666 0.27798599 0.34719005 0.26700320 0.28367247 0.29193290 0.26974337 0.25573950 0.26367075
0.28675042 0.31851666 0.27798599 0.34719005 0.26700320 0.28367247 0.29193290 0.26974337 0.25573950 0.26367075
0.28675042 0.31851666 0.27798599 0.34719005 0.26700320 0.28367247 0.29193290 0.26974337 0.25573950 0.26367075
0.28675042 0.31851666 0.27798599 0.34719005 0.26700320 0.28367247 0.29193290 0.26974337 0.25573950 0.26367075
0.28675042 0.31851666 0.27798599 0.34719005 0.26700320 0.28367247 0.29193290 0.26974337 0.25573950 0.26367075
0.28675042 0.31851666 0.27798599 0.34719005 0.26700320 0.28367247 0.29193290 0.26974337 0.25573950 0.26367075
0.28675042 0.31851666 0.27798599 0.34719005 0.26700320 0.28367247 0.29193290 0.26974337 0.25573950 0.26367075
0.28675042 0.31851666 0.27798599 0.34719005 0.26700320 0.28367247 0.29193290 0.26974337 0.25573950 0.26367075
0.28675042 0.31851666 0.27798599 0.34719005 0.26700320 0.28367247 0.29193290 0.26974337 0.25573950 0.26367075
0.28675042 0.31851666 0.27798599 0.34719005 0.26700320 0.28367247 0.29193290 0.26974337 0.25573950 0.26367075
0.28675042 0.31851666 0.27798599 0.34719005 0.26700320 0.28367247 0.29193290 0.26974337 0.25573950 0.26367075
0.28675042 0.31851666 0.27798599 0.34719005 0.26700320 0.28367247 0.29193290 0.26974337 0.25573950 0.26367075
0.28675042 0.31851666 0.27798599 0.34719005 0.26700320 0.28367247 0.29193290 0.26974337 0.25573950 0.26367075
0.28675042 0.31851666 0.27798599 0.34719005 0.26700320 0.28367247 0.29193290 0.26974337 0.25573950 0.26367075
0.28675042 0.31851666 0.27798599 0.34719005 0.26700320 0.28367247 0.29193290 0.26974337 0.25573950 0.26367075
0.28675042 0.31851666 0.27798599 0.34719005 0.26700320 0.28367247 0.29193290 0.26974337 0.25573950 0.26367075
0.28675042 0.31851666 0.27798599 0.34719005 0.26700320 0.28367247 0.29193290 0.26974337 0.25573950 0.26367075
0.28675042 0.31851666 0.27798599 0.34719005 0.26700320 0.28367247 0.29193290 0.26974337 0.25573950 0.26367075
0.28675042 0.31851666 0.27798599 0.34719005 0.26700320 0.28367247 0.29193290 0.26974337 0.25573950 0.26367075
0.28675042 0.31851666 0.27798599 0.34719005 0.26700320 0.28367247 0.29193290 0.26974337 0.25573950 0.26367075
0.28675042 0.31851666 0.27798599 0.34719005 0.26700320 0.28367247 0.29193290 0.26974337 0.25573950 0.26367075
0.28675042 0.31851666 0.27798599 0.34719005 0.26700320 0.28367247 0.29193290 0.26974337 0.25573950 0.26367075
0.28675042 0.31851666 0.27798599 0.34719005 0.26700320 0.28367247 0.29193290 0.26974337 0.25573950 0.26367075
0.28675042 0.31851666 0.27798599 0.34719005 0.26700320 0.28367247 0.29193290 0.26974337 0.25573950 0.26367075
0.28675042 0.31851666 0.27798599 0.34719005 0.26700320 0.28367247 0.29193290 0.26974337 0.25573950 0.26367075
0.28675042 0.31851666 0.27798599 0.34719005 0.26700320 0.28367247 0.29193290 0.26974337 0.25573950 0.26367075
0.29073182 0.32704938 0.27896370 0.34412515 0.26661279 0.28275017 0.29115315 0.27209038 0.25796773 0.26269699
0.29073182 0.32704938 0.27896370 0.34412515 0.26661279 0.28275017 0.29115315 0.27209038 0.25796773 0.26269699
0.29073182 0.32704938 0.27896370 0.34412515 0.26661279 0.28275017 0.29115315 0.27209038 0.25796773 0.26269699
0.29073182 0.32704938 0.27896370 0.34412515 0.26661279 0.28275017 0.29115315 0.27209038 0.25796773 0.26269699
0.29210381 0.33032495 0.27803355 0.33997867 0.26368940 0.28042682 0.28879203 0.27082779 0.25835579 0.26510864
0.29210381 0.33032495 0.27803355 0.33997867 0.26368940 0.28042682 0.28879203 0.27082779 0.25835579 0.26510864
0.29210381 0.33032495 0.27803355 0.33997867 0.26368940 0.28042682 0.28879203 0.27082779 0.25835579 0.26510864
0.29210381 0.33032495 0.27803355 0.33997867 0.26368940 0.28042682 0.28879203 0.27082779 0.25835579 0.26510864
0.29210381 0.33032495 0.27803355 0.33997867 0.26368940 0.28042682 0.28879203 0.27082779 0.25835579 0.26510864
0.29210381 0.33032495 0.27803355 0.33997867 0.26368940 0.28042682 0.28879203 0.27082779 0.25835579 0.26510864
0.29210381 0.33032495 0.27803355 0.33997867 0.26368940 0.28042682 0.28879203 0.27082779 0.25835579 0.26510864
0.29210381 0.33032495 0.27803355 0.33997867 0.26368940 0.28042682 0.28879203 0.27082779 0.25835579 0.26510864
0.29210381 0.33032495 0.27803355 0.33997867 0.26368940 0.28042682 0.28879203 0.27082779 0.25835579 0.26510864
0.29210381 0.33032495 0.27803355 0.33997867 0.26368940 0.28042682 0.28879203 0.27082779 0.25835579 0.26510864
0.29210381 0.33032495 0.27803355 0.33997867 0.26368940 0.28042682 0.28879203 0.27082779 0.25835579 0.26510864
0.29210381 0.33032495 0.27803355 0.33997867 0.26368940 0.28042682 0.28879203 0.27082779 0.25835579 0.26510864
0.29210381 0.33032495 0.27803355 0.33997867 0.26368940 0.28042682 0.28879203 0.27082779 0.25835579 0.26510864
0.29210381 0.33032495 0.27803355 0.33997867 0.26368940 0.28042682 0.28879203 0.27082779 0.25835579 0.26510864
0.29210381 0.33032495 0.27803355 0.33997867 0.26368940 0.28042682 0.28879203 0.27082779 0.25835579 0.26510864
0.29210381 0.33032495 0.27803355 0.33997867 0.26368940 0.28042682 0.28879203 0.27082779 0.25835579 0.26510864
0.29210381 0.33032495 0.27803355 0.33997867 0.26368940 0.28042682 0.28879203 0.27082779 0.25835579 0.26510864
0.29210381 0.33032495 0.27803355 0.33997867 0.26368940 0.28042682 0.28879203 0.27082779 0.25835579 0.26510864
0.29210381 0.33032495 0.27803355 0.33997867 0.26368940 0.28042682 0.28879203 0.27082779 0.25835579 0.26510864
0.29210381 0.33032495 0.27803355 0.33997867 0.26368940 0.28042682 0.28879203 0.27082779 0.25835579 0.26510864
0.29210381 0.33032495 0.27803355 0.33997867 0.26368940 0.28042682 0.28879203 0.27082779 0.25835579 0.26510864
0.29210381 0.33032495 0.27803355 0.33997867 0.26368940 0.28042682 0.28879203 0.27082779 0.25835579 0.26510864
0.29210381 0.33032495 0.27803355 0.33997867 0.26368940 0.28042682 0.28879203 0.27082779 0.25835579 0.26510864
0.29210381 0.33032495 0.27803355 0.33997867 0.26368940 0.28042682 0.28879203 0.27082779 0.25835579 0.26510864
0.29210381 0.33032495 0.27803355 0.33997867 0.26368940 0.28042682 0.28879203 0.27082779 0.25835579 0.26510864
0.29210381 0.33032495 0.27803355 0.33997867 0.26368940 0.28042682 0.28879203 0.27082779 0.25835579 0.26510864
0.29210381 0.33032495 0.27803355 0.33997867 0.26368940 0.28042682 0.28879203 0.27082779 0.25835579 0.26510864
0.29210381 0.33032495 0.27803355 0.33997867 0.26368940 0.28042682 0.28879203 0.27082779 0.25835579 0.26510864
0.29210381 0.33032495 0.27803355 0.33997867 0.26368940 0.28042682 0.28879203 0.27082779 0.25835579 0.26510864
0.29210381 0.33032495 0.27803355 0.33997867 0.26368940 0.28042682 0.28879203 0.27082779 0.25835579 0.26510864
0.29210381 0.33032495 0.27803355 0.33997867 0.26368940 0.28042682 0.28879203 0.27082779 0.25835579 0.26510864
0.29210381 0.33032495 0.27803355 0.33997867 0.26368940 0.28042682 0.28879203 0.27082779 0.25835579 0.26510864
0.29210381 0.33032495 0.27803355 0.33997867 0.26368940 0.28042682 0.28879203 0.27082779 0.25835579 0.26510864
0.29210381 0.33032495 0.27803355 0.33997867 0.26368940 0.28042682 0.28879203 0.27082779 0.25835579 0.26510864
0.29210381 0.33032495 0.27803355 0.33997867 0.26368940 0.28042682 0.28879203 0.27082779 0.25835579 0.26510864
0.29210381 0.33032495 0.27803355 0.33997867 0.26368940 0.28042682 0.28879203 0.27082779 0.25835579 0.26510864
0.29210381 0.33032495 0.27803355 0.33997867 0.26368940 0.28042682 0.28879203 0.27082779 0.25835579 0.26510864
0.29210381 0.33032495 0.27803355 0.33997867 0.26368940 0.28042682 0.28879203 0.27082779 0.25835579 0.26510864
0.29210381 0.33032495 0.27803355 0.33997867 0.26368940 0.28042682 0.28879203 0.27082779 0.25835579 0.26510864
0.29210381 0.33032495 0.27803355 0.33997867 0.26368940 0.28042682 0.28879203 0.27082779 0.25835579 0.26510864
0.29210381 0.33032495 0.27803355 0.33997867 0.26368940 0.28042682 0.28879203 0.27082779 0.25835579 0.26510864
0.29210381 0.33032495 0.27803355 0.33997867 0.26368940 0.28042682 0.28879203 0.27082779 0.25835579 0.26510864
0.29210381 0.33032495 0.27803355 0.33997867 0.26368940 0.28042682 0.28879203 0.27082779 0.25835579 0.26510864
0.29210381 0.33032495 0.27803355 0.33997867 0.26368940 0.28042682 0.28879203 0.27082779 0.25835579 0.26510864
0.29210381 0.33032495 0.27803355 0.33997867 0.26368940 0.28042682 0.28879203 0.27082779 0.25835579 0.26510864
0.29210381 0.33032495 0.27803355 0.33997867 0.26368940 0.28042682 0.28879203 0.27082779 0.25835579 0.26510864
0.29210381 0.33032495 0.27803355 0.33997867 0.26368940 0.28042682 0.28879203 0.27082779 0.25835579 0.26510864
0.29210381 0.33032495 0.27803355 0.33997867 0.26368940 0.28042682 0.28879203 0.27082779 0.25835579 0.26510864
0.29210381 0.33032495 0.27803355 0.33997867 0.26368940 0.28042682 0.28879203 0.27082779 0.25835579 0.26510864
0.29210381 0.33032495 0.27803355 0.33997867 0.26368940 0.28042682 0.28879203 0.27082779 0.25835579 0.26510864
0.29210381 0.33032495 0.27803355 0.33997867 0.26368940 0.28042682 0.28879203 0.27082779 0.25835579 0.26510864
0.29210381 0.33032495 0.27803355 0.33997867 0.26368940 0.28042682 0.28879203 0.27082779 0.25835579 0.26510864
0.29210381 0.33032495 0.27803355 0.33997867 0.26368940 0.28042682 0.28879203 0.27082779 0.25835579 0.26510864
0.29210381 0.33032495 0.27803355 0.33997867 0.26368940 0.28042682 0.28879203 0.27082779 0.25835579 0.26510864
0.29210381 0.33032495 0.27803355 0.33997867 0.26368940 0.28042682 0.28879203 0.27082779 0.25835579 0.26510864
0.29210381 0.33032495 0.27803355 0.33997867 0.26368940 0.28042682 0.28879203 0.27082779 0.25835579 0.26510864
0.28485200 0.33317870 0.27802524 0.32934531 0.26372964 0.28224117 0.29220609 0.26883706 0.25877575 0.26267606
0.28485200 0.33317870 0.27802524 0.32934531 0.26372964 0.28224117 0.29220609 0.26883706 0.25877575 0.26267606
0.28485200 0.33317870 0.27802524 0.32934531 0.26372964 0.28224117 0.29220609 0.26883706 0.25877575 0.26267606
0.28485200 0.33317870 0.27802524 0.32934531 0.26372964 0.28224117 0.29220609 0.26883706 0.25877575 0.26267606
0.28485200 0.33317870 0.27802524 0.32934531 0.26372964 0.28224117 0.29220609 0.26883706 0.25877575 0.26267606
0.28485200 0.33317870 0.27802524 0.32934531 0.26372964 0.28224117 0.29220609 0.26883706 0.25877575 0.26267606
0.28485200 0.33317870 0.27802524 0.32934531 0.26372964 0.28224117 0.29220609 0.26883706 0.25877575 0.26267606
0.28014687 0.32769066 0.27761645 0.32391149 0.26374056 0.28380133 0.28959543 0.26967232 0.26019845 0.25870776
0.28014687 0.32769066 0.27761645 0.32391149 0.26374056 0.28380133 0.28959543 0.26967232 0.26019845 0.25870776
0.28014687 0.32769066 0.27761645 0.32391149 0.26374056 0.28380133 0.28959543 0.26967232 0.26019845 0.25870776
0.27717521 0.33302487 0.27073902 0.32268877 0.26198233 0.28481709 0.29000366 0.27084818 0.25875934 0.25806885
0.27717521 0.33302487 0.27073902 0.32268877 0.26198233 0.28481709 0.29000366 0.27084818 0.25875934 0.25806885
0.27717521 0.33302487 0.27073902 0.32268877 0.26198233 0.28481709 0.29000366 0.27084818 0.25875934 0.25806885
0.27717521 0.33302487 0.27073902 0.32268877 0.26198233 0.28481709 0.29000366 0.27084818 0.25875934 0.25806885
0.27717521 0.33302487 0.27073902 0.32268877 0.26198233 0.28481709 0.29000366 0.27084818 0.25875934 0.25806885
0.27717521 0.33302487 0.27073902 0.32268877 0.26198233 0.28481709 0.29000366 0.27084818 0.25875934 0.25806885
0.27587885 0.34855417 0.26927520 0.32295152 0.26231627 0.28943514 0.28864327 0.26946855 0.25795850 0.25893234
0.27587885 0.34855417 0.26927520 0.32295152 0.26231627 0.28943514 0.28864327 0.26946855 0.25795850 0.25893234
0.27587885 0.34855417 0.26927520 0.32295152 0.26231627 0.28943514 0.28864327 0.26946855 0.25795850 0.25893234
0.27587885 0.34855417 0.26927520 0.32295152 0.26231627 0.28943514 0.28864327 0.26946855 0.25795850 0.25893234
0.27587885 0.34855417 0.26927520 0.32295152 0.26231627 0.28943514 0.28864327 0.26946855 0.25795850 0.25893234
0.27587885 0.34855417 0.26927520 0.32295152 0.26231627 0.28943514 0.28864327 0.26946855 0.25795850 0.25893234
0.27587885 0.34855417 0.26927520 0.32295152 0.26231627 0.28943514 0.28864327 0.26946855 0.25795850 0.25893234
0.27587885 0.34855417 0.26927520 0.32295152 0.26231627 0.28943514 0.28864327 0.26946855 0.25795850 0.25893234
0.27587885 0.34855417 0.26927520 0.32295152 0.26231627 0.28943514 0.28864327 0.26946855 0.25795850 0.25893234
0.27587885 0.34855417 0.26927520 0.32295152 0.26231627 0.28943514 0.28864327 0.26946855 0.25795850 0.25893234
0.27587885 0.34855417 0.26927520 0.32295152 0.26231627 0.28943514 0.28864327 0.26946855 0.25795850 0.25893234
0.27587885 0.34855417 0.26927520 0.32295152 0.26231627 0.28943514 0.28864327 0.26946855 0.25795850 0.25893234
0.27587885 0.34855417 0.26927520 0.32295152 0.26231627 0.28943514 0.28864327 0.26946855 0.25795850 0.25893234
0.27587885 0.34855417 0.26927520 0.32295152 0.26231627 0.28943514 0.28864327 0.26946855 0.25795850 0.25893234
0.27587885 0.34855417 0.26927520 0.32295152 0.26231627 0.28943514 0.28864327 0.26946855 0.25795850 0.25893234
0.27587885 0.34855417 0.26927520 0.32295152 0.26231627 0.28943514 0.28864327 0.26946855 0.25795850 0.25893234
0.27281116 0.34927839 0.26955799 0.32102273 0.26195247 0.28692329 0.28040204 0.27101524 0.25931704 0.26049841
0.27281116 0.34927839 0.26955799 0.32102273 0.26195247 0.28692329 0.28040204 0.27101524 0.25931704 0.26049841
0.27281116 0.34927839 0.26955799 0.32102273 0.26195247 0.28692329 0.28040204 0.27101524 0.25931704 0.26049841
0.27281116 0.34927839 0.26955799 0.32102273 0.26195247 0.28692329 0.28040204 0.27101524 0.25931704 0.26049841
0.27281116 0.34927839 0.26955799 0.32102273 0.26195247 0.28692329 0.28040204 0.27101524 0.25931704 0.26049841
0.27281116 0.34927839 0.26955799 0.32102273 0.26195247 0.28692329 0.28040204 0.27101524 0.25931704 0.26049841
0.27281116 0.34927839 0.26955799 0.32102273 0.26195247 0.28692329 0.28040204 0.27101524 0.25931704 0.26049841
0.27281116 0.34927839 0.26955799 0.32102273 0.26195247 0.28692329 0.28040204 0.27101524 0.25931704 0.26049841
0.27281116 0.34927839 0.26955799 0.32102273 0.26195247 0.28692329 0.28040204 0.27101524 0.25931704 0.26049841
0.27281116 0.34927839 0.26955799 0.32102273 0.26195247 0.28692329 0.28040204 0.27101524 0.25931704 0.26049841
0.27281116 0.34927839 0.26955799 0.32102273 0.26195247 0.28692329 0.28040204 0.27101524 0.25931704 0.26049841
0.27281116 0.34927839 0.26955799 0.32102273 0.26195247 0.28692329 0.28040204 0.27101524 0.25931704 0.26049841
0.27281116 0.34927839 0.26955799 0.32102273 0.26195247 0.28692329 0.28040204 0.27101524 0.25931704 0.26049841
0.27281116 0.34927839 0.26955799 0.32102273 0.26195247 0.28692329 0.28040204 0.27101524 0.25931704 0.26049841
0.27281116 0.34927839 0.26955799 0.32102273 0.26195247 0.28692329 0.28040204 0.27101524 0.25931704 0.26049841
0.27281116 0.34927839 0.26955799 0.32102273 0.26195247 0.28692329 0.28040204 0.27101524 0.25931704 0.26049841
0.27281116 0.34927839 0.26955799 0.32102273 0.26195247 0.28692329 0.28040204 0.27101524 0.25931704 0.26049841
0.27152345 0.34674208 0.26576719 0.32261576 0.26250259 0.29571248 0.27666527 0.27289977 0.25842238 0.25935031
0.27152345 0.34674208 0.26576719 0.32261576 0.26250259 0.29571248 0.27666527 0.27289977 0.25842238 0.25935031
0.27152345 0.34674208 0.26576719 0.32261576 0.26250259 0.29571248 0.27666527 0.27289977 0.25842238 0.25935031
0.27152345 0.34674208 0.26576719 0.32261576 0.26250259 0.29571248 0.27666527 0.27289977 0.25842238 0.25935031
0.27152345 0.34674208 0.26576719 0.32261576 0.26250259 0.29571248 0.27666527 0.27289977 0.25842238 0.25935031
0.27152345 0.34674208 0.26576719 0.32261576 0.26250259 0.29571248 0.27666527 0.27289977 0.25842238 0.25935031
0.27152345 0.34674208 0.26576719 0.32261576 0.26250259 0.29571248 0.27666527 0.27289977 0.25842238 0.25935031
0.27228948 0.34499477 0.26332796 0.32208081 0.26197393 0.29416293 0.27974968 0.27065886 0.25733743 0.26245667
0.27228948 0.34499477 0.26332796 0.32208081 0.26197393 0.29416293 0.27974968 0.27065886 0.25733743 0.26245667
0.27228948 0.34499477 0.26332796 0.32208081 0.26197393 0.29416293 0.27974968 0.27065886 0.25733743 0.26245667
0.27228948 0.34499477 0.26332796 0.32208081 0.26197393 0.29416293 0.27974968 0.27065886 0.25733743 0.26245667
0.27228948 0.34499477 0.26332796 0.32208081 0.26197393 0.29416293 0.27974968 0.27065886 0.25733743 0.26245667
0.27228948 0.34499477 0.26332796 0.32208081 0.26197393 0.29416293 0.27974968 0.27065886 0.25733743 0.26245667
0.27228948 0.34499477 0.26332796 0.32208081 0.26197393 0.29416293 0.27974968 0.27065886 0.25733743 0.26245667
0.27228948 0.34499477 0.26332796 0.32208081 0.26197393 0.29416293 0.27974968 0.27065886 0.25733743 0.26245667
0.27228948 0.34499477 0.26332796 0.32208081 0.26197393 0.29416293 0.27974968 0.27065886 0.25733743 0.26245667
0.27228948 0.34499477 0.26332796 0.32208081 0.26197393 0.29416293 0.27974968 0.27065886 0.25733743 0.26245667
0.27228948 0.34499477 0.26332796 0.32208081 0.26197393 0.29416293 0.27974968 0.27065886 0.25733743 0.26245667
0.27228948 0.34499477 0.26332796 0.32208081 0.26197393 0.29416293 0.27974968 0.27065886 0.25733743 0.26245667
0.27228948 0.34499477 0.26332796 0.32208081 0.26197393 0.29416293 0.27974968 0.27065886 0.25733743 0.26245667
0.27228948 0.34499477 0.26332796 0.32208081 0.26197393 0.29416293 0.27974968 0.27065886 0.25733743 0.26245667
0.27228948 0.34499477 0.26332796 0.32208081 0.26197393 0.29416293 0.27974968 0.27065886 0.25733743 0.26245667
0.27228948 0.34499477 0.26332796 0.32208081 0.26197393 0.29416293 0.27974968 0.27065886 0.25733743 0.26245667
0.27228948 0.34499477 0.26332796 0.32208081 0.26197393 0.29416293 0.27974968 0.27065886 0.25733743 0.26245667
0.27228948 0.34499477 0.26332796 0.32208081 0.26197393 0.29416293 0.27974968 0.27065886 0.25733743 0.26245667
0.27228948 0.34499477 0.26332796 0.32208081 0.26197393 0.29416293 0.27974968 0.27065886 0.25733743 0.26245667
0.27228948 0.34499477 0.26332796 0.32208081 0.26197393 0.29416293 0.27974968 0.27065886 0.25733743 0.26245667
0.27228948 0.34499477 0.26332796 0.32208081 0.26197393 0.29416293 0.27974968 0.27065886 0.25733743 0.26245667
0.27228948 0.34499477 0.26332796 0.32208081 0.26197393 0.29416293 0.27974968 0.27065886 0.25733743 0.26245667
0.27228948 0.34499477 0.26332796 0.32208081 0.26197393 0.29416293 0.27974968 0.27065886 0.25733743 0.26245667
0.27228948 0.34499477 0.26332796 0.32208081 0.26197393 0.29416293 0.27974968 0.27065886 0.25733743 0.26245667
0.27228948 0.34499477 0.26332796 0.32208081 0.26197393 0.29416293 0.27974968 0.27065886 0.25733743 0.26245667
0.27228948 0.34499477 0.26332796 0.32208081 0.26197393 0.29416293 0.27974968 0.27065886 0.25733743 0.26245667
0.27228948 0.34499477 0.26332796 0.32208081 0.26197393 0.29416293 0.27974968 0.27065886 0.25733743 0.26245667
0.27307381 0.35743163 0.26598963 0.32257970 0.26177724 0.30405160 0.27826775 0.27060810 0.25612164 0.26517173
0.27307381 0.35743163 0.26598963 0.32257970 0.26177724 0.30405160 0.27826775 0.27060810 0.25612164 0.26517173
0.27307381 0.35743163 0.26598963 0.32257970 0.26177724 0.30405160 0.27826775 0.27060810 0.25612164 0.26517173
0.27307381 0.35743163 0.26598963 0.32257970 0.26177724 0.30405160 0.27826775 0.27060810 0.25612164 0.26517173
0.27307381 0.35743163 0.26598963 0.32257970 0.26177724 0.30405160 0.27826775 0.27060810 0.25612164 0.26517173
0.27307381 0.35743163 0.26598963 0.32257970 0.26177724 0.30405160 0.27826775 0.27060810 0.25612164 0.26517173
0.27307381 0.35743163 0.26598963 0.32257970 0.26177724 0.30405160 0.27826775 0.27060810 0.25612164 0.26517173
0.27307381 0.35743163 0.26598963 0.32257970 0.26177724 0.30405160 0.27826775 0.27060810 0.25612164 0.26517173
0.27307381 0.35743163 0.26598963 0.32257970 0.26177724 0.30405160 0.27826775 0.27060810 0.25612164 0.26517173
0.27307381 0.35743163 0.26598963 0.32257970 0.26177724 0.30405160 0.27826775 0.27060810 0.25612164 0.26517173
0.27307381 0.35743163 0.26598963 0.32257970 0.26177724 0.30405160 0.27826775 0.27060810 0.25612164 0.26517173
0.27307381 0.35743163 0.26598963 0.32257970 0.26177724 0.30405160 0.27826775 0.27060810 0.25612164 0.26517173
0.27307381 0.35743163 0.26598963 0.32257970 0.26177724 0.30405160 0.27826775 0.27060810 0.25612164 0.26517173
0.27307381 0.35743163 0.26598963 0.32257970 0.26177724 0.30405160 0.27826775 0.27060810 0.25612164 0.26517173
0.27307381 0.35743163 0.26598963 0.32257970 0.26177724 0.30405160 0.27826775 0.27060810 0.25612164 0.26517173
0.27307381 0.35743163 0.26598963 0.32257970 0.26177724 0.30405160 0.27826775 0.27060810 0.25612164 0.26517173
0.27307381 0.35743163 0.26598963 0.32257970 0.26177724 0.30405160 0.27826775 0.27060810 0.25612164 0.26517173
0.27307381 0.35743163 0.26598963 0.32257970 0.26177724 0.30405160 0.27826775 0.27060810 0.25612164 0.26517173
0.27307381 0.35743163 0.26598963 0.32257970 0.26177724 0.30405160 0.27826775 0.27060810 0.25612164 0.26517173
0.27307381 0.35743163 0.26598963 0.32257970 0.26177724 0.30405160 0.27826775 0.27060810 0.25612164 0.26517173
0.27307381 0.35743163 0.26598963 0.32257970 0.26177724 0.30405160 0.27826775 0.27060810 0.25612164 0.26517173
0.27307381 0.35743163 0.26598963 0.32257970 0.26177724 0.30405160 0.27826775 0.27060810 0.25612164 0.26517173
0.27307381 0.35743163 0.26598963 0.32257970 0.26177724 0.30405160 0.27826775 0.27060810 0.25612164 0.26517173
0.27307381 0.35743163 0.26598963 0.32257970 0.26177724 0.30405160 0.27826775 0.27060810 0.25612164 0.26517173
0.27307381 0.35743163 0.26598963 0.32257970 0.26177724 0.30405160 0.27826775 0.27060810 0.25612164 0.26517173
0.27307381 0.35743163 0.26598963 0.32257970 0.26177724 0.30405160 0.27826775 0.27060810 0.25612164 0.26517173
0.27307381 0.35743163 0.26598963 0.32257970 0.26177724 0.30405160 0.27826775 0.27060810 0.25612164 0.26517173
0.27307381 0.35743163 0.26598963 0.32257970 0.26177724 0.30405160 0.27826775 0.27060810 0.25612164 0.26517173
0.27307381 0.35743163 0.26598963 0.32257970 0.26177724 0.30405160 0.27826775 0.27060810 0.25612164 0.26517173
0.27307381 0.35743163 0.26598963 0.32257970 0.26177724 0.30405160 0.27826775 0.27060810 0.25612164 0.26517173
0.27307381 0.35743163 0.26598963 0.32257970 0.26177724 0.30405160 0.27826775 0.27060810 0.25612164 0.26517173
0.27307381 0.35743163 0.26598963 0.32257970 0.26177724 0.30405160 0.27826775 0.27060810 0.25612164 0.26517173
0.27307381 0.35743163 0.26598963 0.32257970 0.26177724 0.30405160 0.27826775 0.27060810 0.25612164 0.26517173
0.27307381 0.35743163 0.26598963 0.32257970 0.26177724 0.30405160 0.27826775 0.27060810 0.25612164 0.26517173
0.27307381 0.35743163 0.26598963 0.32257970 0.26177724 0.30405160 0.27826775 0.27060810 0.25612164 0.26517173
0.27307381 0.35743163 0.26598963 0.32257970 0.26177724 0.30405160 0.27826775 0.27060810 0.25612164 0.26517173
0.27307381 0.35743163 0.26598963 0.32257970 0.26177724 0.30405160 0.27826775 0.27060810 0.25612164 0.26517173
0.27307381 0.35743163 0.26598963 0.32257970 0.26177724 0.30405160 0.27826775 0.27060810 0.25612164 0.26517173
0.27307381 0.35743163 0.26598963 0.32257970 0.26177724 0.30405160 0.27826775 0.27060810 0.25612164 0.26517173
