0.00000000 0.00000000 0.00000000 0.00000000 0.00000000 0.00000000 0.00000000 0.00000000 0.00000000 0.00000000
0.00000000 0.00000000 0.00000000 0.00000000 0.00000000 0.00000000 0.00000000 0.00000000 0.00000000 0.00000000
0.28524608 0.25889144 0.27304043 0.29680079 0.28919136 0.31331144 0.28592750 0.27501885 0.27598166 0.29459732
0.28524608 0.25889144 0.27304043 0.29680079 0.28919136 0.31331144 0.28592750 0.27501885 0.27598166 0.29459732
0.28524608 0.25889144 0.27304043 0.29680079 0.28919136 0.31331144 0.28592750 0.27501885 0.27598166 0.29459732
0.28524608 0.25889144 0.27304043 0.29680079 0.28919136 0.31331144 0.28592750 0.27501885 0.27598166 0.29459732
0.28524608 0.25889144 0.27304043 0.29680079 0.28919136 0.31331144 0.28592750 0.27501885 0.27598166 0.29459732
0.28524608 0.25889144 0.27304043 0.29680079 0.28919136 0.31331144 0.28592750 0.27501885 0.27598166 0.29459732
0.28524608 0.25889144 0.27304043 0.29680079 0.28919136 0.31331144 0.28592750 0.27501885 0.27598166 0.29459732
0.28524608 0.25889144 0.27304043 0.29680079 0.28919136 0.31331144 0.28592750 0.27501885 0.27598166 0.29459732
0.28524608 0.25889144 0.27304043 0.29680079 0.28919136 0.31331144 0.28592750 0.27501885 0.27598166 0.29459732
0.28524608 0.25889144 0.27304043 0.29680079 0.28919136 0.31331144 0.28592750 0.27501885 0.27598166 0.29459732
0.28524608 0.25889144 0.27304043 0.29680079 0.28919136 0.31331144 0.28592750 0.27501885 0.27598166 0.29459732
0.28524608 0.25889144 0.27304043 0.29680079 0.28919136 0.31331144 0.28592750 0.27501885 0.27598166 0.29459732
0.28524608 0.25889144 0.27304043 0.29680079 0.28919136 0.31331144 0.28592750 0.27501885 0.27598166 0.29459732
0.28524608 0.25889144 0.27304043 0.29680079 0.28919136 0.31331144 0.28592750 0.27501885 0.27598166 0.29459732
0.28524608 0.25889144 0.27304043 0.29680079 0.28919136 0.31331144 0.28592750 0.27501885 0.27598166 0.29459732
0.28524608 0.25889144 0.27304043 0.29680079 0.28919136 0.31331144 0.28592750 0.27501885 0.27598166 0.29459732
0.28524608 0.25889144 0.27304043 0.29680079 0.28919136 0.31331144 0.28592750 0.27501885 0.27598166 0.29459732
0.28524608 0.25889144 0.27304043 0.29680079 0.28919136 0.31331144 0.28592750 0.27501885 0.27598166 0.29459732
0.28524608 0.25889144 0.27304043 0.29680079 0.28919136 0.31331144 0.28592750 0.27501885 0.27598166 0.29459732
0.28524608 0.25889144 0.27304043 0.29680079 0.28919136 0.31331144 0.28592750 0.27501885 0.27598166 0.29459732
0.28524608 0.25889144 0.27304043 0.29680079 0.28919136 0.31331144 0.28592750 0.27501885 0.27598166 0.29459732
0.28524608 0.25889144 0.27304043 0.29680079 0.28919136 0.31331144 0.28592750 0.27501885 0.27598166 0.29459732
0.28524608 0.25889144 0.27304043 0.29680079 0.28919136 0.31331144 0.28592750 0.27501885 0.27598166 0.29459732
0.28524608 0.25889144 0.27304043 0.29680079 0.28919136 0.31331144 0.28592750 0.27501885 0.27598166 0.29459732
0.28524608 0.25889144 0.27304043 0.29680079 0.28919136 0.31331144 0.28592750 0.27501885 0.27598166 0.29459732
0.28524608 0.25889144 0.27304043 0.29680079 0.28919136 0.31331144 0.28592750 0.27501885 0.27598166 0.29459732
0.28524608 0.25889144 0.27304043 0.29680079 0.28919136 0.31331144 0.28592750 0.27501885 0.27598166 0.29459732
0.28524608 0.25889144 0.27304043 0.29680079 0.28919136 0.31331144 0.28592750 0.27501885 0.27598166 0.29459732
0.28524608 0.25889144 0.27304043 0.29680079 0.28919136 0.31331144 0.28592750 0.27501885 0.27598166 0.29459732
0.28524608 0.25889144 0.27304043 0.29680079 0.28919136 0.31331144 0.28592750 0.27501885 0.27598166 0.29459732
0.28524608 0.25889144 0.27304043 0.29680079 0.28919136 0.31331144 0.28592750 0.27501885 0.27598166 0.29459732
0.28524608 0.25889144 0.27304043 0.29680079 0.28919136 0.31331144 0.28592750 0.27501885 0.27598166 0.29459732
0.28524608 0.25889144 0.27304043 0.29680079 0.28919136 0.31331144 0.28592750 0.27501885 0.27598166 0.29459732
0.28524608 0.25889144 0.27304043 0.29680079 0.28919136 0.31331144 0.28592750 0.27501885 0.27598166 0.29459732
0.28524608 0.25889144 0.27304043 0.29680079 0.28919136 0.31331144 0.28592750 0.27501885 0.27598166 0.29459732
0.28524608 0.25889144 0.27304043 0.29680079 0.28919136 0.31331144 0.28592750 0.27501885 0.27598166 0.29459732
0.28524608 0.25889144 0.27304043 0.29680079 0.28919136 0.31331144 0.28592750 0.27501885 0.27598166 0.29459732
0.28524608 0.25889144 0.27304043 0.29680079 0.28919136 0.31331144 0.28592750 0.27501885 0.27598166 0.29459732
0.28524608 0.25889144 0.27304043 0.29680079 0.28919136 0.31331144 0.28592750 0.27501885 0.27598166 0.29459732
0.28524608 0.25889144 0.27304043 0.29680079 0.28919136 0.31331144 0.28592750 0.27501885 0.27598166 0.29459732
0.28524608 0.25889144 0.27304043 0.29680079 0.28919136 0.31331144 0.28592750 0.27501885 0.27598166 0.29459732
0.28524608 0.25889144 0.27304043 0.29680079 0.28919136 0.31331144 0.28592750 0.27501885 0.27598166 0.29459732
0.28524608 0.25889144 0.27304043 0.29680079 0.28919136 0.31331144 0.28592750 0.27501885 0.27598166 0.29459732
0.28524608 0.25889144 0.27304043 0.29680079 0.28919136 0.31331144 0.28592750 0.27501885 0.27598166 0.29459732
0.27866276 0.25671804 0.27376631 0.29866429 0.29258210 0.31255885 0.28321572 0.27548353 0.27112057 0.29459758
0.27866276 0.25671804 0.27376631 0.29866429 0.29258210 0.31255885 0.28321572 0.27548353 0.27112057 0.29459758
0.27866276 0.25671804 0.27376631 0.29866429 0.29258210 0.31255885 0.28321572 0.27548353 0.27112057 0.29459758
0.27866276 0.25671804 0.27376631 0.29866429 0.29258210 0.31255885 0.28321572 0.27548353 0.27112057 0.29459758
0.27866276 0.25671804 0.27376631 0.29866429 0.29258210 0.31255885 0.28321572 0.27548353 0.27112057 0.29459758
0.27866276 0.25671804 0.27376631 0.29866429 0.29258210 0.31255885 0.28321572 0.27548353 0.27112057 0.29459758
0.27866276 0.25671804 0.27376631 0.29866429 0.29258210 0.31255885 0.28321572 0.27548353 0.27112057 0.29459758
0.27866276 0.25671804 0.27376631 0.29866429 0.29258210 0.31255885 0.28321572 0.27548353 0.27112057 0.29459758
0.27866276 0.25671804 0.27376631 0.29866429 0.29258210 0.31255885 0.28321572 0.27548353 0.27112057 0.29459758
0.27866276 0.25671804 0.27376631 0.29866429 0.29258210 0.31255885 0.28321572 0.27548353 0.27112057 0.29459758
0.27866276 0.25671804 0.27376631 0.29866429 0.29258210 0.31255885 0.28321572 0.27548353 0.27112057 0.29459758
0.27866276 0.25671804 0.27376631 0.29866429 0.29258210 0.31255885 0.28321572 0.27548353 0.27112057 0.29459758
0.27866276 0.25671804 0.27376631 0.29866429 0.29258210 0.31255885 0.28321572 0.27548353 0.27112057 0.29459758
0.27866276 0.25671804 0.27376631 0.29866429 0.29258210 0.31255885 0.28321572 0.27548353 0.27112057 0.29459758
0.27866276 0.25671804 0.27376631 0.29866429 0.29258210 0.31255885 0.28321572 0.27548353 0.27112057 0.29459758
0.27866276 0.25671804 0.27376631 0.29866429 0.29258210 0.31255885 0.28321572 0.27548353 0.27112057 0.29459758
0.27866276 0.25671804 0.27376631 0.29866429 0.29258210 0.31255885 0.28321572 0.27548353 0.27112057 0.29459758
0.27866276 0.25671804 0.27376631 0.29866429 0.29258210 0.31255885 0.28321572 0.27548353 0.27112057 0.29459758
0.27866276 0.25671804 0.27376631 0.29866429 0.29258210 0.31255885 0.28321572 0.27548353 0.27112057 0.29459758
0.27866276 0.25671804 0.27376631 0.29866429 0.29258210 0.31255885 0.28321572 0.27548353 0.27112057 0.29459758
0.27866276 0.25671804 0.27376631 0.29866429 0.29258210 0.31255885 0.28321572 0.27548353 0.27112057 0.29459758
0.27866276 0.25671804 0.27376631 0.29866429 0.29258210 0.31255885 0.28321572 0.27548353 0.27112057 0.29459758
0.27866276 0.25671804 0.27376631 0.29866429 0.29258210 0.31255885 0.28321572 0.27548353 0.27112057 0.29459758
0.27866276 0.25671804 0.27376631 0.29866429 0.29258210 0.31255885 0.28321572 0.27548353 0.27112057 0.29459758
0.27866276 0.25671804 0.27376631 0.29866429 0.29258210 0.31255885 0.28321572 0.27548353 0.27112057 0.29459758
0.27866276 0.25671804 0.27376631 0.29866429 0.29258210 0.31255885 0.28321572 0.27548353 0.27112057 0.29459758
0.27866276 0.25671804 0.27376631 0.29866429 0.29258210 0.31255885 0.28321572 0.27548353 0.27112057 0.29459758
0.27866276 0.25671804 0.27376631 0.29866429 0.29258210 0.31255885 0.28321572 0.27548353 0.27112057 0.29459758
0.27866276 0.25671804 0.27376631 0.29866429 0.29258210 0.31255885 0.28321572 0.27548353 0.27112057 0.29459758
0.27866276 0.25671804 0.27376631 0.29866429 0.29258210 0.31255885 0.28321572 0.27548353 0.27112057 0.29459758
0.27866276 0.25671804 0.27376631 0.29866429 0.29258210 0.31255885 0.28321572 0.27548353 0.27112057 0.29459758
0.27866276 0.25671804 0.27376631 0.29866429 0.29258210 0.31255885 0.28321572 0.27548353 0.27112057 0.29459758
0.27866276 0.25671804 0.27376631 0.29866429 0.29258210 0.31255885 0.28321572 0.27548353 0.27112057 0.29459758
0.27866276 0.25671804 0.27376631 0.29866429 0.29258210 0.31255885 0.28321572 0.27548353 0.27112057 0.29459758
0.27866276 0.25671804 0.27376631 0.29866429 0.29258210 0.31255885 0.28321572 0.27548353 0.27112057 0.29459758
0.27866276 0.25671804 0.27376631 0.29866429 0.29258210 0.31255885 0.28321572 0.27548353 0.27112057 0.29459758
0.27756566 0.25715448 0.27698061 0.29474808 0.29462980 0.31726188 0.28430386 0.27546662 0.27062112 0.29465932
0.27756566 0.25715448 0.27698061 0.29474808 0.29462980 0.31726188 0.28430386 0.27546662 0.27062112 0.29465932
0.27756566 0.25715448 0.27698061 0.29474808 0.29462980 0.31726188 0.28430386 0.27546662 0.27062112 0.29465932
0.27756566 0.25715448 0.27698061 0.29474808 0.29462980 0.31726188 0.28430386 0.27546662 0.27062112 0.29465932
0.27756566 0.25715448 0.27698061 0.29474808 0.29462980 0.31726188 0.28430386 0.27546662 0.27062112 0.29465932
0.27756566 0.25715448 0.27698061 0.29474808 0.29462980 0.31726188 0.28430386 0.27546662 0.27062112 0.29465932
0.27756566 0.25715448 0.27698061 0.29474808 0.29462980 0.31726188 0.28430386 0.27546662 0.27062112 0.29465932
0.27756566 0.25715448 0.27698061 0.29474808 0.29462980 0.31726188 0.28430386 0.27546662 0.27062112 0.29465932
0.27756566 0.25715448 0.27698061 0.29474808 0.29462980 0.31726188 0.28430386 0.27546662 0.27062112 0.29465932
0.27756566 0.25715448 0.27698061 0.29474808 0.29462980 0.31726188 0.28430386 0.27546662 0.27062112 0.29465932
0.27756566 0.25715448 0.27698061 0.29474808 0.29462980 0.31726188 0.28430386 0.27546662 0.27062112 0.29465932
0.27756566 0.25715448 0.27698061 0.29474808 0.29462980 0.31726188 0.28430386 0.27546662 0.27062112 0.29465932
0.27756566 0.25715448 0.27698061 0.29474808 0.29462980 0.31726188 0.28430386 0.27546662 0.27062112 0.29465932
0.27756566 0.25715448 0.27698061 0.29474808 0.29462980 0.31726188 0.28430386 0.27546662 0.27062112 0.29465932
0.27756566 0.25715448 0.27698061 0.29474808 0.29462980 0.31726188 0.28430386 0.27546662 0.27062112 0.29465932
0.27756566 0.25715448 0.27698061 0.29474808 0.29462980 0.31726188 0.28430386 0.27546662 0.27062112 0.29465932
0.27756566 0.25715448 0.27698061 0.29474808 0.29462980 0.31726188 0.28430386 0.27546662 0.27062112 0.29465932
0.27756566 0.25715448 0.27698061 0.29474808 0.29462980 0.31726188 0.28430386 0.27546662 0.27062112 0.29465932
0.27756566 0.25715448 0.27698061 0.29474808 0.29462980 0.31726188 0.28430386 0.27546662 0.27062112 0.29465932
0.28240047 0.25730351 0.27610757 0.29636733 0.29484491 0.32293273 0.28557782 0.26870135 0.27216357 0.28933148
0.28240047 0.25730351 0.27610757 0.29636733 0.29484491 0.32293273 0.28557782 0.26870135 0.27216357 0.28933148
0.28240047 0.25730351 0.27610757 0.29636733 0.29484491 0.32293273 0.28557782 0.26870135 0.27216357 0.28933148
0.28240047 0.25730351 0.27610757 0.29636733 0.29484491 0.32293273 0.28557782 0.26870135 0.27216357 0.28933148
0.28240047 0.25730351 0.27610757 0.29636733 0.29484491 0.32293273 0.28557782 0.26870135 0.27216357 0.28933148
0.28240047 0.25730351 0.27610757 0.29636733 0.29484491 0.32293273 0.28557782 0.26870135 0.27216357 0.28933148
0.28240047 0.25730351 0.27610757 0.29636733 0.29484491 0.32293273 0.28557782 0.26870135 0.27216357 0.28933148
0.28240047 0.25730351 0.27610757 0.29636733 0.29484491 0.32293273 0.28557782 0.26870135 0.27216357 0.28933148
0.28240047 0.25730351 0.27610757 0.29636733 0.29484491 0.32293273 0.28557782 0.26870135 0.27216357 0.28933148
0.28240047 0.25730351 0.27610757 0.29636733 0.29484491 0.32293273 0.28557782 0.26870135 0.27216357 0.28933148
0.28240047 0.25730351 0.27610757 0.29636733 0.29484491 0.32293273 0.28557782 0.26870135 0.27216357 0.28933148
0.28240047 0.25730351 0.27610757 0.29636733 0.29484491 0.32293273 0.28557782 0.26870135 0.27216357 0.28933148
0.28240047 0.25730351 0.27610757 0.29636733 0.29484491 0.32293273 0.28557782 0.26870135 0.27216357 0.28933148
0.28240047 0.25730351 0.27610757 0.29636733 0.29484491 0.32293273 0.28557782 0.26870135 0.27216357 0.28933148
0.28240047 0.25730351 0.27610757 0.29636733 0.29484491 0.32293273 0.28557782 0.26870135 0.27216357 0.28933148
0.28240047 0.25730351 0.27610757 0.29636733 0.29484491 0.32293273 0.28557782 0.26870135 0.27216357 0.28933148
0.28240047 0.25730351 0.27610757 0.29636733 0.29484491 0.32293273 0.28557782 0.26870135 0.27216357 0.28933148
0.28240047 0.25730351 0.27610757 0.29636733 0.29484491 0.32293273 0.28557782 0.26870135 0.27216357 0.28933148
0.28240047 0.25730351 0.27610757 0.29636733 0.29484491 0.32293273 0.28557782 0.26870135 0.27216357 0.28933148
0.28240047 0.25730351 0.27610757 0.29636733 0.29484491 0.32293273 0.28557782 0.26870135 0.27216357 0.28933148
0.28240047 0.25730351 0.27610757 0.29636733 0.29484491 0.32293273 0.28557782 0.26870135 0.27216357 0.28933148
0.28240047 0.25730351 0.27610757 0.29636733 0.29484491 0.32293273 0.28557782 0.26870135 0.27216357 0.28933148
0.28240047 0.25730351 0.27610757 0.29636733 0.29484491 0.32293273 0.28557782 0.26870135 0.27216357 0.28933148
0.28240047 0.25730351 0.27610757 0.29636733 0.29484491 0.32293273 0.28557782 0.26870135 0.27216357 0.28933148
0.28240047 0.25730351 0.27610757 0.29636733 0.29484491 0.32293273 0.28557782 0.26870135 0.27216357 0.28933148
0.28240047 0.25730351 0.27610757 0.29636733 0.29484491 0.32293273 0.28557782 0.26870135 0.27216357 0.28933148
0.28240047 0.25730351 0.27610757 0.29636733 0.29484491 0.32293273 0.28557782 0.26870135 0.27216357 0.28933148
0.28240047 0.25730351 0.27610757 0.29636733 0.29484491 0.32293273 0.28557782 0.26870135 0.27216357 0.28933148
0.28240047 0.25730351 0.27610757 0.29636733 0.29484491 0.32293273 0.28557782 0.26870135 0.27216357 0.28933148
0.28240047 0.25730351 0.27610757 0.29636733 0.29484491 0.32293273 0.28557782 0.26870135 0.27216357 0.28933148
0.28240047 0.25730351 0.27610757 0.29636733 0.29484491 0.32293273 0.28557782 0.26870135 0.27216357 0.28933148
0.28240047 0.25730351 0.27610757 0.29636733 0.29484491 0.32293273 0.28557782 0.26870135 0.27216357 0.28933148
0.28240047 0.25730351 0.27610757 0.29636733 0.29484491 0.32293273 0.28557782 0.26870135 0.27216357 0.28933148
0.28240047 0.25730351 0.27610757 0.29636733 0.29484491 0.32293273 0.28557782 0.26870135 0.27216357 0.28933148
0.28240047 0.25730351 0.27610757 0.29636733 0.29484491 0.32293273 0.28557782 0.26870135 0.27216357 0.28933148
0.28240047 0.25730351 0.27610757 0.29636733 0.29484491 0.32293273 0.28557782 0.26870135 0.27216357 0.28933148
0.28240047 0.25730351 0.27610757 0.29636733 0.29484491 0.32293273 0.28557782 0.26870135 0.27216357 0.28933148
0.28240047 0.25730351 0.27610757 0.29636733 0.29484491 0.32293273 0.28557782 0.26870135 0.27216357 0.28933148
0.28240047 0.25730351 0.27610757 0.29636733 0.29484491 0.32293273 0.28557782 0.26870135 0.27216357 0.28933148
0.27875057 0.25715605 0.27826953 0.29229477 0.30010301 0.31947280 0.28404294 0.26799029 0.27338755 0.29224861
0.27875057 0.25715605 0.27826953 0.29229477 0.30010301 0.31947280 0.28404294 0.26799029 0.27338755 0.29224861
0.27875057 0.25715605 0.27826953 0.29229477 0.30010301 0.31947280 0.28404294 0.26799029 0.27338755 0.29224861
0.27875057 0.25715605 0.27826953 0.29229477 0.30010301 0.31947280 0.28404294 0.26799029 0.27338755 0.29224861
0.27875057 0.25715605 0.27826953 0.29229477 0.30010301 0.31947280 0.28404294 0.26799029 0.27338755 0.29224861
0.27875057 0.25715605 0.27826953 0.29229477 0.30010301 0.31947280 0.28404294 0.26799029 0.27338755 0.29224861
0.27875057 0.25715605 0.27826953 0.29229477 0.30010301 0.31947280 0.28404294 0.26799029 0.27338755 0.29224861
0.27875057 0.25715605 0.27826953 0.29229477 0.30010301 0.31947280 0.28404294 0.26799029 0.27338755 0.29224861
0.27875057 0.25715605 0.27826953 0.29229477 0.30010301 0.31947280 0.28404294 0.26799029 0.27338755 0.29224861
0.27875057 0.25715605 0.27826953 0.29229477 0.30010301 0.31947280 0.28404294 0.26799029 0.27338755 0.29224861
0.27875057 0.25715605 0.27826953 0.29229477 0.30010301 0.31947280 0.28404294 0.26799029 0.27338755 0.29224861
0.27875057 0.25715605 0.27826953 0.29229477 0.30010301 0.31947280 0.28404294 0.26799029 0.27338755 0.29224861
0.27875057 0.25715605 0.27826953 0.29229477 0.30010301 0.31947280 0.28404294 0.26799029 0.27338755 0.29224861
0.27875057 0.25715605 0.27826953 0.29229477 0.30010301 0.31947280 0.28404294 0.26799029 0.27338755 0.29224861
0.27875057 0.25715605 0.27826953 0.29229477 0.30010301 0.31947280 0.28404294 0.26799029 0.27338755 0.29224861
0.27875057 0.25715605 0.27826953 0.29229477 0.30010301 0.31947280 0.28404294 0.26799029 0.27338755 0.29224861
0.27875057 0.25715605 0.27826953 0.29229477 0.30010301 0.31947280 0.28404294 0.26799029 0.27338755 0.29224861
0.27875057 0.25715605 0.27826953 0.29229477 0.30010301 0.31947280 0.28404294 0.26799029 0.27338755 0.29224861
0.27875057 0.25715605 0.27826953 0.29229477 0.30010301 0.31947280 0.28404294 0.26799029 0.27338755 0.29224861
0.27875057 0.25715605 0.27826953 0.29229477 0.30010301 0.31947280 0.28404294 0.26799029 0.27338755 0.29224861
0.27875057 0.25715605 0.27826953 0.29229477 0.30010301 0.31947280 0.28404294 0.26799029 0.27338755 0.29224861
0.27875057 0.25715605 0.27826953 0.29229477 0.30010301 0.31947280 0.28404294 0.26799029 0.27338755 0.29224861
0.27875057 0.25715605 0.27826953 0.29229477 0.30010301 0.31947280 0.28404294 0.26799029 0.27338755 0.29224861
0.27875057 0.25715605 0.27826953 0.29229477 0.30010301 0.31947280 0.28404294 0.26799029 0.27338755 0.29224861
0.27875057 0.25715605 0.27826953 0.29229477 0.30010301 0.31947280 0.28404294 0.26799029 0.27338755 0.29224861
0.27875057 0.25715605 0.27826953 0.29229477 0.30010301 0.31947280 0.28404294 0.26799029 0.27338755 0.29224861
0.27875057 0.25715605 0.27826953 0.29229477 0.30010301 0.31947280 0.28404294 0.26799029 0.27338755 0.29224861
0.28061105 0.25683625 0.27731227 0.29391352 0.30377663 0.31777840 0.28424138 0.26540759 0.27554626 0.29377473
0.28061105 0.25683625 0.27731227 0.29391352 0.30377663 0.31777840 0.28424138 0.26540759 0.27554626 0.29377473
0.28061105 0.25683625 0.27731227 0.29391352 0.30377663 0.31777840 0.28424138 0.26540759 0.27554626 0.29377473
0.28061105 0.25683625 0.27731227 0.29391352 0.30377663 0.31777840 0.28424138 0.26540759 0.27554626 0.29377473
0.28061105 0.25683625 0.27731227 0.29391352 0.30377663 0.31777840 0.28424138 0.26540759 0.27554626 0.29377473
0.28061105 0.25683625 0.27731227 0.29391352 0.30377663 0.31777840 0.28424138 0.26540759 0.27554626 0.29377473
0.28061105 0.25683625 0.27731227 0.29391352 0.30377663 0.31777840 0.28424138 0.26540759 0.27554626 0.29377473
0.28061105 0.25683625 0.27731227 0.29391352 0.30377663 0.31777840 0.28424138 0.26540759 0.27554626 0.29377473
0.28061105 0.25683625 0.27731227 0.29391352 0.30377663 0.31777840 0.28424138 0.26540759 0.27554626 0.29377473
0.28061105 0.25683625 0.27731227 0.29391352 0.30377663 0.31777840 0.28424138 0.26540759 0.27554626 0.29377473
0.28061105 0.25683625 0.27731227 0.29391352 0.30377663 0.31777840 0.28424138 0.26540759 0.27554626 0.29377473
0.28061105 0.25683625 0.27731227 0.29391352 0.30377663 0.31777840 0.28424138 0.26540759 0.27554626 0.29377473
0.28061105 0.25683625 0.27731227 0.29391352 0.30377663 0.31777840 0.28424138 0.26540759 0.27554626 0.29377473
0.28061105 0.25683625 0.27731227 0.29391352 0.30377663 0.31777840 0.28424138 0.26540759 0.27554626 0.29377473
0.28061105 0.25683625 0.27731227 0.29391352 0.30377663 0.31777840 0.28424138 0.26540759 0.27554626 0.29377473
0.28061105 0.25683625 0.27731227 0.29391352 0.30377663 0.31777840 0.28424138 0.26540759 0.27554626 0.29377473
0.27854508 0.25876899 0.27873030 0.28852466 0.29160318 0.31517858 0.28923569 0.26734712 0.27689973 0.29120244
0.27854508 0.25876899 0.27873030 0.28852466 0.29160318 0.31517858 0.28923569 0.26734712 0.27689973 0.29120244
0.27854508 0.25876899 0.27873030 0.28852466 0.29160318 0.31517858 0.28923569 0.26734712 0.27689973 0.29120244
0.27854508 0.25876899 0.27873030 0.28852466 0.29160318 0.31517858 0.28923569 0.26734712 0.27689973 0.29120244
0.27854508 0.25876899 0.27873030 0.28852466 0.29160318 0.31517858 0.28923569 0.26734712 0.27689973 0.29120244
0.27854508 0.25876899 0.27873030 0.28852466 0.29160318 0.31517858 0.28923569 0.26734712 0.27689973 0.29120244
0.27854508 0.25876899 0.27873030 0.28852466 0.29160318 0.31517858 0.28923569 0.26734712 0.27689973 0.29120244
0.27854508 0.25876899 0.27873030 0.28852466 0.29160318 0.31517858 0.28923569 0.26734712 0.27689973 0.29120244
0.27220036 0.25701721 0.28031147 0.28242415 0.29474657 0.31232644 0.28117535 0.26531395 0.27819380 0.29245780
0.27220036 0.25701721 0.28031147 0.28242415 0.29474657 0.31232644 0.28117535 0.26531395 0.27819380 0.29245780
0.27220036 0.25701721 0.28031147 0.28242415 0.29474657 0.31232644 0.28117535 0.26531395 0.27819380 0.29245780
0.27220036 0.25701721 0.28031147 0.28242415 0.29474657 0.31232644 0.28117535 0.26531395 0.27819380 0.29245780
0.27220036 0.25701721 0.28031147 0.28242415 0.29474657 0.31232644 0.28117535 0.26531395 0.27819380 0.29245780
0.27220036 0.25701721 0.28031147 0.28242415 0.29474657 0.31232644 0.28117535 0.26531395 0.27819380 0.29245780
0.27220036 0.25701721 0.28031147 0.28242415 0.29474657 0.31232644 0.28117535 0.26531395 0.27819380 0.29245780
0.27220036 0.25701721 0.28031147 0.28242415 0.29474657 0.31232644 0.28117535 0.26531395 0.27819380 0.29245780
0.27220036 0.25701721 0.28031147 0.28242415 0.29474657 0.31232644 0.28117535 0.26531395 0.27819380 0.29245780
0.27220036 0.25701721 0.28031147 0.28242415 0.29474657 0.31232644 0.28117535 0.26531395 0.27819380 0.29245780
0.27220036 0.25701721 0.28031147 0.28242415 0.29474657 0.31232644 0.28117535 0.26531395 0.27819380 0.29245780
0.27220036 0.25701721 0.28031147 0.28242415 0.29474657 0.31232644 0.28117535 0.26531395 0.27819380 0.29245780
0.27220036 0.25701721 0.28031147 0.28242415 0.29474657 0.31232644 0.28117535 0.26531395 0.27819380 0.29245780
0.27220036 0.25701721 0.28031147 0.28242415 0.29474657 0.31232644 0.28117535 0.26531395 0.27819380 0.29245780
0.27220036 0.25701721 0.28031147 0.28242415 0.29474657 0.31232644 0.28117535 0.26531395 0.27819380 0.29245780
0.27220036 0.25701721 0.28031147 0.28242415 0.29474657 0.31232644 0.28117535 0.26531395 0.27819380 0.29245780
0.27220036 0.25701721 0.28031147 0.28242415 0.29474657 0.31232644 0.28117535 0.26531395 0.27819380 0.29245780
0.27220036 0.25701721 0.28031147 0.28242415 0.29474657 0.31232644 0.28117535 0.26531395 0.27819380 0.29245780
0.27220036 0.25701721 0.28031147 0.28242415 0.29474657 0.31232644 0.28117535 0.26531395 0.27819380 0.29245780
0.27220036 0.25701721 0.28031147 0.28242415 0.29474657 0.31232644 0.28117535 0.26531395 0.27819380 0.29245780
0.27220036 0.25701721 0.28031147 0.28242415 0.29474657 0.31232644 0.28117535 0.26531395 0.27819380 0.29245780
0.27220036 0.25701721 0.28031147 0.28242415 0.29474657 0.31232644 0.28117535 0.26531395 0.27819380 0.29245780
0.27220036 0.25701721 0.28031147 0.28242415 0.29474657 0.31232644 0.28117535 0.26531395 0.27819380 0.29245780
0.27220036 0.25701721 0.28031147 0.28242415 0.29474657 0.31232644 0.28117535 0.26531395 0.27819380 0.29245780
0.27220036 0.25701721 0.28031147 0.28242415 0.29474657 0.31232644 0.28117535 0.26531395 0.27819380 0.29245780
0.27348739 0.25685422 0.28089773 0.28697127 0.30014144 0.31619215 0.28362754 0.26321207 0.27968854 0.29140723
0.27348739 0.25685422 0.28089773 0.28697127 0.30014144 0.31619215 0.28362754 0.26321207 0.27968854 0.29140723
0.27348739 0.25685422 0.28089773 0.28697127 0.30014144 0.31619215 0.28362754 0.26321207 0.27968854 0.29140723
0.27348739 0.25685422 0.28089773 0.28697127 0.30014144 0.31619215 0.28362754 0.26321207 0.27968854 0.29140723
0.27348739 0.25685422 0.28089773 0.28697127 0.30014144 0.31619215 0.28362754 0.26321207 0.27968854 0.29140723
0.27348739 0.25685422 0.28089773 0.28697127 0.30014144 0.31619215 0.28362754 0.26321207 0.27968854 0.29140723
0.27348739 0.25685422 0.28089773 0.28697127 0.30014144 0.31619215 0.28362754 0.26321207 0.27968854 0.29140723
0.27348739 0.25685422 0.28089773 0.28697127 0.30014144 0.31619215 0.28362754 0.26321207 0.27968854 0.29140723
0.27348739 0.25685422 0.28089773 0.28697127 0.30014144 0.31619215 0.28362754 0.26321207 0.27968854 0.29140723
0.27348739 0.25685422 0.28089773 0.28697127 0.30014144 0.31619215 0.28362754 0.26321207 0.27968854 0.29140723
0.27348739 0.25685422 0.28089773 0.28697127 0.30014144 0.31619215 0.28362754 0.26321207 0.27968854 0.29140723
0.27348739 0.25685422 0.28089773 0.28697127 0.30014144 0.31619215 0.28362754 0.26321207 0.27968854 0.29140723
0.27348739 0.25685422 0.28089773 0.28697127 0.30014144 0.31619215 0.28362754 0.26321207 0.27968854 0.29140723
0.27348739 0.25685422 0.28089773 0.28697127 0.30014144 0.31619215 0.28362754 0.26321207 0.27968854 0.29140723
0.27348739 0.25685422 0.28089773 0.28697127 0.30014144 0.31619215 0.28362754 0.26321207 0.27968854 0.29140723
0.27348739 0.25685422 0.28089773 0.28697127 0.30014144 0.31619215 0.28362754 0.26321207 0.27968854 0.29140723
0.27348739 0.25685422 0.28089773 0.28697127 0.30014144 0.31619215 0.28362754 0.26321207 0.27968854 0.29140723
0.27348739 0.25685422 0.28089773 0.28697127 0.30014144 0.31619215 0.28362754 0.26321207 0.27968854 0.29140723
0.27042112 0.25655143 0.28419192 0.28228942 0.29117662 0.31450291 0.28994347 0.26587490 0.27373257 0.29278976
0.27042112 0.25655143 0.28419192 0.28228942 0.29117662 0.31450291 0.28994347 0.26587490 0.27373257 0.29278976
0.27042112 0.25655143 0.28419192 0.28228942 0.29117662 0.31450291 0.28994347 0.26587490 0.27373257 0.29278976
0.27042112 0.25655143 0.28419192 0.28228942 0.29117662 0.31450291 0.28994347 0.26587490 0.27373257 0.29278976
0.27042112 0.25655143 0.28419192 0.28228942 0.29117662 0.31450291 0.28994347 0.26587490 0.27373257 0.29278976
0.27042112 0.25655143 0.28419192 0.28228942 0.29117662 0.31450291 0.28994347 0.26587490 0.27373257 0.29278976
0.27042112 0.25655143 0.28419192 0.28228942 0.29117662 0.31450291 0.28994347 0.26587490 0.27373257 0.29278976
0.27042112 0.25655143 0.28419192 0.28228942 0.29117662 0.31450291 0.28994347 0.26587490 0.27373257 0.29278976
0.27042112 0.25655143 0.28419192 0.28228942 0.29117662 0.31450291 0.28994347 0.26587490 0.27373257 0.29278976
0.27042112 0.25655143 0.28419192 0.28228942 0.29117662 0.31450291 0.28994347 0.26587490 0.27373257 0.29278976
0.27042112 0.25655143 0.28419192 0.28228942 0.29117662 0.31450291 0.28994347 0.26587490 0.27373257 0.29278976
0.27042112 0.25655143 0.28419192 0.28228942 0.29117662 0.31450291 0.28994347 0.26587490 0.27373257 0.29278976
0.27042112 0.25655143 0.28419192 0.28228942 0.29117662 0.31450291 0.28994347 0.26587490 0.27373257 0.29278976
0.27042112 0.25655143 0.28419192 0.28228942 0.29117662 0.31450291 0.28994347 0.26587490 0.27373257 0.29278976
0.27042112 0.25655143 0.28419192 0.28228942 0.29117662 0.31450291 0.28994347 0.26587490 0.27373257 0.29278976
0.27042112 0.25655143 0.28419192 0.28228942 0.29117662 0.31450291 0.28994347 0.26587490 0.27373257 0.29278976
0.27042112 0.25655143 0.28419192 0.28228942 0.29117662 0.31450291 0.28994347 0.26587490 0.27373257 0.29278976
0.27042112 0.25655143 0.28419192 0.28228942 0.29117662 0.31450291 0.28994347 0.26587490 0.27373257 0.29278976
0.27042112 0.25655143 0.28419192 0.28228942 0.29117662 0.31450291 0.28994347 0.26587490 0.27373257 0.29278976
0.26886670 0.25662390 0.28590474 0.28916268 0.29418991 0.30774765 0.28721410 0.26471085 0.27186828 0.29540458
0.26886670 0.25662390 0.28590474 0.28916268 0.29418991 0.30774765 0.28721410 0.26471085 0.27186828 0.29540458
0.26886670 0.25662390 0.28590474 0.28916268 0.29418991 0.30774765 0.28721410 0.26471085 0.27186828 0.29540458
0.26886670 0.25662390 0.28590474 0.28916268 0.29418991 0.30774765 0.28721410 0.26471085 0.27186828 0.29540458
0.26886670 0.25662390 0.28590474 0.28916268 0.29418991 0.30774765 0.28721410 0.26471085 0.27186828 0.29540458
0.26886670 0.25662390 0.28590474 0.28916268 0.29418991 0.30774765 0.28721410 0.26471085 0.27186828 0.29540458
0.26886670 0.25662390 0.28590474 0.28916268 0.29418991 0.30774765 0.28721410 0.26471085 0.27186828 0.29540458
0.26886670 0.25662390 0.28590474 0.28916268 0.29418991 0.30774765 0.28721410 0.26471085 0.27186828 0.29540458
0.26886670 0.25662390 0.28590474 0.28916268 0.29418991 0.30774765 0.28721410 0.26471085 0.27186828 0.29540458
0.26886670 0.25662390 0.28590474 0.28916268 0.29418991 0.30774765 0.28721410 0.26471085 0.27186828 0.29540458
0.26886670 0.25662390 0.28590474 0.28916268 0.29418991 0.30774765 0.28721410 0.26471085 0.27186828 0.29540458
0.26886670 0.25662390 0.28590474 0.28916268 0.29418991 0.30774765 0.28721410 0.26471085 0.27186828 0.29540458
0.26886670 0.25662390 0.28590474 0.28916268 0.29418991 0.30774765 0.28721410 0.26471085 0.27186828 0.29540458
0.26886670 0.25662390 0.28590474 0.28916268 0.29418991 0.30774765 0.28721410 0.26471085 0.27186828 0.29540458
0.26886670 0.25662390 0.28590474 0.28916268 0.29418991 0.30774765 0.28721410 0.26471085 0.27186828 0.29540458
0.26886670 0.25662390 0.28590474 0.28916268 0.29418991 0.30774765 0.28721410 0.26471085 0.27186828 0.29540458
0.26886670 0.25662390 0.28590474 0.28916268 0.29418991 0.30774765 0.28721410 0.26471085 0.27186828 0.29540458
0.26886670 0.25662390 0.28590474 0.28916268 0.29418991 0.30774765 0.28721410 0.26471085 0.27186828 0.29540458
0.26886670 0.25662390 0.28590474 0.28916268 0.29418991 0.30774765 0.28721410 0.26471085 0.27186828 0.29540458
0.26886670 0.25662390 0.28590474 0.28916268 0.29418991 0.30774765 0.28721410 0.26471085 0.27186828 0.29540458
0.26939608 0.25617740 0.29245833 0.29403730 0.29550828 0.30476098 0.28448979 0.26355565 0.27115422 0.30062780
0.26939608 0.25617740 0.29245833 0.29403730 0.29550828 0.30476098 0.28448979 0.26355565 0.27115422 0.30062780
0.26939608 0.25617740 0.29245833 0.29403730 0.29550828 0.30476098 0.28448979 0.26355565 0.27115422 0.30062780
0.26939608 0.25617740 0.29245833 0.29403730 0.29550828 0.30476098 0.28448979 0.26355565 0.27115422 0.30062780
0.26939608 0.25617740 0.29245833 0.29403730 0.29550828 0.30476098 0.28448979 0.26355565 0.27115422 0.30062780
0.26939608 0.25617740 0.29245833 0.29403730 0.29550828 0.30476098 0.28448979 0.26355565 0.27115422 0.30062780
0.26939608 0.25617740 0.29245833 0.29403730 0.29550828 0.30476098 0.28448979 0.26355565 0.27115422 0.30062780
0.26939608 0.25617740 0.29245833 0.29403730 0.29550828 0.30476098 0.28448979 0.26355565 0.27115422 0.30062780
0.26939608 0.25617740 0.29245833 0.29403730 0.29550828 0.30476098 0.28448979 0.26355565 0.27115422 0.30062780
0.26939608 0.25617740 0.29245833 0.29403730 0.29550828 0.30476098 0.28448979 0.26355565 0.27115422 0.30062780
0.26939608 0.25617740 0.29245833 0.29403730 0.29550828 0.30476098 0.28448979 0.26355565 0.27115422 0.30062780
0.26939608 0.25617740 0.29245833 0.29403730 0.29550828 0.30476098 0.28448979 0.26355565 0.27115422 0.30062780
0.26939608 0.25617740 0.29245833 0.29403730 0.29550828 0.30476098 0.28448979 0.26355565 0.27115422 0.30062780
0.26939608 0.25617740 0.29245833 0.29403730 0.29550828 0.30476098 0.28448979 0.26355565 0.27115422 0.30062780
0.26939608 0.25617740 0.29245833 0.29403730 0.29550828 0.30476098 0.28448979 0.26355565 0.27115422 0.30062780
0.26939608 0.25617740 0.29245833 0.29403730 0.29550828 0.30476098 0.28448979 0.26355565 0.27115422 0.30062780
0.26939608 0.25617740 0.29245833 0.29403730 0.29550828 0.30476098 0.28448979 0.26355565 0.27115422 0.30062780
0.26939608 0.25617740 0.29245833 0.29403730 0.29550828 0.30476098 0.28448979 0.26355565 0.27115422 0.30062780
0.26939608 0.25617740 0.29245833 0.29403730 0.29550828 0.30476098 0.28448979 0.26355565 0.27115422 0.30062780
0.26939608 0.25617740 0.29245833 0.29403730 0.29550828 0.30476098 0.28448979 0.26355565 0.27115422 0.30062780
0.26939608 0.25617740 0.29245833 0.29403730 0.29550828 0.30476098 0.28448979 0.26355565 0.27115422 0.30062780
0.26939608 0.25617740 0.29245833 0.29403730 0.29550828 0.30476098 0.28448979 0.26355565 0.27115422 0.30062780
0.26939608 0.25617740 0.29245833 0.29403730 0.29550828 0.30476098 0.28448979 0.26355565 0.27115422 0.30062780
0.26939608 0.25617740 0.29245833 0.29403730 0.29550828 0.30476098 0.28448979 0.26355565 0.27115422 0.30062780
0.26939608 0.25617740 0.29245833 0.29403730 0.29550828 0.30476098 0.28448979 0.26355565 0.27115422 0.30062780
0.26939608 0.25617740 0.29245833 0.29403730 0.29550828 0.30476098 0.28448979 0.26355565 0.27115422 0.30062780
0.26939608 0.25617740 0.29245833 0.29403730 0.29550828 0.30476098 0.28448979 0.26355565 0.27115422 0.30062780
0.26939608 0.25617740 0.29245833 0.29403730 0.29550828 0.30476098 0.28448979 0.26355565 0.27115422 0.30062780
0.26939608 0.25617740 0.29245833 0.29403730 0.29550828 0.30476098 0.28448979 0.26355565 0.27115422 0.30062780
0.26939608 0.25617740 0.29245833 0.29403730 0.29550828 0.30476098 0.28448979 0.26355565 0.27115422 0.30062780
0.26939608 0.25617740 0.29245833 0.29403730 0.29550828 0.30476098 0.28448979 0.26355565 0.27115422 0.30062780
0.26939608 0.25617740 0.29245833 0.29403730 0.29550828 0.30476098 0.28448979 0.26355565 0.27115422 0.30062780
0.26939608 0.25617740 0.29245833 0.29403730 0.29550828 0.30476098 0.28448979 0.26355565 0.27115422 0.30062780
0.26939608 0.25617740 0.29245833 0.29403730 0.29550828 0.30476098 0.28448979 0.26355565 0.27115422 0.30062780
0.26939608 0.25617740 0.29245833 0.29403730 0.29550828 0.30476098 0.28448979 0.26355565 0.27115422 0.30062780
0.26939608 0.25617740 0.29245833 0.29403730 0.29550828 0.30476098 0.28448979 0.26355565 0.27115422 0.30062780
0.26939608 0.25617740 0.29245833 0.29403730 0.29550828 0.30476098 0.28448979 0.26355565 0.27115422 0.30062780
0.26939608 0.25617740 0.29245833 0.29403730 0.29550828 0.30476098 0.28448979 0.26355565 0.27115422 0.30062780
0.26939608 0.25617740 0.29245833 0.29403730 0.29550828 0.30476098 0.28448979 0.26355565 0.27115422 0.30062780
0.26939608 0.25617740 0.29245833 0.29403730 0.29550828 0.30476098 0.28448979 0.26355565 0.27115422 0.30062780
0.26939608 0.25617740 0.29245833 0.29403730 0.29550828 0.30476098 0.28448979 0.26355565 0.27115422 0.30062780
0.26939608 0.25617740 0.29245833 0.29403730 0.29550828 0.30476098 0.28448979 0.26355565 0.27115422 0.30062780
0.26939608 0.25617740 0.29245833 0.29403730 0.29550828 0.30476098 0.28448979 0.26355565 0.27115422 0.30062780
0.26939608 0.25617740 0.29245833 0.29403730 0.29550828 0.30476098 0.28448979 0.26355565 0.27115422 0.30062780
0.26939608 0.25617740 0.29245833 0.29403730 0.29550828 0.30476098 0.28448979 0.26355565 0.27115422 0.30062780
0.26653252 0.25733561 0.28504528 0.28864127 0.30059639 0.30580785 0.28589028 0.26298431 0.27616558 0.30215103
0.26813842 0.25566677 0.28355800 0.28903714 0.29819385 0.30280499 0.28637802 0.26046876 0.27376095 0.30257644
0.26813842 0.25566677 0.28355800 0.28903714 0.29819385 0.30280499 0.28637802 0.26046876 0.27376095 0.30257644
0.26813842 0.25566677 0.28355800 0.28903714 0.29819385 0.30280499 0.28637802 0.26046876 0.27376095 0.30257644
0.26813842 0.25566677 0.28355800 0.28903714 0.29819385 0.30280499 0.28637802 0.26046876 0.27376095 0.30257644
0.26813842 0.25566677 0.28355800 0.28903714 0.29819385 0.30280499 0.28637802 0.26046876 0.27376095 0.30257644
0.26813842 0.25566677 0.28355800 0.28903714 0.29819385 0.30280499 0.28637802 0.26046876 0.27376095 0.30257644
0.26813842 0.25566677 0.28355800 0.28903714 0.29819385 0.30280499 0.28637802 0.26046876 0.27376095 0.30257644
0.26813842 0.25566677 0.28355800 0.28903714 0.29819385 0.30280499 0.28637802 0.26046876 0.27376095 0.30257644
0.26813842 0.25566677 0.28355800 0.28903714 0.29819385 0.30280499 0.28637802 0.26046876 0.27376095 0.30257644
0.26813842 0.25566677 0.28355800 0.28903714 0.29819385 0.30280499 0.28637802 0.26046876 0.27376095 0.30257644
0.26813842 0.25566677 0.28355800 0.28903714 0.29819385 0.30280499 0.28637802 0.26046876 0.27376095 0.30257644
0.26813842 0.25566677 0.28355800 0.28903714 0.29819385 0.30280499 0.28637802 0.26046876 0.27376095 0.30257644
0.26813842 0.25566677 0.28355800 0.28903714 0.29819385 0.30280499 0.28637802 0.26046876 0.27376095 0.30257644
0.26813842 0.25566677 0.28355800 0.28903714 0.29819385 0.30280499 0.28637802 0.26046876 0.27376095 0.30257644
0.26813842 0.25566677 0.28355800 0.28903714 0.29819385 0.30280499 0.28637802 0.26046876 0.27376095 0.30257644
0.26813842 0.25566677 0.28355800 0.28903714 0.29819385 0.30280499 0.28637802 0.26046876 0.27376095 0.30257644
0.26813842 0.25566677 0.28355800 0.28903714 0.29819385 0.30280499 0.28637802 0.26046876 0.27376095 0.30257644
0.26813842 0.25566677 0.28355800 0.28903714 0.29819385 0.30280499 0.28637802 0.26046876 0.27376095 0.30257644
0.26813842 0.25566677 0.28355800 0.28903714 0.29819385 0.30280499 0.28637802 0.26046876 0.27376095 0.30257644
0.26813842 0.25566677 0.28355800 0.28903714 0.29819385 0.30280499 0.28637802 0.26046876 0.27376095 0.30257644
0.26813842 0.25566677 0.28355800 0.28903714 0.29819385 0.30280499 0.28637802 0.26046876 0.27376095 0.30257644
0.26813842 0.25566677 0.28355800 0.28903714 0.29819385 0.30280499 0.28637802 0.26046876 0.27376095 0.30257644
0.26813842 0.25566677 0.28355800 0.28903714 0.29819385 0.30280499 0.28637802 0.26046876 0.27376095 0.30257644
0.26813842 0.25566677 0.28355800 0.28903714 0.29819385 0.30280499 0.28637802 0.26046876 0.27376095 0.30257644
0.26813842 0.25566677 0.28355800 0.28903714 0.29819385 0.30280499 0.28637802 0.26046876 0.27376095 0.30257644
0.26813842 0.25566677 0.28355800 0.28903714 0.29819385 0.30280499 0.28637802 0.26046876 0.27376095 0.30257644
0.26813842 0.25566677 0.28355800 0.28903714 0.29819385 0.30280499 0.28637802 0.26046876 0.27376095 0.30257644
0.26813842 0.25566677 0.28355800 0.28903714 0.29819385 0.30280499 0.28637802 0.26046876 0.27376095 0.30257644
0.26813842 0.25566677 0.28355800 0.28903714 0.29819385 0.30280499 0.28637802 0.26046876 0.27376095 0.30257644
0.26813842 0.25566677 0.28355800 0.28903714 0.29819385 0.30280499 0.28637802 0.26046876 0.27376095 0.30257644
0.26813842 0.25566677 0.28355800 0.28903714 0.29819385 0.30280499 0.28637802 0.26046876 0.27376095 0.30257644
0.26813842 0.25566677 0.28355800 0.28903714 0.29819385 0.30280499 0.28637802 0.26046876 0.27376095 0.30257644
0.26813842 0.25566677 0.28355800 0.28903714 0.29819385 0.30280499 0.28637802 0.26046876 0.27376095 0.30257644
0.26813842 0.25566677 0.28355800 0.28903714 0.29819385 0.30280499 0.28637802 0.26046876 0.27376095 0.30257644
0.26813842 0.25566677 0.28355800 0.28903714 0.29819385 0.30280499 0.28637802 0.26046876 0.27376095 0.30257644
0.26813842 0.25566677 0.28355800 0.28903714 0.29819385 0.30280499 0.28637802 0.26046876 0.27376095 0.30257644
0.26813842 0.25566677 0.28355800 0.28903714 0.29819385 0.30280499 0.28637802 0.26046876 0.27376095 0.30257644
0.26813842 0.25566677 0.28355800 0.28903714 0.29819385 0.30280499 0.28637802 0.26046876 0.27376095 0.30257644
0.26813842 0.25566677 0.28355800 0.28903714 0.29819385 0.30280499 0.28637802 0.26046876 0.27376095 0.30257644
0.26813842 0.25566677 0.28355800 0.28903714 0.29819385 0.30280499 0.28637802 0.26046876 0.27376095 0.30257644
0.26608502 0.25730006 0.29063139 0.29831265 0.30228535 0.30095690 0.28673088 0.26245170 0.27239021 0.29793127
0.26608502 0.25730006 0.29063139 0.29831265 0.30228535 0.30095690 0.28673088 0.26245170 0.27239021 0.29793127
0.26608502 0.25730006 0.29063139 0.29831265 0.30228535 0.30095690 0.28673088 0.26245170 0.27239021 0.29793127
0.26608502 0.25730006 0.29063139 0.29831265 0.30228535 0.30095690 0.28673088 0.26245170 0.27239021 0.29793127
0.26608502 0.25730006 0.29063139 0.29831265 0.30228535 0.30095690 0.28673088 0.26245170 0.27239021 0.29793127
0.26608502 0.25730006 0.29063139 0.29831265 0.30228535 0.30095690 0.28673088 0.26245170 0.27239021 0.29793127
0.26608502 0.25730006 0.29063139 0.29831265 0.30228535 0.30095690 0.28673088 0.26245170 0.27239021 0.29793127
0.26608502 0.25730006 0.29063139 0.29831265 0.30228535 0.30095690 0.28673088 0.26245170 0.27239021 0.29793127
0.26608502 0.25730006 0.29063139 0.29831265 0.30228535 0.30095690 0.28673088 0.26245170 0.27239021 0.29793127
0.26608502 0.25730006 0.29063139 0.29831265 0.30228535 0.30095690 0.28673088 0.26245170 0.27239021 0.29793127
0.26608502 0.25730006 0.29063139 0.29831265 0.30228535 0.30095690 0.28673088 0.26245170 0.27239021 0.29793127
0.26608502 0.25730006 0.29063139 0.29831265 0.30228535 0.30095690 0.28673088 0.26245170 0.27239021 0.29793127
0.26608502 0.25730006 0.29063139 0.29831265 0.30228535 0.30095690 0.28673088 0.26245170 0.27239021 0.29793127
0.26608502 0.25730006 0.29063139 0.29831265 0.30228535 0.30095690 0.28673088 0.26245170 0.27239021 0.29793127
0.26608502 0.25730006 0.29063139 0.29831265 0.30228535 0.30095690 0.28673088 0.26245170 0.27239021 0.29793127
0.26586322 0.25615531 0.29157423 0.30620056 0.29550194 0.30653230 0.27965628 0.26303359 0.27492078 0.29232725
0.26586322 0.25615531 0.29157423 0.30620056 0.29550194 0.30653230 0.27965628 0.26303359 0.27492078 0.29232725
0.26586322 0.25615531 0.29157423 0.30620056 0.29550194 0.30653230 0.27965628 0.26303359 0.27492078 0.29232725
0.26586322 0.25615531 0.29157423 0.30620056 0.29550194 0.30653230 0.27965628 0.26303359 0.27492078 0.29232725
0.26586322 0.25615531 0.29157423 0.30620056 0.29550194 0.30653230 0.27965628 0.26303359 0.27492078 0.29232725
0.26586322 0.25615531 0.29157423 0.30620056 0.29550194 0.30653230 0.27965628 0.26303359 0.27492078 0.29232725
0.26586322 0.25615531 0.29157423 0.30620056 0.29550194 0.30653230 0.27965628 0.26303359 0.27492078 0.29232725
0.26586322 0.25615531 0.29157423 0.30620056 0.29550194 0.30653230 0.27965628 0.26303359 0.27492078 0.29232725
0.26586322 0.25615531 0.29157423 0.30620056 0.29550194 0.30653230 0.27965628 0.26303359 0.27492078 0.29232725
0.26586322 0.25615531 0.29157423 0.30620056 0.29550194 0.30653230 0.27965628 0.26303359 0.27492078 0.29232725
0.26540228 0.25535214 0.29610679 0.30310852 0.28902379 0.30740444 0.28696149 0.26340950 0.27404611 0.29067421
0.26540228 0.25535214 0.29610679 0.30310852 0.28902379 0.30740444 0.28696149 0.26340950 0.27404611 0.29067421
0.26540228 0.25535214 0.29610679 0.30310852 0.28902379 0.30740444 0.28696149 0.26340950 0.27404611 0.29067421
0.26540228 0.25535214 0.29610679 0.30310852 0.28902379 0.30740444 0.28696149 0.26340950 0.27404611 0.29067421
0.26540228 0.25535214 0.29610679 0.30310852 0.28902379 0.30740444 0.28696149 0.26340950 0.27404611 0.29067421
0.26540228 0.25535214 0.29610679 0.30310852 0.28902379 0.30740444 0.28696149 0.26340950 0.27404611 0.29067421
0.26540228 0.25535214 0.29610679 0.30310852 0.28902379 0.30740444 0.28696149 0.26340950 0.27404611 0.29067421
0.26540228 0.25535214 0.29610679 0.30310852 0.28902379 0.30740444 0.28696149 0.26340950 0.27404611 0.29067421
0.26540228 0.25535214 0.29610679 0.30310852 0.28902379 0.30740444 0.28696149 0.26340950 0.27404611 0.29067421
0.26540228 0.25535214 0.29610679 0.30310852 0.28902379 0.30740444 0.28696149 0.26340950 0.27404611 0.29067421
0.26540228 0.25535214 0.29610679 0.30310852 0.28902379 0.30740444 0.28696149 0.26340950 0.27404611 0.29067421
0.26540228 0.25535214 0.29610679 0.30310852 0.28902379 0.30740444 0.28696149 0.26340950 0.27404611 0.29067421
0.26540228 0.25535214 0.29610679 0.30310852 0.28902379 0.30740444 0.28696149 0.26340950 0.27404611 0.29067421
0.26540228 0.25535214 0.29610679 0.30310852 0.28902379 0.30740444 0.28696149 0.26340950 0.27404611 0.29067421
0.26540228 0.25535214 0.29610679 0.30310852 0.28902379 0.30740444 0.28696149 0.26340950 0.27404611 0.29067421
0.26540228 0.25535214 0.29610679 0.30310852 0.28902379 0.30740444 0.28696149 0.26340950 0.27404611 0.29067421
0.26540228 0.25535214 0.29610679 0.30310852 0.28902379 0.30740444 0.28696149 0.26340950 0.27404611 0.29067421
0.26540228 0.25535214 0.29610679 0.30310852 0.28902379 0.30740444 0.28696149 0.26340950 0.27404611 0.29067421
0.26540228 0.25535214 0.29610679 0.30310852 0.28902379 0.30740444 0.28696149 0.26340950 0.27404611 0.29067421
0.26540228 0.25535214 0.29610679 0.30310852 0.28902379 0.30740444 0.28696149 0.26340950 0.27404611 0.29067421
0.26540228 0.25535214 0.29610679 0.30310852 0.28902379 0.30740444 0.28696149 0.26340950 0.27404611 0.29067421
0.26540228 0.25535214 0.29610679 0.30310852 0.28902379 0.30740444 0.28696149 0.26340950 0.27404611 0.29067421
0.26540228 0.25535214 0.29610679 0.30310852 0.28902379 0.30740444 0.28696149 0.26340950 0.27404611 0.29067421
0.26540228 0.25535214 0.29610679 0.30310852 0.28902379 0.30740444 0.28696149 0.26340950 0.27404611 0.29067421
0.26658864 0.25524905 0.29661696 0.30044343 0.28680343 0.30601518 0.28561562 0.26518816 0.27382868 0.28848986
0.26658864 0.25524905 0.29661696 0.30044343 0.28680343 0.30601518 0.28561562 0.26518816 0.27382868 0.28848986
0.26658864 0.25524905 0.29661696 0.30044343 0.28680343 0.30601518 0.28561562 0.26518816 0.27382868 0.28848986
0.26658864 0.25524905 0.29661696 0.30044343 0.28680343 0.30601518 0.28561562 0.26518816 0.27382868 0.28848986
0.26658864 0.25524905 0.29661696 0.30044343 0.28680343 0.30601518 0.28561562 0.26518816 0.27382868 0.28848986
0.26658864 0.25524905 0.29661696 0.30044343 0.28680343 0.30601518 0.28561562 0.26518816 0.27382868 0.28848986
0.26658864 0.25524905 0.29661696 0.30044343 0.28680343 0.30601518 0.28561562 0.26518816 0.27382868 0.28848986
0.26658864 0.25524905 0.29661696 0.30044343 0.28680343 0.30601518 0.28561562 0.26518816 0.27382868 0.28848986
0.26658864 0.25524905 0.29661696 0.30044343 0.28680343 0.30601518 0.28561562 0.26518816 0.27382868 0.28848986
0.26658864 0.25524905 0.29661696 0.30044343 0.28680343 0.30601518 0.28561562 0.26518816 0.27382868 0.28848986
0.26658864 0.25524905 0.29661696 0.30044343 0.28680343 0.30601518 0.28561562 0.26518816 0.27382868 0.28848986
0.26658864 0.25524905 0.29661696 0.30044343 0.28680343 0.30601518 0.28561562 0.26518816 0.27382868 0.28848986
0.26658864 0.25524905 0.29661696 0.30044343 0.28680343 0.30601518 0.28561562 0.26518816 0.27382868 0.28848986
0.26658864 0.25524905 0.29661696 0.30044343 0.28680343 0.30601518 0.28561562 0.26518816 0.27382868 0.28848986
0.26658864 0.25524905 0.29661696 0.30044343 0.28680343 0.30601518 0.28561562 0.26518816 0.27382868 0.28848986
0.26658864 0.25524905 0.29661696 0.30044343 0.28680343 0.30601518 0.28561562 0.26518816 0.27382868 0.28848986
0.26658864 0.25524905 0.29661696 0.30044343 0.28680343 0.30601518 0.28561562 0.26518816 0.27382868 0.28848986
0.26658864 0.25524905 0.29661696 0.30044343 0.28680343 0.30601518 0.28561562 0.26518816 0.27382868 0.28848986
0.26658864 0.25524905 0.29661696 0.30044343 0.28680343 0.30601518 0.28561562 0.26518816 0.27382868 0.28848986
0.26658864 0.25524905 0.29661696 0.30044343 0.28680343 0.30601518 0.28561562 0.26518816 0.27382868 0.28848986
0.26658864 0.25524905 0.29661696 0.30044343 0.28680343 0.30601518 0.28561562 0.26518816 0.27382868 0.28848986
0.26658864 0.25524905 0.29661696 0.30044343 0.28680343 0.30601518 0.28561562 0.26518816 0.27382868 0.28848986
0.26658864 0.25524905 0.29661696 0.30044343 0.28680343 0.30601518 0.28561562 0.26518816 0.27382868 0.28848986
0.26658864 0.25524905 0.29661696 0.30044343 0.28680343 0.30601518 0.28561562 0.26518816 0.27382868 0.28848986
0.26658864 0.25524905 0.29661696 0.30044343 0.28680343 0.30601518 0.28561562 0.26518816 0.27382868 0.28848986
0.26658864 0.25524905 0.29661696 0.30044343 0.28680343 0.30601518 0.28561562 0.26518816 0.27382868 0.28848986
0.26658864 0.25524905 0.29661696 0.30044343 0.28680343 0.30601518 0.28561562 0.26518816 0.27382868 0.28848986
0.26658864 0.25524905 0.29661696 0.30044343 0.28680343 0.30601518 0.28561562 0.26518816 0.27382868 0.28848986
0.26658864 0.25524905 0.29661696 0.30044343 0.28680343 0.30601518 0.28561562 0.26518816 0.27382868 0.28848986
0.26658864 0.25524905 0.29661696 0.30044343 0.28680343 0.30601518 0.28561562 0.26518816 0.27382868 0.28848986
0.26658864 0.25524905 0.29661696 0.30044343 0.28680343 0.30601518 0.28561562 0.26518816 0.27382868 0.28848986
0.26658864 0.25524905 0.29661696 0.30044343 0.28680343 0.30601518 0.28561562 0.26518816 0.27382868 0.28848986
0.26658864 0.25524905 0.29661696 0.30044343 0.28680343 0.30601518 0.28561562 0.26518816 0.27382868 0.28848986
0.26658864 0.25524905 0.29661696 0.30044343 0.28680343 0.30601518 0.28561562 0.26518816 0.27382868 0.28848986
0.26658864 0.25524905 0.29661696 0.30044343 0.28680343 0.30601518 0.28561562 0.26518816 0.27382868 0.28848986
0.26936815 0.25660407 0.29831530 0.29999078 0.28009737 0.30551008 0.28435636 0.26736981 0.27987596 0.28831896
0.26936815 0.25660407 0.29831530 0.29999078 0.28009737 0.30551008 0.28435636 0.26736981 0.27987596 0.28831896
0.26936815 0.25660407 0.29831530 0.29999078 0.28009737 0.30551008 0.28435636 0.26736981 0.27987596 0.28831896
0.26936815 0.25660407 0.29831530 0.29999078 0.28009737 0.30551008 0.28435636 0.26736981 0.27987596 0.28831896
0.26924972 0.25555554 0.29349100 0.29544591 0.27298531 0.30798580 0.28548877 0.26734522 0.28323891 0.29588020
0.26924972 0.25555554 0.29349100 0.29544591 0.27298531 0.30798580 0.28548877 0.26734522 0.28323891 0.29588020
0.26924972 0.25555554 0.29349100 0.29544591 0.27298531 0.30798580 0.28548877 0.26734522 0.28323891 0.29588020
0.26924972 0.25555554 0.29349100 0.29544591 0.27298531 0.30798580 0.28548877 0.26734522 0.28323891 0.29588020
0.26924972 0.25555554 0.29349100 0.29544591 0.27298531 0.30798580 0.28548877 0.26734522 0.28323891 0.29588020
0.26924972 0.25555554 0.29349100 0.29544591 0.27298531 0.30798580 0.28548877 0.26734522 0.28323891 0.29588020
0.26924972 0.25555554 0.29349100 0.29544591 0.27298531 0.30798580 0.28548877 0.26734522 0.28323891 0.29588020
0.26924972 0.25555554 0.29349100 0.29544591 0.27298531 0.30798580 0.28548877 0.26734522 0.28323891 0.29588020
0.26924972 0.25555554 0.29349100 0.29544591 0.27298531 0.30798580 0.28548877 0.26734522 0.28323891 0.29588020
0.26924972 0.25555554 0.29349100 0.29544591 0.27298531 0.30798580 0.28548877 0.26734522 0.28323891 0.29588020
0.26924972 0.25555554 0.29349100 0.29544591 0.27298531 0.30798580 0.28548877 0.26734522 0.28323891 0.29588020
0.26924972 0.25555554 0.29349100 0.29544591 0.27298531 0.30798580 0.28548877 0.26734522 0.28323891 0.29588020
0.26924972 0.25555554 0.29349100 0.29544591 0.27298531 0.30798580 0.28548877 0.26734522 0.28323891 0.29588020
0.26924972 0.25555554 0.29349100 0.29544591 0.27298531 0.30798580 0.28548877 0.26734522 0.28323891 0.29588020
0.26924972 0.25555554 0.29349100 0.29544591 0.27298531 0.30798580 0.28548877 0.26734522 0.28323891 0.29588020
0.26924972 0.25555554 0.29349100 0.29544591 0.27298531 0.30798580 0.28548877 0.26734522 0.28323891 0.29588020
0.26924972 0.25555554 0.29349100 0.29544591 0.27298531 0.30798580 0.28548877 0.26734522 0.28323891 0.29588020
0.26924972 0.25555554 0.29349100 0.29544591 0.27298531 0.30798580 0.28548877 0.26734522 0.28323891 0.29588020
0.26924972 0.25555554 0.29349100 0.29544591 0.27298531 0.30798580 0.28548877 0.26734522 0.28323891 0.29588020
0.26924972 0.25555554 0.29349100 0.29544591 0.27298531 0.30798580 0.28548877 0.26734522 0.28323891 0.29588020
0.26924972 0.25555554 0.29349100 0.29544591 0.27298531 0.30798580 0.28548877 0.26734522 0.28323891 0.29588020
0.26924972 0.25555554 0.29349100 0.29544591 0.27298531 0.30798580 0.28548877 0.26734522 0.28323891 0.29588020
0.26924972 0.25555554 0.29349100 0.29544591 0.27298531 0.30798580 0.28548877 0.26734522 0.28323891 0.29588020
0.26924972 0.25555554 0.29349100 0.29544591 0.27298531 0.30798580 0.28548877 0.26734522 0.28323891 0.29588020
0.26924972 0.25555554 0.29349100 0.29544591 0.27298531 0.30798580 0.28548877 0.26734522 0.28323891 0.29588020
0.26924972 0.25555554 0.29349100 0.29544591 0.27298531 0.30798580 0.28548877 0.26734522 0.28323891 0.29588020
0.26924972 0.25555554 0.29349100 0.29544591 0.27298531 0.30798580 0.28548877 0.26734522 0.28323891 0.29588020
0.26924972 0.25555554 0.29349100 0.29544591 0.27298531 0.30798580 0.28548877 0.26734522 0.28323891 0.29588020
0.26924972 0.25555554 0.29349100 0.29544591 0.27298531 0.30798580 0.28548877 0.26734522 0.28323891 0.29588020
0.26924972 0.25555554 0.29349100 0.29544591 0.27298531 0.30798580 0.28548877 0.26734522 0.28323891 0.29588020
0.26924972 0.25555554 0.29349100 0.29544591 0.27298531 0.30798580 0.28548877 0.26734522 0.28323891 0.29588020
0.26924972 0.25555554 0.29349100 0.29544591 0.27298531 0.30798580 0.28548877 0.26734522 0.28323891 0.29588020
0.26924972 0.25555554 0.29349100 0.29544591 0.27298531 0.30798580 0.28548877 0.26734522 0.28323891 0.29588020
0.26924972 0.25555554 0.29349100 0.29544591 0.27298531 0.30798580 0.28548877 0.26734522 0.28323891 0.29588020
0.26924972 0.25555554 0.29349100 0.29544591 0.27298531 0.30798580 0.28548877 0.26734522 0.28323891 0.29588020
0.26924972 0.25555554 0.29349100 0.29544591 0.27298531 0.30798580 0.28548877 0.26734522 0.28323891 0.29588020
0.26924972 0.25555554 0.29349100 0.29544591 0.27298531 0.30798580 0.28548877 0.26734522 0.28323891 0.29588020
0.26924972 0.25555554 0.29349100 0.29544591 0.27298531 0.30798580 0.28548877 0.26734522 0.28323891 0.29588020
0.26924972 0.25555554 0.29349100 0.29544591 0.27298531 0.30798580 0.28548877 0.26734522 0.28323891 0.29588020
0.26924972 0.25555554 0.29349100 0.29544591 0.27298531 0.30798580 0.28548877 0.26734522 0.28323891 0.29588020
0.26924972 0.25555554 0.29349100 0.29544591 0.27298531 0.30798580 0.28548877 0.26734522 0.28323891 0.29588020
0.26924972 0.25555554 0.29349100 0.29544591 0.27298531 0.30798580 0.28548877 0.26734522 0.28323891 0.29588020
0.26924972 0.25555554 0.29349100 0.29544591 0.27298531 0.30798580 0.28548877 0.26734522 0.28323891 0.29588020
0.26924972 0.25555554 0.29349100 0.29544591 0.27298531 0.30798580 0.28548877 0.26734522 0.28323891 0.29588020
0.26924972 0.25555554 0.29349100 0.29544591 0.27298531 0.30798580 0.28548877 0.26734522 0.28323891 0.29588020
0.26924972 0.25555554 0.29349100 0.29544591 0.27298531 0.30798580 0.28548877 0.26734522 0.28323891 0.29588020
0.26924972 0.25555554 0.29349100 0.29544591 0.27298531 0.30798580 0.28548877 0.26734522 0.28323891 0.29588020
0.26924972 0.25555554 0.29349100 0.29544591 0.27298531 0.30798580 0.28548877 0.26734522 0.28323891 0.29588020
0.26924972 0.25555554 0.29349100 0.29544591 0.27298531 0.30798580 0.28548877 0.26734522 0.28323891 0.29588020
0.26924972 0.25555554 0.29349100 0.29544591 0.27298531 0.30798580 0.28548877 0.26734522 0.28323891 0.29588020
0.26924972 0.25555554 0.29349100 0.29544591 0.27298531 0.30798580 0.28548877 0.26734522 0.28323891 0.29588020
0.26924972 0.25555554 0.29349100 0.29544591 0.27298531 0.30798580 0.28548877 0.26734522 0.28323891 0.29588020
0.26924972 0.25555554 0.29349100 0.29544591 0.27298531 0.30798580 0.28548877 0.26734522 0.28323891 0.29588020
0.26924972 0.25555554 0.29349100 0.29544591 0.27298531 0.30798580 0.28548877 0.26734522 0.28323891 0.29588020
0.26924972 0.25555554 0.29349100 0.29544591 0.27298531 0.30798580 0.28548877 0.26734522 0.28323891 0.29588020
0.26924972 0.25555554 0.29349100 0.29544591 0.27298531 0.30798580 0.28548877 0.26734522 0.28323891 0.29588020
0.26652595 0.25561417 0.29457546 0.29010405 0.27337615 0.30781298 0.28626278 0.26797282 0.28303838 0.29535968
0.26652595 0.25561417 0.29457546 0.29010405 0.27337615 0.30781298 0.28626278 0.26797282 0.28303838 0.29535968
0.26652595 0.25561417 0.29457546 0.29010405 0.27337615 0.30781298 0.28626278 0.26797282 0.28303838 0.29535968
0.26652595 0.25561417 0.29457546 0.29010405 0.27337615 0.30781298 0.28626278 0.26797282 0.28303838 0.29535968
0.26652595 0.25561417 0.29457546 0.29010405 0.27337615 0.30781298 0.28626278 0.26797282 0.28303838 0.29535968
0.26652595 0.25561417 0.29457546 0.29010405 0.27337615 0.30781298 0.28626278 0.26797282 0.28303838 0.29535968
0.26652595 0.25561417 0.29457546 0.29010405 0.27337615 0.30781298 0.28626278 0.26797282 0.28303838 0.29535968
0.26566445 0.25527176 0.29741332 0.28623894 0.27741395 0.30981676 0.28482164 0.26797571 0.28636797 0.28966106
0.26566445 0.25527176 0.29741332 0.28623894 0.27741395 0.30981676 0.28482164 0.26797571 0.28636797 0.28966106
0.26566445 0.25527176 0.29741332 0.28623894 0.27741395 0.30981676 0.28482164 0.26797571 0.28636797 0.28966106
0.26277978 0.25627483 0.28576107 0.28100967 0.27240078 0.31393889 0.28732521 0.26961007 0.28362659 0.28787886
0.26277978 0.25627483 0.28576107 0.28100967 0.27240078 0.31393889 0.28732521 0.26961007 0.28362659 0.28787886
0.26277978 0.25627483 0.28576107 0.28100967 0.27240078 0.31393889 0.28732521 0.26961007 0.28362659 0.28787886
0.26277978 0.25627483 0.28576107 0.28100967 0.27240078 0.31393889 0.28732521 0.26961007 0.28362659 0.28787886
0.26277978 0.25627483 0.28576107 0.28100967 0.27240078 0.31393889 0.28732521 0.26961007 0.28362659 0.28787886
0.26277978 0.25627483 0.28576107 0.28100967 0.27240078 0.31393889 0.28732521 0.26961007 0.28362659 0.28787886
0.26202188 0.26119173 0.28356278 0.27930427 0.27136779 0.31782523 0.28405461 0.26441627 0.27851912 0.29252683
0.26202188 0.26119173 0.28356278 0.27930427 0.27136779 0.31782523 0.28405461 0.26441627 0.27851912 0.29252683
0.26202188 0.26119173 0.28356278 0.27930427 0.27136779 0.31782523 0.28405461 0.26441627 0.27851912 0.29252683
0.26202188 0.26119173 0.28356278 0.27930427 0.27136779 0.31782523 0.28405461 0.26441627 0.27851912 0.29252683
0.26202188 0.26119173 0.28356278 0.27930427 0.27136779 0.31782523 0.28405461 0.26441627 0.27851912 0.29252683
0.26202188 0.26119173 0.28356278 0.27930427 0.27136779 0.31782523 0.28405461 0.26441627 0.27851912 0.29252683
0.26202188 0.26119173 0.28356278 0.27930427 0.27136779 0.31782523 0.28405461 0.26441627 0.27851912 0.29252683
0.26202188 0.26119173 0.28356278 0.27930427 0.27136779 0.31782523 0.28405461 0.26441627 0.27851912 0.29252683
0.26202188 0.26119173 0.28356278 0.27930427 0.27136779 0.31782523 0.28405461 0.26441627 0.27851912 0.29252683
0.26202188 0.26119173 0.28356278 0.27930427 0.27136779 0.31782523 0.28405461 0.26441627 0.27851912 0.29252683
0.26202188 0.26119173 0.28356278 0.27930427 0.27136779 0.31782523 0.28405461 0.26441627 0.27851912 0.29252683
0.26202188 0.26119173 0.28356278 0.27930427 0.27136779 0.31782523 0.28405461 0.26441627 0.27851912 0.29252683
0.26202188 0.26119173 0.28356278 0.27930427 0.27136779 0.31782523 0.28405461 0.26441627 0.27851912 0.29252683
0.26202188 0.26119173 0.28356278 0.27930427 0.27136779 0.31782523 0.28405461 0.26441627 0.27851912 0.29252683
0.26202188 0.26119173 0.28356278 0.27930427 0.27136779 0.31782523 0.28405461 0.26441627 0.27851912 0.29252683
0.26202188 0.26119173 0.28356278 0.27930427 0.27136779 0.31782523 0.28405461 0.26441627 0.27851912 0.29252683
0.26107320 0.26078159 0.28199350 0.27772501 0.26878597 0.32084522 0.28602422 0.26678093 0.28382093 0.29479409
0.26107320 0.26078159 0.28199350 0.27772501 0.26878597 0.32084522 0.28602422 0.26678093 0.28382093 0.29479409
0.26107320 0.26078159 0.28199350 0.27772501 0.26878597 0.32084522 0.28602422 0.26678093 0.28382093 0.29479409
0.26107320 0.26078159 0.28199350 0.27772501 0.26878597 0.32084522 0.28602422 0.26678093 0.28382093 0.29479409
0.26107320 0.26078159 0.28199350 0.27772501 0.26878597 0.32084522 0.28602422 0.26678093 0.28382093 0.29479409
0.26107320 0.26078159 0.28199350 0.27772501 0.26878597 0.32084522 0.28602422 0.26678093 0.28382093 0.29479409
0.26107320 0.26078159 0.28199350 0.27772501 0.26878597 0.32084522 0.28602422 0.26678093 0.28382093 0.29479409
0.26107320 0.26078159 0.28199350 0.27772501 0.26878597 0.32084522 0.28602422 0.26678093 0.28382093 0.29479409
0.26107320 0.26078159 0.28199350 0.27772501 0.26878597 0.32084522 0.28602422 0.26678093 0.28382093 0.29479409
0.26107320 0.26078159 0.28199350 0.27772501 0.26878597 0.32084522 0.28602422 0.26678093 0.28382093 0.29479409
0.26107320 0.26078159 0.28199350 0.27772501 0.26878597 0.32084522 0.28602422 0.26678093 0.28382093 0.29479409
0.26107320 0.26078159 0.28199350 0.27772501 0.26878597 0.32084522 0.28602422 0.26678093 0.28382093 0.29479409
0.26107320 0.26078159 0.28199350 0.27772501 0.26878597 0.32084522 0.28602422 0.26678093 0.28382093 0.29479409
0.26107320 0.26078159 0.28199350 0.27772501 0.26878597 0.32084522 0.28602422 0.26678093 0.28382093 0.29479409
0.26107320 0.26078159 0.28199350 0.27772501 0.26878597 0.32084522 0.28602422 0.26678093 0.28382093 0.29479409
0.26107320 0.26078159 0.28199350 0.27772501 0.26878597 0.32084522 0.28602422 0.26678093 0.28382093 0.29479409
0.26107320 0.26078159 0.28199350 0.27772501 0.26878597 0.32084522 0.28602422 0.26678093 0.28382093 0.29479409
0.26102328 0.26070954 0.27561286 0.28107456 0.27150663 0.32516573 0.27833482 0.26549226 0.28298713 0.29427365
0.26102328 0.26070954 0.27561286 0.28107456 0.27150663 0.32516573 0.27833482 0.26549226 0.28298713 0.29427365
0.26102328 0.26070954 0.27561286 0.28107456 0.27150663 0.32516573 0.27833482 0.26549226 0.28298713 0.29427365
0.26102328 0.26070954 0.27561286 0.28107456 0.27150663 0.32516573 0.27833482 0.26549226 0.28298713 0.29427365
0.26102328 0.26070954 0.27561286 0.28107456 0.27150663 0.32516573 0.27833482 0.26549226 0.28298713 0.29427365
0.26102328 0.26070954 0.27561286 0.28107456 0.27150663 0.32516573 0.27833482 0.26549226 0.28298713 0.29427365
0.26102328 0.26070954 0.27561286 0.28107456 0.27150663 0.32516573 0.27833482 0.26549226 0.28298713 0.29427365
0.26176045 0.25973974 0.27177701 0.28212069 0.27103487 0.32335347 0.28254615 0.26280370 0.28331080 0.29805494
0.26176045 0.25973974 0.27177701 0.28212069 0.27103487 0.32335347 0.28254615 0.26280370 0.28331080 0.29805494
0.26176045 0.25973974 0.27177701 0.28212069 0.27103487 0.32335347 0.28254615 0.26280370 0.28331080 0.29805494
0.26176045 0.25973974 0.27177701 0.28212069 0.27103487 0.32335347 0.28254615 0.26280370 0.28331080 0.29805494
0.26176045 0.25973974 0.27177701 0.28212069 0.27103487 0.32335347 0.28254615 0.26280370 0.28331080 0.29805494
0.26176045 0.25973974 0.27177701 0.28212069 0.27103487 0.32335347 0.28254615 0.26280370 0.28331080 0.29805494
0.26176045 0.25973974 0.27177701 0.28212069 0.27103487 0.32335347 0.28254615 0.26280370 0.28331080 0.29805494
0.26176045 0.25973974 0.27177701 0.28212069 0.27103487 0.32335347 0.28254615 0.26280370 0.28331080 0.29805494
0.26176045 0.25973974 0.27177701 0.28212069 0.27103487 0.32335347 0.28254615 0.26280370 0.28331080 0.29805494
0.26176045 0.25973974 0.27177701 0.28212069 0.27103487 0.32335347 0.28254615 0.26280370 0.28331080 0.29805494
0.26176045 0.25973974 0.27177701 0.28212069 0.27103487 0.32335347 0.28254615 0.26280370 0.28331080 0.29805494
0.26176045 0.25973974 0.27177701 0.28212069 0.27103487 0.32335347 0.28254615 0.26280370 0.28331080 0.29805494
0.26176045 0.25973974 0.27177701 0.28212069 0.27103487 0.32335347 0.28254615 0.26280370 0.28331080 0.29805494
0.26176045 0.25973974 0.27177701 0.28212069 0.27103487 0.32335347 0.28254615 0.26280370 0.28331080 0.29805494
0.26176045 0.25973974 0.27177701 0.28212069 0.27103487 0.32335347 0.28254615 0.26280370 0.28331080 0.29805494
0.26176045 0.25973974 0.27177701 0.28212069 0.27103487 0.32335347 0.28254615 0.26280370 0.28331080 0.29805494
0.26176045 0.25973974 0.27177701 0.28212069 0.27103487 0.32335347 0.28254615 0.26280370 0.28331080 0.29805494
0.26176045 0.25973974 0.27177701 0.28212069 0.27103487 0.32335347 0.28254615 0.26280370 0.28331080 0.29805494
0.26176045 0.25973974 0.27177701 0.28212069 0.27103487 0.32335347 0.28254615 0.26280370 0.28331080 0.29805494
0.26176045 0.25973974 0.27177701 0.28212069 0.27103487 0.32335347 0.28254615 0.26280370 0.28331080 0.29805494
0.26176045 0.25973974 0.27177701 0.28212069 0.27103487 0.32335347 0.28254615 0.26280370 0.28331080 0.29805494
0.26176045 0.25973974 0.27177701 0.28212069 0.27103487 0.32335347 0.28254615 0.26280370 0.28331080 0.29805494
0.26176045 0.25973974 0.27177701 0.28212069 0.27103487 0.32335347 0.28254615 0.26280370 0.28331080 0.29805494
0.26176045 0.25973974 0.27177701 0.28212069 0.27103487 0.32335347 0.28254615 0.26280370 0.28331080 0.29805494
0.26176045 0.25973974 0.27177701 0.28212069 0.27103487 0.32335347 0.28254615 0.26280370 0.28331080 0.29805494
0.26176045 0.25973974 0.27177701 0.28212069 0.27103487 0.32335347 0.28254615 0.26280370 0.28331080 0.29805494
0.26176045 0.25973974 0.27177701 0.28212069 0.27103487 0.32335347 0.28254615 0.26280370 0.28331080 0.29805494
0.26248172 0.26368352 0.27538673 0.27981713 0.27105673 0.32991737 0.27888788 0.26130907 0.27846600 0.30562851
0.26248172 0.26368352 0.27538673 0.27981713 0.27105673 0.32991737 0.27888788 0.26130907 0.27846600 0.30562851
0.26248172 0.26368352 0.27538673 0.27981713 0.27105673 0.32991737 0.27888788 0.26130907 0.27846600 0.30562851
0.26248172 0.26368352 0.27538673 0.27981713 0.27105673 0.32991737 0.27888788 0.26130907 0.27846600 0.30562851
0.26248172 0.26368352 0.27538673 0.27981713 0.27105673 0.32991737 0.27888788 0.26130907 0.27846600 0.30562851
0.26248172 0.26368352 0.27538673 0.27981713 0.27105673 0.32991737 0.27888788 0.26130907 0.27846600 0.30562851
0.26248172 0.26368352 0.27538673 0.27981713 0.27105673 0.32991737 0.27888788 0.26130907 0.27846600 0.30562851
0.26248172 0.26368352 0.27538673 0.27981713 0.27105673 0.32991737 0.27888788 0.26130907 0.27846600 0.30562851
0.26248172 0.26368352 0.27538673 0.27981713 0.27105673 0.32991737 0.27888788 0.26130907 0.27846600 0.30562851
0.26248172 0.26368352 0.27538673 0.27981713 0.27105673 0.32991737 0.27888788 0.26130907 0.27846600 0.30562851
0.26248172 0.26368352 0.27538673 0.27981713 0.27105673 0.32991737 0.27888788 0.26130907 0.27846600 0.30562851
0.26248172 0.26368352 0.27538673 0.27981713 0.27105673 0.32991737 0.27888788 0.26130907 0.27846600 0.30562851
0.26248172 0.26368352 0.27538673 0.27981713 0.27105673 0.32991737 0.27888788 0.26130907 0.27846600 0.30562851
0.26248172 0.26368352 0.27538673 0.27981713 0.27105673 0.32991737 0.27888788 0.26130907 0.27846600 0.30562851
0.26248172 0.26368352 0.27538673 0.27981713 0.27105673 0.32991737 0.27888788 0.26130907 0.27846600 0.30562851
0.26248172 0.26368352 0.27538673 0.27981713 0.27105673 0.32991737 0.27888788 0.26130907 0.27846600 0.30562851
0.26248172 0.26368352 0.27538673 0.27981713 0.27105673 0.32991737 0.27888788 0.26130907 0.27846600 0.30562851
0.26248172 0.26368352 0.27538673 0.27981713 0.27105673 0.32991737 0.27888788 0.26130907 0.27846600 0.30562851
0.26248172 0.26368352 0.27538673 0.27981713 0.27105673 0.32991737 0.27888788 0.26130907 0.27846600 0.30562851
0.26248172 0.26368352 0.27538673 0.27981713 0.27105673 0.32991737 0.27888788 0.26130907 0.27846600 0.30562851
0.26248172 0.26368352 0.27538673 0.27981713 0.27105673 0.32991737 0.27888788 0.26130907 0.27846600 0.30562851
0.26248172 0.26368352 0.27538673 0.27981713 0.27105673 0.32991737 0.27888788 0.26130907 0.27846600 0.30562851
0.26248172 0.26368352 0.27538673 0.27981713 0.27105673 0.32991737 0.27888788 0.26130907 0.27846600 0.30562851
0.26248172 0.26368352 0.27538673 0.27981713 0.27105673 0.32991737 0.27888788 0.26130907 0.27846600 0.30562851
0.26248172 0.26368352 0.27538673 0.27981713 0.27105673 0.32991737 0.27888788 0.26130907 0.27846600 0.30562851
0.26248172 0.26368352 0.27538673 0.27981713 0.27105673 0.32991737 0.27888788 0.26130907 0.27846600 0.30562851
0.26248172 0.26368352 0.27538673 0.27981713 0.27105673 0.32991737 0.27888788 0.26130907 0.27846600 0.30562851
0.26248172 0.26368352 0.27538673 0.27981713 0.27105673 0.32991737 0.27888788 0.26130907 0.27846600 0.30562851
0.26248172 0.26368352 0.27538673 0.27981713 0.27105673 0.32991737 0.27888788 0.26130907 0.27846600 0.30562851
0.26248172 0.26368352 0.27538673 0.27981713 0.27105673 0.32991737 0.27888788 0.26130907 0.27846600 0.30562851
0.26248172 0.26368352 0.27538673 0.27981713 0.27105673 0.32991737 0.27888788 0.26130907 0.27846600 0.30562851
0.26248172 0.26368352 0.27538673 0.27981713 0.27105673 0.32991737 0.27888788 0.26130907 0.27846600 0.30562851
0.26248172 0.26368352 0.27538673 0.27981713 0.27105673 0.32991737 0.27888788 0.26130907 0.27846600 0.30562851
0.26248172 0.26368352 0.27538673 0.27981713 0.27105673 0.32991737 0.27888788 0.26130907 0.27846600 0.30562851
0.26248172 0.26368352 0.27538673 0.27981713 0.27105673 0.32991737 0.27888788 0.26130907 0.27846600 0.30562851
0.26248172 0.26368352 0.27538673 0.27981713 0.27105673 0.32991737 0.27888788 0.26130907 0.27846600 0.30562851
0.26248172 0.26368352 0.27538673 0.27981713 0.27105673 0.32991737 0.27888788 0.26130907 0.27846600 0.30562851
0.26248172 0.26368352 0.27538673 0.27981713 0.27105673 0.32991737 0.27888788 0.26130907 0.27846600 0.30562851
0.26248172 0.26368352 0.27538673 0.27981713 0.27105673 0.32991737 0.27888788 0.26130907 0.27846600 0.30562851
