0.00000000 0.00000000 0.00000000 0.00000000 0.00000000 0.00000000 0.00000000 0.00000000 0.00000000 0.00000000
0.00000000 0.00000000 0.00000000 0.00000000 0.00000000 0.00000000 0.00000000 0.00000000 0.00000000 0.00000000
0.30022756 0.28976019 0.26977749 0.31733125 0.32773509 0.28640189 0.26517719 0.26849435 0.30720873 0.26169126
0.30022756 0.28976019 0.26977749 0.31733125 0.32773509 0.28640189 0.26517719 0.26849435 0.30720873 0.26169126
0.30022756 0.28976019 0.26977749 0.31733125 0.32773509 0.28640189 0.26517719 0.26849435 0.30720873 0.26169126
0.30022756 0.28976019 0.26977749 0.31733125 0.32773509 0.28640189 0.26517719 0.26849435 0.30720873 0.26169126
0.30022756 0.28976019 0.26977749 0.31733125 0.32773509 0.28640189 0.26517719 0.26849435 0.30720873 0.26169126
0.30022756 0.28976019 0.26977749 0.31733125 0.32773509 0.28640189 0.26517719 0.26849435 0.30720873 0.26169126
0.30022756 0.28976019 0.26977749 0.31733125 0.32773509 0.28640189 0.26517719 0.26849435 0.30720873 0.26169126
0.30022756 0.28976019 0.26977749 0.31733125 0.32773509 0.28640189 0.26517719 0.26849435 0.30720873 0.26169126
0.30022756 0.28976019 0.26977749 0.31733125 0.32773509 0.28640189 0.26517719 0.26849435 0.30720873 0.26169126
0.30022756 0.28976019 0.26977749 0.31733125 0.32773509 0.28640189 0.26517719 0.26849435 0.30720873 0.26169126
0.30022756 0.28976019 0.26977749 0.31733125 0.32773509 0.28640189 0.26517719 0.26849435 0.30720873 0.26169126
0.30022756 0.28976019 0.26977749 0.31733125 0.32773509 0.28640189 0.26517719 0.26849435 0.30720873 0.26169126
0.30022756 0.28976019 0.26977749 0.31733125 0.32773509 0.28640189 0.26517719 0.26849435 0.30720873 0.26169126
0.30022756 0.28976019 0.26977749 0.31733125 0.32773509 0.28640189 0.26517719 0.26849435 0.30720873 0.26169126
0.30022756 0.28976019 0.26977749 0.31733125 0.32773509 0.28640189 0.26517719 0.26849435 0.30720873 0.26169126
0.30022756 0.28976019 0.26977749 0.31733125 0.32773509 0.28640189 0.26517719 0.26849435 0.30720873 0.26169126
0.30022756 0.28976019 0.26977749 0.31733125 0.32773509 0.28640189 0.26517719 0.26849435 0.30720873 0.26169126
0.30022756 0.28976019 0.26977749 0.31733125 0.32773509 0.28640189 0.26517719 0.26849435 0.30720873 0.26169126
0.30022756 0.28976019 0.26977749 0.31733125 0.32773509 0.28640189 0.26517719 0.26849435 0.30720873 0.26169126
0.30022756 0.28976019 0.26977749 0.31733125 0.32773509 0.28640189 0.26517719 0.26849435 0.30720873 0.26169126
0.30022756 0.28976019 0.26977749 0.31733125 0.32773509 0.28640189 0.26517719 0.26849435 0.30720873 0.26169126
0.30022756 0.28976019 0.26977749 0.31733125 0.32773509 0.28640189 0.26517719 0.26849435 0.30720873 0.26169126
0.30022756 0.28976019 0.26977749 0.31733125 0.32773509 0.28640189 0.26517719 0.26849435 0.30720873 0.26169126
0.30022756 0.28976019 0.26977749 0.31733125 0.32773509 0.28640189 0.26517719 0.26849435 0.30720873 0.26169126
0.30022756 0.28976019 0.26977749 0.31733125 0.32773509 0.28640189 0.26517719 0.26849435 0.30720873 0.26169126
0.30022756 0.28976019 0.26977749 0.31733125 0.32773509 0.28640189 0.26517719 0.26849435 0.30720873 0.26169126
0.30022756 0.28976019 0.26977749 0.31733125 0.32773509 0.28640189 0.26517719 0.26849435 0.30720873 0.26169126
0.30022756 0.28976019 0.26977749 0.31733125 0.32773509 0.28640189 0.26517719 0.26849435 0.30720873 0.26169126
0.30022756 0.28976019 0.26977749 0.31733125 0.32773509 0.28640189 0.26517719 0.26849435 0.30720873 0.26169126
0.30022756 0.28976019 0.26977749 0.31733125 0.32773509 0.28640189 0.26517719 0.26849435 0.30720873 0.26169126
0.30022756 0.28976019 0.26977749 0.31733125 0.32773509 0.28640189 0.26517719 0.26849435 0.30720873 0.26169126
0.30022756 0.28976019 0.26977749 0.31733125 0.32773509 0.28640189 0.26517719 0.26849435 0.30720873 0.26169126
0.30022756 0.28976019 0.26977749 0.31733125 0.32773509 0.28640189 0.26517719 0.26849435 0.30720873 0.26169126
0.30022756 0.28976019 0.26977749 0.31733125 0.32773509 0.28640189 0.26517719 0.26849435 0.30720873 0.26169126
0.30022756 0.28976019 0.26977749 0.31733125 0.32773509 0.28640189 0.26517719 0.26849435 0.30720873 0.26169126
0.30022756 0.28976019 0.26977749 0.31733125 0.32773509 0.28640189 0.26517719 0.26849435 0.30720873 0.26169126
0.30022756 0.28976019 0.26977749 0.31733125 0.32773509 0.28640189 0.26517719 0.26849435 0.30720873 0.26169126
0.30022756 0.28976019 0.26977749 0.31733125 0.32773509 0.28640189 0.26517719 0.26849435 0.30720873 0.26169126
0.30022756 0.28976019 0.26977749 0.31733125 0.32773509 0.28640189 0.26517719 0.26849435 0.30720873 0.26169126
0.30022756 0.28976019 0.26977749 0.31733125 0.32773509 0.28640189 0.26517719 0.26849435 0.30720873 0.26169126
0.30022756 0.28976019 0.26977749 0.31733125 0.32773509 0.28640189 0.26517719 0.26849435 0.30720873 0.26169126
0.30022756 0.28976019 0.26977749 0.31733125 0.32773509 0.28640189 0.26517719 0.26849435 0.30720873 0.26169126
0.30022756 0.28976019 0.26977749 0.31733125 0.32773509 0.28640189 0.26517719 0.26849435 0.30720873 0.26169126
0.30022756 0.28976019 0.26977749 0.31733125 0.32773509 0.28640189 0.26517719 0.26849435 0.30720873 0.26169126
0.29192580 0.28133638 0.27116088 0.31805408 0.33555957 0.28941508 0.26241281 0.26960033 0.30156276 0.26388111
0.29192580 0.28133638 0.27116088 0.31805408 0.33555957 0.28941508 0.26241281 0.26960033 0.30156276 0.26388111
0.29192580 0.28133638 0.27116088 0.31805408 0.33555957 0.28941508 0.26241281 0.26960033 0.30156276 0.26388111
0.29192580 0.28133638 0.27116088 0.31805408 0.33555957 0.28941508 0.26241281 0.26960033 0.30156276 0.26388111
0.29192580 0.28133638 0.27116088 0.31805408 0.33555957 0.28941508 0.26241281 0.26960033 0.30156276 0.26388111
0.29192580 0.28133638 0.27116088 0.31805408 0.33555957 0.28941508 0.26241281 0.26960033 0.30156276 0.26388111
0.29192580 0.28133638 0.27116088 0.31805408 0.33555957 0.28941508 0.26241281 0.26960033 0.30156276 0.26388111
0.29192580 0.28133638 0.27116088 0.31805408 0.33555957 0.28941508 0.26241281 0.26960033 0.30156276 0.26388111
0.29192580 0.28133638 0.27116088 0.31805408 0.33555957 0.28941508 0.26241281 0.26960033 0.30156276 0.26388111
0.29192580 0.28133638 0.27116088 0.31805408 0.33555957 0.28941508 0.26241281 0.26960033 0.30156276 0.26388111
0.29192580 0.28133638 0.27116088 0.31805408 0.33555957 0.28941508 0.26241281 0.26960033 0.30156276 0.26388111
0.29192580 0.28133638 0.27116088 0.31805408 0.33555957 0.28941508 0.26241281 0.26960033 0.30156276 0.26388111
0.29192580 0.28133638 0.27116088 0.31805408 0.33555957 0.28941508 0.26241281 0.26960033 0.30156276 0.26388111
0.29192580 0.28133638 0.27116088 0.31805408 0.33555957 0.28941508 0.26241281 0.26960033 0.30156276 0.26388111
0.29192580 0.28133638 0.27116088 0.31805408 0.33555957 0.28941508 0.26241281 0.26960033 0.30156276 0.26388111
0.29192580 0.28133638 0.27116088 0.31805408 0.33555957 0.28941508 0.26241281 0.26960033 0.30156276 0.26388111
0.29192580 0.28133638 0.27116088 0.31805408 0.33555957 0.28941508 0.26241281 0.26960033 0.30156276 0.26388111
0.29192580 0.28133638 0.27116088 0.31805408 0.33555957 0.28941508 0.26241281 0.26960033 0.30156276 0.26388111
0.29192580 0.28133638 0.27116088 0.31805408 0.33555957 0.28941508 0.26241281 0.26960033 0.30156276 0.26388111
0.29192580 0.28133638 0.27116088 0.31805408 0.33555957 0.28941508 0.26241281 0.26960033 0.30156276 0.26388111
0.29192580 0.28133638 0.27116088 0.31805408 0.33555957 0.28941508 0.26241281 0.26960033 0.30156276 0.26388111
0.29192580 0.28133638 0.27116088 0.31805408 0.33555957 0.28941508 0.26241281 0.26960033 0.30156276 0.26388111
0.29192580 0.28133638 0.27116088 0.31805408 0.33555957 0.28941508 0.26241281 0.26960033 0.30156276 0.26388111
0.29192580 0.28133638 0.27116088 0.31805408 0.33555957 0.28941508 0.26241281 0.26960033 0.30156276 0.26388111
0.29192580 0.28133638 0.27116088 0.31805408 0.33555957 0.28941508 0.26241281 0.26960033 0.30156276 0.26388111
0.29192580 0.28133638 0.27116088 0.31805408 0.33555957 0.28941508 0.26241281 0.26960033 0.30156276 0.26388111
0.29192580 0.28133638 0.27116088 0.31805408 0.33555957 0.28941508 0.26241281 0.26960033 0.30156276 0.26388111
0.29192580 0.28133638 0.27116088 0.31805408 0.33555957 0.28941508 0.26241281 0.26960033 0.30156276 0.26388111
0.29192580 0.28133638 0.27116088 0.31805408 0.33555957 0.28941508 0.26241281 0.26960033 0.30156276 0.26388111
0.29192580 0.28133638 0.27116088 0.31805408 0.33555957 0.28941508 0.26241281 0.26960033 0.30156276 0.26388111
0.29192580 0.28133638 0.27116088 0.31805408 0.33555957 0.28941508 0.26241281 0.26960033 0.30156276 0.26388111
0.29192580 0.28133638 0.27116088 0.31805408 0.33555957 0.28941508 0.26241281 0.26960033 0.30156276 0.26388111
0.29192580 0.28133638 0.27116088 0.31805408 0.33555957 0.28941508 0.26241281 0.26960033 0.30156276 0.26388111
0.29192580 0.28133638 0.27116088 0.31805408 0.33555957 0.28941508 0.26241281 0.26960033 0.30156276 0.26388111
0.29192580 0.28133638 0.27116088 0.31805408 0.33555957 0.28941508 0.26241281 0.26960033 0.30156276 0.26388111
0.29192580 0.28133638 0.27116088 0.31805408 0.33555957 0.28941508 0.26241281 0.26960033 0.30156276 0.26388111
0.29265746 0.28352480 0.27326061 0.31038919 0.33827258 0.29696237 0.26261746 0.27033887 0.29774904 0.26325702
0.29265746 0.28352480 0.27326061 0.31038919 0.33827258 0.29696237 0.26261746 0.27033887 0.29774904 0.26325702
0.29265746 0.28352480 0.27326061 0.31038919 0.33827258 0.29696237 0.26261746 0.27033887 0.29774904 0.26325702
0.29265746 0.28352480 0.27326061 0.31038919 0.33827258 0.29696237 0.26261746 0.27033887 0.29774904 0.26325702
0.29265746 0.28352480 0.27326061 0.31038919 0.33827258 0.29696237 0.26261746 0.27033887 0.29774904 0.26325702
0.29265746 0.28352480 0.27326061 0.31038919 0.33827258 0.29696237 0.26261746 0.27033887 0.29774904 0.26325702
0.29265746 0.28352480 0.27326061 0.31038919 0.33827258 0.29696237 0.26261746 0.27033887 0.29774904 0.26325702
0.29265746 0.28352480 0.27326061 0.31038919 0.33827258 0.29696237 0.26261746 0.27033887 0.29774904 0.26325702
0.29265746 0.28352480 0.27326061 0.31038919 0.33827258 0.29696237 0.26261746 0.27033887 0.29774904 0.26325702
0.29265746 0.28352480 0.27326061 0.31038919 0.33827258 0.29696237 0.26261746 0.27033887 0.29774904 0.26325702
0.29265746 0.28352480 0.27326061 0.31038919 0.33827258 0.29696237 0.26261746 0.27033887 0.29774904 0.26325702
0.29265746 0.28352480 0.27326061 0.31038919 0.33827258 0.29696237 0.26261746 0.27033887 0.29774904 0.26325702
0.29265746 0.28352480 0.27326061 0.31038919 0.33827258 0.29696237 0.26261746 0.27033887 0.29774904 0.26325702
0.29265746 0.28352480 0.27326061 0.31038919 0.33827258 0.29696237 0.26261746 0.27033887 0.29774904 0.26325702
0.29265746 0.28352480 0.27326061 0.31038919 0.33827258 0.29696237 0.26261746 0.27033887 0.29774904 0.26325702
0.29265746 0.28352480 0.27326061 0.31038919 0.33827258 0.29696237 0.26261746 0.27033887 0.29774904 0.26325702
0.29265746 0.28352480 0.27326061 0.31038919 0.33827258 0.29696237 0.26261746 0.27033887 0.29774904 0.26325702
0.29265746 0.28352480 0.27326061 0.31038919 0.33827258 0.29696237 0.26261746 0.27033887 0.29774904 0.26325702
0.29265746 0.28352480 0.27326061 0.31038919 0.33827258 0.29696237 0.26261746 0.27033887 0.29774904 0.26325702
0.29387079 0.28434205 0.27300482 0.30971523 0.33949510 0.29929784 0.26137437 0.26856600 0.29883822 0.26168381
0.29387079 0.28434205 0.27300482 0.30971523 0.33949510 0.29929784 0.26137437 0.26856600 0.29883822 0.26168381
0.29387079 0.28434205 0.27300482 0.30971523 0.33949510 0.29929784 0.26137437 0.26856600 0.29883822 0.26168381
0.29387079 0.28434205 0.27300482 0.30971523 0.33949510 0.29929784 0.26137437 0.26856600 0.29883822 0.26168381
0.29387079 0.28434205 0.27300482 0.30971523 0.33949510 0.29929784 0.26137437 0.26856600 0.29883822 0.26168381
0.29387079 0.28434205 0.27300482 0.30971523 0.33949510 0.29929784 0.26137437 0.26856600 0.29883822 0.26168381
0.29387079 0.28434205 0.27300482 0.30971523 0.33949510 0.29929784 0.26137437 0.26856600 0.29883822 0.26168381
0.29387079 0.28434205 0.27300482 0.30971523 0.33949510 0.29929784 0.26137437 0.26856600 0.29883822 0.26168381
0.29387079 0.28434205 0.27300482 0.30971523 0.33949510 0.29929784 0.26137437 0.26856600 0.29883822 0.26168381
0.29387079 0.28434205 0.27300482 0.30971523 0.33949510 0.29929784 0.26137437 0.26856600 0.29883822 0.26168381
0.29387079 0.28434205 0.27300482 0.30971523 0.33949510 0.29929784 0.26137437 0.26856600 0.29883822 0.26168381
0.29387079 0.28434205 0.27300482 0.30971523 0.33949510 0.29929784 0.26137437 0.26856600 0.29883822 0.26168381
0.29387079 0.28434205 0.27300482 0.30971523 0.33949510 0.29929784 0.26137437 0.26856600 0.29883822 0.26168381
0.29387079 0.28434205 0.27300482 0.30971523 0.33949510 0.29929784 0.26137437 0.26856600 0.29883822 0.26168381
0.29387079 0.28434205 0.27300482 0.30971523 0.33949510 0.29929784 0.26137437 0.26856600 0.29883822 0.26168381
0.29387079 0.28434205 0.27300482 0.30971523 0.33949510 0.29929784 0.26137437 0.26856600 0.29883822 0.26168381
0.29387079 0.28434205 0.27300482 0.30971523 0.33949510 0.29929784 0.26137437 0.26856600 0.29883822 0.26168381
0.29387079 0.28434205 0.27300482 0.30971523 0.33949510 0.29929784 0.26137437 0.26856600 0.29883822 0.26168381
0.29387079 0.28434205 0.27300482 0.30971523 0.33949510 0.29929784 0.26137437 0.26856600 0.29883822 0.26168381
0.29387079 0.28434205 0.27300482 0.30971523 0.33949510 0.29929784 0.26137437 0.26856600 0.29883822 0.26168381
0.29387079 0.28434205 0.27300482 0.30971523 0.33949510 0.29929784 0.26137437 0.26856600 0.29883822 0.26168381
0.29387079 0.28434205 0.27300482 0.30971523 0.33949510 0.29929784 0.26137437 0.26856600 0.29883822 0.26168381
0.29387079 0.28434205 0.27300482 0.30971523 0.33949510 0.29929784 0.26137437 0.26856600 0.29883822 0.26168381
0.29387079 0.28434205 0.27300482 0.30971523 0.33949510 0.29929784 0.26137437 0.26856600 0.29883822 0.26168381
0.29387079 0.28434205 0.27300482 0.30971523 0.33949510 0.29929784 0.26137437 0.26856600 0.29883822 0.26168381
0.29387079 0.28434205 0.27300482 0.30971523 0.33949510 0.29929784 0.26137437 0.26856600 0.29883822 0.26168381
0.29387079 0.28434205 0.27300482 0.30971523 0.33949510 0.29929784 0.26137437 0.26856600 0.29883822 0.26168381
0.29387079 0.28434205 0.27300482 0.30971523 0.33949510 0.29929784 0.26137437 0.26856600 0.29883822 0.26168381
0.29387079 0.28434205 0.27300482 0.30971523 0.33949510 0.29929784 0.26137437 0.26856600 0.29883822 0.26168381
0.29387079 0.28434205 0.27300482 0.30971523 0.33949510 0.29929784 0.26137437 0.26856600 0.29883822 0.26168381
0.29387079 0.28434205 0.27300482 0.30971523 0.33949510 0.29929784 0.26137437 0.26856600 0.29883822 0.26168381
0.29387079 0.28434205 0.27300482 0.30971523 0.33949510 0.29929784 0.26137437 0.26856600 0.29883822 0.26168381
0.29387079 0.28434205 0.27300482 0.30971523 0.33949510 0.29929784 0.26137437 0.26856600 0.29883822 0.26168381
0.29387079 0.28434205 0.27300482 0.30971523 0.33949510 0.29929784 0.26137437 0.26856600 0.29883822 0.26168381
0.29387079 0.28434205 0.27300482 0.30971523 0.33949510 0.29929784 0.26137437 0.26856600 0.29883822 0.26168381
0.29387079 0.28434205 0.27300482 0.30971523 0.33949510 0.29929784 0.26137437 0.26856600 0.29883822 0.26168381
0.29387079 0.28434205 0.27300482 0.30971523 0.33949510 0.29929784 0.26137437 0.26856600 0.29883822 0.26168381
0.29387079 0.28434205 0.27300482 0.30971523 0.33949510 0.29929784 0.26137437 0.26856600 0.29883822 0.26168381
0.29387079 0.28434205 0.27300482 0.30971523 0.33949510 0.29929784 0.26137437 0.26856600 0.29883822 0.26168381
0.28704951 0.28123011 0.27464709 0.30000118 0.34136537 0.29581458 0.26038886 0.27048826 0.29864012 0.26336047
0.28704951 0.28123011 0.27464709 0.30000118 0.34136537 0.29581458 0.26038886 0.27048826 0.29864012 0.26336047
0.28704951 0.28123011 0.27464709 0.30000118 0.34136537 0.29581458 0.26038886 0.27048826 0.29864012 0.26336047
0.28704951 0.28123011 0.27464709 0.30000118 0.34136537 0.29581458 0.26038886 0.27048826 0.29864012 0.26336047
0.28704951 0.28123011 0.27464709 0.30000118 0.34136537 0.29581458 0.26038886 0.27048826 0.29864012 0.26336047
0.28704951 0.28123011 0.27464709 0.30000118 0.34136537 0.29581458 0.26038886 0.27048826 0.29864012 0.26336047
0.28704951 0.28123011 0.27464709 0.30000118 0.34136537 0.29581458 0.26038886 0.27048826 0.29864012 0.26336047
0.28704951 0.28123011 0.27464709 0.30000118 0.34136537 0.29581458 0.26038886 0.27048826 0.29864012 0.26336047
0.28704951 0.28123011 0.27464709 0.30000118 0.34136537 0.29581458 0.26038886 0.27048826 0.29864012 0.26336047
0.28704951 0.28123011 0.27464709 0.30000118 0.34136537 0.29581458 0.26038886 0.27048826 0.29864012 0.26336047
0.28704951 0.28123011 0.27464709 0.30000118 0.34136537 0.29581458 0.26038886 0.27048826 0.29864012 0.26336047
0.28704951 0.28123011 0.27464709 0.30000118 0.34136537 0.29581458 0.26038886 0.27048826 0.29864012 0.26336047
0.28704951 0.28123011 0.27464709 0.30000118 0.34136537 0.29581458 0.26038886 0.27048826 0.29864012 0.26336047
0.28704951 0.28123011 0.27464709 0.30000118 0.34136537 0.29581458 0.26038886 0.27048826 0.29864012 0.26336047
0.28704951 0.28123011 0.27464709 0.30000118 0.34136537 0.29581458 0.26038886 0.27048826 0.29864012 0.26336047
0.28704951 0.28123011 0.27464709 0.30000118 0.34136537 0.29581458 0.26038886 0.27048826 0.29864012 0.26336047
0.28704951 0.28123011 0.27464709 0.30000118 0.34136537 0.29581458 0.26038886 0.27048826 0.29864012 0.26336047
0.28704951 0.28123011 0.27464709 0.30000118 0.34136537 0.29581458 0.26038886 0.27048826 0.29864012 0.26336047
0.28704951 0.28123011 0.27464709 0.30000118 0.34136537 0.29581458 0.26038886 0.27048826 0.29864012 0.26336047
0.28704951 0.28123011 0.27464709 0.30000118 0.34136537 0.29581458 0.26038886 0.27048826 0.29864012 0.26336047
0.28704951 0.28123011 0.27464709 0.30000118 0.34136537 0.29581458 0.26038886 0.27048826 0.29864012 0.26336047
0.28704951 0.28123011 0.27464709 0.30000118 0.34136537 0.29581458 0.26038886 0.27048826 0.29864012 0.26336047
0.28704951 0.28123011 0.27464709 0.30000118 0.34136537 0.29581458 0.26038886 0.27048826 0.29864012 0.26336047
0.28704951 0.28123011 0.27464709 0.30000118 0.34136537 0.29581458 0.26038886 0.27048826 0.29864012 0.26336047
0.28704951 0.28123011 0.27464709 0.30000118 0.34136537 0.29581458 0.26038886 0.27048826 0.29864012 0.26336047
0.28704951 0.28123011 0.27464709 0.30000118 0.34136537 0.29581458 0.26038886 0.27048826 0.29864012 0.26336047
0.28704951 0.28123011 0.27464709 0.30000118 0.34136537 0.29581458 0.26038886 0.27048826 0.29864012 0.26336047
0.28615354 0.27934583 0.27456793 0.30078014 0.34232788 0.29163127 0.26219966 0.26952360 0.29824375 0.26489140
0.28615354 0.27934583 0.27456793 0.30078014 0.34232788 0.29163127 0.26219966 0.26952360 0.29824375 0.26489140
0.28615354 0.27934583 0.27456793 0.30078014 0.34232788 0.29163127 0.26219966 0.26952360 0.29824375 0.26489140
0.28615354 0.27934583 0.27456793 0.30078014 0.34232788 0.29163127 0.26219966 0.26952360 0.29824375 0.26489140
0.28615354 0.27934583 0.27456793 0.30078014 0.34232788 0.29163127 0.26219966 0.26952360 0.29824375 0.26489140
0.28615354 0.27934583 0.27456793 0.30078014 0.34232788 0.29163127 0.26219966 0.26952360 0.29824375 0.26489140
0.28615354 0.27934583 0.27456793 0.30078014 0.34232788 0.29163127 0.26219966 0.26952360 0.29824375 0.26489140
0.28615354 0.27934583 0.27456793 0.30078014 0.34232788 0.29163127 0.26219966 0.26952360 0.29824375 0.26489140
0.28615354 0.27934583 0.27456793 0.30078014 0.34232788 0.29163127 0.26219966 0.26952360 0.29824375 0.26489140
0.28615354 0.27934583 0.27456793 0.30078014 0.34232788 0.29163127 0.26219966 0.26952360 0.29824375 0.26489140
0.28615354 0.27934583 0.27456793 0.30078014 0.34232788 0.29163127 0.26219966 0.26952360 0.29824375 0.26489140
0.28615354 0.27934583 0.27456793 0.30078014 0.34232788 0.29163127 0.26219966 0.26952360 0.29824375 0.26489140
0.28615354 0.27934583 0.27456793 0.30078014 0.34232788 0.29163127 0.26219966 0.26952360 0.29824375 0.26489140
0.28615354 0.27934583 0.27456793 0.30078014 0.34232788 0.29163127 0.26219966 0.26952360 0.29824375 0.26489140
0.28615354 0.27934583 0.27456793 0.30078014 0.34232788 0.29163127 0.26219966 0.26952360 0.29824375 0.26489140
0.28615354 0.27934583 0.27456793 0.30078014 0.34232788 0.29163127 0.26219966 0.26952360 0.29824375 0.26489140
0.28473817 0.28551263 0.27190548 0.29686579 0.32512502 0.29277909 0.26488925 0.27110372 0.30543604 0.26405392
0.28473817 0.28551263 0.27190548 0.29686579 0.32512502 0.29277909 0.26488925 0.27110372 0.30543604 0.26405392
0.28473817 0.28551263 0.27190548 0.29686579 0.32512502 0.29277909 0.26488925 0.27110372 0.30543604 0.26405392
0.28473817 0.28551263 0.27190548 0.29686579 0.32512502 0.29277909 0.26488925 0.27110372 0.30543604 0.26405392
0.28473817 0.28551263 0.27190548 0.29686579 0.32512502 0.29277909 0.26488925 0.27110372 0.30543604 0.26405392
0.28473817 0.28551263 0.27190548 0.29686579 0.32512502 0.29277909 0.26488925 0.27110372 0.30543604 0.26405392
0.28473817 0.28551263 0.27190548 0.29686579 0.32512502 0.29277909 0.26488925 0.27110372 0.30543604 0.26405392
0.28473817 0.28551263 0.27190548 0.29686579 0.32512502 0.29277909 0.26488925 0.27110372 0.30543604 0.26405392
0.27820755 0.28337266 0.27281910 0.28930068 0.33068237 0.28855603 0.25858471 0.26799116 0.30709699 0.26484030
0.27820755 0.28337266 0.27281910 0.28930068 0.33068237 0.28855603 0.25858471 0.26799116 0.30709699 0.26484030
0.27820755 0.28337266 0.27281910 0.28930068 0.33068237 0.28855603 0.25858471 0.26799116 0.30709699 0.26484030
0.27820755 0.28337266 0.27281910 0.28930068 0.33068237 0.28855603 0.25858471 0.26799116 0.30709699 0.26484030
0.27820755 0.28337266 0.27281910 0.28930068 0.33068237 0.28855603 0.25858471 0.26799116 0.30709699 0.26484030
0.27820755 0.28337266 0.27281910 0.28930068 0.33068237 0.28855603 0.25858471 0.26799116 0.30709699 0.26484030
0.27820755 0.28337266 0.27281910 0.28930068 0.33068237 0.28855603 0.25858471 0.26799116 0.30709699 0.26484030
0.27820755 0.28337266 0.27281910 0.28930068 0.33068237 0.28855603 0.25858471 0.26799116 0.30709699 0.26484030
0.27820755 0.28337266 0.27281910 0.28930068 0.33068237 0.28855603 0.25858471 0.26799116 0.30709699 0.26484030
0.27820755 0.28337266 0.27281910 0.28930068 0.33068237 0.28855603 0.25858471 0.26799116 0.30709699 0.26484030
0.27820755 0.28337266 0.27281910 0.28930068 0.33068237 0.28855603 0.25858471 0.26799116 0.30709699 0.26484030
0.27820755 0.28337266 0.27281910 0.28930068 0.33068237 0.28855603 0.25858471 0.26799116 0.30709699 0.26484030
0.27820755 0.28337266 0.27281910 0.28930068 0.33068237 0.28855603 0.25858471 0.26799116 0.30709699 0.26484030
0.27820755 0.28337266 0.27281910 0.28930068 0.33068237 0.28855603 0.25858471 0.26799116 0.30709699 0.26484030
0.27820755 0.28337266 0.27281910 0.28930068 0.33068237 0.28855603 0.25858471 0.26799116 0.30709699 0.26484030
0.27820755 0.28337266 0.27281910 0.28930068 0.33068237 0.28855603 0.25858471 0.26799116 0.30709699 0.26484030
0.27820755 0.28337266 0.27281910 0.28930068 0.33068237 0.28855603 0.25858471 0.26799116 0.30709699 0.26484030
0.27820755 0.28337266 0.27281910 0.28930068 0.33068237 0.28855603 0.25858471 0.26799116 0.30709699 0.26484030
0.27820755 0.28337266 0.27281910 0.28930068 0.33068237 0.28855603 0.25858471 0.26799116 0.30709699 0.26484030
0.27820755 0.28337266 0.27281910 0.28930068 0.33068237 0.28855603 0.25858471 0.26799116 0.30709699 0.26484030
0.27820755 0.28337266 0.27281910 0.28930068 0.33068237 0.28855603 0.25858471 0.26799116 0.30709699 0.26484030
0.27820755 0.28337266 0.27281910 0.28930068 0.33068237 0.28855603 0.25858471 0.26799116 0.30709699 0.26484030
0.27820755 0.28337266 0.27281910 0.28930068 0.33068237 0.28855603 0.25858471 0.26799116 0.30709699 0.26484030
0.27820755 0.28337266 0.27281910 0.28930068 0.33068237 0.28855603 0.25858471 0.26799116 0.30709699 0.26484030
0.27820755 0.28337266 0.27281910 0.28930068 0.33068237 0.28855603 0.25858471 0.26799116 0.30709699 0.26484030
0.27791084 0.28293646 0.27415491 0.28980284 0.33572066 0.29211645 0.25858977 0.26804706 0.30741389 0.26492033
0.27791084 0.28293646 0.27415491 0.28980284 0.33572066 0.29211645 0.25858977 0.26804706 0.30741389 0.26492033
0.27791084 0.28293646 0.27415491 0.28980284 0.33572066 0.29211645 0.25858977 0.26804706 0.30741389 0.26492033
0.27791084 0.28293646 0.27415491 0.28980284 0.33572066 0.29211645 0.25858977 0.26804706 0.30741389 0.26492033
0.27791084 0.28293646 0.27415491 0.28980284 0.33572066 0.29211645 0.25858977 0.26804706 0.30741389 0.26492033
0.27791084 0.28293646 0.27415491 0.28980284 0.33572066 0.29211645 0.25858977 0.26804706 0.30741389 0.26492033
0.27791084 0.28293646 0.27415491 0.28980284 0.33572066 0.29211645 0.25858977 0.26804706 0.30741389 0.26492033
0.27791084 0.28293646 0.27415491 0.28980284 0.33572066 0.29211645 0.25858977 0.26804706 0.30741389 0.26492033
0.27791084 0.28293646 0.27415491 0.28980284 0.33572066 0.29211645 0.25858977 0.26804706 0.30741389 0.26492033
0.27791084 0.28293646 0.27415491 0.28980284 0.33572066 0.29211645 0.25858977 0.26804706 0.30741389 0.26492033
0.27791084 0.28293646 0.27415491 0.28980284 0.33572066 0.29211645 0.25858977 0.26804706 0.30741389 0.26492033
0.27791084 0.28293646 0.27415491 0.28980284 0.33572066 0.29211645 0.25858977 0.26804706 0.30741389 0.26492033
0.27791084 0.28293646 0.27415491 0.28980284 0.33572066 0.29211645 0.25858977 0.26804706 0.30741389 0.26492033
0.27791084 0.28293646 0.27415491 0.28980284 0.33572066 0.29211645 0.25858977 0.26804706 0.30741389 0.26492033
0.27791084 0.28293646 0.27415491 0.28980284 0.33572066 0.29211645 0.25858977 0.26804706 0.30741389 0.26492033
0.27791084 0.28293646 0.27415491 0.28980284 0.33572066 0.29211645 0.25858977 0.26804706 0.30741389 0.26492033
0.27791084 0.28293646 0.27415491 0.28980284 0.33572066 0.29211645 0.25858977 0.26804706 0.30741389 0.26492033
0.27791084 0.28293646 0.27415491 0.28980284 0.33572066 0.29211645 0.25858977 0.26804706 0.30741389 0.26492033
0.27363488 0.28126627 0.27573033 0.28889876 0.32731903 0.28973228 0.25979147 0.26977564 0.30057180 0.26489031
0.27363488 0.28126627 0.27573033 0.28889876 0.32731903 0.28973228 0.25979147 0.26977564 0.30057180 0.26489031
0.27363488 0.28126627 0.27573033 0.28889876 0.32731903 0.28973228 0.25979147 0.26977564 0.30057180 0.26489031
0.27363488 0.28126627 0.27573033 0.28889876 0.32731903 0.28973228 0.25979147 0.26977564 0.30057180 0.26489031
0.27363488 0.28126627 0.27573033 0.28889876 0.32731903 0.28973228 0.25979147 0.26977564 0.30057180 0.26489031
0.27363488 0.28126627 0.27573033 0.28889876 0.32731903 0.28973228 0.25979147 0.26977564 0.30057180 0.26489031
0.27363488 0.28126627 0.27573033 0.28889876 0.32731903 0.28973228 0.25979147 0.26977564 0.30057180 0.26489031
0.27363488 0.28126627 0.27573033 0.28889876 0.32731903 0.28973228 0.25979147 0.26977564 0.30057180 0.26489031
0.27363488 0.28126627 0.27573033 0.28889876 0.32731903 0.28973228 0.25979147 0.26977564 0.30057180 0.26489031
0.27363488 0.28126627 0.27573033 0.28889876 0.32731903 0.28973228 0.25979147 0.26977564 0.30057180 0.26489031
0.27363488 0.28126627 0.27573033 0.28889876 0.32731903 0.28973228 0.25979147 0.26977564 0.30057180 0.26489031
0.27363488 0.28126627 0.27573033 0.28889876 0.32731903 0.28973228 0.25979147 0.26977564 0.30057180 0.26489031
0.27363488 0.28126627 0.27573033 0.28889876 0.32731903 0.28973228 0.25979147 0.26977564 0.30057180 0.26489031
0.27363488 0.28126627 0.27573033 0.28889876 0.32731903 0.28973228 0.25979147 0.26977564 0.30057180 0.26489031
0.27363488 0.28126627 0.27573033 0.28889876 0.32731903 0.28973228 0.25979147 0.26977564 0.30057180 0.26489031
0.27363488 0.28126627 0.27573033 0.28889876 0.32731903 0.28973228 0.25979147 0.26977564 0.30057180 0.26489031
0.27363488 0.28126627 0.27573033 0.28889876 0.32731903 0.28973228 0.25979147 0.26977564 0.30057180 0.26489031
0.27363488 0.28126627 0.27573033 0.28889876 0.32731903 0.28973228 0.25979147 0.26977564 0.30057180 0.26489031
0.27363488 0.28126627 0.27573033 0.28889876 0.32731903 0.28973228 0.25979147 0.26977564 0.30057180 0.26489031
0.26791450 0.28332180 0.27948756 0.29495705 0.33234718 0.28406099 0.25876834 0.27085066 0.30012862 0.26656084
0.26791450 0.28332180 0.27948756 0.29495705 0.33234718 0.28406099 0.25876834 0.27085066 0.30012862 0.26656084
0.26791450 0.28332180 0.27948756 0.29495705 0.33234718 0.28406099 0.25876834 0.27085066 0.30012862 0.26656084
0.26791450 0.28332180 0.27948756 0.29495705 0.33234718 0.28406099 0.25876834 0.27085066 0.30012862 0.26656084
0.26791450 0.28332180 0.27948756 0.29495705 0.33234718 0.28406099 0.25876834 0.27085066 0.30012862 0.26656084
0.26791450 0.28332180 0.27948756 0.29495705 0.33234718 0.28406099 0.25876834 0.27085066 0.30012862 0.26656084
0.26791450 0.28332180 0.27948756 0.29495705 0.33234718 0.28406099 0.25876834 0.27085066 0.30012862 0.26656084
0.26791450 0.28332180 0.27948756 0.29495705 0.33234718 0.28406099 0.25876834 0.27085066 0.30012862 0.26656084
0.26791450 0.28332180 0.27948756 0.29495705 0.33234718 0.28406099 0.25876834 0.27085066 0.30012862 0.26656084
0.26791450 0.28332180 0.27948756 0.29495705 0.33234718 0.28406099 0.25876834 0.27085066 0.30012862 0.26656084
0.26791450 0.28332180 0.27948756 0.29495705 0.33234718 0.28406099 0.25876834 0.27085066 0.30012862 0.26656084
0.26791450 0.28332180 0.27948756 0.29495705 0.33234718 0.28406099 0.25876834 0.27085066 0.30012862 0.26656084
0.26791450 0.28332180 0.27948756 0.29495705 0.33234718 0.28406099 0.25876834 0.27085066 0.30012862 0.26656084
0.26791450 0.28332180 0.27948756 0.29495705 0.33234718 0.28406099 0.25876834 0.27085066 0.30012862 0.26656084
0.26791450 0.28332180 0.27948756 0.29495705 0.33234718 0.28406099 0.25876834 0.27085066 0.30012862 0.26656084
0.26791450 0.28332180 0.27948756 0.29495705 0.33234718 0.28406099 0.25876834 0.27085066 0.30012862 0.26656084
0.26791450 0.28332180 0.27948756 0.29495705 0.33234718 0.28406099 0.25876834 0.27085066 0.30012862 0.26656084
0.26791450 0.28332180 0.27948756 0.29495705 0.33234718 0.28406099 0.25876834 0.27085066 0.30012862 0.26656084
0.26791450 0.28332180 0.27948756 0.29495705 0.33234718 0.28406099 0.25876834 0.27085066 0.30012862 0.26656084
0.26791450 0.28332180 0.27948756 0.29495705 0.33234718 0.28406099 0.25876834 0.27085066 0.30012862 0.26656084
0.26856351 0.28376232 0.28488510 0.29836589 0.33110396 0.28359143 0.25718850 0.27123234 0.29854111 0.26757380
0.26856351 0.28376232 0.28488510 0.29836589 0.33110396 0.28359143 0.25718850 0.27123234 0.29854111 0.26757380
0.26856351 0.28376232 0.28488510 0.29836589 0.33110396 0.28359143 0.25718850 0.27123234 0.29854111 0.26757380
0.26856351 0.28376232 0.28488510 0.29836589 0.33110396 0.28359143 0.25718850 0.27123234 0.29854111 0.26757380
0.26856351 0.28376232 0.28488510 0.29836589 0.33110396 0.28359143 0.25718850 0.27123234 0.29854111 0.26757380
0.26856351 0.28376232 0.28488510 0.29836589 0.33110396 0.28359143 0.25718850 0.27123234 0.29854111 0.26757380
0.26856351 0.28376232 0.28488510 0.29836589 0.33110396 0.28359143 0.25718850 0.27123234 0.29854111 0.26757380
0.26856351 0.28376232 0.28488510 0.29836589 0.33110396 0.28359143 0.25718850 0.27123234 0.29854111 0.26757380
0.26856351 0.28376232 0.28488510 0.29836589 0.33110396 0.28359143 0.25718850 0.27123234 0.29854111 0.26757380
0.26856351 0.28376232 0.28488510 0.29836589 0.33110396 0.28359143 0.25718850 0.27123234 0.29854111 0.26757380
0.26856351 0.28376232 0.28488510 0.29836589 0.33110396 0.28359143 0.25718850 0.27123234 0.29854111 0.26757380
0.26856351 0.28376232 0.28488510 0.29836589 0.33110396 0.28359143 0.25718850 0.27123234 0.29854111 0.26757380
0.26856351 0.28376232 0.28488510 0.29836589 0.33110396 0.28359143 0.25718850 0.27123234 0.29854111 0.26757380
0.26856351 0.28376232 0.28488510 0.29836589 0.33110396 0.28359143 0.25718850 0.27123234 0.29854111 0.26757380
0.26856351 0.28376232 0.28488510 0.29836589 0.33110396 0.28359143 0.25718850 0.27123234 0.29854111 0.26757380
0.26856351 0.28376232 0.28488510 0.29836589 0.33110396 0.28359143 0.25718850 0.27123234 0.29854111 0.26757380
0.26856351 0.28376232 0.28488510 0.29836589 0.33110396 0.28359143 0.25718850 0.27123234 0.29854111 0.26757380
0.26856351 0.28376232 0.28488510 0.29836589 0.33110396 0.28359143 0.25718850 0.27123234 0.29854111 0.26757380
0.26856351 0.28376232 0.28488510 0.29836589 0.33110396 0.28359143 0.25718850 0.27123234 0.29854111 0.26757380
0.26856351 0.28376232 0.28488510 0.29836589 0.33110396 0.28359143 0.25718850 0.27123234 0.29854111 0.26757380
0.26856351 0.28376232 0.28488510 0.29836589 0.33110396 0.28359143 0.25718850 0.27123234 0.29854111 0.26757380
0.26856351 0.28376232 0.28488510 0.29836589 0.33110396 0.28359143 0.25718850 0.27123234 0.29854111 0.26757380
0.26856351 0.28376232 0.28488510 0.29836589 0.33110396 0.28359143 0.25718850 0.27123234 0.29854111 0.26757380
0.26856351 0.28376232 0.28488510 0.29836589 0.33110396 0.28359143 0.25718850 0.27123234 0.29854111 0.26757380
0.26856351 0.28376232 0.28488510 0.29836589 0.33110396 0.28359143 0.25718850 0.27123234 0.29854111 0.26757380
0.26856351 0.28376232 0.28488510 0.29836589 0.33110396 0.28359143 0.25718850 0.27123234 0.29854111 0.26757380
0.26856351 0.28376232 0.28488510 0.29836589 0.33110396 0.28359143 0.25718850 0.27123234 0.29854111 0.26757380
0.26856351 0.28376232 0.28488510 0.29836589 0.33110396 0.28359143 0.25718850 0.27123234 0.29854111 0.26757380
0.26856351 0.28376232 0.28488510 0.29836589 0.33110396 0.28359143 0.25718850 0.27123234 0.29854111 0.26757380
0.26856351 0.28376232 0.28488510 0.29836589 0.33110396 0.28359143 0.25718850 0.27123234 0.29854111 0.26757380
0.26856351 0.28376232 0.28488510 0.29836589 0.33110396 0.28359143 0.25718850 0.27123234 0.29854111 0.26757380
0.26856351 0.28376232 0.28488510 0.29836589 0.33110396 0.28359143 0.25718850 0.27123234 0.29854111 0.26757380
0.26856351 0.28376232 0.28488510 0.29836589 0.33110396 0.28359143 0.25718850 0.27123234 0.29854111 0.26757380
0.26856351 0.28376232 0.28488510 0.29836589 0.33110396 0.28359143 0.25718850 0.27123234 0.29854111 0.26757380
0.26856351 0.28376232 0.28488510 0.29836589 0.33110396 0.28359143 0.25718850 0.27123234 0.29854111 0.26757380
0.26856351 0.28376232 0.28488510 0.29836589 0.33110396 0.28359143 0.25718850 0.27123234 0.29854111 0.26757380
0.26856351 0.28376232 0.28488510 0.29836589 0.33110396 0.28359143 0.25718850 0.27123234 0.29854111 0.26757380
0.26856351 0.28376232 0.28488510 0.29836589 0.33110396 0.28359143 0.25718850 0.27123234 0.29854111 0.26757380
0.26856351 0.28376232 0.28488510 0.29836589 0.33110396 0.28359143 0.25718850 0.27123234 0.29854111 0.26757380
0.26856351 0.28376232 0.28488510 0.29836589 0.33110396 0.28359143 0.25718850 0.27123234 0.29854111 0.26757380
0.26856351 0.28376232 0.28488510 0.29836589 0.33110396 0.28359143 0.25718850 0.27123234 0.29854111 0.26757380
0.26856351 0.28376232 0.28488510 0.29836589 0.33110396 0.28359143 0.25718850 0.27123234 0.29854111 0.26757380
0.26856351 0.28376232 0.28488510 0.29836589 0.33110396 0.28359143 0.25718850 0.27123234 0.29854111 0.26757380
0.26856351 0.28376232 0.28488510 0.29836589 0.33110396 0.28359143 0.25718850 0.27123234 0.29854111 0.26757380
0.26856351 0.28376232 0.28488510 0.29836589 0.33110396 0.28359143 0.25718850 0.27123234 0.29854111 0.26757380
0.26456405 0.28307647 0.28108536 0.29053790 0.33108126 0.28210066 0.25761879 0.26946124 0.30130768 0.26847591
0.26872561 0.28177651 0.27659538 0.29097619 0.32976195 0.28247691 0.25779253 0.26533945 0.30097621 0.26772845
0.26872561 0.28177651 0.27659538 0.29097619 0.32976195 0.28247691 0.25779253 0.26533945 0.30097621 0.26772845
0.26872561 0.28177651 0.27659538 0.29097619 0.32976195 0.28247691 0.25779253 0.26533945 0.30097621 0.26772845
0.26872561 0.28177651 0.27659538 0.29097619 0.32976195 0.28247691 0.25779253 0.26533945 0.30097621 0.26772845
0.26872561 0.28177651 0.27659538 0.29097619 0.32976195 0.28247691 0.25779253 0.26533945 0.30097621 0.26772845
0.26872561 0.28177651 0.27659538 0.29097619 0.32976195 0.28247691 0.25779253 0.26533945 0.30097621 0.26772845
0.26872561 0.28177651 0.27659538 0.29097619 0.32976195 0.28247691 0.25779253 0.26533945 0.30097621 0.26772845
0.26872561 0.28177651 0.27659538 0.29097619 0.32976195 0.28247691 0.25779253 0.26533945 0.30097621 0.26772845
0.26872561 0.28177651 0.27659538 0.29097619 0.32976195 0.28247691 0.25779253 0.26533945 0.30097621 0.26772845
0.26872561 0.28177651 0.27659538 0.29097619 0.32976195 0.28247691 0.25779253 0.26533945 0.30097621 0.26772845
0.26872561 0.28177651 0.27659538 0.29097619 0.32976195 0.28247691 0.25779253 0.26533945 0.30097621 0.26772845
0.26872561 0.28177651 0.27659538 0.29097619 0.32976195 0.28247691 0.25779253 0.26533945 0.30097621 0.26772845
0.26872561 0.28177651 0.27659538 0.29097619 0.32976195 0.28247691 0.25779253 0.26533945 0.30097621 0.26772845
0.26872561 0.28177651 0.27659538 0.29097619 0.32976195 0.28247691 0.25779253 0.26533945 0.30097621 0.26772845
0.26872561 0.28177651 0.27659538 0.29097619 0.32976195 0.28247691 0.25779253 0.26533945 0.30097621 0.26772845
0.26872561 0.28177651 0.27659538 0.29097619 0.32976195 0.28247691 0.25779253 0.26533945 0.30097621 0.26772845
0.26872561 0.28177651 0.27659538 0.29097619 0.32976195 0.28247691 0.25779253 0.26533945 0.30097621 0.26772845
0.26872561 0.28177651 0.27659538 0.29097619 0.32976195 0.28247691 0.25779253 0.26533945 0.30097621 0.26772845
0.26872561 0.28177651 0.27659538 0.29097619 0.32976195 0.28247691 0.25779253 0.26533945 0.30097621 0.26772845
0.26872561 0.28177651 0.27659538 0.29097619 0.32976195 0.28247691 0.25779253 0.26533945 0.30097621 0.26772845
0.26872561 0.28177651 0.27659538 0.29097619 0.32976195 0.28247691 0.25779253 0.26533945 0.30097621 0.26772845
0.26872561 0.28177651 0.27659538 0.29097619 0.32976195 0.28247691 0.25779253 0.26533945 0.30097621 0.26772845
0.26872561 0.28177651 0.27659538 0.29097619 0.32976195 0.28247691 0.25779253 0.26533945 0.30097621 0.26772845
0.26872561 0.28177651 0.27659538 0.29097619 0.32976195 0.28247691 0.25779253 0.26533945 0.30097621 0.26772845
0.26872561 0.28177651 0.27659538 0.29097619 0.32976195 0.28247691 0.25779253 0.26533945 0.30097621 0.26772845
0.26872561 0.28177651 0.27659538 0.29097619 0.32976195 0.28247691 0.25779253 0.26533945 0.30097621 0.26772845
0.26872561 0.28177651 0.27659538 0.29097619 0.32976195 0.28247691 0.25779253 0.26533945 0.30097621 0.26772845
0.26872561 0.28177651 0.27659538 0.29097619 0.32976195 0.28247691 0.25779253 0.26533945 0.30097621 0.26772845
0.26872561 0.28177651 0.27659538 0.29097619 0.32976195 0.28247691 0.25779253 0.26533945 0.30097621 0.26772845
0.26872561 0.28177651 0.27659538 0.29097619 0.32976195 0.28247691 0.25779253 0.26533945 0.30097621 0.26772845
0.26872561 0.28177651 0.27659538 0.29097619 0.32976195 0.28247691 0.25779253 0.26533945 0.30097621 0.26772845
0.26872561 0.28177651 0.27659538 0.29097619 0.32976195 0.28247691 0.25779253 0.26533945 0.30097621 0.26772845
0.26872561 0.28177651 0.27659538 0.29097619 0.32976195 0.28247691 0.25779253 0.26533945 0.30097621 0.26772845
0.26872561 0.28177651 0.27659538 0.29097619 0.32976195 0.28247691 0.25779253 0.26533945 0.30097621 0.26772845
0.26872561 0.28177651 0.27659538 0.29097619 0.32976195 0.28247691 0.25779253 0.26533945 0.30097621 0.26772845
0.26872561 0.28177651 0.27659538 0.29097619 0.32976195 0.28247691 0.25779253 0.26533945 0.30097621 0.26772845
0.26872561 0.28177651 0.27659538 0.29097619 0.32976195 0.28247691 0.25779253 0.26533945 0.30097621 0.26772845
0.26872561 0.28177651 0.27659538 0.29097619 0.32976195 0.28247691 0.25779253 0.26533945 0.30097621 0.26772845
0.26872561 0.28177651 0.27659538 0.29097619 0.32976195 0.28247691 0.25779253 0.26533945 0.30097621 0.26772845
0.26872561 0.28177651 0.27659538 0.29097619 0.32976195 0.28247691 0.25779253 0.26533945 0.30097621 0.26772845
0.26597773 0.28969642 0.28355657 0.29655826 0.33156698 0.28148191 0.25610150 0.26811406 0.29982729 0.26485812
0.26597773 0.28969642 0.28355657 0.29655826 0.33156698 0.28148191 0.25610150 0.26811406 0.29982729 0.26485812
0.26597773 0.28969642 0.28355657 0.29655826 0.33156698 0.28148191 0.25610150 0.26811406 0.29982729 0.26485812
0.26597773 0.28969642 0.28355657 0.29655826 0.33156698 0.28148191 0.25610150 0.26811406 0.29982729 0.26485812
0.26597773 0.28969642 0.28355657 0.29655826 0.33156698 0.28148191 0.25610150 0.26811406 0.29982729 0.26485812
0.26597773 0.28969642 0.28355657 0.29655826 0.33156698 0.28148191 0.25610150 0.26811406 0.29982729 0.26485812
0.26597773 0.28969642 0.28355657 0.29655826 0.33156698 0.28148191 0.25610150 0.26811406 0.29982729 0.26485812
0.26597773 0.28969642 0.28355657 0.29655826 0.33156698 0.28148191 0.25610150 0.26811406 0.29982729 0.26485812
0.26597773 0.28969642 0.28355657 0.29655826 0.33156698 0.28148191 0.25610150 0.26811406 0.29982729 0.26485812
0.26597773 0.28969642 0.28355657 0.29655826 0.33156698 0.28148191 0.25610150 0.26811406 0.29982729 0.26485812
0.26597773 0.28969642 0.28355657 0.29655826 0.33156698 0.28148191 0.25610150 0.26811406 0.29982729 0.26485812
0.26597773 0.28969642 0.28355657 0.29655826 0.33156698 0.28148191 0.25610150 0.26811406 0.29982729 0.26485812
0.26597773 0.28969642 0.28355657 0.29655826 0.33156698 0.28148191 0.25610150 0.26811406 0.29982729 0.26485812
0.26597773 0.28969642 0.28355657 0.29655826 0.33156698 0.28148191 0.25610150 0.26811406 0.29982729 0.26485812
0.26597773 0.28969642 0.28355657 0.29655826 0.33156698 0.28148191 0.25610150 0.26811406 0.29982729 0.26485812
0.26709753 0.28208976 0.28529774 0.30148967 0.32210734 0.28757023 0.25432039 0.26886784 0.30637259 0.26233184
0.26709753 0.28208976 0.28529774 0.30148967 0.32210734 0.28757023 0.25432039 0.26886784 0.30637259 0.26233184
0.26709753 0.28208976 0.28529774 0.30148967 0.32210734 0.28757023 0.25432039 0.26886784 0.30637259 0.26233184
0.26709753 0.28208976 0.28529774 0.30148967 0.32210734 0.28757023 0.25432039 0.26886784 0.30637259 0.26233184
0.26709753 0.28208976 0.28529774 0.30148967 0.32210734 0.28757023 0.25432039 0.26886784 0.30637259 0.26233184
0.26709753 0.28208976 0.28529774 0.30148967 0.32210734 0.28757023 0.25432039 0.26886784 0.30637259 0.26233184
0.26709753 0.28208976 0.28529774 0.30148967 0.32210734 0.28757023 0.25432039 0.26886784 0.30637259 0.26233184
0.26709753 0.28208976 0.28529774 0.30148967 0.32210734 0.28757023 0.25432039 0.26886784 0.30637259 0.26233184
0.26709753 0.28208976 0.28529774 0.30148967 0.32210734 0.28757023 0.25432039 0.26886784 0.30637259 0.26233184
0.26709753 0.28208976 0.28529774 0.30148967 0.32210734 0.28757023 0.25432039 0.26886784 0.30637259 0.26233184
0.26976225 0.28146542 0.29046002 0.29852033 0.32295315 0.28574111 0.25665697 0.26896224 0.30449027 0.26236723
0.26976225 0.28146542 0.29046002 0.29852033 0.32295315 0.28574111 0.25665697 0.26896224 0.30449027 0.26236723
0.26976225 0.28146542 0.29046002 0.29852033 0.32295315 0.28574111 0.25665697 0.26896224 0.30449027 0.26236723
0.26976225 0.28146542 0.29046002 0.29852033 0.32295315 0.28574111 0.25665697 0.26896224 0.30449027 0.26236723
0.26976225 0.28146542 0.29046002 0.29852033 0.32295315 0.28574111 0.25665697 0.26896224 0.30449027 0.26236723
0.26976225 0.28146542 0.29046002 0.29852033 0.32295315 0.28574111 0.25665697 0.26896224 0.30449027 0.26236723
0.26976225 0.28146542 0.29046002 0.29852033 0.32295315 0.28574111 0.25665697 0.26896224 0.30449027 0.26236723
0.26976225 0.28146542 0.29046002 0.29852033 0.32295315 0.28574111 0.25665697 0.26896224 0.30449027 0.26236723
0.26976225 0.28146542 0.29046002 0.29852033 0.32295315 0.28574111 0.25665697 0.26896224 0.30449027 0.26236723
0.26976225 0.28146542 0.29046002 0.29852033 0.32295315 0.28574111 0.25665697 0.26896224 0.30449027 0.26236723
0.26976225 0.28146542 0.29046002 0.29852033 0.32295315 0.28574111 0.25665697 0.26896224 0.30449027 0.26236723
0.26976225 0.28146542 0.29046002 0.29852033 0.32295315 0.28574111 0.25665697 0.26896224 0.30449027 0.26236723
0.26976225 0.28146542 0.29046002 0.29852033 0.32295315 0.28574111 0.25665697 0.26896224 0.30449027 0.26236723
0.26976225 0.28146542 0.29046002 0.29852033 0.32295315 0.28574111 0.25665697 0.26896224 0.30449027 0.26236723
0.26976225 0.28146542 0.29046002 0.29852033 0.32295315 0.28574111 0.25665697 0.26896224 0.30449027 0.26236723
0.26976225 0.28146542 0.29046002 0.29852033 0.32295315 0.28574111 0.25665697 0.26896224 0.30449027 0.26236723
0.26976225 0.28146542 0.29046002 0.29852033 0.32295315 0.28574111 0.25665697 0.26896224 0.30449027 0.26236723
0.26976225 0.28146542 0.29046002 0.29852033 0.32295315 0.28574111 0.25665697 0.26896224 0.30449027 0.26236723
0.26976225 0.28146542 0.29046002 0.29852033 0.32295315 0.28574111 0.25665697 0.26896224 0.30449027 0.26236723
0.26976225 0.28146542 0.29046002 0.29852033 0.32295315 0.28574111 0.25665697 0.26896224 0.30449027 0.26236723
0.26976225 0.28146542 0.29046002 0.29852033 0.32295315 0.28574111 0.25665697 0.26896224 0.30449027 0.26236723
0.26976225 0.28146542 0.29046002 0.29852033 0.32295315 0.28574111 0.25665697 0.26896224 0.30449027 0.26236723
0.26976225 0.28146542 0.29046002 0.29852033 0.32295315 0.28574111 0.25665697 0.26896224 0.30449027 0.26236723
0.26976225 0.28146542 0.29046002 0.29852033 0.32295315 0.28574111 0.25665697 0.26896224 0.30449027 0.26236723
0.27139138 0.28192359 0.29250390 0.29594147 0.32461167 0.27933184 0.25683045 0.26979026 0.30180751 0.26161697
0.27139138 0.28192359 0.29250390 0.29594147 0.32461167 0.27933184 0.25683045 0.26979026 0.30180751 0.26161697
0.27139138 0.28192359 0.29250390 0.29594147 0.32461167 0.27933184 0.25683045 0.26979026 0.30180751 0.26161697
0.27139138 0.28192359 0.29250390 0.29594147 0.32461167 0.27933184 0.25683045 0.26979026 0.30180751 0.26161697
0.27139138 0.28192359 0.29250390 0.29594147 0.32461167 0.27933184 0.25683045 0.26979026 0.30180751 0.26161697
0.27139138 0.28192359 0.29250390 0.29594147 0.32461167 0.27933184 0.25683045 0.26979026 0.30180751 0.26161697
0.27139138 0.28192359 0.29250390 0.29594147 0.32461167 0.27933184 0.25683045 0.26979026 0.30180751 0.26161697
0.27139138 0.28192359 0.29250390 0.29594147 0.32461167 0.27933184 0.25683045 0.26979026 0.30180751 0.26161697
0.27139138 0.28192359 0.29250390 0.29594147 0.32461167 0.27933184 0.25683045 0.26979026 0.30180751 0.26161697
0.27139138 0.28192359 0.29250390 0.29594147 0.32461167 0.27933184 0.25683045 0.26979026 0.30180751 0.26161697
0.27139138 0.28192359 0.29250390 0.29594147 0.32461167 0.27933184 0.25683045 0.26979026 0.30180751 0.26161697
0.27139138 0.28192359 0.29250390 0.29594147 0.32461167 0.27933184 0.25683045 0.26979026 0.30180751 0.26161697
0.27139138 0.28192359 0.29250390 0.29594147 0.32461167 0.27933184 0.25683045 0.26979026 0.30180751 0.26161697
0.27139138 0.28192359 0.29250390 0.29594147 0.32461167 0.27933184 0.25683045 0.26979026 0.30180751 0.26161697
0.27139138 0.28192359 0.29250390 0.29594147 0.32461167 0.27933184 0.25683045 0.26979026 0.30180751 0.26161697
0.27139138 0.28192359 0.29250390 0.29594147 0.32461167 0.27933184 0.25683045 0.26979026 0.30180751 0.26161697
0.27139138 0.28192359 0.29250390 0.29594147 0.32461167 0.27933184 0.25683045 0.26979026 0.30180751 0.26161697
0.27139138 0.28192359 0.29250390 0.29594147 0.32461167 0.27933184 0.25683045 0.26979026 0.30180751 0.26161697
0.27139138 0.28192359 0.29250390 0.29594147 0.32461167 0.27933184 0.25683045 0.26979026 0.30180751 0.26161697
0.27139138 0.28192359 0.29250390 0.29594147 0.32461167 0.27933184 0.25683045 0.26979026 0.30180751 0.26161697
0.27139138 0.28192359 0.29250390 0.29594147 0.32461167 0.27933184 0.25683045 0.26979026 0.30180751 0.26161697
0.27139138 0.28192359 0.29250390 0.29594147 0.32461167 0.27933184 0.25683045 0.26979026 0.30180751 0.26161697
0.27139138 0.28192359 0.29250390 0.29594147 0.32461167 0.27933184 0.25683045 0.26979026 0.30180751 0.26161697
0.27139138 0.28192359 0.29250390 0.29594147 0.32461167 0.27933184 0.25683045 0.26979026 0.30180751 0.26161697
0.27139138 0.28192359 0.29250390 0.29594147 0.32461167 0.27933184 0.25683045 0.26979026 0.30180751 0.26161697
0.27139138 0.28192359 0.29250390 0.29594147 0.32461167 0.27933184 0.25683045 0.26979026 0.30180751 0.26161697
0.27139138 0.28192359 0.29250390 0.29594147 0.32461167 0.27933184 0.25683045 0.26979026 0.30180751 0.26161697
0.27139138 0.28192359 0.29250390 0.29594147 0.32461167 0.27933184 0.25683045 0.26979026 0.30180751 0.26161697
0.27139138 0.28192359 0.29250390 0.29594147 0.32461167 0.27933184 0.25683045 0.26979026 0.30180751 0.26161697
0.27139138 0.28192359 0.29250390 0.29594147 0.32461167 0.27933184 0.25683045 0.26979026 0.30180751 0.26161697
0.27139138 0.28192359 0.29250390 0.29594147 0.32461167 0.27933184 0.25683045 0.26979026 0.30180751 0.26161697
0.27139138 0.28192359 0.29250390 0.29594147 0.32461167 0.27933184 0.25683045 0.26979026 0.30180751 0.26161697
0.27139138 0.28192359 0.29250390 0.29594147 0.32461167 0.27933184 0.25683045 0.26979026 0.30180751 0.26161697
0.27139138 0.28192359 0.29250390 0.29594147 0.32461167 0.27933184 0.25683045 0.26979026 0.30180751 0.26161697
0.27139138 0.28192359 0.29250390 0.29594147 0.32461167 0.27933184 0.25683045 0.26979026 0.30180751 0.26161697
0.27444086 0.28528363 0.29500401 0.29344536 0.31689511 0.27804617 0.25718580 0.27228492 0.30912855 0.26130177
0.27444086 0.28528363 0.29500401 0.29344536 0.31689511 0.27804617 0.25718580 0.27228492 0.30912855 0.26130177
0.27444086 0.28528363 0.29500401 0.29344536 0.31689511 0.27804617 0.25718580 0.27228492 0.30912855 0.26130177
0.27444086 0.28528363 0.29500401 0.29344536 0.31689511 0.27804617 0.25718580 0.27228492 0.30912855 0.26130177
0.27562872 0.28886152 0.28956897 0.28900543 0.31083080 0.28069456 0.25782719 0.26955934 0.31318186 0.26351227
0.27562872 0.28886152 0.28956897 0.28900543 0.31083080 0.28069456 0.25782719 0.26955934 0.31318186 0.26351227
0.27562872 0.28886152 0.28956897 0.28900543 0.31083080 0.28069456 0.25782719 0.26955934 0.31318186 0.26351227
0.27562872 0.28886152 0.28956897 0.28900543 0.31083080 0.28069456 0.25782719 0.26955934 0.31318186 0.26351227
0.27562872 0.28886152 0.28956897 0.28900543 0.31083080 0.28069456 0.25782719 0.26955934 0.31318186 0.26351227
0.27562872 0.28886152 0.28956897 0.28900543 0.31083080 0.28069456 0.25782719 0.26955934 0.31318186 0.26351227
0.27562872 0.28886152 0.28956897 0.28900543 0.31083080 0.28069456 0.25782719 0.26955934 0.31318186 0.26351227
0.27562872 0.28886152 0.28956897 0.28900543 0.31083080 0.28069456 0.25782719 0.26955934 0.31318186 0.26351227
0.27562872 0.28886152 0.28956897 0.28900543 0.31083080 0.28069456 0.25782719 0.26955934 0.31318186 0.26351227
0.27562872 0.28886152 0.28956897 0.28900543 0.31083080 0.28069456 0.25782719 0.26955934 0.31318186 0.26351227
0.27562872 0.28886152 0.28956897 0.28900543 0.31083080 0.28069456 0.25782719 0.26955934 0.31318186 0.26351227
0.27562872 0.28886152 0.28956897 0.28900543 0.31083080 0.28069456 0.25782719 0.26955934 0.31318186 0.26351227
0.27562872 0.28886152 0.28956897 0.28900543 0.31083080 0.28069456 0.25782719 0.26955934 0.31318186 0.26351227
0.27562872 0.28886152 0.28956897 0.28900543 0.31083080 0.28069456 0.25782719 0.26955934 0.31318186 0.26351227
0.27562872 0.28886152 0.28956897 0.28900543 0.31083080 0.28069456 0.25782719 0.26955934 0.31318186 0.26351227
0.27562872 0.28886152 0.28956897 0.28900543 0.31083080 0.28069456 0.25782719 0.26955934 0.31318186 0.26351227
0.27562872 0.28886152 0.28956897 0.28900543 0.31083080 0.28069456 0.25782719 0.26955934 0.31318186 0.26351227
0.27562872 0.28886152 0.28956897 0.28900543 0.31083080 0.28069456 0.25782719 0.26955934 0.31318186 0.26351227
0.27562872 0.28886152 0.28956897 0.28900543 0.31083080 0.28069456 0.25782719 0.26955934 0.31318186 0.26351227
0.27562872 0.28886152 0.28956897 0.28900543 0.31083080 0.28069456 0.25782719 0.26955934 0.31318186 0.26351227
0.27562872 0.28886152 0.28956897 0.28900543 0.31083080 0.28069456 0.25782719 0.26955934 0.31318186 0.26351227
0.27562872 0.28886152 0.28956897 0.28900543 0.31083080 0.28069456 0.25782719 0.26955934 0.31318186 0.26351227
0.27562872 0.28886152 0.28956897 0.28900543 0.31083080 0.28069456 0.25782719 0.26955934 0.31318186 0.26351227
0.27562872 0.28886152 0.28956897 0.28900543 0.31083080 0.28069456 0.25782719 0.26955934 0.31318186 0.26351227
0.27562872 0.28886152 0.28956897 0.28900543 0.31083080 0.28069456 0.25782719 0.26955934 0.31318186 0.26351227
0.27562872 0.28886152 0.28956897 0.28900543 0.31083080 0.28069456 0.25782719 0.26955934 0.31318186 0.26351227
0.27562872 0.28886152 0.28956897 0.28900543 0.31083080 0.28069456 0.25782719 0.26955934 0.31318186 0.26351227
0.27562872 0.28886152 0.28956897 0.28900543 0.31083080 0.28069456 0.25782719 0.26955934 0.31318186 0.26351227
0.27562872 0.28886152 0.28956897 0.28900543 0.31083080 0.28069456 0.25782719 0.26955934 0.31318186 0.26351227
0.27562872 0.28886152 0.28956897 0.28900543 0.31083080 0.28069456 0.25782719 0.26955934 0.31318186 0.26351227
0.27562872 0.28886152 0.28956897 0.28900543 0.31083080 0.28069456 0.25782719 0.26955934 0.31318186 0.26351227
0.27562872 0.28886152 0.28956897 0.28900543 0.31083080 0.28069456 0.25782719 0.26955934 0.31318186 0.26351227
0.27562872 0.28886152 0.28956897 0.28900543 0.31083080 0.28069456 0.25782719 0.26955934 0.31318186 0.26351227
0.27562872 0.28886152 0.28956897 0.28900543 0.31083080 0.28069456 0.25782719 0.26955934 0.31318186 0.26351227
0.27562872 0.28886152 0.28956897 0.28900543 0.31083080 0.28069456 0.25782719 0.26955934 0.31318186 0.26351227
0.27562872 0.28886152 0.28956897 0.28900543 0.31083080 0.28069456 0.25782719 0.26955934 0.31318186 0.26351227
0.27562872 0.28886152 0.28956897 0.28900543 0.31083080 0.28069456 0.25782719 0.26955934 0.31318186 0.26351227
0.27562872 0.28886152 0.28956897 0.28900543 0.31083080 0.28069456 0.25782719 0.26955934 0.31318186 0.26351227
0.27562872 0.28886152 0.28956897 0.28900543 0.31083080 0.28069456 0.25782719 0.26955934 0.31318186 0.26351227
0.27562872 0.28886152 0.28956897 0.28900543 0.31083080 0.28069456 0.25782719 0.26955934 0.31318186 0.26351227
0.27562872 0.28886152 0.28956897 0.28900543 0.31083080 0.28069456 0.25782719 0.26955934 0.31318186 0.26351227
0.27562872 0.28886152 0.28956897 0.28900543 0.31083080 0.28069456 0.25782719 0.26955934 0.31318186 0.26351227
0.27562872 0.28886152 0.28956897 0.28900543 0.31083080 0.28069456 0.25782719 0.26955934 0.31318186 0.26351227
0.27562872 0.28886152 0.28956897 0.28900543 0.31083080 0.28069456 0.25782719 0.26955934 0.31318186 0.26351227
0.27562872 0.28886152 0.28956897 0.28900543 0.31083080 0.28069456 0.25782719 0.26955934 0.31318186 0.26351227
0.27562872 0.28886152 0.28956897 0.28900543 0.31083080 0.28069456 0.25782719 0.26955934 0.31318186 0.26351227
0.27562872 0.28886152 0.28956897 0.28900543 0.31083080 0.28069456 0.25782719 0.26955934 0.31318186 0.26351227
0.27562872 0.28886152 0.28956897 0.28900543 0.31083080 0.28069456 0.25782719 0.26955934 0.31318186 0.26351227
0.27562872 0.28886152 0.28956897 0.28900543 0.31083080 0.28069456 0.25782719 0.26955934 0.31318186 0.26351227
0.27562872 0.28886152 0.28956897 0.28900543 0.31083080 0.28069456 0.25782719 0.26955934 0.31318186 0.26351227
0.27562872 0.28886152 0.28956897 0.28900543 0.31083080 0.28069456 0.25782719 0.26955934 0.31318186 0.26351227
0.27562872 0.28886152 0.28956897 0.28900543 0.31083080 0.28069456 0.25782719 0.26955934 0.31318186 0.26351227
0.27562872 0.28886152 0.28956897 0.28900543 0.31083080 0.28069456 0.25782719 0.26955934 0.31318186 0.26351227
0.27562872 0.28886152 0.28956897 0.28900543 0.31083080 0.28069456 0.25782719 0.26955934 0.31318186 0.26351227
0.27562872 0.28886152 0.28956897 0.28900543 0.31083080 0.28069456 0.25782719 0.26955934 0.31318186 0.26351227
0.27562872 0.28886152 0.28956897 0.28900543 0.31083080 0.28069456 0.25782719 0.26955934 0.31318186 0.26351227
0.27436655 0.29141945 0.28905403 0.28512821 0.31078488 0.28157222 0.25806285 0.26991840 0.31263065 0.26494428
0.27436655 0.29141945 0.28905403 0.28512821 0.31078488 0.28157222 0.25806285 0.26991840 0.31263065 0.26494428
0.27436655 0.29141945 0.28905403 0.28512821 0.31078488 0.28157222 0.25806285 0.26991840 0.31263065 0.26494428
0.27436655 0.29141945 0.28905403 0.28512821 0.31078488 0.28157222 0.25806285 0.26991840 0.31263065 0.26494428
0.27436655 0.29141945 0.28905403 0.28512821 0.31078488 0.28157222 0.25806285 0.26991840 0.31263065 0.26494428
0.27436655 0.29141945 0.28905403 0.28512821 0.31078488 0.28157222 0.25806285 0.26991840 0.31263065 0.26494428
0.27436655 0.29141945 0.28905403 0.28512821 0.31078488 0.28157222 0.25806285 0.26991840 0.31263065 0.26494428
0.27181325 0.28874621 0.29151683 0.28322010 0.31622143 0.28643147 0.25696014 0.26894691 0.31962069 0.26408833
0.27181325 0.28874621 0.29151683 0.28322010 0.31622143 0.28643147 0.25696014 0.26894691 0.31962069 0.26408833
0.27181325 0.28874621 0.29151683 0.28322010 0.31622143 0.28643147 0.25696014 0.26894691 0.31962069 0.26408833
0.26698888 0.29160783 0.28047714 0.27918632 0.30957612 0.29135040 0.25821401 0.27026663 0.31326785 0.26359998
0.26698888 0.29160783 0.28047714 0.27918632 0.30957612 0.29135040 0.25821401 0.27026663 0.31326785 0.26359998
0.26698888 0.29160783 0.28047714 0.27918632 0.30957612 0.29135040 0.25821401 0.27026663 0.31326785 0.26359998
0.26698888 0.29160783 0.28047714 0.27918632 0.30957612 0.29135040 0.25821401 0.27026663 0.31326785 0.26359998
0.26698888 0.29160783 0.28047714 0.27918632 0.30957612 0.29135040 0.25821401 0.27026663 0.31326785 0.26359998
0.26698888 0.29160783 0.28047714 0.27918632 0.30957612 0.29135040 0.25821401 0.27026663 0.31326785 0.26359998
0.26571649 0.30485938 0.28069363 0.27621970 0.30569700 0.29730116 0.25821562 0.26737751 0.31054917 0.26445208
0.26571649 0.30485938 0.28069363 0.27621970 0.30569700 0.29730116 0.25821562 0.26737751 0.31054917 0.26445208
0.26571649 0.30485938 0.28069363 0.27621970 0.30569700 0.29730116 0.25821562 0.26737751 0.31054917 0.26445208
0.26571649 0.30485938 0.28069363 0.27621970 0.30569700 0.29730116 0.25821562 0.26737751 0.31054917 0.26445208
0.26571649 0.30485938 0.28069363 0.27621970 0.30569700 0.29730116 0.25821562 0.26737751 0.31054917 0.26445208
0.26571649 0.30485938 0.28069363 0.27621970 0.30569700 0.29730116 0.25821562 0.26737751 0.31054917 0.26445208
0.26571649 0.30485938 0.28069363 0.27621970 0.30569700 0.29730116 0.25821562 0.26737751 0.31054917 0.26445208
0.26571649 0.30485938 0.28069363 0.27621970 0.30569700 0.29730116 0.25821562 0.26737751 0.31054917 0.26445208
0.26571649 0.30485938 0.28069363 0.27621970 0.30569700 0.29730116 0.25821562 0.26737751 0.31054917 0.26445208
0.26571649 0.30485938 0.28069363 0.27621970 0.30569700 0.29730116 0.25821562 0.26737751 0.31054917 0.26445208
0.26571649 0.30485938 0.28069363 0.27621970 0.30569700 0.29730116 0.25821562 0.26737751 0.31054917 0.26445208
0.26571649 0.30485938 0.28069363 0.27621970 0.30569700 0.29730116 0.25821562 0.26737751 0.31054917 0.26445208
0.26571649 0.30485938 0.28069363 0.27621970 0.30569700 0.29730116 0.25821562 0.26737751 0.31054917 0.26445208
0.26571649 0.30485938 0.28069363 0.27621970 0.30569700 0.29730116 0.25821562 0.26737751 0.31054917 0.26445208
0.26571649 0.30485938 0.28069363 0.27621970 0.30569700 0.29730116 0.25821562 0.26737751 0.31054917 0.26445208
0.26571649 0.30485938 0.28069363 0.27621970 0.30569700 0.29730116 0.25821562 0.26737751 0.31054917 0.26445208
0.26601870 0.30384987 0.28105286 0.27454078 0.29699597 0.30371853 0.25843757 0.26814309 0.31671847 0.26430224
0.26601870 0.30384987 0.28105286 0.27454078 0.29699597 0.30371853 0.25843757 0.26814309 0.31671847 0.26430224
0.26601870 0.30384987 0.28105286 0.27454078 0.29699597 0.30371853 0.25843757 0.26814309 0.31671847 0.26430224
0.26601870 0.30384987 0.28105286 0.27454078 0.29699597 0.30371853 0.25843757 0.26814309 0.31671847 0.26430224
0.26601870 0.30384987 0.28105286 0.27454078 0.29699597 0.30371853 0.25843757 0.26814309 0.31671847 0.26430224
0.26601870 0.30384987 0.28105286 0.27454078 0.29699597 0.30371853 0.25843757 0.26814309 0.31671847 0.26430224
0.26601870 0.30384987 0.28105286 0.27454078 0.29699597 0.30371853 0.25843757 0.26814309 0.31671847 0.26430224
0.26601870 0.30384987 0.28105286 0.27454078 0.29699597 0.30371853 0.25843757 0.26814309 0.31671847 0.26430224
0.26601870 0.30384987 0.28105286 0.27454078 0.29699597 0.30371853 0.25843757 0.26814309 0.31671847 0.26430224
0.26601870 0.30384987 0.28105286 0.27454078 0.29699597 0.30371853 0.25843757 0.26814309 0.31671847 0.26430224
0.26601870 0.30384987 0.28105286 0.27454078 0.29699597 0.30371853 0.25843757 0.26814309 0.31671847 0.26430224
0.26601870 0.30384987 0.28105286 0.27454078 0.29699597 0.30371853 0.25843757 0.26814309 0.31671847 0.26430224
0.26601870 0.30384987 0.28105286 0.27454078 0.29699597 0.30371853 0.25843757 0.26814309 0.31671847 0.26430224
0.26601870 0.30384987 0.28105286 0.27454078 0.29699597 0.30371853 0.25843757 0.26814309 0.31671847 0.26430224
0.26601870 0.30384987 0.28105286 0.27454078 0.29699597 0.30371853 0.25843757 0.26814309 0.31671847 0.26430224
0.26601870 0.30384987 0.28105286 0.27454078 0.29699597 0.30371853 0.25843757 0.26814309 0.31671847 0.26430224
0.26601870 0.30384987 0.28105286 0.27454078 0.29699597 0.30371853 0.25843757 0.26814309 0.31671847 0.26430224
0.26479781 0.30117710 0.27486405 0.27713483 0.29981467 0.31019841 0.25662401 0.26942902 0.31496581 0.26378670
0.26479781 0.30117710 0.27486405 0.27713483 0.29981467 0.31019841 0.25662401 0.26942902 0.31496581 0.26378670
0.26479781 0.30117710 0.27486405 0.27713483 0.29981467 0.31019841 0.25662401 0.26942902 0.31496581 0.26378670
0.26479781 0.30117710 0.27486405 0.27713483 0.29981467 0.31019841 0.25662401 0.26942902 0.31496581 0.26378670
0.26479781 0.30117710 0.27486405 0.27713483 0.29981467 0.31019841 0.25662401 0.26942902 0.31496581 0.26378670
0.26479781 0.30117710 0.27486405 0.27713483 0.29981467 0.31019841 0.25662401 0.26942902 0.31496581 0.26378670
0.26479781 0.30117710 0.27486405 0.27713483 0.29981467 0.31019841 0.25662401 0.26942902 0.31496581 0.26378670
0.26553993 0.30175129 0.27209506 0.27809043 0.30054544 0.30645254 0.25952702 0.26692352 0.30866314 0.26452005
0.26553993 0.30175129 0.27209506 0.27809043 0.30054544 0.30645254 0.25952702 0.26692352 0.30866314 0.26452005
0.26553993 0.30175129 0.27209506 0.27809043 0.30054544 0.30645254 0.25952702 0.26692352 0.30866314 0.26452005
0.26553993 0.30175129 0.27209506 0.27809043 0.30054544 0.30645254 0.25952702 0.26692352 0.30866314 0.26452005
0.26553993 0.30175129 0.27209506 0.27809043 0.30054544 0.30645254 0.25952702 0.26692352 0.30866314 0.26452005
0.26553993 0.30175129 0.27209506 0.27809043 0.30054544 0.30645254 0.25952702 0.26692352 0.30866314 0.26452005
0.26553993 0.30175129 0.27209506 0.27809043 0.30054544 0.30645254 0.25952702 0.26692352 0.30866314 0.26452005
0.26553993 0.30175129 0.27209506 0.27809043 0.30054544 0.30645254 0.25952702 0.26692352 0.30866314 0.26452005
0.26553993 0.30175129 0.27209506 0.27809043 0.30054544 0.30645254 0.25952702 0.26692352 0.30866314 0.26452005
0.26553993 0.30175129 0.27209506 0.27809043 0.30054544 0.30645254 0.25952702 0.26692352 0.30866314 0.26452005
0.26553993 0.30175129 0.27209506 0.27809043 0.30054544 0.30645254 0.25952702 0.26692352 0.30866314 0.26452005
0.26553993 0.30175129 0.27209506 0.27809043 0.30054544 0.30645254 0.25952702 0.26692352 0.30866314 0.26452005
0.26553993 0.30175129 0.27209506 0.27809043 0.30054544 0.30645254 0.25952702 0.26692352 0.30866314 0.26452005
0.26553993 0.30175129 0.27209506 0.27809043 0.30054544 0.30645254 0.25952702 0.26692352 0.30866314 0.26452005
0.26553993 0.30175129 0.27209506 0.27809043 0.30054544 0.30645254 0.25952702 0.26692352 0.30866314 0.26452005
0.26553993 0.30175129 0.27209506 0.27809043 0.30054544 0.30645254 0.25952702 0.26692352 0.30866314 0.26452005
0.26553993 0.30175129 0.27209506 0.27809043 0.30054544 0.30645254 0.25952702 0.26692352 0.30866314 0.26452005
0.26553993 0.30175129 0.27209506 0.27809043 0.30054544 0.30645254 0.25952702 0.26692352 0.30866314 0.26452005
0.26553993 0.30175129 0.27209506 0.27809043 0.30054544 0.30645254 0.25952702 0.26692352 0.30866314 0.26452005
0.26553993 0.30175129 0.27209506 0.27809043 0.30054544 0.30645254 0.25952702 0.26692352 0.30866314 0.26452005
0.26553993 0.30175129 0.27209506 0.27809043 0.30054544 0.30645254 0.25952702 0.26692352 0.30866314 0.26452005
0.26553993 0.30175129 0.27209506 0.27809043 0.30054544 0.30645254 0.25952702 0.26692352 0.30866314 0.26452005
0.26553993 0.30175129 0.27209506 0.27809043 0.30054544 0.30645254 0.25952702 0.26692352 0.30866314 0.26452005
0.26553993 0.30175129 0.27209506 0.27809043 0.30054544 0.30645254 0.25952702 0.26692352 0.30866314 0.26452005
0.26553993 0.30175129 0.27209506 0.27809043 0.30054544 0.30645254 0.25952702 0.26692352 0.30866314 0.26452005
0.26553993 0.30175129 0.27209506 0.27809043 0.30054544 0.30645254 0.25952702 0.26692352 0.30866314 0.26452005
0.26553993 0.30175129 0.27209506 0.27809043 0.30054544 0.30645254 0.25952702 0.26692352 0.30866314 0.26452005
0.26592290 0.31386923 0.27558639 0.27686263 0.30037808 0.31471352 0.25795939 0.26664479 0.30100144 0.26842170
0.26592290 0.31386923 0.27558639 0.27686263 0.30037808 0.31471352 0.25795939 0.26664479 0.30100144 0.26842170
0.26592290 0.31386923 0.27558639 0.27686263 0.30037808 0.31471352 0.25795939 0.26664479 0.30100144 0.26842170
0.26592290 0.31386923 0.27558639 0.27686263 0.30037808 0.31471352 0.25795939 0.26664479 0.30100144 0.26842170
0.26592290 0.31386923 0.27558639 0.27686263 0.30037808 0.31471352 0.25795939 0.26664479 0.30100144 0.26842170
0.26592290 0.31386923 0.27558639 0.27686263 0.30037808 0.31471352 0.25795939 0.26664479 0.30100144 0.26842170
0.26592290 0.31386923 0.27558639 0.27686263 0.30037808 0.31471352 0.25795939 0.26664479 0.30100144 0.26842170
0.26592290 0.31386923 0.27558639 0.27686263 0.30037808 0.31471352 0.25795939 0.26664479 0.30100144 0.26842170
0.26592290 0.31386923 0.27558639 0.27686263 0.30037808 0.31471352 0.25795939 0.26664479 0.30100144 0.26842170
0.26592290 0.31386923 0.27558639 0.27686263 0.30037808 0.31471352 0.25795939 0.26664479 0.30100144 0.26842170
0.26592290 0.31386923 0.27558639 0.27686263 0.30037808 0.31471352 0.25795939 0.26664479 0.30100144 0.26842170
0.26592290 0.31386923 0.27558639 0.27686263 0.30037808 0.31471352 0.25795939 0.26664479 0.30100144 0.26842170
0.26592290 0.31386923 0.27558639 0.27686263 0.30037808 0.31471352 0.25795939 0.26664479 0.30100144 0.26842170
0.26592290 0.31386923 0.27558639 0.27686263 0.30037808 0.31471352 0.25795939 0.26664479 0.30100144 0.26842170
0.26592290 0.31386923 0.27558639 0.27686263 0.30037808 0.31471352 0.25795939 0.26664479 0.30100144 0.26842170
0.26592290 0.31386923 0.27558639 0.27686263 0.30037808 0.31471352 0.25795939 0.26664479 0.30100144 0.26842170
0.26592290 0.31386923 0.27558639 0.27686263 0.30037808 0.31471352 0.25795939 0.26664479 0.30100144 0.26842170
0.26592290 0.31386923 0.27558639 0.27686263 0.30037808 0.31471352 0.25795939 0.26664479 0.30100144 0.26842170
0.26592290 0.31386923 0.27558639 0.27686263 0.30037808 0.31471352 0.25795939 0.26664479 0.30100144 0.26842170
0.26592290 0.31386923 0.27558639 0.27686263 0.30037808 0.31471352 0.25795939 0.26664479 0.30100144 0.26842170
0.26592290 0.31386923 0.27558639 0.27686263 0.30037808 0.31471352 0.25795939 0.26664479 0.30100144 0.26842170
0.26592290 0.31386923 0.27558639 0.27686263 0.30037808 0.31471352 0.25795939 0.26664479 0.30100144 0.26842170
0.26592290 0.31386923 0.27558639 0.27686263 0.30037808 0.31471352 0.25795939 0.26664479 0.30100144 0.26842170
0.26592290 0.31386923 0.27558639 0.27686263 0.30037808 0.31471352 0.25795939 0.26664479 0.30100144 0.26842170
0.26592290 0.31386923 0.27558639 0.27686263 0.30037808 0.31471352 0.25795939 0.26664479 0.30100144 0.26842170
0.26592290 0.31386923 0.27558639 0.27686263 0.30037808 0.31471352 0.25795939 0.26664479 0.30100144 0.26842170
0.26592290 0.31386923 0.27558639 0.27686263 0.30037808 0.31471352 0.25795939 0.26664479 0.30100144 0.26842170
0.26592290 0.31386923 0.27558639 0.27686263 0.30037808 0.31471352 0.25795939 0.26664479 0.30100144 0.26842170
0.26592290 0.31386923 0.27558639 0.27686263 0.30037808 0.31471352 0.25795939 0.26664479 0.30100144 0.26842170
0.26592290 0.31386923 0.27558639 0.27686263 0.30037808 0.31471352 0.25795939 0.26664479 0.30100144 0.26842170
0.26592290 0.31386923 0.27558639 0.27686263 0.30037808 0.31471352 0.25795939 0.26664479 0.30100144 0.26842170
0.26592290 0.31386923 0.27558639 0.27686263 0.30037808 0.31471352 0.25795939 0.26664479 0.30100144 0.26842170
0.26592290 0.31386923 0.27558639 0.27686263 0.30037808 0.31471352 0.25795939 0.26664479 0.30100144 0.26842170
0.26592290 0.31386923 0.27558639 0.27686263 0.30037808 0.31471352 0.25795939 0.26664479 0.30100144 0.26842170
0.26592290 0.31386923 0.27558639 0.27686263 0.30037808 0.31471352 0.25795939 0.26664479 0.30100144 0.26842170
0.26592290 0.31386923 0.27558639 0.27686263 0.30037808 0.31471352 0.25795939 0.26664479 0.30100144 0.26842170
0.26592290 0.31386923 0.27558639 0.27686263 0.30037808 0.31471352 0.25795939 0.26664479 0.30100144 0.26842170
0.26592290 0.31386923 0.27558639 0.27686263 0.30037808 0.31471352 0.25795939 0.26664479 0.30100144 0.26842170
0.26592290 0.31386923 0.27558639 0.27686263 0.30037808 0.31471352 0.25795939 0.26664479 0.30100144 0.26842170
