0.00000000 0.00000000 0.00000000 0.00000000 0.00000000 0.00000000 0.00000000 0.00000000 0.00000000 0.00000000
0.00000000 0.00000000 0.00000000 0.00000000 0.00000000 0.00000000 0.00000000 0.00000000 0.00000000 0.00000000
0.29045168 0.31668161 0.27663778 0.28610479 0.30020593 0.35345934 0.27144958 0.26915046 0.25629781 0.27184208
0.29045168 0.31668161 0.27663778 0.28610479 0.30020593 0.35345934 0.27144958 0.26915046 0.25629781 0.27184208
0.29045168 0.31668161 0.27663778 0.28610479 0.30020593 0.35345934 0.27144958 0.26915046 0.25629781 0.27184208
0.29045168 0.31668161 0.27663778 0.28610479 0.30020593 0.35345934 0.27144958 0.26915046 0.25629781 0.27184208
0.29045168 0.31668161 0.27663778 0.28610479 0.30020593 0.35345934 0.27144958 0.26915046 0.25629781 0.27184208
0.29045168 0.31668161 0.27663778 0.28610479 0.30020593 0.35345934 0.27144958 0.26915046 0.25629781 0.27184208
0.29045168 0.31668161 0.27663778 0.28610479 0.30020593 0.35345934 0.27144958 0.26915046 0.25629781 0.27184208
0.29045168 0.31668161 0.27663778 0.28610479 0.30020593 0.35345934 0.27144958 0.26915046 0.25629781 0.27184208
0.29045168 0.31668161 0.27663778 0.28610479 0.30020593 0.35345934 0.27144958 0.26915046 0.25629781 0.27184208
0.29045168 0.31668161 0.27663778 0.28610479 0.30020593 0.35345934 0.27144958 0.26915046 0.25629781 0.27184208
0.29045168 0.31668161 0.27663778 0.28610479 0.30020593 0.35345934 0.27144958 0.26915046 0.25629781 0.27184208
0.29045168 0.31668161 0.27663778 0.28610479 0.30020593 0.35345934 0.27144958 0.26915046 0.25629781 0.27184208
0.29045168 0.31668161 0.27663778 0.28610479 0.30020593 0.35345934 0.27144958 0.26915046 0.25629781 0.27184208
0.29045168 0.31668161 0.27663778 0.28610479 0.30020593 0.35345934 0.27144958 0.26915046 0.25629781 0.27184208
0.29045168 0.31668161 0.27663778 0.28610479 0.30020593 0.35345934 0.27144958 0.26915046 0.25629781 0.27184208
0.29045168 0.31668161 0.27663778 0.28610479 0.30020593 0.35345934 0.27144958 0.26915046 0.25629781 0.27184208
0.29045168 0.31668161 0.27663778 0.28610479 0.30020593 0.35345934 0.27144958 0.26915046 0.25629781 0.27184208
0.29045168 0.31668161 0.27663778 0.28610479 0.30020593 0.35345934 0.27144958 0.26915046 0.25629781 0.27184208
0.29045168 0.31668161 0.27663778 0.28610479 0.30020593 0.35345934 0.27144958 0.26915046 0.25629781 0.27184208
0.29045168 0.31668161 0.27663778 0.28610479 0.30020593 0.35345934 0.27144958 0.26915046 0.25629781 0.27184208
0.29045168 0.31668161 0.27663778 0.28610479 0.30020593 0.35345934 0.27144958 0.26915046 0.25629781 0.27184208
0.29045168 0.31668161 0.27663778 0.28610479 0.30020593 0.35345934 0.27144958 0.26915046 0.25629781 0.27184208
0.29045168 0.31668161 0.27663778 0.28610479 0.30020593 0.35345934 0.27144958 0.26915046 0.25629781 0.27184208
0.29045168 0.31668161 0.27663778 0.28610479 0.30020593 0.35345934 0.27144958 0.26915046 0.25629781 0.27184208
0.29045168 0.31668161 0.27663778 0.28610479 0.30020593 0.35345934 0.27144958 0.26915046 0.25629781 0.27184208
0.29045168 0.31668161 0.27663778 0.28610479 0.30020593 0.35345934 0.27144958 0.26915046 0.25629781 0.27184208
0.29045168 0.31668161 0.27663778 0.28610479 0.30020593 0.35345934 0.27144958 0.26915046 0.25629781 0.27184208
0.29045168 0.31668161 0.27663778 0.28610479 0.30020593 0.35345934 0.27144958 0.26915046 0.25629781 0.27184208
0.29045168 0.31668161 0.27663778 0.28610479 0.30020593 0.35345934 0.27144958 0.26915046 0.25629781 0.27184208
0.29045168 0.31668161 0.27663778 0.28610479 0.30020593 0.35345934 0.27144958 0.26915046 0.25629781 0.27184208
0.29045168 0.31668161 0.27663778 0.28610479 0.30020593 0.35345934 0.27144958 0.26915046 0.25629781 0.27184208
0.29045168 0.31668161 0.27663778 0.28610479 0.30020593 0.35345934 0.27144958 0.26915046 0.25629781 0.27184208
0.29045168 0.31668161 0.27663778 0.28610479 0.30020593 0.35345934 0.27144958 0.26915046 0.25629781 0.27184208
0.29045168 0.31668161 0.27663778 0.28610479 0.30020593 0.35345934 0.27144958 0.26915046 0.25629781 0.27184208
0.29045168 0.31668161 0.27663778 0.28610479 0.30020593 0.35345934 0.27144958 0.26915046 0.25629781 0.27184208
0.29045168 0.31668161 0.27663778 0.28610479 0.30020593 0.35345934 0.27144958 0.26915046 0.25629781 0.27184208
0.29045168 0.31668161 0.27663778 0.28610479 0.30020593 0.35345934 0.27144958 0.26915046 0.25629781 0.27184208
0.29045168 0.31668161 0.27663778 0.28610479 0.30020593 0.35345934 0.27144958 0.26915046 0.25629781 0.27184208
0.29045168 0.31668161 0.27663778 0.28610479 0.30020593 0.35345934 0.27144958 0.26915046 0.25629781 0.27184208
0.29045168 0.31668161 0.27663778 0.28610479 0.30020593 0.35345934 0.27144958 0.26915046 0.25629781 0.27184208
0.29045168 0.31668161 0.27663778 0.28610479 0.30020593 0.35345934 0.27144958 0.26915046 0.25629781 0.27184208
0.29045168 0.31668161 0.27663778 0.28610479 0.30020593 0.35345934 0.27144958 0.26915046 0.25629781 0.27184208
0.29045168 0.31668161 0.27663778 0.28610479 0.30020593 0.35345934 0.27144958 0.26915046 0.25629781 0.27184208
0.29045168 0.31668161 0.27663778 0.28610479 0.30020593 0.35345934 0.27144958 0.26915046 0.25629781 0.27184208
0.28193913 0.31114564 0.27443130 0.28850490 0.30606823 0.35763913 0.26909697 0.26892144 0.25740607 0.27462473
0.28193913 0.31114564 0.27443130 0.28850490 0.30606823 0.35763913 0.26909697 0.26892144 0.25740607 0.27462473
0.28193913 0.31114564 0.27443130 0.28850490 0.30606823 0.35763913 0.26909697 0.26892144 0.25740607 0.27462473
0.28193913 0.31114564 0.27443130 0.28850490 0.30606823 0.35763913 0.26909697 0.26892144 0.25740607 0.27462473
0.28193913 0.31114564 0.27443130 0.28850490 0.30606823 0.35763913 0.26909697 0.26892144 0.25740607 0.27462473
0.28193913 0.31114564 0.27443130 0.28850490 0.30606823 0.35763913 0.26909697 0.26892144 0.25740607 0.27462473
0.28193913 0.31114564 0.27443130 0.28850490 0.30606823 0.35763913 0.26909697 0.26892144 0.25740607 0.27462473
0.28193913 0.31114564 0.27443130 0.28850490 0.30606823 0.35763913 0.26909697 0.26892144 0.25740607 0.27462473
0.28193913 0.31114564 0.27443130 0.28850490 0.30606823 0.35763913 0.26909697 0.26892144 0.25740607 0.27462473
0.28193913 0.31114564 0.27443130 0.28850490 0.30606823 0.35763913 0.26909697 0.26892144 0.25740607 0.27462473
0.28193913 0.31114564 0.27443130 0.28850490 0.30606823 0.35763913 0.26909697 0.26892144 0.25740607 0.27462473
0.28193913 0.31114564 0.27443130 0.28850490 0.30606823 0.35763913 0.26909697 0.26892144 0.25740607 0.27462473
0.28193913 0.31114564 0.27443130 0.28850490 0.30606823 0.35763913 0.26909697 0.26892144 0.25740607 0.27462473
0.28193913 0.31114564 0.27443130 0.28850490 0.30606823 0.35763913 0.26909697 0.26892144 0.25740607 0.27462473
0.28193913 0.31114564 0.27443130 0.28850490 0.30606823 0.35763913 0.26909697 0.26892144 0.25740607 0.27462473
0.28193913 0.31114564 0.27443130 0.28850490 0.30606823 0.35763913 0.26909697 0.26892144 0.25740607 0.27462473
0.28193913 0.31114564 0.27443130 0.28850490 0.30606823 0.35763913 0.26909697 0.26892144 0.25740607 0.27462473
0.28193913 0.31114564 0.27443130 0.28850490 0.30606823 0.35763913 0.26909697 0.26892144 0.25740607 0.27462473
0.28193913 0.31114564 0.27443130 0.28850490 0.30606823 0.35763913 0.26909697 0.26892144 0.25740607 0.27462473
0.28193913 0.31114564 0.27443130 0.28850490 0.30606823 0.35763913 0.26909697 0.26892144 0.25740607 0.27462473
0.28193913 0.31114564 0.27443130 0.28850490 0.30606823 0.35763913 0.26909697 0.26892144 0.25740607 0.27462473
0.28193913 0.31114564 0.27443130 0.28850490 0.30606823 0.35763913 0.26909697 0.26892144 0.25740607 0.27462473
0.28193913 0.31114564 0.27443130 0.28850490 0.30606823 0.35763913 0.26909697 0.26892144 0.25740607 0.27462473
0.28193913 0.31114564 0.27443130 0.28850490 0.30606823 0.35763913 0.26909697 0.26892144 0.25740607 0.27462473
0.28193913 0.31114564 0.27443130 0.28850490 0.30606823 0.35763913 0.26909697 0.26892144 0.25740607 0.27462473
0.28193913 0.31114564 0.27443130 0.28850490 0.30606823 0.35763913 0.26909697 0.26892144 0.25740607 0.27462473
0.28193913 0.31114564 0.27443130 0.28850490 0.30606823 0.35763913 0.26909697 0.26892144 0.25740607 0.27462473
0.28193913 0.31114564 0.27443130 0.28850490 0.30606823 0.35763913 0.26909697 0.26892144 0.25740607 0.27462473
0.28193913 0.31114564 0.27443130 0.28850490 0.30606823 0.35763913 0.26909697 0.26892144 0.25740607 0.27462473
0.28193913 0.31114564 0.27443130 0.28850490 0.30606823 0.35763913 0.26909697 0.26892144 0.25740607 0.27462473
0.28193913 0.31114564 0.27443130 0.28850490 0.30606823 0.35763913 0.26909697 0.26892144 0.25740607 0.27462473
0.28193913 0.31114564 0.27443130 0.28850490 0.30606823 0.35763913 0.26909697 0.26892144 0.25740607 0.27462473
0.28193913 0.31114564 0.27443130 0.28850490 0.30606823 0.35763913 0.26909697 0.26892144 0.25740607 0.27462473
0.28193913 0.31114564 0.27443130 0.28850490 0.30606823 0.35763913 0.26909697 0.26892144 0.25740607 0.27462473
0.28193913 0.31114564 0.27443130 0.28850490 0.30606823 0.35763913 0.26909697 0.26892144 0.25740607 0.27462473
0.28193913 0.31114564 0.27443130 0.28850490 0.30606823 0.35763913 0.26909697 0.26892144 0.25740607 0.27462473
0.28529769 0.30962345 0.27515454 0.28369452 0.30491986 0.35980777 0.26675810 0.26657751 0.25782393 0.27675991
0.28529769 0.30962345 0.27515454 0.28369452 0.30491986 0.35980777 0.26675810 0.26657751 0.25782393 0.27675991
0.28529769 0.30962345 0.27515454 0.28369452 0.30491986 0.35980777 0.26675810 0.26657751 0.25782393 0.27675991
0.28529769 0.30962345 0.27515454 0.28369452 0.30491986 0.35980777 0.26675810 0.26657751 0.25782393 0.27675991
0.28529769 0.30962345 0.27515454 0.28369452 0.30491986 0.35980777 0.26675810 0.26657751 0.25782393 0.27675991
0.28529769 0.30962345 0.27515454 0.28369452 0.30491986 0.35980777 0.26675810 0.26657751 0.25782393 0.27675991
0.28529769 0.30962345 0.27515454 0.28369452 0.30491986 0.35980777 0.26675810 0.26657751 0.25782393 0.27675991
0.28529769 0.30962345 0.27515454 0.28369452 0.30491986 0.35980777 0.26675810 0.26657751 0.25782393 0.27675991
0.28529769 0.30962345 0.27515454 0.28369452 0.30491986 0.35980777 0.26675810 0.26657751 0.25782393 0.27675991
0.28529769 0.30962345 0.27515454 0.28369452 0.30491986 0.35980777 0.26675810 0.26657751 0.25782393 0.27675991
0.28529769 0.30962345 0.27515454 0.28369452 0.30491986 0.35980777 0.26675810 0.26657751 0.25782393 0.27675991
0.28529769 0.30962345 0.27515454 0.28369452 0.30491986 0.35980777 0.26675810 0.26657751 0.25782393 0.27675991
0.28529769 0.30962345 0.27515454 0.28369452 0.30491986 0.35980777 0.26675810 0.26657751 0.25782393 0.27675991
0.28529769 0.30962345 0.27515454 0.28369452 0.30491986 0.35980777 0.26675810 0.26657751 0.25782393 0.27675991
0.28529769 0.30962345 0.27515454 0.28369452 0.30491986 0.35980777 0.26675810 0.26657751 0.25782393 0.27675991
0.28529769 0.30962345 0.27515454 0.28369452 0.30491986 0.35980777 0.26675810 0.26657751 0.25782393 0.27675991
0.28529769 0.30962345 0.27515454 0.28369452 0.30491986 0.35980777 0.26675810 0.26657751 0.25782393 0.27675991
0.28529769 0.30962345 0.27515454 0.28369452 0.30491986 0.35980777 0.26675810 0.26657751 0.25782393 0.27675991
0.28529769 0.30962345 0.27515454 0.28369452 0.30491986 0.35980777 0.26675810 0.26657751 0.25782393 0.27675991
0.28918099 0.31267746 0.27615451 0.28281184 0.30066347 0.36368994 0.26886021 0.26238304 0.25730135 0.27268474
0.28918099 0.31267746 0.27615451 0.28281184 0.30066347 0.36368994 0.26886021 0.26238304 0.25730135 0.27268474
0.28918099 0.31267746 0.27615451 0.28281184 0.30066347 0.36368994 0.26886021 0.26238304 0.25730135 0.27268474
0.28918099 0.31267746 0.27615451 0.28281184 0.30066347 0.36368994 0.26886021 0.26238304 0.25730135 0.27268474
0.28918099 0.31267746 0.27615451 0.28281184 0.30066347 0.36368994 0.26886021 0.26238304 0.25730135 0.27268474
0.28918099 0.31267746 0.27615451 0.28281184 0.30066347 0.36368994 0.26886021 0.26238304 0.25730135 0.27268474
0.28918099 0.31267746 0.27615451 0.28281184 0.30066347 0.36368994 0.26886021 0.26238304 0.25730135 0.27268474
0.28918099 0.31267746 0.27615451 0.28281184 0.30066347 0.36368994 0.26886021 0.26238304 0.25730135 0.27268474
0.28918099 0.31267746 0.27615451 0.28281184 0.30066347 0.36368994 0.26886021 0.26238304 0.25730135 0.27268474
0.28918099 0.31267746 0.27615451 0.28281184 0.30066347 0.36368994 0.26886021 0.26238304 0.25730135 0.27268474
0.28918099 0.31267746 0.27615451 0.28281184 0.30066347 0.36368994 0.26886021 0.26238304 0.25730135 0.27268474
0.28918099 0.31267746 0.27615451 0.28281184 0.30066347 0.36368994 0.26886021 0.26238304 0.25730135 0.27268474
0.28918099 0.31267746 0.27615451 0.28281184 0.30066347 0.36368994 0.26886021 0.26238304 0.25730135 0.27268474
0.28918099 0.31267746 0.27615451 0.28281184 0.30066347 0.36368994 0.26886021 0.26238304 0.25730135 0.27268474
0.28918099 0.31267746 0.27615451 0.28281184 0.30066347 0.36368994 0.26886021 0.26238304 0.25730135 0.27268474
0.28918099 0.31267746 0.27615451 0.28281184 0.30066347 0.36368994 0.26886021 0.26238304 0.25730135 0.27268474
0.28918099 0.31267746 0.27615451 0.28281184 0.30066347 0.36368994 0.26886021 0.26238304 0.25730135 0.27268474
0.28918099 0.31267746 0.27615451 0.28281184 0.30066347 0.36368994 0.26886021 0.26238304 0.25730135 0.27268474
0.28918099 0.31267746 0.27615451 0.28281184 0.30066347 0.36368994 0.26886021 0.26238304 0.25730135 0.27268474
0.28918099 0.31267746 0.27615451 0.28281184 0.30066347 0.36368994 0.26886021 0.26238304 0.25730135 0.27268474
0.28918099 0.31267746 0.27615451 0.28281184 0.30066347 0.36368994 0.26886021 0.26238304 0.25730135 0.27268474
0.28918099 0.31267746 0.27615451 0.28281184 0.30066347 0.36368994 0.26886021 0.26238304 0.25730135 0.27268474
0.28918099 0.31267746 0.27615451 0.28281184 0.30066347 0.36368994 0.26886021 0.26238304 0.25730135 0.27268474
0.28918099 0.31267746 0.27615451 0.28281184 0.30066347 0.36368994 0.26886021 0.26238304 0.25730135 0.27268474
0.28918099 0.31267746 0.27615451 0.28281184 0.30066347 0.36368994 0.26886021 0.26238304 0.25730135 0.27268474
0.28918099 0.31267746 0.27615451 0.28281184 0.30066347 0.36368994 0.26886021 0.26238304 0.25730135 0.27268474
0.28918099 0.31267746 0.27615451 0.28281184 0.30066347 0.36368994 0.26886021 0.26238304 0.25730135 0.27268474
0.28918099 0.31267746 0.27615451 0.28281184 0.30066347 0.36368994 0.26886021 0.26238304 0.25730135 0.27268474
0.28918099 0.31267746 0.27615451 0.28281184 0.30066347 0.36368994 0.26886021 0.26238304 0.25730135 0.27268474
0.28918099 0.31267746 0.27615451 0.28281184 0.30066347 0.36368994 0.26886021 0.26238304 0.25730135 0.27268474
0.28918099 0.31267746 0.27615451 0.28281184 0.30066347 0.36368994 0.26886021 0.26238304 0.25730135 0.27268474
0.28918099 0.31267746 0.27615451 0.28281184 0.30066347 0.36368994 0.26886021 0.26238304 0.25730135 0.27268474
0.28918099 0.31267746 0.27615451 0.28281184 0.30066347 0.36368994 0.26886021 0.26238304 0.25730135 0.27268474
0.28918099 0.31267746 0.27615451 0.28281184 0.30066347 0.36368994 0.26886021 0.26238304 0.25730135 0.27268474
0.28918099 0.31267746 0.27615451 0.28281184 0.30066347 0.36368994 0.26886021 0.26238304 0.25730135 0.27268474
0.28918099 0.31267746 0.27615451 0.28281184 0.30066347 0.36368994 0.26886021 0.26238304 0.25730135 0.27268474
0.28918099 0.31267746 0.27615451 0.28281184 0.30066347 0.36368994 0.26886021 0.26238304 0.25730135 0.27268474
0.28918099 0.31267746 0.27615451 0.28281184 0.30066347 0.36368994 0.26886021 0.26238304 0.25730135 0.27268474
0.28918099 0.31267746 0.27615451 0.28281184 0.30066347 0.36368994 0.26886021 0.26238304 0.25730135 0.27268474
0.28739611 0.31132565 0.27598157 0.27787065 0.30276484 0.36145606 0.26863476 0.26264260 0.25645033 0.27209740
0.28739611 0.31132565 0.27598157 0.27787065 0.30276484 0.36145606 0.26863476 0.26264260 0.25645033 0.27209740
0.28739611 0.31132565 0.27598157 0.27787065 0.30276484 0.36145606 0.26863476 0.26264260 0.25645033 0.27209740
0.28739611 0.31132565 0.27598157 0.27787065 0.30276484 0.36145606 0.26863476 0.26264260 0.25645033 0.27209740
0.28739611 0.31132565 0.27598157 0.27787065 0.30276484 0.36145606 0.26863476 0.26264260 0.25645033 0.27209740
0.28739611 0.31132565 0.27598157 0.27787065 0.30276484 0.36145606 0.26863476 0.26264260 0.25645033 0.27209740
0.28739611 0.31132565 0.27598157 0.27787065 0.30276484 0.36145606 0.26863476 0.26264260 0.25645033 0.27209740
0.28739611 0.31132565 0.27598157 0.27787065 0.30276484 0.36145606 0.26863476 0.26264260 0.25645033 0.27209740
0.28739611 0.31132565 0.27598157 0.27787065 0.30276484 0.36145606 0.26863476 0.26264260 0.25645033 0.27209740
0.28739611 0.31132565 0.27598157 0.27787065 0.30276484 0.36145606 0.26863476 0.26264260 0.25645033 0.27209740
0.28739611 0.31132565 0.27598157 0.27787065 0.30276484 0.36145606 0.26863476 0.26264260 0.25645033 0.27209740
0.28739611 0.31132565 0.27598157 0.27787065 0.30276484 0.36145606 0.26863476 0.26264260 0.25645033 0.27209740
0.28739611 0.31132565 0.27598157 0.27787065 0.30276484 0.36145606 0.26863476 0.26264260 0.25645033 0.27209740
0.28739611 0.31132565 0.27598157 0.27787065 0.30276484 0.36145606 0.26863476 0.26264260 0.25645033 0.27209740
0.28739611 0.31132565 0.27598157 0.27787065 0.30276484 0.36145606 0.26863476 0.26264260 0.25645033 0.27209740
0.28739611 0.31132565 0.27598157 0.27787065 0.30276484 0.36145606 0.26863476 0.26264260 0.25645033 0.27209740
0.28739611 0.31132565 0.27598157 0.27787065 0.30276484 0.36145606 0.26863476 0.26264260 0.25645033 0.27209740
0.28739611 0.31132565 0.27598157 0.27787065 0.30276484 0.36145606 0.26863476 0.26264260 0.25645033 0.27209740
0.28739611 0.31132565 0.27598157 0.27787065 0.30276484 0.36145606 0.26863476 0.26264260 0.25645033 0.27209740
0.28739611 0.31132565 0.27598157 0.27787065 0.30276484 0.36145606 0.26863476 0.26264260 0.25645033 0.27209740
0.28739611 0.31132565 0.27598157 0.27787065 0.30276484 0.36145606 0.26863476 0.26264260 0.25645033 0.27209740
0.28739611 0.31132565 0.27598157 0.27787065 0.30276484 0.36145606 0.26863476 0.26264260 0.25645033 0.27209740
0.28739611 0.31132565 0.27598157 0.27787065 0.30276484 0.36145606 0.26863476 0.26264260 0.25645033 0.27209740
0.28739611 0.31132565 0.27598157 0.27787065 0.30276484 0.36145606 0.26863476 0.26264260 0.25645033 0.27209740
0.28739611 0.31132565 0.27598157 0.27787065 0.30276484 0.36145606 0.26863476 0.26264260 0.25645033 0.27209740
0.28739611 0.31132565 0.27598157 0.27787065 0.30276484 0.36145606 0.26863476 0.26264260 0.25645033 0.27209740
0.28739611 0.31132565 0.27598157 0.27787065 0.30276484 0.36145606 0.26863476 0.26264260 0.25645033 0.27209740
0.28757045 0.31092539 0.27589484 0.28139648 0.30465440 0.35876267 0.26995046 0.26206381 0.25606015 0.27312341
0.28757045 0.31092539 0.27589484 0.28139648 0.30465440 0.35876267 0.26995046 0.26206381 0.25606015 0.27312341
0.28757045 0.31092539 0.27589484 0.28139648 0.30465440 0.35876267 0.26995046 0.26206381 0.25606015 0.27312341
0.28757045 0.31092539 0.27589484 0.28139648 0.30465440 0.35876267 0.26995046 0.26206381 0.25606015 0.27312341
0.28757045 0.31092539 0.27589484 0.28139648 0.30465440 0.35876267 0.26995046 0.26206381 0.25606015 0.27312341
0.28757045 0.31092539 0.27589484 0.28139648 0.30465440 0.35876267 0.26995046 0.26206381 0.25606015 0.27312341
0.28757045 0.31092539 0.27589484 0.28139648 0.30465440 0.35876267 0.26995046 0.26206381 0.25606015 0.27312341
0.28757045 0.31092539 0.27589484 0.28139648 0.30465440 0.35876267 0.26995046 0.26206381 0.25606015 0.27312341
0.28757045 0.31092539 0.27589484 0.28139648 0.30465440 0.35876267 0.26995046 0.26206381 0.25606015 0.27312341
0.28757045 0.31092539 0.27589484 0.28139648 0.30465440 0.35876267 0.26995046 0.26206381 0.25606015 0.27312341
0.28757045 0.31092539 0.27589484 0.28139648 0.30465440 0.35876267 0.26995046 0.26206381 0.25606015 0.27312341
0.28757045 0.31092539 0.27589484 0.28139648 0.30465440 0.35876267 0.26995046 0.26206381 0.25606015 0.27312341
0.28757045 0.31092539 0.27589484 0.28139648 0.30465440 0.35876267 0.26995046 0.26206381 0.25606015 0.27312341
0.28757045 0.31092539 0.27589484 0.28139648 0.30465440 0.35876267 0.26995046 0.26206381 0.25606015 0.27312341
0.28757045 0.31092539 0.27589484 0.28139648 0.30465440 0.35876267 0.26995046 0.26206381 0.25606015 0.27312341
0.28757045 0.31092539 0.27589484 0.28139648 0.30465440 0.35876267 0.26995046 0.26206381 0.25606015 0.27312341
0.28213473 0.31661975 0.27436413 0.27949290 0.29876236 0.36016004 0.27239662 0.26593735 0.25559287 0.27015647
0.28213473 0.31661975 0.27436413 0.27949290 0.29876236 0.36016004 0.27239662 0.26593735 0.25559287 0.27015647
0.28213473 0.31661975 0.27436413 0.27949290 0.29876236 0.36016004 0.27239662 0.26593735 0.25559287 0.27015647
0.28213473 0.31661975 0.27436413 0.27949290 0.29876236 0.36016004 0.27239662 0.26593735 0.25559287 0.27015647
0.28213473 0.31661975 0.27436413 0.27949290 0.29876236 0.36016004 0.27239662 0.26593735 0.25559287 0.27015647
0.28213473 0.31661975 0.27436413 0.27949290 0.29876236 0.36016004 0.27239662 0.26593735 0.25559287 0.27015647
0.28213473 0.31661975 0.27436413 0.27949290 0.29876236 0.36016004 0.27239662 0.26593735 0.25559287 0.27015647
0.28213473 0.31661975 0.27436413 0.27949290 0.29876236 0.36016004 0.27239662 0.26593735 0.25559287 0.27015647
0.27483351 0.31634333 0.27390769 0.27634249 0.30004119 0.36045724 0.26703508 0.26363389 0.25535331 0.26993188
0.27483351 0.31634333 0.27390769 0.27634249 0.30004119 0.36045724 0.26703508 0.26363389 0.25535331 0.26993188
0.27483351 0.31634333 0.27390769 0.27634249 0.30004119 0.36045724 0.26703508 0.26363389 0.25535331 0.26993188
0.27483351 0.31634333 0.27390769 0.27634249 0.30004119 0.36045724 0.26703508 0.26363389 0.25535331 0.26993188
0.27483351 0.31634333 0.27390769 0.27634249 0.30004119 0.36045724 0.26703508 0.26363389 0.25535331 0.26993188
0.27483351 0.31634333 0.27390769 0.27634249 0.30004119 0.36045724 0.26703508 0.26363389 0.25535331 0.26993188
0.27483351 0.31634333 0.27390769 0.27634249 0.30004119 0.36045724 0.26703508 0.26363389 0.25535331 0.26993188
0.27483351 0.31634333 0.27390769 0.27634249 0.30004119 0.36045724 0.26703508 0.26363389 0.25535331 0.26993188
0.27483351 0.31634333 0.27390769 0.27634249 0.30004119 0.36045724 0.26703508 0.26363389 0.25535331 0.26993188
0.27483351 0.31634333 0.27390769 0.27634249 0.30004119 0.36045724 0.26703508 0.26363389 0.25535331 0.26993188
0.27483351 0.31634333 0.27390769 0.27634249 0.30004119 0.36045724 0.26703508 0.26363389 0.25535331 0.26993188
0.27483351 0.31634333 0.27390769 0.27634249 0.30004119 0.36045724 0.26703508 0.26363389 0.25535331 0.26993188
0.27483351 0.31634333 0.27390769 0.27634249 0.30004119 0.36045724 0.26703508 0.26363389 0.25535331 0.26993188
0.27483351 0.31634333 0.27390769 0.27634249 0.30004119 0.36045724 0.26703508 0.26363389 0.25535331 0.26993188
0.27483351 0.31634333 0.27390769 0.27634249 0.30004119 0.36045724 0.26703508 0.26363389 0.25535331 0.26993188
0.27483351 0.31634333 0.27390769 0.27634249 0.30004119 0.36045724 0.26703508 0.26363389 0.25535331 0.26993188
0.27483351 0.31634333 0.27390769 0.27634249 0.30004119 0.36045724 0.26703508 0.26363389 0.25535331 0.26993188
0.27483351 0.31634333 0.27390769 0.27634249 0.30004119 0.36045724 0.26703508 0.26363389 0.25535331 0.26993188
0.27483351 0.31634333 0.27390769 0.27634249 0.30004119 0.36045724 0.26703508 0.26363389 0.25535331 0.26993188
0.27483351 0.31634333 0.27390769 0.27634249 0.30004119 0.36045724 0.26703508 0.26363389 0.25535331 0.26993188
0.27483351 0.31634333 0.27390769 0.27634249 0.30004119 0.36045724 0.26703508 0.26363389 0.25535331 0.26993188
0.27483351 0.31634333 0.27390769 0.27634249 0.30004119 0.36045724 0.26703508 0.26363389 0.25535331 0.26993188
0.27483351 0.31634333 0.27390769 0.27634249 0.30004119 0.36045724 0.26703508 0.26363389 0.25535331 0.26993188
0.27483351 0.31634333 0.27390769 0.27634249 0.30004119 0.36045724 0.26703508 0.26363389 0.25535331 0.26993188
0.27483351 0.31634333 0.27390769 0.27634249 0.30004119 0.36045724 0.26703508 0.26363389 0.25535331 0.26993188
0.27572153 0.31424422 0.27435559 0.27749255 0.30557963 0.36588335 0.26910438 0.26308504 0.25527659 0.27040890
0.27572153 0.31424422 0.27435559 0.27749255 0.30557963 0.36588335 0.26910438 0.26308504 0.25527659 0.27040890
0.27572153 0.31424422 0.27435559 0.27749255 0.30557963 0.36588335 0.26910438 0.26308504 0.25527659 0.27040890
0.27572153 0.31424422 0.27435559 0.27749255 0.30557963 0.36588335 0.26910438 0.26308504 0.25527659 0.27040890
0.27572153 0.31424422 0.27435559 0.27749255 0.30557963 0.36588335 0.26910438 0.26308504 0.25527659 0.27040890
0.27572153 0.31424422 0.27435559 0.27749255 0.30557963 0.36588335 0.26910438 0.26308504 0.25527659 0.27040890
0.27572153 0.31424422 0.27435559 0.27749255 0.30557963 0.36588335 0.26910438 0.26308504 0.25527659 0.27040890
0.27572153 0.31424422 0.27435559 0.27749255 0.30557963 0.36588335 0.26910438 0.26308504 0.25527659 0.27040890
0.27572153 0.31424422 0.27435559 0.27749255 0.30557963 0.36588335 0.26910438 0.26308504 0.25527659 0.27040890
0.27572153 0.31424422 0.27435559 0.27749255 0.30557963 0.36588335 0.26910438 0.26308504 0.25527659 0.27040890
0.27572153 0.31424422 0.27435559 0.27749255 0.30557963 0.36588335 0.26910438 0.26308504 0.25527659 0.27040890
0.27572153 0.31424422 0.27435559 0.27749255 0.30557963 0.36588335 0.26910438 0.26308504 0.25527659 0.27040890
0.27572153 0.31424422 0.27435559 0.27749255 0.30557963 0.36588335 0.26910438 0.26308504 0.25527659 0.27040890
0.27572153 0.31424422 0.27435559 0.27749255 0.30557963 0.36588335 0.26910438 0.26308504 0.25527659 0.27040890
0.27572153 0.31424422 0.27435559 0.27749255 0.30557963 0.36588335 0.26910438 0.26308504 0.25527659 0.27040890
0.27572153 0.31424422 0.27435559 0.27749255 0.30557963 0.36588335 0.26910438 0.26308504 0.25527659 0.27040890
0.27572153 0.31424422 0.27435559 0.27749255 0.30557963 0.36588335 0.26910438 0.26308504 0.25527659 0.27040890
0.27572153 0.31424422 0.27435559 0.27749255 0.30557963 0.36588335 0.26910438 0.26308504 0.25527659 0.27040890
0.27134124 0.31294349 0.27688912 0.27509388 0.30001192 0.36137877 0.27094984 0.26511606 0.25648246 0.27386871
0.27134124 0.31294349 0.27688912 0.27509388 0.30001192 0.36137877 0.27094984 0.26511606 0.25648246 0.27386871
0.27134124 0.31294349 0.27688912 0.27509388 0.30001192 0.36137877 0.27094984 0.26511606 0.25648246 0.27386871
0.27134124 0.31294349 0.27688912 0.27509388 0.30001192 0.36137877 0.27094984 0.26511606 0.25648246 0.27386871
0.27134124 0.31294349 0.27688912 0.27509388 0.30001192 0.36137877 0.27094984 0.26511606 0.25648246 0.27386871
0.27134124 0.31294349 0.27688912 0.27509388 0.30001192 0.36137877 0.27094984 0.26511606 0.25648246 0.27386871
0.27134124 0.31294349 0.27688912 0.27509388 0.30001192 0.36137877 0.27094984 0.26511606 0.25648246 0.27386871
0.27134124 0.31294349 0.27688912 0.27509388 0.30001192 0.36137877 0.27094984 0.26511606 0.25648246 0.27386871
0.27134124 0.31294349 0.27688912 0.27509388 0.30001192 0.36137877 0.27094984 0.26511606 0.25648246 0.27386871
0.27134124 0.31294349 0.27688912 0.27509388 0.30001192 0.36137877 0.27094984 0.26511606 0.25648246 0.27386871
0.27134124 0.31294349 0.27688912 0.27509388 0.30001192 0.36137877 0.27094984 0.26511606 0.25648246 0.27386871
0.27134124 0.31294349 0.27688912 0.27509388 0.30001192 0.36137877 0.27094984 0.26511606 0.25648246 0.27386871
0.27134124 0.31294349 0.27688912 0.27509388 0.30001192 0.36137877 0.27094984 0.26511606 0.25648246 0.27386871
0.27134124 0.31294349 0.27688912 0.27509388 0.30001192 0.36137877 0.27094984 0.26511606 0.25648246 0.27386871
0.27134124 0.31294349 0.27688912 0.27509388 0.30001192 0.36137877 0.27094984 0.26511606 0.25648246 0.27386871
0.27134124 0.31294349 0.27688912 0.27509388 0.30001192 0.36137877 0.27094984 0.26511606 0.25648246 0.27386871
0.27134124 0.31294349 0.27688912 0.27509388 0.30001192 0.36137877 0.27094984 0.26511606 0.25648246 0.27386871
0.27134124 0.31294349 0.27688912 0.27509388 0.30001192 0.36137877 0.27094984 0.26511606 0.25648246 0.27386871
0.27134124 0.31294349 0.27688912 0.27509388 0.30001192 0.36137877 0.27094984 0.26511606 0.25648246 0.27386871
0.26938884 0.31548381 0.28072872 0.27720254 0.30268384 0.35364008 0.27067222 0.26405540 0.25642132 0.27410251
0.26938884 0.31548381 0.28072872 0.27720254 0.30268384 0.35364008 0.27067222 0.26405540 0.25642132 0.27410251
0.26938884 0.31548381 0.28072872 0.27720254 0.30268384 0.35364008 0.27067222 0.26405540 0.25642132 0.27410251
0.26938884 0.31548381 0.28072872 0.27720254 0.30268384 0.35364008 0.27067222 0.26405540 0.25642132 0.27410251
0.26938884 0.31548381 0.28072872 0.27720254 0.30268384 0.35364008 0.27067222 0.26405540 0.25642132 0.27410251
0.26938884 0.31548381 0.28072872 0.27720254 0.30268384 0.35364008 0.27067222 0.26405540 0.25642132 0.27410251
0.26938884 0.31548381 0.28072872 0.27720254 0.30268384 0.35364008 0.27067222 0.26405540 0.25642132 0.27410251
0.26938884 0.31548381 0.28072872 0.27720254 0.30268384 0.35364008 0.27067222 0.26405540 0.25642132 0.27410251
0.26938884 0.31548381 0.28072872 0.27720254 0.30268384 0.35364008 0.27067222 0.26405540 0.25642132 0.27410251
0.26938884 0.31548381 0.28072872 0.27720254 0.30268384 0.35364008 0.27067222 0.26405540 0.25642132 0.27410251
0.26938884 0.31548381 0.28072872 0.27720254 0.30268384 0.35364008 0.27067222 0.26405540 0.25642132 0.27410251
0.26938884 0.31548381 0.28072872 0.27720254 0.30268384 0.35364008 0.27067222 0.26405540 0.25642132 0.27410251
0.26938884 0.31548381 0.28072872 0.27720254 0.30268384 0.35364008 0.27067222 0.26405540 0.25642132 0.27410251
0.26938884 0.31548381 0.28072872 0.27720254 0.30268384 0.35364008 0.27067222 0.26405540 0.25642132 0.27410251
0.26938884 0.31548381 0.28072872 0.27720254 0.30268384 0.35364008 0.27067222 0.26405540 0.25642132 0.27410251
0.26938884 0.31548381 0.28072872 0.27720254 0.30268384 0.35364008 0.27067222 0.26405540 0.25642132 0.27410251
0.26938884 0.31548381 0.28072872 0.27720254 0.30268384 0.35364008 0.27067222 0.26405540 0.25642132 0.27410251
0.26938884 0.31548381 0.28072872 0.27720254 0.30268384 0.35364008 0.27067222 0.26405540 0.25642132 0.27410251
0.26938884 0.31548381 0.28072872 0.27720254 0.30268384 0.35364008 0.27067222 0.26405540 0.25642132 0.27410251
0.26938884 0.31548381 0.28072872 0.27720254 0.30268384 0.35364008 0.27067222 0.26405540 0.25642132 0.27410251
0.27005174 0.32135925 0.28630236 0.28206538 0.30212564 0.35131122 0.26780982 0.26224069 0.25608840 0.27532628
0.27005174 0.32135925 0.28630236 0.28206538 0.30212564 0.35131122 0.26780982 0.26224069 0.25608840 0.27532628
0.27005174 0.32135925 0.28630236 0.28206538 0.30212564 0.35131122 0.26780982 0.26224069 0.25608840 0.27532628
0.27005174 0.32135925 0.28630236 0.28206538 0.30212564 0.35131122 0.26780982 0.26224069 0.25608840 0.27532628
0.27005174 0.32135925 0.28630236 0.28206538 0.30212564 0.35131122 0.26780982 0.26224069 0.25608840 0.27532628
0.27005174 0.32135925 0.28630236 0.28206538 0.30212564 0.35131122 0.26780982 0.26224069 0.25608840 0.27532628
0.27005174 0.32135925 0.28630236 0.28206538 0.30212564 0.35131122 0.26780982 0.26224069 0.25608840 0.27532628
0.27005174 0.32135925 0.28630236 0.28206538 0.30212564 0.35131122 0.26780982 0.26224069 0.25608840 0.27532628
0.27005174 0.32135925 0.28630236 0.28206538 0.30212564 0.35131122 0.26780982 0.26224069 0.25608840 0.27532628
0.27005174 0.32135925 0.28630236 0.28206538 0.30212564 0.35131122 0.26780982 0.26224069 0.25608840 0.27532628
0.27005174 0.32135925 0.28630236 0.28206538 0.30212564 0.35131122 0.26780982 0.26224069 0.25608840 0.27532628
0.27005174 0.32135925 0.28630236 0.28206538 0.30212564 0.35131122 0.26780982 0.26224069 0.25608840 0.27532628
0.27005174 0.32135925 0.28630236 0.28206538 0.30212564 0.35131122 0.26780982 0.26224069 0.25608840 0.27532628
0.27005174 0.32135925 0.28630236 0.28206538 0.30212564 0.35131122 0.26780982 0.26224069 0.25608840 0.27532628
0.27005174 0.32135925 0.28630236 0.28206538 0.30212564 0.35131122 0.26780982 0.26224069 0.25608840 0.27532628
0.27005174 0.32135925 0.28630236 0.28206538 0.30212564 0.35131122 0.26780982 0.26224069 0.25608840 0.27532628
0.27005174 0.32135925 0.28630236 0.28206538 0.30212564 0.35131122 0.26780982 0.26224069 0.25608840 0.27532628
0.27005174 0.32135925 0.28630236 0.28206538 0.30212564 0.35131122 0.26780982 0.26224069 0.25608840 0.27532628
0.27005174 0.32135925 0.28630236 0.28206538 0.30212564 0.35131122 0.26780982 0.26224069 0.25608840 0.27532628
0.27005174 0.32135925 0.28630236 0.28206538 0.30212564 0.35131122 0.26780982 0.26224069 0.25608840 0.27532628
0.27005174 0.32135925 0.28630236 0.28206538 0.30212564 0.35131122 0.26780982 0.26224069 0.25608840 0.27532628
0.27005174 0.32135925 0.28630236 0.28206538 0.30212564 0.35131122 0.26780982 0.26224069 0.25608840 0.27532628
0.27005174 0.32135925 0.28630236 0.28206538 0.30212564 0.35131122 0.26780982 0.26224069 0.25608840 0.27532628
0.27005174 0.32135925 0.28630236 0.28206538 0.30212564 0.35131122 0.26780982 0.26224069 0.25608840 0.27532628
0.27005174 0.32135925 0.28630236 0.28206538 0.30212564 0.35131122 0.26780982 0.26224069 0.25608840 0.27532628
0.27005174 0.32135925 0.28630236 0.28206538 0.30212564 0.35131122 0.26780982 0.26224069 0.25608840 0.27532628
0.27005174 0.32135925 0.28630236 0.28206538 0.30212564 0.35131122 0.26780982 0.26224069 0.25608840 0.27532628
0.27005174 0.32135925 0.28630236 0.28206538 0.30212564 0.35131122 0.26780982 0.26224069 0.25608840 0.27532628
0.27005174 0.32135925 0.28630236 0.28206538 0.30212564 0.35131122 0.26780982 0.26224069 0.25608840 0.27532628
0.27005174 0.32135925 0.28630236 0.28206538 0.30212564 0.35131122 0.26780982 0.26224069 0.25608840 0.27532628
0.27005174 0.32135925 0.28630236 0.28206538 0.30212564 0.35131122 0.26780982 0.26224069 0.25608840 0.27532628
0.27005174 0.32135925 0.28630236 0.28206538 0.30212564 0.35131122 0.26780982 0.26224069 0.25608840 0.27532628
0.27005174 0.32135925 0.28630236 0.28206538 0.30212564 0.35131122 0.26780982 0.26224069 0.25608840 0.27532628
0.27005174 0.32135925 0.28630236 0.28206538 0.30212564 0.35131122 0.26780982 0.26224069 0.25608840 0.27532628
0.27005174 0.32135925 0.28630236 0.28206538 0.30212564 0.35131122 0.26780982 0.26224069 0.25608840 0.27532628
0.27005174 0.32135925 0.28630236 0.28206538 0.30212564 0.35131122 0.26780982 0.26224069 0.25608840 0.27532628
0.27005174 0.32135925 0.28630236 0.28206538 0.30212564 0.35131122 0.26780982 0.26224069 0.25608840 0.27532628
0.27005174 0.32135925 0.28630236 0.28206538 0.30212564 0.35131122 0.26780982 0.26224069 0.25608840 0.27532628
0.27005174 0.32135925 0.28630236 0.28206538 0.30212564 0.35131122 0.26780982 0.26224069 0.25608840 0.27532628
0.27005174 0.32135925 0.28630236 0.28206538 0.30212564 0.35131122 0.26780982 0.26224069 0.25608840 0.27532628
0.27005174 0.32135925 0.28630236 0.28206538 0.30212564 0.35131122 0.26780982 0.26224069 0.25608840 0.27532628
0.27005174 0.32135925 0.28630236 0.28206538 0.30212564 0.35131122 0.26780982 0.26224069 0.25608840 0.27532628
0.27005174 0.32135925 0.28630236 0.28206538 0.30212564 0.35131122 0.26780982 0.26224069 0.25608840 0.27532628
0.27005174 0.32135925 0.28630236 0.28206538 0.30212564 0.35131122 0.26780982 0.26224069 0.25608840 0.27532628
0.27005174 0.32135925 0.28630236 0.28206538 0.30212564 0.35131122 0.26780982 0.26224069 0.25608840 0.27532628
0.26926233 0.32488437 0.27967191 0.27774626 0.30604119 0.34675179 0.26788335 0.26165384 0.25499003 0.27716993
0.27144705 0.31724485 0.27667634 0.28026018 0.30764725 0.34726174 0.26708368 0.25862232 0.25499103 0.27686566
0.27144705 0.31724485 0.27667634 0.28026018 0.30764725 0.34726174 0.26708368 0.25862232 0.25499103 0.27686566
0.27144705 0.31724485 0.27667634 0.28026018 0.30764725 0.34726174 0.26708368 0.25862232 0.25499103 0.27686566
0.27144705 0.31724485 0.27667634 0.28026018 0.30764725 0.34726174 0.26708368 0.25862232 0.25499103 0.27686566
0.27144705 0.31724485 0.27667634 0.28026018 0.30764725 0.34726174 0.26708368 0.25862232 0.25499103 0.27686566
0.27144705 0.31724485 0.27667634 0.28026018 0.30764725 0.34726174 0.26708368 0.25862232 0.25499103 0.27686566
0.27144705 0.31724485 0.27667634 0.28026018 0.30764725 0.34726174 0.26708368 0.25862232 0.25499103 0.27686566
0.27144705 0.31724485 0.27667634 0.28026018 0.30764725 0.34726174 0.26708368 0.25862232 0.25499103 0.27686566
0.27144705 0.31724485 0.27667634 0.28026018 0.30764725 0.34726174 0.26708368 0.25862232 0.25499103 0.27686566
0.27144705 0.31724485 0.27667634 0.28026018 0.30764725 0.34726174 0.26708368 0.25862232 0.25499103 0.27686566
0.27144705 0.31724485 0.27667634 0.28026018 0.30764725 0.34726174 0.26708368 0.25862232 0.25499103 0.27686566
0.27144705 0.31724485 0.27667634 0.28026018 0.30764725 0.34726174 0.26708368 0.25862232 0.25499103 0.27686566
0.27144705 0.31724485 0.27667634 0.28026018 0.30764725 0.34726174 0.26708368 0.25862232 0.25499103 0.27686566
0.27144705 0.31724485 0.27667634 0.28026018 0.30764725 0.34726174 0.26708368 0.25862232 0.25499103 0.27686566
0.27144705 0.31724485 0.27667634 0.28026018 0.30764725 0.34726174 0.26708368 0.25862232 0.25499103 0.27686566
0.27144705 0.31724485 0.27667634 0.28026018 0.30764725 0.34726174 0.26708368 0.25862232 0.25499103 0.27686566
0.27144705 0.31724485 0.27667634 0.28026018 0.30764725 0.34726174 0.26708368 0.25862232 0.25499103 0.27686566
0.27144705 0.31724485 0.27667634 0.28026018 0.30764725 0.34726174 0.26708368 0.25862232 0.25499103 0.27686566
0.27144705 0.31724485 0.27667634 0.28026018 0.30764725 0.34726174 0.26708368 0.25862232 0.25499103 0.27686566
0.27144705 0.31724485 0.27667634 0.28026018 0.30764725 0.34726174 0.26708368 0.25862232 0.25499103 0.27686566
0.27144705 0.31724485 0.27667634 0.28026018 0.30764725 0.34726174 0.26708368 0.25862232 0.25499103 0.27686566
0.27144705 0.31724485 0.27667634 0.28026018 0.30764725 0.34726174 0.26708368 0.25862232 0.25499103 0.27686566
0.27144705 0.31724485 0.27667634 0.28026018 0.30764725 0.34726174 0.26708368 0.25862232 0.25499103 0.27686566
0.27144705 0.31724485 0.27667634 0.28026018 0.30764725 0.34726174 0.26708368 0.25862232 0.25499103 0.27686566
0.27144705 0.31724485 0.27667634 0.28026018 0.30764725 0.34726174 0.26708368 0.25862232 0.25499103 0.27686566
0.27144705 0.31724485 0.27667634 0.28026018 0.30764725 0.34726174 0.26708368 0.25862232 0.25499103 0.27686566
0.27144705 0.31724485 0.27667634 0.28026018 0.30764725 0.34726174 0.26708368 0.25862232 0.25499103 0.27686566
0.27144705 0.31724485 0.27667634 0.28026018 0.30764725 0.34726174 0.26708368 0.25862232 0.25499103 0.27686566
0.27144705 0.31724485 0.27667634 0.28026018 0.30764725 0.34726174 0.26708368 0.25862232 0.25499103 0.27686566
0.27144705 0.31724485 0.27667634 0.28026018 0.30764725 0.34726174 0.26708368 0.25862232 0.25499103 0.27686566
0.27144705 0.31724485 0.27667634 0.28026018 0.30764725 0.34726174 0.26708368 0.25862232 0.25499103 0.27686566
0.27144705 0.31724485 0.27667634 0.28026018 0.30764725 0.34726174 0.26708368 0.25862232 0.25499103 0.27686566
0.27144705 0.31724485 0.27667634 0.28026018 0.30764725 0.34726174 0.26708368 0.25862232 0.25499103 0.27686566
0.27144705 0.31724485 0.27667634 0.28026018 0.30764725 0.34726174 0.26708368 0.25862232 0.25499103 0.27686566
0.27144705 0.31724485 0.27667634 0.28026018 0.30764725 0.34726174 0.26708368 0.25862232 0.25499103 0.27686566
0.27144705 0.31724485 0.27667634 0.28026018 0.30764725 0.34726174 0.26708368 0.25862232 0.25499103 0.27686566
0.27144705 0.31724485 0.27667634 0.28026018 0.30764725 0.34726174 0.26708368 0.25862232 0.25499103 0.27686566
0.27144705 0.31724485 0.27667634 0.28026018 0.30764725 0.34726174 0.26708368 0.25862232 0.25499103 0.27686566
0.27144705 0.31724485 0.27667634 0.28026018 0.30764725 0.34726174 0.26708368 0.25862232 0.25499103 0.27686566
0.27144705 0.31724485 0.27667634 0.28026018 0.30764725 0.34726174 0.26708368 0.25862232 0.25499103 0.27686566
0.27036219 0.32317524 0.28555253 0.28556087 0.31132078 0.34341723 0.26590925 0.26114316 0.25571378 0.27465042
0.27036219 0.32317524 0.28555253 0.28556087 0.31132078 0.34341723 0.26590925 0.26114316 0.25571378 0.27465042
0.27036219 0.32317524 0.28555253 0.28556087 0.31132078 0.34341723 0.26590925 0.26114316 0.25571378 0.27465042
0.27036219 0.32317524 0.28555253 0.28556087 0.31132078 0.34341723 0.26590925 0.26114316 0.25571378 0.27465042
0.27036219 0.32317524 0.28555253 0.28556087 0.31132078 0.34341723 0.26590925 0.26114316 0.25571378 0.27465042
0.27036219 0.32317524 0.28555253 0.28556087 0.31132078 0.34341723 0.26590925 0.26114316 0.25571378 0.27465042
0.27036219 0.32317524 0.28555253 0.28556087 0.31132078 0.34341723 0.26590925 0.26114316 0.25571378 0.27465042
0.27036219 0.32317524 0.28555253 0.28556087 0.31132078 0.34341723 0.26590925 0.26114316 0.25571378 0.27465042
0.27036219 0.32317524 0.28555253 0.28556087 0.31132078 0.34341723 0.26590925 0.26114316 0.25571378 0.27465042
0.27036219 0.32317524 0.28555253 0.28556087 0.31132078 0.34341723 0.26590925 0.26114316 0.25571378 0.27465042
0.27036219 0.32317524 0.28555253 0.28556087 0.31132078 0.34341723 0.26590925 0.26114316 0.25571378 0.27465042
0.27036219 0.32317524 0.28555253 0.28556087 0.31132078 0.34341723 0.26590925 0.26114316 0.25571378 0.27465042
0.27036219 0.32317524 0.28555253 0.28556087 0.31132078 0.34341723 0.26590925 0.26114316 0.25571378 0.27465042
0.27036219 0.32317524 0.28555253 0.28556087 0.31132078 0.34341723 0.26590925 0.26114316 0.25571378 0.27465042
0.27036219 0.32317524 0.28555253 0.28556087 0.31132078 0.34341723 0.26590925 0.26114316 0.25571378 0.27465042
0.27204804 0.31515160 0.28777928 0.28834171 0.30289336 0.34926399 0.26089798 0.25977933 0.25438125 0.27116706
0.27204804 0.31515160 0.28777928 0.28834171 0.30289336 0.34926399 0.26089798 0.25977933 0.25438125 0.27116706
0.27204804 0.31515160 0.28777928 0.28834171 0.30289336 0.34926399 0.26089798 0.25977933 0.25438125 0.27116706
0.27204804 0.31515160 0.28777928 0.28834171 0.30289336 0.34926399 0.26089798 0.25977933 0.25438125 0.27116706
0.27204804 0.31515160 0.28777928 0.28834171 0.30289336 0.34926399 0.26089798 0.25977933 0.25438125 0.27116706
0.27204804 0.31515160 0.28777928 0.28834171 0.30289336 0.34926399 0.26089798 0.25977933 0.25438125 0.27116706
0.27204804 0.31515160 0.28777928 0.28834171 0.30289336 0.34926399 0.26089798 0.25977933 0.25438125 0.27116706
0.27204804 0.31515160 0.28777928 0.28834171 0.30289336 0.34926399 0.26089798 0.25977933 0.25438125 0.27116706
0.27204804 0.31515160 0.28777928 0.28834171 0.30289336 0.34926399 0.26089798 0.25977933 0.25438125 0.27116706
0.27204804 0.31515160 0.28777928 0.28834171 0.30289336 0.34926399 0.26089798 0.25977933 0.25438125 0.27116706
0.27436461 0.31669252 0.29233803 0.28535228 0.30203766 0.34851981 0.26691513 0.26069408 0.25419250 0.27170290
0.27436461 0.31669252 0.29233803 0.28535228 0.30203766 0.34851981 0.26691513 0.26069408 0.25419250 0.27170290
0.27436461 0.31669252 0.29233803 0.28535228 0.30203766 0.34851981 0.26691513 0.26069408 0.25419250 0.27170290
0.27436461 0.31669252 0.29233803 0.28535228 0.30203766 0.34851981 0.26691513 0.26069408 0.25419250 0.27170290
0.27436461 0.31669252 0.29233803 0.28535228 0.30203766 0.34851981 0.26691513 0.26069408 0.25419250 0.27170290
0.27436461 0.31669252 0.29233803 0.28535228 0.30203766 0.34851981 0.26691513 0.26069408 0.25419250 0.27170290
0.27436461 0.31669252 0.29233803 0.28535228 0.30203766 0.34851981 0.26691513 0.26069408 0.25419250 0.27170290
0.27436461 0.31669252 0.29233803 0.28535228 0.30203766 0.34851981 0.26691513 0.26069408 0.25419250 0.27170290
0.27436461 0.31669252 0.29233803 0.28535228 0.30203766 0.34851981 0.26691513 0.26069408 0.25419250 0.27170290
0.27436461 0.31669252 0.29233803 0.28535228 0.30203766 0.34851981 0.26691513 0.26069408 0.25419250 0.27170290
0.27436461 0.31669252 0.29233803 0.28535228 0.30203766 0.34851981 0.26691513 0.26069408 0.25419250 0.27170290
0.27436461 0.31669252 0.29233803 0.28535228 0.30203766 0.34851981 0.26691513 0.26069408 0.25419250 0.27170290
0.27436461 0.31669252 0.29233803 0.28535228 0.30203766 0.34851981 0.26691513 0.26069408 0.25419250 0.27170290
0.27436461 0.31669252 0.29233803 0.28535228 0.30203766 0.34851981 0.26691513 0.26069408 0.25419250 0.27170290
0.27436461 0.31669252 0.29233803 0.28535228 0.30203766 0.34851981 0.26691513 0.26069408 0.25419250 0.27170290
0.27436461 0.31669252 0.29233803 0.28535228 0.30203766 0.34851981 0.26691513 0.26069408 0.25419250 0.27170290
0.27436461 0.31669252 0.29233803 0.28535228 0.30203766 0.34851981 0.26691513 0.26069408 0.25419250 0.27170290
0.27436461 0.31669252 0.29233803 0.28535228 0.30203766 0.34851981 0.26691513 0.26069408 0.25419250 0.27170290
0.27436461 0.31669252 0.29233803 0.28535228 0.30203766 0.34851981 0.26691513 0.26069408 0.25419250 0.27170290
0.27436461 0.31669252 0.29233803 0.28535228 0.30203766 0.34851981 0.26691513 0.26069408 0.25419250 0.27170290
0.27436461 0.31669252 0.29233803 0.28535228 0.30203766 0.34851981 0.26691513 0.26069408 0.25419250 0.27170290
0.27436461 0.31669252 0.29233803 0.28535228 0.30203766 0.34851981 0.26691513 0.26069408 0.25419250 0.27170290
0.27436461 0.31669252 0.29233803 0.28535228 0.30203766 0.34851981 0.26691513 0.26069408 0.25419250 0.27170290
0.27436461 0.31669252 0.29233803 0.28535228 0.30203766 0.34851981 0.26691513 0.26069408 0.25419250 0.27170290
0.27593758 0.31910030 0.29438766 0.28020125 0.29734436 0.34600232 0.26431877 0.26342090 0.25434282 0.26933328
0.27593758 0.31910030 0.29438766 0.28020125 0.29734436 0.34600232 0.26431877 0.26342090 0.25434282 0.26933328
0.27593758 0.31910030 0.29438766 0.28020125 0.29734436 0.34600232 0.26431877 0.26342090 0.25434282 0.26933328
0.27593758 0.31910030 0.29438766 0.28020125 0.29734436 0.34600232 0.26431877 0.26342090 0.25434282 0.26933328
0.27593758 0.31910030 0.29438766 0.28020125 0.29734436 0.34600232 0.26431877 0.26342090 0.25434282 0.26933328
0.27593758 0.31910030 0.29438766 0.28020125 0.29734436 0.34600232 0.26431877 0.26342090 0.25434282 0.26933328
0.27593758 0.31910030 0.29438766 0.28020125 0.29734436 0.34600232 0.26431877 0.26342090 0.25434282 0.26933328
0.27593758 0.31910030 0.29438766 0.28020125 0.29734436 0.34600232 0.26431877 0.26342090 0.25434282 0.26933328
0.27593758 0.31910030 0.29438766 0.28020125 0.29734436 0.34600232 0.26431877 0.26342090 0.25434282 0.26933328
0.27593758 0.31910030 0.29438766 0.28020125 0.29734436 0.34600232 0.26431877 0.26342090 0.25434282 0.26933328
0.27593758 0.31910030 0.29438766 0.28020125 0.29734436 0.34600232 0.26431877 0.26342090 0.25434282 0.26933328
0.27593758 0.31910030 0.29438766 0.28020125 0.29734436 0.34600232 0.26431877 0.26342090 0.25434282 0.26933328
0.27593758 0.31910030 0.29438766 0.28020125 0.29734436 0.34600232 0.26431877 0.26342090 0.25434282 0.26933328
0.27593758 0.31910030 0.29438766 0.28020125 0.29734436 0.34600232 0.26431877 0.26342090 0.25434282 0.26933328
0.27593758 0.31910030 0.29438766 0.28020125 0.29734436 0.34600232 0.26431877 0.26342090 0.25434282 0.26933328
0.27593758 0.31910030 0.29438766 0.28020125 0.29734436 0.34600232 0.26431877 0.26342090 0.25434282 0.26933328
0.27593758 0.31910030 0.29438766 0.28020125 0.29734436 0.34600232 0.26431877 0.26342090 0.25434282 0.26933328
0.27593758 0.31910030 0.29438766 0.28020125 0.29734436 0.34600232 0.26431877 0.26342090 0.25434282 0.26933328
0.27593758 0.31910030 0.29438766 0.28020125 0.29734436 0.34600232 0.26431877 0.26342090 0.25434282 0.26933328
0.27593758 0.31910030 0.29438766 0.28020125 0.29734436 0.34600232 0.26431877 0.26342090 0.25434282 0.26933328
0.27593758 0.31910030 0.29438766 0.28020125 0.29734436 0.34600232 0.26431877 0.26342090 0.25434282 0.26933328
0.27593758 0.31910030 0.29438766 0.28020125 0.29734436 0.34600232 0.26431877 0.26342090 0.25434282 0.26933328
0.27593758 0.31910030 0.29438766 0.28020125 0.29734436 0.34600232 0.26431877 0.26342090 0.25434282 0.26933328
0.27593758 0.31910030 0.29438766 0.28020125 0.29734436 0.34600232 0.26431877 0.26342090 0.25434282 0.26933328
0.27593758 0.31910030 0.29438766 0.28020125 0.29734436 0.34600232 0.26431877 0.26342090 0.25434282 0.26933328
0.27593758 0.31910030 0.29438766 0.28020125 0.29734436 0.34600232 0.26431877 0.26342090 0.25434282 0.26933328
0.27593758 0.31910030 0.29438766 0.28020125 0.29734436 0.34600232 0.26431877 0.26342090 0.25434282 0.26933328
0.27593758 0.31910030 0.29438766 0.28020125 0.29734436 0.34600232 0.26431877 0.26342090 0.25434282 0.26933328
0.27593758 0.31910030 0.29438766 0.28020125 0.29734436 0.34600232 0.26431877 0.26342090 0.25434282 0.26933328
0.27593758 0.31910030 0.29438766 0.28020125 0.29734436 0.34600232 0.26431877 0.26342090 0.25434282 0.26933328
0.27593758 0.31910030 0.29438766 0.28020125 0.29734436 0.34600232 0.26431877 0.26342090 0.25434282 0.26933328
0.27593758 0.31910030 0.29438766 0.28020125 0.29734436 0.34600232 0.26431877 0.26342090 0.25434282 0.26933328
0.27593758 0.31910030 0.29438766 0.28020125 0.29734436 0.34600232 0.26431877 0.26342090 0.25434282 0.26933328
0.27593758 0.31910030 0.29438766 0.28020125 0.29734436 0.34600232 0.26431877 0.26342090 0.25434282 0.26933328
0.27593758 0.31910030 0.29438766 0.28020125 0.29734436 0.34600232 0.26431877 0.26342090 0.25434282 0.26933328
0.27886478 0.32568887 0.29229153 0.27732386 0.29048853 0.34488872 0.26559304 0.26570257 0.25403944 0.26796155
0.27886478 0.32568887 0.29229153 0.27732386 0.29048853 0.34488872 0.26559304 0.26570257 0.25403944 0.26796155
0.27886478 0.32568887 0.29229153 0.27732386 0.29048853 0.34488872 0.26559304 0.26570257 0.25403944 0.26796155
0.27886478 0.32568887 0.29229153 0.27732386 0.29048853 0.34488872 0.26559304 0.26570257 0.25403944 0.26796155
0.27814749 0.32471228 0.28677525 0.27530168 0.28754338 0.34865170 0.26646697 0.26518422 0.25514208 0.27243781
0.27814749 0.32471228 0.28677525 0.27530168 0.28754338 0.34865170 0.26646697 0.26518422 0.25514208 0.27243781
0.27814749 0.32471228 0.28677525 0.27530168 0.28754338 0.34865170 0.26646697 0.26518422 0.25514208 0.27243781
0.27814749 0.32471228 0.28677525 0.27530168 0.28754338 0.34865170 0.26646697 0.26518422 0.25514208 0.27243781
0.27814749 0.32471228 0.28677525 0.27530168 0.28754338 0.34865170 0.26646697 0.26518422 0.25514208 0.27243781
0.27814749 0.32471228 0.28677525 0.27530168 0.28754338 0.34865170 0.26646697 0.26518422 0.25514208 0.27243781
0.27814749 0.32471228 0.28677525 0.27530168 0.28754338 0.34865170 0.26646697 0.26518422 0.25514208 0.27243781
0.27814749 0.32471228 0.28677525 0.27530168 0.28754338 0.34865170 0.26646697 0.26518422 0.25514208 0.27243781
0.27814749 0.32471228 0.28677525 0.27530168 0.28754338 0.34865170 0.26646697 0.26518422 0.25514208 0.27243781
0.27814749 0.32471228 0.28677525 0.27530168 0.28754338 0.34865170 0.26646697 0.26518422 0.25514208 0.27243781
0.27814749 0.32471228 0.28677525 0.27530168 0.28754338 0.34865170 0.26646697 0.26518422 0.25514208 0.27243781
0.27814749 0.32471228 0.28677525 0.27530168 0.28754338 0.34865170 0.26646697 0.26518422 0.25514208 0.27243781
0.27814749 0.32471228 0.28677525 0.27530168 0.28754338 0.34865170 0.26646697 0.26518422 0.25514208 0.27243781
0.27814749 0.32471228 0.28677525 0.27530168 0.28754338 0.34865170 0.26646697 0.26518422 0.25514208 0.27243781
0.27814749 0.32471228 0.28677525 0.27530168 0.28754338 0.34865170 0.26646697 0.26518422 0.25514208 0.27243781
0.27814749 0.32471228 0.28677525 0.27530168 0.28754338 0.34865170 0.26646697 0.26518422 0.25514208 0.27243781
0.27814749 0.32471228 0.28677525 0.27530168 0.28754338 0.34865170 0.26646697 0.26518422 0.25514208 0.27243781
0.27814749 0.32471228 0.28677525 0.27530168 0.28754338 0.34865170 0.26646697 0.26518422 0.25514208 0.27243781
0.27814749 0.32471228 0.28677525 0.27530168 0.28754338 0.34865170 0.26646697 0.26518422 0.25514208 0.27243781
0.27814749 0.32471228 0.28677525 0.27530168 0.28754338 0.34865170 0.26646697 0.26518422 0.25514208 0.27243781
0.27814749 0.32471228 0.28677525 0.27530168 0.28754338 0.34865170 0.26646697 0.26518422 0.25514208 0.27243781
0.27814749 0.32471228 0.28677525 0.27530168 0.28754338 0.34865170 0.26646697 0.26518422 0.25514208 0.27243781
0.27814749 0.32471228 0.28677525 0.27530168 0.28754338 0.34865170 0.26646697 0.26518422 0.25514208 0.27243781
0.27814749 0.32471228 0.28677525 0.27530168 0.28754338 0.34865170 0.26646697 0.26518422 0.25514208 0.27243781
0.27814749 0.32471228 0.28677525 0.27530168 0.28754338 0.34865170 0.26646697 0.26518422 0.25514208 0.27243781
0.27814749 0.32471228 0.28677525 0.27530168 0.28754338 0.34865170 0.26646697 0.26518422 0.25514208 0.27243781
0.27814749 0.32471228 0.28677525 0.27530168 0.28754338 0.34865170 0.26646697 0.26518422 0.25514208 0.27243781
0.27814749 0.32471228 0.28677525 0.27530168 0.28754338 0.34865170 0.26646697 0.26518422 0.25514208 0.27243781
0.27814749 0.32471228 0.28677525 0.27530168 0.28754338 0.34865170 0.26646697 0.26518422 0.25514208 0.27243781
0.27814749 0.32471228 0.28677525 0.27530168 0.28754338 0.34865170 0.26646697 0.26518422 0.25514208 0.27243781
0.27814749 0.32471228 0.28677525 0.27530168 0.28754338 0.34865170 0.26646697 0.26518422 0.25514208 0.27243781
0.27814749 0.32471228 0.28677525 0.27530168 0.28754338 0.34865170 0.26646697 0.26518422 0.25514208 0.27243781
0.27814749 0.32471228 0.28677525 0.27530168 0.28754338 0.34865170 0.26646697 0.26518422 0.25514208 0.27243781
0.27814749 0.32471228 0.28677525 0.27530168 0.28754338 0.34865170 0.26646697 0.26518422 0.25514208 0.27243781
0.27814749 0.32471228 0.28677525 0.27530168 0.28754338 0.34865170 0.26646697 0.26518422 0.25514208 0.27243781
0.27814749 0.32471228 0.28677525 0.27530168 0.28754338 0.34865170 0.26646697 0.26518422 0.25514208 0.27243781
0.27814749 0.32471228 0.28677525 0.27530168 0.28754338 0.34865170 0.26646697 0.26518422 0.25514208 0.27243781
0.27814749 0.32471228 0.28677525 0.27530168 0.28754338 0.34865170 0.26646697 0.26518422 0.25514208 0.27243781
0.27814749 0.32471228 0.28677525 0.27530168 0.28754338 0.34865170 0.26646697 0.26518422 0.25514208 0.27243781
0.27814749 0.32471228 0.28677525 0.27530168 0.28754338 0.34865170 0.26646697 0.26518422 0.25514208 0.27243781
0.27814749 0.32471228 0.28677525 0.27530168 0.28754338 0.34865170 0.26646697 0.26518422 0.25514208 0.27243781
0.27814749 0.32471228 0.28677525 0.27530168 0.28754338 0.34865170 0.26646697 0.26518422 0.25514208 0.27243781
0.27814749 0.32471228 0.28677525 0.27530168 0.28754338 0.34865170 0.26646697 0.26518422 0.25514208 0.27243781
0.27814749 0.32471228 0.28677525 0.27530168 0.28754338 0.34865170 0.26646697 0.26518422 0.25514208 0.27243781
0.27814749 0.32471228 0.28677525 0.27530168 0.28754338 0.34865170 0.26646697 0.26518422 0.25514208 0.27243781
0.27814749 0.32471228 0.28677525 0.27530168 0.28754338 0.34865170 0.26646697 0.26518422 0.25514208 0.27243781
0.27814749 0.32471228 0.28677525 0.27530168 0.28754338 0.34865170 0.26646697 0.26518422 0.25514208 0.27243781
0.27814749 0.32471228 0.28677525 0.27530168 0.28754338 0.34865170 0.26646697 0.26518422 0.25514208 0.27243781
0.27814749 0.32471228 0.28677525 0.27530168 0.28754338 0.34865170 0.26646697 0.26518422 0.25514208 0.27243781
0.27814749 0.32471228 0.28677525 0.27530168 0.28754338 0.34865170 0.26646697 0.26518422 0.25514208 0.27243781
0.27814749 0.32471228 0.28677525 0.27530168 0.28754338 0.34865170 0.26646697 0.26518422 0.25514208 0.27243781
0.27814749 0.32471228 0.28677525 0.27530168 0.28754338 0.34865170 0.26646697 0.26518422 0.25514208 0.27243781
0.27814749 0.32471228 0.28677525 0.27530168 0.28754338 0.34865170 0.26646697 0.26518422 0.25514208 0.27243781
0.27814749 0.32471228 0.28677525 0.27530168 0.28754338 0.34865170 0.26646697 0.26518422 0.25514208 0.27243781
0.27814749 0.32471228 0.28677525 0.27530168 0.28754338 0.34865170 0.26646697 0.26518422 0.25514208 0.27243781
0.27814749 0.32471228 0.28677525 0.27530168 0.28754338 0.34865170 0.26646697 0.26518422 0.25514208 0.27243781
0.27438339 0.32489626 0.28746402 0.27208165 0.28987772 0.35153305 0.26717305 0.26461207 0.25575084 0.27223423
0.27438339 0.32489626 0.28746402 0.27208165 0.28987772 0.35153305 0.26717305 0.26461207 0.25575084 0.27223423
0.27438339 0.32489626 0.28746402 0.27208165 0.28987772 0.35153305 0.26717305 0.26461207 0.25575084 0.27223423
0.27438339 0.32489626 0.28746402 0.27208165 0.28987772 0.35153305 0.26717305 0.26461207 0.25575084 0.27223423
0.27438339 0.32489626 0.28746402 0.27208165 0.28987772 0.35153305 0.26717305 0.26461207 0.25575084 0.27223423
0.27438339 0.32489626 0.28746402 0.27208165 0.28987772 0.35153305 0.26717305 0.26461207 0.25575084 0.27223423
0.27438339 0.32489626 0.28746402 0.27208165 0.28987772 0.35153305 0.26717305 0.26461207 0.25575084 0.27223423
0.27090043 0.32085435 0.28629835 0.27041488 0.29272859 0.35817342 0.26548485 0.26401226 0.25504783 0.26760938
0.27090043 0.32085435 0.28629835 0.27041488 0.29272859 0.35817342 0.26548485 0.26401226 0.25504783 0.26760938
0.27090043 0.32085435 0.28629835 0.27041488 0.29272859 0.35817342 0.26548485 0.26401226 0.25504783 0.26760938
0.26684783 0.32427957 0.27579728 0.26957894 0.28894660 0.36219274 0.26713196 0.26612816 0.25526393 0.26728827
0.26684783 0.32427957 0.27579728 0.26957894 0.28894660 0.36219274 0.26713196 0.26612816 0.25526393 0.26728827
0.26684783 0.32427957 0.27579728 0.26957894 0.28894660 0.36219274 0.26713196 0.26612816 0.25526393 0.26728827
0.26684783 0.32427957 0.27579728 0.26957894 0.28894660 0.36219274 0.26713196 0.26612816 0.25526393 0.26728827
0.26684783 0.32427957 0.27579728 0.26957894 0.28894660 0.36219274 0.26713196 0.26612816 0.25526393 0.26728827
0.26684783 0.32427957 0.27579728 0.26957894 0.28894660 0.36219274 0.26713196 0.26612816 0.25526393 0.26728827
0.26726986 0.33617435 0.27687153 0.26814133 0.28651773 0.36671205 0.26541318 0.26314677 0.25495756 0.27029241
0.26726986 0.33617435 0.27687153 0.26814133 0.28651773 0.36671205 0.26541318 0.26314677 0.25495756 0.27029241
0.26726986 0.33617435 0.27687153 0.26814133 0.28651773 0.36671205 0.26541318 0.26314677 0.25495756 0.27029241
0.26726986 0.33617435 0.27687153 0.26814133 0.28651773 0.36671205 0.26541318 0.26314677 0.25495756 0.27029241
0.26726986 0.33617435 0.27687153 0.26814133 0.28651773 0.36671205 0.26541318 0.26314677 0.25495756 0.27029241
0.26726986 0.33617435 0.27687153 0.26814133 0.28651773 0.36671205 0.26541318 0.26314677 0.25495756 0.27029241
0.26726986 0.33617435 0.27687153 0.26814133 0.28651773 0.36671205 0.26541318 0.26314677 0.25495756 0.27029241
0.26726986 0.33617435 0.27687153 0.26814133 0.28651773 0.36671205 0.26541318 0.26314677 0.25495756 0.27029241
0.26726986 0.33617435 0.27687153 0.26814133 0.28651773 0.36671205 0.26541318 0.26314677 0.25495756 0.27029241
0.26726986 0.33617435 0.27687153 0.26814133 0.28651773 0.36671205 0.26541318 0.26314677 0.25495756 0.27029241
0.26726986 0.33617435 0.27687153 0.26814133 0.28651773 0.36671205 0.26541318 0.26314677 0.25495756 0.27029241
0.26726986 0.33617435 0.27687153 0.26814133 0.28651773 0.36671205 0.26541318 0.26314677 0.25495756 0.27029241
0.26726986 0.33617435 0.27687153 0.26814133 0.28651773 0.36671205 0.26541318 0.26314677 0.25495756 0.27029241
0.26726986 0.33617435 0.27687153 0.26814133 0.28651773 0.36671205 0.26541318 0.26314677 0.25495756 0.27029241
0.26726986 0.33617435 0.27687153 0.26814133 0.28651773 0.36671205 0.26541318 0.26314677 0.25495756 0.27029241
0.26726986 0.33617435 0.27687153 0.26814133 0.28651773 0.36671205 0.26541318 0.26314677 0.25495756 0.27029241
0.26591011 0.33555162 0.27322952 0.26696936 0.28384093 0.36931965 0.26486422 0.26514489 0.25492206 0.27242565
0.26591011 0.33555162 0.27322952 0.26696936 0.28384093 0.36931965 0.26486422 0.26514489 0.25492206 0.27242565
0.26591011 0.33555162 0.27322952 0.26696936 0.28384093 0.36931965 0.26486422 0.26514489 0.25492206 0.27242565
0.26591011 0.33555162 0.27322952 0.26696936 0.28384093 0.36931965 0.26486422 0.26514489 0.25492206 0.27242565
0.26591011 0.33555162 0.27322952 0.26696936 0.28384093 0.36931965 0.26486422 0.26514489 0.25492206 0.27242565
0.26591011 0.33555162 0.27322952 0.26696936 0.28384093 0.36931965 0.26486422 0.26514489 0.25492206 0.27242565
0.26591011 0.33555162 0.27322952 0.26696936 0.28384093 0.36931965 0.26486422 0.26514489 0.25492206 0.27242565
0.26591011 0.33555162 0.27322952 0.26696936 0.28384093 0.36931965 0.26486422 0.26514489 0.25492206 0.27242565
0.26591011 0.33555162 0.27322952 0.26696936 0.28384093 0.36931965 0.26486422 0.26514489 0.25492206 0.27242565
0.26591011 0.33555162 0.27322952 0.26696936 0.28384093 0.36931965 0.26486422 0.26514489 0.25492206 0.27242565
0.26591011 0.33555162 0.27322952 0.26696936 0.28384093 0.36931965 0.26486422 0.26514489 0.25492206 0.27242565
0.26591011 0.33555162 0.27322952 0.26696936 0.28384093 0.36931965 0.26486422 0.26514489 0.25492206 0.27242565
0.26591011 0.33555162 0.27322952 0.26696936 0.28384093 0.36931965 0.26486422 0.26514489 0.25492206 0.27242565
0.26591011 0.33555162 0.27322952 0.26696936 0.28384093 0.36931965 0.26486422 0.26514489 0.25492206 0.27242565
0.26591011 0.33555162 0.27322952 0.26696936 0.28384093 0.36931965 0.26486422 0.26514489 0.25492206 0.27242565
0.26591011 0.33555162 0.27322952 0.26696936 0.28384093 0.36931965 0.26486422 0.26514489 0.25492206 0.27242565
0.26591011 0.33555162 0.27322952 0.26696936 0.28384093 0.36931965 0.26486422 0.26514489 0.25492206 0.27242565
0.26661893 0.32860833 0.27064234 0.26857002 0.28665713 0.37521434 0.26183673 0.26579944 0.25614272 0.27062647
0.26661893 0.32860833 0.27064234 0.26857002 0.28665713 0.37521434 0.26183673 0.26579944 0.25614272 0.27062647
0.26661893 0.32860833 0.27064234 0.26857002 0.28665713 0.37521434 0.26183673 0.26579944 0.25614272 0.27062647
0.26661893 0.32860833 0.27064234 0.26857002 0.28665713 0.37521434 0.26183673 0.26579944 0.25614272 0.27062647
0.26661893 0.32860833 0.27064234 0.26857002 0.28665713 0.37521434 0.26183673 0.26579944 0.25614272 0.27062647
0.26661893 0.32860833 0.27064234 0.26857002 0.28665713 0.37521434 0.26183673 0.26579944 0.25614272 0.27062647
0.26661893 0.32860833 0.27064234 0.26857002 0.28665713 0.37521434 0.26183673 0.26579944 0.25614272 0.27062647
0.26758354 0.32405899 0.26592537 0.26782821 0.28554390 0.37308442 0.26331453 0.26195479 0.25696516 0.27274376
0.26758354 0.32405899 0.26592537 0.26782821 0.28554390 0.37308442 0.26331453 0.26195479 0.25696516 0.27274376
0.26758354 0.32405899 0.26592537 0.26782821 0.28554390 0.37308442 0.26331453 0.26195479 0.25696516 0.27274376
0.26758354 0.32405899 0.26592537 0.26782821 0.28554390 0.37308442 0.26331453 0.26195479 0.25696516 0.27274376
0.26758354 0.32405899 0.26592537 0.26782821 0.28554390 0.37308442 0.26331453 0.26195479 0.25696516 0.27274376
0.26758354 0.32405899 0.26592537 0.26782821 0.28554390 0.37308442 0.26331453 0.26195479 0.25696516 0.27274376
0.26758354 0.32405899 0.26592537 0.26782821 0.28554390 0.37308442 0.26331453 0.26195479 0.25696516 0.27274376
0.26758354 0.32405899 0.26592537 0.26782821 0.28554390 0.37308442 0.26331453 0.26195479 0.25696516 0.27274376
0.26758354 0.32405899 0.26592537 0.26782821 0.28554390 0.37308442 0.26331453 0.26195479 0.25696516 0.27274376
0.26758354 0.32405899 0.26592537 0.26782821 0.28554390 0.37308442 0.26331453 0.26195479 0.25696516 0.27274376
0.26758354 0.32405899 0.26592537 0.26782821 0.28554390 0.37308442 0.26331453 0.26195479 0.25696516 0.27274376
0.26758354 0.32405899 0.26592537 0.26782821 0.28554390 0.37308442 0.26331453 0.26195479 0.25696516 0.27274376
0.26758354 0.32405899 0.26592537 0.26782821 0.28554390 0.37308442 0.26331453 0.26195479 0.25696516 0.27274376
0.26758354 0.32405899 0.26592537 0.26782821 0.28554390 0.37308442 0.26331453 0.26195479 0.25696516 0.27274376
0.26758354 0.32405899 0.26592537 0.26782821 0.28554390 0.37308442 0.26331453 0.26195479 0.25696516 0.27274376
0.26758354 0.32405899 0.26592537 0.26782821 0.28554390 0.37308442 0.26331453 0.26195479 0.25696516 0.27274376
0.26758354 0.32405899 0.26592537 0.26782821 0.28554390 0.37308442 0.26331453 0.26195479 0.25696516 0.27274376
0.26758354 0.32405899 0.26592537 0.26782821 0.28554390 0.37308442 0.26331453 0.26195479 0.25696516 0.27274376
0.26758354 0.32405899 0.26592537 0.26782821 0.28554390 0.37308442 0.26331453 0.26195479 0.25696516 0.27274376
0.26758354 0.32405899 0.26592537 0.26782821 0.28554390 0.37308442 0.26331453 0.26195479 0.25696516 0.27274376
0.26758354 0.32405899 0.26592537 0.26782821 0.28554390 0.37308442 0.26331453 0.26195479 0.25696516 0.27274376
0.26758354 0.32405899 0.26592537 0.26782821 0.28554390 0.37308442 0.26331453 0.26195479 0.25696516 0.27274376
0.26758354 0.32405899 0.26592537 0.26782821 0.28554390 0.37308442 0.26331453 0.26195479 0.25696516 0.27274376
0.26758354 0.32405899 0.26592537 0.26782821 0.28554390 0.37308442 0.26331453 0.26195479 0.25696516 0.27274376
0.26758354 0.32405899 0.26592537 0.26782821 0.28554390 0.37308442 0.26331453 0.26195479 0.25696516 0.27274376
0.26758354 0.32405899 0.26592537 0.26782821 0.28554390 0.37308442 0.26331453 0.26195479 0.25696516 0.27274376
0.26758354 0.32405899 0.26592537 0.26782821 0.28554390 0.37308442 0.26331453 0.26195479 0.25696516 0.27274376
0.26997451 0.33679201 0.26913264 0.26740843 0.28669749 0.38315488 0.26152404 0.26246072 0.25843017 0.27713659
0.26997451 0.33679201 0.26913264 0.26740843 0.28669749 0.38315488 0.26152404 0.26246072 0.25843017 0.27713659
0.26997451 0.33679201 0.26913264 0.26740843 0.28669749 0.38315488 0.26152404 0.26246072 0.25843017 0.27713659
0.26997451 0.33679201 0.26913264 0.26740843 0.28669749 0.38315488 0.26152404 0.26246072 0.25843017 0.27713659
0.26997451 0.33679201 0.26913264 0.26740843 0.28669749 0.38315488 0.26152404 0.26246072 0.25843017 0.27713659
0.26997451 0.33679201 0.26913264 0.26740843 0.28669749 0.38315488 0.26152404 0.26246072 0.25843017 0.27713659
0.26997451 0.33679201 0.26913264 0.26740843 0.28669749 0.38315488 0.26152404 0.26246072 0.25843017 0.27713659
0.26997451 0.33679201 0.26913264 0.26740843 0.28669749 0.38315488 0.26152404 0.26246072 0.25843017 0.27713659
0.26997451 0.33679201 0.26913264 0.26740843 0.28669749 0.38315488 0.26152404 0.26246072 0.25843017 0.27713659
0.26997451 0.33679201 0.26913264 0.26740843 0.28669749 0.38315488 0.26152404 0.26246072 0.25843017 0.27713659
0.26997451 0.33679201 0.26913264 0.26740843 0.28669749 0.38315488 0.26152404 0.26246072 0.25843017 0.27713659
0.26997451 0.33679201 0.26913264 0.26740843 0.28669749 0.38315488 0.26152404 0.26246072 0.25843017 0.27713659
0.26997451 0.33679201 0.26913264 0.26740843 0.28669749 0.38315488 0.26152404 0.26246072 0.25843017 0.27713659
0.26997451 0.33679201 0.26913264 0.26740843 0.28669749 0.38315488 0.26152404 0.26246072 0.25843017 0.27713659
0.26997451 0.33679201 0.26913264 0.26740843 0.28669749 0.38315488 0.26152404 0.26246072 0.25843017 0.27713659
0.26997451 0.33679201 0.26913264 0.26740843 0.28669749 0.38315488 0.26152404 0.26246072 0.25843017 0.27713659
0.26997451 0.33679201 0.26913264 0.26740843 0.28669749 0.38315488 0.26152404 0.26246072 0.25843017 0.27713659
0.26997451 0.33679201 0.26913264 0.26740843 0.28669749 0.38315488 0.26152404 0.26246072 0.25843017 0.27713659
0.26997451 0.33679201 0.26913264 0.26740843 0.28669749 0.38315488 0.26152404 0.26246072 0.25843017 0.27713659
0.26997451 0.33679201 0.26913264 0.26740843 0.28669749 0.38315488 0.26152404 0.26246072 0.25843017 0.27713659
0.26997451 0.33679201 0.26913264 0.26740843 0.28669749 0.38315488 0.26152404 0.26246072 0.25843017 0.27713659
0.26997451 0.33679201 0.26913264 0.26740843 0.28669749 0.38315488 0.26152404 0.26246072 0.25843017 0.27713659
0.26997451 0.33679201 0.26913264 0.26740843 0.28669749 0.38315488 0.26152404 0.26246072 0.25843017 0.27713659
0.26997451 0.33679201 0.26913264 0.26740843 0.28669749 0.38315488 0.26152404 0.26246072 0.25843017 0.27713659
0.26997451 0.33679201 0.26913264 0.26740843 0.28669749 0.38315488 0.26152404 0.26246072 0.25843017 0.27713659
0.26997451 0.33679201 0.26913264 0.26740843 0.28669749 0.38315488 0.26152404 0.26246072 0.25843017 0.27713659
0.26997451 0.33679201 0.26913264 0.26740843 0.28669749 0.38315488 0.26152404 0.26246072 0.25843017 0.27713659
0.26997451 0.33679201 0.26913264 0.26740843 0.28669749 0.38315488 0.26152404 0.26246072 0.25843017 0.27713659
0.26997451 0.33679201 0.26913264 0.26740843 0.28669749 0.38315488 0.26152404 0.26246072 0.25843017 0.27713659
0.26997451 0.33679201 0.26913264 0.26740843 0.28669749 0.38315488 0.26152404 0.26246072 0.25843017 0.27713659
0.26997451 0.33679201 0.26913264 0.26740843 0.28669749 0.38315488 0.26152404 0.26246072 0.25843017 0.27713659
0.26997451 0.33679201 0.26913264 0.26740843 0.28669749 0.38315488 0.26152404 0.26246072 0.25843017 0.27713659
0.26997451 0.33679201 0.26913264 0.26740843 0.28669749 0.38315488 0.26152404 0.26246072 0.25843017 0.27713659
0.26997451 0.33679201 0.26913264 0.26740843 0.28669749 0.38315488 0.26152404 0.26246072 0.25843017 0.27713659
0.26997451 0.33679201 0.26913264 0.26740843 0.28669749 0.38315488 0.26152404 0.26246072 0.25843017 0.27713659
0.26997451 0.33679201 0.26913264 0.26740843 0.28669749 0.38315488 0.26152404 0.26246072 0.25843017 0.27713659
0.26997451 0.33679201 0.26913264 0.26740843 0.28669749 0.38315488 0.26152404 0.26246072 0.25843017 0.27713659
0.26997451 0.33679201 0.26913264 0.26740843 0.28669749 0.38315488 0.26152404 0.26246072 0.25843017 0.27713659
0.26997451 0.33679201 0.26913264 0.26740843 0.28669749 0.38315488 0.26152404 0.26246072 0.25843017 0.27713659
