0.00000000 0.00000000 0.00000000 0.00000000 0.00000000 0.00000000 0.00000000 0.00000000 0.00000000 0.00000000
0.00000000 0.00000000 0.00000000 0.00000000 0.00000000 0.00000000 0.00000000 0.00000000 0.00000000 0.00000000
0.31765647 0.26939346 0.26989776 0.28571648 0.32370754 0.28243428 0.27663652 0.31152053 0.26106642 0.25619896
0.31765647 0.26939346 0.26989776 0.28571648 0.32370754 0.28243428 0.27663652 0.31152053 0.26106642 0.25619896
0.31765647 0.26939346 0.26989776 0.28571648 0.32370754 0.28243428 0.27663652 0.31152053 0.26106642 0.25619896
0.31765647 0.26939346 0.26989776 0.28571648 0.32370754 0.28243428 0.27663652 0.31152053 0.26106642 0.25619896
0.31765647 0.26939346 0.26989776 0.28571648 0.32370754 0.28243428 0.27663652 0.31152053 0.26106642 0.25619896
0.31765647 0.26939346 0.26989776 0.28571648 0.32370754 0.28243428 0.27663652 0.31152053 0.26106642 0.25619896
0.31765647 0.26939346 0.26989776 0.28571648 0.32370754 0.28243428 0.27663652 0.31152053 0.26106642 0.25619896
0.31765647 0.26939346 0.26989776 0.28571648 0.32370754 0.28243428 0.27663652 0.31152053 0.26106642 0.25619896
0.31765647 0.26939346 0.26989776 0.28571648 0.32370754 0.28243428 0.27663652 0.31152053 0.26106642 0.25619896
0.31765647 0.26939346 0.26989776 0.28571648 0.32370754 0.28243428 0.27663652 0.31152053 0.26106642 0.25619896
0.31765647 0.26939346 0.26989776 0.28571648 0.32370754 0.28243428 0.27663652 0.31152053 0.26106642 0.25619896
0.31765647 0.26939346 0.26989776 0.28571648 0.32370754 0.28243428 0.27663652 0.31152053 0.26106642 0.25619896
0.31765647 0.26939346 0.26989776 0.28571648 0.32370754 0.28243428 0.27663652 0.31152053 0.26106642 0.25619896
0.31765647 0.26939346 0.26989776 0.28571648 0.32370754 0.28243428 0.27663652 0.31152053 0.26106642 0.25619896
0.31765647 0.26939346 0.26989776 0.28571648 0.32370754 0.28243428 0.27663652 0.31152053 0.26106642 0.25619896
0.31765647 0.26939346 0.26989776 0.28571648 0.32370754 0.28243428 0.27663652 0.31152053 0.26106642 0.25619896
0.31765647 0.26939346 0.26989776 0.28571648 0.32370754 0.28243428 0.27663652 0.31152053 0.26106642 0.25619896
0.31765647 0.26939346 0.26989776 0.28571648 0.32370754 0.28243428 0.27663652 0.31152053 0.26106642 0.25619896
0.31765647 0.26939346 0.26989776 0.28571648 0.32370754 0.28243428 0.27663652 0.31152053 0.26106642 0.25619896
0.31765647 0.26939346 0.26989776 0.28571648 0.32370754 0.28243428 0.27663652 0.31152053 0.26106642 0.25619896
0.31765647 0.26939346 0.26989776 0.28571648 0.32370754 0.28243428 0.27663652 0.31152053 0.26106642 0.25619896
0.31765647 0.26939346 0.26989776 0.28571648 0.32370754 0.28243428 0.27663652 0.31152053 0.26106642 0.25619896
0.31765647 0.26939346 0.26989776 0.28571648 0.32370754 0.28243428 0.27663652 0.31152053 0.26106642 0.25619896
0.31765647 0.26939346 0.26989776 0.28571648 0.32370754 0.28243428 0.27663652 0.31152053 0.26106642 0.25619896
0.31765647 0.26939346 0.26989776 0.28571648 0.32370754 0.28243428 0.27663652 0.31152053 0.26106642 0.25619896
0.31765647 0.26939346 0.26989776 0.28571648 0.32370754 0.28243428 0.27663652 0.31152053 0.26106642 0.25619896
0.31765647 0.26939346 0.26989776 0.28571648 0.32370754 0.28243428 0.27663652 0.31152053 0.26106642 0.25619896
0.31765647 0.26939346 0.26989776 0.28571648 0.32370754 0.28243428 0.27663652 0.31152053 0.26106642 0.25619896
0.31765647 0.26939346 0.26989776 0.28571648 0.32370754 0.28243428 0.27663652 0.31152053 0.26106642 0.25619896
0.31765647 0.26939346 0.26989776 0.28571648 0.32370754 0.28243428 0.27663652 0.31152053 0.26106642 0.25619896
0.31765647 0.26939346 0.26989776 0.28571648 0.32370754 0.28243428 0.27663652 0.31152053 0.26106642 0.25619896
0.31765647 0.26939346 0.26989776 0.28571648 0.32370754 0.28243428 0.27663652 0.31152053 0.26106642 0.25619896
0.31765647 0.26939346 0.26989776 0.28571648 0.32370754 0.28243428 0.27663652 0.31152053 0.26106642 0.25619896
0.31765647 0.26939346 0.26989776 0.28571648 0.32370754 0.28243428 0.27663652 0.31152053 0.26106642 0.25619896
0.31765647 0.26939346 0.26989776 0.28571648 0.32370754 0.28243428 0.27663652 0.31152053 0.26106642 0.25619896
0.31765647 0.26939346 0.26989776 0.28571648 0.32370754 0.28243428 0.27663652 0.31152053 0.26106642 0.25619896
0.31765647 0.26939346 0.26989776 0.28571648 0.32370754 0.28243428 0.27663652 0.31152053 0.26106642 0.25619896
0.31765647 0.26939346 0.26989776 0.28571648 0.32370754 0.28243428 0.27663652 0.31152053 0.26106642 0.25619896
0.31765647 0.26939346 0.26989776 0.28571648 0.32370754 0.28243428 0.27663652 0.31152053 0.26106642 0.25619896
0.31765647 0.26939346 0.26989776 0.28571648 0.32370754 0.28243428 0.27663652 0.31152053 0.26106642 0.25619896
0.31765647 0.26939346 0.26989776 0.28571648 0.32370754 0.28243428 0.27663652 0.31152053 0.26106642 0.25619896
0.31765647 0.26939346 0.26989776 0.28571648 0.32370754 0.28243428 0.27663652 0.31152053 0.26106642 0.25619896
0.31765647 0.26939346 0.26989776 0.28571648 0.32370754 0.28243428 0.27663652 0.31152053 0.26106642 0.25619896
0.31765647 0.26939346 0.26989776 0.28571648 0.32370754 0.28243428 0.27663652 0.31152053 0.26106642 0.25619896
0.30670247 0.26496801 0.27226580 0.28738796 0.32868842 0.28515090 0.27345849 0.31116942 0.25937461 0.25714315
0.30670247 0.26496801 0.27226580 0.28738796 0.32868842 0.28515090 0.27345849 0.31116942 0.25937461 0.25714315
0.30670247 0.26496801 0.27226580 0.28738796 0.32868842 0.28515090 0.27345849 0.31116942 0.25937461 0.25714315
0.30670247 0.26496801 0.27226580 0.28738796 0.32868842 0.28515090 0.27345849 0.31116942 0.25937461 0.25714315
0.30670247 0.26496801 0.27226580 0.28738796 0.32868842 0.28515090 0.27345849 0.31116942 0.25937461 0.25714315
0.30670247 0.26496801 0.27226580 0.28738796 0.32868842 0.28515090 0.27345849 0.31116942 0.25937461 0.25714315
0.30670247 0.26496801 0.27226580 0.28738796 0.32868842 0.28515090 0.27345849 0.31116942 0.25937461 0.25714315
0.30670247 0.26496801 0.27226580 0.28738796 0.32868842 0.28515090 0.27345849 0.31116942 0.25937461 0.25714315
0.30670247 0.26496801 0.27226580 0.28738796 0.32868842 0.28515090 0.27345849 0.31116942 0.25937461 0.25714315
0.30670247 0.26496801 0.27226580 0.28738796 0.32868842 0.28515090 0.27345849 0.31116942 0.25937461 0.25714315
0.30670247 0.26496801 0.27226580 0.28738796 0.32868842 0.28515090 0.27345849 0.31116942 0.25937461 0.25714315
0.30670247 0.26496801 0.27226580 0.28738796 0.32868842 0.28515090 0.27345849 0.31116942 0.25937461 0.25714315
0.30670247 0.26496801 0.27226580 0.28738796 0.32868842 0.28515090 0.27345849 0.31116942 0.25937461 0.25714315
0.30670247 0.26496801 0.27226580 0.28738796 0.32868842 0.28515090 0.27345849 0.31116942 0.25937461 0.25714315
0.30670247 0.26496801 0.27226580 0.28738796 0.32868842 0.28515090 0.27345849 0.31116942 0.25937461 0.25714315
0.30670247 0.26496801 0.27226580 0.28738796 0.32868842 0.28515090 0.27345849 0.31116942 0.25937461 0.25714315
0.30670247 0.26496801 0.27226580 0.28738796 0.32868842 0.28515090 0.27345849 0.31116942 0.25937461 0.25714315
0.30670247 0.26496801 0.27226580 0.28738796 0.32868842 0.28515090 0.27345849 0.31116942 0.25937461 0.25714315
0.30670247 0.26496801 0.27226580 0.28738796 0.32868842 0.28515090 0.27345849 0.31116942 0.25937461 0.25714315
0.30670247 0.26496801 0.27226580 0.28738796 0.32868842 0.28515090 0.27345849 0.31116942 0.25937461 0.25714315
0.30670247 0.26496801 0.27226580 0.28738796 0.32868842 0.28515090 0.27345849 0.31116942 0.25937461 0.25714315
0.30670247 0.26496801 0.27226580 0.28738796 0.32868842 0.28515090 0.27345849 0.31116942 0.25937461 0.25714315
0.30670247 0.26496801 0.27226580 0.28738796 0.32868842 0.28515090 0.27345849 0.31116942 0.25937461 0.25714315
0.30670247 0.26496801 0.27226580 0.28738796 0.32868842 0.28515090 0.27345849 0.31116942 0.25937461 0.25714315
0.30670247 0.26496801 0.27226580 0.28738796 0.32868842 0.28515090 0.27345849 0.31116942 0.25937461 0.25714315
0.30670247 0.26496801 0.27226580 0.28738796 0.32868842 0.28515090 0.27345849 0.31116942 0.25937461 0.25714315
0.30670247 0.26496801 0.27226580 0.28738796 0.32868842 0.28515090 0.27345849 0.31116942 0.25937461 0.25714315
0.30670247 0.26496801 0.27226580 0.28738796 0.32868842 0.28515090 0.27345849 0.31116942 0.25937461 0.25714315
0.30670247 0.26496801 0.27226580 0.28738796 0.32868842 0.28515090 0.27345849 0.31116942 0.25937461 0.25714315
0.30670247 0.26496801 0.27226580 0.28738796 0.32868842 0.28515090 0.27345849 0.31116942 0.25937461 0.25714315
0.30670247 0.26496801 0.27226580 0.28738796 0.32868842 0.28515090 0.27345849 0.31116942 0.25937461 0.25714315
0.30670247 0.26496801 0.27226580 0.28738796 0.32868842 0.28515090 0.27345849 0.31116942 0.25937461 0.25714315
0.30670247 0.26496801 0.27226580 0.28738796 0.32868842 0.28515090 0.27345849 0.31116942 0.25937461 0.25714315
0.30670247 0.26496801 0.27226580 0.28738796 0.32868842 0.28515090 0.27345849 0.31116942 0.25937461 0.25714315
0.30670247 0.26496801 0.27226580 0.28738796 0.32868842 0.28515090 0.27345849 0.31116942 0.25937461 0.25714315
0.30670247 0.26496801 0.27226580 0.28738796 0.32868842 0.28515090 0.27345849 0.31116942 0.25937461 0.25714315
0.31360845 0.26668446 0.27525833 0.28298621 0.33196477 0.28837199 0.27199149 0.31510797 0.25747550 0.25748711
0.31360845 0.26668446 0.27525833 0.28298621 0.33196477 0.28837199 0.27199149 0.31510797 0.25747550 0.25748711
0.31360845 0.26668446 0.27525833 0.28298621 0.33196477 0.28837199 0.27199149 0.31510797 0.25747550 0.25748711
0.31360845 0.26668446 0.27525833 0.28298621 0.33196477 0.28837199 0.27199149 0.31510797 0.25747550 0.25748711
0.31360845 0.26668446 0.27525833 0.28298621 0.33196477 0.28837199 0.27199149 0.31510797 0.25747550 0.25748711
0.31360845 0.26668446 0.27525833 0.28298621 0.33196477 0.28837199 0.27199149 0.31510797 0.25747550 0.25748711
0.31360845 0.26668446 0.27525833 0.28298621 0.33196477 0.28837199 0.27199149 0.31510797 0.25747550 0.25748711
0.31360845 0.26668446 0.27525833 0.28298621 0.33196477 0.28837199 0.27199149 0.31510797 0.25747550 0.25748711
0.31360845 0.26668446 0.27525833 0.28298621 0.33196477 0.28837199 0.27199149 0.31510797 0.25747550 0.25748711
0.31360845 0.26668446 0.27525833 0.28298621 0.33196477 0.28837199 0.27199149 0.31510797 0.25747550 0.25748711
0.31360845 0.26668446 0.27525833 0.28298621 0.33196477 0.28837199 0.27199149 0.31510797 0.25747550 0.25748711
0.31360845 0.26668446 0.27525833 0.28298621 0.33196477 0.28837199 0.27199149 0.31510797 0.25747550 0.25748711
0.31360845 0.26668446 0.27525833 0.28298621 0.33196477 0.28837199 0.27199149 0.31510797 0.25747550 0.25748711
0.31360845 0.26668446 0.27525833 0.28298621 0.33196477 0.28837199 0.27199149 0.31510797 0.25747550 0.25748711
0.31360845 0.26668446 0.27525833 0.28298621 0.33196477 0.28837199 0.27199149 0.31510797 0.25747550 0.25748711
0.31360845 0.26668446 0.27525833 0.28298621 0.33196477 0.28837199 0.27199149 0.31510797 0.25747550 0.25748711
0.31360845 0.26668446 0.27525833 0.28298621 0.33196477 0.28837199 0.27199149 0.31510797 0.25747550 0.25748711
0.31360845 0.26668446 0.27525833 0.28298621 0.33196477 0.28837199 0.27199149 0.31510797 0.25747550 0.25748711
0.31360845 0.26668446 0.27525833 0.28298621 0.33196477 0.28837199 0.27199149 0.31510797 0.25747550 0.25748711
0.31627954 0.26834653 0.27284007 0.28470775 0.33112327 0.29346417 0.27299174 0.31141971 0.25724814 0.25646142
0.31627954 0.26834653 0.27284007 0.28470775 0.33112327 0.29346417 0.27299174 0.31141971 0.25724814 0.25646142
0.31627954 0.26834653 0.27284007 0.28470775 0.33112327 0.29346417 0.27299174 0.31141971 0.25724814 0.25646142
0.31627954 0.26834653 0.27284007 0.28470775 0.33112327 0.29346417 0.27299174 0.31141971 0.25724814 0.25646142
0.31627954 0.26834653 0.27284007 0.28470775 0.33112327 0.29346417 0.27299174 0.31141971 0.25724814 0.25646142
0.31627954 0.26834653 0.27284007 0.28470775 0.33112327 0.29346417 0.27299174 0.31141971 0.25724814 0.25646142
0.31627954 0.26834653 0.27284007 0.28470775 0.33112327 0.29346417 0.27299174 0.31141971 0.25724814 0.25646142
0.31627954 0.26834653 0.27284007 0.28470775 0.33112327 0.29346417 0.27299174 0.31141971 0.25724814 0.25646142
0.31627954 0.26834653 0.27284007 0.28470775 0.33112327 0.29346417 0.27299174 0.31141971 0.25724814 0.25646142
0.31627954 0.26834653 0.27284007 0.28470775 0.33112327 0.29346417 0.27299174 0.31141971 0.25724814 0.25646142
0.31627954 0.26834653 0.27284007 0.28470775 0.33112327 0.29346417 0.27299174 0.31141971 0.25724814 0.25646142
0.31627954 0.26834653 0.27284007 0.28470775 0.33112327 0.29346417 0.27299174 0.31141971 0.25724814 0.25646142
0.31627954 0.26834653 0.27284007 0.28470775 0.33112327 0.29346417 0.27299174 0.31141971 0.25724814 0.25646142
0.31627954 0.26834653 0.27284007 0.28470775 0.33112327 0.29346417 0.27299174 0.31141971 0.25724814 0.25646142
0.31627954 0.26834653 0.27284007 0.28470775 0.33112327 0.29346417 0.27299174 0.31141971 0.25724814 0.25646142
0.31627954 0.26834653 0.27284007 0.28470775 0.33112327 0.29346417 0.27299174 0.31141971 0.25724814 0.25646142
0.31627954 0.26834653 0.27284007 0.28470775 0.33112327 0.29346417 0.27299174 0.31141971 0.25724814 0.25646142
0.31627954 0.26834653 0.27284007 0.28470775 0.33112327 0.29346417 0.27299174 0.31141971 0.25724814 0.25646142
0.31627954 0.26834653 0.27284007 0.28470775 0.33112327 0.29346417 0.27299174 0.31141971 0.25724814 0.25646142
0.31627954 0.26834653 0.27284007 0.28470775 0.33112327 0.29346417 0.27299174 0.31141971 0.25724814 0.25646142
0.31627954 0.26834653 0.27284007 0.28470775 0.33112327 0.29346417 0.27299174 0.31141971 0.25724814 0.25646142
0.31627954 0.26834653 0.27284007 0.28470775 0.33112327 0.29346417 0.27299174 0.31141971 0.25724814 0.25646142
0.31627954 0.26834653 0.27284007 0.28470775 0.33112327 0.29346417 0.27299174 0.31141971 0.25724814 0.25646142
0.31627954 0.26834653 0.27284007 0.28470775 0.33112327 0.29346417 0.27299174 0.31141971 0.25724814 0.25646142
0.31627954 0.26834653 0.27284007 0.28470775 0.33112327 0.29346417 0.27299174 0.31141971 0.25724814 0.25646142
0.31627954 0.26834653 0.27284007 0.28470775 0.33112327 0.29346417 0.27299174 0.31141971 0.25724814 0.25646142
0.31627954 0.26834653 0.27284007 0.28470775 0.33112327 0.29346417 0.27299174 0.31141971 0.25724814 0.25646142
0.31627954 0.26834653 0.27284007 0.28470775 0.33112327 0.29346417 0.27299174 0.31141971 0.25724814 0.25646142
0.31627954 0.26834653 0.27284007 0.28470775 0.33112327 0.29346417 0.27299174 0.31141971 0.25724814 0.25646142
0.31627954 0.26834653 0.27284007 0.28470775 0.33112327 0.29346417 0.27299174 0.31141971 0.25724814 0.25646142
0.31627954 0.26834653 0.27284007 0.28470775 0.33112327 0.29346417 0.27299174 0.31141971 0.25724814 0.25646142
0.31627954 0.26834653 0.27284007 0.28470775 0.33112327 0.29346417 0.27299174 0.31141971 0.25724814 0.25646142
0.31627954 0.26834653 0.27284007 0.28470775 0.33112327 0.29346417 0.27299174 0.31141971 0.25724814 0.25646142
0.31627954 0.26834653 0.27284007 0.28470775 0.33112327 0.29346417 0.27299174 0.31141971 0.25724814 0.25646142
0.31627954 0.26834653 0.27284007 0.28470775 0.33112327 0.29346417 0.27299174 0.31141971 0.25724814 0.25646142
0.31627954 0.26834653 0.27284007 0.28470775 0.33112327 0.29346417 0.27299174 0.31141971 0.25724814 0.25646142
0.31627954 0.26834653 0.27284007 0.28470775 0.33112327 0.29346417 0.27299174 0.31141971 0.25724814 0.25646142
0.31627954 0.26834653 0.27284007 0.28470775 0.33112327 0.29346417 0.27299174 0.31141971 0.25724814 0.25646142
0.31627954 0.26834653 0.27284007 0.28470775 0.33112327 0.29346417 0.27299174 0.31141971 0.25724814 0.25646142
0.31186816 0.26672555 0.27411166 0.28244825 0.33339450 0.29255559 0.27226699 0.31200456 0.25724901 0.25566990
0.31186816 0.26672555 0.27411166 0.28244825 0.33339450 0.29255559 0.27226699 0.31200456 0.25724901 0.25566990
0.31186816 0.26672555 0.27411166 0.28244825 0.33339450 0.29255559 0.27226699 0.31200456 0.25724901 0.25566990
0.31186816 0.26672555 0.27411166 0.28244825 0.33339450 0.29255559 0.27226699 0.31200456 0.25724901 0.25566990
0.31186816 0.26672555 0.27411166 0.28244825 0.33339450 0.29255559 0.27226699 0.31200456 0.25724901 0.25566990
0.31186816 0.26672555 0.27411166 0.28244825 0.33339450 0.29255559 0.27226699 0.31200456 0.25724901 0.25566990
0.31186816 0.26672555 0.27411166 0.28244825 0.33339450 0.29255559 0.27226699 0.31200456 0.25724901 0.25566990
0.31186816 0.26672555 0.27411166 0.28244825 0.33339450 0.29255559 0.27226699 0.31200456 0.25724901 0.25566990
0.31186816 0.26672555 0.27411166 0.28244825 0.33339450 0.29255559 0.27226699 0.31200456 0.25724901 0.25566990
0.31186816 0.26672555 0.27411166 0.28244825 0.33339450 0.29255559 0.27226699 0.31200456 0.25724901 0.25566990
0.31186816 0.26672555 0.27411166 0.28244825 0.33339450 0.29255559 0.27226699 0.31200456 0.25724901 0.25566990
0.31186816 0.26672555 0.27411166 0.28244825 0.33339450 0.29255559 0.27226699 0.31200456 0.25724901 0.25566990
0.31186816 0.26672555 0.27411166 0.28244825 0.33339450 0.29255559 0.27226699 0.31200456 0.25724901 0.25566990
0.31186816 0.26672555 0.27411166 0.28244825 0.33339450 0.29255559 0.27226699 0.31200456 0.25724901 0.25566990
0.31186816 0.26672555 0.27411166 0.28244825 0.33339450 0.29255559 0.27226699 0.31200456 0.25724901 0.25566990
0.31186816 0.26672555 0.27411166 0.28244825 0.33339450 0.29255559 0.27226699 0.31200456 0.25724901 0.25566990
0.31186816 0.26672555 0.27411166 0.28244825 0.33339450 0.29255559 0.27226699 0.31200456 0.25724901 0.25566990
0.31186816 0.26672555 0.27411166 0.28244825 0.33339450 0.29255559 0.27226699 0.31200456 0.25724901 0.25566990
0.31186816 0.26672555 0.27411166 0.28244825 0.33339450 0.29255559 0.27226699 0.31200456 0.25724901 0.25566990
0.31186816 0.26672555 0.27411166 0.28244825 0.33339450 0.29255559 0.27226699 0.31200456 0.25724901 0.25566990
0.31186816 0.26672555 0.27411166 0.28244825 0.33339450 0.29255559 0.27226699 0.31200456 0.25724901 0.25566990
0.31186816 0.26672555 0.27411166 0.28244825 0.33339450 0.29255559 0.27226699 0.31200456 0.25724901 0.25566990
0.31186816 0.26672555 0.27411166 0.28244825 0.33339450 0.29255559 0.27226699 0.31200456 0.25724901 0.25566990
0.31186816 0.26672555 0.27411166 0.28244825 0.33339450 0.29255559 0.27226699 0.31200456 0.25724901 0.25566990
0.31186816 0.26672555 0.27411166 0.28244825 0.33339450 0.29255559 0.27226699 0.31200456 0.25724901 0.25566990
0.31186816 0.26672555 0.27411166 0.28244825 0.33339450 0.29255559 0.27226699 0.31200456 0.25724901 0.25566990
0.31186816 0.26672555 0.27411166 0.28244825 0.33339450 0.29255559 0.27226699 0.31200456 0.25724901 0.25566990
0.31443421 0.26769267 0.27295353 0.28420596 0.33401052 0.29054045 0.27116896 0.31301713 0.25704216 0.25613851
0.31443421 0.26769267 0.27295353 0.28420596 0.33401052 0.29054045 0.27116896 0.31301713 0.25704216 0.25613851
0.31443421 0.26769267 0.27295353 0.28420596 0.33401052 0.29054045 0.27116896 0.31301713 0.25704216 0.25613851
0.31443421 0.26769267 0.27295353 0.28420596 0.33401052 0.29054045 0.27116896 0.31301713 0.25704216 0.25613851
0.31443421 0.26769267 0.27295353 0.28420596 0.33401052 0.29054045 0.27116896 0.31301713 0.25704216 0.25613851
0.31443421 0.26769267 0.27295353 0.28420596 0.33401052 0.29054045 0.27116896 0.31301713 0.25704216 0.25613851
0.31443421 0.26769267 0.27295353 0.28420596 0.33401052 0.29054045 0.27116896 0.31301713 0.25704216 0.25613851
0.31443421 0.26769267 0.27295353 0.28420596 0.33401052 0.29054045 0.27116896 0.31301713 0.25704216 0.25613851
0.31443421 0.26769267 0.27295353 0.28420596 0.33401052 0.29054045 0.27116896 0.31301713 0.25704216 0.25613851
0.31443421 0.26769267 0.27295353 0.28420596 0.33401052 0.29054045 0.27116896 0.31301713 0.25704216 0.25613851
0.31443421 0.26769267 0.27295353 0.28420596 0.33401052 0.29054045 0.27116896 0.31301713 0.25704216 0.25613851
0.31443421 0.26769267 0.27295353 0.28420596 0.33401052 0.29054045 0.27116896 0.31301713 0.25704216 0.25613851
0.31443421 0.26769267 0.27295353 0.28420596 0.33401052 0.29054045 0.27116896 0.31301713 0.25704216 0.25613851
0.31443421 0.26769267 0.27295353 0.28420596 0.33401052 0.29054045 0.27116896 0.31301713 0.25704216 0.25613851
0.31443421 0.26769267 0.27295353 0.28420596 0.33401052 0.29054045 0.27116896 0.31301713 0.25704216 0.25613851
0.31443421 0.26769267 0.27295353 0.28420596 0.33401052 0.29054045 0.27116896 0.31301713 0.25704216 0.25613851
0.30824504 0.27012756 0.27246598 0.28003722 0.31891111 0.29163934 0.27348645 0.31755012 0.25781629 0.25627862
0.30824504 0.27012756 0.27246598 0.28003722 0.31891111 0.29163934 0.27348645 0.31755012 0.25781629 0.25627862
0.30824504 0.27012756 0.27246598 0.28003722 0.31891111 0.29163934 0.27348645 0.31755012 0.25781629 0.25627862
0.30824504 0.27012756 0.27246598 0.28003722 0.31891111 0.29163934 0.27348645 0.31755012 0.25781629 0.25627862
0.30824504 0.27012756 0.27246598 0.28003722 0.31891111 0.29163934 0.27348645 0.31755012 0.25781629 0.25627862
0.30824504 0.27012756 0.27246598 0.28003722 0.31891111 0.29163934 0.27348645 0.31755012 0.25781629 0.25627862
0.30824504 0.27012756 0.27246598 0.28003722 0.31891111 0.29163934 0.27348645 0.31755012 0.25781629 0.25627862
0.30824504 0.27012756 0.27246598 0.28003722 0.31891111 0.29163934 0.27348645 0.31755012 0.25781629 0.25627862
0.30204469 0.26959770 0.27275160 0.27731876 0.32160154 0.28842405 0.26685958 0.31442173 0.25683836 0.25601617
0.30204469 0.26959770 0.27275160 0.27731876 0.32160154 0.28842405 0.26685958 0.31442173 0.25683836 0.25601617
0.30204469 0.26959770 0.27275160 0.27731876 0.32160154 0.28842405 0.26685958 0.31442173 0.25683836 0.25601617
0.30204469 0.26959770 0.27275160 0.27731876 0.32160154 0.28842405 0.26685958 0.31442173 0.25683836 0.25601617
0.30204469 0.26959770 0.27275160 0.27731876 0.32160154 0.28842405 0.26685958 0.31442173 0.25683836 0.25601617
0.30204469 0.26959770 0.27275160 0.27731876 0.32160154 0.28842405 0.26685958 0.31442173 0.25683836 0.25601617
0.30204469 0.26959770 0.27275160 0.27731876 0.32160154 0.28842405 0.26685958 0.31442173 0.25683836 0.25601617
0.30204469 0.26959770 0.27275160 0.27731876 0.32160154 0.28842405 0.26685958 0.31442173 0.25683836 0.25601617
0.30204469 0.26959770 0.27275160 0.27731876 0.32160154 0.28842405 0.26685958 0.31442173 0.25683836 0.25601617
0.30204469 0.26959770 0.27275160 0.27731876 0.32160154 0.28842405 0.26685958 0.31442173 0.25683836 0.25601617
0.30204469 0.26959770 0.27275160 0.27731876 0.32160154 0.28842405 0.26685958 0.31442173 0.25683836 0.25601617
0.30204469 0.26959770 0.27275160 0.27731876 0.32160154 0.28842405 0.26685958 0.31442173 0.25683836 0.25601617
0.30204469 0.26959770 0.27275160 0.27731876 0.32160154 0.28842405 0.26685958 0.31442173 0.25683836 0.25601617
0.30204469 0.26959770 0.27275160 0.27731876 0.32160154 0.28842405 0.26685958 0.31442173 0.25683836 0.25601617
0.30204469 0.26959770 0.27275160 0.27731876 0.32160154 0.28842405 0.26685958 0.31442173 0.25683836 0.25601617
0.30204469 0.26959770 0.27275160 0.27731876 0.32160154 0.28842405 0.26685958 0.31442173 0.25683836 0.25601617
0.30204469 0.26959770 0.27275160 0.27731876 0.32160154 0.28842405 0.26685958 0.31442173 0.25683836 0.25601617
0.30204469 0.26959770 0.27275160 0.27731876 0.32160154 0.28842405 0.26685958 0.31442173 0.25683836 0.25601617
0.30204469 0.26959770 0.27275160 0.27731876 0.32160154 0.28842405 0.26685958 0.31442173 0.25683836 0.25601617
0.30204469 0.26959770 0.27275160 0.27731876 0.32160154 0.28842405 0.26685958 0.31442173 0.25683836 0.25601617
0.30204469 0.26959770 0.27275160 0.27731876 0.32160154 0.28842405 0.26685958 0.31442173 0.25683836 0.25601617
0.30204469 0.26959770 0.27275160 0.27731876 0.32160154 0.28842405 0.26685958 0.31442173 0.25683836 0.25601617
0.30204469 0.26959770 0.27275160 0.27731876 0.32160154 0.28842405 0.26685958 0.31442173 0.25683836 0.25601617
0.30204469 0.26959770 0.27275160 0.27731876 0.32160154 0.28842405 0.26685958 0.31442173 0.25683836 0.25601617
0.30204469 0.26959770 0.27275160 0.27731876 0.32160154 0.28842405 0.26685958 0.31442173 0.25683836 0.25601617
0.30466070 0.26933102 0.27413068 0.28209723 0.31870812 0.28849337 0.26690810 0.31666965 0.25589389 0.25539390
0.30466070 0.26933102 0.27413068 0.28209723 0.31870812 0.28849337 0.26690810 0.31666965 0.25589389 0.25539390
0.30466070 0.26933102 0.27413068 0.28209723 0.31870812 0.28849337 0.26690810 0.31666965 0.25589389 0.25539390
0.30466070 0.26933102 0.27413068 0.28209723 0.31870812 0.28849337 0.26690810 0.31666965 0.25589389 0.25539390
0.30466070 0.26933102 0.27413068 0.28209723 0.31870812 0.28849337 0.26690810 0.31666965 0.25589389 0.25539390
0.30466070 0.26933102 0.27413068 0.28209723 0.31870812 0.28849337 0.26690810 0.31666965 0.25589389 0.25539390
0.30466070 0.26933102 0.27413068 0.28209723 0.31870812 0.28849337 0.26690810 0.31666965 0.25589389 0.25539390
0.30466070 0.26933102 0.27413068 0.28209723 0.31870812 0.28849337 0.26690810 0.31666965 0.25589389 0.25539390
0.30466070 0.26933102 0.27413068 0.28209723 0.31870812 0.28849337 0.26690810 0.31666965 0.25589389 0.25539390
0.30466070 0.26933102 0.27413068 0.28209723 0.31870812 0.28849337 0.26690810 0.31666965 0.25589389 0.25539390
0.30466070 0.26933102 0.27413068 0.28209723 0.31870812 0.28849337 0.26690810 0.31666965 0.25589389 0.25539390
0.30466070 0.26933102 0.27413068 0.28209723 0.31870812 0.28849337 0.26690810 0.31666965 0.25589389 0.25539390
0.30466070 0.26933102 0.27413068 0.28209723 0.31870812 0.28849337 0.26690810 0.31666965 0.25589389 0.25539390
0.30466070 0.26933102 0.27413068 0.28209723 0.31870812 0.28849337 0.26690810 0.31666965 0.25589389 0.25539390
0.30466070 0.26933102 0.27413068 0.28209723 0.31870812 0.28849337 0.26690810 0.31666965 0.25589389 0.25539390
0.30466070 0.26933102 0.27413068 0.28209723 0.31870812 0.28849337 0.26690810 0.31666965 0.25589389 0.25539390
0.30466070 0.26933102 0.27413068 0.28209723 0.31870812 0.28849337 0.26690810 0.31666965 0.25589389 0.25539390
0.30466070 0.26933102 0.27413068 0.28209723 0.31870812 0.28849337 0.26690810 0.31666965 0.25589389 0.25539390
0.30165418 0.26869876 0.27868372 0.28208416 0.31120025 0.28714860 0.26984826 0.32007975 0.25538343 0.25563440
0.30165418 0.26869876 0.27868372 0.28208416 0.31120025 0.28714860 0.26984826 0.32007975 0.25538343 0.25563440
0.30165418 0.26869876 0.27868372 0.28208416 0.31120025 0.28714860 0.26984826 0.32007975 0.25538343 0.25563440
0.30165418 0.26869876 0.27868372 0.28208416 0.31120025 0.28714860 0.26984826 0.32007975 0.25538343 0.25563440
0.30165418 0.26869876 0.27868372 0.28208416 0.31120025 0.28714860 0.26984826 0.32007975 0.25538343 0.25563440
0.30165418 0.26869876 0.27868372 0.28208416 0.31120025 0.28714860 0.26984826 0.32007975 0.25538343 0.25563440
0.30165418 0.26869876 0.27868372 0.28208416 0.31120025 0.28714860 0.26984826 0.32007975 0.25538343 0.25563440
0.30165418 0.26869876 0.27868372 0.28208416 0.31120025 0.28714860 0.26984826 0.32007975 0.25538343 0.25563440
0.30165418 0.26869876 0.27868372 0.28208416 0.31120025 0.28714860 0.26984826 0.32007975 0.25538343 0.25563440
0.30165418 0.26869876 0.27868372 0.28208416 0.31120025 0.28714860 0.26984826 0.32007975 0.25538343 0.25563440
0.30165418 0.26869876 0.27868372 0.28208416 0.31120025 0.28714860 0.26984826 0.32007975 0.25538343 0.25563440
0.30165418 0.26869876 0.27868372 0.28208416 0.31120025 0.28714860 0.26984826 0.32007975 0.25538343 0.25563440
0.30165418 0.26869876 0.27868372 0.28208416 0.31120025 0.28714860 0.26984826 0.32007975 0.25538343 0.25563440
0.30165418 0.26869876 0.27868372 0.28208416 0.31120025 0.28714860 0.26984826 0.32007975 0.25538343 0.25563440
0.30165418 0.26869876 0.27868372 0.28208416 0.31120025 0.28714860 0.26984826 0.32007975 0.25538343 0.25563440
0.30165418 0.26869876 0.27868372 0.28208416 0.31120025 0.28714860 0.26984826 0.32007975 0.25538343 0.25563440
0.30165418 0.26869876 0.27868372 0.28208416 0.31120025 0.28714860 0.26984826 0.32007975 0.25538343 0.25563440
0.30165418 0.26869876 0.27868372 0.28208416 0.31120025 0.28714860 0.26984826 0.32007975 0.25538343 0.25563440
0.30165418 0.26869876 0.27868372 0.28208416 0.31120025 0.28714860 0.26984826 0.32007975 0.25538343 0.25563440
0.29643085 0.27062985 0.28167597 0.28709190 0.31560520 0.28303405 0.26923043 0.32249418 0.25618014 0.25513154
0.29643085 0.27062985 0.28167597 0.28709190 0.31560520 0.28303405 0.26923043 0.32249418 0.25618014 0.25513154
0.29643085 0.27062985 0.28167597 0.28709190 0.31560520 0.28303405 0.26923043 0.32249418 0.25618014 0.25513154
0.29643085 0.27062985 0.28167597 0.28709190 0.31560520 0.28303405 0.26923043 0.32249418 0.25618014 0.25513154
0.29643085 0.27062985 0.28167597 0.28709190 0.31560520 0.28303405 0.26923043 0.32249418 0.25618014 0.25513154
0.29643085 0.27062985 0.28167597 0.28709190 0.31560520 0.28303405 0.26923043 0.32249418 0.25618014 0.25513154
0.29643085 0.27062985 0.28167597 0.28709190 0.31560520 0.28303405 0.26923043 0.32249418 0.25618014 0.25513154
0.29643085 0.27062985 0.28167597 0.28709190 0.31560520 0.28303405 0.26923043 0.32249418 0.25618014 0.25513154
0.29643085 0.27062985 0.28167597 0.28709190 0.31560520 0.28303405 0.26923043 0.32249418 0.25618014 0.25513154
0.29643085 0.27062985 0.28167597 0.28709190 0.31560520 0.28303405 0.26923043 0.32249418 0.25618014 0.25513154
0.29643085 0.27062985 0.28167597 0.28709190 0.31560520 0.28303405 0.26923043 0.32249418 0.25618014 0.25513154
0.29643085 0.27062985 0.28167597 0.28709190 0.31560520 0.28303405 0.26923043 0.32249418 0.25618014 0.25513154
0.29643085 0.27062985 0.28167597 0.28709190 0.31560520 0.28303405 0.26923043 0.32249418 0.25618014 0.25513154
0.29643085 0.27062985 0.28167597 0.28709190 0.31560520 0.28303405 0.26923043 0.32249418 0.25618014 0.25513154
0.29643085 0.27062985 0.28167597 0.28709190 0.31560520 0.28303405 0.26923043 0.32249418 0.25618014 0.25513154
0.29643085 0.27062985 0.28167597 0.28709190 0.31560520 0.28303405 0.26923043 0.32249418 0.25618014 0.25513154
0.29643085 0.27062985 0.28167597 0.28709190 0.31560520 0.28303405 0.26923043 0.32249418 0.25618014 0.25513154
0.29643085 0.27062985 0.28167597 0.28709190 0.31560520 0.28303405 0.26923043 0.32249418 0.25618014 0.25513154
0.29643085 0.27062985 0.28167597 0.28709190 0.31560520 0.28303405 0.26923043 0.32249418 0.25618014 0.25513154
0.29643085 0.27062985 0.28167597 0.28709190 0.31560520 0.28303405 0.26923043 0.32249418 0.25618014 0.25513154
0.29528856 0.27054975 0.28654088 0.29080065 0.31419343 0.28022518 0.26822037 0.31975263 0.25637129 0.25585749
0.29528856 0.27054975 0.28654088 0.29080065 0.31419343 0.28022518 0.26822037 0.31975263 0.25637129 0.25585749
0.29528856 0.27054975 0.28654088 0.29080065 0.31419343 0.28022518 0.26822037 0.31975263 0.25637129 0.25585749
0.29528856 0.27054975 0.28654088 0.29080065 0.31419343 0.28022518 0.26822037 0.31975263 0.25637129 0.25585749
0.29528856 0.27054975 0.28654088 0.29080065 0.31419343 0.28022518 0.26822037 0.31975263 0.25637129 0.25585749
0.29528856 0.27054975 0.28654088 0.29080065 0.31419343 0.28022518 0.26822037 0.31975263 0.25637129 0.25585749
0.29528856 0.27054975 0.28654088 0.29080065 0.31419343 0.28022518 0.26822037 0.31975263 0.25637129 0.25585749
0.29528856 0.27054975 0.28654088 0.29080065 0.31419343 0.28022518 0.26822037 0.31975263 0.25637129 0.25585749
0.29528856 0.27054975 0.28654088 0.29080065 0.31419343 0.28022518 0.26822037 0.31975263 0.25637129 0.25585749
0.29528856 0.27054975 0.28654088 0.29080065 0.31419343 0.28022518 0.26822037 0.31975263 0.25637129 0.25585749
0.29528856 0.27054975 0.28654088 0.29080065 0.31419343 0.28022518 0.26822037 0.31975263 0.25637129 0.25585749
0.29528856 0.27054975 0.28654088 0.29080065 0.31419343 0.28022518 0.26822037 0.31975263 0.25637129 0.25585749
0.29528856 0.27054975 0.28654088 0.29080065 0.31419343 0.28022518 0.26822037 0.31975263 0.25637129 0.25585749
0.29528856 0.27054975 0.28654088 0.29080065 0.31419343 0.28022518 0.26822037 0.31975263 0.25637129 0.25585749
0.29528856 0.27054975 0.28654088 0.29080065 0.31419343 0.28022518 0.26822037 0.31975263 0.25637129 0.25585749
0.29528856 0.27054975 0.28654088 0.29080065 0.31419343 0.28022518 0.26822037 0.31975263 0.25637129 0.25585749
0.29528856 0.27054975 0.28654088 0.29080065 0.31419343 0.28022518 0.26822037 0.31975263 0.25637129 0.25585749
0.29528856 0.27054975 0.28654088 0.29080065 0.31419343 0.28022518 0.26822037 0.31975263 0.25637129 0.25585749
0.29528856 0.27054975 0.28654088 0.29080065 0.31419343 0.28022518 0.26822037 0.31975263 0.25637129 0.25585749
0.29528856 0.27054975 0.28654088 0.29080065 0.31419343 0.28022518 0.26822037 0.31975263 0.25637129 0.25585749
0.29528856 0.27054975 0.28654088 0.29080065 0.31419343 0.28022518 0.26822037 0.31975263 0.25637129 0.25585749
0.29528856 0.27054975 0.28654088 0.29080065 0.31419343 0.28022518 0.26822037 0.31975263 0.25637129 0.25585749
0.29528856 0.27054975 0.28654088 0.29080065 0.31419343 0.28022518 0.26822037 0.31975263 0.25637129 0.25585749
0.29528856 0.27054975 0.28654088 0.29080065 0.31419343 0.28022518 0.26822037 0.31975263 0.25637129 0.25585749
0.29528856 0.27054975 0.28654088 0.29080065 0.31419343 0.28022518 0.26822037 0.31975263 0.25637129 0.25585749
0.29528856 0.27054975 0.28654088 0.29080065 0.31419343 0.28022518 0.26822037 0.31975263 0.25637129 0.25585749
0.29528856 0.27054975 0.28654088 0.29080065 0.31419343 0.28022518 0.26822037 0.31975263 0.25637129 0.25585749
0.29528856 0.27054975 0.28654088 0.29080065 0.31419343 0.28022518 0.26822037 0.31975263 0.25637129 0.25585749
0.29528856 0.27054975 0.28654088 0.29080065 0.31419343 0.28022518 0.26822037 0.31975263 0.25637129 0.25585749
0.29528856 0.27054975 0.28654088 0.29080065 0.31419343 0.28022518 0.26822037 0.31975263 0.25637129 0.25585749
0.29528856 0.27054975 0.28654088 0.29080065 0.31419343 0.28022518 0.26822037 0.31975263 0.25637129 0.25585749
0.29528856 0.27054975 0.28654088 0.29080065 0.31419343 0.28022518 0.26822037 0.31975263 0.25637129 0.25585749
0.29528856 0.27054975 0.28654088 0.29080065 0.31419343 0.28022518 0.26822037 0.31975263 0.25637129 0.25585749
0.29528856 0.27054975 0.28654088 0.29080065 0.31419343 0.28022518 0.26822037 0.31975263 0.25637129 0.25585749
0.29528856 0.27054975 0.28654088 0.29080065 0.31419343 0.28022518 0.26822037 0.31975263 0.25637129 0.25585749
0.29528856 0.27054975 0.28654088 0.29080065 0.31419343 0.28022518 0.26822037 0.31975263 0.25637129 0.25585749
0.29528856 0.27054975 0.28654088 0.29080065 0.31419343 0.28022518 0.26822037 0.31975263 0.25637129 0.25585749
0.29528856 0.27054975 0.28654088 0.29080065 0.31419343 0.28022518 0.26822037 0.31975263 0.25637129 0.25585749
0.29528856 0.27054975 0.28654088 0.29080065 0.31419343 0.28022518 0.26822037 0.31975263 0.25637129 0.25585749
0.29528856 0.27054975 0.28654088 0.29080065 0.31419343 0.28022518 0.26822037 0.31975263 0.25637129 0.25585749
0.29528856 0.27054975 0.28654088 0.29080065 0.31419343 0.28022518 0.26822037 0.31975263 0.25637129 0.25585749
0.29528856 0.27054975 0.28654088 0.29080065 0.31419343 0.28022518 0.26822037 0.31975263 0.25637129 0.25585749
0.29528856 0.27054975 0.28654088 0.29080065 0.31419343 0.28022518 0.26822037 0.31975263 0.25637129 0.25585749
0.29528856 0.27054975 0.28654088 0.29080065 0.31419343 0.28022518 0.26822037 0.31975263 0.25637129 0.25585749
0.29528856 0.27054975 0.28654088 0.29080065 0.31419343 0.28022518 0.26822037 0.31975263 0.25637129 0.25585749
0.28821952 0.27375637 0.28089045 0.28505603 0.31775162 0.27758987 0.26751752 0.31547972 0.25575663 0.25630941
0.29080184 0.27063362 0.27894372 0.28595067 0.31499337 0.27876442 0.26793139 0.31049634 0.25561623 0.25527870
0.29080184 0.27063362 0.27894372 0.28595067 0.31499337 0.27876442 0.26793139 0.31049634 0.25561623 0.25527870
0.29080184 0.27063362 0.27894372 0.28595067 0.31499337 0.27876442 0.26793139 0.31049634 0.25561623 0.25527870
0.29080184 0.27063362 0.27894372 0.28595067 0.31499337 0.27876442 0.26793139 0.31049634 0.25561623 0.25527870
0.29080184 0.27063362 0.27894372 0.28595067 0.31499337 0.27876442 0.26793139 0.31049634 0.25561623 0.25527870
0.29080184 0.27063362 0.27894372 0.28595067 0.31499337 0.27876442 0.26793139 0.31049634 0.25561623 0.25527870
0.29080184 0.27063362 0.27894372 0.28595067 0.31499337 0.27876442 0.26793139 0.31049634 0.25561623 0.25527870
0.29080184 0.27063362 0.27894372 0.28595067 0.31499337 0.27876442 0.26793139 0.31049634 0.25561623 0.25527870
0.29080184 0.27063362 0.27894372 0.28595067 0.31499337 0.27876442 0.26793139 0.31049634 0.25561623 0.25527870
0.29080184 0.27063362 0.27894372 0.28595067 0.31499337 0.27876442 0.26793139 0.31049634 0.25561623 0.25527870
0.29080184 0.27063362 0.27894372 0.28595067 0.31499337 0.27876442 0.26793139 0.31049634 0.25561623 0.25527870
0.29080184 0.27063362 0.27894372 0.28595067 0.31499337 0.27876442 0.26793139 0.31049634 0.25561623 0.25527870
0.29080184 0.27063362 0.27894372 0.28595067 0.31499337 0.27876442 0.26793139 0.31049634 0.25561623 0.25527870
0.29080184 0.27063362 0.27894372 0.28595067 0.31499337 0.27876442 0.26793139 0.31049634 0.25561623 0.25527870
0.29080184 0.27063362 0.27894372 0.28595067 0.31499337 0.27876442 0.26793139 0.31049634 0.25561623 0.25527870
0.29080184 0.27063362 0.27894372 0.28595067 0.31499337 0.27876442 0.26793139 0.31049634 0.25561623 0.25527870
0.29080184 0.27063362 0.27894372 0.28595067 0.31499337 0.27876442 0.26793139 0.31049634 0.25561623 0.25527870
0.29080184 0.27063362 0.27894372 0.28595067 0.31499337 0.27876442 0.26793139 0.31049634 0.25561623 0.25527870
0.29080184 0.27063362 0.27894372 0.28595067 0.31499337 0.27876442 0.26793139 0.31049634 0.25561623 0.25527870
0.29080184 0.27063362 0.27894372 0.28595067 0.31499337 0.27876442 0.26793139 0.31049634 0.25561623 0.25527870
0.29080184 0.27063362 0.27894372 0.28595067 0.31499337 0.27876442 0.26793139 0.31049634 0.25561623 0.25527870
0.29080184 0.27063362 0.27894372 0.28595067 0.31499337 0.27876442 0.26793139 0.31049634 0.25561623 0.25527870
0.29080184 0.27063362 0.27894372 0.28595067 0.31499337 0.27876442 0.26793139 0.31049634 0.25561623 0.25527870
0.29080184 0.27063362 0.27894372 0.28595067 0.31499337 0.27876442 0.26793139 0.31049634 0.25561623 0.25527870
0.29080184 0.27063362 0.27894372 0.28595067 0.31499337 0.27876442 0.26793139 0.31049634 0.25561623 0.25527870
0.29080184 0.27063362 0.27894372 0.28595067 0.31499337 0.27876442 0.26793139 0.31049634 0.25561623 0.25527870
0.29080184 0.27063362 0.27894372 0.28595067 0.31499337 0.27876442 0.26793139 0.31049634 0.25561623 0.25527870
0.29080184 0.27063362 0.27894372 0.28595067 0.31499337 0.27876442 0.26793139 0.31049634 0.25561623 0.25527870
0.29080184 0.27063362 0.27894372 0.28595067 0.31499337 0.27876442 0.26793139 0.31049634 0.25561623 0.25527870
0.29080184 0.27063362 0.27894372 0.28595067 0.31499337 0.27876442 0.26793139 0.31049634 0.25561623 0.25527870
0.29080184 0.27063362 0.27894372 0.28595067 0.31499337 0.27876442 0.26793139 0.31049634 0.25561623 0.25527870
0.29080184 0.27063362 0.27894372 0.28595067 0.31499337 0.27876442 0.26793139 0.31049634 0.25561623 0.25527870
0.29080184 0.27063362 0.27894372 0.28595067 0.31499337 0.27876442 0.26793139 0.31049634 0.25561623 0.25527870
0.29080184 0.27063362 0.27894372 0.28595067 0.31499337 0.27876442 0.26793139 0.31049634 0.25561623 0.25527870
0.29080184 0.27063362 0.27894372 0.28595067 0.31499337 0.27876442 0.26793139 0.31049634 0.25561623 0.25527870
0.29080184 0.27063362 0.27894372 0.28595067 0.31499337 0.27876442 0.26793139 0.31049634 0.25561623 0.25527870
0.29080184 0.27063362 0.27894372 0.28595067 0.31499337 0.27876442 0.26793139 0.31049634 0.25561623 0.25527870
0.29080184 0.27063362 0.27894372 0.28595067 0.31499337 0.27876442 0.26793139 0.31049634 0.25561623 0.25527870
0.29080184 0.27063362 0.27894372 0.28595067 0.31499337 0.27876442 0.26793139 0.31049634 0.25561623 0.25527870
0.29080184 0.27063362 0.27894372 0.28595067 0.31499337 0.27876442 0.26793139 0.31049634 0.25561623 0.25527870
0.28707880 0.27360836 0.28655126 0.29015686 0.31596028 0.27842185 0.26591802 0.31688102 0.25591099 0.25457154
0.28707880 0.27360836 0.28655126 0.29015686 0.31596028 0.27842185 0.26591802 0.31688102 0.25591099 0.25457154
0.28707880 0.27360836 0.28655126 0.29015686 0.31596028 0.27842185 0.26591802 0.31688102 0.25591099 0.25457154
0.28707880 0.27360836 0.28655126 0.29015686 0.31596028 0.27842185 0.26591802 0.31688102 0.25591099 0.25457154
0.28707880 0.27360836 0.28655126 0.29015686 0.31596028 0.27842185 0.26591802 0.31688102 0.25591099 0.25457154
0.28707880 0.27360836 0.28655126 0.29015686 0.31596028 0.27842185 0.26591802 0.31688102 0.25591099 0.25457154
0.28707880 0.27360836 0.28655126 0.29015686 0.31596028 0.27842185 0.26591802 0.31688102 0.25591099 0.25457154
0.28707880 0.27360836 0.28655126 0.29015686 0.31596028 0.27842185 0.26591802 0.31688102 0.25591099 0.25457154
0.28707880 0.27360836 0.28655126 0.29015686 0.31596028 0.27842185 0.26591802 0.31688102 0.25591099 0.25457154
0.28707880 0.27360836 0.28655126 0.29015686 0.31596028 0.27842185 0.26591802 0.31688102 0.25591099 0.25457154
0.28707880 0.27360836 0.28655126 0.29015686 0.31596028 0.27842185 0.26591802 0.31688102 0.25591099 0.25457154
0.28707880 0.27360836 0.28655126 0.29015686 0.31596028 0.27842185 0.26591802 0.31688102 0.25591099 0.25457154
0.28707880 0.27360836 0.28655126 0.29015686 0.31596028 0.27842185 0.26591802 0.31688102 0.25591099 0.25457154
0.28707880 0.27360836 0.28655126 0.29015686 0.31596028 0.27842185 0.26591802 0.31688102 0.25591099 0.25457154
0.28707880 0.27360836 0.28655126 0.29015686 0.31596028 0.27842185 0.26591802 0.31688102 0.25591099 0.25457154
0.28903773 0.27073382 0.28718899 0.29513221 0.30692121 0.28366286 0.26324084 0.31561843 0.25513122 0.25411864
0.28903773 0.27073382 0.28718899 0.29513221 0.30692121 0.28366286 0.26324084 0.31561843 0.25513122 0.25411864
0.28903773 0.27073382 0.28718899 0.29513221 0.30692121 0.28366286 0.26324084 0.31561843 0.25513122 0.25411864
0.28903773 0.27073382 0.28718899 0.29513221 0.30692121 0.28366286 0.26324084 0.31561843 0.25513122 0.25411864
0.28903773 0.27073382 0.28718899 0.29513221 0.30692121 0.28366286 0.26324084 0.31561843 0.25513122 0.25411864
0.28903773 0.27073382 0.28718899 0.29513221 0.30692121 0.28366286 0.26324084 0.31561843 0.25513122 0.25411864
0.28903773 0.27073382 0.28718899 0.29513221 0.30692121 0.28366286 0.26324084 0.31561843 0.25513122 0.25411864
0.28903773 0.27073382 0.28718899 0.29513221 0.30692121 0.28366286 0.26324084 0.31561843 0.25513122 0.25411864
0.28903773 0.27073382 0.28718899 0.29513221 0.30692121 0.28366286 0.26324084 0.31561843 0.25513122 0.25411864
0.28903773 0.27073382 0.28718899 0.29513221 0.30692121 0.28366286 0.26324084 0.31561843 0.25513122 0.25411864
0.29009073 0.27092550 0.29215176 0.29470129 0.30277855 0.28085971 0.26747333 0.31512177 0.25504806 0.25432340
0.29009073 0.27092550 0.29215176 0.29470129 0.30277855 0.28085971 0.26747333 0.31512177 0.25504806 0.25432340
0.29009073 0.27092550 0.29215176 0.29470129 0.30277855 0.28085971 0.26747333 0.31512177 0.25504806 0.25432340
0.29009073 0.27092550 0.29215176 0.29470129 0.30277855 0.28085971 0.26747333 0.31512177 0.25504806 0.25432340
0.29009073 0.27092550 0.29215176 0.29470129 0.30277855 0.28085971 0.26747333 0.31512177 0.25504806 0.25432340
0.29009073 0.27092550 0.29215176 0.29470129 0.30277855 0.28085971 0.26747333 0.31512177 0.25504806 0.25432340
0.29009073 0.27092550 0.29215176 0.29470129 0.30277855 0.28085971 0.26747333 0.31512177 0.25504806 0.25432340
0.29009073 0.27092550 0.29215176 0.29470129 0.30277855 0.28085971 0.26747333 0.31512177 0.25504806 0.25432340
0.29009073 0.27092550 0.29215176 0.29470129 0.30277855 0.28085971 0.26747333 0.31512177 0.25504806 0.25432340
0.29009073 0.27092550 0.29215176 0.29470129 0.30277855 0.28085971 0.26747333 0.31512177 0.25504806 0.25432340
0.29009073 0.27092550 0.29215176 0.29470129 0.30277855 0.28085971 0.26747333 0.31512177 0.25504806 0.25432340
0.29009073 0.27092550 0.29215176 0.29470129 0.30277855 0.28085971 0.26747333 0.31512177 0.25504806 0.25432340
0.29009073 0.27092550 0.29215176 0.29470129 0.30277855 0.28085971 0.26747333 0.31512177 0.25504806 0.25432340
0.29009073 0.27092550 0.29215176 0.29470129 0.30277855 0.28085971 0.26747333 0.31512177 0.25504806 0.25432340
0.29009073 0.27092550 0.29215176 0.29470129 0.30277855 0.28085971 0.26747333 0.31512177 0.25504806 0.25432340
0.29009073 0.27092550 0.29215176 0.29470129 0.30277855 0.28085971 0.26747333 0.31512177 0.25504806 0.25432340
0.29009073 0.27092550 0.29215176 0.29470129 0.30277855 0.28085971 0.26747333 0.31512177 0.25504806 0.25432340
0.29009073 0.27092550 0.29215176 0.29470129 0.30277855 0.28085971 0.26747333 0.31512177 0.25504806 0.25432340
0.29009073 0.27092550 0.29215176 0.29470129 0.30277855 0.28085971 0.26747333 0.31512177 0.25504806 0.25432340
0.29009073 0.27092550 0.29215176 0.29470129 0.30277855 0.28085971 0.26747333 0.31512177 0.25504806 0.25432340
0.29009073 0.27092550 0.29215176 0.29470129 0.30277855 0.28085971 0.26747333 0.31512177 0.25504806 0.25432340
0.29009073 0.27092550 0.29215176 0.29470129 0.30277855 0.28085971 0.26747333 0.31512177 0.25504806 0.25432340
0.29009073 0.27092550 0.29215176 0.29470129 0.30277855 0.28085971 0.26747333 0.31512177 0.25504806 0.25432340
0.29009073 0.27092550 0.29215176 0.29470129 0.30277855 0.28085971 0.26747333 0.31512177 0.25504806 0.25432340
0.29098042 0.27094779 0.29203575 0.29187886 0.30196513 0.27957128 0.26784459 0.31808962 0.25480635 0.25470383
0.29098042 0.27094779 0.29203575 0.29187886 0.30196513 0.27957128 0.26784459 0.31808962 0.25480635 0.25470383
0.29098042 0.27094779 0.29203575 0.29187886 0.30196513 0.27957128 0.26784459 0.31808962 0.25480635 0.25470383
0.29098042 0.27094779 0.29203575 0.29187886 0.30196513 0.27957128 0.26784459 0.31808962 0.25480635 0.25470383
0.29098042 0.27094779 0.29203575 0.29187886 0.30196513 0.27957128 0.26784459 0.31808962 0.25480635 0.25470383
0.29098042 0.27094779 0.29203575 0.29187886 0.30196513 0.27957128 0.26784459 0.31808962 0.25480635 0.25470383
0.29098042 0.27094779 0.29203575 0.29187886 0.30196513 0.27957128 0.26784459 0.31808962 0.25480635 0.25470383
0.29098042 0.27094779 0.29203575 0.29187886 0.30196513 0.27957128 0.26784459 0.31808962 0.25480635 0.25470383
0.29098042 0.27094779 0.29203575 0.29187886 0.30196513 0.27957128 0.26784459 0.31808962 0.25480635 0.25470383
0.29098042 0.27094779 0.29203575 0.29187886 0.30196513 0.27957128 0.26784459 0.31808962 0.25480635 0.25470383
0.29098042 0.27094779 0.29203575 0.29187886 0.30196513 0.27957128 0.26784459 0.31808962 0.25480635 0.25470383
0.29098042 0.27094779 0.29203575 0.29187886 0.30196513 0.27957128 0.26784459 0.31808962 0.25480635 0.25470383
0.29098042 0.27094779 0.29203575 0.29187886 0.30196513 0.27957128 0.26784459 0.31808962 0.25480635 0.25470383
0.29098042 0.27094779 0.29203575 0.29187886 0.30196513 0.27957128 0.26784459 0.31808962 0.25480635 0.25470383
0.29098042 0.27094779 0.29203575 0.29187886 0.30196513 0.27957128 0.26784459 0.31808962 0.25480635 0.25470383
0.29098042 0.27094779 0.29203575 0.29187886 0.30196513 0.27957128 0.26784459 0.31808962 0.25480635 0.25470383
0.29098042 0.27094779 0.29203575 0.29187886 0.30196513 0.27957128 0.26784459 0.31808962 0.25480635 0.25470383
0.29098042 0.27094779 0.29203575 0.29187886 0.30196513 0.27957128 0.26784459 0.31808962 0.25480635 0.25470383
0.29098042 0.27094779 0.29203575 0.29187886 0.30196513 0.27957128 0.26784459 0.31808962 0.25480635 0.25470383
0.29098042 0.27094779 0.29203575 0.29187886 0.30196513 0.27957128 0.26784459 0.31808962 0.25480635 0.25470383
0.29098042 0.27094779 0.29203575 0.29187886 0.30196513 0.27957128 0.26784459 0.31808962 0.25480635 0.25470383
0.29098042 0.27094779 0.29203575 0.29187886 0.30196513 0.27957128 0.26784459 0.31808962 0.25480635 0.25470383
0.29098042 0.27094779 0.29203575 0.29187886 0.30196513 0.27957128 0.26784459 0.31808962 0.25480635 0.25470383
0.29098042 0.27094779 0.29203575 0.29187886 0.30196513 0.27957128 0.26784459 0.31808962 0.25480635 0.25470383
0.29098042 0.27094779 0.29203575 0.29187886 0.30196513 0.27957128 0.26784459 0.31808962 0.25480635 0.25470383
0.29098042 0.27094779 0.29203575 0.29187886 0.30196513 0.27957128 0.26784459 0.31808962 0.25480635 0.25470383
0.29098042 0.27094779 0.29203575 0.29187886 0.30196513 0.27957128 0.26784459 0.31808962 0.25480635 0.25470383
0.29098042 0.27094779 0.29203575 0.29187886 0.30196513 0.27957128 0.26784459 0.31808962 0.25480635 0.25470383
0.29098042 0.27094779 0.29203575 0.29187886 0.30196513 0.27957128 0.26784459 0.31808962 0.25480635 0.25470383
0.29098042 0.27094779 0.29203575 0.29187886 0.30196513 0.27957128 0.26784459 0.31808962 0.25480635 0.25470383
0.29098042 0.27094779 0.29203575 0.29187886 0.30196513 0.27957128 0.26784459 0.31808962 0.25480635 0.25470383
0.29098042 0.27094779 0.29203575 0.29187886 0.30196513 0.27957128 0.26784459 0.31808962 0.25480635 0.25470383
0.29098042 0.27094779 0.29203575 0.29187886 0.30196513 0.27957128 0.26784459 0.31808962 0.25480635 0.25470383
0.29098042 0.27094779 0.29203575 0.29187886 0.30196513 0.27957128 0.26784459 0.31808962 0.25480635 0.25470383
0.29098042 0.27094779 0.29203575 0.29187886 0.30196513 0.27957128 0.26784459 0.31808962 0.25480635 0.25470383
0.29790242 0.27621291 0.29426069 0.29109414 0.29578956 0.27931842 0.26749436 0.32106825 0.25525644 0.25504201
0.29790242 0.27621291 0.29426069 0.29109414 0.29578956 0.27931842 0.26749436 0.32106825 0.25525644 0.25504201
0.29790242 0.27621291 0.29426069 0.29109414 0.29578956 0.27931842 0.26749436 0.32106825 0.25525644 0.25504201
0.29790242 0.27621291 0.29426069 0.29109414 0.29578956 0.27931842 0.26749436 0.32106825 0.25525644 0.25504201
0.29963259 0.27603435 0.29028162 0.28944809 0.28943546 0.27894831 0.26709426 0.31678891 0.25608420 0.25604237
0.29963259 0.27603435 0.29028162 0.28944809 0.28943546 0.27894831 0.26709426 0.31678891 0.25608420 0.25604237
0.29963259 0.27603435 0.29028162 0.28944809 0.28943546 0.27894831 0.26709426 0.31678891 0.25608420 0.25604237
0.29963259 0.27603435 0.29028162 0.28944809 0.28943546 0.27894831 0.26709426 0.31678891 0.25608420 0.25604237
0.29963259 0.27603435 0.29028162 0.28944809 0.28943546 0.27894831 0.26709426 0.31678891 0.25608420 0.25604237
0.29963259 0.27603435 0.29028162 0.28944809 0.28943546 0.27894831 0.26709426 0.31678891 0.25608420 0.25604237
0.29963259 0.27603435 0.29028162 0.28944809 0.28943546 0.27894831 0.26709426 0.31678891 0.25608420 0.25604237
0.29963259 0.27603435 0.29028162 0.28944809 0.28943546 0.27894831 0.26709426 0.31678891 0.25608420 0.25604237
0.29963259 0.27603435 0.29028162 0.28944809 0.28943546 0.27894831 0.26709426 0.31678891 0.25608420 0.25604237
0.29963259 0.27603435 0.29028162 0.28944809 0.28943546 0.27894831 0.26709426 0.31678891 0.25608420 0.25604237
0.29963259 0.27603435 0.29028162 0.28944809 0.28943546 0.27894831 0.26709426 0.31678891 0.25608420 0.25604237
0.29963259 0.27603435 0.29028162 0.28944809 0.28943546 0.27894831 0.26709426 0.31678891 0.25608420 0.25604237
0.29963259 0.27603435 0.29028162 0.28944809 0.28943546 0.27894831 0.26709426 0.31678891 0.25608420 0.25604237
0.29963259 0.27603435 0.29028162 0.28944809 0.28943546 0.27894831 0.26709426 0.31678891 0.25608420 0.25604237
0.29963259 0.27603435 0.29028162 0.28944809 0.28943546 0.27894831 0.26709426 0.31678891 0.25608420 0.25604237
0.29963259 0.27603435 0.29028162 0.28944809 0.28943546 0.27894831 0.26709426 0.31678891 0.25608420 0.25604237
0.29963259 0.27603435 0.29028162 0.28944809 0.28943546 0.27894831 0.26709426 0.31678891 0.25608420 0.25604237
0.29963259 0.27603435 0.29028162 0.28944809 0.28943546 0.27894831 0.26709426 0.31678891 0.25608420 0.25604237
0.29963259 0.27603435 0.29028162 0.28944809 0.28943546 0.27894831 0.26709426 0.31678891 0.25608420 0.25604237
0.29963259 0.27603435 0.29028162 0.28944809 0.28943546 0.27894831 0.26709426 0.31678891 0.25608420 0.25604237
0.29963259 0.27603435 0.29028162 0.28944809 0.28943546 0.27894831 0.26709426 0.31678891 0.25608420 0.25604237
0.29963259 0.27603435 0.29028162 0.28944809 0.28943546 0.27894831 0.26709426 0.31678891 0.25608420 0.25604237
0.29963259 0.27603435 0.29028162 0.28944809 0.28943546 0.27894831 0.26709426 0.31678891 0.25608420 0.25604237
0.29963259 0.27603435 0.29028162 0.28944809 0.28943546 0.27894831 0.26709426 0.31678891 0.25608420 0.25604237
0.29963259 0.27603435 0.29028162 0.28944809 0.28943546 0.27894831 0.26709426 0.31678891 0.25608420 0.25604237
0.29963259 0.27603435 0.29028162 0.28944809 0.28943546 0.27894831 0.26709426 0.31678891 0.25608420 0.25604237
0.29963259 0.27603435 0.29028162 0.28944809 0.28943546 0.27894831 0.26709426 0.31678891 0.25608420 0.25604237
0.29963259 0.27603435 0.29028162 0.28944809 0.28943546 0.27894831 0.26709426 0.31678891 0.25608420 0.25604237
0.29963259 0.27603435 0.29028162 0.28944809 0.28943546 0.27894831 0.26709426 0.31678891 0.25608420 0.25604237
0.29963259 0.27603435 0.29028162 0.28944809 0.28943546 0.27894831 0.26709426 0.31678891 0.25608420 0.25604237
0.29963259 0.27603435 0.29028162 0.28944809 0.28943546 0.27894831 0.26709426 0.31678891 0.25608420 0.25604237
0.29963259 0.27603435 0.29028162 0.28944809 0.28943546 0.27894831 0.26709426 0.31678891 0.25608420 0.25604237
0.29963259 0.27603435 0.29028162 0.28944809 0.28943546 0.27894831 0.26709426 0.31678891 0.25608420 0.25604237
0.29963259 0.27603435 0.29028162 0.28944809 0.28943546 0.27894831 0.26709426 0.31678891 0.25608420 0.25604237
0.29963259 0.27603435 0.29028162 0.28944809 0.28943546 0.27894831 0.26709426 0.31678891 0.25608420 0.25604237
0.29963259 0.27603435 0.29028162 0.28944809 0.28943546 0.27894831 0.26709426 0.31678891 0.25608420 0.25604237
0.29963259 0.27603435 0.29028162 0.28944809 0.28943546 0.27894831 0.26709426 0.31678891 0.25608420 0.25604237
0.29963259 0.27603435 0.29028162 0.28944809 0.28943546 0.27894831 0.26709426 0.31678891 0.25608420 0.25604237
0.29963259 0.27603435 0.29028162 0.28944809 0.28943546 0.27894831 0.26709426 0.31678891 0.25608420 0.25604237
0.29963259 0.27603435 0.29028162 0.28944809 0.28943546 0.27894831 0.26709426 0.31678891 0.25608420 0.25604237
0.29963259 0.27603435 0.29028162 0.28944809 0.28943546 0.27894831 0.26709426 0.31678891 0.25608420 0.25604237
0.29963259 0.27603435 0.29028162 0.28944809 0.28943546 0.27894831 0.26709426 0.31678891 0.25608420 0.25604237
0.29963259 0.27603435 0.29028162 0.28944809 0.28943546 0.27894831 0.26709426 0.31678891 0.25608420 0.25604237
0.29963259 0.27603435 0.29028162 0.28944809 0.28943546 0.27894831 0.26709426 0.31678891 0.25608420 0.25604237
0.29963259 0.27603435 0.29028162 0.28944809 0.28943546 0.27894831 0.26709426 0.31678891 0.25608420 0.25604237
0.29963259 0.27603435 0.29028162 0.28944809 0.28943546 0.27894831 0.26709426 0.31678891 0.25608420 0.25604237
0.29963259 0.27603435 0.29028162 0.28944809 0.28943546 0.27894831 0.26709426 0.31678891 0.25608420 0.25604237
0.29963259 0.27603435 0.29028162 0.28944809 0.28943546 0.27894831 0.26709426 0.31678891 0.25608420 0.25604237
0.29963259 0.27603435 0.29028162 0.28944809 0.28943546 0.27894831 0.26709426 0.31678891 0.25608420 0.25604237
0.29963259 0.27603435 0.29028162 0.28944809 0.28943546 0.27894831 0.26709426 0.31678891 0.25608420 0.25604237
0.29963259 0.27603435 0.29028162 0.28944809 0.28943546 0.27894831 0.26709426 0.31678891 0.25608420 0.25604237
0.29963259 0.27603435 0.29028162 0.28944809 0.28943546 0.27894831 0.26709426 0.31678891 0.25608420 0.25604237
0.29963259 0.27603435 0.29028162 0.28944809 0.28943546 0.27894831 0.26709426 0.31678891 0.25608420 0.25604237
0.29963259 0.27603435 0.29028162 0.28944809 0.28943546 0.27894831 0.26709426 0.31678891 0.25608420 0.25604237
0.29963259 0.27603435 0.29028162 0.28944809 0.28943546 0.27894831 0.26709426 0.31678891 0.25608420 0.25604237
0.29963259 0.27603435 0.29028162 0.28944809 0.28943546 0.27894831 0.26709426 0.31678891 0.25608420 0.25604237
0.29551888 0.27645376 0.29258334 0.28566116 0.29204947 0.27671769 0.26676527 0.31791859 0.25692321 0.25638189
0.29551888 0.27645376 0.29258334 0.28566116 0.29204947 0.27671769 0.26676527 0.31791859 0.25692321 0.25638189
0.29551888 0.27645376 0.29258334 0.28566116 0.29204947 0.27671769 0.26676527 0.31791859 0.25692321 0.25638189
0.29551888 0.27645376 0.29258334 0.28566116 0.29204947 0.27671769 0.26676527 0.31791859 0.25692321 0.25638189
0.29551888 0.27645376 0.29258334 0.28566116 0.29204947 0.27671769 0.26676527 0.31791859 0.25692321 0.25638189
0.29551888 0.27645376 0.29258334 0.28566116 0.29204947 0.27671769 0.26676527 0.31791859 0.25692321 0.25638189
0.29551888 0.27645376 0.29258334 0.28566116 0.29204947 0.27671769 0.26676527 0.31791859 0.25692321 0.25638189
0.29307873 0.27571089 0.29372901 0.28264001 0.29508914 0.27743203 0.26498298 0.32005897 0.25738181 0.25654339
0.29307873 0.27571089 0.29372901 0.28264001 0.29508914 0.27743203 0.26498298 0.32005897 0.25738181 0.25654339
0.29307873 0.27571089 0.29372901 0.28264001 0.29508914 0.27743203 0.26498298 0.32005897 0.25738181 0.25654339
0.28784552 0.27751841 0.28355005 0.28223614 0.28681402 0.28213676 0.26674034 0.32232626 0.25556015 0.25661395
0.28784552 0.27751841 0.28355005 0.28223614 0.28681402 0.28213676 0.26674034 0.32232626 0.25556015 0.25661395
0.28784552 0.27751841 0.28355005 0.28223614 0.28681402 0.28213676 0.26674034 0.32232626 0.25556015 0.25661395
0.28784552 0.27751841 0.28355005 0.28223614 0.28681402 0.28213676 0.26674034 0.32232626 0.25556015 0.25661395
0.28784552 0.27751841 0.28355005 0.28223614 0.28681402 0.28213676 0.26674034 0.32232626 0.25556015 0.25661395
0.28784552 0.27751841 0.28355005 0.28223614 0.28681402 0.28213676 0.26674034 0.32232626 0.25556015 0.25661395
0.28557004 0.28783766 0.28126286 0.28307148 0.28214946 0.28678704 0.26597686 0.31414480 0.25459585 0.25659685
0.28557004 0.28783766 0.28126286 0.28307148 0.28214946 0.28678704 0.26597686 0.31414480 0.25459585 0.25659685
0.28557004 0.28783766 0.28126286 0.28307148 0.28214946 0.28678704 0.26597686 0.31414480 0.25459585 0.25659685
0.28557004 0.28783766 0.28126286 0.28307148 0.28214946 0.28678704 0.26597686 0.31414480 0.25459585 0.25659685
0.28557004 0.28783766 0.28126286 0.28307148 0.28214946 0.28678704 0.26597686 0.31414480 0.25459585 0.25659685
0.28557004 0.28783766 0.28126286 0.28307148 0.28214946 0.28678704 0.26597686 0.31414480 0.25459585 0.25659685
0.28557004 0.28783766 0.28126286 0.28307148 0.28214946 0.28678704 0.26597686 0.31414480 0.25459585 0.25659685
0.28557004 0.28783766 0.28126286 0.28307148 0.28214946 0.28678704 0.26597686 0.31414480 0.25459585 0.25659685
0.28557004 0.28783766 0.28126286 0.28307148 0.28214946 0.28678704 0.26597686 0.31414480 0.25459585 0.25659685
0.28557004 0.28783766 0.28126286 0.28307148 0.28214946 0.28678704 0.26597686 0.31414480 0.25459585 0.25659685
0.28557004 0.28783766 0.28126286 0.28307148 0.28214946 0.28678704 0.26597686 0.31414480 0.25459585 0.25659685
0.28557004 0.28783766 0.28126286 0.28307148 0.28214946 0.28678704 0.26597686 0.31414480 0.25459585 0.25659685
0.28557004 0.28783766 0.28126286 0.28307148 0.28214946 0.28678704 0.26597686 0.31414480 0.25459585 0.25659685
0.28557004 0.28783766 0.28126286 0.28307148 0.28214946 0.28678704 0.26597686 0.31414480 0.25459585 0.25659685
0.28557004 0.28783766 0.28126286 0.28307148 0.28214946 0.28678704 0.26597686 0.31414480 0.25459585 0.25659685
0.28557004 0.28783766 0.28126286 0.28307148 0.28214946 0.28678704 0.26597686 0.31414480 0.25459585 0.25659685
0.28397026 0.29180343 0.28109249 0.28343250 0.27719326 0.28650899 0.26456613 0.31526806 0.25444700 0.25664610
0.28397026 0.29180343 0.28109249 0.28343250 0.27719326 0.28650899 0.26456613 0.31526806 0.25444700 0.25664610
0.28397026 0.29180343 0.28109249 0.28343250 0.27719326 0.28650899 0.26456613 0.31526806 0.25444700 0.25664610
0.28397026 0.29180343 0.28109249 0.28343250 0.27719326 0.28650899 0.26456613 0.31526806 0.25444700 0.25664610
0.28397026 0.29180343 0.28109249 0.28343250 0.27719326 0.28650899 0.26456613 0.31526806 0.25444700 0.25664610
0.28397026 0.29180343 0.28109249 0.28343250 0.27719326 0.28650899 0.26456613 0.31526806 0.25444700 0.25664610
0.28397026 0.29180343 0.28109249 0.28343250 0.27719326 0.28650899 0.26456613 0.31526806 0.25444700 0.25664610
0.28397026 0.29180343 0.28109249 0.28343250 0.27719326 0.28650899 0.26456613 0.31526806 0.25444700 0.25664610
0.28397026 0.29180343 0.28109249 0.28343250 0.27719326 0.28650899 0.26456613 0.31526806 0.25444700 0.25664610
0.28397026 0.29180343 0.28109249 0.28343250 0.27719326 0.28650899 0.26456613 0.31526806 0.25444700 0.25664610
0.28397026 0.29180343 0.28109249 0.28343250 0.27719326 0.28650899 0.26456613 0.31526806 0.25444700 0.25664610
0.28397026 0.29180343 0.28109249 0.28343250 0.27719326 0.28650899 0.26456613 0.31526806 0.25444700 0.25664610
0.28397026 0.29180343 0.28109249 0.28343250 0.27719326 0.28650899 0.26456613 0.31526806 0.25444700 0.25664610
0.28397026 0.29180343 0.28109249 0.28343250 0.27719326 0.28650899 0.26456613 0.31526806 0.25444700 0.25664610
0.28397026 0.29180343 0.28109249 0.28343250 0.27719326 0.28650899 0.26456613 0.31526806 0.25444700 0.25664610
0.28397026 0.29180343 0.28109249 0.28343250 0.27719326 0.28650899 0.26456613 0.31526806 0.25444700 0.25664610
0.28397026 0.29180343 0.28109249 0.28343250 0.27719326 0.28650899 0.26456613 0.31526806 0.25444700 0.25664610
0.28108348 0.29027610 0.27593885 0.28386776 0.28001279 0.29087198 0.26200423 0.31622451 0.25504984 0.25625270
0.28108348 0.29027610 0.27593885 0.28386776 0.28001279 0.29087198 0.26200423 0.31622451 0.25504984 0.25625270
0.28108348 0.29027610 0.27593885 0.28386776 0.28001279 0.29087198 0.26200423 0.31622451 0.25504984 0.25625270
0.28108348 0.29027610 0.27593885 0.28386776 0.28001279 0.29087198 0.26200423 0.31622451 0.25504984 0.25625270
0.28108348 0.29027610 0.27593885 0.28386776 0.28001279 0.29087198 0.26200423 0.31622451 0.25504984 0.25625270
0.28108348 0.29027610 0.27593885 0.28386776 0.28001279 0.29087198 0.26200423 0.31622451 0.25504984 0.25625270
0.28108348 0.29027610 0.27593885 0.28386776 0.28001279 0.29087198 0.26200423 0.31622451 0.25504984 0.25625270
0.28103403 0.28523220 0.27228226 0.28522206 0.28053750 0.29087075 0.26514546 0.31035003 0.25504663 0.25663362
0.28103403 0.28523220 0.27228226 0.28522206 0.28053750 0.29087075 0.26514546 0.31035003 0.25504663 0.25663362
0.28103403 0.28523220 0.27228226 0.28522206 0.28053750 0.29087075 0.26514546 0.31035003 0.25504663 0.25663362
0.28103403 0.28523220 0.27228226 0.28522206 0.28053750 0.29087075 0.26514546 0.31035003 0.25504663 0.25663362
0.28103403 0.28523220 0.27228226 0.28522206 0.28053750 0.29087075 0.26514546 0.31035003 0.25504663 0.25663362
0.28103403 0.28523220 0.27228226 0.28522206 0.28053750 0.29087075 0.26514546 0.31035003 0.25504663 0.25663362
0.28103403 0.28523220 0.27228226 0.28522206 0.28053750 0.29087075 0.26514546 0.31035003 0.25504663 0.25663362
0.28103403 0.28523220 0.27228226 0.28522206 0.28053750 0.29087075 0.26514546 0.31035003 0.25504663 0.25663362
0.28103403 0.28523220 0.27228226 0.28522206 0.28053750 0.29087075 0.26514546 0.31035003 0.25504663 0.25663362
0.28103403 0.28523220 0.27228226 0.28522206 0.28053750 0.29087075 0.26514546 0.31035003 0.25504663 0.25663362
0.28103403 0.28523220 0.27228226 0.28522206 0.28053750 0.29087075 0.26514546 0.31035003 0.25504663 0.25663362
0.28103403 0.28523220 0.27228226 0.28522206 0.28053750 0.29087075 0.26514546 0.31035003 0.25504663 0.25663362
0.28103403 0.28523220 0.27228226 0.28522206 0.28053750 0.29087075 0.26514546 0.31035003 0.25504663 0.25663362
0.28103403 0.28523220 0.27228226 0.28522206 0.28053750 0.29087075 0.26514546 0.31035003 0.25504663 0.25663362
0.28103403 0.28523220 0.27228226 0.28522206 0.28053750 0.29087075 0.26514546 0.31035003 0.25504663 0.25663362
0.28103403 0.28523220 0.27228226 0.28522206 0.28053750 0.29087075 0.26514546 0.31035003 0.25504663 0.25663362
0.28103403 0.28523220 0.27228226 0.28522206 0.28053750 0.29087075 0.26514546 0.31035003 0.25504663 0.25663362
0.28103403 0.28523220 0.27228226 0.28522206 0.28053750 0.29087075 0.26514546 0.31035003 0.25504663 0.25663362
0.28103403 0.28523220 0.27228226 0.28522206 0.28053750 0.29087075 0.26514546 0.31035003 0.25504663 0.25663362
0.28103403 0.28523220 0.27228226 0.28522206 0.28053750 0.29087075 0.26514546 0.31035003 0.25504663 0.25663362
0.28103403 0.28523220 0.27228226 0.28522206 0.28053750 0.29087075 0.26514546 0.31035003 0.25504663 0.25663362
0.28103403 0.28523220 0.27228226 0.28522206 0.28053750 0.29087075 0.26514546 0.31035003 0.25504663 0.25663362
0.28103403 0.28523220 0.27228226 0.28522206 0.28053750 0.29087075 0.26514546 0.31035003 0.25504663 0.25663362
0.28103403 0.28523220 0.27228226 0.28522206 0.28053750 0.29087075 0.26514546 0.31035003 0.25504663 0.25663362
0.28103403 0.28523220 0.27228226 0.28522206 0.28053750 0.29087075 0.26514546 0.31035003 0.25504663 0.25663362
0.28103403 0.28523220 0.27228226 0.28522206 0.28053750 0.29087075 0.26514546 0.31035003 0.25504663 0.25663362
0.28103403 0.28523220 0.27228226 0.28522206 0.28053750 0.29087075 0.26514546 0.31035003 0.25504663 0.25663362
0.28143517 0.28906863 0.27659593 0.28392816 0.28240895 0.29709015 0.26364736 0.30879793 0.25551030 0.25994848
0.28143517 0.28906863 0.27659593 0.28392816 0.28240895 0.29709015 0.26364736 0.30879793 0.25551030 0.25994848
0.28143517 0.28906863 0.27659593 0.28392816 0.28240895 0.29709015 0.26364736 0.30879793 0.25551030 0.25994848
0.28143517 0.28906863 0.27659593 0.28392816 0.28240895 0.29709015 0.26364736 0.30879793 0.25551030 0.25994848
0.28143517 0.28906863 0.27659593 0.28392816 0.28240895 0.29709015 0.26364736 0.30879793 0.25551030 0.25994848
0.28143517 0.28906863 0.27659593 0.28392816 0.28240895 0.29709015 0.26364736 0.30879793 0.25551030 0.25994848
0.28143517 0.28906863 0.27659593 0.28392816 0.28240895 0.29709015 0.26364736 0.30879793 0.25551030 0.25994848
0.28143517 0.28906863 0.27659593 0.28392816 0.28240895 0.29709015 0.26364736 0.30879793 0.25551030 0.25994848
0.28143517 0.28906863 0.27659593 0.28392816 0.28240895 0.29709015 0.26364736 0.30879793 0.25551030 0.25994848
0.28143517 0.28906863 0.27659593 0.28392816 0.28240895 0.29709015 0.26364736 0.30879793 0.25551030 0.25994848
0.28143517 0.28906863 0.27659593 0.28392816 0.28240895 0.29709015 0.26364736 0.30879793 0.25551030 0.25994848
0.28143517 0.28906863 0.27659593 0.28392816 0.28240895 0.29709015 0.26364736 0.30879793 0.25551030 0.25994848
0.28143517 0.28906863 0.27659593 0.28392816 0.28240895 0.29709015 0.26364736 0.30879793 0.25551030 0.25994848
0.28143517 0.28906863 0.27659593 0.28392816 0.28240895 0.29709015 0.26364736 0.30879793 0.25551030 0.25994848
0.28143517 0.28906863 0.27659593 0.28392816 0.28240895 0.29709015 0.26364736 0.30879793 0.25551030 0.25994848
0.28143517 0.28906863 0.27659593 0.28392816 0.28240895 0.29709015 0.26364736 0.30879793 0.25551030 0.25994848
0.28143517 0.28906863 0.27659593 0.28392816 0.28240895 0.29709015 0.26364736 0.30879793 0.25551030 0.25994848
0.28143517 0.28906863 0.27659593 0.28392816 0.28240895 0.29709015 0.26364736 0.30879793 0.25551030 0.25994848
0.28143517 0.28906863 0.27659593 0.28392816 0.28240895 0.29709015 0.26364736 0.30879793 0.25551030 0.25994848
0.28143517 0.28906863 0.27659593 0.28392816 0.28240895 0.29709015 0.26364736 0.30879793 0.25551030 0.25994848
0.28143517 0.28906863 0.27659593 0.28392816 0.28240895 0.29709015 0.26364736 0.30879793 0.25551030 0.25994848
0.28143517 0.28906863 0.27659593 0.28392816 0.28240895 0.29709015 0.26364736 0.30879793 0.25551030 0.25994848
0.28143517 0.28906863 0.27659593 0.28392816 0.28240895 0.29709015 0.26364736 0.30879793 0.25551030 0.25994848
0.28143517 0.28906863 0.27659593 0.28392816 0.28240895 0.29709015 0.26364736 0.30879793 0.25551030 0.25994848
0.28143517 0.28906863 0.27659593 0.28392816 0.28240895 0.29709015 0.26364736 0.30879793 0.25551030 0.25994848
0.28143517 0.28906863 0.27659593 0.28392816 0.28240895 0.29709015 0.26364736 0.30879793 0.25551030 0.25994848
0.28143517 0.28906863 0.27659593 0.28392816 0.28240895 0.29709015 0.26364736 0.30879793 0.25551030 0.25994848
0.28143517 0.28906863 0.27659593 0.28392816 0.28240895 0.29709015 0.26364736 0.30879793 0.25551030 0.25994848
0.28143517 0.28906863 0.27659593 0.28392816 0.28240895 0.29709015 0.26364736 0.30879793 0.25551030 0.25994848
0.28143517 0.28906863 0.27659593 0.28392816 0.28240895 0.29709015 0.26364736 0.30879793 0.25551030 0.25994848
0.28143517 0.28906863 0.27659593 0.28392816 0.28240895 0.29709015 0.26364736 0.30879793 0.25551030 0.25994848
0.28143517 0.28906863 0.27659593 0.28392816 0.28240895 0.29709015 0.26364736 0.30879793 0.25551030 0.25994848
0.28143517 0.28906863 0.27659593 0.28392816 0.28240895 0.29709015 0.26364736 0.30879793 0.25551030 0.25994848
0.28143517 0.28906863 0.27659593 0.28392816 0.28240895 0.29709015 0.26364736 0.30879793 0.25551030 0.25994848
0.28143517 0.28906863 0.27659593 0.28392816 0.28240895 0.29709015 0.26364736 0.30879793 0.25551030 0.25994848
0.28143517 0.28906863 0.27659593 0.28392816 0.28240895 0.29709015 0.26364736 0.30879793 0.25551030 0.25994848
0.28143517 0.28906863 0.27659593 0.28392816 0.28240895 0.29709015 0.26364736 0.30879793 0.25551030 0.25994848
0.28143517 0.28906863 0.27659593 0.28392816 0.28240895 0.29709015 0.26364736 0.30879793 0.25551030 0.25994848
0.28143517 0.28906863 0.27659593 0.28392816 0.28240895 0.29709015 0.26364736 0.30879793 0.25551030 0.25994848
