0.00000000 0.00000000 0.00000000 0.00000000 0.00000000 0.00000000 0.00000000 0.00000000 0.00000000 0.00000000
0.00000000 0.00000000 0.00000000 0.00000000 0.00000000 0.00000000 0.00000000 0.00000000 0.00000000 0.00000000
0.27676083 0.26905331 0.31309549 0.28149752 0.32525474 0.34127036 0.31182865 0.26529656 0.29398716 0.29418374
0.27676083 0.26905331 0.31309549 0.28149752 0.32525474 0.34127036 0.31182865 0.26529656 0.29398716 0.29418374
0.27676083 0.26905331 0.31309549 0.28149752 0.32525474 0.34127036 0.31182865 0.26529656 0.29398716 0.29418374
0.27676083 0.26905331 0.31309549 0.28149752 0.32525474 0.34127036 0.31182865 0.26529656 0.29398716 0.29418374
0.27676083 0.26905331 0.31309549 0.28149752 0.32525474 0.34127036 0.31182865 0.26529656 0.29398716 0.29418374
0.27676083 0.26905331 0.31309549 0.28149752 0.32525474 0.34127036 0.31182865 0.26529656 0.29398716 0.29418374
0.27676083 0.26905331 0.31309549 0.28149752 0.32525474 0.34127036 0.31182865 0.26529656 0.29398716 0.29418374
0.27676083 0.26905331 0.31309549 0.28149752 0.32525474 0.34127036 0.31182865 0.26529656 0.29398716 0.29418374
0.27676083 0.26905331 0.31309549 0.28149752 0.32525474 0.34127036 0.31182865 0.26529656 0.29398716 0.29418374
0.27676083 0.26905331 0.31309549 0.28149752 0.32525474 0.34127036 0.31182865 0.26529656 0.29398716 0.29418374
0.27676083 0.26905331 0.31309549 0.28149752 0.32525474 0.34127036 0.31182865 0.26529656 0.29398716 0.29418374
0.27676083 0.26905331 0.31309549 0.28149752 0.32525474 0.34127036 0.31182865 0.26529656 0.29398716 0.29418374
0.27676083 0.26905331 0.31309549 0.28149752 0.32525474 0.34127036 0.31182865 0.26529656 0.29398716 0.29418374
0.27676083 0.26905331 0.31309549 0.28149752 0.32525474 0.34127036 0.31182865 0.26529656 0.29398716 0.29418374
0.27676083 0.26905331 0.31309549 0.28149752 0.32525474 0.34127036 0.31182865 0.26529656 0.29398716 0.29418374
0.27676083 0.26905331 0.31309549 0.28149752 0.32525474 0.34127036 0.31182865 0.26529656 0.29398716 0.29418374
0.27676083 0.26905331 0.31309549 0.28149752 0.32525474 0.34127036 0.31182865 0.26529656 0.29398716 0.29418374
0.27676083 0.26905331 0.31309549 0.28149752 0.32525474 0.34127036 0.31182865 0.26529656 0.29398716 0.29418374
0.27676083 0.26905331 0.31309549 0.28149752 0.32525474 0.34127036 0.31182865 0.26529656 0.29398716 0.29418374
0.27676083 0.26905331 0.31309549 0.28149752 0.32525474 0.34127036 0.31182865 0.26529656 0.29398716 0.29418374
0.27676083 0.26905331 0.31309549 0.28149752 0.32525474 0.34127036 0.31182865 0.26529656 0.29398716 0.29418374
0.27676083 0.26905331 0.31309549 0.28149752 0.32525474 0.34127036 0.31182865 0.26529656 0.29398716 0.29418374
0.27676083 0.26905331 0.31309549 0.28149752 0.32525474 0.34127036 0.31182865 0.26529656 0.29398716 0.29418374
0.27676083 0.26905331 0.31309549 0.28149752 0.32525474 0.34127036 0.31182865 0.26529656 0.29398716 0.29418374
0.27676083 0.26905331 0.31309549 0.28149752 0.32525474 0.34127036 0.31182865 0.26529656 0.29398716 0.29418374
0.27676083 0.26905331 0.31309549 0.28149752 0.32525474 0.34127036 0.31182865 0.26529656 0.29398716 0.29418374
0.27676083 0.26905331 0.31309549 0.28149752 0.32525474 0.34127036 0.31182865 0.26529656 0.29398716 0.29418374
0.27676083 0.26905331 0.31309549 0.28149752 0.32525474 0.34127036 0.31182865 0.26529656 0.29398716 0.29418374
0.27676083 0.26905331 0.31309549 0.28149752 0.32525474 0.34127036 0.31182865 0.26529656 0.29398716 0.29418374
0.27676083 0.26905331 0.31309549 0.28149752 0.32525474 0.34127036 0.31182865 0.26529656 0.29398716 0.29418374
0.27676083 0.26905331 0.31309549 0.28149752 0.32525474 0.34127036 0.31182865 0.26529656 0.29398716 0.29418374
0.27676083 0.26905331 0.31309549 0.28149752 0.32525474 0.34127036 0.31182865 0.26529656 0.29398716 0.29418374
0.27676083 0.26905331 0.31309549 0.28149752 0.32525474 0.34127036 0.31182865 0.26529656 0.29398716 0.29418374
0.27676083 0.26905331 0.31309549 0.28149752 0.32525474 0.34127036 0.31182865 0.26529656 0.29398716 0.29418374
0.27676083 0.26905331 0.31309549 0.28149752 0.32525474 0.34127036 0.31182865 0.26529656 0.29398716 0.29418374
0.27676083 0.26905331 0.31309549 0.28149752 0.32525474 0.34127036 0.31182865 0.26529656 0.29398716 0.29418374
0.27676083 0.26905331 0.31309549 0.28149752 0.32525474 0.34127036 0.31182865 0.26529656 0.29398716 0.29418374
0.27676083 0.26905331 0.31309549 0.28149752 0.32525474 0.34127036 0.31182865 0.26529656 0.29398716 0.29418374
0.27676083 0.26905331 0.31309549 0.28149752 0.32525474 0.34127036 0.31182865 0.26529656 0.29398716 0.29418374
0.27676083 0.26905331 0.31309549 0.28149752 0.32525474 0.34127036 0.31182865 0.26529656 0.29398716 0.29418374
0.27676083 0.26905331 0.31309549 0.28149752 0.32525474 0.34127036 0.31182865 0.26529656 0.29398716 0.29418374
0.27676083 0.26905331 0.31309549 0.28149752 0.32525474 0.34127036 0.31182865 0.26529656 0.29398716 0.29418374
0.27676083 0.26905331 0.31309549 0.28149752 0.32525474 0.34127036 0.31182865 0.26529656 0.29398716 0.29418374
0.27676083 0.26905331 0.31309549 0.28149752 0.32525474 0.34127036 0.31182865 0.26529656 0.29398716 0.29418374
0.26808762 0.26342725 0.31226426 0.28361587 0.33211845 0.34458701 0.30801783 0.26726886 0.28939465 0.29497098
0.26808762 0.26342725 0.31226426 0.28361587 0.33211845 0.34458701 0.30801783 0.26726886 0.28939465 0.29497098
0.26808762 0.26342725 0.31226426 0.28361587 0.33211845 0.34458701 0.30801783 0.26726886 0.28939465 0.29497098
0.26808762 0.26342725 0.31226426 0.28361587 0.33211845 0.34458701 0.30801783 0.26726886 0.28939465 0.29497098
0.26808762 0.26342725 0.31226426 0.28361587 0.33211845 0.34458701 0.30801783 0.26726886 0.28939465 0.29497098
0.26808762 0.26342725 0.31226426 0.28361587 0.33211845 0.34458701 0.30801783 0.26726886 0.28939465 0.29497098
0.26808762 0.26342725 0.31226426 0.28361587 0.33211845 0.34458701 0.30801783 0.26726886 0.28939465 0.29497098
0.26808762 0.26342725 0.31226426 0.28361587 0.33211845 0.34458701 0.30801783 0.26726886 0.28939465 0.29497098
0.26808762 0.26342725 0.31226426 0.28361587 0.33211845 0.34458701 0.30801783 0.26726886 0.28939465 0.29497098
0.26808762 0.26342725 0.31226426 0.28361587 0.33211845 0.34458701 0.30801783 0.26726886 0.28939465 0.29497098
0.26808762 0.26342725 0.31226426 0.28361587 0.33211845 0.34458701 0.30801783 0.26726886 0.28939465 0.29497098
0.26808762 0.26342725 0.31226426 0.28361587 0.33211845 0.34458701 0.30801783 0.26726886 0.28939465 0.29497098
0.26808762 0.26342725 0.31226426 0.28361587 0.33211845 0.34458701 0.30801783 0.26726886 0.28939465 0.29497098
0.26808762 0.26342725 0.31226426 0.28361587 0.33211845 0.34458701 0.30801783 0.26726886 0.28939465 0.29497098
0.26808762 0.26342725 0.31226426 0.28361587 0.33211845 0.34458701 0.30801783 0.26726886 0.28939465 0.29497098
0.26808762 0.26342725 0.31226426 0.28361587 0.33211845 0.34458701 0.30801783 0.26726886 0.28939465 0.29497098
0.26808762 0.26342725 0.31226426 0.28361587 0.33211845 0.34458701 0.30801783 0.26726886 0.28939465 0.29497098
0.26808762 0.26342725 0.31226426 0.28361587 0.33211845 0.34458701 0.30801783 0.26726886 0.28939465 0.29497098
0.26808762 0.26342725 0.31226426 0.28361587 0.33211845 0.34458701 0.30801783 0.26726886 0.28939465 0.29497098
0.26808762 0.26342725 0.31226426 0.28361587 0.33211845 0.34458701 0.30801783 0.26726886 0.28939465 0.29497098
0.26808762 0.26342725 0.31226426 0.28361587 0.33211845 0.34458701 0.30801783 0.26726886 0.28939465 0.29497098
0.26808762 0.26342725 0.31226426 0.28361587 0.33211845 0.34458701 0.30801783 0.26726886 0.28939465 0.29497098
0.26808762 0.26342725 0.31226426 0.28361587 0.33211845 0.34458701 0.30801783 0.26726886 0.28939465 0.29497098
0.26808762 0.26342725 0.31226426 0.28361587 0.33211845 0.34458701 0.30801783 0.26726886 0.28939465 0.29497098
0.26808762 0.26342725 0.31226426 0.28361587 0.33211845 0.34458701 0.30801783 0.26726886 0.28939465 0.29497098
0.26808762 0.26342725 0.31226426 0.28361587 0.33211845 0.34458701 0.30801783 0.26726886 0.28939465 0.29497098
0.26808762 0.26342725 0.31226426 0.28361587 0.33211845 0.34458701 0.30801783 0.26726886 0.28939465 0.29497098
0.26808762 0.26342725 0.31226426 0.28361587 0.33211845 0.34458701 0.30801783 0.26726886 0.28939465 0.29497098
0.26808762 0.26342725 0.31226426 0.28361587 0.33211845 0.34458701 0.30801783 0.26726886 0.28939465 0.29497098
0.26808762 0.26342725 0.31226426 0.28361587 0.33211845 0.34458701 0.30801783 0.26726886 0.28939465 0.29497098
0.26808762 0.26342725 0.31226426 0.28361587 0.33211845 0.34458701 0.30801783 0.26726886 0.28939465 0.29497098
0.26808762 0.26342725 0.31226426 0.28361587 0.33211845 0.34458701 0.30801783 0.26726886 0.28939465 0.29497098
0.26808762 0.26342725 0.31226426 0.28361587 0.33211845 0.34458701 0.30801783 0.26726886 0.28939465 0.29497098
0.26808762 0.26342725 0.31226426 0.28361587 0.33211845 0.34458701 0.30801783 0.26726886 0.28939465 0.29497098
0.26808762 0.26342725 0.31226426 0.28361587 0.33211845 0.34458701 0.30801783 0.26726886 0.28939465 0.29497098
0.26808762 0.26342725 0.31226426 0.28361587 0.33211845 0.34458701 0.30801783 0.26726886 0.28939465 0.29497098
0.26976067 0.26555462 0.31741919 0.27942010 0.33636254 0.34654046 0.30796210 0.26690603 0.28677193 0.29424767
0.26976067 0.26555462 0.31741919 0.27942010 0.33636254 0.34654046 0.30796210 0.26690603 0.28677193 0.29424767
0.26976067 0.26555462 0.31741919 0.27942010 0.33636254 0.34654046 0.30796210 0.26690603 0.28677193 0.29424767
0.26976067 0.26555462 0.31741919 0.27942010 0.33636254 0.34654046 0.30796210 0.26690603 0.28677193 0.29424767
0.26976067 0.26555462 0.31741919 0.27942010 0.33636254 0.34654046 0.30796210 0.26690603 0.28677193 0.29424767
0.26976067 0.26555462 0.31741919 0.27942010 0.33636254 0.34654046 0.30796210 0.26690603 0.28677193 0.29424767
0.26976067 0.26555462 0.31741919 0.27942010 0.33636254 0.34654046 0.30796210 0.26690603 0.28677193 0.29424767
0.26976067 0.26555462 0.31741919 0.27942010 0.33636254 0.34654046 0.30796210 0.26690603 0.28677193 0.29424767
0.26976067 0.26555462 0.31741919 0.27942010 0.33636254 0.34654046 0.30796210 0.26690603 0.28677193 0.29424767
0.26976067 0.26555462 0.31741919 0.27942010 0.33636254 0.34654046 0.30796210 0.26690603 0.28677193 0.29424767
0.26976067 0.26555462 0.31741919 0.27942010 0.33636254 0.34654046 0.30796210 0.26690603 0.28677193 0.29424767
0.26976067 0.26555462 0.31741919 0.27942010 0.33636254 0.34654046 0.30796210 0.26690603 0.28677193 0.29424767
0.26976067 0.26555462 0.31741919 0.27942010 0.33636254 0.34654046 0.30796210 0.26690603 0.28677193 0.29424767
0.26976067 0.26555462 0.31741919 0.27942010 0.33636254 0.34654046 0.30796210 0.26690603 0.28677193 0.29424767
0.26976067 0.26555462 0.31741919 0.27942010 0.33636254 0.34654046 0.30796210 0.26690603 0.28677193 0.29424767
0.26976067 0.26555462 0.31741919 0.27942010 0.33636254 0.34654046 0.30796210 0.26690603 0.28677193 0.29424767
0.26976067 0.26555462 0.31741919 0.27942010 0.33636254 0.34654046 0.30796210 0.26690603 0.28677193 0.29424767
0.26976067 0.26555462 0.31741919 0.27942010 0.33636254 0.34654046 0.30796210 0.26690603 0.28677193 0.29424767
0.26976067 0.26555462 0.31741919 0.27942010 0.33636254 0.34654046 0.30796210 0.26690603 0.28677193 0.29424767
0.27403593 0.26610180 0.31622079 0.27737720 0.33496017 0.35042995 0.30461299 0.26367978 0.28785210 0.28920929
0.27403593 0.26610180 0.31622079 0.27737720 0.33496017 0.35042995 0.30461299 0.26367978 0.28785210 0.28920929
0.27403593 0.26610180 0.31622079 0.27737720 0.33496017 0.35042995 0.30461299 0.26367978 0.28785210 0.28920929
0.27403593 0.26610180 0.31622079 0.27737720 0.33496017 0.35042995 0.30461299 0.26367978 0.28785210 0.28920929
0.27403593 0.26610180 0.31622079 0.27737720 0.33496017 0.35042995 0.30461299 0.26367978 0.28785210 0.28920929
0.27403593 0.26610180 0.31622079 0.27737720 0.33496017 0.35042995 0.30461299 0.26367978 0.28785210 0.28920929
0.27403593 0.26610180 0.31622079 0.27737720 0.33496017 0.35042995 0.30461299 0.26367978 0.28785210 0.28920929
0.27403593 0.26610180 0.31622079 0.27737720 0.33496017 0.35042995 0.30461299 0.26367978 0.28785210 0.28920929
0.27403593 0.26610180 0.31622079 0.27737720 0.33496017 0.35042995 0.30461299 0.26367978 0.28785210 0.28920929
0.27403593 0.26610180 0.31622079 0.27737720 0.33496017 0.35042995 0.30461299 0.26367978 0.28785210 0.28920929
0.27403593 0.26610180 0.31622079 0.27737720 0.33496017 0.35042995 0.30461299 0.26367978 0.28785210 0.28920929
0.27403593 0.26610180 0.31622079 0.27737720 0.33496017 0.35042995 0.30461299 0.26367978 0.28785210 0.28920929
0.27403593 0.26610180 0.31622079 0.27737720 0.33496017 0.35042995 0.30461299 0.26367978 0.28785210 0.28920929
0.27403593 0.26610180 0.31622079 0.27737720 0.33496017 0.35042995 0.30461299 0.26367978 0.28785210 0.28920929
0.27403593 0.26610180 0.31622079 0.27737720 0.33496017 0.35042995 0.30461299 0.26367978 0.28785210 0.28920929
0.27403593 0.26610180 0.31622079 0.27737720 0.33496017 0.35042995 0.30461299 0.26367978 0.28785210 0.28920929
0.27403593 0.26610180 0.31622079 0.27737720 0.33496017 0.35042995 0.30461299 0.26367978 0.28785210 0.28920929
0.27403593 0.26610180 0.31622079 0.27737720 0.33496017 0.35042995 0.30461299 0.26367978 0.28785210 0.28920929
0.27403593 0.26610180 0.31622079 0.27737720 0.33496017 0.35042995 0.30461299 0.26367978 0.28785210 0.28920929
0.27403593 0.26610180 0.31622079 0.27737720 0.33496017 0.35042995 0.30461299 0.26367978 0.28785210 0.28920929
0.27403593 0.26610180 0.31622079 0.27737720 0.33496017 0.35042995 0.30461299 0.26367978 0.28785210 0.28920929
0.27403593 0.26610180 0.31622079 0.27737720 0.33496017 0.35042995 0.30461299 0.26367978 0.28785210 0.28920929
0.27403593 0.26610180 0.31622079 0.27737720 0.33496017 0.35042995 0.30461299 0.26367978 0.28785210 0.28920929
0.27403593 0.26610180 0.31622079 0.27737720 0.33496017 0.35042995 0.30461299 0.26367978 0.28785210 0.28920929
0.27403593 0.26610180 0.31622079 0.27737720 0.33496017 0.35042995 0.30461299 0.26367978 0.28785210 0.28920929
0.27403593 0.26610180 0.31622079 0.27737720 0.33496017 0.35042995 0.30461299 0.26367978 0.28785210 0.28920929
0.27403593 0.26610180 0.31622079 0.27737720 0.33496017 0.35042995 0.30461299 0.26367978 0.28785210 0.28920929
0.27403593 0.26610180 0.31622079 0.27737720 0.33496017 0.35042995 0.30461299 0.26367978 0.28785210 0.28920929
0.27403593 0.26610180 0.31622079 0.27737720 0.33496017 0.35042995 0.30461299 0.26367978 0.28785210 0.28920929
0.27403593 0.26610180 0.31622079 0.27737720 0.33496017 0.35042995 0.30461299 0.26367978 0.28785210 0.28920929
0.27403593 0.26610180 0.31622079 0.27737720 0.33496017 0.35042995 0.30461299 0.26367978 0.28785210 0.28920929
0.27403593 0.26610180 0.31622079 0.27737720 0.33496017 0.35042995 0.30461299 0.26367978 0.28785210 0.28920929
0.27403593 0.26610180 0.31622079 0.27737720 0.33496017 0.35042995 0.30461299 0.26367978 0.28785210 0.28920929
0.27403593 0.26610180 0.31622079 0.27737720 0.33496017 0.35042995 0.30461299 0.26367978 0.28785210 0.28920929
0.27403593 0.26610180 0.31622079 0.27737720 0.33496017 0.35042995 0.30461299 0.26367978 0.28785210 0.28920929
0.27403593 0.26610180 0.31622079 0.27737720 0.33496017 0.35042995 0.30461299 0.26367978 0.28785210 0.28920929
0.27403593 0.26610180 0.31622079 0.27737720 0.33496017 0.35042995 0.30461299 0.26367978 0.28785210 0.28920929
0.27403593 0.26610180 0.31622079 0.27737720 0.33496017 0.35042995 0.30461299 0.26367978 0.28785210 0.28920929
0.27403593 0.26610180 0.31622079 0.27737720 0.33496017 0.35042995 0.30461299 0.26367978 0.28785210 0.28920929
0.27211518 0.26585862 0.31815425 0.27489339 0.33902060 0.34636175 0.30223216 0.26476287 0.28969338 0.29175572
0.27211518 0.26585862 0.31815425 0.27489339 0.33902060 0.34636175 0.30223216 0.26476287 0.28969338 0.29175572
0.27211518 0.26585862 0.31815425 0.27489339 0.33902060 0.34636175 0.30223216 0.26476287 0.28969338 0.29175572
0.27211518 0.26585862 0.31815425 0.27489339 0.33902060 0.34636175 0.30223216 0.26476287 0.28969338 0.29175572
0.27211518 0.26585862 0.31815425 0.27489339 0.33902060 0.34636175 0.30223216 0.26476287 0.28969338 0.29175572
0.27211518 0.26585862 0.31815425 0.27489339 0.33902060 0.34636175 0.30223216 0.26476287 0.28969338 0.29175572
0.27211518 0.26585862 0.31815425 0.27489339 0.33902060 0.34636175 0.30223216 0.26476287 0.28969338 0.29175572
0.27211518 0.26585862 0.31815425 0.27489339 0.33902060 0.34636175 0.30223216 0.26476287 0.28969338 0.29175572
0.27211518 0.26585862 0.31815425 0.27489339 0.33902060 0.34636175 0.30223216 0.26476287 0.28969338 0.29175572
0.27211518 0.26585862 0.31815425 0.27489339 0.33902060 0.34636175 0.30223216 0.26476287 0.28969338 0.29175572
0.27211518 0.26585862 0.31815425 0.27489339 0.33902060 0.34636175 0.30223216 0.26476287 0.28969338 0.29175572
0.27211518 0.26585862 0.31815425 0.27489339 0.33902060 0.34636175 0.30223216 0.26476287 0.28969338 0.29175572
0.27211518 0.26585862 0.31815425 0.27489339 0.33902060 0.34636175 0.30223216 0.26476287 0.28969338 0.29175572
0.27211518 0.26585862 0.31815425 0.27489339 0.33902060 0.34636175 0.30223216 0.26476287 0.28969338 0.29175572
0.27211518 0.26585862 0.31815425 0.27489339 0.33902060 0.34636175 0.30223216 0.26476287 0.28969338 0.29175572
0.27211518 0.26585862 0.31815425 0.27489339 0.33902060 0.34636175 0.30223216 0.26476287 0.28969338 0.29175572
0.27211518 0.26585862 0.31815425 0.27489339 0.33902060 0.34636175 0.30223216 0.26476287 0.28969338 0.29175572
0.27211518 0.26585862 0.31815425 0.27489339 0.33902060 0.34636175 0.30223216 0.26476287 0.28969338 0.29175572
0.27211518 0.26585862 0.31815425 0.27489339 0.33902060 0.34636175 0.30223216 0.26476287 0.28969338 0.29175572
0.27211518 0.26585862 0.31815425 0.27489339 0.33902060 0.34636175 0.30223216 0.26476287 0.28969338 0.29175572
0.27211518 0.26585862 0.31815425 0.27489339 0.33902060 0.34636175 0.30223216 0.26476287 0.28969338 0.29175572
0.27211518 0.26585862 0.31815425 0.27489339 0.33902060 0.34636175 0.30223216 0.26476287 0.28969338 0.29175572
0.27211518 0.26585862 0.31815425 0.27489339 0.33902060 0.34636175 0.30223216 0.26476287 0.28969338 0.29175572
0.27211518 0.26585862 0.31815425 0.27489339 0.33902060 0.34636175 0.30223216 0.26476287 0.28969338 0.29175572
0.27211518 0.26585862 0.31815425 0.27489339 0.33902060 0.34636175 0.30223216 0.26476287 0.28969338 0.29175572
0.27211518 0.26585862 0.31815425 0.27489339 0.33902060 0.34636175 0.30223216 0.26476287 0.28969338 0.29175572
0.27211518 0.26585862 0.31815425 0.27489339 0.33902060 0.34636175 0.30223216 0.26476287 0.28969338 0.29175572
0.27122387 0.26537320 0.31752320 0.27602185 0.34259697 0.34508914 0.30207528 0.26448214 0.29179511 0.29044969
0.27122387 0.26537320 0.31752320 0.27602185 0.34259697 0.34508914 0.30207528 0.26448214 0.29179511 0.29044969
0.27122387 0.26537320 0.31752320 0.27602185 0.34259697 0.34508914 0.30207528 0.26448214 0.29179511 0.29044969
0.27122387 0.26537320 0.31752320 0.27602185 0.34259697 0.34508914 0.30207528 0.26448214 0.29179511 0.29044969
0.27122387 0.26537320 0.31752320 0.27602185 0.34259697 0.34508914 0.30207528 0.26448214 0.29179511 0.29044969
0.27122387 0.26537320 0.31752320 0.27602185 0.34259697 0.34508914 0.30207528 0.26448214 0.29179511 0.29044969
0.27122387 0.26537320 0.31752320 0.27602185 0.34259697 0.34508914 0.30207528 0.26448214 0.29179511 0.29044969
0.27122387 0.26537320 0.31752320 0.27602185 0.34259697 0.34508914 0.30207528 0.26448214 0.29179511 0.29044969
0.27122387 0.26537320 0.31752320 0.27602185 0.34259697 0.34508914 0.30207528 0.26448214 0.29179511 0.29044969
0.27122387 0.26537320 0.31752320 0.27602185 0.34259697 0.34508914 0.30207528 0.26448214 0.29179511 0.29044969
0.27122387 0.26537320 0.31752320 0.27602185 0.34259697 0.34508914 0.30207528 0.26448214 0.29179511 0.29044969
0.27122387 0.26537320 0.31752320 0.27602185 0.34259697 0.34508914 0.30207528 0.26448214 0.29179511 0.29044969
0.27122387 0.26537320 0.31752320 0.27602185 0.34259697 0.34508914 0.30207528 0.26448214 0.29179511 0.29044969
0.27122387 0.26537320 0.31752320 0.27602185 0.34259697 0.34508914 0.30207528 0.26448214 0.29179511 0.29044969
0.27122387 0.26537320 0.31752320 0.27602185 0.34259697 0.34508914 0.30207528 0.26448214 0.29179511 0.29044969
0.27122387 0.26537320 0.31752320 0.27602185 0.34259697 0.34508914 0.30207528 0.26448214 0.29179511 0.29044969
0.26764619 0.26883734 0.31352582 0.27265722 0.32964260 0.34480203 0.30392930 0.26633819 0.29428622 0.28688972
0.26764619 0.26883734 0.31352582 0.27265722 0.32964260 0.34480203 0.30392930 0.26633819 0.29428622 0.28688972
0.26764619 0.26883734 0.31352582 0.27265722 0.32964260 0.34480203 0.30392930 0.26633819 0.29428622 0.28688972
0.26764619 0.26883734 0.31352582 0.27265722 0.32964260 0.34480203 0.30392930 0.26633819 0.29428622 0.28688972
0.26764619 0.26883734 0.31352582 0.27265722 0.32964260 0.34480203 0.30392930 0.26633819 0.29428622 0.28688972
0.26764619 0.26883734 0.31352582 0.27265722 0.32964260 0.34480203 0.30392930 0.26633819 0.29428622 0.28688972
0.26764619 0.26883734 0.31352582 0.27265722 0.32964260 0.34480203 0.30392930 0.26633819 0.29428622 0.28688972
0.26764619 0.26883734 0.31352582 0.27265722 0.32964260 0.34480203 0.30392930 0.26633819 0.29428622 0.28688972
0.26221436 0.26845466 0.31861878 0.26975397 0.33626831 0.34567804 0.29592167 0.26422405 0.29566720 0.28672125
0.26221436 0.26845466 0.31861878 0.26975397 0.33626831 0.34567804 0.29592167 0.26422405 0.29566720 0.28672125
0.26221436 0.26845466 0.31861878 0.26975397 0.33626831 0.34567804 0.29592167 0.26422405 0.29566720 0.28672125
0.26221436 0.26845466 0.31861878 0.26975397 0.33626831 0.34567804 0.29592167 0.26422405 0.29566720 0.28672125
0.26221436 0.26845466 0.31861878 0.26975397 0.33626831 0.34567804 0.29592167 0.26422405 0.29566720 0.28672125
0.26221436 0.26845466 0.31861878 0.26975397 0.33626831 0.34567804 0.29592167 0.26422405 0.29566720 0.28672125
0.26221436 0.26845466 0.31861878 0.26975397 0.33626831 0.34567804 0.29592167 0.26422405 0.29566720 0.28672125
0.26221436 0.26845466 0.31861878 0.26975397 0.33626831 0.34567804 0.29592167 0.26422405 0.29566720 0.28672125
0.26221436 0.26845466 0.31861878 0.26975397 0.33626831 0.34567804 0.29592167 0.26422405 0.29566720 0.28672125
0.26221436 0.26845466 0.31861878 0.26975397 0.33626831 0.34567804 0.29592167 0.26422405 0.29566720 0.28672125
0.26221436 0.26845466 0.31861878 0.26975397 0.33626831 0.34567804 0.29592167 0.26422405 0.29566720 0.28672125
0.26221436 0.26845466 0.31861878 0.26975397 0.33626831 0.34567804 0.29592167 0.26422405 0.29566720 0.28672125
0.26221436 0.26845466 0.31861878 0.26975397 0.33626831 0.34567804 0.29592167 0.26422405 0.29566720 0.28672125
0.26221436 0.26845466 0.31861878 0.26975397 0.33626831 0.34567804 0.29592167 0.26422405 0.29566720 0.28672125
0.26221436 0.26845466 0.31861878 0.26975397 0.33626831 0.34567804 0.29592167 0.26422405 0.29566720 0.28672125
0.26221436 0.26845466 0.31861878 0.26975397 0.33626831 0.34567804 0.29592167 0.26422405 0.29566720 0.28672125
0.26221436 0.26845466 0.31861878 0.26975397 0.33626831 0.34567804 0.29592167 0.26422405 0.29566720 0.28672125
0.26221436 0.26845466 0.31861878 0.26975397 0.33626831 0.34567804 0.29592167 0.26422405 0.29566720 0.28672125
0.26221436 0.26845466 0.31861878 0.26975397 0.33626831 0.34567804 0.29592167 0.26422405 0.29566720 0.28672125
0.26221436 0.26845466 0.31861878 0.26975397 0.33626831 0.34567804 0.29592167 0.26422405 0.29566720 0.28672125
0.26221436 0.26845466 0.31861878 0.26975397 0.33626831 0.34567804 0.29592167 0.26422405 0.29566720 0.28672125
0.26221436 0.26845466 0.31861878 0.26975397 0.33626831 0.34567804 0.29592167 0.26422405 0.29566720 0.28672125
0.26221436 0.26845466 0.31861878 0.26975397 0.33626831 0.34567804 0.29592167 0.26422405 0.29566720 0.28672125
0.26221436 0.26845466 0.31861878 0.26975397 0.33626831 0.34567804 0.29592167 0.26422405 0.29566720 0.28672125
0.26221436 0.26845466 0.31861878 0.26975397 0.33626831 0.34567804 0.29592167 0.26422405 0.29566720 0.28672125
0.26379734 0.26815265 0.32078587 0.27192696 0.33803313 0.35510815 0.29749115 0.26452633 0.29682647 0.28415827
0.26379734 0.26815265 0.32078587 0.27192696 0.33803313 0.35510815 0.29749115 0.26452633 0.29682647 0.28415827
0.26379734 0.26815265 0.32078587 0.27192696 0.33803313 0.35510815 0.29749115 0.26452633 0.29682647 0.28415827
0.26379734 0.26815265 0.32078587 0.27192696 0.33803313 0.35510815 0.29749115 0.26452633 0.29682647 0.28415827
0.26379734 0.26815265 0.32078587 0.27192696 0.33803313 0.35510815 0.29749115 0.26452633 0.29682647 0.28415827
0.26379734 0.26815265 0.32078587 0.27192696 0.33803313 0.35510815 0.29749115 0.26452633 0.29682647 0.28415827
0.26379734 0.26815265 0.32078587 0.27192696 0.33803313 0.35510815 0.29749115 0.26452633 0.29682647 0.28415827
0.26379734 0.26815265 0.32078587 0.27192696 0.33803313 0.35510815 0.29749115 0.26452633 0.29682647 0.28415827
0.26379734 0.26815265 0.32078587 0.27192696 0.33803313 0.35510815 0.29749115 0.26452633 0.29682647 0.28415827
0.26379734 0.26815265 0.32078587 0.27192696 0.33803313 0.35510815 0.29749115 0.26452633 0.29682647 0.28415827
0.26379734 0.26815265 0.32078587 0.27192696 0.33803313 0.35510815 0.29749115 0.26452633 0.29682647 0.28415827
0.26379734 0.26815265 0.32078587 0.27192696 0.33803313 0.35510815 0.29749115 0.26452633 0.29682647 0.28415827
0.26379734 0.26815265 0.32078587 0.27192696 0.33803313 0.35510815 0.29749115 0.26452633 0.29682647 0.28415827
0.26379734 0.26815265 0.32078587 0.27192696 0.33803313 0.35510815 0.29749115 0.26452633 0.29682647 0.28415827
0.26379734 0.26815265 0.32078587 0.27192696 0.33803313 0.35510815 0.29749115 0.26452633 0.29682647 0.28415827
0.26379734 0.26815265 0.32078587 0.27192696 0.33803313 0.35510815 0.29749115 0.26452633 0.29682647 0.28415827
0.26379734 0.26815265 0.32078587 0.27192696 0.33803313 0.35510815 0.29749115 0.26452633 0.29682647 0.28415827
0.26379734 0.26815265 0.32078587 0.27192696 0.33803313 0.35510815 0.29749115 0.26452633 0.29682647 0.28415827
0.26099327 0.26577319 0.32716162 0.26911225 0.33078609 0.35293096 0.30582052 0.26671872 0.29432574 0.28499115
0.26099327 0.26577319 0.32716162 0.26911225 0.33078609 0.35293096 0.30582052 0.26671872 0.29432574 0.28499115
0.26099327 0.26577319 0.32716162 0.26911225 0.33078609 0.35293096 0.30582052 0.26671872 0.29432574 0.28499115
0.26099327 0.26577319 0.32716162 0.26911225 0.33078609 0.35293096 0.30582052 0.26671872 0.29432574 0.28499115
0.26099327 0.26577319 0.32716162 0.26911225 0.33078609 0.35293096 0.30582052 0.26671872 0.29432574 0.28499115
0.26099327 0.26577319 0.32716162 0.26911225 0.33078609 0.35293096 0.30582052 0.26671872 0.29432574 0.28499115
0.26099327 0.26577319 0.32716162 0.26911225 0.33078609 0.35293096 0.30582052 0.26671872 0.29432574 0.28499115
0.26099327 0.26577319 0.32716162 0.26911225 0.33078609 0.35293096 0.30582052 0.26671872 0.29432574 0.28499115
0.26099327 0.26577319 0.32716162 0.26911225 0.33078609 0.35293096 0.30582052 0.26671872 0.29432574 0.28499115
0.26099327 0.26577319 0.32716162 0.26911225 0.33078609 0.35293096 0.30582052 0.26671872 0.29432574 0.28499115
0.26099327 0.26577319 0.32716162 0.26911225 0.33078609 0.35293096 0.30582052 0.26671872 0.29432574 0.28499115
0.26099327 0.26577319 0.32716162 0.26911225 0.33078609 0.35293096 0.30582052 0.26671872 0.29432574 0.28499115
0.26099327 0.26577319 0.32716162 0.26911225 0.33078609 0.35293096 0.30582052 0.26671872 0.29432574 0.28499115
0.26099327 0.26577319 0.32716162 0.26911225 0.33078609 0.35293096 0.30582052 0.26671872 0.29432574 0.28499115
0.26099327 0.26577319 0.32716162 0.26911225 0.33078609 0.35293096 0.30582052 0.26671872 0.29432574 0.28499115
0.26099327 0.26577319 0.32716162 0.26911225 0.33078609 0.35293096 0.30582052 0.26671872 0.29432574 0.28499115
0.26099327 0.26577319 0.32716162 0.26911225 0.33078609 0.35293096 0.30582052 0.26671872 0.29432574 0.28499115
0.26099327 0.26577319 0.32716162 0.26911225 0.33078609 0.35293096 0.30582052 0.26671872 0.29432574 0.28499115
0.26099327 0.26577319 0.32716162 0.26911225 0.33078609 0.35293096 0.30582052 0.26671872 0.29432574 0.28499115
0.25917044 0.26791241 0.33149375 0.27183828 0.33166682 0.34624249 0.30302218 0.26663027 0.29135637 0.28987508
0.25917044 0.26791241 0.33149375 0.27183828 0.33166682 0.34624249 0.30302218 0.26663027 0.29135637 0.28987508
0.25917044 0.26791241 0.33149375 0.27183828 0.33166682 0.34624249 0.30302218 0.26663027 0.29135637 0.28987508
0.25917044 0.26791241 0.33149375 0.27183828 0.33166682 0.34624249 0.30302218 0.26663027 0.29135637 0.28987508
0.25917044 0.26791241 0.33149375 0.27183828 0.33166682 0.34624249 0.30302218 0.26663027 0.29135637 0.28987508
0.25917044 0.26791241 0.33149375 0.27183828 0.33166682 0.34624249 0.30302218 0.26663027 0.29135637 0.28987508
0.25917044 0.26791241 0.33149375 0.27183828 0.33166682 0.34624249 0.30302218 0.26663027 0.29135637 0.28987508
0.25917044 0.26791241 0.33149375 0.27183828 0.33166682 0.34624249 0.30302218 0.26663027 0.29135637 0.28987508
0.25917044 0.26791241 0.33149375 0.27183828 0.33166682 0.34624249 0.30302218 0.26663027 0.29135637 0.28987508
0.25917044 0.26791241 0.33149375 0.27183828 0.33166682 0.34624249 0.30302218 0.26663027 0.29135637 0.28987508
0.25917044 0.26791241 0.33149375 0.27183828 0.33166682 0.34624249 0.30302218 0.26663027 0.29135637 0.28987508
0.25917044 0.26791241 0.33149375 0.27183828 0.33166682 0.34624249 0.30302218 0.26663027 0.29135637 0.28987508
0.25917044 0.26791241 0.33149375 0.27183828 0.33166682 0.34624249 0.30302218 0.26663027 0.29135637 0.28987508
0.25917044 0.26791241 0.33149375 0.27183828 0.33166682 0.34624249 0.30302218 0.26663027 0.29135637 0.28987508
0.25917044 0.26791241 0.33149375 0.27183828 0.33166682 0.34624249 0.30302218 0.26663027 0.29135637 0.28987508
0.25917044 0.26791241 0.33149375 0.27183828 0.33166682 0.34624249 0.30302218 0.26663027 0.29135637 0.28987508
0.25917044 0.26791241 0.33149375 0.27183828 0.33166682 0.34624249 0.30302218 0.26663027 0.29135637 0.28987508
0.25917044 0.26791241 0.33149375 0.27183828 0.33166682 0.34624249 0.30302218 0.26663027 0.29135637 0.28987508
0.25917044 0.26791241 0.33149375 0.27183828 0.33166682 0.34624249 0.30302218 0.26663027 0.29135637 0.28987508
0.25917044 0.26791241 0.33149375 0.27183828 0.33166682 0.34624249 0.30302218 0.26663027 0.29135637 0.28987508
0.26090112 0.27079101 0.34304551 0.27286844 0.33199245 0.34471706 0.29938327 0.26521995 0.28838798 0.29297148
0.26090112 0.27079101 0.34304551 0.27286844 0.33199245 0.34471706 0.29938327 0.26521995 0.28838798 0.29297148
0.26090112 0.27079101 0.34304551 0.27286844 0.33199245 0.34471706 0.29938327 0.26521995 0.28838798 0.29297148
0.26090112 0.27079101 0.34304551 0.27286844 0.33199245 0.34471706 0.29938327 0.26521995 0.28838798 0.29297148
0.26090112 0.27079101 0.34304551 0.27286844 0.33199245 0.34471706 0.29938327 0.26521995 0.28838798 0.29297148
0.26090112 0.27079101 0.34304551 0.27286844 0.33199245 0.34471706 0.29938327 0.26521995 0.28838798 0.29297148
0.26090112 0.27079101 0.34304551 0.27286844 0.33199245 0.34471706 0.29938327 0.26521995 0.28838798 0.29297148
0.26090112 0.27079101 0.34304551 0.27286844 0.33199245 0.34471706 0.29938327 0.26521995 0.28838798 0.29297148
0.26090112 0.27079101 0.34304551 0.27286844 0.33199245 0.34471706 0.29938327 0.26521995 0.28838798 0.29297148
0.26090112 0.27079101 0.34304551 0.27286844 0.33199245 0.34471706 0.29938327 0.26521995 0.28838798 0.29297148
0.26090112 0.27079101 0.34304551 0.27286844 0.33199245 0.34471706 0.29938327 0.26521995 0.28838798 0.29297148
0.26090112 0.27079101 0.34304551 0.27286844 0.33199245 0.34471706 0.29938327 0.26521995 0.28838798 0.29297148
0.26090112 0.27079101 0.34304551 0.27286844 0.33199245 0.34471706 0.29938327 0.26521995 0.28838798 0.29297148
0.26090112 0.27079101 0.34304551 0.27286844 0.33199245 0.34471706 0.29938327 0.26521995 0.28838798 0.29297148
0.26090112 0.27079101 0.34304551 0.27286844 0.33199245 0.34471706 0.29938327 0.26521995 0.28838798 0.29297148
0.26090112 0.27079101 0.34304551 0.27286844 0.33199245 0.34471706 0.29938327 0.26521995 0.28838798 0.29297148
0.26090112 0.27079101 0.34304551 0.27286844 0.33199245 0.34471706 0.29938327 0.26521995 0.28838798 0.29297148
0.26090112 0.27079101 0.34304551 0.27286844 0.33199245 0.34471706 0.29938327 0.26521995 0.28838798 0.29297148
0.26090112 0.27079101 0.34304551 0.27286844 0.33199245 0.34471706 0.29938327 0.26521995 0.28838798 0.29297148
0.26090112 0.27079101 0.34304551 0.27286844 0.33199245 0.34471706 0.29938327 0.26521995 0.28838798 0.29297148
0.26090112 0.27079101 0.34304551 0.27286844 0.33199245 0.34471706 0.29938327 0.26521995 0.28838798 0.29297148
0.26090112 0.27079101 0.34304551 0.27286844 0.33199245 0.34471706 0.29938327 0.26521995 0.28838798 0.29297148
0.26090112 0.27079101 0.34304551 0.27286844 0.33199245 0.34471706 0.29938327 0.26521995 0.28838798 0.29297148
0.26090112 0.27079101 0.34304551 0.27286844 0.33199245 0.34471706 0.29938327 0.26521995 0.28838798 0.29297148
0.26090112 0.27079101 0.34304551 0.27286844 0.33199245 0.34471706 0.29938327 0.26521995 0.28838798 0.29297148
0.26090112 0.27079101 0.34304551 0.27286844 0.33199245 0.34471706 0.29938327 0.26521995 0.28838798 0.29297148
0.26090112 0.27079101 0.34304551 0.27286844 0.33199245 0.34471706 0.29938327 0.26521995 0.28838798 0.29297148
0.26090112 0.27079101 0.34304551 0.27286844 0.33199245 0.34471706 0.29938327 0.26521995 0.28838798 0.29297148
0.26090112 0.27079101 0.34304551 0.27286844 0.33199245 0.34471706 0.29938327 0.26521995 0.28838798 0.29297148
0.26090112 0.27079101 0.34304551 0.27286844 0.33199245 0.34471706 0.29938327 0.26521995 0.28838798 0.29297148
0.26090112 0.27079101 0.34304551 0.27286844 0.33199245 0.34471706 0.29938327 0.26521995 0.28838798 0.29297148
0.26090112 0.27079101 0.34304551 0.27286844 0.33199245 0.34471706 0.29938327 0.26521995 0.28838798 0.29297148
0.26090112 0.27079101 0.34304551 0.27286844 0.33199245 0.34471706 0.29938327 0.26521995 0.28838798 0.29297148
0.26090112 0.27079101 0.34304551 0.27286844 0.33199245 0.34471706 0.29938327 0.26521995 0.28838798 0.29297148
0.26090112 0.27079101 0.34304551 0.27286844 0.33199245 0.34471706 0.29938327 0.26521995 0.28838798 0.29297148
0.26090112 0.27079101 0.34304551 0.27286844 0.33199245 0.34471706 0.29938327 0.26521995 0.28838798 0.29297148
0.26090112 0.27079101 0.34304551 0.27286844 0.33199245 0.34471706 0.29938327 0.26521995 0.28838798 0.29297148
0.26090112 0.27079101 0.34304551 0.27286844 0.33199245 0.34471706 0.29938327 0.26521995 0.28838798 0.29297148
0.26090112 0.27079101 0.34304551 0.27286844 0.33199245 0.34471706 0.29938327 0.26521995 0.28838798 0.29297148
0.26090112 0.27079101 0.34304551 0.27286844 0.33199245 0.34471706 0.29938327 0.26521995 0.28838798 0.29297148
0.26090112 0.27079101 0.34304551 0.27286844 0.33199245 0.34471706 0.29938327 0.26521995 0.28838798 0.29297148
0.26090112 0.27079101 0.34304551 0.27286844 0.33199245 0.34471706 0.29938327 0.26521995 0.28838798 0.29297148
0.26090112 0.27079101 0.34304551 0.27286844 0.33199245 0.34471706 0.29938327 0.26521995 0.28838798 0.29297148
0.26090112 0.27079101 0.34304551 0.27286844 0.33199245 0.34471706 0.29938327 0.26521995 0.28838798 0.29297148
0.26090112 0.27079101 0.34304551 0.27286844 0.33199245 0.34471706 0.29938327 0.26521995 0.28838798 0.29297148
0.25837902 0.27167753 0.33341578 0.26818285 0.33906802 0.34302142 0.29875296 0.26489937 0.29505378 0.29378448
0.25943095 0.26994179 0.32648006 0.26785072 0.33883826 0.34025761 0.30366425 0.26315418 0.29226852 0.29340331
0.25943095 0.26994179 0.32648006 0.26785072 0.33883826 0.34025761 0.30366425 0.26315418 0.29226852 0.29340331
0.25943095 0.26994179 0.32648006 0.26785072 0.33883826 0.34025761 0.30366425 0.26315418 0.29226852 0.29340331
0.25943095 0.26994179 0.32648006 0.26785072 0.33883826 0.34025761 0.30366425 0.26315418 0.29226852 0.29340331
0.25943095 0.26994179 0.32648006 0.26785072 0.33883826 0.34025761 0.30366425 0.26315418 0.29226852 0.29340331
0.25943095 0.26994179 0.32648006 0.26785072 0.33883826 0.34025761 0.30366425 0.26315418 0.29226852 0.29340331
0.25943095 0.26994179 0.32648006 0.26785072 0.33883826 0.34025761 0.30366425 0.26315418 0.29226852 0.29340331
0.25943095 0.26994179 0.32648006 0.26785072 0.33883826 0.34025761 0.30366425 0.26315418 0.29226852 0.29340331
0.25943095 0.26994179 0.32648006 0.26785072 0.33883826 0.34025761 0.30366425 0.26315418 0.29226852 0.29340331
0.25943095 0.26994179 0.32648006 0.26785072 0.33883826 0.34025761 0.30366425 0.26315418 0.29226852 0.29340331
0.25943095 0.26994179 0.32648006 0.26785072 0.33883826 0.34025761 0.30366425 0.26315418 0.29226852 0.29340331
0.25943095 0.26994179 0.32648006 0.26785072 0.33883826 0.34025761 0.30366425 0.26315418 0.29226852 0.29340331
0.25943095 0.26994179 0.32648006 0.26785072 0.33883826 0.34025761 0.30366425 0.26315418 0.29226852 0.29340331
0.25943095 0.26994179 0.32648006 0.26785072 0.33883826 0.34025761 0.30366425 0.26315418 0.29226852 0.29340331
0.25943095 0.26994179 0.32648006 0.26785072 0.33883826 0.34025761 0.30366425 0.26315418 0.29226852 0.29340331
0.25943095 0.26994179 0.32648006 0.26785072 0.33883826 0.34025761 0.30366425 0.26315418 0.29226852 0.29340331
0.25943095 0.26994179 0.32648006 0.26785072 0.33883826 0.34025761 0.30366425 0.26315418 0.29226852 0.29340331
0.25943095 0.26994179 0.32648006 0.26785072 0.33883826 0.34025761 0.30366425 0.26315418 0.29226852 0.29340331
0.25943095 0.26994179 0.32648006 0.26785072 0.33883826 0.34025761 0.30366425 0.26315418 0.29226852 0.29340331
0.25943095 0.26994179 0.32648006 0.26785072 0.33883826 0.34025761 0.30366425 0.26315418 0.29226852 0.29340331
0.25943095 0.26994179 0.32648006 0.26785072 0.33883826 0.34025761 0.30366425 0.26315418 0.29226852 0.29340331
0.25943095 0.26994179 0.32648006 0.26785072 0.33883826 0.34025761 0.30366425 0.26315418 0.29226852 0.29340331
0.25943095 0.26994179 0.32648006 0.26785072 0.33883826 0.34025761 0.30366425 0.26315418 0.29226852 0.29340331
0.25943095 0.26994179 0.32648006 0.26785072 0.33883826 0.34025761 0.30366425 0.26315418 0.29226852 0.29340331
0.25943095 0.26994179 0.32648006 0.26785072 0.33883826 0.34025761 0.30366425 0.26315418 0.29226852 0.29340331
0.25943095 0.26994179 0.32648006 0.26785072 0.33883826 0.34025761 0.30366425 0.26315418 0.29226852 0.29340331
0.25943095 0.26994179 0.32648006 0.26785072 0.33883826 0.34025761 0.30366425 0.26315418 0.29226852 0.29340331
0.25943095 0.26994179 0.32648006 0.26785072 0.33883826 0.34025761 0.30366425 0.26315418 0.29226852 0.29340331
0.25943095 0.26994179 0.32648006 0.26785072 0.33883826 0.34025761 0.30366425 0.26315418 0.29226852 0.29340331
0.25943095 0.26994179 0.32648006 0.26785072 0.33883826 0.34025761 0.30366425 0.26315418 0.29226852 0.29340331
0.25943095 0.26994179 0.32648006 0.26785072 0.33883826 0.34025761 0.30366425 0.26315418 0.29226852 0.29340331
0.25943095 0.26994179 0.32648006 0.26785072 0.33883826 0.34025761 0.30366425 0.26315418 0.29226852 0.29340331
0.25943095 0.26994179 0.32648006 0.26785072 0.33883826 0.34025761 0.30366425 0.26315418 0.29226852 0.29340331
0.25943095 0.26994179 0.32648006 0.26785072 0.33883826 0.34025761 0.30366425 0.26315418 0.29226852 0.29340331
0.25943095 0.26994179 0.32648006 0.26785072 0.33883826 0.34025761 0.30366425 0.26315418 0.29226852 0.29340331
0.25943095 0.26994179 0.32648006 0.26785072 0.33883826 0.34025761 0.30366425 0.26315418 0.29226852 0.29340331
0.25943095 0.26994179 0.32648006 0.26785072 0.33883826 0.34025761 0.30366425 0.26315418 0.29226852 0.29340331
0.25943095 0.26994179 0.32648006 0.26785072 0.33883826 0.34025761 0.30366425 0.26315418 0.29226852 0.29340331
0.25943095 0.26994179 0.32648006 0.26785072 0.33883826 0.34025761 0.30366425 0.26315418 0.29226852 0.29340331
0.25943095 0.26994179 0.32648006 0.26785072 0.33883826 0.34025761 0.30366425 0.26315418 0.29226852 0.29340331
0.25767130 0.27523984 0.34132393 0.27323447 0.33968983 0.33897382 0.30217480 0.26474449 0.28978128 0.28917109
0.25767130 0.27523984 0.34132393 0.27323447 0.33968983 0.33897382 0.30217480 0.26474449 0.28978128 0.28917109
0.25767130 0.27523984 0.34132393 0.27323447 0.33968983 0.33897382 0.30217480 0.26474449 0.28978128 0.28917109
0.25767130 0.27523984 0.34132393 0.27323447 0.33968983 0.33897382 0.30217480 0.26474449 0.28978128 0.28917109
0.25767130 0.27523984 0.34132393 0.27323447 0.33968983 0.33897382 0.30217480 0.26474449 0.28978128 0.28917109
0.25767130 0.27523984 0.34132393 0.27323447 0.33968983 0.33897382 0.30217480 0.26474449 0.28978128 0.28917109
0.25767130 0.27523984 0.34132393 0.27323447 0.33968983 0.33897382 0.30217480 0.26474449 0.28978128 0.28917109
0.25767130 0.27523984 0.34132393 0.27323447 0.33968983 0.33897382 0.30217480 0.26474449 0.28978128 0.28917109
0.25767130 0.27523984 0.34132393 0.27323447 0.33968983 0.33897382 0.30217480 0.26474449 0.28978128 0.28917109
0.25767130 0.27523984 0.34132393 0.27323447 0.33968983 0.33897382 0.30217480 0.26474449 0.28978128 0.28917109
0.25767130 0.27523984 0.34132393 0.27323447 0.33968983 0.33897382 0.30217480 0.26474449 0.28978128 0.28917109
0.25767130 0.27523984 0.34132393 0.27323447 0.33968983 0.33897382 0.30217480 0.26474449 0.28978128 0.28917109
0.25767130 0.27523984 0.34132393 0.27323447 0.33968983 0.33897382 0.30217480 0.26474449 0.28978128 0.28917109
0.25767130 0.27523984 0.34132393 0.27323447 0.33968983 0.33897382 0.30217480 0.26474449 0.28978128 0.28917109
0.25767130 0.27523984 0.34132393 0.27323447 0.33968983 0.33897382 0.30217480 0.26474449 0.28978128 0.28917109
0.25664286 0.26950236 0.34204956 0.27619416 0.33560779 0.33981991 0.28995545 0.26547118 0.29158548 0.28404927
0.25664286 0.26950236 0.34204956 0.27619416 0.33560779 0.33981991 0.28995545 0.26547118 0.29158548 0.28404927
0.25664286 0.26950236 0.34204956 0.27619416 0.33560779 0.33981991 0.28995545 0.26547118 0.29158548 0.28404927
0.25664286 0.26950236 0.34204956 0.27619416 0.33560779 0.33981991 0.28995545 0.26547118 0.29158548 0.28404927
0.25664286 0.26950236 0.34204956 0.27619416 0.33560779 0.33981991 0.28995545 0.26547118 0.29158548 0.28404927
0.25664286 0.26950236 0.34204956 0.27619416 0.33560779 0.33981991 0.28995545 0.26547118 0.29158548 0.28404927
0.25664286 0.26950236 0.34204956 0.27619416 0.33560779 0.33981991 0.28995545 0.26547118 0.29158548 0.28404927
0.25664286 0.26950236 0.34204956 0.27619416 0.33560779 0.33981991 0.28995545 0.26547118 0.29158548 0.28404927
0.25664286 0.26950236 0.34204956 0.27619416 0.33560779 0.33981991 0.28995545 0.26547118 0.29158548 0.28404927
0.25664286 0.26950236 0.34204956 0.27619416 0.33560779 0.33981991 0.28995545 0.26547118 0.29158548 0.28404927
0.25815909 0.26959743 0.34704219 0.27560173 0.33161086 0.33898620 0.30167460 0.26441261 0.28702830 0.28350940
0.25815909 0.26959743 0.34704219 0.27560173 0.33161086 0.33898620 0.30167460 0.26441261 0.28702830 0.28350940
0.25815909 0.26959743 0.34704219 0.27560173 0.33161086 0.33898620 0.30167460 0.26441261 0.28702830 0.28350940
0.25815909 0.26959743 0.34704219 0.27560173 0.33161086 0.33898620 0.30167460 0.26441261 0.28702830 0.28350940
0.25815909 0.26959743 0.34704219 0.27560173 0.33161086 0.33898620 0.30167460 0.26441261 0.28702830 0.28350940
0.25815909 0.26959743 0.34704219 0.27560173 0.33161086 0.33898620 0.30167460 0.26441261 0.28702830 0.28350940
0.25815909 0.26959743 0.34704219 0.27560173 0.33161086 0.33898620 0.30167460 0.26441261 0.28702830 0.28350940
0.25815909 0.26959743 0.34704219 0.27560173 0.33161086 0.33898620 0.30167460 0.26441261 0.28702830 0.28350940
0.25815909 0.26959743 0.34704219 0.27560173 0.33161086 0.33898620 0.30167460 0.26441261 0.28702830 0.28350940
0.25815909 0.26959743 0.34704219 0.27560173 0.33161086 0.33898620 0.30167460 0.26441261 0.28702830 0.28350940
0.25815909 0.26959743 0.34704219 0.27560173 0.33161086 0.33898620 0.30167460 0.26441261 0.28702830 0.28350940
0.25815909 0.26959743 0.34704219 0.27560173 0.33161086 0.33898620 0.30167460 0.26441261 0.28702830 0.28350940
0.25815909 0.26959743 0.34704219 0.27560173 0.33161086 0.33898620 0.30167460 0.26441261 0.28702830 0.28350940
0.25815909 0.26959743 0.34704219 0.27560173 0.33161086 0.33898620 0.30167460 0.26441261 0.28702830 0.28350940
0.25815909 0.26959743 0.34704219 0.27560173 0.33161086 0.33898620 0.30167460 0.26441261 0.28702830 0.28350940
0.25815909 0.26959743 0.34704219 0.27560173 0.33161086 0.33898620 0.30167460 0.26441261 0.28702830 0.28350940
0.25815909 0.26959743 0.34704219 0.27560173 0.33161086 0.33898620 0.30167460 0.26441261 0.28702830 0.28350940
0.25815909 0.26959743 0.34704219 0.27560173 0.33161086 0.33898620 0.30167460 0.26441261 0.28702830 0.28350940
0.25815909 0.26959743 0.34704219 0.27560173 0.33161086 0.33898620 0.30167460 0.26441261 0.28702830 0.28350940
0.25815909 0.26959743 0.34704219 0.27560173 0.33161086 0.33898620 0.30167460 0.26441261 0.28702830 0.28350940
0.25815909 0.26959743 0.34704219 0.27560173 0.33161086 0.33898620 0.30167460 0.26441261 0.28702830 0.28350940
0.25815909 0.26959743 0.34704219 0.27560173 0.33161086 0.33898620 0.30167460 0.26441261 0.28702830 0.28350940
0.25815909 0.26959743 0.34704219 0.27560173 0.33161086 0.33898620 0.30167460 0.26441261 0.28702830 0.28350940
0.25815909 0.26959743 0.34704219 0.27560173 0.33161086 0.33898620 0.30167460 0.26441261 0.28702830 0.28350940
0.25958394 0.26881945 0.35279822 0.27211018 0.32932304 0.33782938 0.29723431 0.26533885 0.28561168 0.27938280
0.25958394 0.26881945 0.35279822 0.27211018 0.32932304 0.33782938 0.29723431 0.26533885 0.28561168 0.27938280
0.25958394 0.26881945 0.35279822 0.27211018 0.32932304 0.33782938 0.29723431 0.26533885 0.28561168 0.27938280
0.25958394 0.26881945 0.35279822 0.27211018 0.32932304 0.33782938 0.29723431 0.26533885 0.28561168 0.27938280
0.25958394 0.26881945 0.35279822 0.27211018 0.32932304 0.33782938 0.29723431 0.26533885 0.28561168 0.27938280
0.25958394 0.26881945 0.35279822 0.27211018 0.32932304 0.33782938 0.29723431 0.26533885 0.28561168 0.27938280
0.25958394 0.26881945 0.35279822 0.27211018 0.32932304 0.33782938 0.29723431 0.26533885 0.28561168 0.27938280
0.25958394 0.26881945 0.35279822 0.27211018 0.32932304 0.33782938 0.29723431 0.26533885 0.28561168 0.27938280
0.25958394 0.26881945 0.35279822 0.27211018 0.32932304 0.33782938 0.29723431 0.26533885 0.28561168 0.27938280
0.25958394 0.26881945 0.35279822 0.27211018 0.32932304 0.33782938 0.29723431 0.26533885 0.28561168 0.27938280
0.25958394 0.26881945 0.35279822 0.27211018 0.32932304 0.33782938 0.29723431 0.26533885 0.28561168 0.27938280
0.25958394 0.26881945 0.35279822 0.27211018 0.32932304 0.33782938 0.29723431 0.26533885 0.28561168 0.27938280
0.25958394 0.26881945 0.35279822 0.27211018 0.32932304 0.33782938 0.29723431 0.26533885 0.28561168 0.27938280
0.25958394 0.26881945 0.35279822 0.27211018 0.32932304 0.33782938 0.29723431 0.26533885 0.28561168 0.27938280
0.25958394 0.26881945 0.35279822 0.27211018 0.32932304 0.33782938 0.29723431 0.26533885 0.28561168 0.27938280
0.25958394 0.26881945 0.35279822 0.27211018 0.32932304 0.33782938 0.29723431 0.26533885 0.28561168 0.27938280
0.25958394 0.26881945 0.35279822 0.27211018 0.32932304 0.33782938 0.29723431 0.26533885 0.28561168 0.27938280
0.25958394 0.26881945 0.35279822 0.27211018 0.32932304 0.33782938 0.29723431 0.26533885 0.28561168 0.27938280
0.25958394 0.26881945 0.35279822 0.27211018 0.32932304 0.33782938 0.29723431 0.26533885 0.28561168 0.27938280
0.25958394 0.26881945 0.35279822 0.27211018 0.32932304 0.33782938 0.29723431 0.26533885 0.28561168 0.27938280
0.25958394 0.26881945 0.35279822 0.27211018 0.32932304 0.33782938 0.29723431 0.26533885 0.28561168 0.27938280
0.25958394 0.26881945 0.35279822 0.27211018 0.32932304 0.33782938 0.29723431 0.26533885 0.28561168 0.27938280
0.25958394 0.26881945 0.35279822 0.27211018 0.32932304 0.33782938 0.29723431 0.26533885 0.28561168 0.27938280
0.25958394 0.26881945 0.35279822 0.27211018 0.32932304 0.33782938 0.29723431 0.26533885 0.28561168 0.27938280
0.25958394 0.26881945 0.35279822 0.27211018 0.32932304 0.33782938 0.29723431 0.26533885 0.28561168 0.27938280
0.25958394 0.26881945 0.35279822 0.27211018 0.32932304 0.33782938 0.29723431 0.26533885 0.28561168 0.27938280
0.25958394 0.26881945 0.35279822 0.27211018 0.32932304 0.33782938 0.29723431 0.26533885 0.28561168 0.27938280
0.25958394 0.26881945 0.35279822 0.27211018 0.32932304 0.33782938 0.29723431 0.26533885 0.28561168 0.27938280
0.25958394 0.26881945 0.35279822 0.27211018 0.32932304 0.33782938 0.29723431 0.26533885 0.28561168 0.27938280
0.25958394 0.26881945 0.35279822 0.27211018 0.32932304 0.33782938 0.29723431 0.26533885 0.28561168 0.27938280
0.25958394 0.26881945 0.35279822 0.27211018 0.32932304 0.33782938 0.29723431 0.26533885 0.28561168 0.27938280
0.25958394 0.26881945 0.35279822 0.27211018 0.32932304 0.33782938 0.29723431 0.26533885 0.28561168 0.27938280
0.25958394 0.26881945 0.35279822 0.27211018 0.32932304 0.33782938 0.29723431 0.26533885 0.28561168 0.27938280
0.25958394 0.26881945 0.35279822 0.27211018 0.32932304 0.33782938 0.29723431 0.26533885 0.28561168 0.27938280
0.25958394 0.26881945 0.35279822 0.27211018 0.32932304 0.33782938 0.29723431 0.26533885 0.28561168 0.27938280
0.26156268 0.27362700 0.35132807 0.27036924 0.32258636 0.33681886 0.29597077 0.26795969 0.28905882 0.27796914
0.26156268 0.27362700 0.35132807 0.27036924 0.32258636 0.33681886 0.29597077 0.26795969 0.28905882 0.27796914
0.26156268 0.27362700 0.35132807 0.27036924 0.32258636 0.33681886 0.29597077 0.26795969 0.28905882 0.27796914
0.26156268 0.27362700 0.35132807 0.27036924 0.32258636 0.33681886 0.29597077 0.26795969 0.28905882 0.27796914
0.26226066 0.27398425 0.34405720 0.26749440 0.31892156 0.33798967 0.29715053 0.26666107 0.29127303 0.28196911
0.26226066 0.27398425 0.34405720 0.26749440 0.31892156 0.33798967 0.29715053 0.26666107 0.29127303 0.28196911
0.26226066 0.27398425 0.34405720 0.26749440 0.31892156 0.33798967 0.29715053 0.26666107 0.29127303 0.28196911
0.26226066 0.27398425 0.34405720 0.26749440 0.31892156 0.33798967 0.29715053 0.26666107 0.29127303 0.28196911
0.26226066 0.27398425 0.34405720 0.26749440 0.31892156 0.33798967 0.29715053 0.26666107 0.29127303 0.28196911
0.26226066 0.27398425 0.34405720 0.26749440 0.31892156 0.33798967 0.29715053 0.26666107 0.29127303 0.28196911
0.26226066 0.27398425 0.34405720 0.26749440 0.31892156 0.33798967 0.29715053 0.26666107 0.29127303 0.28196911
0.26226066 0.27398425 0.34405720 0.26749440 0.31892156 0.33798967 0.29715053 0.26666107 0.29127303 0.28196911
0.26226066 0.27398425 0.34405720 0.26749440 0.31892156 0.33798967 0.29715053 0.26666107 0.29127303 0.28196911
0.26226066 0.27398425 0.34405720 0.26749440 0.31892156 0.33798967 0.29715053 0.26666107 0.29127303 0.28196911
0.26226066 0.27398425 0.34405720 0.26749440 0.31892156 0.33798967 0.29715053 0.26666107 0.29127303 0.28196911
0.26226066 0.27398425 0.34405720 0.26749440 0.31892156 0.33798967 0.29715053 0.26666107 0.29127303 0.28196911
0.26226066 0.27398425 0.34405720 0.26749440 0.31892156 0.33798967 0.29715053 0.26666107 0.29127303 0.28196911
0.26226066 0.27398425 0.34405720 0.26749440 0.31892156 0.33798967 0.29715053 0.26666107 0.29127303 0.28196911
0.26226066 0.27398425 0.34405720 0.26749440 0.31892156 0.33798967 0.29715053 0.26666107 0.29127303 0.28196911
0.26226066 0.27398425 0.34405720 0.26749440 0.31892156 0.33798967 0.29715053 0.26666107 0.29127303 0.28196911
0.26226066 0.27398425 0.34405720 0.26749440 0.31892156 0.33798967 0.29715053 0.26666107 0.29127303 0.28196911
0.26226066 0.27398425 0.34405720 0.26749440 0.31892156 0.33798967 0.29715053 0.26666107 0.29127303 0.28196911
0.26226066 0.27398425 0.34405720 0.26749440 0.31892156 0.33798967 0.29715053 0.26666107 0.29127303 0.28196911
0.26226066 0.27398425 0.34405720 0.26749440 0.31892156 0.33798967 0.29715053 0.26666107 0.29127303 0.28196911
0.26226066 0.27398425 0.34405720 0.26749440 0.31892156 0.33798967 0.29715053 0.26666107 0.29127303 0.28196911
0.26226066 0.27398425 0.34405720 0.26749440 0.31892156 0.33798967 0.29715053 0.26666107 0.29127303 0.28196911
0.26226066 0.27398425 0.34405720 0.26749440 0.31892156 0.33798967 0.29715053 0.26666107 0.29127303 0.28196911
0.26226066 0.27398425 0.34405720 0.26749440 0.31892156 0.33798967 0.29715053 0.26666107 0.29127303 0.28196911
0.26226066 0.27398425 0.34405720 0.26749440 0.31892156 0.33798967 0.29715053 0.26666107 0.29127303 0.28196911
0.26226066 0.27398425 0.34405720 0.26749440 0.31892156 0.33798967 0.29715053 0.26666107 0.29127303 0.28196911
0.26226066 0.27398425 0.34405720 0.26749440 0.31892156 0.33798967 0.29715053 0.26666107 0.29127303 0.28196911
0.26226066 0.27398425 0.34405720 0.26749440 0.31892156 0.33798967 0.29715053 0.26666107 0.29127303 0.28196911
0.26226066 0.27398425 0.34405720 0.26749440 0.31892156 0.33798967 0.29715053 0.26666107 0.29127303 0.28196911
0.26226066 0.27398425 0.34405720 0.26749440 0.31892156 0.33798967 0.29715053 0.26666107 0.29127303 0.28196911
0.26226066 0.27398425 0.34405720 0.26749440 0.31892156 0.33798967 0.29715053 0.26666107 0.29127303 0.28196911
0.26226066 0.27398425 0.34405720 0.26749440 0.31892156 0.33798967 0.29715053 0.26666107 0.29127303 0.28196911
0.26226066 0.27398425 0.34405720 0.26749440 0.31892156 0.33798967 0.29715053 0.26666107 0.29127303 0.28196911
0.26226066 0.27398425 0.34405720 0.26749440 0.31892156 0.33798967 0.29715053 0.26666107 0.29127303 0.28196911
0.26226066 0.27398425 0.34405720 0.26749440 0.31892156 0.33798967 0.29715053 0.26666107 0.29127303 0.28196911
0.26226066 0.27398425 0.34405720 0.26749440 0.31892156 0.33798967 0.29715053 0.26666107 0.29127303 0.28196911
0.26226066 0.27398425 0.34405720 0.26749440 0.31892156 0.33798967 0.29715053 0.26666107 0.29127303 0.28196911
0.26226066 0.27398425 0.34405720 0.26749440 0.31892156 0.33798967 0.29715053 0.26666107 0.29127303 0.28196911
0.26226066 0.27398425 0.34405720 0.26749440 0.31892156 0.33798967 0.29715053 0.26666107 0.29127303 0.28196911
0.26226066 0.27398425 0.34405720 0.26749440 0.31892156 0.33798967 0.29715053 0.26666107 0.29127303 0.28196911
0.26226066 0.27398425 0.34405720 0.26749440 0.31892156 0.33798967 0.29715053 0.26666107 0.29127303 0.28196911
0.26226066 0.27398425 0.34405720 0.26749440 0.31892156 0.33798967 0.29715053 0.26666107 0.29127303 0.28196911
0.26226066 0.27398425 0.34405720 0.26749440 0.31892156 0.33798967 0.29715053 0.26666107 0.29127303 0.28196911
0.26226066 0.27398425 0.34405720 0.26749440 0.31892156 0.33798967 0.29715053 0.26666107 0.29127303 0.28196911
0.26226066 0.27398425 0.34405720 0.26749440 0.31892156 0.33798967 0.29715053 0.26666107 0.29127303 0.28196911
0.26226066 0.27398425 0.34405720 0.26749440 0.31892156 0.33798967 0.29715053 0.26666107 0.29127303 0.28196911
0.26226066 0.27398425 0.34405720 0.26749440 0.31892156 0.33798967 0.29715053 0.26666107 0.29127303 0.28196911
0.26226066 0.27398425 0.34405720 0.26749440 0.31892156 0.33798967 0.29715053 0.26666107 0.29127303 0.28196911
0.26226066 0.27398425 0.34405720 0.26749440 0.31892156 0.33798967 0.29715053 0.26666107 0.29127303 0.28196911
0.26226066 0.27398425 0.34405720 0.26749440 0.31892156 0.33798967 0.29715053 0.26666107 0.29127303 0.28196911
0.26226066 0.27398425 0.34405720 0.26749440 0.31892156 0.33798967 0.29715053 0.26666107 0.29127303 0.28196911
0.26226066 0.27398425 0.34405720 0.26749440 0.31892156 0.33798967 0.29715053 0.26666107 0.29127303 0.28196911
0.26226066 0.27398425 0.34405720 0.26749440 0.31892156 0.33798967 0.29715053 0.26666107 0.29127303 0.28196911
0.26226066 0.27398425 0.34405720 0.26749440 0.31892156 0.33798967 0.29715053 0.26666107 0.29127303 0.28196911
0.26226066 0.27398425 0.34405720 0.26749440 0.31892156 0.33798967 0.29715053 0.26666107 0.29127303 0.28196911
0.26226066 0.27398425 0.34405720 0.26749440 0.31892156 0.33798967 0.29715053 0.26666107 0.29127303 0.28196911
0.25923582 0.27668041 0.34288415 0.26459631 0.31701663 0.33922480 0.29883754 0.26538080 0.29236176 0.27927027
0.25923582 0.27668041 0.34288415 0.26459631 0.31701663 0.33922480 0.29883754 0.26538080 0.29236176 0.27927027
0.25923582 0.27668041 0.34288415 0.26459631 0.31701663 0.33922480 0.29883754 0.26538080 0.29236176 0.27927027
0.25923582 0.27668041 0.34288415 0.26459631 0.31701663 0.33922480 0.29883754 0.26538080 0.29236176 0.27927027
0.25923582 0.27668041 0.34288415 0.26459631 0.31701663 0.33922480 0.29883754 0.26538080 0.29236176 0.27927027
0.25923582 0.27668041 0.34288415 0.26459631 0.31701663 0.33922480 0.29883754 0.26538080 0.29236176 0.27927027
0.25923582 0.27668041 0.34288415 0.26459631 0.31701663 0.33922480 0.29883754 0.26538080 0.29236176 0.27927027
0.25748992 0.27452802 0.34544409 0.26237272 0.32338735 0.34296098 0.29739092 0.26558160 0.29740525 0.27092288
0.25748992 0.27452802 0.34544409 0.26237272 0.32338735 0.34296098 0.29739092 0.26558160 0.29740525 0.27092288
0.25748992 0.27452802 0.34544409 0.26237272 0.32338735 0.34296098 0.29739092 0.26558160 0.29740525 0.27092288
0.25530113 0.27679723 0.32505624 0.26071950 0.31775616 0.34464682 0.30032497 0.26695628 0.29236440 0.26965376
0.25530113 0.27679723 0.32505624 0.26071950 0.31775616 0.34464682 0.30032497 0.26695628 0.29236440 0.26965376
0.25530113 0.27679723 0.32505624 0.26071950 0.31775616 0.34464682 0.30032497 0.26695628 0.29236440 0.26965376
0.25530113 0.27679723 0.32505624 0.26071950 0.31775616 0.34464682 0.30032497 0.26695628 0.29236440 0.26965376
0.25530113 0.27679723 0.32505624 0.26071950 0.31775616 0.34464682 0.30032497 0.26695628 0.29236440 0.26965376
0.25530113 0.27679723 0.32505624 0.26071950 0.31775616 0.34464682 0.30032497 0.26695628 0.29236440 0.26965376
0.25518197 0.28637585 0.32338892 0.26027355 0.31582328 0.34968102 0.29935142 0.26467157 0.28863458 0.27252860
0.25518197 0.28637585 0.32338892 0.26027355 0.31582328 0.34968102 0.29935142 0.26467157 0.28863458 0.27252860
0.25518197 0.28637585 0.32338892 0.26027355 0.31582328 0.34968102 0.29935142 0.26467157 0.28863458 0.27252860
0.25518197 0.28637585 0.32338892 0.26027355 0.31582328 0.34968102 0.29935142 0.26467157 0.28863458 0.27252860
0.25518197 0.28637585 0.32338892 0.26027355 0.31582328 0.34968102 0.29935142 0.26467157 0.28863458 0.27252860
0.25518197 0.28637585 0.32338892 0.26027355 0.31582328 0.34968102 0.29935142 0.26467157 0.28863458 0.27252860
0.25518197 0.28637585 0.32338892 0.26027355 0.31582328 0.34968102 0.29935142 0.26467157 0.28863458 0.27252860
0.25518197 0.28637585 0.32338892 0.26027355 0.31582328 0.34968102 0.29935142 0.26467157 0.28863458 0.27252860
0.25518197 0.28637585 0.32338892 0.26027355 0.31582328 0.34968102 0.29935142 0.26467157 0.28863458 0.27252860
0.25518197 0.28637585 0.32338892 0.26027355 0.31582328 0.34968102 0.29935142 0.26467157 0.28863458 0.27252860
0.25518197 0.28637585 0.32338892 0.26027355 0.31582328 0.34968102 0.29935142 0.26467157 0.28863458 0.27252860
0.25518197 0.28637585 0.32338892 0.26027355 0.31582328 0.34968102 0.29935142 0.26467157 0.28863458 0.27252860
0.25518197 0.28637585 0.32338892 0.26027355 0.31582328 0.34968102 0.29935142 0.26467157 0.28863458 0.27252860
0.25518197 0.28637585 0.32338892 0.26027355 0.31582328 0.34968102 0.29935142 0.26467157 0.28863458 0.27252860
0.25518197 0.28637585 0.32338892 0.26027355 0.31582328 0.34968102 0.29935142 0.26467157 0.28863458 0.27252860
0.25518197 0.28637585 0.32338892 0.26027355 0.31582328 0.34968102 0.29935142 0.26467157 0.28863458 0.27252860
0.25476318 0.28538698 0.31940270 0.25889969 0.31248829 0.35213779 0.30045097 0.26556162 0.29530129 0.27486123
0.25476318 0.28538698 0.31940270 0.25889969 0.31248829 0.35213779 0.30045097 0.26556162 0.29530129 0.27486123
0.25476318 0.28538698 0.31940270 0.25889969 0.31248829 0.35213779 0.30045097 0.26556162 0.29530129 0.27486123
0.25476318 0.28538698 0.31940270 0.25889969 0.31248829 0.35213779 0.30045097 0.26556162 0.29530129 0.27486123
0.25476318 0.28538698 0.31940270 0.25889969 0.31248829 0.35213779 0.30045097 0.26556162 0.29530129 0.27486123
0.25476318 0.28538698 0.31940270 0.25889969 0.31248829 0.35213779 0.30045097 0.26556162 0.29530129 0.27486123
0.25476318 0.28538698 0.31940270 0.25889969 0.31248829 0.35213779 0.30045097 0.26556162 0.29530129 0.27486123
0.25476318 0.28538698 0.31940270 0.25889969 0.31248829 0.35213779 0.30045097 0.26556162 0.29530129 0.27486123
0.25476318 0.28538698 0.31940270 0.25889969 0.31248829 0.35213779 0.30045097 0.26556162 0.29530129 0.27486123
0.25476318 0.28538698 0.31940270 0.25889969 0.31248829 0.35213779 0.30045097 0.26556162 0.29530129 0.27486123
0.25476318 0.28538698 0.31940270 0.25889969 0.31248829 0.35213779 0.30045097 0.26556162 0.29530129 0.27486123
0.25476318 0.28538698 0.31940270 0.25889969 0.31248829 0.35213779 0.30045097 0.26556162 0.29530129 0.27486123
0.25476318 0.28538698 0.31940270 0.25889969 0.31248829 0.35213779 0.30045097 0.26556162 0.29530129 0.27486123
0.25476318 0.28538698 0.31940270 0.25889969 0.31248829 0.35213779 0.30045097 0.26556162 0.29530129 0.27486123
0.25476318 0.28538698 0.31940270 0.25889969 0.31248829 0.35213779 0.30045097 0.26556162 0.29530129 0.27486123
0.25476318 0.28538698 0.31940270 0.25889969 0.31248829 0.35213779 0.30045097 0.26556162 0.29530129 0.27486123
0.25476318 0.28538698 0.31940270 0.25889969 0.31248829 0.35213779 0.30045097 0.26556162 0.29530129 0.27486123
0.25465842 0.28097054 0.30959366 0.25981597 0.31384219 0.35912765 0.29433866 0.26698421 0.29429631 0.27327137
0.25465842 0.28097054 0.30959366 0.25981597 0.31384219 0.35912765 0.29433866 0.26698421 0.29429631 0.27327137
0.25465842 0.28097054 0.30959366 0.25981597 0.31384219 0.35912765 0.29433866 0.26698421 0.29429631 0.27327137
0.25465842 0.28097054 0.30959366 0.25981597 0.31384219 0.35912765 0.29433866 0.26698421 0.29429631 0.27327137
0.25465842 0.28097054 0.30959366 0.25981597 0.31384219 0.35912765 0.29433866 0.26698421 0.29429631 0.27327137
0.25465842 0.28097054 0.30959366 0.25981597 0.31384219 0.35912765 0.29433866 0.26698421 0.29429631 0.27327137
0.25465842 0.28097054 0.30959366 0.25981597 0.31384219 0.35912765 0.29433866 0.26698421 0.29429631 0.27327137
0.25508110 0.27879285 0.30357048 0.25998496 0.31539378 0.35735975 0.29967645 0.26379795 0.29091814 0.27588217
0.25508110 0.27879285 0.30357048 0.25998496 0.31539378 0.35735975 0.29967645 0.26379795 0.29091814 0.27588217
0.25508110 0.27879285 0.30357048 0.25998496 0.31539378 0.35735975 0.29967645 0.26379795 0.29091814 0.27588217
0.25508110 0.27879285 0.30357048 0.25998496 0.31539378 0.35735975 0.29967645 0.26379795 0.29091814 0.27588217
0.25508110 0.27879285 0.30357048 0.25998496 0.31539378 0.35735975 0.29967645 0.26379795 0.29091814 0.27588217
0.25508110 0.27879285 0.30357048 0.25998496 0.31539378 0.35735975 0.29967645 0.26379795 0.29091814 0.27588217
0.25508110 0.27879285 0.30357048 0.25998496 0.31539378 0.35735975 0.29967645 0.26379795 0.29091814 0.27588217
0.25508110 0.27879285 0.30357048 0.25998496 0.31539378 0.35735975 0.29967645 0.26379795 0.29091814 0.27588217
0.25508110 0.27879285 0.30357048 0.25998496 0.31539378 0.35735975 0.29967645 0.26379795 0.29091814 0.27588217
0.25508110 0.27879285 0.30357048 0.25998496 0.31539378 0.35735975 0.29967645 0.26379795 0.29091814 0.27588217
0.25508110 0.27879285 0.30357048 0.25998496 0.31539378 0.35735975 0.29967645 0.26379795 0.29091814 0.27588217
0.25508110 0.27879285 0.30357048 0.25998496 0.31539378 0.35735975 0.29967645 0.26379795 0.29091814 0.27588217
0.25508110 0.27879285 0.30357048 0.25998496 0.31539378 0.35735975 0.29967645 0.26379795 0.29091814 0.27588217
0.25508110 0.27879285 0.30357048 0.25998496 0.31539378 0.35735975 0.29967645 0.26379795 0.29091814 0.27588217
0.25508110 0.27879285 0.30357048 0.25998496 0.31539378 0.35735975 0.29967645 0.26379795 0.29091814 0.27588217
0.25508110 0.27879285 0.30357048 0.25998496 0.31539378 0.35735975 0.29967645 0.26379795 0.29091814 0.27588217
0.25508110 0.27879285 0.30357048 0.25998496 0.31539378 0.35735975 0.29967645 0.26379795 0.29091814 0.27588217
0.25508110 0.27879285 0.30357048 0.25998496 0.31539378 0.35735975 0.29967645 0.26379795 0.29091814 0.27588217
0.25508110 0.27879285 0.30357048 0.25998496 0.31539378 0.35735975 0.29967645 0.26379795 0.29091814 0.27588217
0.25508110 0.27879285 0.30357048 0.25998496 0.31539378 0.35735975 0.29967645 0.26379795 0.29091814 0.27588217
0.25508110 0.27879285 0.30357048 0.25998496 0.31539378 0.35735975 0.29967645 0.26379795 0.29091814 0.27588217
0.25508110 0.27879285 0.30357048 0.25998496 0.31539378 0.35735975 0.29967645 0.26379795 0.29091814 0.27588217
0.25508110 0.27879285 0.30357048 0.25998496 0.31539378 0.35735975 0.29967645 0.26379795 0.29091814 0.27588217
0.25508110 0.27879285 0.30357048 0.25998496 0.31539378 0.35735975 0.29967645 0.26379795 0.29091814 0.27588217
0.25508110 0.27879285 0.30357048 0.25998496 0.31539378 0.35735975 0.29967645 0.26379795 0.29091814 0.27588217
0.25508110 0.27879285 0.30357048 0.25998496 0.31539378 0.35735975 0.29967645 0.26379795 0.29091814 0.27588217
0.25508110 0.27879285 0.30357048 0.25998496 0.31539378 0.35735975 0.29967645 0.26379795 0.29091814 0.27588217
0.25623312 0.28524608 0.30935524 0.25964455 0.31637874 0.36474312 0.29532709 0.26352861 0.28614488 0.28164626
0.25623312 0.28524608 0.30935524 0.25964455 0.31637874 0.36474312 0.29532709 0.26352861 0.28614488 0.28164626
0.25623312 0.28524608 0.30935524 0.25964455 0.31637874 0.36474312 0.29532709 0.26352861 0.28614488 0.28164626
0.25623312 0.28524608 0.30935524 0.25964455 0.31637874 0.36474312 0.29532709 0.26352861 0.28614488 0.28164626
0.25623312 0.28524608 0.30935524 0.25964455 0.31637874 0.36474312 0.29532709 0.26352861 0.28614488 0.28164626
0.25623312 0.28524608 0.30935524 0.25964455 0.31637874 0.36474312 0.29532709 0.26352861 0.28614488 0.28164626
0.25623312 0.28524608 0.30935524 0.25964455 0.31637874 0.36474312 0.29532709 0.26352861 0.28614488 0.28164626
0.25623312 0.28524608 0.30935524 0.25964455 0.31637874 0.36474312 0.29532709 0.26352861 0.28614488 0.28164626
0.25623312 0.28524608 0.30935524 0.25964455 0.31637874 0.36474312 0.29532709 0.26352861 0.28614488 0.28164626
0.25623312 0.28524608 0.30935524 0.25964455 0.31637874 0.36474312 0.29532709 0.26352861 0.28614488 0.28164626
0.25623312 0.28524608 0.30935524 0.25964455 0.31637874 0.36474312 0.29532709 0.26352861 0.28614488 0.28164626
0.25623312 0.28524608 0.30935524 0.25964455 0.31637874 0.36474312 0.29532709 0.26352861 0.28614488 0.28164626
0.25623312 0.28524608 0.30935524 0.25964455 0.31637874 0.36474312 0.29532709 0.26352861 0.28614488 0.28164626
0.25623312 0.28524608 0.30935524 0.25964455 0.31637874 0.36474312 0.29532709 0.26352861 0.28614488 0.28164626
0.25623312 0.28524608 0.30935524 0.25964455 0.31637874 0.36474312 0.29532709 0.26352861 0.28614488 0.28164626
0.25623312 0.28524608 0.30935524 0.25964455 0.31637874 0.36474312 0.29532709 0.26352861 0.28614488 0.28164626
0.25623312 0.28524608 0.30935524 0.25964455 0.31637874 0.36474312 0.29532709 0.26352861 0.28614488 0.28164626
0.25623312 0.28524608 0.30935524 0.25964455 0.31637874 0.36474312 0.29532709 0.26352861 0.28614488 0.28164626
0.25623312 0.28524608 0.30935524 0.25964455 0.31637874 0.36474312 0.29532709 0.26352861 0.28614488 0.28164626
0.25623312 0.28524608 0.30935524 0.25964455 0.31637874 0.36474312 0.29532709 0.26352861 0.28614488 0.28164626
0.25623312 0.28524608 0.30935524 0.25964455 0.31637874 0.36474312 0.29532709 0.26352861 0.28614488 0.28164626
0.25623312 0.28524608 0.30935524 0.25964455 0.31637874 0.36474312 0.29532709 0.26352861 0.28614488 0.28164626
0.25623312 0.28524608 0.30935524 0.25964455 0.31637874 0.36474312 0.29532709 0.26352861 0.28614488 0.28164626
0.25623312 0.28524608 0.30935524 0.25964455 0.31637874 0.36474312 0.29532709 0.26352861 0.28614488 0.28164626
0.25623312 0.28524608 0.30935524 0.25964455 0.31637874 0.36474312 0.29532709 0.26352861 0.28614488 0.28164626
0.25623312 0.28524608 0.30935524 0.25964455 0.31637874 0.36474312 0.29532709 0.26352861 0.28614488 0.28164626
0.25623312 0.28524608 0.30935524 0.25964455 0.31637874 0.36474312 0.29532709 0.26352861 0.28614488 0.28164626
0.25623312 0.28524608 0.30935524 0.25964455 0.31637874 0.36474312 0.29532709 0.26352861 0.28614488 0.28164626
0.25623312 0.28524608 0.30935524 0.25964455 0.31637874 0.36474312 0.29532709 0.26352861 0.28614488 0.28164626
0.25623312 0.28524608 0.30935524 0.25964455 0.31637874 0.36474312 0.29532709 0.26352861 0.28614488 0.28164626
0.25623312 0.28524608 0.30935524 0.25964455 0.31637874 0.36474312 0.29532709 0.26352861 0.28614488 0.28164626
0.25623312 0.28524608 0.30935524 0.25964455 0.31637874 0.36474312 0.29532709 0.26352861 0.28614488 0.28164626
0.25623312 0.28524608 0.30935524 0.25964455 0.31637874 0.36474312 0.29532709 0.26352861 0.28614488 0.28164626
0.25623312 0.28524608 0.30935524 0.25964455 0.31637874 0.36474312 0.29532709 0.26352861 0.28614488 0.28164626
0.25623312 0.28524608 0.30935524 0.25964455 0.31637874 0.36474312 0.29532709 0.26352861 0.28614488 0.28164626
0.25623312 0.28524608 0.30935524 0.25964455 0.31637874 0.36474312 0.29532709 0.26352861 0.28614488 0.28164626
0.25623312 0.28524608 0.30935524 0.25964455 0.31637874 0.36474312 0.29532709 0.26352861 0.28614488 0.28164626
0.25623312 0.28524608 0.30935524 0.25964455 0.31637874 0.36474312 0.29532709 0.26352861 0.28614488 0.28164626
0.25623312 0.28524608 0.30935524 0.25964455 0.31637874 0.36474312 0.29532709 0.26352861 0.28614488 0.28164626
